034Timaru
Based on data from  1-Jul-2011
Local Std Time, tidal heights in metres.
 1  We        120 0133  0.8 0752  2.2 1404  0.9 2020  2.1
 2  Th        120 0220  0.8 0842  2.1 1455  0.9 2109  2.0
 3  Fr        120 0310  0.9 0931  2.1 1546  0.9 2157  2.0
 4  Sa        120 0402  0.9 1020  2.1 1635  0.9 2244  2.1
 5  Su        120 0454  0.9 1108  2.1 1722  0.9 2330  2.1
 6  Mo        120 0544  0.9 1154  2.1 1805  0.8 9999  9.9
 7  Tu        120 0016  2.1 0630  0.8 1239  2.1 1847  0.8
 8  We        120 0102  2.2 0715  0.8 1323  2.2 1929  0.7
 9  Th        120 0149  2.3 0800  0.7 1407  2.2 2013  0.7
10  Fr        120 0234  2.3 0845  0.7 1451  2.3 2059  0.6
11  Sa        120 0321  2.4 0932  0.6 1537  2.3 2149  0.5
12  Su        120 0408  2.5 1021  0.6 1626  2.4 2241  0.5
13  Mo        120 0457  2.5 1112  0.6 1718  2.4 2334  0.5
14  Tu        120 0550  2.5 1206  0.6 1814  2.4 9999  9.9
15  We        120 0029  0.5 0645  2.5 1301  0.6 1913  2.4
16  Th        120 0125  0.5 0744  2.4 1359  0.6 2014  2.3
17  Fr        120 0223  0.6 0845  2.4 1459  0.6 2115  2.3
18  Sa        120 0325  0.6 0947  2.3 1600  0.6 2215  2.3
19  Su        120 0428  0.6 1047  2.3 1700  0.6 2314  2.3
20  Mo        120 0531  0.6 1145  2.3 1756  0.6 9999  9.9
21  Tu        120 0012  2.4 0628  0.6 1241  2.3 1848  0.6
22  We        120 0109  2.4 0722  0.6 1333  2.3 1938  0.6
23  Th        120 0202  2.4 0811  0.6 1421  2.3 2026  0.6
24  Fr        120 0251  2.4 0858  0.6 1507  2.3 2113  0.6
25  Sa        120 0336  2.4 0943  0.7 1550  2.3 2159  0.6
26  Su        120 0419  2.4 1027  0.7 1633  2.2 2244  0.7
27  Mo        120 0500  2.3 1110  0.7 1716  2.2 2328  0.7
28  Tu        120 0541  2.3 1152  0.8 1800  2.1 9999  9.9
29  We        120 0011  0.8 0623  2.2 1236  0.8 1846  2.1
30  Th        120 0053  0.8 0707  2.1 1321  0.9 1934  2.1
31  Fr        120 0138  0.9 0755  2.1 1408  0.9 2023  2.0
 1  Sa        220 0225  0.9 0846  2.0 1458  0.9 2112  2.0
 2  Su        220 0317  0.9 0937  2.0 1550  0.9 2201  2.0
 3  Mo        220 0413  0.9 1028  2.0 1641  0.9 2250  2.1
 4  Tu        220 0508  0.9 1117  2.0 1729  0.9 2340  2.1
 5  We        220 0559  0.9 1205  2.1 1814  0.8 9999  9.9
 6  Th        220 0030  2.2 0646  0.8 1252  2.2 1900  0.7
 7  Fr        220 0119  2.3 0732  0.7 1338  2.3 1946  0.6
 8  Sa        220 0208  2.4 0819  0.6 1425  2.3 2035  0.5
 9  Su        220 0256  2.5 0906  0.5 1514  2.4 2126  0.4
10  Mo        220 0345  2.6 0956  0.5 1604  2.5 2218  0.4
11  Tu        220 0434  2.6 1048  0.5 1656  2.5 2313  0.4
12  We        220 0527  2.6 1142  0.5 1752  2.5 9999  9.9
13  Th        220 0008  0.4 0622  2.5 1238  0.5 1851  2.4
14  Fr        220 0104  0.5 0722  2.4 1336  0.6 1953  2.4
15  Sa        220 0204  0.5 0825  2.4 1437  0.6 2056  2.4
16  Su        220 0307  0.6 0929  2.3 1540  0.7 2158  2.3
17  Mo        220 0414  0.7 1032  2.3 1642  0.7 2300  2.3
18  Tu        220 0518  0.7 1131  2.2 1740  0.7 9999  9.9
19  We        220 0000  2.3 0616  0.7 1227  2.2 1833  0.7
20  Th        220 0056  2.3 0708  0.7 1317  2.2 1922  0.7
21  Fr        220 0147  2.3 0754  0.7 1404  2.2 2008  0.6
22  Sa        220 0232  2.3 0836  0.7 1446  2.2 2051  0.7
23  Su        220 0313  2.3 0917  0.7 1526  2.2 2133  0.7
24  Mo        220 0351  2.3 0956  0.7 1605  2.2 2214  0.7
25  Tu        220 0428  2.3 1035  0.8 1643  2.2 2255  0.7
26  We        220 0504  2.2 1115  0.8 1723  2.1 2335  0.8
27  Th        220 0542  2.2 1156  0.8 1804  2.1 9999  9.9
28  Fr        220 0016  0.8 0624  2.1 1239  0.9 1849  2.1
29  Sa        220 0059  0.9 0710  2.0 1324  0.9 1938  2.0
 1  Su        320 0146  0.9 0801  2.0 1413  1.0 2029  2.0
 2  Mo        320 0237  1.0 0856  2.0 1506  1.0 2121  2.0
 3  Tu        320 0335  1.0 0951  2.0 1600  0.9 2213  2.1
 4  We        320 0433  0.9 1043  2.0 1653  0.9 2306  2.1
 5  Th        320 0528  0.9 1133  2.1 1743  0.8 2359  2.2
 6  Fr        320 0618  0.8 1222  2.2 1832  0.7 9999  9.9
 7  Sa        320 0051  2.3 0705  0.6 1311  2.3 1921  0.5
 8  Su        320 0141  2.4 0752  0.5 1400  2.4 2011  0.4
 9  Mo        320 0231  2.5 0840  0.5 1450  2.5 2103  0.4
10  Tu        320 0321  2.6 0930  0.4 1541  2.6 2156  0.3
11  We        320 0411  2.6 1022  0.4 1634  2.6 2251  0.3
12  Th        320 0503  2.6 1117  0.4 1730  2.6 2347  0.4
13  Fr        320 0559  2.5 1214  0.5 1829  2.5 9999  9.9
14  Sa        320 0044  0.5 0659  2.4 1313  0.6 1932  2.4
15  Su        320 0145  0.6 0804  2.3 1415  0.6 2036  2.4
16  Mo        320 0249  0.7 0911  2.2 1519  0.7 2140  2.3
17  Tu        320 0356  0.7 1014  2.2 1622  0.7 2242  2.3
18  We        320 0501  0.7 1113  2.2 1721  0.7 2341  2.3
19  Th        320 0558  0.7 1207  2.2 1813  0.7 9999  9.9
20  Fr        320 0035  2.3 0647  0.7 1256  2.2 1900  0.7
21  Sa        320 0123  2.3 0729  0.7 1339  2.2 1944  0.7
22  Su        320 0206  2.3 0808  0.7 1420  2.2 2024  0.7
23  Mo        320 0244  2.3 0846  0.7 1458  2.2 2104  0.7
24  Tu        320 0320  2.3 0922  0.7 1534  2.2 2143  0.7
25  We        320 0354  2.2 1000  0.8 1611  2.2 2222  0.8
26  Th        320 0429  2.2 1038  0.8 1648  2.2 2302  0.8
27  Fr        320 0505  2.1 1118  0.8 1728  2.1 2343  0.8
28  Sa        320 0545  2.1 1201  0.9 1811  2.1 9999  9.9
29  Su        320 0026  0.9 0630  2.0 1246  0.9 1859  2.1
30  Mo        320 0112  0.9 0722  2.0 1335  0.9 1951  2.0
31  Tu        320 0204  0.9 0820  2.0 1428  0.9 2046  2.1
 1  We        420 0302  0.9 0917  2.0 1524  0.9 2141  2.1
 2  Th        420 0402  0.9 1012  2.0 1620  0.8 2236  2.2
 3  Fr        420 0458  0.8 1104  2.1 1714  0.7 2330  2.3
 4  Sa        420 0550  0.7 1154  2.2 1806  0.6 9999  9.9
 5  Su        420 0023  2.4 0639  0.6 1245  2.4 1857  0.5
 6  Mo        420 0115  2.5 0727  0.5 1336  2.5 1949  0.4
 7  Tu        420 0207  2.6 0815  0.4 1428  2.6 2041  0.3
 8  We        420 0257  2.6 0905  0.4 1520  2.6 2135  0.3
 9  Th        420 0348  2.6 0958  0.4 1614  2.6 2230  0.3
10  Fr        420 0441  2.6 1054  0.4 1710  2.6 2327  0.4
11  Sa        420 0537  2.5 1151  0.5 1808  2.5 9999  9.9
12  Su        420 0025  0.5 0637  2.4 1250  0.6 1910  2.4
13  Mo        420 0125  0.6 0742  2.3 1351  0.6 2014  2.3
14  Tu        420 0228  0.7 0848  2.2 1453  0.7 2117  2.3
15  We        420 0333  0.8 0951  2.2 1555  0.7 2217  2.3
16  Th        420 0435  0.8 1048  2.2 1653  0.8 2313  2.2
17  Fr        420 0530  0.8 1139  2.2 1745  0.8 9999  9.9
18  Sa        420 0004  2.2 0617  0.8 1225  2.2 1831  0.8
19  Su        420 0050  2.2 0658  0.7 1308  2.2 1914  0.8
20  Mo        420 0132  2.2 0736  0.7 1348  2.2 1954  0.7
21  Tu        420 0210  2.2 0812  0.7 1426  2.2 2032  0.8
22  We        420 0246  2.2 0848  0.7 1503  2.2 2111  0.8
23  Th        420 0321  2.2 0925  0.8 1540  2.2 2150  0.8
24  Fr        420 0356  2.2 1003  0.8 1618  2.2 2231  0.8
25  Sa        420 0433  2.1 1044  0.8 1657  2.2 2313  0.8
26  Su        420 0513  2.1 1128  0.9 1740  2.1 2358  0.9
27  Mo        420 0559  2.0 1215  0.9 1828  2.1 9999  9.9
28  Tu        420 0046  0.9 0651  2.0 1305  0.9 1921  2.1
29  We        420 0138  0.9 0750  2.0 1357  0.9 2016  2.1
30  Th        420 0234  0.9 0848  2.0 1453  0.8 2113  2.2
 1  Fr        520 0333  0.8 0944  2.1 1551  0.8 2209  2.2
 2  Sa        520 0430  0.8 1037  2.2 1647  0.7 2304  2.3
 3  Su        520 0524  0.7 1129  2.3 1742  0.6 2358  2.4
 4  Mo        520 0614  0.6 1222  2.4 1836  0.5 9999  9.9
 5  Tu        520 0052  2.5 0703  0.5 1315  2.5 1929  0.4
 6  We        520 0144  2.5 0752  0.4 1408  2.6 2022  0.4
 7  Th        520 0236  2.5 0843  0.4 1502  2.6 2116  0.4
 8  Fr        520 0328  2.5 0937  0.4 1556  2.6 2211  0.4
 9  Sa        520 0421  2.5 1032  0.4 1651  2.6 2308  0.5
10  Su        520 0516  2.4 1129  0.5 1748  2.5 9999  9.9
11  Mo        520 0005  0.6 0614  2.3 1227  0.6 1847  2.4
12  Tu        520 0102  0.6 0717  2.2 1325  0.7 1947  2.3
13  We        520 0201  0.7 0820  2.2 1423  0.7 2047  2.3
14  Th        520 0301  0.8 0920  2.1 1521  0.8 2143  2.2
15  Fr        520 0400  0.8 1013  2.1 1616  0.8 2236  2.2
16  Sa        520 0453  0.8 1103  2.1 1708  0.8 2325  2.2
17  Su        520 0540  0.8 1148  2.1 1756  0.8 9999  9.9
18  Mo        520 0011  2.2 0622  0.8 1232  2.2 1839  0.8
19  Tu        520 0054  2.2 0700  0.8 1313  2.2 1921  0.8
20  We        520 0134  2.2 0737  0.8 1353  2.2 2001  0.8
21  Th        520 0212  2.2 0814  0.8 1432  2.2 2041  0.8
22  Fr        520 0249  2.2 0852  0.8 1511  2.2 2121  0.8
23  Sa        520 0327  2.1 0932  0.8 1551  2.2 2203  0.8
24  Su        520 0405  2.1 1015  0.8 1632  2.2 2247  0.8
25  Mo        520 0447  2.1 1101  0.8 1716  2.2 2334  0.8
26  Tu        520 0534  2.1 1149  0.8 1803  2.2 9999  9.9
27  We        520 0022  0.8 0626  2.1 1240  0.8 1856  2.2
28  Th        520 0114  0.8 0724  2.1 1333  0.8 1951  2.2
29  Fr        520 0209  0.8 0822  2.1 1428  0.8 2048  2.3
30  Sa        520 0306  0.8 0919  2.2 1525  0.7 2145  2.3
31  Su        520 0404  0.7 1014  2.2 1624  0.7 2241  2.3
 1  Mo        620 0459  0.6 1107  2.3 1722  0.6 2337  2.4
 2  Tu        620 0552  0.6 1202  2.4 1818  0.5 9999  9.9
 3  We        620 0032  2.4 0643  0.5 1257  2.5 1912  0.5
 4  Th        620 0126  2.4 0733  0.4 1352  2.5 2006  0.5
 5  Fr        620 0218  2.5 0825  0.4 1447  2.6 2100  0.5
 6  Sa        620 0310  2.4 0918  0.4 1541  2.6 2154  0.5
 7  Su        620 0402  2.4 1013  0.5 1634  2.5 2249  0.5
 8  Mo        620 0455  2.3 1108  0.5 1727  2.5 2342  0.6
 9  Tu        620 0550  2.3 1203  0.6 1821  2.4 9999  9.9
10  We        620 0036  0.7 0647  2.2 1256  0.7 1915  2.3
11  Th        620 0129  0.7 0745  2.1 1348  0.7 2009  2.2
12  Fr        620 0223  0.8 0841  2.1 1440  0.8 2102  2.2
13  Sa        620 0316  0.8 0932  2.1 1533  0.9 2153  2.1
14  Su        620 0409  0.8 1021  2.1 1625  0.9 2242  2.1
15  Mo        620 0457  0.8 1107  2.1 1715  0.9 2329  2.1
16  Tu        620 0542  0.8 1152  2.1 1803  0.9 9999  9.9
17  We        620 0014  2.1 0623  0.8 1236  2.1 1847  0.8
18  Th        620 0057  2.1 0703  0.8 1320  2.2 1930  0.8
19  Fr        620 0139  2.1 0742  0.8 1402  2.2 2012  0.8
20  Sa        620 0219  2.1 0822  0.7 1444  2.2 2054  0.8
21  Su        620 0259  2.2 0904  0.7 1525  2.3 2137  0.7
22  Mo        620 0340  2.2 0949  0.7 1608  2.3 2222  0.7
23  Tu        620 0424  2.2 1036  0.7 1653  2.3 2310  0.7
24  We        620 0511  2.2 1126  0.7 1741  2.4 2359  0.7
25  Th        620 0603  2.2 1217  0.7 1832  2.4 9999  9.9
26  Fr        620 0051  0.7 0700  2.2 1310  0.6 1927  2.3
27  Sa        620 0145  0.7 0758  2.2 1405  0.7 2025  2.3
28  Su        620 0242  0.7 0856  2.3 1504  0.7 2123  2.3
29  Mo        620 0340  0.7 0953  2.3 1604  0.6 2222  2.3
30  Tu        620 0438  0.6 1050  2.3 1705  0.6 2319  2.3
 1  We        720 0533  0.6 1147  2.4 1804  0.6 9999  9.9
 2  Th        720 0016  2.3 0627  0.5 1244  2.4 1900  0.6
 3  Fr        720 0111  2.4 0718  0.5 1341  2.5 1954  0.5
 4  Sa        720 0204  2.4 0810  0.5 1435  2.5 2046  0.5
 5  Su        720 0255  2.4 0902  0.5 1527  2.5 2138  0.6
 6  Mo        720 0345  2.3 0954  0.5 1616  2.5 2228  0.6
 7  Tu        720 0434  2.3 1045  0.6 1704  2.4 2317  0.6
 8  We        720 0524  2.2 1135  0.6 1751  2.4 9999  9.9
 9  Th        720 0005  0.7 0614  2.2 1224  0.7 1839  2.3
10  Fr        720 0053  0.8 0706  2.1 1311  0.8 1927  2.2
11  Sa        720 0141  0.8 0757  2.1 1358  0.8 2017  2.1
12  Su        720 0230  0.9 0848  2.1 1447  0.9 2107  2.1
13  Mo        720 0321  0.9 0936  2.1 1539  0.9 2157  2.1
14  Tu        720 0412  0.9 1024  2.1 1633  0.9 2247  2.1
15  We        720 0500  0.9 1112  2.1 1726  0.9 2335  2.1
16  Th        720 0546  0.8 1159  2.1 1815  0.9 9999  9.9
17  Fr        720 0021  2.1 0629  0.8 1246  2.2 1900  0.8
18  Sa        720 0106  2.1 0711  0.8 1331  2.2 1944  0.8
19  Su        720 0149  2.2 0753  0.7 1416  2.3 2027  0.7
20  Mo        720 0232  2.2 0837  0.7 1500  2.4 2111  0.7
21  Tu        720 0315  2.3 0924  0.6 1544  2.4 2157  0.6
22  We        720 0400  2.3 1013  0.6 1630  2.5 2244  0.6
23  Th        720 0449  2.3 1104  0.5 1718  2.5 2334  0.6
24  Fr        720 0541  2.3 1156  0.5 1809  2.5 9999  9.9
25  Sa        720 0027  0.6 0637  2.3 1249  0.5 1905  2.4
26  Su        720 0121  0.6 0736  2.3 1345  0.6 2004  2.4
27  Mo        720 0219  0.6 0836  2.3 1445  0.6 2105  2.3
28  Tu        720 0319  0.6 0936  2.3 1548  0.7 2206  2.3
29  We        720 0420  0.6 1036  2.3 1653  0.7 2307  2.3
30  Th        720 0519  0.6 1136  2.4 1755  0.7 9999  9.9
31  Fr        720 0005  2.3 0614  0.6 1235  2.4 1851  0.6
 1  Sa        820 0100  2.3 0706  0.6 1331  2.4 1943  0.6
 2  Su        820 0152  2.3 0757  0.6 1423  2.4 2032  0.6
 3  Mo        820 0241  2.3 0846  0.6 1511  2.4 2118  0.6
 4  Tu        820 0327  2.3 0934  0.6 1555  2.4 2204  0.6
 5  We        820 0411  2.3 1021  0.6 1637  2.4 2248  0.7
 6  Th        820 0455  2.2 1106  0.7 1719  2.3 2331  0.7
 7  Fr        820 0539  2.2 1150  0.7 1800  2.2 9999  9.9
 8  Sa        820 0015  0.8 0625  2.1 1233  0.8 1844  2.2
 9  Su        820 0059  0.8 0713  2.1 1318  0.8 1931  2.1
10  Mo        820 0146  0.9 0802  2.1 1405  0.9 2022  2.0
11  Tu        820 0235  0.9 0853  2.0 1456  0.9 2115  2.0
12  We        820 0327  0.9 0943  2.0 1553  1.0 2207  2.0
13  Th        820 0419  0.9 1033  2.1 1650  0.9 2258  2.0
14  Fr        820 0509  0.9 1123  2.1 1743  0.9 2347  2.1
15  Sa        820 0556  0.8 1212  2.2 1831  0.8 9999  9.9
16  Su        820 0034  2.1 0641  0.7 1301  2.3 1915  0.7
17  Mo        820 0119  2.2 0725  0.7 1347  2.4 1959  0.6
18  Tu        820 0204  2.3 0811  0.6 1433  2.5 2043  0.6
19  We        820 0250  2.4 0859  0.5 1519  2.5 2130  0.5
20  Th        820 0337  2.4 0949  0.4 1606  2.6 2218  0.5
21  Fr        820 0426  2.5 1041  0.4 1655  2.6 2310  0.5
22  Sa        820 0519  2.5 1135  0.4 1747  2.5 9999  9.9
23  Su        820 0003  0.5 0615  2.5 1230  0.5 1843  2.5
24  Mo        820 0059  0.5 0715  2.4 1327  0.5 1944  2.4
25  Tu        820 0158  0.6 0818  2.4 1429  0.6 2049  2.3
26  We        820 0301  0.6 0921  2.4 1535  0.7 2153  2.3
27  Th        820 0404  0.6 1024  2.3 1642  0.7 2255  2.2
28  Fr        820 0505  0.6 1125  2.3 1745  0.7 2354  2.2
29  Sa        820 0602  0.6 1224  2.4 1840  0.7 9999  9.9
30  Su        820 0048  2.3 0653  0.6 1318  2.4 1928  0.6
31  Mo        820 0137  2.3 0741  0.6 1406  2.4 2013  0.6
 1  Tu        920 0223  2.3 0827  0.6 1450  2.4 2055  0.6
 2  We        920 0305  2.3 0911  0.6 1530  2.4 2136  0.7
 3  Th        920 0346  2.3 0954  0.6 1608  2.3 2216  0.7
 4  Fr        920 0426  2.2 1036  0.7 1646  2.3 2257  0.7
 5  Sa        920 0506  2.2 1117  0.7 1724  2.2 2338  0.8
 6  Su        920 0548  2.1 1159  0.8 1804  2.1 9999  9.9
 7  Mo        920 0020  0.8 0633  2.1 1242  0.9 1849  2.1
 8  Tu        920 0106  0.9 0721  2.1 1328  0.9 1940  2.0
 9  We        920 0154  0.9 0812  2.0 1419  1.0 2036  2.0
10  Th        920 0246  0.9 0905  2.0 1516  1.0 2132  2.0
11  Fr        920 0340  0.9 0957  2.1 1616  1.0 2225  2.0
12  Sa        920 0433  0.9 1049  2.1 1711  0.9 2314  2.1
13  Su        920 0523  0.8 1140  2.2 1801  0.8 9999  9.9
14  Mo        920 0002  2.1 0611  0.7 1230  2.3 1846  0.7
15  Tu        920 0049  2.2 0658  0.6 1318  2.4 1931  0.6
16  We        920 0136  2.4 0746  0.5 1406  2.5 2016  0.5
17  Th        920 0224  2.5 0835  0.4 1454  2.6 2103  0.4
18  Fr        920 0314  2.5 0927  0.4 1542  2.6 2153  0.4
19  Sa        920 0405  2.6 1020  0.3 1632  2.6 2246  0.4
20  Su        920 0458  2.6 1115  0.4 1725  2.6 2341  0.4
21  Mo        920 0556  2.5 1212  0.4 1823  2.5 9999  9.9
22  Tu        920 0039  0.5 0657  2.5 1311  0.5 1926  2.4
23  We        920 0139  0.6 0801  2.4 1414  0.6 2033  2.3
24  Th        920 0243  0.6 0906  2.4 1521  0.7 2139  2.2
25  Fr        920 0347  0.7 1009  2.3 1628  0.7 2241  2.2
26  Sa        920 0448  0.7 1110  2.3 1729  0.7 2337  2.2
27  Su        920 0545  0.7 1207  2.3 1822  0.7 9999  9.9
28  Mo        920 0029  2.2 0635  0.6 1258  2.3 1908  0.7
29  Tu        920 0116  2.3 0721  0.6 1344  2.3 1949  0.7
30  We        920 0200  2.3 0804  0.7 1425  2.3 2028  0.7
 1  Th       1020 0240  2.3 0845  0.7 1503  2.3 2106  0.7
 2  Fr       1020 0319  2.3 0926  0.7 1539  2.3 2144  0.7
 3  Sa       1020 0357  2.2 1006  0.7 1614  2.2 2223  0.7
 4  Su       1020 0436  2.2 1046  0.8 1651  2.2 2304  0.8
 5  Mo       1020 0516  2.2 1128  0.8 1730  2.1 2346  0.8
 6  Tu       1020 0559  2.1 1212  0.9 1814  2.0 9999  9.9
 7  We       1020 0031  0.9 0646  2.1 1258  0.9 1905  2.0
 8  Th       1020 0119  0.9 0737  2.1 1349  0.9 2002  2.0
 9  Fr       1020 0211  0.9 0831  2.1 1445  1.0 2059  2.0
10  Sa       1020 0304  0.9 0925  2.1 1543  0.9 2153  2.0
11  Su       1020 0358  0.9 1017  2.2 1639  0.9 2243  2.1
12  Mo       1020 0451  0.8 1109  2.2 1730  0.8 2332  2.2
13  Tu       1020 0542  0.7 1200  2.3 1817  0.6 9999  9.9
14  We       1020 0021  2.3 0632  0.6 1250  2.4 1903  0.5
15  Th       1020 0110  2.4 0722  0.5 1340  2.5 1950  0.4
16  Fr       1020 0201  2.5 0813  0.4 1430  2.6 2038  0.4
17  Sa       1020 0252  2.6 0906  0.3 1520  2.6 2130  0.3
18  Su       1020 0345  2.6 1000  0.3 1611  2.6 2224  0.4
19  Mo       1020 0440  2.6 1057  0.4 1706  2.5 2321  0.4
20  Tu       1020 0538  2.6 1155  0.4 1804  2.4 9999  9.9
21  We       1020 0020  0.5 0639  2.5 1255  0.5 1908  2.3
22  Th       1020 0121  0.5 0743  2.4 1357  0.6 2015  2.3
23  Fr       1020 0223  0.6 0847  2.4 1502  0.7 2120  2.2
24  Sa       1020 0325  0.7 0949  2.3 1607  0.7 2220  2.2
25  Su       1020 0425  0.7 1047  2.3 1706  0.7 2314  2.2
26  Mo       1020 0520  0.7 1141  2.3 1756  0.7 9999  9.9
27  Tu       1020 0003  2.2 0610  0.7 1230  2.3 1841  0.7
28  We       1020 0049  2.2 0656  0.7 1315  2.3 1921  0.7
29  Th       1020 0132  2.2 0738  0.7 1355  2.3 1958  0.7
30  Fr       1020 0213  2.2 0818  0.7 1433  2.3 2035  0.7
31  Sa       1020 0252  2.2 0858  0.7 1509  2.2 2113  0.7
 1  Su       1120 0330  2.2 0938  0.8 1545  2.2 2152  0.8
 2  Mo       1120 0409  2.2 1019  0.8 1622  2.1 2233  0.8
 3  Tu       1120 0449  2.2 1101  0.8 1702  2.1 2317  0.8
 4  We       1120 0531  2.2 1146  0.9 1745  2.0 9999  9.9
 5  Th       1120 0002  0.9 0617  2.1 1232  0.9 1836  2.0
 6  Fr       1120 0050  0.9 0707  2.1 1322  0.9 1931  2.0
 7  Sa       1120 0140  0.9 0800  2.1 1416  0.9 2028  2.0
 8  Su       1120 0232  0.8 0854  2.2 1512  0.9 2122  2.1
 9  Mo       1120 0327  0.8 0947  2.2 1607  0.8 2213  2.1
10  Tu       1120 0421  0.7 1040  2.3 1700  0.7 2304  2.2
11  We       1120 0515  0.6 1132  2.4 1749  0.6 2354  2.3
12  Th       1120 0608  0.6 1224  2.4 1838  0.5 9999  9.9
13  Fr       1120 0047  2.4 0701  0.5 1316  2.5 1926  0.4
14  Sa       1120 0140  2.5 0754  0.4 1408  2.5 2017  0.4
15  Su       1120 0234  2.6 0848  0.4 1500  2.6 2109  0.4
16  Mo       1120 0329  2.6 0943  0.4 1553  2.5 2205  0.4
17  Tu       1120 0425  2.6 1040  0.4 1648  2.5 2302  0.4
18  We       1120 0522  2.6 1138  0.5 1746  2.4 9999  9.9
19  Th       1120 0001  0.5 0621  2.5 1236  0.6 1848  2.3
20  Fr       1120 0100  0.6 0722  2.4 1336  0.6 1952  2.2
21  Sa       1120 0158  0.6 0823  2.4 1436  0.7 2054  2.2
22  Su       1120 0257  0.7 0921  2.3 1537  0.7 2151  2.2
23  Mo       1120 0354  0.7 1017  2.3 1633  0.8 2243  2.2
24  Tu       1120 0449  0.8 1108  2.2 1723  0.8 2331  2.2
25  We       1120 0539  0.8 1157  2.2 1808  0.7 9999  9.9
26  Th       1120 0017  2.2 0625  0.8 1241  2.2 1849  0.7
27  Fr       1120 0101  2.2 0709  0.8 1323  2.2 1927  0.7
28  Sa       1120 0144  2.2 0750  0.8 1403  2.2 2005  0.7
29  Su       1120 0225  2.2 0831  0.8 1441  2.2 2044  0.8
30  Mo       1120 0305  2.2 0912  0.8 1518  2.2 2124  0.8
 1  Tu       1220 0344  2.2 0954  0.8 1557  2.1 2206  0.8
 2  We       1220 0424  2.2 1037  0.8 1637  2.1 2250  0.8
 3  Th       1220 0506  2.2 1121  0.8 1720  2.1 2336  0.8
 4  Fr       1220 0551  2.2 1207  0.8 1809  2.1 9999  9.9
 5  Sa       1220 0024  0.8 0639  2.2 1256  0.8 1902  2.1
 6  Su       1220 0113  0.8 0731  2.2 1347  0.8 1958  2.1
 7  Mo       1220 0204  0.8 0825  2.2 1441  0.8 2053  2.1
 8  Tu       1220 0258  0.7 0919  2.3 1537  0.8 2146  2.2
 9  We       1220 0355  0.7 1014  2.3 1632  0.7 2239  2.3
10  Th       1220 0452  0.6 1108  2.3 1725  0.6 2333  2.3
11  Fr       1220 0549  0.6 1203  2.4 1816  0.5 9999  9.9
12  Sa       1220 0028  2.4 0644  0.5 1258  2.4 1907  0.5
13  Su       1220 0124  2.5 0739  0.5 1351  2.5 1959  0.4
14  Mo       1220 0221  2.6 0833  0.5 1445  2.5 2053  0.4
15  Tu       1220 0316  2.6 0928  0.5 1538  2.5 2148  0.4
16  We       1220 0410  2.6 1024  0.5 1631  2.4 2245  0.5
17  Th       1220 0505  2.5 1119  0.5 1726  2.4 2341  0.5
18  Fr       1220 0600  2.5 1214  0.6 1824  2.3 9999  9.9
19  Sa       1220 0036  0.6 0655  2.4 1309  0.7 1923  2.2
20  Su       1220 0129  0.6 0751  2.3 1404  0.7 2020  2.2
21  Mo       1220 0223  0.7 0846  2.3 1459  0.8 2115  2.2
22  Tu       1220 0316  0.8 0939  2.2 1553  0.8 2206  2.1
23  We       1220 0410  0.8 1030  2.2 1645  0.8 2254  2.1
24  Th       1220 0503  0.8 1119  2.1 1732  0.8 2341  2.1
25  Fr       1220 0552  0.9 1206  2.1 1815  0.8 9999  9.9
26  Sa       1220 0028  2.1 0639  0.8 1250  2.1 1856  0.8
27  Su       1220 0113  2.1 0722  0.8 1333  2.1 1936  0.8
28  Mo       1220 0157  2.2 0804  0.8 1413  2.1 2016  0.8
29  Tu       1220 0239  2.2 0846  0.8 1452  2.1 2057  0.8
30  We       1220 0319  2.2 0927  0.8 1531  2.2 2139  0.7
31  Th       1220 0359  2.3 1010  0.8 1612  2.2 2224  0.7
