075Whanganui River Entrance
Based on data from  8-Jul-1988
Local Std Time, tidal heights in metres.
 1  We        120 0134  2.5 0748  1.1 1341  2.5 2003  1.2
 2  Th        120 0216  2.4 0828  1.2 1425  2.4 2045  1.2
 3  Fr        120 0302  2.3 0915  1.3 1516  2.4 2132  1.3
 4  Sa        120 0359  2.2 1011  1.3 1616  2.3 2228  1.3
 5  Su        120 0508  2.2 1117  1.3 1720  2.3 2333  1.3
 6  Mo        120 0619  2.2 1223  1.3 1823  2.4 9999  9.9
 7  Tu        120 0043  1.2 0721  2.4 1325  1.2 1920  2.5
 8  We        120 0151  1.1 0813  2.5 1420  1.0 2013  2.6
 9  Th        120 0250  1.0 0859  2.7 1510  0.9 2103  2.7
10  Fr        120 0340  0.9 0942  2.8 1557  0.8 2150  2.8
11  Sa        120 0426  0.8 1023  2.9 1642  0.7 2235  2.9
12  Su        120 0508  0.7 1103  3.0 1727  0.7 2319  2.9
13  Mo        120 0549  0.7 1143  3.0 1811  0.7 9999  9.9
14  Tu        120 0002  2.9 0630  0.7 1225  2.9 1855  0.7
15  We        120 0046  2.9 0710  0.8 1308  2.9 1940  0.8
16  Th        120 0131  2.8 0753  0.9 1355  2.8 2028  0.9
17  Fr        120 0219  2.7 0840  1.0 1448  2.6 2119  1.0
18  Sa        120 0312  2.6 0936  1.1 1548  2.5 2216  1.1
19  Su        120 0415  2.5 1043  1.2 1655  2.5 2322  1.1
20  Mo        120 0528  2.4 1200  1.2 1806  2.4 9999  9.9
21  Tu        120 0037  1.1 0642  2.4 1317  1.2 1913  2.5
22  We        120 0152  1.1 0747  2.5 1422  1.1 2014  2.6
23  Th        120 0255  1.0 0841  2.7 1516  1.0 2108  2.6
24  Fr        120 0346  0.9 0928  2.8 1603  0.9 2157  2.7
25  Sa        120 0430  0.8 1011  2.8 1644  0.8 2241  2.8
26  Su        120 0508  0.8 1050  2.9 1722  0.8 2321  2.8
27  Mo        120 0543  0.8 1126  2.9 1756  0.8 2358  2.7
28  Tu        120 0615  0.8 1201  2.8 1828  0.9 9999  9.9
29  We        120 0033  2.7 0646  0.9 1236  2.8 1858  0.9
30  Th        120 0106  2.6 0717  1.0 1310  2.7 1929  1.0
31  Fr        120 0139  2.5 0750  1.0 1345  2.6 2002  1.1
 1  Sa        220 0215  2.4 0828  1.1 1426  2.5 2040  1.2
 2  Su        220 0257  2.3 0916  1.2 1515  2.4 2128  1.2
 3  Mo        220 0356  2.2 1019  1.3 1619  2.3 2231  1.3
 4  Tu        220 0519  2.2 1134  1.3 1733  2.3 2354  1.3
 5  We        220 0644  2.3 1251  1.2 1848  2.3 9999  9.9
 6  Th        220 0126  1.3 0749  2.4 1358  1.1 1953  2.5
 7  Fr        220 0237  1.1 0841  2.6 1455  0.9 2050  2.6
 8  Sa        220 0331  0.9 0926  2.8 1545  0.8 2139  2.8
 9  Su        220 0415  0.8 1007  3.0 1631  0.6 2224  2.9
10  Mo        220 0456  0.6 1047  3.1 1714  0.6 2306  3.0
11  Tu        220 0534  0.6 1127  3.1 1755  0.5 2347  3.0
12  We        220 0612  0.6 1206  3.1 1836  0.6 9999  9.9
13  Th        220 0027  3.0 0649  0.7 1246  3.0 1916  0.6
14  Fr        220 0108  2.9 0727  0.8 1328  2.9 1958  0.8
15  Sa        220 0150  2.8 0807  0.9 1414  2.7 2042  0.9
16  Su        220 0238  2.6 0854  1.1 1508  2.5 2134  1.1
17  Mo        220 0335  2.4 0956  1.2 1614  2.4 2239  1.2
18  Tu        220 0448  2.3 1120  1.3 1733  2.3 9999  9.9
19  We        220 0007  1.3 0614  2.3 1257  1.3 1855  2.3
20  Th        220 0141  1.2 0730  2.4 1415  1.2 2006  2.4
21  Fr        220 0247  1.1 0827  2.6 1510  1.0 2101  2.6
22  Sa        220 0335  0.9 0913  2.7 1553  0.9 2147  2.7
23  Su        220 0413  0.8 0953  2.8 1630  0.8 2227  2.8
24  Mo        220 0447  0.7 1029  2.9 1702  0.8 2302  2.8
25  Tu        220 0518  0.7 1103  2.9 1732  0.8 2335  2.8
26  We        220 0547  0.7 1135  2.9 1800  0.8 9999  9.9
27  Th        220 0006  2.8 0615  0.8 1206  2.9 1827  0.8
28  Fr        220 0035  2.7 0644  0.8 1237  2.8 1855  0.9
29  Sa        220 0104  2.6 0715  0.9 1309  2.7 1924  1.0
 1  Su        320 0135  2.5 0749  1.1 1345  2.6 1958  1.1
 2  Mo        320 0211  2.4 0833  1.2 1430  2.4 2040  1.2
 3  Tu        320 0302  2.3 0934  1.3 1530  2.3 2143  1.3
 4  We        320 0427  2.2 1057  1.3 1653  2.2 2320  1.4
 5  Th        320 0611  2.2 1226  1.3 1823  2.3 9999  9.9
 6  Fr        320 0111  1.3 0728  2.4 1341  1.1 1938  2.4
 7  Sa        320 0224  1.1 0822  2.6 1440  0.9 2037  2.6
 8  Su        320 0315  0.9 0907  2.8 1529  0.7 2125  2.8
 9  Mo        320 0357  0.7 0948  3.0 1613  0.6 2208  3.0
10  Tu        320 0436  0.6 1027  3.1 1655  0.5 2248  3.1
11  We        320 0513  0.5 1105  3.2 1734  0.4 2326  3.1
12  Th        320 0549  0.5 1143  3.1 1813  0.5 9999  9.9
13  Fr        320 0004  3.1 0624  0.6 1221  3.0 1850  0.6
14  Sa        320 0043  3.0 0659  0.7 1301  2.9 1929  0.8
15  Su        320 0123  2.8 0736  0.9 1344  2.7 2010  0.9
16  Mo        320 0206  2.6 0819  1.1 1434  2.5 2058  1.1
17  Tu        320 0300  2.4 0916  1.3 1538  2.3 2204  1.3
18  We        320 0414  2.2 1047  1.4 1707  2.2 2344  1.4
19  Th        320 0549  2.2 1245  1.4 1843  2.2 9999  9.9
20  Fr        320 0128  1.3 0711  2.3 1406  1.3 1957  2.3
21  Sa        320 0230  1.2 0808  2.5 1455  1.1 2048  2.5
22  Su        320 0312  1.0 0851  2.7 1533  0.9 2128  2.7
23  Mo        320 0347  0.9 0928  2.8 1604  0.8 2204  2.8
24  Tu        320 0418  0.8 1002  2.9 1634  0.8 2236  2.8
25  We        320 0447  0.7 1034  3.0 1701  0.7 2306  2.9
26  Th        320 0515  0.7 1105  3.0 1729  0.7 2336  2.9
27  Fr        320 0544  0.7 1135  2.9 1756  0.8 9999  9.9
28  Sa        320 0004  2.8 0613  0.8 1206  2.8 1824  0.8
29  Su        320 0033  2.7 0644  0.9 1239  2.7 1854  0.9
30  Mo        320 0104  2.6 0719  1.0 1315  2.6 1928  1.0
31  Tu        320 0141  2.5 0804  1.1 1400  2.5 2011  1.2
 1  We        420 0232  2.3 0908  1.3 1500  2.3 2117  1.3
 2  Th        420 0356  2.2 1034  1.3 1625  2.2 2302  1.4
 3  Fr        420 0543  2.2 1204  1.3 1801  2.3 9999  9.9
 4  Sa        420 0051  1.3 0701  2.4 1319  1.1 1919  2.4
 5  Su        420 0201  1.1 0757  2.7 1418  0.9 2016  2.7
 6  Mo        420 0251  0.9 0842  2.9 1507  0.7 2104  2.9
 7  Tu        420 0333  0.7 0923  3.0 1550  0.5 2146  3.0
 8  We        420 0411  0.5 1002  3.2 1632  0.4 2225  3.1
 9  Th        420 0448  0.5 1041  3.2 1711  0.4 2303  3.1
10  Fr        420 0524  0.5 1119  3.1 1749  0.5 2341  3.1
11  Sa        420 0559  0.6 1158  3.0 1827  0.6 9999  9.9
12  Su        420 0019  3.0 0634  0.8 1238  2.8 1905  0.8
13  Mo        420 0058  2.8 0711  1.0 1320  2.6 1945  1.0
14  Tu        420 0141  2.6 0754  1.2 1409  2.4 2033  1.2
15  We        420 0233  2.4 0851  1.3 1513  2.2 2139  1.4
16  Th        420 0345  2.2 1021  1.4 1644  2.1 2316  1.4
17  Fr        420 0520  2.2 1217  1.4 1824  2.2 9999  9.9
18  Sa        420 0056  1.4 0641  2.3 1337  1.3 1934  2.3
19  Su        420 0157  1.2 0737  2.5 1424  1.1 2022  2.5
20  Mo        420 0238  1.1 0819  2.6 1459  1.0 2100  2.6
21  Tu        420 0312  0.9 0855  2.8 1530  0.9 2134  2.7
22  We        420 0343  0.8 0930  2.9 1600  0.8 2206  2.8
23  Th        420 0413  0.7 1002  2.9 1629  0.8 2236  2.9
24  Fr        420 0443  0.7 1035  2.9 1659  0.7 2307  2.9
25  Sa        420 0515  0.7 1107  2.9 1729  0.8 2337  2.8
26  Su        420 0547  0.8 1141  2.8 1801  0.8 9999  9.9
27  Mo        420 0009  2.8 0622  0.9 1216  2.7 1834  0.9
28  Tu        420 0043  2.7 0702  1.0 1256  2.6 1913  1.0
29  We        420 0124  2.5 0751  1.1 1344  2.5 2001  1.2
30  Th        420 0218  2.4 0856  1.2 1445  2.3 2110  1.3
 1  Fr        520 0336  2.3 1016  1.3 1606  2.3 2244  1.3
 2  Sa        520 0510  2.3 1137  1.2 1734  2.3 9999  9.9
 3  Su        520 0018  1.2 0627  2.5 1248  1.0 1849  2.5
 4  Mo        520 0127  1.1 0724  2.7 1348  0.9 1948  2.7
 5  Tu        520 0220  0.9 0812  2.9 1439  0.7 2037  2.8
 6  We        520 0304  0.7 0856  3.0 1525  0.6 2120  3.0
 7  Th        520 0345  0.6 0937  3.1 1608  0.5 2201  3.1
 8  Fr        520 0424  0.6 1018  3.1 1649  0.5 2241  3.1
 9  Sa        520 0502  0.6 1058  3.0 1730  0.6 2320  3.0
10  Su        520 0539  0.7 1139  2.9 1809  0.7 2359  2.9
11  Mo        520 0617  0.8 1221  2.8 1849  0.9 9999  9.9
12  Tu        520 0040  2.8 0657  1.0 1305  2.6 1930  1.0
13  We        520 0123  2.6 0741  1.2 1354  2.4 2018  1.2
14  Th        520 0213  2.4 0838  1.3 1455  2.2 2117  1.3
15  Fr        520 0318  2.3 0951  1.4 1613  2.1 2233  1.4
16  Sa        520 0438  2.2 1117  1.4 1740  2.1 2357  1.4
17  Su        520 0554  2.3 1234  1.3 1851  2.2 9999  9.9
18  Mo        520 0103  1.3 0652  2.4 1329  1.2 1942  2.4
19  Tu        520 0150  1.1 0738  2.5 1412  1.1 2023  2.5
20  We        520 0229  1.0 0818  2.7 1449  1.0 2100  2.6
21  Th        520 0305  0.9 0855  2.8 1525  0.9 2135  2.7
22  Fr        520 0340  0.8 0932  2.8 1600  0.8 2208  2.8
23  Sa        520 0415  0.8 1008  2.9 1635  0.8 2242  2.8
24  Su        520 0451  0.7 1045  2.9 1711  0.8 2316  2.8
25  Mo        520 0529  0.8 1122  2.8 1747  0.8 2352  2.8
26  Tu        520 0609  0.8 1203  2.7 1826  0.9 9999  9.9
27  We        520 0030  2.7 0654  0.9 1246  2.6 1909  1.0
28  Th        520 0114  2.6 0745  1.0 1336  2.5 1959  1.1
29  Fr        520 0208  2.5 0845  1.1 1434  2.4 2101  1.2
30  Sa        520 0315  2.4 0952  1.1 1542  2.4 2215  1.2
31  Su        520 0432  2.4 1101  1.1 1658  2.4 2335  1.2
 1  Mo        620 0545  2.5 1209  1.0 1811  2.5 9999  9.9
 2  Tu        620 0046  1.1 0646  2.6 1312  0.9 1914  2.6
 3  We        620 0145  0.9 0740  2.8 1409  0.8 2008  2.8
 4  Th        620 0235  0.8 0828  2.9 1500  0.7 2056  2.9
 5  Fr        620 0321  0.7 0914  2.9 1548  0.7 2140  3.0
 6  Sa        620 0404  0.7 0959  2.9 1633  0.6 2222  3.0
 7  Su        620 0446  0.7 1043  2.9 1716  0.7 2303  3.0
 8  Mo        620 0527  0.8 1126  2.8 1757  0.8 2344  2.9
 9  Tu        620 0608  0.9 1210  2.7 1838  0.9 9999  9.9
10  We        620 0025  2.8 0649  1.0 1255  2.6 1918  1.0
11  Th        620 0107  2.6 0732  1.1 1341  2.4 2000  1.1
12  Fr        620 0153  2.5 0819  1.2 1432  2.3 2048  1.2
13  Sa        620 0245  2.4 0911  1.3 1530  2.2 2143  1.3
14  Su        620 0346  2.3 1009  1.3 1638  2.2 2247  1.4
15  Mo        620 0452  2.3 1111  1.3 1749  2.2 2353  1.3
16  Tu        620 0554  2.3 1213  1.3 1851  2.3 9999  9.9
17  We        620 0052  1.2 0649  2.4 1313  1.2 1942  2.4
18  Th        620 0144  1.1 0737  2.5 1406  1.1 2026  2.5
19  Fr        620 0229  1.0 0822  2.6 1454  1.0 2107  2.6
20  Sa        620 0312  0.9 0905  2.7 1538  0.9 2145  2.7
21  Su        620 0354  0.8 0948  2.8 1620  0.9 2223  2.8
22  Mo        620 0436  0.8 1029  2.8 1700  0.8 2301  2.9
23  Tu        620 0518  0.8 1111  2.8 1741  0.8 2339  2.9
24  We        620 0602  0.8 1154  2.8 1821  0.8 9999  9.9
25  Th        620 0020  2.8 0647  0.8 1238  2.7 1904  0.9
26  Fr        620 0103  2.8 0735  0.9 1325  2.7 1949  1.0
27  Sa        620 0152  2.7 0826  0.9 1416  2.6 2040  1.0
28  Su        620 0248  2.6 0922  1.0 1513  2.5 2140  1.1
29  Mo        620 0351  2.5 1021  1.0 1618  2.5 2248  1.2
30  Tu        620 0500  2.5 1126  1.0 1729  2.5 9999  9.9
 1  We        720 0001  1.1 0606  2.5 1234  1.0 1839  2.5
 2  Th        720 0110  1.1 0708  2.6 1340  1.0 1941  2.6
 3  Fr        720 0211  1.0 0805  2.7 1442  0.9 2035  2.7
 4  Sa        720 0304  0.9 0857  2.8 1535  0.8 2123  2.8
 5  Su        720 0353  0.8 0947  2.8 1623  0.7 2207  2.9
 6  Mo        720 0438  0.8 1034  2.8 1707  0.7 2249  2.9
 7  Tu        720 0520  0.8 1118  2.8 1746  0.8 2330  2.9
 8  We        720 0600  0.8 1201  2.7 1824  0.8 9999  9.9
 9  Th        720 0009  2.8 0638  0.9 1241  2.7 1900  0.9
10  Fr        720 0047  2.7 0714  1.0 1321  2.5 1935  1.0
11  Sa        720 0126  2.6 0750  1.1 1401  2.4 2012  1.1
12  Su        720 0207  2.5 0828  1.2 1443  2.3 2053  1.2
13  Mo        720 0253  2.4 0909  1.2 1532  2.2 2143  1.3
14  Tu        720 0347  2.3 0957  1.3 1634  2.2 2243  1.3
15  We        720 0448  2.3 1057  1.3 1749  2.2 2352  1.3
16  Th        720 0554  2.3 1209  1.3 1858  2.3 9999  9.9
17  Fr        720 0059  1.3 0657  2.4 1325  1.3 1956  2.4
18  Sa        720 0159  1.1 0754  2.5 1432  1.1 2044  2.6
19  Su        720 0251  1.0 0846  2.6 1525  1.0 2127  2.7
20  Mo        720 0340  0.9 0934  2.7 1610  0.9 2207  2.8
21  Tu        720 0425  0.8 1019  2.8 1652  0.8 2247  2.9
22  We        720 0509  0.7 1102  2.9 1732  0.7 2326  3.0
23  Th        720 0551  0.6 1144  2.9 1810  0.7 9999  9.9
24  Fr        720 0005  3.0 0634  0.7 1225  2.9 1849  0.7
25  Sa        720 0046  2.9 0717  0.7 1308  2.8 1929  0.8
26  Su        720 0129  2.8 0801  0.8 1352  2.7 2012  0.9
27  Mo        720 0217  2.7 0848  0.9 1441  2.6 2101  1.0
28  Tu        720 0311  2.6 0940  1.0 1538  2.5 2202  1.2
29  We        720 0415  2.5 1042  1.1 1647  2.4 2316  1.2
30  Th        720 0527  2.4 1157  1.2 1805  2.4 9999  9.9
31  Fr        720 0039  1.2 0641  2.4 1319  1.1 1918  2.5
 1  Sa        820 0155  1.1 0749  2.5 1431  1.0 2019  2.6
 2  Su        820 0256  1.0 0848  2.6 1528  0.9 2110  2.7
 3  Mo        820 0347  0.9 0940  2.7 1614  0.8 2154  2.8
 4  Tu        820 0431  0.8 1026  2.8 1654  0.7 2234  2.9
 5  We        820 0510  0.8 1107  2.8 1729  0.7 2312  2.9
 6  Th        820 0545  0.8 1145  2.8 1802  0.7 2347  2.9
 7  Fr        820 0617  0.8 1220  2.8 1833  0.8 9999  9.9
 8  Sa        820 0022  2.8 0647  0.9 1253  2.7 1903  0.9
 9  Su        820 0055  2.7 0716  1.0 1325  2.6 1934  1.0
10  Mo        820 0129  2.6 0745  1.0 1357  2.5 2007  1.1
11  Tu        820 0205  2.5 0817  1.1 1434  2.3 2048  1.2
12  We        820 0248  2.4 0857  1.2 1522  2.2 2144  1.3
13  Th        820 0344  2.3 0951  1.3 1639  2.1 2258  1.4
14  Fr        820 0458  2.2 1111  1.4 1815  2.2 9999  9.9
15  Sa        820 0021  1.3 0620  2.2 1255  1.4 1930  2.3
16  Su        820 0136  1.2 0733  2.4 1419  1.2 2025  2.5
17  Mo        820 0236  1.0 0832  2.5 1514  1.0 2110  2.7
18  Tu        820 0327  0.8 0922  2.7 1558  0.8 2150  2.9
19  We        820 0412  0.7 1007  2.8 1637  0.7 2229  3.0
20  Th        820 0454  0.6 1048  3.0 1715  0.6 2307  3.1
21  Fr        820 0534  0.5 1127  3.0 1751  0.6 2345  3.1
22  Sa        820 0614  0.5 1206  3.0 1827  0.6 9999  9.9
23  Su        820 0023  3.0 0653  0.6 1245  3.0 1903  0.7
24  Mo        820 0103  2.9 0733  0.7 1325  2.8 1941  0.8
25  Tu        820 0146  2.8 0815  0.9 1409  2.7 2025  1.0
26  We        820 0235  2.6 0902  1.0 1501  2.5 2119  1.2
27  Th        820 0336  2.4 1002  1.2 1608  2.4 2237  1.3
28  Fr        820 0453  2.3 1126  1.3 1735  2.3 9999  9.9
29  Sa        820 0018  1.3 0622  2.3 1307  1.3 1900  2.4
30  Su        820 0149  1.2 0741  2.4 1424  1.1 2005  2.5
31  Mo        820 0251  1.1 0842  2.5 1516  1.0 2054  2.7
 1  Tu        920 0337  0.9 0931  2.7 1557  0.8 2136  2.8
 2  We        920 0416  0.8 1011  2.8 1632  0.7 2213  2.9
 3  Th        920 0450  0.7 1048  2.8 1704  0.7 2248  3.0
 4  Fr        920 0520  0.7 1121  2.9 1733  0.7 2320  3.0
 5  Sa        920 0548  0.7 1152  2.8 1802  0.7 2352  2.9
 6  Su        920 0614  0.8 1222  2.8 1829  0.8 9999  9.9
 7  Mo        920 0022  2.8 0640  0.9 1250  2.7 1858  0.9
 8  Tu        920 0053  2.7 0707  1.0 1318  2.6 1929  1.0
 9  We        920 0125  2.6 0736  1.1 1350  2.4 2006  1.2
10  Th        920 0204  2.4 0812  1.2 1431  2.3 2100  1.3
11  Fr        920 0256  2.3 0903  1.3 1543  2.2 2219  1.4
12  Sa        920 0413  2.2 1032  1.4 1737  2.1 2353  1.4
13  Su        920 0551  2.2 1236  1.4 1905  2.3 9999  9.9
14  Mo        920 0116  1.2 0715  2.3 1402  1.2 2003  2.5
15  Tu        920 0218  1.0 0817  2.5 1455  1.0 2048  2.8
16  We        920 0308  0.8 0906  2.7 1537  0.8 2128  3.0
17  Th        920 0352  0.6 0948  2.9 1615  0.6 2206  3.1
18  Fr        920 0433  0.5 1028  3.1 1651  0.5 2244  3.2
19  Sa        920 0512  0.4 1106  3.1 1727  0.5 2321  3.2
20  Su        920 0550  0.5 1143  3.1 1802  0.6 2359  3.1
21  Mo        920 0628  0.5 1221  3.0 1837  0.7 9999  9.9
22  Tu        920 0038  3.0 0706  0.7 1259  2.9 1913  0.8
23  We        920 0119  2.8 0746  0.9 1342  2.7 1954  1.0
24  Th        920 0206  2.6 0832  1.1 1431  2.5 2047  1.2
25  Fr        920 0306  2.3 0932  1.3 1538  2.3 2208  1.4
26  Sa        920 0428  2.2 1103  1.4 1710  2.2 9999  9.9
27  Su        920 0004  1.4 0609  2.2 1253  1.3 1842  2.3
28  Mo        920 0138  1.3 0732  2.3 1406  1.2 1945  2.5
29  Tu        920 0235  1.1 0828  2.5 1453  1.0 2031  2.6
30  We        920 0316  0.9 0911  2.6 1530  0.9 2110  2.8
 1  Th       1020 0350  0.8 0948  2.8 1603  0.8 2145  2.9
 2  Fr       1020 0421  0.8 1021  2.9 1632  0.7 2218  3.0
 3  Sa       1020 0449  0.7 1052  2.9 1701  0.7 2250  3.0
 4  Su       1020 0516  0.7 1122  2.9 1729  0.7 2321  2.9
 5  Mo       1020 0542  0.8 1150  2.8 1757  0.8 2351  2.8
 6  Tu       1020 0609  0.8 1219  2.7 1827  0.9 9999  9.9
 7  We       1020 0022  2.7 0637  0.9 1248  2.6 1900  1.0
 8  Th       1020 0056  2.6 0707  1.1 1321  2.5 1940  1.1
 9  Fr       1020 0136  2.5 0745  1.2 1404  2.3 2036  1.3
10  Sa       1020 0229  2.3 0841  1.3 1515  2.2 2158  1.4
11  Su       1020 0347  2.2 1016  1.4 1704  2.2 2330  1.3
12  Mo       1020 0526  2.2 1212  1.4 1833  2.3 9999  9.9
13  Tu       1020 0049  1.2 0651  2.3 1332  1.2 1933  2.6
14  We       1020 0151  1.0 0753  2.6 1426  0.9 2019  2.8
15  Th       1020 0242  0.8 0841  2.8 1509  0.7 2101  3.0
16  Fr       1020 0327  0.6 0924  3.0 1548  0.6 2140  3.1
17  Sa       1020 0408  0.5 1003  3.1 1626  0.5 2219  3.2
18  Su       1020 0448  0.4 1042  3.1 1702  0.5 2258  3.1
19  Mo       1020 0528  0.5 1120  3.1 1738  0.6 2336  3.1
20  Tu       1020 0606  0.6 1158  3.0 1815  0.7 9999  9.9
21  We       1020 0017  2.9 0645  0.7 1238  2.9 1853  0.9
22  Th       1020 0059  2.7 0726  0.9 1320  2.7 1935  1.1
23  Fr       1020 0147  2.5 0813  1.1 1410  2.5 2031  1.3
24  Sa       1020 0247  2.3 0914  1.3 1515  2.3 2151  1.4
25  Su       1020 0409  2.2 1040  1.4 1643  2.2 2336  1.4
26  Mo       1020 0547  2.2 1219  1.4 1810  2.3 9999  9.9
27  Tu       1020 0105  1.3 0706  2.3 1330  1.2 1912  2.4
28  We       1020 0201  1.2 0800  2.4 1417  1.1 1958  2.6
29  Th       1020 0242  1.0 0841  2.6 1454  0.9 2037  2.7
30  Fr       1020 0315  0.9 0917  2.7 1527  0.8 2113  2.8
31  Sa       1020 0346  0.8 0950  2.8 1558  0.8 2147  2.9
 1  Su       1120 0416  0.8 1022  2.8 1628  0.7 2220  2.9
 2  Mo       1120 0445  0.8 1053  2.8 1659  0.7 2252  2.9
 3  Tu       1120 0515  0.8 1123  2.8 1731  0.8 2325  2.8
 4  We       1120 0546  0.9 1154  2.7 1805  0.9 9999  9.9
 5  Th       1120 0000  2.7 0618  0.9 1227  2.7 1843  1.0
 6  Fr       1120 0038  2.6 0654  1.0 1305  2.5 1929  1.1
 7  Sa       1120 0122  2.5 0738  1.2 1353  2.4 2028  1.2
 8  Su       1120 0218  2.4 0839  1.3 1501  2.3 2142  1.3
 9  Mo       1120 0330  2.3 1002  1.3 1630  2.3 2301  1.2
10  Tu       1120 0456  2.3 1135  1.3 1752  2.4 9999  9.9
11  We       1120 0013  1.1 0616  2.4 1252  1.1 1855  2.6
12  Th       1120 0116  1.0 0719  2.6 1350  1.0 1945  2.8
13  Fr       1120 0210  0.8 0811  2.8 1437  0.8 2031  2.9
14  Sa       1120 0259  0.7 0857  2.9 1520  0.7 2114  3.0
15  Su       1120 0344  0.6 0939  3.0 1601  0.6 2156  3.1
16  Mo       1120 0427  0.5 1020  3.1 1641  0.6 2237  3.0
17  Tu       1120 0509  0.6 1100  3.0 1720  0.7 2319  3.0
18  We       1120 0551  0.7 1140  3.0 1800  0.8 9999  9.9
19  Th       1120 0002  2.8 0632  0.8 1221  2.8 1842  0.9
20  Fr       1120 0047  2.7 0715  0.9 1305  2.7 1928  1.1
21  Sa       1120 0136  2.5 0802  1.1 1354  2.5 2022  1.2
22  Su       1120 0233  2.3 0857  1.3 1453  2.4 2128  1.3
23  Mo       1120 0343  2.2 1005  1.3 1605  2.3 2244  1.4
24  Tu       1120 0504  2.2 1123  1.4 1721  2.3 9999  9.9
25  We       1120 0000  1.3 0619  2.2 1233  1.3 1824  2.4
26  Th       1120 0103  1.2 0718  2.3 1327  1.2 1915  2.5
27  Fr       1120 0152  1.1 0804  2.5 1411  1.1 1958  2.6
28  Sa       1120 0233  1.0 0843  2.6 1449  1.0 2038  2.7
29  Su       1120 0310  1.0 0920  2.7 1525  0.9 2116  2.8
30  Mo       1120 0346  0.9 0954  2.8 1600  0.8 2153  2.8
 1  Tu       1220 0422  0.9 1028  2.8 1636  0.8 2230  2.8
 2  We       1220 0457  0.9 1102  2.8 1714  0.8 2308  2.8
 3  Th       1220 0533  0.9 1137  2.8 1753  0.9 2347  2.7
 4  Fr       1220 0611  0.9 1215  2.7 1836  0.9 9999  9.9
 5  Sa       1220 0029  2.6 0652  1.0 1256  2.6 1924  1.0
 6  Su       1220 0115  2.6 0737  1.1 1344  2.6 2019  1.1
 7  Mo       1220 0208  2.5 0832  1.1 1443  2.5 2120  1.1
 8  Tu       1220 0309  2.4 0937  1.2 1553  2.4 2225  1.1
 9  We       1220 0419  2.4 1052  1.2 1706  2.5 2331  1.1
10  Th       1220 0533  2.4 1205  1.1 1812  2.6 9999  9.9
11  Fr       1220 0035  1.0 0640  2.5 1310  1.0 1909  2.7
12  Sa       1220 0136  0.9 0739  2.7 1406  0.9 2001  2.8
13  Su       1220 0233  0.8 0831  2.8 1456  0.8 2050  2.9
14  Mo       1220 0325  0.7 0918  2.9 1542  0.7 2137  2.9
15  Tu       1220 0413  0.7 1002  3.0 1627  0.7 2223  2.9
16  We       1220 0458  0.7 1045  3.0 1710  0.7 2309  2.9
17  Th       1220 0541  0.7 1126  2.9 1753  0.8 2354  2.8
18  Fr       1220 0623  0.8 1208  2.8 1837  0.9 9999  9.9
19  Sa       1220 0039  2.7 0704  0.9 1251  2.7 1920  1.0
20  Su       1220 0125  2.5 0746  1.0 1335  2.6 2005  1.1
21  Mo       1220 0213  2.4 0830  1.2 1424  2.5 2053  1.2
22  Tu       1220 0306  2.3 0920  1.3 1520  2.4 2145  1.3
23  We       1220 0407  2.2 1018  1.3 1621  2.3 2241  1.3
24  Th       1220 0515  2.2 1122  1.3 1724  2.3 2342  1.3
25  Fr       1220 0623  2.2 1225  1.3 1823  2.4 9999  9.9
26  Sa       1220 0046  1.3 0721  2.3 1322  1.2 1916  2.4
27  Su       1220 0146  1.2 0809  2.4 1411  1.1 2004  2.5
28  Mo       1220 0239  1.1 0852  2.6 1456  1.0 2050  2.6
29  Tu       1220 0325  1.0 0932  2.7 1539  0.9 2133  2.7
30  We       1220 0407  0.9 1010  2.8 1621  0.8 2216  2.7
31  Th       1220 0447  0.9 1047  2.8 1703  0.8 2257  2.8
