076Port Taranaki
Based on data from  1-Jul-2006
Local Std Time, tidal heights in metres.
 1  We        120 0126  3.0 0733  0.9 1343  3.0 2006  1.0
 2  Th        120 0211  2.8 0818  1.0 1431  2.9 2053  1.1
 3  Fr        120 0300  2.8 0909  1.2 1523  2.8 2145  1.1
 4  Sa        120 0356  2.7 1007  1.2 1620  2.8 2241  1.2
 5  Su        120 0458  2.7 1111  1.3 1718  2.8 2340  1.1
 6  Mo        120 0601  2.7 1214  1.2 1816  2.8 9999  9.9
 7  Tu        120 0039  1.0 0700  2.9 1310  1.1 1910  2.9
 8  We        120 0133  0.9 0751  3.0 1401  0.9 2000  3.0
 9  Th        120 0222  0.8 0837  3.2 1447  0.8 2048  3.2
10  Fr        120 0308  0.6 0921  3.4 1533  0.6 2135  3.3
11  Sa        120 0352  0.4 1004  3.5 1618  0.4 2222  3.4
12  Su        120 0436  0.3 1047  3.6 1704  0.4 2308  3.5
13  Mo        120 0521  0.3 1132  3.7 1750  0.3 2355  3.5
14  Tu        120 0606  0.3 1219  3.6 1839  0.4 9999  9.9
15  We        120 0044  3.4 0654  0.4 1308  3.5 1929  0.4
16  Th        120 0134  3.3 0744  0.6 1400  3.4 2021  0.6
17  Fr        120 0228  3.2 0840  0.7 1457  3.2 2117  0.7
18  Sa        120 0327  3.1 0942  0.9 1559  3.1 2218  0.8
19  Su        120 0433  3.0 1051  1.0 1705  3.0 2324  0.9
20  Mo        120 0545  2.9 1203  1.0 1813  3.0 9999  9.9
21  Tu        120 0032  0.9 0655  3.0 1310  0.9 1918  3.0
22  We        120 0135  0.8 0756  3.1 1408  0.8 2016  3.1
23  Th        120 0230  0.7 0846  3.3 1458  0.7 2106  3.2
24  Fr        120 0317  0.6 0930  3.3 1543  0.6 2150  3.2
25  Sa        120 0359  0.5 1010  3.4 1624  0.6 2230  3.2
26  Su        120 0438  0.5 1046  3.4 1702  0.6 2307  3.3
27  Mo        120 0514  0.5 1121  3.4 1738  0.6 2342  3.2
28  Tu        120 0549  0.6 1155  3.4 1814  0.7 9999  9.9
29  We        120 0017  3.2 0623  0.7 1230  3.3 1849  0.7
30  Th        120 0052  3.1 0659  0.8 1306  3.2 1926  0.8
31  Fr        120 0129  3.0 0737  0.9 1345  3.0 2005  0.9
 1  Sa        220 0210  2.9 0819  1.1 1430  2.9 2049  1.1
 2  Su        220 0258  2.8 0910  1.2 1521  2.8 2140  1.1
 3  Mo        220 0356  2.7 1011  1.3 1620  2.7 2241  1.2
 4  Tu        220 0503  2.7 1121  1.3 1725  2.7 2349  1.2
 5  We        220 0615  2.8 1230  1.2 1831  2.8 9999  9.9
 6  Th        220 0057  1.0 0719  2.9 1332  1.0 1933  3.0
 7  Fr        220 0156  0.8 0813  3.2 1425  0.8 2029  3.2
 8  Sa        220 0247  0.6 0901  3.4 1514  0.5 2120  3.4
 9  Su        220 0335  0.4 0947  3.6 1601  0.3 2208  3.5
10  Mo        220 0420  0.2 1031  3.8 1647  0.2 2254  3.6
11  Tu        220 0505  0.1 1116  3.8 1734  0.1 2340  3.7
12  We        220 0550  0.2 1202  3.8 1820  0.2 9999  9.9
13  Th        220 0026  3.6 0636  0.3 1249  3.7 1907  0.3
14  Fr        220 0114  3.5 0725  0.4 1338  3.5 1957  0.5
15  Sa        220 0204  3.3 0817  0.7 1432  3.2 2050  0.7
16  Su        220 0300  3.1 0916  0.9 1531  3.0 2149  0.9
17  Mo        220 0404  2.9 1025  1.1 1639  2.9 2257  1.0
18  Tu        220 0521  2.8 1143  1.1 1754  2.8 9999  9.9
19  We        220 0012  1.0 0639  2.9 1256  1.1 1906  2.8
20  Th        220 0121  1.0 0743  3.0 1356  0.9 2006  2.9
21  Fr        220 0216  0.8 0833  3.1 1445  0.8 2055  3.1
22  Sa        220 0302  0.7 0914  3.3 1527  0.7 2136  3.2
23  Su        220 0342  0.6 0951  3.4 1605  0.6 2212  3.2
24  Mo        220 0418  0.5 1024  3.4 1639  0.6 2245  3.3
25  Tu        220 0451  0.5 1056  3.4 1712  0.5 2317  3.3
26  We        220 0523  0.5 1127  3.4 1744  0.6 2348  3.3
27  Th        220 0555  0.6 1158  3.3 1816  0.6 9999  9.9
28  Fr        220 0019  3.2 0627  0.7 1231  3.2 1849  0.7
29  Sa        220 0052  3.1 0701  0.8 1306  3.1 1924  0.8
 1  Su        320 0128  3.0 0739  1.0 1345  3.0 2004  1.0
 2  Mo        320 0211  2.8 0826  1.1 1433  2.8 2052  1.1
 3  Tu        320 0305  2.7 0925  1.3 1533  2.7 2153  1.2
 4  We        320 0415  2.7 1038  1.3 1643  2.7 2307  1.2
 5  Th        320 0535  2.7 1155  1.2 1759  2.8 9999  9.9
 6  Fr        320 0024  1.1 0648  2.9 1304  1.0 1909  2.9
 7  Sa        320 0130  0.8 0747  3.2 1402  0.7 2009  3.2
 8  Su        320 0225  0.6 0838  3.5 1453  0.4 2101  3.4
 9  Mo        320 0314  0.3 0925  3.7 1541  0.2 2149  3.6
10  Tu        320 0400  0.1 1011  3.8 1627  0.1 2235  3.8
11  We        320 0445  0.1 1056  3.9 1712  0.0 2320  3.8
12  Th        320 0530  0.1 1141  3.8 1758  0.1 9999  9.9
13  Fr        320 0005  3.7 0616  0.2 1227  3.7 1844  0.2
14  Sa        320 0051  3.5 0704  0.4 1315  3.4 1932  0.5
15  Su        320 0139  3.3 0755  0.7 1407  3.2 2023  0.7
16  Mo        320 0234  3.1 0853  0.9 1506  2.9 2121  1.0
17  Tu        320 0338  2.9 1003  1.1 1615  2.7 2230  1.1
18  We        320 0456  2.8 1122  1.2 1734  2.7 2349  1.2
19  Th        320 0618  2.8 1237  1.1 1849  2.7 9999  9.9
20  Fr        320 0101  1.1 0722  2.9 1336  1.0 1948  2.9
21  Sa        320 0156  0.9 0810  3.1 1423  0.9 2034  3.0
22  Su        320 0240  0.8 0850  3.2 1503  0.7 2113  3.1
23  Mo        320 0318  0.7 0924  3.3 1538  0.6 2147  3.2
24  Tu        320 0352  0.6 0956  3.4 1612  0.6 2218  3.3
25  We        320 0424  0.5 1027  3.4 1643  0.5 2249  3.3
26  Th        320 0455  0.5 1057  3.4 1714  0.5 2318  3.3
27  Fr        320 0526  0.6 1127  3.3 1745  0.6 2349  3.3
28  Sa        320 0557  0.7 1159  3.2 1817  0.7 9999  9.9
29  Su        320 0020  3.2 0631  0.8 1233  3.1 1851  0.8
30  Mo        320 0055  3.1 0710  0.9 1313  3.0 1931  0.9
31  Tu        320 0138  2.9 0757  1.1 1401  2.8 2019  1.1
 1  We        420 0233  2.8 0858  1.2 1503  2.7 2121  1.2
 2  Th        420 0344  2.7 1011  1.2 1616  2.7 2236  1.2
 3  Fr        420 0504  2.8 1127  1.1 1733  2.8 2355  1.1
 4  Sa        420 0618  3.0 1236  0.9 1844  3.0 9999  9.9
 5  Su        420 0103  0.8 0719  3.2 1335  0.6 1945  3.2
 6  Mo        420 0200  0.6 0812  3.5 1428  0.4 2038  3.5
 7  Tu        420 0251  0.3 0900  3.7 1517  0.2 2127  3.7
 8  We        420 0338  0.1 0947  3.8 1603  0.0 2213  3.8
 9  Th        420 0424  0.1 1032  3.8 1649  0.0 2258  3.8
10  Fr        420 0510  0.1 1118  3.8 1735  0.1 2343  3.7
11  Sa        420 0556  0.3 1205  3.6 1821  0.3 9999  9.9
12  Su        420 0029  3.5 0644  0.5 1254  3.3 1908  0.5
13  Mo        420 0117  3.3 0735  0.7 1346  3.1 1958  0.8
14  Tu        420 0210  3.1 0833  1.0 1444  2.9 2055  1.0
15  We        420 0313  2.9 0939  1.1 1551  2.7 2202  1.2
16  Th        420 0427  2.8 1053  1.2 1706  2.6 2317  1.2
17  Fr        420 0543  2.8 1205  1.2 1818  2.7 9999  9.9
18  Sa        420 0028  1.2 0646  2.9 1303  1.0 1916  2.8
19  Su        420 0124  1.0 0735  3.0 1350  0.9 2002  3.0
20  Mo        420 0209  0.9 0815  3.1 1430  0.8 2041  3.1
21  Tu        420 0247  0.8 0850  3.2 1506  0.7 2116  3.2
22  We        420 0322  0.7 0924  3.3 1540  0.6 2148  3.3
23  Th        420 0355  0.6 0955  3.3 1612  0.6 2219  3.3
24  Fr        420 0427  0.6 1027  3.3 1644  0.6 2250  3.3
25  Sa        420 0459  0.6 1059  3.3 1716  0.6 2322  3.3
26  Su        420 0533  0.7 1133  3.2 1750  0.7 2356  3.2
27  Mo        420 0610  0.8 1210  3.1 1827  0.8 9999  9.9
28  Tu        420 0034  3.1 0652  0.9 1253  3.0 1910  0.9
29  We        420 0119  3.0 0743  1.0 1345  2.9 2001  1.0
30  Th        420 0216  2.9 0843  1.1 1447  2.8 2102  1.1
 1  Fr        520 0325  2.9 0952  1.1 1558  2.8 2214  1.1
 2  Sa        520 0439  2.9 1102  1.0 1710  2.9 2327  1.0
 3  Su        520 0548  3.1 1208  0.8 1819  3.0 9999  9.9
 4  Mo        520 0035  0.8 0649  3.3 1307  0.6 1919  3.3
 5  Tu        520 0134  0.6 0743  3.5 1401  0.4 2014  3.5
 6  We        520 0226  0.4 0834  3.6 1452  0.2 2103  3.6
 7  Th        520 0316  0.2 0923  3.7 1540  0.1 2151  3.7
 8  Fr        520 0403  0.2 1010  3.7 1627  0.1 2237  3.7
 9  Sa        520 0450  0.2 1057  3.6 1713  0.2 2322  3.6
10  Su        520 0537  0.4 1145  3.4 1759  0.4 9999  9.9
11  Mo        520 0008  3.5 0626  0.6 1234  3.2 1846  0.6
12  Tu        520 0056  3.3 0716  0.8 1325  3.0 1935  0.8
13  We        520 0147  3.1 0811  1.0 1420  2.8 2028  1.0
14  Th        520 0245  2.9 0911  1.1 1520  2.7 2128  1.2
15  Fr        520 0349  2.8 1015  1.2 1625  2.7 2235  1.2
16  Sa        520 0455  2.8 1118  1.1 1731  2.7 2342  1.2
17  Su        520 0556  2.8 1216  1.1 1830  2.8 9999  9.9
18  Mo        520 0040  1.1 0647  2.9 1307  1.0 1920  2.9
19  Tu        520 0129  1.0 0731  3.0 1350  0.9 2003  3.0
20  We        520 0211  0.9 0811  3.1 1430  0.8 2041  3.1
21  Th        520 0249  0.8 0848  3.2 1506  0.7 2117  3.2
22  Fr        520 0325  0.7 0923  3.2 1542  0.6 2151  3.3
23  Sa        520 0400  0.7 0959  3.2 1617  0.6 2226  3.3
24  Su        520 0436  0.7 1035  3.2 1653  0.6 2301  3.3
25  Mo        520 0514  0.7 1114  3.2 1731  0.6 2339  3.3
26  Tu        520 0556  0.7 1156  3.1 1812  0.7 9999  9.9
27  We        520 0021  3.2 0642  0.8 1243  3.0 1857  0.8
28  Th        520 0109  3.1 0734  0.9 1336  3.0 1948  0.9
29  Fr        520 0205  3.1 0831  0.9 1435  2.9 2047  0.9
30  Sa        520 0308  3.0 0933  0.9 1539  2.9 2152  1.0
31  Su        520 0414  3.1 1036  0.8 1646  3.0 2301  0.9
 1  Mo        620 0519  3.1 1139  0.7 1752  3.1 9999  9.9
 2  Tu        620 0007  0.8 0620  3.3 1239  0.6 1854  3.2
 3  We        620 0109  0.7 0717  3.4 1336  0.5 1950  3.4
 4  Th        620 0204  0.5 0810  3.5 1429  0.3 2043  3.5
 5  Fr        620 0256  0.4 0902  3.5 1519  0.3 2132  3.6
 6  Sa        620 0345  0.4 0951  3.5 1608  0.3 2219  3.6
 7  Su        620 0433  0.4 1040  3.4 1654  0.3 2304  3.5
 8  Mo        620 0521  0.5 1128  3.3 1739  0.5 2349  3.4
 9  Tu        620 0608  0.6 1215  3.2 1824  0.6 9999  9.9
10  We        620 0034  3.3 0656  0.8 1302  3.0 1909  0.8
11  Th        620 0121  3.1 0744  0.9 1351  2.9 1957  0.9
12  Fr        620 0211  3.0 0835  1.0 1442  2.8 2048  1.1
13  Sa        620 0305  2.9 0929  1.1 1537  2.7 2145  1.2
14  Su        620 0402  2.8 1024  1.1 1635  2.7 2246  1.2
15  Mo        620 0458  2.8 1120  1.1 1734  2.7 2347  1.2
16  Tu        620 0553  2.9 1214  1.0 1830  2.8 9999  9.9
17  We        620 0042  1.1 0643  2.9 1305  1.0 1921  2.9
18  Th        620 0131  1.0 0729  3.0 1351  0.9 2006  3.0
19  Fr        620 0215  0.9 0812  3.0 1433  0.8 2047  3.1
20  Sa        620 0256  0.8 0854  3.1 1514  0.7 2126  3.2
21  Su        620 0336  0.7 0935  3.2 1554  0.6 2205  3.3
22  Mo        620 0416  0.7 1017  3.2 1634  0.6 2244  3.4
23  Tu        620 0459  0.6 1100  3.2 1715  0.5 2325  3.4
24  We        620 0543  0.6 1146  3.2 1758  0.6 9999  9.9
25  Th        620 0010  3.4 0630  0.6 1234  3.2 1845  0.6
26  Fr        620 0058  3.3 0721  0.6 1324  3.1 1934  0.7
27  Sa        620 0151  3.3 0814  0.7 1419  3.1 2029  0.8
28  Su        620 0248  3.2 0910  0.7 1517  3.0 2130  0.9
29  Mo        620 0349  3.2 1009  0.7 1620  3.0 2235  0.9
30  Tu        620 0451  3.1 1111  0.7 1726  3.1 2343  0.9
 1  We        720 0554  3.2 1214  0.7 1831  3.1 9999  9.9
 2  Th        720 0047  0.8 0655  3.2 1315  0.6 1932  3.3
 3  Fr        720 0147  0.7 0753  3.3 1412  0.5 2028  3.4
 4  Sa        720 0242  0.6 0848  3.3 1504  0.5 2118  3.5
 5  Su        720 0332  0.5 0939  3.3 1552  0.4 2204  3.5
 6  Mo        720 0419  0.5 1026  3.3 1637  0.4 2248  3.5
 7  Tu        720 0504  0.5 1111  3.3 1720  0.5 2329  3.4
 8  We        720 0548  0.6 1154  3.2 1801  0.6 9999  9.9
 9  Th        720 0010  3.3 0630  0.7 1235  3.1 1841  0.7
10  Fr        720 0051  3.2 0712  0.8 1316  3.0 1922  0.8
11  Sa        720 0133  3.1 0755  0.9 1400  2.9 2006  1.0
12  Su        720 0218  3.0 0840  1.0 1446  2.8 2054  1.1
13  Mo        720 0308  2.9 0928  1.1 1538  2.7 2149  1.2
14  Tu        720 0401  2.8 1021  1.1 1636  2.7 2249  1.2
15  We        720 0457  2.8 1118  1.1 1737  2.7 2351  1.2
16  Th        720 0553  2.8 1216  1.1 1838  2.8 9999  9.9
17  Fr        720 0050  1.1 0648  2.8 1312  1.0 1932  2.9
18  Sa        720 0142  1.0 0740  2.9 1403  0.9 2019  3.1
19  Su        720 0229  0.9 0829  3.1 1449  0.7 2103  3.2
20  Mo        720 0314  0.7 0916  3.2 1533  0.6 2145  3.4
21  Tu        720 0358  0.6 1001  3.3 1616  0.4 2227  3.5
22  We        720 0442  0.5 1046  3.4 1659  0.4 2310  3.6
23  Th        720 0527  0.4 1132  3.4 1742  0.4 2354  3.6
24  Fr        720 0613  0.4 1218  3.4 1828  0.4 9999  9.9
25  Sa        720 0041  3.5 0701  0.4 1306  3.3 1916  0.5
26  Su        720 0131  3.4 0751  0.5 1357  3.2 2008  0.7
27  Mo        720 0224  3.3 0845  0.6 1452  3.1 2106  0.8
28  Tu        720 0323  3.2 0942  0.7 1554  3.0 2211  0.9
29  We        720 0426  3.1 1045  0.8 1703  3.0 2322  1.0
30  Th        720 0533  3.0 1153  0.8 1815  3.0 9999  9.9
31  Fr        720 0033  0.9 0641  3.0 1300  0.8 1921  3.1
 1  Sa        820 0136  0.8 0744  3.1 1400  0.7 2018  3.2
 2  Su        820 0231  0.7 0840  3.1 1452  0.6 2106  3.4
 3  Mo        820 0320  0.6 0928  3.2 1538  0.5 2149  3.4
 4  Tu        820 0404  0.6 1012  3.3 1619  0.5 2229  3.5
 5  We        820 0445  0.5 1051  3.3 1658  0.5 2306  3.4
 6  Th        820 0523  0.6 1128  3.3 1735  0.5 2341  3.4
 7  Fr        820 0600  0.6 1204  3.2 1810  0.6 9999  9.9
 8  Sa        820 0016  3.3 0636  0.7 1239  3.1 1846  0.7
 9  Su        820 0053  3.2 0713  0.8 1316  3.0 1924  0.9
10  Mo        820 0132  3.1 0751  0.9 1357  2.9 2006  1.0
11  Tu        820 0215  2.9 0834  1.0 1443  2.8 2055  1.2
12  We        820 0305  2.8 0924  1.1 1539  2.7 2154  1.3
13  Th        820 0403  2.7 1022  1.2 1645  2.7 2302  1.3
14  Fr        820 0506  2.7 1129  1.2 1755  2.7 9999  9.9
15  Sa        820 0011  1.2 0612  2.7 1236  1.1 1859  2.9
16  Su        820 0112  1.1 0713  2.9 1335  0.9 1953  3.1
17  Mo        820 0205  0.9 0807  3.1 1426  0.7 2040  3.3
18  Tu        820 0252  0.6 0857  3.3 1512  0.5 2123  3.5
19  We        820 0337  0.4 0943  3.4 1556  0.3 2206  3.7
20  Th        820 0422  0.3 1028  3.6 1639  0.2 2249  3.8
21  Fr        820 0506  0.2 1112  3.6 1723  0.2 2333  3.8
22  Sa        820 0552  0.2 1157  3.6 1808  0.2 9999  9.9
23  Su        820 0019  3.7 0638  0.3 1244  3.5 1855  0.4
24  Mo        820 0107  3.5 0726  0.4 1333  3.4 1946  0.6
25  Tu        820 0200  3.3 0818  0.6 1427  3.2 2043  0.8
26  We        820 0258  3.1 0916  0.8 1530  3.0 2150  1.0
27  Th        820 0404  2.9 1022  1.0 1643  2.9 2306  1.1
28  Fr        820 0519  2.8 1136  1.0 1803  2.9 9999  9.9
29  Sa        820 0022  1.0 0633  2.9 1249  1.0 1912  3.0
30  Su        820 0127  0.9 0738  3.0 1349  0.8 2007  3.2
31  Mo        820 0220  0.8 0830  3.1 1438  0.7 2051  3.3
 1  Tu        920 0304  0.7 0914  3.2 1521  0.6 2130  3.4
 2  We        920 0344  0.6 0952  3.3 1558  0.5 2205  3.4
 3  Th        920 0420  0.5 1027  3.3 1633  0.5 2238  3.5
 4  Fr        920 0455  0.5 1059  3.3 1706  0.5 2310  3.4
 5  Sa        920 0527  0.5 1131  3.3 1739  0.6 2341  3.3
 6  Su        920 0600  0.6 1203  3.2 1811  0.7 9999  9.9
 7  Mo        920 0014  3.2 0633  0.7 1236  3.1 1845  0.8
 8  Tu        920 0049  3.1 0708  0.8 1312  3.0 1924  1.0
 9  We        920 0129  2.9 0747  1.0 1354  2.9 2010  1.1
10  Th        920 0217  2.8 0834  1.1 1448  2.7 2108  1.3
11  Fr        920 0316  2.7 0934  1.2 1557  2.6 2220  1.3
12  Sa        920 0426  2.6 1046  1.2 1716  2.7 2336  1.2
13  Su        920 0540  2.7 1202  1.1 1827  2.9 9999  9.9
14  Mo        920 0043  1.1 0647  2.9 1307  0.9 1925  3.1
15  Tu        920 0138  0.8 0745  3.1 1401  0.7 2013  3.4
16  We        920 0227  0.5 0835  3.4 1448  0.4 2058  3.6
17  Th        920 0314  0.3 0921  3.6 1533  0.2 2142  3.8
18  Fr        920 0358  0.1 1006  3.7 1617  0.1 2226  3.9
19  Sa        920 0443  0.0 1050  3.8 1701  0.1 2310  3.9
20  Su        920 0528  0.0 1135  3.8 1746  0.2 2356  3.7
21  Mo        920 0614  0.2 1220  3.6 1834  0.3 9999  9.9
22  Tu        920 0044  3.5 0702  0.4 1309  3.4 1925  0.6
23  We        920 0137  3.3 0753  0.6 1403  3.2 2023  0.8
24  Th        920 0236  3.0 0851  0.9 1507  3.0 2132  1.1
25  Fr        920 0346  2.8 1000  1.1 1625  2.8 2251  1.1
26  Sa        920 0505  2.7 1118  1.1 1748  2.8 9999  9.9
27  Su        920 0008  1.1 0623  2.8 1233  1.1 1856  3.0
28  Mo        920 0111  1.0 0725  2.9 1332  0.9 1947  3.1
29  Tu        920 0200  0.8 0813  3.1 1419  0.8 2029  3.2
30  We        920 0242  0.7 0852  3.2 1458  0.6 2104  3.3
 1  Th       1020 0319  0.6 0928  3.3 1533  0.5 2137  3.4
 2  Fr       1020 0353  0.5 1000  3.4 1606  0.5 2208  3.4
 3  Sa       1020 0425  0.5 1030  3.4 1638  0.5 2239  3.4
 4  Su       1020 0456  0.5 1100  3.4 1709  0.6 2309  3.3
 5  Mo       1020 0526  0.6 1131  3.3 1740  0.7 2340  3.2
 6  Tu       1020 0558  0.7 1202  3.2 1814  0.8 9999  9.9
 7  We       1020 0014  3.1 0632  0.8 1237  3.1 1852  0.9
 8  Th       1020 0053  3.0 0711  0.9 1318  2.9 1937  1.1
 9  Fr       1020 0140  2.8 0758  1.1 1411  2.8 2036  1.2
10  Sa       1020 0241  2.7 0857  1.2 1521  2.7 2148  1.3
11  Su       1020 0354  2.6 1011  1.2 1640  2.7 2303  1.2
12  Mo       1020 0510  2.7 1128  1.1 1753  2.9 9999  9.9
13  Tu       1020 0011  1.0 0619  2.9 1237  0.9 1853  3.2
14  We       1020 0109  0.7 0719  3.2 1333  0.6 1944  3.4
15  Th       1020 0200  0.4 0810  3.4 1423  0.4 2031  3.7
16  Fr       1020 0248  0.2 0858  3.6 1510  0.2 2117  3.8
17  Sa       1020 0334  0.0 0943  3.8 1555  0.1 2202  3.9
18  Su       1020 0420  0.0 1028  3.9 1641  0.1 2248  3.8
19  Mo       1020 0505  0.0 1113  3.8 1727  0.2 2335  3.7
20  Tu       1020 0552  0.2 1200  3.6 1815  0.4 9999  9.9
21  We       1020 0024  3.4 0640  0.4 1248  3.4 1907  0.6
22  Th       1020 0117  3.2 0731  0.7 1342  3.2 2005  0.9
23  Fr       1020 0217  2.9 0828  0.9 1445  3.0 2112  1.1
24  Sa       1020 0325  2.8 0935  1.1 1600  2.8 2227  1.1
25  Su       1020 0441  2.7 1051  1.2 1718  2.8 2340  1.1
26  Mo       1020 0556  2.7 1205  1.1 1824  2.9 9999  9.9
27  Tu       1020 0042  1.0 0657  2.8 1304  1.0 1915  3.0
28  We       1020 0131  0.9 0744  3.0 1350  0.9 1957  3.1
29  Th       1020 0212  0.7 0824  3.1 1430  0.7 2033  3.2
30  Fr       1020 0249  0.6 0859  3.3 1505  0.6 2107  3.3
31  Sa       1020 0323  0.6 0932  3.3 1539  0.6 2139  3.3
 1  Su       1120 0356  0.5 1003  3.4 1611  0.6 2210  3.3
 2  Mo       1120 0427  0.5 1034  3.4 1643  0.6 2242  3.3
 3  Tu       1120 0459  0.6 1105  3.3 1716  0.7 2315  3.2
 4  We       1120 0532  0.6 1138  3.2 1752  0.8 2350  3.1
 5  Th       1120 0607  0.7 1214  3.1 1832  0.9 9999  9.9
 6  Fr       1120 0031  3.0 0647  0.9 1256  3.0 1919  1.0
 7  Sa       1120 0120  2.9 0735  1.0 1348  2.9 2016  1.1
 8  Su       1120 0219  2.8 0832  1.1 1454  2.8 2122  1.1
 9  Mo       1120 0327  2.7 0941  1.1 1607  2.9 2231  1.1
10  Tu       1120 0439  2.8 1055  1.1 1717  3.0 2337  0.9
11  We       1120 0548  2.9 1204  0.9 1819  3.2 9999  9.9
12  Th       1120 0037  0.7 0649  3.2 1304  0.7 1914  3.4
13  Fr       1120 0132  0.4 0744  3.4 1358  0.5 2005  3.6
14  Sa       1120 0223  0.2 0835  3.6 1447  0.3 2054  3.7
15  Su       1120 0312  0.1 0923  3.7 1536  0.2 2142  3.7
16  Mo       1120 0359  0.1 1010  3.8 1623  0.2 2230  3.7
17  Tu       1120 0446  0.1 1056  3.7 1711  0.3 2318  3.6
18  We       1120 0533  0.2 1143  3.6 1800  0.4 9999  9.9
19  Th       1120 0008  3.4 0621  0.4 1231  3.4 1852  0.6
20  Fr       1120 0100  3.1 0710  0.7 1323  3.2 1947  0.8
21  Sa       1120 0156  2.9 0804  0.9 1420  3.0 2046  1.0
22  Su       1120 0256  2.8 0903  1.1 1524  2.9 2150  1.1
23  Mo       1120 0402  2.7 1010  1.2 1632  2.8 2255  1.1
24  Tu       1120 0509  2.7 1119  1.2 1735  2.8 2356  1.1
25  We       1120 0612  2.8 1221  1.1 1830  2.9 9999  9.9
26  Th       1120 0049  1.0 0705  2.9 1313  1.0 1917  3.0
27  Fr       1120 0135  0.9 0749  3.0 1357  0.9 1958  3.1
28  Sa       1120 0216  0.8 0829  3.1 1436  0.8 2035  3.2
29  Su       1120 0254  0.7 0905  3.2 1513  0.7 2111  3.2
30  Mo       1120 0329  0.6 0939  3.3 1548  0.7 2146  3.2
 1  Tu       1220 0404  0.6 1013  3.3 1623  0.7 2221  3.2
 2  We       1220 0438  0.6 1047  3.3 1659  0.7 2258  3.2
 3  Th       1220 0514  0.6 1122  3.3 1737  0.7 2337  3.1
 4  Fr       1220 0552  0.7 1200  3.2 1820  0.8 9999  9.9
 5  Sa       1220 0020  3.1 0633  0.7 1243  3.2 1907  0.8
 6  Su       1220 0107  3.0 0719  0.8 1333  3.1 1959  0.9
 7  Mo       1220 0201  2.9 0812  0.9 1431  3.0 2057  0.9
 8  Tu       1220 0302  2.9 0914  1.0 1535  3.0 2159  0.9
 9  We       1220 0407  2.9 1021  1.0 1641  3.1 2303  0.8
10  Th       1220 0514  3.0 1130  0.9 1745  3.2 9999  9.9
11  Fr       1220 0005  0.7 0620  3.1 1236  0.8 1845  3.3
12  Sa       1220 0105  0.5 0720  3.3 1335  0.6 1941  3.4
13  Su       1220 0201  0.4 0816  3.5 1430  0.5 2035  3.5
14  Mo       1220 0254  0.3 0907  3.6 1521  0.4 2127  3.5
15  Tu       1220 0344  0.2 0956  3.7 1611  0.3 2217  3.5
16  We       1220 0432  0.2 1043  3.7 1659  0.4 2306  3.4
17  Th       1220 0518  0.3 1129  3.6 1747  0.5 2354  3.3
18  Fr       1220 0604  0.5 1215  3.4 1835  0.6 9999  9.9
19  Sa       1220 0042  3.2 0649  0.6 1301  3.3 1923  0.8
20  Su       1220 0130  3.0 0736  0.8 1349  3.1 2013  0.9
21  Mo       1220 0220  2.9 0826  1.0 1441  3.0 2105  1.0
22  Tu       1220 0313  2.8 0920  1.1 1537  2.9 2200  1.1
23  We       1220 0411  2.7 1021  1.2 1635  2.8 2258  1.1
24  Th       1220 0512  2.7 1126  1.2 1733  2.8 2356  1.1
25  Fr       1220 0614  2.8 1227  1.2 1828  2.8 9999  9.9
26  Sa       1220 0051  1.0 0710  2.9 1320  1.1 1918  2.9
27  Su       1220 0141  0.9 0758  3.0 1406  1.0 2004  3.0
28  Mo       1220 0225  0.8 0840  3.1 1448  0.9 2047  3.1
29  Tu       1220 0306  0.7 0919  3.2 1528  0.8 2127  3.1
30  We       1220 0344  0.6 0956  3.3 1606  0.7 2207  3.2
31  Th       1220 0422  0.6 1032  3.4 1645  0.6 2246  3.2
