079Marsden Point
Based on data from  1-Jul-2006
Local Std Time, tidal heights in metres.
 1  We        120 0527  0.7 1151  2.5 1805  0.8 9999  9.9
 2  Th        120 0005  2.3 0610  0.8 1234  2.4 1849  0.8
 3  Fr        120 0050  2.3 0655  0.9 1317  2.4 1935  0.9
 4  Sa        120 0139  2.2 0744  0.9 1403  2.3 2023  0.9
 5  Su        120 0232  2.2 0838  1.0 1452  2.3 2114  0.9
 6  Mo        120 0328  2.2 0933  1.0 1543  2.3 2205  0.8
 7  Tu        120 0425  2.2 1029  1.0 1635  2.3 2257  0.8
 8  We        120 0520  2.3 1123  0.9 1729  2.3 2348  0.7
 9  Th        120 0612  2.4 1215  0.9 1821  2.4 9999  9.9
10  Fr        120 0037  0.6 0701  2.5 1305  0.8 1913  2.5
11  Sa        120 0126  0.5 0749  2.6 1355  0.7 2004  2.6
12  Su        120 0214  0.4 0837  2.7 1445  0.6 2054  2.6
13  Mo        120 0302  0.4 0925  2.8 1535  0.5 2145  2.7
14  Tu        120 0350  0.3 1013  2.8 1625  0.5 2235  2.7
15  We        120 0439  0.4 1103  2.8 1716  0.5 2327  2.7
16  Th        120 0530  0.4 1153  2.8 1809  0.5 9999  9.9
17  Fr        120 0020  2.6 0623  0.5 1245  2.7 1902  0.5
18  Sa        120 0116  2.5 0720  0.6 1339  2.7 1958  0.6
19  Su        120 0216  2.5 0819  0.7 1436  2.6 2056  0.6
20  Mo        120 0319  2.5 0922  0.8 1535  2.5 2155  0.6
21  Tu        120 0422  2.5 1024  0.8 1635  2.5 2254  0.6
22  We        120 0522  2.5 1124  0.8 1734  2.4 2350  0.6
23  Th        120 0618  2.6 1220  0.8 1831  2.4 9999  9.9
24  Fr        120 0043  0.6 0710  2.6 1312  0.7 1923  2.5
25  Sa        120 0132  0.6 0757  2.6 1401  0.7 2011  2.5
26  Su        120 0218  0.6 0841  2.6 1447  0.7 2055  2.5
27  Mo        120 0300  0.6 0923  2.6 1530  0.7 2136  2.5
28  Tu        120 0340  0.6 1002  2.6 1611  0.7 2215  2.5
29  We        120 0419  0.7 1040  2.6 1651  0.7 2253  2.4
30  Th        120 0457  0.7 1117  2.5 1730  0.8 2332  2.4
31  Fr        120 0535  0.8 1156  2.5 1810  0.8 9999  9.9
 1  Sa        220 0013  2.3 0616  0.9 1235  2.4 1851  0.8
 2  Su        220 0057  2.3 0701  0.9 1318  2.4 1935  0.9
 3  Mo        220 0146  2.3 0751  1.0 1405  2.3 2023  0.9
 4  Tu        220 0240  2.2 0846  1.0 1456  2.3 2117  0.9
 5  We        220 0339  2.3 0945  1.0 1553  2.3 2214  0.8
 6  Th        220 0439  2.3 1045  1.0 1652  2.3 2312  0.8
 7  Fr        220 0537  2.4 1143  0.9 1751  2.4 9999  9.9
 8  Sa        220 0007  0.6 0632  2.6 1239  0.8 1849  2.5
 9  Su        220 0101  0.5 0724  2.7 1332  0.6 1943  2.6
10  Mo        220 0152  0.4 0815  2.8 1424  0.5 2036  2.7
11  Tu        220 0242  0.3 0904  2.9 1516  0.4 2128  2.8
12  We        220 0332  0.3 0954  2.9 1606  0.4 2219  2.8
13  Th        220 0422  0.3 1043  2.9 1657  0.4 2310  2.8
14  Fr        220 0513  0.4 1133  2.9 1748  0.4 9999  9.9
15  Sa        220 0002  2.7 0606  0.5 1224  2.8 1840  0.5
16  Su        220 0057  2.6 0701  0.6 1317  2.7 1934  0.6
17  Mo        220 0155  2.6 0800  0.8 1413  2.5 2031  0.7
18  Tu        220 0256  2.5 0901  0.8 1512  2.4 2131  0.7
19  We        220 0359  2.5 1004  0.9 1614  2.4 2231  0.8
20  Th        220 0501  2.5 1104  0.9 1715  2.4 2330  0.8
21  Fr        220 0557  2.5 1201  0.9 1813  2.4 9999  9.9
22  Sa        220 0023  0.7 0648  2.5 1252  0.8 1904  2.4
23  Su        220 0112  0.7 0735  2.6 1340  0.8 1950  2.4
24  Mo        220 0156  0.7 0817  2.6 1423  0.8 2032  2.5
25  Tu        220 0236  0.7 0856  2.6 1504  0.7 2111  2.5
26  We        220 0314  0.7 0933  2.6 1542  0.7 2148  2.5
27  Th        220 0351  0.7 1009  2.6 1619  0.7 2225  2.5
28  Fr        220 0427  0.7 1044  2.6 1655  0.7 2302  2.5
29  Sa        220 0504  0.8 1120  2.5 1732  0.8 2340  2.4
 1  Su        320 0543  0.9 1159  2.5 1811  0.8 9999  9.9
 2  Mo        320 0022  2.4 0626  0.9 1241  2.4 1853  0.8
 3  Tu        320 0109  2.3 0714  1.0 1327  2.3 1941  0.9
 4  We        320 0202  2.3 0808  1.0 1419  2.3 2036  0.9
 5  Th        320 0301  2.3 0909  1.0 1518  2.3 2137  0.8
 6  Fr        320 0404  2.4 1012  1.0 1622  2.4 2240  0.8
 7  Sa        320 0505  2.5 1114  0.9 1726  2.5 2340  0.7
 8  Su        320 0604  2.6 1213  0.7 1826  2.6 9999  9.9
 9  Mo        320 0036  0.5 0658  2.8 1309  0.6 1923  2.7
10  Tu        320 0130  0.4 0751  2.9 1402  0.5 2017  2.8
11  We        320 0221  0.3 0841  3.0 1454  0.4 2109  2.9
12  Th        320 0312  0.3 0931  3.0 1545  0.3 2200  2.9
13  Fr        320 0403  0.4 1021  3.0 1635  0.3 2251  2.9
14  Sa        320 0454  0.4 1111  2.9 1725  0.4 2342  2.8
15  Su        320 0547  0.5 1202  2.8 1815  0.5 9999  9.9
16  Mo        320 0036  2.7 0642  0.7 1255  2.6 1909  0.6
17  Tu        320 0132  2.6 0740  0.8 1350  2.5 2005  0.7
18  We        320 0232  2.5 0840  0.9 1450  2.4 2105  0.8
19  Th        320 0334  2.4 0942  0.9 1552  2.3 2207  0.9
20  Fr        320 0435  2.4 1042  0.9 1654  2.3 2306  0.9
21  Sa        320 0531  2.5 1137  0.9 1751  2.3 2359  0.8
22  Su        320 0621  2.5 1228  0.9 1841  2.4 9999  9.9
23  Mo        320 0047  0.8 0706  2.5 1313  0.8 1926  2.4
24  Tu        320 0130  0.8 0747  2.6 1355  0.8 2007  2.5
25  We        320 0209  0.8 0825  2.6 1434  0.7 2045  2.5
26  Th        320 0246  0.8 0901  2.6 1511  0.7 2121  2.5
27  Fr        320 0323  0.8 0936  2.6 1546  0.7 2156  2.5
28  Sa        320 0359  0.8 1012  2.5 1622  0.7 2233  2.5
29  Su        320 0436  0.8 1049  2.5 1658  0.7 2312  2.5
30  Mo        320 0516  0.9 1128  2.5 1737  0.8 2354  2.5
31  Tu        320 0559  0.9 1211  2.4 1820  0.8 9999  9.9
 1  We        420 0040  2.4 0647  1.0 1259  2.4 1909  0.8
 2  Th        420 0133  2.4 0742  1.0 1353  2.4 2005  0.9
 3  Fr        420 0232  2.4 0843  1.0 1453  2.4 2108  0.8
 4  Sa        420 0334  2.5 0947  0.9 1558  2.4 2212  0.8
 5  Su        420 0437  2.6 1050  0.8 1703  2.5 2314  0.7
 6  Mo        420 0536  2.7 1149  0.7 1805  2.6 9999  9.9
 7  Tu        420 0012  0.6 0632  2.8 1245  0.5 1902  2.8
 8  We        420 0107  0.5 0725  2.9 1339  0.4 1957  2.9
 9  Th        420 0200  0.4 0817  2.9 1431  0.3 2049  2.9
10  Fr        420 0252  0.4 0908  3.0 1521  0.3 2140  3.0
11  Sa        420 0343  0.4 0958  2.9 1610  0.3 2230  2.9
12  Su        420 0435  0.5 1049  2.8 1700  0.4 2321  2.8
13  Mo        420 0528  0.6 1140  2.7 1750  0.5 9999  9.9
14  Tu        420 0013  2.7 0622  0.7 1232  2.6 1842  0.7
15  We        420 0108  2.6 0718  0.8 1327  2.4 1938  0.8
16  Th        420 0206  2.5 0817  0.9 1425  2.3 2037  0.9
17  Fr        420 0305  2.4 0916  0.9 1526  2.3 2138  0.9
18  Sa        420 0404  2.4 1013  0.9 1626  2.3 2236  0.9
19  Su        420 0458  2.4 1107  0.9 1722  2.3 2329  0.9
20  Mo        420 0547  2.5 1156  0.9 1812  2.4 9999  9.9
21  Tu        420 0016  0.9 0632  2.5 1241  0.8 1857  2.4
22  We        420 0059  0.9 0712  2.5 1322  0.8 1937  2.5
23  Th        420 0139  0.8 0750  2.5 1401  0.7 2015  2.5
24  Fr        420 0217  0.8 0827  2.5 1438  0.7 2052  2.6
25  Sa        420 0254  0.8 0904  2.5 1514  0.7 2129  2.6
26  Su        420 0332  0.8 0942  2.5 1551  0.7 2207  2.6
27  Mo        420 0412  0.8 1022  2.5 1630  0.7 2248  2.6
28  Tu        420 0454  0.9 1104  2.5 1711  0.7 2331  2.5
29  We        420 0539  0.9 1149  2.4 1756  0.8 9999  9.9
30  Th        420 0019  2.5 0629  0.9 1239  2.4 1846  0.8
 1  Fr        520 0112  2.5 0725  0.9 1334  2.4 1943  0.8
 2  Sa        520 0209  2.5 0824  0.9 1434  2.4 2045  0.8
 3  Su        520 0310  2.5 0926  0.8 1539  2.5 2148  0.8
 4  Mo        520 0410  2.6 1027  0.7 1643  2.5 2250  0.7
 5  Tu        520 0509  2.7 1125  0.6 1745  2.7 2349  0.6
 6  We        520 0605  2.8 1222  0.5 1842  2.8 9999  9.9
 7  Th        520 0045  0.5 0700  2.8 1315  0.4 1937  2.9
 8  Fr        520 0139  0.5 0753  2.9 1407  0.3 2029  2.9
 9  Sa        520 0231  0.5 0845  2.9 1457  0.3 2119  2.9
10  Su        520 0323  0.5 0936  2.8 1546  0.4 2209  2.9
11  Mo        520 0415  0.6 1026  2.7 1635  0.5 2259  2.8
12  Tu        520 0507  0.6 1117  2.6 1725  0.6 2349  2.7
13  We        520 0600  0.7 1208  2.5 1815  0.7 9999  9.9
14  Th        520 0041  2.6 0654  0.8 1300  2.4 1908  0.8
15  Fr        520 0135  2.5 0749  0.9 1355  2.3 2004  0.9
16  Sa        520 0230  2.4 0844  0.9 1452  2.3 2101  1.0
17  Su        520 0325  2.4 0938  0.9 1550  2.3 2158  1.0
18  Mo        520 0417  2.4 1030  0.9 1646  2.3 2251  1.0
19  Tu        520 0505  2.4 1119  0.9 1737  2.3 2339  1.0
20  We        520 0550  2.4 1204  0.8 1823  2.4 9999  9.9
21  Th        520 0024  0.9 0632  2.4 1246  0.8 1905  2.5
22  Fr        520 0106  0.9 0713  2.5 1326  0.7 1944  2.5
23  Sa        520 0146  0.9 0753  2.5 1405  0.7 2024  2.6
24  Su        520 0226  0.8 0834  2.5 1444  0.7 2103  2.6
25  Mo        520 0308  0.8 0915  2.5 1524  0.6 2144  2.6
26  Tu        520 0350  0.8 0959  2.5 1606  0.6 2227  2.6
27  We        520 0435  0.8 1044  2.5 1650  0.7 2313  2.6
28  Th        520 0523  0.8 1132  2.5 1737  0.7 9999  9.9
29  Fr        520 0002  2.6 0615  0.8 1223  2.5 1828  0.7
30  Sa        520 0054  2.6 0709  0.8 1318  2.5 1924  0.7
31  Su        520 0150  2.6 0807  0.8 1418  2.5 2024  0.8
 1  Mo        620 0247  2.6 0906  0.7 1521  2.5 2127  0.7
 2  Tu        620 0346  2.6 1005  0.6 1624  2.6 2228  0.7
 3  We        620 0444  2.7 1103  0.6 1725  2.7 2328  0.7
 4  Th        620 0541  2.7 1159  0.5 1823  2.7 9999  9.9
 5  Fr        620 0025  0.6 0637  2.7 1253  0.4 1917  2.8
 6  Sa        620 0119  0.6 0731  2.7 1345  0.4 2009  2.9
 7  Su        620 0212  0.6 0823  2.7 1435  0.4 2059  2.9
 8  Mo        620 0304  0.6 0914  2.7 1523  0.5 2148  2.8
 9  Tu        620 0355  0.6 1004  2.6 1611  0.5 2236  2.8
10  We        620 0445  0.7 1053  2.5 1658  0.6 2323  2.7
11  Th        620 0535  0.7 1141  2.5 1746  0.7 9999  9.9
12  Fr        620 0012  2.6 0624  0.8 1229  2.4 1835  0.8
13  Sa        620 0100  2.5 0715  0.9 1319  2.3 1926  0.9
14  Su        620 0149  2.4 0805  0.9 1412  2.3 2019  1.0
15  Mo        620 0239  2.4 0856  0.9 1507  2.3 2114  1.0
16  Tu        620 0328  2.4 0947  0.9 1602  2.3 2207  1.0
17  We        620 0417  2.4 1036  0.9 1655  2.3 2258  1.0
18  Th        620 0504  2.4 1122  0.8 1744  2.4 2346  1.0
19  Fr        620 0550  2.4 1207  0.8 1829  2.4 9999  9.9
20  Sa        620 0031  0.9 0636  2.4 1251  0.7 1913  2.5
21  Su        620 0115  0.9 0721  2.4 1334  0.7 1955  2.6
22  Mo        620 0159  0.8 0806  2.5 1417  0.6 2038  2.6
23  Tu        620 0244  0.8 0852  2.5 1500  0.6 2122  2.7
24  We        620 0330  0.7 0939  2.6 1545  0.5 2208  2.7
25  Th        620 0418  0.7 1027  2.6 1631  0.6 2255  2.7
26  Fr        620 0507  0.7 1116  2.6 1720  0.6 2344  2.7
27  Sa        620 0559  0.7 1208  2.5 1812  0.6 9999  9.9
28  Su        620 0036  2.7 0652  0.7 1303  2.5 1907  0.7
29  Mo        620 0129  2.7 0747  0.6 1401  2.5 2006  0.7
30  Tu        620 0225  2.6 0844  0.6 1503  2.5 2107  0.7
 1  We        720 0323  2.6 0943  0.6 1606  2.5 2209  0.7
 2  Th        720 0421  2.6 1041  0.6 1707  2.6 2309  0.7
 3  Fr        720 0520  2.6 1138  0.5 1805  2.7 9999  9.9
 4  Sa        720 0007  0.7 0617  2.6 1233  0.5 1859  2.7
 5  Su        720 0102  0.7 0712  2.6 1325  0.5 1950  2.8
 6  Mo        720 0155  0.6 0805  2.6 1414  0.5 2039  2.8
 7  Tu        720 0245  0.6 0855  2.6 1502  0.5 2126  2.7
 8  We        720 0333  0.7 0942  2.5 1547  0.6 2211  2.7
 9  Th        720 0420  0.7 1027  2.5 1631  0.6 2255  2.6
10  Fr        720 0506  0.7 1111  2.4 1715  0.7 2338  2.6
11  Sa        720 0551  0.8 1155  2.4 1759  0.8 9999  9.9
12  Su        720 0021  2.5 0636  0.8 1240  2.3 1845  0.9
13  Mo        720 0105  2.4 0722  0.8 1328  2.3 1934  1.0
14  Tu        720 0150  2.4 0809  0.9 1419  2.2 2026  1.0
15  We        720 0238  2.3 0858  0.9 1514  2.2 2120  1.0
16  Th        720 0327  2.3 0948  0.9 1609  2.3 2214  1.0
17  Fr        720 0418  2.3 1039  0.8 1703  2.3 2307  1.0
18  Sa        720 0510  2.3 1129  0.8 1753  2.4 2357  0.9
19  Su        720 0601  2.4 1217  0.7 1841  2.5 9999  9.9
20  Mo        720 0046  0.9 0652  2.4 1305  0.6 1927  2.6
21  Tu        720 0134  0.8 0742  2.5 1352  0.5 2014  2.7
22  We        720 0222  0.7 0831  2.6 1438  0.5 2100  2.8
23  Th        720 0310  0.6 0920  2.6 1525  0.4 2147  2.8
24  Fr        720 0359  0.6 1009  2.7 1613  0.4 2236  2.8
25  Sa        720 0449  0.5 1059  2.7 1702  0.5 2325  2.8
26  Su        720 0539  0.5 1151  2.6 1754  0.5 9999  9.9
27  Mo        720 0015  2.7 0631  0.5 1245  2.6 1849  0.6
28  Tu        720 0108  2.7 0726  0.6 1343  2.5 1947  0.7
29  We        720 0203  2.6 0822  0.6 1444  2.5 2049  0.7
30  Th        720 0301  2.5 0921  0.6 1547  2.5 2151  0.8
31  Fr        720 0402  2.5 1021  0.6 1649  2.5 2253  0.8
 1  Sa        820 0503  2.5 1119  0.6 1748  2.6 2351  0.7
 2  Su        820 0602  2.5 1215  0.6 1842  2.6 9999  9.9
 3  Mo        820 0046  0.7 0657  2.5 1307  0.6 1932  2.7
 4  Tu        820 0137  0.7 0748  2.5 1355  0.5 2019  2.7
 5  We        820 0225  0.7 0835  2.5 1440  0.5 2103  2.7
 6  Th        820 0310  0.6 0919  2.5 1523  0.6 2144  2.6
 7  Fr        820 0353  0.7 1000  2.5 1603  0.6 2224  2.6
 8  Sa        820 0435  0.7 1040  2.4 1643  0.7 2303  2.5
 9  Su        820 0515  0.7 1120  2.4 1723  0.8 2341  2.5
10  Mo        820 0555  0.7 1201  2.3 1805  0.8 9999  9.9
11  Tu        820 0021  2.4 0637  0.8 1245  2.3 1850  0.9
12  We        820 0104  2.3 0721  0.8 1333  2.3 1939  1.0
13  Th        820 0150  2.3 0808  0.9 1426  2.2 2034  1.0
14  Fr        820 0241  2.2 0900  0.9 1523  2.2 2131  1.0
15  Sa        820 0335  2.2 0956  0.8 1621  2.3 2228  1.0
16  Su        820 0433  2.3 1052  0.8 1717  2.4 2324  0.9
17  Mo        820 0531  2.3 1146  0.7 1810  2.5 9999  9.9
18  Tu        820 0017  0.8 0626  2.4 1238  0.6 1900  2.6
19  We        820 0108  0.7 0719  2.5 1327  0.5 1949  2.7
20  Th        820 0159  0.5 0810  2.7 1416  0.4 2037  2.8
21  Fr        820 0248  0.4 0900  2.7 1505  0.3 2125  2.9
22  Sa        820 0338  0.4 0950  2.8 1553  0.3 2214  2.9
23  Su        820 0427  0.4 1041  2.8 1644  0.4 2303  2.8
24  Mo        820 0517  0.4 1132  2.7 1736  0.5 2353  2.8
25  Tu        820 0609  0.4 1226  2.6 1831  0.6 9999  9.9
26  We        820 0046  2.6 0702  0.5 1323  2.6 1929  0.7
27  Th        820 0142  2.5 0759  0.6 1424  2.5 2031  0.8
28  Fr        820 0242  2.4 0859  0.7 1528  2.5 2135  0.8
29  Sa        820 0345  2.4 1001  0.7 1631  2.5 2237  0.8
30  Su        820 0448  2.3 1102  0.7 1730  2.5 2335  0.8
31  Mo        820 0547  2.4 1158  0.7 1823  2.5 9999  9.9
 1  Tu        920 0029  0.7 0642  2.4 1249  0.6 1911  2.6
 2  We        920 0118  0.7 0730  2.4 1335  0.6 1955  2.6
 3  Th        920 0203  0.6 0814  2.5 1417  0.6 2036  2.6
 4  Fr        920 0244  0.6 0855  2.5 1457  0.6 2115  2.6
 5  Sa        920 0324  0.6 0933  2.5 1535  0.6 2151  2.6
 6  Su        920 0402  0.6 1010  2.5 1612  0.7 2227  2.5
 7  Mo        920 0439  0.6 1047  2.4 1650  0.7 2303  2.4
 8  Tu        920 0516  0.7 1125  2.4 1729  0.8 2342  2.4
 9  We        920 0554  0.7 1207  2.3 1812  0.9 9999  9.9
10  Th        920 0024  2.3 0636  0.8 1253  2.3 1859  0.9
11  Fr        920 0110  2.3 0723  0.8 1344  2.2 1953  1.0
12  Sa        920 0201  2.2 0816  0.9 1442  2.2 2052  1.0
13  Su        920 0259  2.2 0916  0.8 1543  2.3 2154  0.9
14  Mo        920 0401  2.2 1017  0.8 1643  2.4 2253  0.8
15  Tu        920 0503  2.3 1116  0.7 1739  2.5 2350  0.7
16  We        920 0602  2.5 1211  0.5 1832  2.6 9999  9.9
17  Th        920 0043  0.6 0657  2.6 1303  0.4 1923  2.8
18  Fr        920 0135  0.4 0750  2.7 1354  0.3 2012  2.9
19  Sa        920 0225  0.3 0841  2.8 1444  0.3 2101  2.9
20  Su        920 0315  0.2 0931  2.9 1534  0.3 2151  2.9
21  Mo        920 0404  0.2 1021  2.8 1625  0.3 2240  2.8
22  Tu        920 0454  0.3 1113  2.8 1717  0.4 2332  2.7
23  We        920 0545  0.4 1206  2.7 1812  0.6 9999  9.9
24  Th        920 0025  2.6 0638  0.5 1302  2.6 1911  0.7
25  Fr        920 0121  2.4 0735  0.6 1403  2.5 2013  0.8
26  Sa        920 0222  2.3 0836  0.7 1506  2.4 2116  0.8
27  Su        920 0326  2.3 0940  0.8 1609  2.4 2218  0.8
28  Mo        920 0430  2.3 1041  0.8 1707  2.4 2315  0.8
29  Tu        920 0530  2.3 1137  0.7 1759  2.5 9999  9.9
30  We        920 0007  0.7 0622  2.3 1227  0.7 1846  2.5
 1  Th       1020 0054  0.7 0709  2.4 1312  0.7 1928  2.5
 2  Fr       1020 0137  0.6 0751  2.4 1352  0.6 2007  2.5
 3  Sa       1020 0216  0.6 0829  2.5 1430  0.6 2043  2.5
 4  Su       1020 0253  0.6 0906  2.5 1507  0.7 2119  2.5
 5  Mo       1020 0329  0.6 0941  2.5 1543  0.7 2154  2.5
 6  Tu       1020 0404  0.6 1017  2.5 1620  0.7 2230  2.4
 7  We       1020 0440  0.6 1055  2.4 1659  0.8 2309  2.4
 8  Th       1020 0518  0.7 1135  2.4 1741  0.9 2351  2.3
 9  Fr       1020 0559  0.7 1220  2.3 1828  0.9 9999  9.9
10  Sa       1020 0038  2.2 0646  0.8 1311  2.3 1922  0.9
11  Su       1020 0130  2.2 0740  0.8 1408  2.3 2021  0.9
12  Mo       1020 0229  2.2 0841  0.8 1509  2.3 2123  0.9
13  Tu       1020 0332  2.3 0945  0.7 1610  2.4 2225  0.8
14  We       1020 0437  2.3 1047  0.6 1708  2.5 2323  0.6
15  Th       1020 0538  2.5 1145  0.5 1803  2.7 9999  9.9
16  Fr       1020 0018  0.5 0635  2.6 1239  0.4 1856  2.8
17  Sa       1020 0111  0.3 0729  2.8 1332  0.3 1947  2.8
18  Su       1020 0202  0.2 0821  2.9 1423  0.3 2038  2.9
19  Mo       1020 0252  0.2 0911  2.9 1514  0.3 2128  2.8
20  Tu       1020 0341  0.2 1002  2.9 1606  0.4 2219  2.8
21  We       1020 0431  0.3 1053  2.8 1659  0.4 2311  2.6
22  Th       1020 0521  0.4 1145  2.7 1754  0.6 9999  9.9
23  Fr       1020 0004  2.5 0614  0.5 1240  2.6 1851  0.7
24  Sa       1020 0100  2.4 0710  0.6 1339  2.5 1951  0.8
25  Su       1020 0159  2.3 0810  0.7 1440  2.4 2052  0.8
26  Mo       1020 0302  2.2 0913  0.8 1540  2.4 2152  0.8
27  Tu       1020 0405  2.2 1014  0.8 1637  2.4 2248  0.8
28  We       1020 0504  2.2 1109  0.8 1728  2.4 2339  0.7
29  Th       1020 0556  2.3 1159  0.8 1814  2.4 9999  9.9
30  Fr       1020 0025  0.7 0643  2.4 1244  0.7 1856  2.4
31  Sa       1020 0107  0.6 0724  2.4 1324  0.7 1935  2.4
 1  Su       1120 0146  0.6 0803  2.5 1403  0.7 2011  2.4
 2  Mo       1120 0223  0.6 0839  2.5 1440  0.7 2048  2.4
 3  Tu       1120 0258  0.6 0915  2.5 1518  0.7 2124  2.4
 4  We       1120 0334  0.6 0951  2.5 1556  0.8 2203  2.4
 5  Th       1120 0411  0.6 1030  2.5 1636  0.8 2243  2.4
 6  Fr       1120 0450  0.6 1111  2.4 1719  0.8 2326  2.3
 7  Sa       1120 0532  0.7 1156  2.4 1806  0.8 9999  9.9
 8  Su       1120 0014  2.3 0619  0.7 1246  2.4 1858  0.9
 9  Mo       1120 0106  2.3 0713  0.7 1341  2.4 1956  0.8
10  Tu       1120 0204  2.3 0812  0.8 1439  2.4 2056  0.8
11  We       1120 0307  2.3 0916  0.7 1539  2.5 2157  0.7
12  Th       1120 0412  2.4 1019  0.7 1638  2.6 2256  0.6
13  Fr       1120 0515  2.5 1119  0.6 1735  2.7 2353  0.4
14  Sa       1120 0614  2.6 1216  0.5 1830  2.7 9999  9.9
15  Su       1120 0047  0.3 0709  2.8 1311  0.4 1923  2.8
16  Mo       1120 0139  0.2 0801  2.8 1404  0.4 2016  2.8
17  Tu       1120 0230  0.2 0853  2.9 1456  0.4 2108  2.8
18  We       1120 0320  0.2 0943  2.9 1549  0.4 2159  2.7
19  Th       1120 0409  0.3 1033  2.8 1641  0.5 2251  2.6
20  Fr       1120 0459  0.4 1124  2.7 1735  0.6 2343  2.5
21  Sa       1120 0550  0.5 1217  2.6 1829  0.7 9999  9.9
22  Su       1120 0036  2.4 0643  0.7 1311  2.5 1925  0.7
23  Mo       1120 0132  2.3 0739  0.8 1407  2.4 2022  0.8
24  Tu       1120 0230  2.2 0838  0.9 1503  2.4 2118  0.8
25  We       1120 0331  2.2 0937  0.9 1557  2.3 2212  0.8
26  Th       1120 0429  2.2 1033  0.9 1648  2.3 2303  0.8
27  Fr       1120 0523  2.3 1124  0.9 1735  2.3 2350  0.7
28  Sa       1120 0611  2.3 1211  0.9 1819  2.4 9999  9.9
29  Su       1120 0033  0.7 0654  2.4 1254  0.8 1900  2.4
30  Mo       1120 0113  0.6 0734  2.4 1335  0.8 1940  2.4
 1  Tu       1220 0152  0.6 0812  2.5 1414  0.8 2019  2.4
 2  We       1220 0230  0.6 0850  2.5 1454  0.8 2059  2.4
 3  Th       1220 0308  0.6 0928  2.5 1534  0.8 2140  2.4
 4  Fr       1220 0347  0.6 1009  2.5 1616  0.8 2223  2.4
 5  Sa       1220 0428  0.6 1051  2.5 1701  0.8 2307  2.4
 6  Su       1220 0511  0.6 1136  2.5 1748  0.8 2355  2.4
 7  Mo       1220 0559  0.6 1225  2.5 1839  0.8 9999  9.9
 8  Tu       1220 0047  2.3 0651  0.7 1317  2.5 1934  0.7
 9  We       1220 0143  2.3 0748  0.7 1412  2.5 2031  0.7
10  Th       1220 0245  2.4 0850  0.7 1510  2.5 2131  0.6
11  Fr       1220 0349  2.4 0953  0.7 1609  2.6 2230  0.5
12  Sa       1220 0453  2.5 1055  0.6 1708  2.6 2328  0.4
13  Su       1220 0553  2.6 1155  0.6 1806  2.6 9999  9.9
14  Mo       1220 0024  0.4 0650  2.7 1252  0.5 1903  2.7
15  Tu       1220 0118  0.3 0744  2.8 1347  0.5 1957  2.7
16  We       1220 0210  0.3 0835  2.8 1440  0.5 2050  2.7
17  Th       1220 0300  0.3 0925  2.8 1532  0.5 2141  2.6
18  Fr       1220 0349  0.4 1014  2.8 1623  0.5 2231  2.6
19  Sa       1220 0437  0.5 1103  2.7 1713  0.6 2320  2.5
20  Su       1220 0525  0.6 1151  2.6 1803  0.7 9999  9.9
21  Mo       1220 0009  2.4 0614  0.7 1239  2.5 1854  0.7
22  Tu       1220 0059  2.3 0704  0.8 1329  2.4 1944  0.8
23  We       1220 0151  2.2 0757  0.9 1418  2.4 2036  0.8
24  Th       1220 0247  2.2 0852  0.9 1509  2.3 2128  0.8
25  Fr       1220 0345  2.2 0949  1.0 1559  2.3 2219  0.8
26  Sa       1220 0441  2.2 1043  1.0 1649  2.3 2309  0.8
27  Su       1220 0533  2.3 1134  1.0 1737  2.3 2355  0.8
28  Mo       1220 0620  2.3 1221  0.9 1824  2.3 9999  9.9
29  Tu       1220 0040  0.7 0703  2.4 1305  0.9 1909  2.3
30  We       1220 0122  0.7 0745  2.5 1348  0.8 1953  2.4
31  Th       1220 0203  0.6 0825  2.5 1431  0.8 2036  2.4
