085Opua
Based on data from  1-Jan-2013
Local Std Time, tidal heights in metres.
 1  Fr        121 0246  0.6 0909  2.5 1514  0.8 2120  2.4
 2  Sa        121 0327  0.5 0950  2.5 1558  0.7 2203  2.4
 3  Su        121 0409  0.5 1032  2.5 1643  0.7 2248  2.4
 4  Mo        121 0454  0.6 1117  2.5 1730  0.7 2336  2.3
 5  Tu        121 0541  0.6 1204  2.5 1820  0.7 9999  9.9
 6  We        121 0027  2.3 0632  0.7 1255  2.5 1912  0.7
 7  Th        121 0124  2.3 0727  0.7 1349  2.4 2007  0.7
 8  Fr        121 0226  2.3 0827  0.8 1447  2.4 2105  0.6
 9  Sa        121 0331  2.3 0930  0.8 1547  2.4 2206  0.6
10  Su        121 0436  2.3 1034  0.8 1649  2.4 2307  0.6
11  Mo        121 0537  2.4 1137  0.8 1749  2.4 9999  9.9
12  Tu        121 0007  0.5 0635  2.5 1237  0.7 1847  2.4
13  We        121 0103  0.5 0728  2.6 1334  0.7 1942  2.5
14  Th        121 0155  0.4 0818  2.6 1427  0.6 2034  2.5
15  Fr        121 0244  0.4 0906  2.6 1516  0.6 2122  2.5
16  Sa        121 0330  0.5 0953  2.6 1603  0.6 2209  2.4
17  Su        121 0414  0.5 1037  2.6 1648  0.7 2253  2.4
18  Mo        121 0457  0.6 1121  2.5 1732  0.7 2338  2.3
19  Tu        121 0540  0.7 1205  2.4 1816  0.7 9999  9.9
20  We        121 0023  2.2 0625  0.8 1249  2.3 1901  0.8
21  Th        121 0112  2.1 0713  0.9 1334  2.2 1947  0.8
22  Fr        121 0204  2.1 0804  1.0 1423  2.2 2037  0.9
23  Sa        121 0301  2.1 0900  1.0 1515  2.1 2130  0.9
24  Su        121 0400  2.1 0957  1.1 1609  2.1 2225  0.9
25  Mo        121 0457  2.1 1054  1.0 1704  2.1 2318  0.8
26  Tu        121 0549  2.2 1147  1.0 1756  2.2 9999  9.9
27  We        121 0009  0.8 0637  2.3 1237  0.9 1845  2.2
28  Th        121 0055  0.7 0721  2.3 1323  0.9 1931  2.3
29  Fr        121 0140  0.6 0803  2.4 1408  0.8 2016  2.4
30  Sa        121 0223  0.5 0846  2.5 1452  0.7 2100  2.4
31  Su        121 0306  0.5 0928  2.6 1537  0.6 2145  2.5
 1  Mo        221 0349  0.4 1011  2.6 1623  0.6 2231  2.5
 2  Tu        221 0435  0.5 1056  2.6 1710  0.5 2319  2.5
 3  We        221 0522  0.5 1143  2.6 1758  0.5 9999  9.9
 4  Th        221 0010  2.4 0613  0.6 1232  2.5 1849  0.6
 5  Fr        221 0105  2.4 0707  0.7 1326  2.4 1943  0.6
 6  Sa        221 0205  2.3 0807  0.8 1424  2.4 2042  0.7
 7  Su        221 0311  2.3 0911  0.8 1527  2.3 2145  0.7
 8  Mo        221 0417  2.3 1019  0.9 1632  2.3 2250  0.7
 9  Tu        221 0521  2.4 1125  0.8 1735  2.3 2353  0.6
10  We        221 0619  2.4 1226  0.8 1835  2.3 9999  9.9
11  Th        221 0050  0.6 0712  2.5 1322  0.7 1928  2.4
12  Fr        221 0141  0.5 0801  2.5 1411  0.7 2017  2.4
13  Sa        221 0227  0.5 0846  2.6 1457  0.6 2103  2.4
14  Su        221 0310  0.5 0929  2.6 1539  0.6 2145  2.4
15  Mo        221 0350  0.6 1009  2.5 1619  0.6 2226  2.4
16  Tu        221 0428  0.6 1048  2.5 1658  0.7 2306  2.3
17  We        221 0508  0.7 1127  2.4 1737  0.7 2347  2.3
18  Th        221 0548  0.8 1206  2.3 1817  0.8 9999  9.9
19  Fr        221 0029  2.2 0632  0.9 1248  2.2 1900  0.8
20  Sa        221 0117  2.1 0721  1.0 1333  2.2 1948  0.9
21  Su        221 0211  2.1 0814  1.0 1425  2.1 2041  0.9
22  Mo        221 0311  2.1 0912  1.1 1522  2.1 2138  0.9
23  Tu        221 0412  2.1 1011  1.1 1622  2.1 2237  0.9
24  We        221 0509  2.1 1109  1.0 1721  2.1 2333  0.8
25  Th        221 0601  2.2 1202  0.9 1814  2.2 9999  9.9
26  Fr        221 0024  0.7 0649  2.4 1253  0.8 1904  2.3
27  Sa        221 0111  0.6 0734  2.5 1340  0.7 1952  2.4
28  Su        221 0157  0.5 0818  2.6 1427  0.6 2038  2.5
 1  Mo        321 0242  0.4 0902  2.7 1513  0.5 2125  2.6
 2  Tu        321 0328  0.4 0947  2.7 1600  0.4 2212  2.6
 3  We        321 0415  0.4 1033  2.7 1647  0.4 2300  2.6
 4  Th        321 0504  0.5 1121  2.6 1735  0.4 2352  2.5
 5  Fr        321 0556  0.6 1212  2.5 1826  0.5 9999  9.9
 6  Sa        321 0047  2.4 0651  0.7 1306  2.4 1921  0.6
 7  Su        321 0147  2.4 0752  0.8 1406  2.3 2021  0.7
 8  Mo        321 0253  2.3 0858  0.9 1511  2.2 2127  0.7
 9  Tu        321 0400  2.3 1007  0.9 1618  2.2 2236  0.8
10  We        321 0503  2.3 1113  0.9 1723  2.2 2340  0.7
11  Th        321 0601  2.4 1213  0.8 1820  2.3 9999  9.9
12  Fr        321 0035  0.7 0652  2.4 1305  0.7 1912  2.3
13  Sa        321 0123  0.6 0738  2.5 1351  0.7 1958  2.4
14  Su        321 0206  0.6 0821  2.5 1432  0.6 2040  2.4
15  Mo        321 0245  0.6 0900  2.5 1510  0.6 2120  2.4
16  Tu        321 0322  0.6 0938  2.5 1546  0.6 2158  2.4
17  We        321 0359  0.7 1015  2.4 1622  0.6 2235  2.4
18  Th        321 0436  0.7 1051  2.4 1659  0.7 2312  2.3
19  Fr        321 0515  0.8 1128  2.3 1737  0.7 2352  2.2
20  Sa        321 0558  0.9 1207  2.2 1819  0.8 9999  9.9
21  Su        321 0036  2.2 0644  1.0 1251  2.1 1906  0.9
22  Mo        321 0127  2.1 0736  1.0 1342  2.1 1959  0.9
23  Tu        321 0225  2.1 0833  1.0 1441  2.1 2057  0.9
24  We        321 0327  2.1 0933  1.0 1544  2.1 2157  0.9
25  Th        321 0428  2.2 1031  1.0 1646  2.1 2256  0.8
26  Fr        321 0522  2.3 1128  0.9 1743  2.3 2350  0.7
27  Sa        321 0613  2.4 1220  0.7 1836  2.4 9999  9.9
28  Su        321 0041  0.6 0701  2.5 1310  0.6 1926  2.5
29  Mo        321 0129  0.5 0748  2.6 1359  0.5 2015  2.6
30  Tu        321 0217  0.4 0835  2.7 1447  0.4 2103  2.7
31  We        321 0306  0.4 0922  2.7 1535  0.3 2152  2.7
 1  Th        421 0355  0.4 1010  2.7 1623  0.3 2242  2.7
 2  Fr        421 0446  0.5 1101  2.6 1713  0.4 2334  2.6
 3  Sa        421 0540  0.6 1153  2.5 1805  0.5 9999  9.9
 4  Su        421 0030  2.5 0638  0.7 1250  2.4 1902  0.6
 5  Mo        421 0130  2.4 0740  0.8 1351  2.3 2003  0.7
 6  Tu        421 0235  2.3 0846  0.9 1457  2.2 2110  0.8
 7  We        421 0340  2.3 0953  0.9 1603  2.2 2218  0.8
 8  Th        421 0441  2.3 1056  0.8 1705  2.2 2320  0.8
 9  Fr        421 0537  2.3 1152  0.8 1801  2.2 9999  9.9
10  Sa        421 0013  0.8 0626  2.4 1241  0.7 1850  2.3
11  Su        421 0059  0.7 0710  2.4 1323  0.7 1934  2.4
12  Mo        421 0140  0.7 0751  2.4 1402  0.6 2015  2.4
13  Tu        421 0218  0.7 0829  2.4 1438  0.6 2053  2.4
14  We        421 0254  0.7 0906  2.4 1513  0.6 2129  2.4
15  Th        421 0330  0.7 0941  2.4 1548  0.6 2205  2.4
16  Fr        421 0408  0.8 1017  2.3 1625  0.7 2242  2.3
17  Sa        421 0447  0.8 1054  2.2 1703  0.7 2321  2.3
18  Su        421 0529  0.9 1134  2.2 1745  0.8 9999  9.9
19  Mo        421 0004  2.2 0615  0.9 1219  2.1 1831  0.8
20  Tu        421 0053  2.2 0706  1.0 1310  2.1 1923  0.9
21  We        421 0148  2.2 0801  1.0 1407  2.1 2021  0.9
22  Th        421 0248  2.2 0859  0.9 1510  2.1 2120  0.8
23  Fr        421 0348  2.2 0957  0.9 1613  2.2 2220  0.8
24  Sa        421 0444  2.3 1054  0.8 1712  2.3 2316  0.7
25  Su        421 0537  2.5 1148  0.6 1808  2.4 9999  9.9
26  Mo        421 0010  0.6 0628  2.6 1240  0.5 1901  2.6
27  Tu        421 0102  0.5 0718  2.6 1331  0.4 1952  2.7
28  We        421 0153  0.4 0808  2.7 1421  0.3 2042  2.7
29  Th        421 0245  0.4 0858  2.7 1511  0.3 2133  2.7
30  Fr        421 0337  0.5 0949  2.6 1601  0.3 2224  2.7
 1  Sa        521 0431  0.5 1042  2.6 1652  0.4 2317  2.6
 2  Su        521 0526  0.6 1136  2.4 1746  0.5 9999  9.9
 3  Mo        521 0013  2.5 0625  0.7 1234  2.3 1843  0.6
 4  Tu        521 0112  2.4 0726  0.8 1334  2.2 1944  0.7
 5  We        521 0213  2.3 0828  0.8 1437  2.2 2048  0.8
 6  Th        521 0314  2.3 0930  0.8 1541  2.2 2152  0.8
 7  Fr        521 0412  2.3 1029  0.8 1641  2.2 2251  0.8
 8  Sa        521 0505  2.3 1122  0.8 1735  2.2 2343  0.8
 9  Su        521 0553  2.3 1208  0.7 1823  2.3 9999  9.9
10  Mo        521 0029  0.8 0637  2.3 1250  0.7 1907  2.3
11  Tu        521 0110  0.8 0718  2.3 1329  0.7 1947  2.4
12  We        521 0149  0.8 0756  2.3 1405  0.6 2026  2.4
13  Th        521 0226  0.8 0834  2.3 1441  0.6 2102  2.4
14  Fr        521 0304  0.8 0911  2.3 1518  0.6 2139  2.4
15  Sa        521 0342  0.8 0949  2.3 1555  0.7 2216  2.3
16  Su        521 0422  0.9 1027  2.2 1635  0.7 2256  2.3
17  Mo        521 0505  0.9 1109  2.2 1717  0.7 2339  2.3
18  Tu        521 0552  0.9 1154  2.2 1804  0.8 9999  9.9
19  We        521 0026  2.3 0641  0.9 1244  2.1 1854  0.8
20  Th        521 0119  2.3 0734  0.9 1340  2.1 1949  0.8
21  Fr        521 0214  2.3 0830  0.8 1441  2.2 2047  0.8
22  Sa        521 0311  2.3 0926  0.8 1543  2.2 2146  0.8
23  Su        521 0408  2.4 1022  0.7 1644  2.3 2245  0.7
24  Mo        521 0503  2.5 1118  0.5 1742  2.4 2341  0.6
25  Tu        521 0557  2.5 1212  0.4 1837  2.6 9999  9.9
26  We        521 0037  0.6 0650  2.6 1305  0.4 1930  2.7
27  Th        521 0131  0.5 0744  2.6 1357  0.3 2022  2.7
28  Fr        521 0226  0.5 0837  2.6 1449  0.3 2114  2.7
29  Sa        521 0320  0.5 0931  2.6 1541  0.3 2206  2.7
30  Su        521 0415  0.6 1024  2.5 1633  0.4 2259  2.6
31  Mo        521 0511  0.6 1119  2.4 1727  0.5 2353  2.5
 1  Tu        621 0607  0.7 1214  2.3 1821  0.6 9999  9.9
 2  We        621 0049  2.5 0704  0.7 1311  2.2 1918  0.7
 3  Th        621 0145  2.4 0801  0.8 1410  2.2 2017  0.8
 4  Fr        621 0241  2.3 0858  0.8 1510  2.1 2116  0.9
 5  Sa        621 0335  2.3 0952  0.8 1608  2.1 2213  0.9
 6  Su        621 0427  2.3 1043  0.8 1703  2.2 2306  0.9
 7  Mo        621 0515  2.3 1131  0.8 1752  2.2 2354  0.9
 8  Tu        621 0600  2.3 1214  0.7 1837  2.3 9999  9.9
 9  We        621 0038  0.9 0644  2.3 1255  0.7 1919  2.3
10  Th        621 0120  0.9 0725  2.3 1335  0.7 1959  2.4
11  Fr        621 0200  0.9 0805  2.3 1413  0.6 2037  2.4
12  Sa        621 0239  0.8 0845  2.3 1452  0.6 2115  2.4
13  Su        621 0319  0.8 0925  2.3 1531  0.6 2154  2.4
14  Mo        621 0401  0.8 1005  2.3 1611  0.7 2234  2.4
15  Tu        621 0444  0.8 1047  2.2 1654  0.7 2317  2.4
16  We        621 0530  0.8 1133  2.2 1739  0.7 9999  9.9
17  Th        621 0002  2.4 0618  0.8 1222  2.2 1828  0.7
18  Fr        621 0052  2.4 0709  0.8 1316  2.2 1921  0.8
19  Sa        621 0144  2.4 0802  0.7 1415  2.2 2018  0.8
20  Su        621 0239  2.4 0857  0.7 1517  2.3 2118  0.8
21  Mo        621 0336  2.4 0953  0.6 1619  2.3 2218  0.7
22  Tu        621 0433  2.5 1051  0.5 1719  2.4 2318  0.7
23  We        621 0531  2.5 1148  0.5 1817  2.5 9999  9.9
24  Th        621 0016  0.6 0629  2.5 1244  0.4 1912  2.6
25  Fr        621 0114  0.6 0725  2.5 1338  0.4 2005  2.7
26  Sa        621 0210  0.6 0820  2.5 1432  0.4 2057  2.7
27  Su        621 0305  0.6 0914  2.5 1523  0.4 2148  2.7
28  Mo        621 0359  0.6 1006  2.5 1614  0.4 2239  2.6
29  Tu        621 0452  0.6 1058  2.4 1704  0.5 2329  2.6
30  We        621 0543  0.7 1150  2.3 1755  0.6 9999  9.9
 1  Th        721 0020  2.5 0635  0.7 1242  2.3 1846  0.8
 2  Fr        721 0111  2.4 0725  0.8 1336  2.2 1939  0.8
 3  Sa        721 0202  2.3 0816  0.8 1432  2.1 2034  0.9
 4  Su        721 0253  2.2 0907  0.8 1529  2.1 2130  1.0
 5  Mo        721 0344  2.2 0959  0.8 1625  2.1 2225  1.0
 6  Tu        721 0435  2.2 1049  0.8 1717  2.2 2317  1.0
 7  We        721 0524  2.2 1138  0.8 1806  2.2 9999  9.9
 8  Th        721 0006  1.0 0611  2.2 1223  0.7 1850  2.3
 9  Fr        721 0051  0.9 0656  2.2 1306  0.7 1932  2.3
10  Sa        721 0134  0.9 0740  2.2 1347  0.7 2012  2.4
11  Su        721 0215  0.8 0821  2.3 1428  0.6 2051  2.4
12  Mo        721 0257  0.8 0903  2.3 1508  0.6 2131  2.4
13  Tu        721 0339  0.8 0944  2.3 1549  0.6 2211  2.5
14  We        721 0422  0.7 1027  2.3 1632  0.6 2254  2.5
15  Th        721 0507  0.7 1112  2.3 1716  0.6 2338  2.5
16  Fr        721 0554  0.7 1201  2.3 1805  0.7 9999  9.9
17  Sa        721 0025  2.5 0643  0.7 1253  2.3 1857  0.7
18  Su        721 0116  2.4 0735  0.7 1351  2.3 1954  0.8
19  Mo        721 0211  2.4 0830  0.6 1454  2.3 2054  0.8
20  Tu        721 0310  2.4 0928  0.6 1558  2.3 2157  0.8
21  We        721 0411  2.4 1029  0.6 1701  2.4 2301  0.8
22  Th        721 0514  2.4 1130  0.5 1801  2.5 9999  9.9
23  Fr        721 0002  0.7 0614  2.4 1229  0.5 1857  2.6
24  Sa        721 0101  0.7 0712  2.5 1324  0.4 1949  2.6
25  Su        721 0157  0.6 0806  2.5 1416  0.4 2040  2.7
26  Mo        721 0250  0.6 0858  2.5 1506  0.4 2128  2.7
27  Tu        721 0339  0.6 0947  2.5 1553  0.5 2215  2.6
28  We        721 0427  0.6 1034  2.4 1638  0.6 2301  2.5
29  Th        721 0513  0.6 1121  2.4 1724  0.7 2346  2.5
30  Fr        721 0558  0.7 1207  2.3 1810  0.8 9999  9.9
31  Sa        721 0031  2.4 0643  0.7 1256  2.2 1858  0.9
 1  Su        821 0118  2.3 0730  0.8 1348  2.1 1950  1.0
 2  Mo        821 0207  2.2 0819  0.8 1444  2.1 2046  1.0
 3  Tu        821 0259  2.1 0912  0.9 1543  2.1 2143  1.0
 4  We        821 0353  2.1 1006  0.9 1639  2.1 2240  1.0
 5  Th        821 0448  2.1 1101  0.8 1732  2.2 2333  1.0
 6  Fr        821 0540  2.1 1152  0.8 1820  2.2 9999  9.9
 7  Sa        821 0022  0.9 0629  2.2 1238  0.7 1903  2.3
 8  Su        821 0107  0.9 0714  2.3 1322  0.6 1945  2.4
 9  Mo        821 0150  0.8 0758  2.3 1403  0.6 2025  2.5
10  Tu        821 0232  0.7 0840  2.4 1444  0.5 2105  2.5
11  We        821 0314  0.6 0923  2.4 1526  0.5 2146  2.6
12  Th        821 0358  0.6 1006  2.5 1609  0.5 2229  2.6
13  Fr        821 0442  0.6 1052  2.5 1654  0.6 2313  2.6
14  Sa        821 0528  0.6 1140  2.4 1743  0.6 9999  9.9
15  Su        821 0000  2.5 0617  0.6 1233  2.4 1836  0.7
16  Mo        821 0052  2.4 0710  0.6 1331  2.3 1934  0.8
17  Tu        821 0149  2.4 0806  0.6 1435  2.3 2037  0.8
18  We        821 0251  2.3 0908  0.7 1542  2.3 2144  0.8
19  Th        821 0357  2.3 1013  0.7 1647  2.4 2250  0.8
20  Fr        821 0502  2.3 1118  0.6 1747  2.4 2353  0.8
21  Sa        821 0604  2.4 1218  0.6 1842  2.5 9999  9.9
22  Su        821 0051  0.7 0700  2.4 1312  0.5 1933  2.6
23  Mo        821 0143  0.6 0752  2.5 1401  0.5 2020  2.6
24  Tu        821 0232  0.6 0840  2.5 1446  0.5 2105  2.6
25  We        821 0316  0.6 0925  2.5 1529  0.5 2147  2.6
26  Th        821 0358  0.6 1007  2.4 1610  0.6 2228  2.5
27  Fr        821 0439  0.6 1049  2.4 1651  0.7 2309  2.4
28  Sa        821 0519  0.7 1132  2.3 1733  0.8 2350  2.3
29  Su        821 0600  0.7 1216  2.2 1819  0.9 9999  9.9
30  Mo        821 0033  2.2 0644  0.8 1304  2.2 1908  1.0
31  Tu        821 0120  2.1 0732  0.9 1358  2.1 2003  1.0
 1  We        921 0213  2.1 0825  0.9 1458  2.1 2102  1.1
 2  Th        921 0311  2.0 0924  0.9 1559  2.1 2202  1.1
 3  Fr        921 0411  2.1 1023  0.9 1655  2.1 2258  1.0
 4  Sa        921 0508  2.1 1118  0.8 1746  2.2 2350  0.9
 5  Su        921 0600  2.2 1208  0.7 1831  2.3 9999  9.9
 6  Mo        921 0037  0.8 0647  2.3 1253  0.6 1914  2.4
 7  Tu        921 0121  0.7 0732  2.4 1336  0.6 1955  2.5
 8  We        921 0205  0.6 0816  2.5 1419  0.5 2037  2.6
 9  Th        921 0248  0.5 0900  2.5 1502  0.5 2119  2.7
10  Fr        921 0332  0.4 0945  2.6 1547  0.5 2203  2.7
11  Sa        921 0417  0.4 1032  2.6 1634  0.5 2249  2.6
12  Su        921 0504  0.4 1121  2.5 1725  0.6 2339  2.5
13  Mo        921 0554  0.5 1214  2.5 1820  0.7 9999  9.9
14  Tu        921 0032  2.4 0647  0.6 1314  2.4 1920  0.8
15  We        921 0132  2.3 0747  0.7 1419  2.3 2026  0.9
16  Th        921 0238  2.2 0853  0.7 1527  2.3 2135  0.9
17  Fr        921 0347  2.2 1002  0.7 1632  2.3 2243  0.8
18  Sa        921 0453  2.2 1108  0.7 1732  2.4 2344  0.8
19  Su        921 0554  2.3 1207  0.7 1825  2.5 9999  9.9
20  Mo        921 0038  0.7 0647  2.4 1258  0.6 1913  2.5
21  Tu        921 0126  0.6 0736  2.4 1343  0.6 1957  2.6
22  We        921 0210  0.6 0820  2.5 1425  0.6 2038  2.5
23  Th        921 0249  0.5 0901  2.5 1504  0.6 2118  2.5
24  Fr        921 0327  0.6 0941  2.5 1542  0.7 2155  2.5
25  Sa        921 0404  0.6 1019  2.4 1620  0.7 2233  2.4
26  Su        921 0441  0.6 1058  2.3 1700  0.8 2311  2.3
27  Mo        921 0520  0.7 1138  2.3 1743  0.9 2352  2.2
28  Tu        921 0602  0.8 1223  2.2 1831  1.0 9999  9.9
29  We        921 0037  2.1 0649  0.9 1314  2.1 1924  1.0
30  Th        921 0130  2.0 0743  0.9 1413  2.1 2023  1.1
 1  Fr       1021 0230  2.0 0842  0.9 1515  2.1 2123  1.0
 2  Sa       1021 0332  2.0 0943  0.9 1614  2.1 2221  1.0
 3  Su       1021 0433  2.1 1040  0.8 1707  2.2 2314  0.9
 4  Mo       1021 0528  2.2 1133  0.8 1755  2.4 9999  9.9
 5  Tu       1021 0003  0.7 0618  2.3 1221  0.6 1840  2.5
 6  We       1021 0050  0.6 0706  2.4 1307  0.5 1924  2.6
 7  Th       1021 0135  0.5 0752  2.6 1353  0.5 2008  2.7
 8  Fr       1021 0221  0.4 0838  2.6 1439  0.4 2053  2.7
 9  Sa       1021 0306  0.3 0925  2.7 1527  0.5 2140  2.7
10  Su       1021 0353  0.3 1013  2.7 1617  0.5 2229  2.6
11  Mo       1021 0442  0.4 1104  2.6 1710  0.6 2321  2.5
12  Tu       1021 0533  0.5 1158  2.5 1807  0.7 9999  9.9
13  We       1021 0017  2.4 0629  0.6 1258  2.4 1909  0.8
14  Th       1021 0119  2.3 0730  0.7 1403  2.4 2016  0.8
15  Fr       1021 0226  2.2 0838  0.8 1510  2.3 2124  0.8
16  Sa       1021 0334  2.2 0948  0.8 1613  2.3 2230  0.8
17  Su       1021 0440  2.2 1053  0.8 1711  2.4 2328  0.8
18  Mo       1021 0538  2.3 1149  0.7 1802  2.4 9999  9.9
19  Tu       1021 0019  0.7 0630  2.3 1238  0.7 1848  2.5
20  We       1021 0104  0.6 0716  2.4 1321  0.7 1930  2.5
21  Th       1021 0144  0.6 0758  2.4 1401  0.7 2010  2.5
22  Fr       1021 0221  0.6 0837  2.5 1439  0.7 2048  2.4
23  Sa       1021 0257  0.6 0915  2.4 1516  0.7 2125  2.4
24  Su       1021 0332  0.6 0951  2.4 1553  0.8 2201  2.3
25  Mo       1021 0408  0.6 1028  2.4 1632  0.8 2239  2.3
26  Tu       1021 0446  0.7 1107  2.3 1714  0.9 2319  2.2
27  We       1021 0528  0.8 1150  2.2 1801  1.0 9999  9.9
28  Th       1021 0003  2.1 0613  0.8 1238  2.2 1851  1.0
29  Fr       1021 0053  2.1 0705  0.9 1332  2.1 1947  1.0
30  Sa       1021 0150  2.0 0801  0.9 1431  2.1 2044  1.0
31  Su       1021 0253  2.0 0901  0.9 1529  2.2 2141  0.9
 1  Mo       1121 0355  2.1 0959  0.9 1624  2.3 2236  0.8
 2  Tu       1121 0454  2.2 1055  0.8 1715  2.4 2328  0.7
 3  We       1121 0548  2.3 1147  0.7 1804  2.5 9999  9.9
 4  Th       1121 0018  0.5 0639  2.5 1238  0.6 1852  2.6
 5  Fr       1121 0107  0.4 0728  2.6 1328  0.5 1941  2.7
 6  Sa       1121 0155  0.3 0817  2.7 1418  0.5 2030  2.7
 7  Su       1121 0243  0.3 0906  2.7 1509  0.5 2120  2.6
 8  Mo       1121 0333  0.3 0956  2.7 1602  0.5 2212  2.6
 9  Tu       1121 0423  0.4 1048  2.7 1657  0.6 2306  2.5
10  We       1121 0516  0.5 1143  2.6 1755  0.7 9999  9.9
11  Th       1121 0003  2.4 0612  0.6 1242  2.5 1856  0.7
12  Fr       1121 0104  2.3 0713  0.7 1344  2.4 2000  0.8
13  Sa       1121 0208  2.2 0818  0.8 1446  2.4 2104  0.8
14  Su       1121 0314  2.2 0924  0.8 1546  2.3 2206  0.8
15  Mo       1121 0417  2.2 1027  0.8 1642  2.3 2302  0.8
16  Tu       1121 0515  2.2 1123  0.8 1733  2.3 2352  0.7
17  We       1121 0607  2.3 1212  0.8 1819  2.4 9999  9.9
18  Th       1121 0036  0.7 0653  2.3 1257  0.8 1902  2.4
19  Fr       1121 0116  0.6 0734  2.4 1337  0.8 1942  2.4
20  Sa       1121 0153  0.6 0813  2.4 1415  0.8 2021  2.3
21  Su       1121 0229  0.6 0851  2.4 1453  0.8 2058  2.3
22  Mo       1121 0305  0.6 0928  2.4 1530  0.8 2136  2.3
23  Tu       1121 0342  0.6 1004  2.4 1610  0.9 2214  2.2
24  We       1121 0420  0.7 1043  2.3 1651  0.9 2253  2.2
25  Th       1121 0500  0.7 1124  2.3 1735  0.9 2336  2.2
26  Fr       1121 0544  0.8 1208  2.3 1823  0.9 9999  9.9
27  Sa       1121 0023  2.1 0632  0.8 1257  2.2 1914  0.9
28  Su       1121 0116  2.1 0724  0.9 1350  2.2 2007  0.9
29  Mo       1121 0215  2.1 0821  0.9 1445  2.3 2102  0.8
30  Tu       1121 0317  2.1 0919  0.8 1541  2.3 2158  0.7
 1  We       1221 0419  2.2 1018  0.8 1636  2.4 2253  0.6
 2  Th       1221 0518  2.3 1115  0.7 1730  2.5 2347  0.5
 3  Fr       1221 0613  2.5 1211  0.6 1824  2.5 9999  9.9
 4  Sa       1221 0040  0.4 0706  2.6 1305  0.6 1917  2.6
 5  Su       1221 0132  0.3 0758  2.7 1400  0.5 2011  2.6
 6  Mo       1221 0224  0.3 0849  2.7 1454  0.5 2104  2.6
 7  Tu       1221 0316  0.3 0941  2.7 1549  0.5 2158  2.6
 8  We       1221 0407  0.3 1033  2.7 1644  0.6 2252  2.5
 9  Th       1221 0500  0.4 1127  2.6 1740  0.6 2347  2.4
10  Fr       1221 0554  0.6 1222  2.5 1837  0.7 9999  9.9
11  Sa       1221 0043  2.3 0650  0.7 1318  2.4 1935  0.7
12  Su       1221 0143  2.2 0749  0.8 1415  2.4 2033  0.8
13  Mo       1221 0244  2.2 0850  0.9 1511  2.3 2130  0.8
14  Tu       1221 0346  2.1 0951  0.9 1605  2.3 2225  0.8
15  We       1221 0444  2.2 1048  0.9 1657  2.3 2316  0.8
16  Th       1221 0538  2.2 1141  0.9 1745  2.2 9999  9.9
17  Fr       1221 0003  0.7 0626  2.3 1229  0.9 1831  2.2
18  Sa       1221 0047  0.7 0709  2.3 1312  0.9 1915  2.3
19  Su       1221 0127  0.7 0750  2.3 1353  0.9 1956  2.3
20  Mo       1221 0205  0.6 0828  2.4 1432  0.9 2035  2.3
21  Tu       1221 0242  0.6 0906  2.4 1510  0.8 2114  2.3
22  We       1221 0320  0.6 0943  2.4 1549  0.8 2153  2.3
23  Th       1221 0358  0.6 1021  2.4 1630  0.8 2232  2.2
24  Fr       1221 0437  0.7 1100  2.4 1712  0.8 2313  2.2
25  Sa       1221 0519  0.7 1141  2.4 1756  0.8 2357  2.2
26  Su       1221 0603  0.7 1226  2.4 1843  0.8 9999  9.9
27  Mo       1221 0046  2.2 0652  0.8 1314  2.3 1933  0.8
28  Tu       1221 0141  2.2 0746  0.8 1406  2.3 2026  0.7
29  We       1221 0243  2.2 0844  0.8 1502  2.3 2122  0.7
30  Th       1221 0347  2.2 0945  0.8 1601  2.4 2221  0.6
31  Fr       1221 0450  2.3 1047  0.8 1701  2.4 2319  0.5
