094Waitangi (Chatham Is)
Based on data from  1-Jul-2008
Local Std Time, tidal heights in metres.
 1  Fr        121 0122  0.2 0718  0.7 1306  0.2 1934  0.9
 2  Sa        121 0207  0.2 0807  0.7 1359  0.2 2022  0.9
 3  Su        121 0252  0.2 0856  0.7 1451  0.2 2110  0.9
 4  Mo        121 0336  0.2 0944  0.8 1544  0.2 2158  0.9
 5  Tu        121 0421  0.1 1033  0.8 1637  0.2 2247  0.9
 6  We        121 0506  0.1 1123  0.9 1731  0.2 2337  0.9
 7  Th        121 0553  0.1 1213  0.9 1825  0.2 9999  9.9
 8  Fr        121 0029  0.8 0641  0.1 1304  0.9 1921  0.1
 9  Sa        121 0122  0.8 0731  0.1 1357  0.9 2017  0.1
10  Su        121 0217  0.8 0823  0.1 1451  1.0 2115  0.1
11  Mo        121 0314  0.8 0916  0.1 1545  1.0 2213  0.1
12  Tu        121 0412  0.8 1012  0.1 1641  1.0 2311  0.1
13  We        121 0511  0.8 1108  0.1 1737  1.0 9999  9.9
14  Th        121 0008  0.1 0610  0.8 1206  0.2 1832  1.0
15  Fr        121 0104  0.1 0708  0.8 1303  0.2 1928  0.9
16  Sa        121 0158  0.1 0804  0.8 1401  0.2 2022  0.9
17  Su        121 0250  0.1 0859  0.8 1457  0.2 2114  0.9
18  Mo        121 0340  0.1 0951  0.8 1552  0.2 2205  0.9
19  Tu        121 0427  0.2 1041  0.8 1645  0.2 2254  0.8
20  We        121 0511  0.2 1128  0.8 1736  0.2 2341  0.8
21  Th        121 0553  0.2 1213  0.8 1826  0.2 9999  9.9
22  Fr        121 0026  0.8 0633  0.2 1256  0.8 1914  0.2
23  Sa        121 0109  0.7 0712  0.2 1339  0.8 2000  0.2
24  Su        121 0152  0.7 0751  0.2 1420  0.8 2046  0.3
25  Mo        121 0235  0.7 0831  0.2 1503  0.9 2131  0.2
26  Tu        121 0319  0.7 0913  0.2 1546  0.9 2217  0.2
27  We        121 0405  0.7 0958  0.2 1632  0.9 2303  0.2
28  Th        121 0454  0.7 1047  0.2 1719  0.9 2350  0.2
29  Fr        121 0545  0.7 1139  0.2 1808  0.9 9999  9.9
30  Sa        121 0038  0.2 0637  0.7 1234  0.2 1900  0.9
31  Su        121 0127  0.2 0731  0.8 1331  0.2 1952  0.9
 1  Mo        221 0217  0.2 0825  0.8 1429  0.2 2045  0.9
 2  Tu        221 0307  0.1 0920  0.8 1527  0.2 2139  0.9
 3  We        221 0357  0.1 1013  0.9 1624  0.2 2233  0.9
 4  Th        221 0447  0.1 1107  0.9 1721  0.1 2326  0.9
 5  Fr        221 0537  0.1 1159  0.9 1817  0.1 9999  9.9
 6  Sa        221 0019  0.8 0627  0.1 1251  1.0 1912  0.1
 7  Su        221 0113  0.8 0718  0.1 1343  1.0 2006  0.1
 8  Mo        221 0206  0.8 0808  0.1 1435  1.0 2100  0.1
 9  Tu        221 0259  0.8 0900  0.1 1527  1.0 2154  0.1
10  We        221 0353  0.8 0952  0.1 1619  0.9 2248  0.1
11  Th        221 0448  0.8 1046  0.2 1712  0.9 2341  0.2
12  Fr        221 0543  0.8 1141  0.2 1806  0.9 9999  9.9
13  Sa        221 0034  0.2 0639  0.8 1238  0.2 1900  0.9
14  Su        221 0127  0.2 0734  0.8 1335  0.2 1954  0.8
15  Mo        221 0218  0.2 0828  0.8 1433  0.2 2047  0.8
16  Tu        221 0307  0.2 0920  0.8 1529  0.2 2139  0.8
17  We        221 0354  0.2 1010  0.8 1622  0.2 2228  0.8
18  Th        221 0438  0.2 1057  0.8 1713  0.2 2315  0.7
19  Fr        221 0520  0.2 1142  0.8 1801  0.2 2359  0.7
20  Sa        221 0600  0.2 1224  0.8 1846  0.2 9999  9.9
21  Su        221 0040  0.7 0638  0.2 1304  0.8 1928  0.2
22  Mo        221 0121  0.7 0717  0.2 1344  0.9 2009  0.2
23  Tu        221 0201  0.7 0756  0.2 1425  0.9 2050  0.2
24  We        221 0242  0.7 0838  0.2 1507  0.9 2132  0.2
25  Th        221 0326  0.7 0924  0.2 1552  0.9 2217  0.2
26  Fr        221 0414  0.7 1014  0.2 1640  0.9 2304  0.2
27  Sa        221 0505  0.8 1109  0.2 1732  0.9 2355  0.2
28  Su        221 0601  0.8 1207  0.2 1827  0.9 9999  9.9
 1  Mo        321 0048  0.2 0658  0.8 1308  0.2 1925  0.9
 2  Tu        321 0143  0.2 0757  0.8 1410  0.2 2023  0.9
 3  We        321 0238  0.1 0856  0.9 1512  0.1 2122  0.9
 4  Th        321 0334  0.1 0953  0.9 1612  0.1 2219  0.9
 5  Fr        321 0428  0.1 1049  0.9 1710  0.1 2315  0.9
 6  Sa        321 0521  0.1 1143  1.0 1805  0.1 9999  9.9
 7  Su        321 0009  0.8 0613  0.1 1236  1.0 1859  0.1
 8  Mo        321 0102  0.8 0704  0.1 1327  1.0 1951  0.1
 9  Tu        321 0153  0.8 0754  0.1 1417  1.0 2042  0.1
10  We        321 0244  0.8 0843  0.1 1506  0.9 2131  0.1
11  Th        321 0334  0.8 0934  0.2 1556  0.9 2221  0.2
12  Fr        321 0424  0.8 1025  0.2 1647  0.9 2310  0.2
13  Sa        321 0516  0.8 1119  0.2 1739  0.8 9999  9.9
14  Su        321 0000  0.2 0609  0.8 1215  0.2 1832  0.8
15  Mo        321 0051  0.2 0702  0.8 1313  0.2 1926  0.8
16  Tu        321 0141  0.2 0755  0.8 1410  0.2 2021  0.7
17  We        321 0230  0.3 0848  0.8 1507  0.2 2113  0.7
18  Th        321 0317  0.3 0937  0.8 1600  0.2 2203  0.7
19  Fr        321 0402  0.3 1024  0.8 1648  0.2 2249  0.7
20  Sa        321 0445  0.2 1108  0.8 1733  0.2 2331  0.7
21  Su        321 0525  0.2 1149  0.8 1814  0.2 9999  9.9
22  Mo        321 0011  0.7 0604  0.2 1228  0.9 1853  0.2
23  Tu        321 0049  0.7 0643  0.2 1307  0.9 1931  0.2
24  We        321 0127  0.7 0724  0.2 1347  0.9 2009  0.2
25  Th        321 0208  0.7 0808  0.2 1430  0.9 2050  0.2
26  Fr        321 0252  0.8 0855  0.2 1516  0.9 2135  0.2
27  Sa        321 0340  0.8 0947  0.2 1606  0.9 2223  0.2
28  Su        321 0433  0.8 1044  0.2 1700  0.9 2316  0.2
29  Mo        321 0530  0.8 1145  0.2 1759  0.8 9999  9.9
30  Tu        321 0013  0.2 0630  0.9 1249  0.1 1900  0.8
31  We        321 0111  0.1 0732  0.9 1353  0.1 2003  0.8
 1  Th        421 0211  0.1 0833  0.9 1456  0.1 2105  0.8
 2  Fr        421 0310  0.1 0932  1.0 1557  0.1 2204  0.8
 3  Sa        421 0407  0.1 1029  1.0 1654  0.1 2301  0.9
 4  Su        421 0502  0.1 1124  1.0 1749  0.1 2355  0.9
 5  Mo        421 0556  0.1 1216  1.0 1841  0.1 9999  9.9
 6  Tu        421 0047  0.8 0647  0.1 1306  1.0 1931  0.1
 7  We        421 0137  0.8 0737  0.1 1356  0.9 2019  0.1
 8  Th        421 0225  0.8 0826  0.2 1444  0.9 2105  0.2
 9  Fr        421 0313  0.8 0916  0.2 1532  0.8 2151  0.2
10  Sa        421 0401  0.8 1007  0.2 1621  0.8 2237  0.2
11  Su        421 0449  0.8 1100  0.2 1711  0.8 2323  0.2
12  Mo        421 0539  0.8 1155  0.3 1804  0.7 9999  9.9
13  Tu        421 0011  0.3 0630  0.8 1252  0.3 1858  0.7
14  We        421 0100  0.3 0722  0.8 1349  0.3 1953  0.7
15  Th        421 0149  0.3 0813  0.8 1443  0.3 2045  0.7
16  Fr        421 0237  0.3 0901  0.8 1533  0.2 2134  0.7
17  Sa        421 0323  0.3 0947  0.8 1619  0.2 2219  0.7
18  Su        421 0407  0.3 1031  0.8 1701  0.2 2300  0.7
19  Mo        421 0449  0.3 1111  0.8 1740  0.2 2339  0.7
20  Tu        421 0530  0.2 1151  0.9 1817  0.2 9999  9.9
21  We        421 0017  0.7 0612  0.2 1231  0.9 1853  0.2
22  Th        421 0056  0.8 0655  0.2 1312  0.9 1932  0.2
23  Fr        421 0138  0.8 0741  0.2 1356  0.9 2013  0.2
24  Sa        421 0223  0.8 0831  0.2 1444  0.9 2059  0.2
25  Su        421 0313  0.9 0926  0.2 1537  0.8 2149  0.1
26  Mo        421 0408  0.9 1025  0.2 1634  0.8 2244  0.1
27  Tu        421 0506  0.9 1127  0.1 1735  0.8 2343  0.1
28  We        421 0606  0.9 1231  0.1 1838  0.8 9999  9.9
29  Th        421 0043  0.1 0708  1.0 1335  0.1 1942  0.8
30  Fr        421 0145  0.1 0809  1.0 1438  0.1 2045  0.8
 1  Sa        521 0245  0.1 0908  1.0 1537  0.1 2145  0.8
 2  Su        521 0344  0.1 1005  1.0 1634  0.1 2242  0.8
 3  Mo        521 0440  0.1 1100  1.0 1727  0.1 2336  0.8
 4  Tu        521 0535  0.1 1152  1.0 1818  0.1 9999  9.9
 5  We        521 0028  0.8 0627  0.1 1243  0.9 1907  0.1
 6  Th        521 0117  0.8 0718  0.2 1332  0.9 1953  0.1
 7  Fr        521 0204  0.8 0808  0.2 1419  0.8 2037  0.2
 8  Sa        521 0251  0.8 0859  0.2 1507  0.8 2120  0.2
 9  Su        521 0336  0.8 0950  0.2 1555  0.7 2203  0.2
10  Mo        521 0423  0.8 1042  0.3 1644  0.7 2246  0.3
11  Tu        521 0510  0.8 1136  0.3 1735  0.7 2331  0.3
12  We        521 0558  0.8 1230  0.3 1828  0.7 9999  9.9
13  Th        521 0019  0.3 0648  0.8 1324  0.3 1921  0.7
14  Fr        521 0107  0.3 0736  0.8 1414  0.2 2012  0.7
15  Sa        521 0155  0.3 0824  0.8 1501  0.2 2059  0.7
16  Su        521 0243  0.3 0909  0.8 1545  0.2 2144  0.7
17  Mo        521 0329  0.3 0952  0.8 1625  0.2 2226  0.7
18  Tu        521 0413  0.3 1034  0.8 1703  0.2 2306  0.7
19  We        521 0458  0.2 1115  0.8 1740  0.2 2346  0.8
20  Th        521 0543  0.2 1157  0.8 1818  0.2 9999  9.9
21  Fr        521 0028  0.8 0630  0.2 1241  0.8 1859  0.2
22  Sa        521 0113  0.8 0720  0.2 1328  0.8 1943  0.1
23  Su        521 0201  0.9 0813  0.2 1419  0.8 2031  0.1
24  Mo        521 0253  0.9 0910  0.2 1514  0.8 2123  0.1
25  Tu        521 0348  0.9 1010  0.1 1613  0.8 2219  0.1
26  We        521 0446  1.0 1111  0.1 1714  0.8 2317  0.1
27  Th        521 0545  1.0 1214  0.1 1817  0.8 9999  9.9
28  Fr        521 0018  0.1 0645  1.0 1316  0.1 1920  0.8
29  Sa        521 0119  0.1 0744  1.0 1416  0.1 2022  0.8
30  Su        521 0219  0.1 0843  1.0 1514  0.1 2121  0.8
31  Mo        521 0318  0.1 0939  1.0 1609  0.1 2218  0.8
 1  Tu        621 0415  0.1 1033  1.0 1701  0.1 2312  0.8
 2  We        621 0511  0.2 1126  0.9 1751  0.1 9999  9.9
 3  Th        621 0004  0.8 0605  0.2 1217  0.9 1839  0.1
 4  Fr        621 0053  0.8 0657  0.2 1306  0.8 1924  0.2
 5  Sa        621 0141  0.8 0749  0.2 1354  0.8 2006  0.2
 6  Su        621 0226  0.8 0840  0.2 1441  0.7 2048  0.2
 7  Mo        621 0311  0.8 0931  0.2 1528  0.7 2129  0.2
 8  Tu        621 0356  0.8 1022  0.3 1616  0.7 2210  0.3
 9  We        621 0441  0.8 1112  0.3 1704  0.7 2254  0.3
10  Th        621 0526  0.8 1203  0.3 1754  0.6 2339  0.3
11  Fr        621 0613  0.8 1252  0.2 1844  0.6 9999  9.9
12  Sa        621 0027  0.3 0659  0.8 1339  0.2 1933  0.6
13  Su        621 0115  0.3 0745  0.8 1423  0.2 2020  0.7
14  Mo        621 0204  0.3 0831  0.8 1506  0.2 2105  0.7
15  Tu        621 0252  0.3 0915  0.8 1547  0.2 2150  0.7
16  We        621 0341  0.3 0959  0.8 1627  0.2 2234  0.7
17  Th        621 0430  0.2 1044  0.8 1707  0.2 2319  0.8
18  Fr        621 0520  0.2 1130  0.8 1749  0.2 9999  9.9
19  Sa        621 0005  0.8 0612  0.2 1217  0.8 1833  0.1
20  Su        621 0053  0.9 0705  0.2 1308  0.8 1920  0.1
21  Mo        621 0144  0.9 0800  0.2 1401  0.8 2010  0.1
22  Tu        621 0236  0.9 0857  0.1 1457  0.8 2103  0.1
23  We        621 0331  1.0 0956  0.1 1555  0.8 2158  0.1
24  Th        621 0427  1.0 1055  0.1 1655  0.8 2255  0.1
25  Fr        621 0525  1.0 1155  0.1 1756  0.8 2354  0.1
26  Sa        621 0622  1.0 1254  0.1 1857  0.8 9999  9.9
27  Su        621 0054  0.1 0720  1.0 1351  0.1 1956  0.8
28  Mo        621 0153  0.1 0816  1.0 1447  0.1 2054  0.8
29  Tu        621 0252  0.1 0912  1.0 1541  0.1 2151  0.8
30  We        621 0350  0.2 1006  0.9 1632  0.1 2245  0.8
 1  Th        721 0446  0.2 1059  0.9 1721  0.1 2337  0.8
 2  Fr        721 0541  0.2 1150  0.8 1808  0.1 9999  9.9
 3  Sa        721 0026  0.8 0635  0.2 1239  0.8 1852  0.2
 4  Su        721 0113  0.8 0727  0.2 1327  0.8 1934  0.2
 5  Mo        721 0158  0.8 0817  0.2 1413  0.7 2014  0.2
 6  Tu        721 0242  0.8 0907  0.2 1458  0.7 2054  0.2
 7  We        721 0325  0.8 0954  0.3 1544  0.7 2135  0.2
 8  Th        721 0409  0.8 1041  0.3 1630  0.7 2218  0.3
 9  Fr        721 0452  0.9 1127  0.2 1716  0.7 2303  0.3
10  Sa        721 0537  0.9 1213  0.2 1803  0.7 2350  0.3
11  Su        721 0622  0.9 1258  0.2 1851  0.7 9999  9.9
12  Mo        721 0040  0.3 0709  0.9 1342  0.2 1940  0.7
13  Tu        721 0130  0.2 0755  0.8 1426  0.2 2028  0.7
14  We        721 0222  0.2 0843  0.8 1509  0.2 2117  0.7
15  Th        721 0315  0.2 0931  0.8 1553  0.2 2206  0.8
16  Fr        721 0409  0.2 1019  0.8 1638  0.2 2255  0.8
17  Sa        721 0503  0.2 1109  0.8 1725  0.1 2346  0.9
18  Su        721 0558  0.2 1201  0.8 1812  0.1 9999  9.9
19  Mo        721 0037  0.9 0653  0.2 1254  0.8 1902  0.1
20  Tu        721 0129  0.9 0749  0.2 1348  0.8 1953  0.1
21  We        721 0221  1.0 0845  0.1 1443  0.8 2046  0.1
22  Th        721 0315  1.0 0941  0.1 1539  0.8 2140  0.1
23  Fr        721 0409  1.0 1037  0.1 1636  0.8 2236  0.1
24  Sa        721 0504  1.0 1133  0.1 1734  0.8 2333  0.1
25  Su        721 0559  1.0 1229  0.1 1832  0.8 9999  9.9
26  Mo        721 0030  0.1 0655  1.0 1324  0.1 1929  0.8
27  Tu        721 0128  0.2 0750  0.9 1418  0.1 2026  0.8
28  We        721 0227  0.2 0845  0.9 1510  0.1 2122  0.8
29  Th        721 0325  0.2 0939  0.9 1601  0.1 2215  0.8
30  Fr        721 0422  0.2 1032  0.8 1649  0.2 2306  0.8
31  Sa        721 0517  0.2 1123  0.8 1735  0.2 2355  0.8
 1  Su        821 0610  0.2 1211  0.8 1818  0.2 9999  9.9
 2  Mo        821 0042  0.8 0701  0.2 1258  0.7 1859  0.2
 3  Tu        821 0126  0.8 0749  0.2 1342  0.7 1940  0.2
 4  We        821 0209  0.8 0835  0.2 1426  0.7 2020  0.2
 5  Th        821 0250  0.9 0919  0.2 1508  0.7 2101  0.2
 6  Fr        821 0333  0.9 1003  0.2 1552  0.7 2144  0.2
 7  Sa        821 0416  0.9 1046  0.2 1637  0.7 2229  0.2
 8  Su        821 0500  0.9 1129  0.2 1723  0.7 2318  0.2
 9  Mo        821 0546  0.9 1214  0.2 1812  0.7 9999  9.9
10  Tu        821 0009  0.2 0634  0.8 1300  0.2 1903  0.7
11  We        821 0103  0.2 0724  0.8 1347  0.2 1955  0.8
12  Th        821 0159  0.2 0815  0.8 1435  0.2 2048  0.8
13  Fr        821 0256  0.2 0908  0.8 1525  0.2 2142  0.8
14  Sa        821 0354  0.2 1001  0.8 1615  0.1 2235  0.9
15  Su        821 0451  0.2 1055  0.8 1705  0.1 2328  0.9
16  Mo        821 0547  0.2 1149  0.8 1756  0.1 9999  9.9
17  Tu        821 0021  0.9 0642  0.1 1242  0.8 1847  0.1
18  We        821 0113  1.0 0736  0.1 1336  0.8 1939  0.1
19  Th        821 0205  1.0 0830  0.1 1429  0.8 2031  0.1
20  Fr        821 0257  1.0 0923  0.1 1523  0.8 2124  0.1
21  Sa        821 0350  1.0 1016  0.1 1617  0.8 2218  0.1
22  Su        821 0443  0.9 1109  0.1 1712  0.8 2313  0.1
23  Mo        821 0537  0.9 1202  0.1 1807  0.8 9999  9.9
24  Tu        821 0010  0.2 0631  0.9 1255  0.2 1903  0.8
25  We        821 0107  0.2 0726  0.9 1347  0.2 1958  0.8
26  Th        821 0206  0.2 0820  0.8 1438  0.2 2052  0.8
27  Fr        821 0303  0.2 0914  0.8 1527  0.2 2144  0.8
28  Sa        821 0359  0.2 1006  0.8 1615  0.2 2234  0.8
29  Su        821 0453  0.2 1056  0.7 1700  0.2 2322  0.8
30  Mo        821 0543  0.2 1143  0.7 1742  0.2 9999  9.9
31  Tu        821 0007  0.8 0631  0.2 1227  0.7 1824  0.2
 1  We        921 0049  0.8 0715  0.2 1309  0.7 1904  0.2
 2  Th        921 0131  0.9 0757  0.2 1350  0.7 1944  0.2
 3  Fr        921 0212  0.9 0838  0.2 1431  0.7 2026  0.2
 4  Sa        921 0253  0.9 0919  0.2 1513  0.7 2110  0.2
 5  Su        921 0336  0.9 1000  0.2 1558  0.7 2158  0.2
 6  Mo        921 0422  0.8 1045  0.2 1646  0.7 2249  0.2
 7  Tu        921 0511  0.8 1131  0.2 1737  0.8 2344  0.2
 8  We        921 0603  0.8 1221  0.2 1831  0.8 9999  9.9
 9  Th        921 0042  0.2 0657  0.8 1312  0.2 1927  0.8
10  Fr        921 0142  0.2 0753  0.8 1406  0.2 2024  0.9
11  Sa        921 0241  0.2 0850  0.8 1500  0.1 2120  0.9
12  Su        921 0340  0.1 0947  0.8 1554  0.1 2216  0.9
13  Mo        921 0438  0.1 1043  0.8 1647  0.1 2310  1.0
14  Tu        921 0533  0.1 1137  0.8 1740  0.1 9999  9.9
15  We        921 0003  1.0 0627  0.1 1230  0.8 1832  0.1
16  Th        921 0055  1.0 0720  0.1 1323  0.8 1924  0.1
17  Fr        921 0147  1.0 0811  0.1 1415  0.8 2016  0.1
18  Sa        921 0238  0.9 0902  0.1 1506  0.8 2108  0.1
19  Su        921 0329  0.9 0953  0.1 1558  0.8 2201  0.2
20  Mo        921 0422  0.9 1043  0.2 1651  0.8 2256  0.2
21  Tu        921 0515  0.9 1134  0.2 1744  0.8 2353  0.2
22  We        921 0609  0.8 1225  0.2 1837  0.8 9999  9.9
23  Th        921 0051  0.2 0703  0.8 1315  0.2 1931  0.8
24  Fr        921 0148  0.2 0758  0.8 1405  0.2 2023  0.8
25  Sa        921 0244  0.2 0851  0.7 1453  0.2 2113  0.8
26  Su        921 0338  0.2 0942  0.7 1540  0.2 2201  0.8
27  Mo        921 0428  0.2 1029  0.7 1624  0.2 2247  0.8
28  Tu        921 0514  0.2 1114  0.7 1706  0.2 2329  0.9
29  We        921 0557  0.2 1155  0.7 1747  0.2 9999  9.9
30  Th        921 0011  0.9 0637  0.2 1235  0.7 1828  0.2
 1  Fr       1021 0051  0.9 0716  0.2 1313  0.7 1909  0.2
 2  Sa       1021 0131  0.8 0754  0.2 1354  0.7 1952  0.2
 3  Su       1021 0213  0.8 0834  0.2 1436  0.8 2039  0.2
 4  Mo       1021 0257  0.8 0916  0.2 1523  0.8 2130  0.2
 5  Tu       1021 0346  0.8 1002  0.2 1613  0.8 2224  0.2
 6  We       1021 0438  0.8 1052  0.2 1707  0.8 2323  0.2
 7  Th       1021 0534  0.8 1145  0.2 1804  0.9 9999  9.9
 8  Fr       1021 0024  0.2 0633  0.8 1242  0.2 1903  0.9
 9  Sa       1021 0126  0.1 0733  0.8 1339  0.1 2002  0.9
10  Su       1021 0226  0.1 0833  0.8 1436  0.1 2059  1.0
11  Mo       1021 0325  0.1 0931  0.8 1533  0.1 2155  1.0
12  Tu       1021 0422  0.1 1028  0.8 1628  0.1 2250  1.0
13  We       1021 0516  0.1 1122  0.8 1722  0.1 2343  1.0
14  Th       1021 0609  0.1 1215  0.8 1815  0.1 9999  9.9
15  Fr       1021 0035  1.0 0700  0.1 1307  0.8 1908  0.1
16  Sa       1021 0126  0.9 0749  0.1 1357  0.8 2000  0.1
17  Su       1021 0217  0.9 0838  0.1 1448  0.8 2053  0.2
18  Mo       1021 0308  0.9 0926  0.2 1538  0.8 2147  0.2
19  Tu       1021 0359  0.8 1015  0.2 1629  0.8 2242  0.2
20  We       1021 0453  0.8 1103  0.2 1721  0.8 2339  0.2
21  Th       1021 0547  0.7 1152  0.2 1812  0.8 9999  9.9
22  Fr       1021 0036  0.2 0642  0.7 1242  0.3 1904  0.8
23  Sa       1021 0132  0.2 0736  0.7 1330  0.3 1954  0.8
24  Su       1021 0225  0.2 0827  0.7 1418  0.3 2042  0.8
25  Mo       1021 0315  0.2 0916  0.7 1504  0.3 2128  0.8
26  Tu       1021 0401  0.2 1001  0.7 1548  0.3 2211  0.9
27  We       1021 0443  0.2 1043  0.7 1631  0.3 2252  0.9
28  Th       1021 0522  0.2 1122  0.7 1712  0.2 2332  0.8
29  Fr       1021 0559  0.2 1200  0.7 1754  0.2 9999  9.9
30  Sa       1021 0012  0.8 0635  0.2 1239  0.7 1837  0.2
31  Su       1021 0052  0.8 0713  0.2 1320  0.8 1922  0.2
 1  Mo       1121 0135  0.8 0753  0.2 1404  0.8 2012  0.2
 2  Tu       1121 0222  0.8 0836  0.2 1452  0.8 2105  0.2
 3  We       1121 0313  0.8 0925  0.2 1545  0.9 2203  0.2
 4  Th       1121 0409  0.8 1018  0.2 1642  0.9 2304  0.2
 5  Fr       1121 0509  0.8 1115  0.1 1740  0.9 9999  9.9
 6  Sa       1121 0007  0.1 0611  0.8 1214  0.1 1840  1.0
 7  Su       1121 0109  0.1 0713  0.8 1314  0.1 1939  1.0
 8  Mo       1121 0209  0.1 0814  0.8 1413  0.1 2037  1.0
 9  Tu       1121 0307  0.1 0913  0.8 1511  0.1 2134  1.0
10  We       1121 0402  0.0 1010  0.9 1608  0.1 2228  1.0
11  Th       1121 0456  0.0 1104  0.9 1703  0.1 2321  1.0
12  Fr       1121 0547  0.1 1157  0.9 1757  0.1 9999  9.9
13  Sa       1121 0013  1.0 0637  0.1 1248  0.9 1851  0.1
14  Su       1121 0104  0.9 0725  0.1 1338  0.8 1944  0.2
15  Mo       1121 0154  0.9 0812  0.1 1428  0.8 2037  0.2
16  Tu       1121 0245  0.8 0858  0.2 1517  0.8 2132  0.2
17  We       1121 0337  0.8 0944  0.2 1606  0.8 2228  0.2
18  Th       1121 0429  0.7 1031  0.2 1656  0.8 2324  0.2
19  Fr       1121 0523  0.7 1118  0.3 1745  0.8 9999  9.9
20  Sa       1121 0019  0.2 0616  0.7 1206  0.3 1835  0.8
21  Su       1121 0111  0.2 0709  0.7 1254  0.3 1923  0.8
22  Mo       1121 0201  0.2 0759  0.7 1341  0.3 2009  0.8
23  Tu       1121 0247  0.2 0845  0.7 1428  0.3 2053  0.9
24  We       1121 0330  0.2 0929  0.7 1513  0.3 2136  0.9
25  Th       1121 0409  0.2 1010  0.7 1557  0.3 2217  0.8
26  Fr       1121 0446  0.2 1050  0.7 1640  0.2 2257  0.8
27  Sa       1121 0523  0.2 1129  0.7 1724  0.2 2337  0.8
28  Su       1121 0559  0.2 1209  0.8 1810  0.2 9999  9.9
29  Mo       1121 0019  0.8 0637  0.2 1252  0.8 1858  0.2
30  Tu       1121 0104  0.8 0719  0.2 1338  0.8 1950  0.2
 1  We       1221 0153  0.8 0804  0.2 1428  0.9 2046  0.2
 2  Th       1221 0247  0.8 0855  0.1 1522  0.9 2145  0.2
 3  Fr       1221 0345  0.8 0950  0.1 1619  0.9 2246  0.1
 4  Sa       1221 0446  0.8 1048  0.1 1718  1.0 2347  0.1
 5  Su       1221 0549  0.8 1148  0.1 1817  1.0 9999  9.9
 6  Mo       1221 0048  0.1 0651  0.8 1249  0.1 1916  1.0
 7  Tu       1221 0148  0.1 0752  0.8 1350  0.1 2014  1.0
 8  We       1221 0245  0.0 0852  0.8 1449  0.1 2110  1.0
 9  Th       1221 0340  0.0 0949  0.9 1547  0.1 2205  1.0
10  Fr       1221 0433  0.0 1043  0.9 1643  0.1 2259  1.0
11  Sa       1221 0524  0.1 1136  0.9 1739  0.1 2351  0.9
12  Su       1221 0612  0.1 1228  0.9 1833  0.2 9999  9.9
13  Mo       1221 0042  0.9 0700  0.1 1317  0.9 1927  0.2
14  Tu       1221 0132  0.8 0745  0.2 1406  0.8 2021  0.2
15  We       1221 0222  0.8 0829  0.2 1453  0.8 2114  0.2
16  Th       1221 0312  0.7 0912  0.2 1540  0.8 2208  0.2
17  Fr       1221 0402  0.7 0956  0.3 1627  0.8 2301  0.3
18  Sa       1221 0453  0.7 1041  0.3 1714  0.8 2352  0.3
19  Su       1221 0544  0.6 1127  0.3 1801  0.8 9999  9.9
20  Mo       1221 0041  0.2 0634  0.6 1215  0.3 1848  0.8
21  Tu       1221 0128  0.2 0722  0.6 1304  0.3 1934  0.8
22  We       1221 0212  0.2 0809  0.7 1352  0.3 2018  0.8
23  Th       1221 0254  0.2 0854  0.7 1440  0.3 2102  0.8
24  Fr       1221 0333  0.2 0937  0.7 1527  0.3 2144  0.8
25  Sa       1221 0411  0.2 1019  0.7 1614  0.2 2227  0.8
26  Su       1221 0449  0.2 1101  0.8 1701  0.2 2310  0.8
27  Mo       1221 0528  0.2 1144  0.8 1750  0.2 2354  0.8
28  Tu       1221 0609  0.2 1229  0.8 1841  0.2 9999  9.9
29  We       1221 0042  0.8 0653  0.1 1318  0.9 1934  0.2
30  Th       1221 0132  0.8 0741  0.1 1409  0.9 2030  0.2
31  Fr       1221 0227  0.8 0832  0.1 1502  0.9 2127  0.2
