106Kaikoura
Based on data from  1-Jul-2013
Local Std Time, tidal heights in metres.
 1  We        120 0306  0.5 0924  1.7 1542  0.5 2148  1.6
 2  Th        120 0352  0.5 1010  1.7 1627  0.5 2233  1.6
 3  Fr        120 0439  0.6 1056  1.7 1712  0.5 2319  1.6
 4  Sa        120 0527  0.6 1143  1.6 1756  0.6 9999  9.9
 5  Su        120 0004  1.6 0615  0.6 1229  1.6 1840  0.6
 6  Mo        120 0050  1.6 0703  0.6 1314  1.6 1923  0.6
 7  Tu        120 0136  1.7 0751  0.6 1359  1.6 2007  0.5
 8  We        120 0223  1.7 0839  0.5 1445  1.6 2052  0.5
 9  Th        120 0310  1.7 0926  0.5 1532  1.6 2139  0.5
10  Fr        120 0358  1.8 1014  0.5 1620  1.7 2228  0.4
11  Sa        120 0447  1.9 1104  0.4 1711  1.7 2319  0.4
12  Su        120 0537  1.9 1155  0.4 1803  1.8 9999  9.9
13  Mo        120 0011  0.3 0629  2.0 1247  0.3 1857  1.8
14  Tu        120 0105  0.3 0722  2.0 1341  0.3 1951  1.8
15  We        120 0159  0.3 0817  2.0 1436  0.3 2046  1.8
16  Th        120 0255  0.3 0913  1.9 1532  0.3 2142  1.8
17  Fr        120 0353  0.3 1011  1.9 1627  0.3 2239  1.8
18  Sa        120 0452  0.3 1108  1.9 1722  0.4 2336  1.8
19  Su        120 0552  0.4 1205  1.8 1817  0.4 9999  9.9
20  Mo        120 0033  1.8 0651  0.4 1302  1.8 1911  0.4
21  Tu        120 0131  1.8 0749  0.4 1357  1.7 2005  0.4
22  We        120 0227  1.8 0845  0.4 1450  1.7 2059  0.4
23  Th        120 0322  1.8 0939  0.4 1542  1.7 2151  0.4
24  Fr        120 0414  1.8 1030  0.4 1633  1.7 2242  0.4
25  Sa        120 0503  1.8 1119  0.5 1723  1.7 2331  0.5
26  Su        120 0550  1.8 1206  0.5 1810  1.7 9999  9.9
27  Mo        120 0018  0.5 0636  1.8 1252  0.5 1857  1.6
28  Tu        120 0103  0.5 0720  1.8 1337  0.5 1942  1.6
29  We        120 0148  0.5 0804  1.7 1421  0.5 2027  1.6
30  Th        120 0232  0.5 0849  1.7 1505  0.5 2111  1.6
31  Fr        120 0317  0.6 0933  1.7 1549  0.6 2155  1.6
 1  Sa        220 0403  0.6 1019  1.6 1632  0.6 2240  1.6
 2  Su        220 0450  0.6 1105  1.6 1716  0.6 2325  1.6
 3  Mo        220 0538  0.6 1151  1.6 1759  0.6 9999  9.9
 4  Tu        220 0011  1.6 0627  0.6 1237  1.6 1843  0.6
 5  We        220 0058  1.7 0715  0.6 1323  1.6 1929  0.5
 6  Th        220 0146  1.7 0804  0.5 1410  1.6 2017  0.5
 7  Fr        220 0236  1.8 0853  0.5 1459  1.7 2107  0.4
 8  Sa        220 0326  1.9 0943  0.4 1549  1.7 2159  0.4
 9  Su        220 0418  1.9 1034  0.4 1642  1.8 2253  0.3
10  Mo        220 0511  2.0 1127  0.3 1737  1.8 2348  0.3
11  Tu        220 0605  2.0 1222  0.3 1833  1.9 9999  9.9
12  We        220 0044  0.2 0701  2.0 1318  0.3 1929  1.9
13  Th        220 0141  0.2 0757  2.0 1414  0.3 2026  1.9
14  Fr        220 0239  0.2 0855  1.9 1511  0.3 2124  1.9
15  Sa        220 0338  0.3 0954  1.9 1608  0.3 2222  1.9
16  Su        220 0438  0.3 1053  1.8 1704  0.4 2320  1.9
17  Mo        220 0539  0.4 1150  1.8 1800  0.4 9999  9.9
18  Tu        220 0018  1.8 0638  0.4 1246  1.7 1854  0.4
19  We        220 0115  1.8 0735  0.4 1340  1.7 1948  0.5
20  Th        220 0210  1.8 0828  0.5 1432  1.7 2040  0.5
21  Fr        220 0302  1.8 0918  0.5 1521  1.7 2130  0.5
22  Sa        220 0352  1.8 1006  0.5 1609  1.6 2219  0.5
23  Su        220 0438  1.8 1052  0.5 1656  1.6 2305  0.5
24  Mo        220 0522  1.7 1136  0.5 1741  1.6 2350  0.5
25  Tu        220 0605  1.7 1219  0.5 1825  1.6 9999  9.9
26  We        220 0033  0.5 0648  1.7 1302  0.5 1909  1.6
27  Th        220 0116  0.5 0731  1.7 1345  0.6 1952  1.6
28  Fr        220 0200  0.6 0814  1.6 1428  0.6 2035  1.6
29  Sa        220 0244  0.6 0859  1.6 1511  0.6 2118  1.6
 1  Su        320 0330  0.6 0944  1.6 1554  0.6 2203  1.6
 2  Mo        320 0417  0.6 1030  1.6 1638  0.6 2248  1.6
 3  Tu        320 0505  0.6 1116  1.6 1722  0.6 2335  1.7
 4  We        320 0553  0.6 1203  1.6 1807  0.6 9999  9.9
 5  Th        320 0023  1.7 0643  0.5 1250  1.6 1855  0.5
 6  Fr        320 0113  1.8 0732  0.5 1338  1.7 1946  0.5
 7  Sa        320 0205  1.8 0822  0.4 1429  1.7 2038  0.4
 8  Su        320 0258  1.9 0914  0.4 1522  1.8 2133  0.3
 9  Mo        320 0351  2.0 1006  0.3 1616  1.8 2229  0.3
10  Tu        320 0446  2.0 1101  0.3 1712  1.9 2326  0.2
11  We        320 0542  2.0 1157  0.3 1810  1.9 9999  9.9
12  Th        320 0024  0.2 0639  2.0 1254  0.3 1907  2.0
13  Fr        320 0122  0.2 0737  2.0 1351  0.3 2006  2.0
14  Sa        320 0222  0.2 0837  1.9 1449  0.3 2104  1.9
15  Su        320 0322  0.3 0936  1.9 1547  0.3 2203  1.9
16  Mo        320 0423  0.3 1035  1.8 1644  0.4 2301  1.9
17  Tu        320 0522  0.4 1132  1.8 1739  0.4 2359  1.8
18  We        320 0620  0.4 1227  1.7 1834  0.5 9999  9.9
19  Th        320 0055  1.8 0714  0.4 1319  1.7 1927  0.5
20  Fr        320 0148  1.8 0805  0.5 1409  1.7 2017  0.5
21  Sa        320 0238  1.8 0852  0.5 1456  1.6 2106  0.5
22  Su        320 0324  1.7 0936  0.5 1542  1.6 2152  0.5
23  Mo        320 0408  1.7 1019  0.5 1626  1.6 2237  0.5
24  Tu        320 0451  1.7 1102  0.5 1710  1.6 2320  0.5
25  We        320 0533  1.7 1144  0.6 1753  1.6 9999  9.9
26  Th        320 0003  0.5 0615  1.6 1226  0.6 1835  1.6
27  Fr        320 0046  0.6 0657  1.6 1308  0.6 1918  1.6
28  Sa        320 0129  0.6 0741  1.6 1351  0.6 2000  1.6
29  Su        320 0213  0.6 0826  1.6 1434  0.6 2044  1.6
30  Mo        320 0259  0.6 0912  1.6 1518  0.6 2128  1.7
31  Tu        320 0347  0.6 0959  1.6 1602  0.6 2215  1.7
 1  We        420 0435  0.6 1046  1.6 1648  0.6 2303  1.7
 2  Th        420 0525  0.5 1133  1.6 1736  0.5 2353  1.8
 3  Fr        420 0614  0.5 1222  1.6 1827  0.5 9999  9.9
 4  Sa        420 0045  1.8 0704  0.4 1312  1.7 1920  0.4
 5  Su        420 0138  1.9 0755  0.4 1404  1.8 2015  0.4
 6  Mo        420 0232  1.9 0847  0.3 1458  1.8 2111  0.3
 7  Tu        420 0327  2.0 0941  0.3 1553  1.9 2209  0.2
 8  We        420 0423  2.0 1036  0.3 1650  2.0 2306  0.2
 9  Th        420 0520  2.0 1132  0.3 1748  2.0 9999  9.9
10  Fr        420 0005  0.2 0618  1.9 1230  0.3 1846  2.0
11  Sa        420 0104  0.2 0717  1.9 1328  0.3 1945  2.0
12  Su        420 0204  0.2 0816  1.9 1426  0.3 2043  2.0
13  Mo        420 0304  0.3 0916  1.8 1523  0.4 2141  1.9
14  Tu        420 0403  0.3 1014  1.8 1620  0.4 2239  1.9
15  We        420 0501  0.4 1110  1.7 1715  0.4 2335  1.8
16  Th        420 0556  0.4 1203  1.7 1808  0.5 9999  9.9
17  Fr        420 0029  1.8 0647  0.5 1253  1.7 1900  0.5
18  Sa        420 0119  1.7 0735  0.5 1341  1.7 1950  0.5
19  Su        420 0207  1.7 0820  0.5 1427  1.6 2037  0.5
20  Mo        420 0252  1.7 0903  0.5 1511  1.6 2123  0.5
21  Tu        420 0335  1.7 0944  0.5 1555  1.7 2207  0.6
22  We        420 0417  1.6 1026  0.5 1638  1.7 2250  0.6
23  Th        420 0459  1.6 1108  0.6 1720  1.7 2333  0.6
24  Fr        420 0541  1.6 1150  0.6 1802  1.7 9999  9.9
25  Sa        420 0016  0.6 0625  1.6 1232  0.6 1844  1.7
26  Su        420 0059  0.6 0709  1.6 1315  0.6 1927  1.7
27  Mo        420 0144  0.6 0755  1.6 1400  0.6 2012  1.7
28  Tu        420 0231  0.5 0843  1.6 1445  0.6 2058  1.7
29  We        420 0320  0.5 0930  1.6 1532  0.6 2146  1.7
30  Th        420 0409  0.5 1019  1.6 1620  0.5 2236  1.8
 1  Fr        520 0459  0.5 1108  1.6 1711  0.5 2328  1.8
 2  Sa        520 0549  0.5 1158  1.7 1804  0.4 9999  9.9
 3  Su        520 0022  1.8 0640  0.4 1249  1.7 1859  0.4
 4  Mo        520 0116  1.9 0731  0.4 1343  1.8 1956  0.3
 5  Tu        520 0211  1.9 0824  0.3 1438  1.9 2053  0.3
 6  We        520 0306  1.9 0918  0.3 1534  1.9 2151  0.2
 7  Th        520 0402  1.9 1013  0.3 1631  2.0 2249  0.2
 8  Fr        520 0459  1.9 1110  0.3 1729  2.0 2347  0.2
 9  Sa        520 0557  1.9 1207  0.3 1826  2.0 9999  9.9
10  Su        520 0046  0.2 0655  1.8 1304  0.3 1923  2.0
11  Mo        520 0144  0.3 0754  1.8 1401  0.3 2020  1.9
12  Tu        520 0242  0.3 0852  1.8 1457  0.4 2116  1.9
13  We        520 0339  0.4 0948  1.7 1552  0.4 2211  1.8
14  Th        520 0434  0.4 1041  1.7 1645  0.5 2305  1.8
15  Fr        520 0525  0.5 1132  1.7 1738  0.5 2356  1.7
16  Sa        520 0614  0.5 1221  1.7 1828  0.5 9999  9.9
17  Su        520 0045  1.7 0700  0.5 1308  1.7 1918  0.6
18  Mo        520 0132  1.7 0744  0.5 1354  1.7 2005  0.6
19  Tu        520 0216  1.7 0826  0.5 1438  1.7 2051  0.6
20  We        520 0300  1.6 0908  0.5 1522  1.7 2136  0.6
21  Th        520 0342  1.6 0950  0.5 1605  1.7 2219  0.6
22  Fr        520 0425  1.6 1032  0.6 1647  1.7 2302  0.5
23  Sa        520 0508  1.6 1114  0.6 1730  1.7 2346  0.5
24  Su        520 0552  1.6 1158  0.6 1813  1.7 9999  9.9
25  Mo        520 0030  0.5 0638  1.6 1242  0.5 1857  1.8
26  Tu        520 0117  0.5 0726  1.6 1328  0.5 1943  1.8
27  We        520 0205  0.5 0814  1.6 1416  0.5 2031  1.8
28  Th        520 0254  0.5 0904  1.6 1505  0.5 2121  1.8
29  Fr        520 0345  0.5 0954  1.7 1557  0.5 2214  1.8
30  Sa        520 0436  0.4 1045  1.7 1651  0.4 2308  1.8
31  Su        520 0528  0.4 1138  1.7 1746  0.4 9999  9.9
 1  Mo        620 0003  1.8 0619  0.4 1231  1.8 1843  0.4
 2  Tu        620 0058  1.8 0711  0.4 1326  1.8 1941  0.3
 3  We        620 0153  1.9 0804  0.3 1422  1.9 2039  0.3
 4  Th        620 0249  1.9 0858  0.3 1518  1.9 2137  0.3
 5  Fr        620 0345  1.9 0953  0.3 1615  2.0 2234  0.3
 6  Sa        620 0441  1.8 1049  0.3 1711  2.0 2331  0.3
 7  Su        620 0537  1.8 1145  0.3 1807  2.0 9999  9.9
 8  Mo        620 0027  0.3 0634  1.8 1241  0.3 1901  2.0
 9  Tu        620 0122  0.3 0729  1.7 1335  0.4 1955  1.9
10  We        620 0217  0.4 0824  1.7 1428  0.4 2047  1.9
11  Th        620 0310  0.4 0917  1.7 1520  0.5 2139  1.8
12  Fr        620 0401  0.4 1008  1.7 1612  0.5 2230  1.7
13  Sa        620 0450  0.5 1057  1.7 1702  0.5 2319  1.7
14  Su        620 0536  0.5 1145  1.6 1752  0.6 9999  9.9
15  Mo        620 0007  1.7 0622  0.5 1232  1.6 1842  0.6
16  Tu        620 0054  1.6 0705  0.5 1318  1.6 1931  0.6
17  We        620 0139  1.6 0749  0.5 1403  1.7 2018  0.6
18  Th        620 0224  1.6 0831  0.5 1448  1.7 2103  0.6
19  Fr        620 0307  1.6 0914  0.5 1531  1.7 2147  0.5
20  Sa        620 0351  1.6 0957  0.5 1615  1.7 2231  0.5
21  Su        620 0435  1.6 1040  0.5 1658  1.8 2316  0.5
22  Mo        620 0521  1.6 1125  0.5 1743  1.8 9999  9.9
23  Tu        620 0001  0.5 0608  1.6 1212  0.5 1829  1.8
24  We        620 0049  0.4 0657  1.7 1300  0.4 1917  1.9
25  Th        620 0139  0.4 0747  1.7 1351  0.4 2007  1.9
26  Fr        620 0230  0.4 0839  1.7 1443  0.4 2100  1.9
27  Sa        620 0322  0.4 0932  1.7 1537  0.4 2154  1.9
28  Su        620 0415  0.4 1025  1.8 1634  0.4 2250  1.8
29  Mo        620 0508  0.4 1120  1.8 1732  0.4 2346  1.8
30  Tu        620 0601  0.4 1215  1.8 1831  0.4 9999  9.9
 1  We        720 0043  1.8 0654  0.4 1312  1.9 1930  0.4
 2  Th        720 0139  1.8 0748  0.4 1409  1.9 2028  0.3
 3  Fr        720 0234  1.8 0842  0.3 1505  1.9 2124  0.3
 4  Sa        720 0329  1.8 0937  0.3 1601  1.9 2220  0.3
 5  Su        720 0423  1.8 1031  0.3 1654  2.0 2313  0.3
 6  Mo        720 0517  1.7 1125  0.4 1747  1.9 9999  9.9
 7  Tu        720 0006  0.4 0611  1.7 1217  0.4 1838  1.9
 8  We        720 0057  0.4 0703  1.7 1308  0.4 1927  1.9
 9  Th        720 0147  0.4 0754  1.7 1358  0.5 2016  1.8
10  Fr        720 0236  0.5 0843  1.7 1447  0.5 2104  1.8
11  Sa        720 0324  0.5 0931  1.7 1536  0.5 2152  1.7
12  Su        720 0411  0.5 1019  1.6 1625  0.6 2240  1.7
13  Mo        720 0457  0.5 1106  1.6 1715  0.6 2328  1.6
14  Tu        720 0542  0.5 1153  1.6 1805  0.6 9999  9.9
15  We        720 0015  1.6 0626  0.5 1240  1.6 1854  0.6
16  Th        720 0102  1.6 0710  0.5 1326  1.7 1942  0.6
17  Fr        720 0147  1.6 0754  0.5 1412  1.7 2029  0.6
18  Sa        720 0232  1.6 0838  0.5 1457  1.7 2114  0.5
19  Su        720 0317  1.6 0922  0.5 1542  1.8 2159  0.5
20  Mo        720 0403  1.6 1008  0.5 1627  1.8 2245  0.4
21  Tu        720 0450  1.7 1055  0.4 1714  1.9 2332  0.4
22  We        720 0539  1.7 1145  0.4 1802  1.9 9999  9.9
23  Th        720 0021  0.4 0629  1.7 1236  0.3 1853  1.9
24  Fr        720 0113  0.3 0722  1.8 1328  0.3 1945  1.9
25  Sa        720 0205  0.3 0816  1.8 1423  0.3 2040  1.9
26  Su        720 0259  0.3 0910  1.8 1520  0.3 2136  1.9
27  Mo        720 0354  0.3 1006  1.8 1619  0.3 2234  1.9
28  Tu        720 0449  0.4 1103  1.8 1719  0.4 2332  1.8
29  We        720 0544  0.4 1201  1.9 1820  0.4 9999  9.9
30  Th        720 0029  1.8 0639  0.4 1259  1.9 1919  0.4
31  Fr        720 0125  1.8 0734  0.4 1357  1.9 2017  0.4
 1  Sa        820 0220  1.7 0828  0.4 1452  1.9 2111  0.4
 2  Su        820 0314  1.7 0921  0.4 1546  1.9 2204  0.4
 3  Mo        820 0406  1.7 1014  0.4 1637  1.9 2254  0.4
 4  Tu        820 0457  1.7 1104  0.4 1725  1.9 2342  0.4
 5  We        820 0547  1.7 1153  0.4 1812  1.8 9999  9.9
 6  Th        820 0030  0.4 0635  1.7 1241  0.4 1858  1.8
 7  Fr        820 0116  0.5 0722  1.7 1327  0.5 1944  1.8
 8  Sa        820 0201  0.5 0808  1.7 1414  0.5 2029  1.7
 9  Su        820 0246  0.5 0854  1.6 1500  0.6 2115  1.7
10  Mo        820 0331  0.5 0940  1.6 1548  0.6 2202  1.6
11  Tu        820 0416  0.5 1027  1.6 1637  0.6 2250  1.6
12  We        820 0501  0.6 1114  1.6 1727  0.6 2338  1.6
13  Th        820 0546  0.6 1201  1.6 1817  0.6 9999  9.9
14  Fr        820 0025  1.6 0631  0.6 1248  1.7 1906  0.6
15  Sa        820 0111  1.6 0716  0.5 1335  1.7 1954  0.5
16  Su        820 0157  1.6 0802  0.5 1422  1.8 2040  0.5
17  Mo        820 0243  1.6 0849  0.5 1509  1.8 2127  0.4
18  Tu        820 0331  1.7 0938  0.4 1557  1.9 2214  0.4
19  We        820 0420  1.7 1028  0.3 1646  2.0 2303  0.3
20  Th        820 0511  1.8 1120  0.3 1737  2.0 2354  0.3
21  Fr        820 0604  1.8 1213  0.3 1830  2.0 9999  9.9
22  Sa        820 0047  0.3 0658  1.9 1308  0.2 1924  2.0
23  Su        820 0141  0.3 0754  1.9 1405  0.2 2021  2.0
24  Mo        820 0237  0.3 0850  1.9 1504  0.3 2119  1.9
25  Tu        820 0333  0.3 0948  1.9 1604  0.3 2218  1.8
26  We        820 0430  0.3 1047  1.9 1706  0.3 2317  1.8
27  Th        820 0526  0.4 1146  1.9 1807  0.4 9999  9.9
28  Fr        820 0015  1.8 0623  0.4 1245  1.9 1906  0.4
29  Sa        820 0111  1.7 0718  0.4 1343  1.9 2002  0.4
30  Su        820 0205  1.7 0812  0.4 1437  1.9 2054  0.4
31  Mo        820 0257  1.7 0905  0.4 1528  1.9 2144  0.4
 1  Tu        920 0346  1.7 0955  0.4 1616  1.8 2231  0.4
 2  We        920 0435  1.7 1043  0.4 1701  1.8 2316  0.5
 3  Th        920 0521  1.7 1129  0.5 1745  1.8 9999  9.9
 4  Fr        920 0000  0.5 0607  1.7 1214  0.5 1829  1.7
 5  Sa        920 0043  0.5 0651  1.7 1258  0.5 1912  1.7
 6  Su        920 0126  0.5 0735  1.7 1342  0.5 1955  1.7
 7  Mo        920 0210  0.5 0819  1.7 1427  0.6 2040  1.6
 8  Tu        920 0254  0.6 0903  1.6 1514  0.6 2127  1.6
 9  We        920 0338  0.6 0949  1.6 1602  0.6 2214  1.6
10  Th        920 0422  0.6 1035  1.6 1652  0.6 2301  1.6
11  Fr        920 0507  0.6 1122  1.7 1741  0.6 2348  1.6
12  Sa        920 0553  0.6 1210  1.7 1830  0.6 9999  9.9
13  Su        920 0035  1.6 0640  0.5 1259  1.7 1918  0.5
14  Mo        920 0122  1.6 0728  0.5 1348  1.8 2006  0.5
15  Tu        920 0210  1.7 0818  0.4 1438  1.9 2054  0.4
16  We        920 0300  1.7 0910  0.4 1528  1.9 2144  0.3
17  Th        920 0352  1.8 1003  0.3 1620  2.0 2235  0.3
18  Fr        920 0445  1.9 1058  0.2 1713  2.0 2328  0.3
19  Sa        920 0540  1.9 1153  0.2 1808  2.0 9999  9.9
20  Su        920 0022  0.2 0636  2.0 1250  0.2 1904  2.0
21  Mo        920 0118  0.2 0733  2.0 1348  0.2 2002  1.9
22  Tu        920 0215  0.3 0831  2.0 1448  0.2 2101  1.9
23  We        920 0313  0.3 0930  2.0 1549  0.3 2200  1.8
24  Th        920 0410  0.3 1029  1.9 1650  0.3 2259  1.8
25  Fr        920 0507  0.4 1129  1.9 1750  0.4 2357  1.7
26  Sa        920 0604  0.4 1227  1.9 1848  0.4 9999  9.9
27  Su        920 0052  1.7 0659  0.4 1323  1.8 1942  0.4
28  Mo        920 0145  1.7 0753  0.5 1416  1.8 2031  0.5
29  Tu        920 0235  1.7 0844  0.5 1505  1.8 2118  0.5
30  We        920 0323  1.7 0933  0.5 1551  1.8 2203  0.5
 1  Th       1020 0409  1.7 1020  0.5 1634  1.7 2246  0.5
 2  Fr       1020 0454  1.7 1104  0.5 1717  1.7 2329  0.5
 3  Sa       1020 0538  1.7 1148  0.5 1759  1.7 9999  9.9
 4  Su       1020 0011  0.5 0621  1.7 1231  0.5 1841  1.7
 5  Mo       1020 0053  0.5 0704  1.7 1314  0.5 1925  1.6
 6  Tu       1020 0135  0.6 0746  1.7 1358  0.6 2009  1.6
 7  We       1020 0218  0.6 0830  1.7 1444  0.6 2055  1.6
 8  Th       1020 0302  0.6 0914  1.7 1531  0.6 2141  1.6
 9  Fr       1020 0346  0.6 0959  1.7 1619  0.6 2228  1.6
10  Sa       1020 0431  0.6 1047  1.7 1708  0.6 2314  1.6
11  Su       1020 0517  0.5 1135  1.7 1756  0.5 9999  9.9
12  Mo       1020 0002  1.6 0606  0.5 1226  1.8 1845  0.5
13  Tu       1020 0050  1.7 0657  0.5 1317  1.8 1934  0.4
14  We       1020 0140  1.7 0750  0.4 1409  1.9 2024  0.4
15  Th       1020 0233  1.8 0845  0.3 1502  1.9 2115  0.3
16  Fr       1020 0327  1.9 0941  0.3 1556  2.0 2208  0.3
17  Sa       1020 0422  1.9 1037  0.2 1651  2.0 2303  0.2
18  Su       1020 0519  2.0 1134  0.2 1747  2.0 2359  0.2
19  Mo       1020 0616  2.0 1232  0.2 1844  2.0 9999  9.9
20  Tu       1020 0056  0.2 0714  2.0 1331  0.2 1943  1.9
21  We       1020 0154  0.3 0812  2.0 1431  0.2 2042  1.9
22  Th       1020 0251  0.3 0910  2.0 1531  0.3 2141  1.8
23  Fr       1020 0348  0.3 1009  1.9 1631  0.3 2239  1.8
24  Sa       1020 0445  0.4 1107  1.9 1728  0.4 2334  1.7
25  Su       1020 0541  0.4 1203  1.8 1823  0.4 9999  9.9
26  Mo       1020 0028  1.7 0635  0.5 1257  1.8 1914  0.5
27  Tu       1020 0119  1.7 0728  0.5 1348  1.8 2002  0.5
28  We       1020 0208  1.7 0819  0.5 1436  1.7 2048  0.5
29  Th       1020 0255  1.7 0907  0.5 1521  1.7 2131  0.5
30  Fr       1020 0341  1.7 0953  0.5 1604  1.7 2214  0.5
31  Sa       1020 0426  1.7 1038  0.5 1647  1.7 2256  0.5
 1  Su       1120 0509  1.7 1121  0.5 1729  1.6 2339  0.5
 2  Mo       1120 0552  1.7 1204  0.5 1812  1.6 9999  9.9
 3  Tu       1120 0021  0.5 0634  1.7 1247  0.5 1855  1.6
 4  We       1120 0103  0.6 0716  1.7 1331  0.6 1940  1.6
 5  Th       1120 0145  0.6 0758  1.7 1416  0.6 2025  1.6
 6  Fr       1120 0229  0.6 0842  1.7 1502  0.5 2111  1.6
 7  Sa       1120 0313  0.5 0928  1.7 1549  0.5 2157  1.6
 8  Su       1120 0359  0.5 1015  1.7 1637  0.5 2244  1.6
 9  Mo       1120 0447  0.5 1105  1.8 1726  0.5 2332  1.6
10  Tu       1120 0538  0.5 1157  1.8 1815  0.5 9999  9.9
11  We       1120 0022  1.7 0631  0.4 1249  1.8 1905  0.4
12  Th       1120 0114  1.8 0727  0.4 1343  1.9 1957  0.4
13  Fr       1120 0208  1.8 0824  0.3 1438  1.9 2050  0.3
14  Sa       1120 0305  1.9 0921  0.3 1533  1.9 2145  0.3
15  Su       1120 0402  2.0 1019  0.2 1630  1.9 2241  0.3
16  Mo       1120 0500  2.0 1118  0.2 1727  1.9 2338  0.2
17  Tu       1120 0558  2.0 1216  0.2 1825  1.9 9999  9.9
18  We       1120 0035  0.3 0655  2.0 1314  0.2 1923  1.9
19  Th       1120 0132  0.3 0752  2.0 1413  0.3 2021  1.8
20  Fr       1120 0229  0.3 0849  2.0 1510  0.3 2118  1.8
21  Sa       1120 0325  0.4 0945  1.9 1607  0.4 2213  1.7
22  Su       1120 0419  0.4 1040  1.9 1701  0.4 2307  1.7
23  Mo       1120 0513  0.5 1134  1.8 1752  0.5 2358  1.7
24  Tu       1120 0606  0.5 1226  1.7 1841  0.5 9999  9.9
25  We       1120 0048  1.7 0658  0.5 1315  1.7 1928  0.5
26  Th       1120 0136  1.7 0749  0.6 1402  1.7 2012  0.5
27  Fr       1120 0224  1.7 0837  0.6 1447  1.6 2056  0.5
28  Sa       1120 0310  1.7 0924  0.6 1531  1.6 2140  0.5
29  Su       1120 0355  1.7 1009  0.6 1615  1.6 2223  0.6
30  Mo       1120 0438  1.7 1052  0.6 1658  1.6 2306  0.6
 1  Tu       1220 0521  1.7 1136  0.5 1742  1.6 2348  0.5
 2  We       1220 0603  1.7 1219  0.5 1826  1.6 9999  9.9
 3  Th       1220 0031  0.5 0646  1.7 1303  0.5 1910  1.6
 4  Fr       1220 0114  0.5 0729  1.8 1348  0.5 1956  1.6
 5  Sa       1220 0158  0.5 0814  1.8 1434  0.5 2042  1.6
 6  Su       1220 0244  0.5 0900  1.8 1522  0.5 2129  1.6
 7  Mo       1220 0332  0.5 0949  1.8 1610  0.5 2217  1.7
 8  Tu       1220 0422  0.5 1040  1.8 1659  0.5 2307  1.7
 9  We       1220 0515  0.4 1133  1.8 1749  0.4 2358  1.7
10  Th       1220 0610  0.4 1227  1.8 1840  0.4 9999  9.9
11  Fr       1220 0053  1.8 0708  0.4 1322  1.8 1933  0.4
12  Sa       1220 0149  1.9 0807  0.3 1418  1.8 2028  0.3
13  Su       1220 0247  1.9 0905  0.3 1514  1.9 2124  0.3
14  Mo       1220 0345  2.0 1004  0.3 1611  1.9 2221  0.3
15  Tu       1220 0443  2.0 1102  0.3 1708  1.8 2318  0.3
16  We       1220 0540  2.0 1159  0.3 1806  1.8 9999  9.9
17  Th       1220 0015  0.3 0636  2.0 1255  0.3 1903  1.8
18  Fr       1220 0111  0.3 0731  2.0 1351  0.3 1958  1.8
19  Sa       1220 0205  0.3 0825  1.9 1446  0.4 2052  1.7
20  Su       1220 0258  0.4 0918  1.9 1538  0.4 2144  1.7
21  Mo       1220 0351  0.4 1010  1.8 1629  0.4 2235  1.7
22  Tu       1220 0442  0.5 1101  1.7 1718  0.5 2324  1.7
23  We       1220 0533  0.5 1151  1.7 1804  0.5 9999  9.9
24  Th       1220 0013  1.7 0624  0.6 1239  1.7 1850  0.5
25  Fr       1220 0101  1.6 0715  0.6 1326  1.6 1935  0.6
26  Sa       1220 0148  1.6 0804  0.6 1412  1.6 2019  0.6
27  Su       1220 0235  1.7 0851  0.6 1456  1.6 2104  0.6
28  Mo       1220 0321  1.7 0936  0.6 1541  1.6 2147  0.6
29  Tu       1220 0405  1.7 1020  0.6 1625  1.6 2231  0.5
30  We       1220 0448  1.7 1104  0.5 1709  1.6 2315  0.5
31  Th       1220 0531  1.8 1148  0.5 1754  1.6 2359  0.5
