180Raglan
Based on data from  1-Jul-2013
Local Std Time, tidal heights in metres.
 1  We        120 0151  2.8 0746  0.8 1408  2.9 2017  0.8
 2  Th        120 0232  2.7 0829  0.9 1451  2.8 2102  0.9
 3  Fr        120 0319  2.6 0916  1.0 1540  2.7 2151  1.0
 4  Sa        120 0415  2.6 1012  1.1 1637  2.6 2247  1.1
 5  Su        120 0521  2.5 1116  1.2 1741  2.6 2348  1.0
 6  Mo        120 0628  2.6 1222  1.1 1844  2.7 9999  9.9
 7  Tu        120 0048  0.9 0727  2.7 1322  1.0 1940  2.8
 8  We        120 0144  0.8 0819  2.9 1414  0.8 2032  2.9
 9  Th        120 0234  0.6 0906  3.0 1502  0.6 2122  3.0
10  Fr        120 0322  0.5 0952  3.2 1549  0.5 2209  3.1
11  Sa        120 0408  0.3 1036  3.3 1635  0.3 2256  3.2
12  Su        120 0454  0.2 1121  3.4 1721  0.2 2342  3.3
13  Mo        120 0539  0.2 1206  3.5 1808  0.2 9999  9.9
14  Tu        120 0028  3.3 0625  0.2 1252  3.4 1855  0.2
15  We        120 0116  3.2 0712  0.3 1340  3.3 1944  0.3
16  Th        120 0205  3.1 0801  0.4 1430  3.2 2035  0.4
17  Fr        120 0259  3.0 0855  0.6 1526  3.1 2130  0.6
18  Sa        120 0358  2.9 0954  0.7 1627  3.0 2230  0.7
19  Su        120 0504  2.8 1101  0.8 1734  2.9 2335  0.7
20  Mo        120 0613  2.8 1212  0.9 1839  2.9 9999  9.9
21  Tu        120 0042  0.7 0717  2.9 1318  0.8 1941  2.9
22  We        120 0143  0.7 0814  3.0 1416  0.7 2036  2.9
23  Th        120 0238  0.6 0906  3.1 1507  0.6 2127  3.0
24  Fr        120 0326  0.5 0952  3.2 1553  0.5 2213  3.0
25  Sa        120 0410  0.4 1035  3.2 1635  0.5 2255  3.1
26  Su        120 0450  0.4 1114  3.2 1715  0.5 2334  3.1
27  Mo        120 0528  0.4 1151  3.2 1752  0.5 9999  9.9
28  Tu        120 0011  3.0 0604  0.5 1226  3.2 1828  0.5
29  We        120 0045  3.0 0640  0.5 1259  3.1 1904  0.6
30  Th        120 0119  2.9 0715  0.6 1333  3.0 1940  0.7
31  Fr        120 0154  2.8 0753  0.8 1409  2.9 2019  0.8
 1  Sa        220 0231  2.7 0834  0.9 1449  2.8 2101  0.9
 2  Su        220 0316  2.6 0921  1.0 1537  2.7 2150  1.0
 3  Mo        220 0412  2.6 1018  1.1 1636  2.6 2249  1.1
 4  Tu        220 0524  2.5 1127  1.2 1747  2.6 2358  1.0
 5  We        220 0640  2.6 1240  1.1 1900  2.7 9999  9.9
 6  Th        220 0107  0.9 0745  2.8 1344  0.9 2004  2.8
 7  Fr        220 0207  0.7 0840  3.0 1439  0.7 2100  3.0
 8  Sa        220 0301  0.5 0930  3.2 1530  0.4 2151  3.2
 9  Su        220 0350  0.3 1017  3.4 1618  0.2 2240  3.3
10  Mo        220 0437  0.1 1103  3.5 1704  0.1 2327  3.4
11  Tu        220 0522  0.0 1149  3.6 1750  0.0 9999  9.9
12  We        220 0013  3.4 0608  0.0 1235  3.6 1836  0.1
13  Th        220 0059  3.4 0654  0.1 1321  3.5 1923  0.2
14  Fr        220 0147  3.3 0742  0.3 1410  3.3 2011  0.3
15  Sa        220 0237  3.1 0832  0.5 1502  3.1 2102  0.5
16  Su        220 0332  2.9 0928  0.7 1600  2.9 2200  0.7
17  Mo        220 0436  2.8 1034  0.9 1706  2.8 2306  0.9
18  Tu        220 0546  2.7 1149  1.0 1816  2.7 9999  9.9
19  We        220 0018  0.9 0654  2.8 1301  0.9 1921  2.7
20  Th        220 0126  0.9 0755  2.9 1401  0.8 2019  2.8
21  Fr        220 0222  0.7 0847  3.0 1451  0.7 2110  2.9
22  Sa        220 0310  0.6 0933  3.1 1535  0.6 2155  3.0
23  Su        220 0352  0.5 1014  3.2 1615  0.5 2235  3.1
24  Mo        220 0430  0.4 1051  3.2 1652  0.5 2312  3.1
25  Tu        220 0505  0.4 1126  3.2 1726  0.4 2346  3.1
26  We        220 0539  0.4 1159  3.2 1759  0.5 9999  9.9
27  Th        220 0018  3.1 0612  0.5 1230  3.1 1833  0.5
28  Fr        220 0049  3.0 0646  0.6 1301  3.1 1907  0.6
29  Sa        220 0120  2.9 0721  0.7 1334  3.0 1943  0.7
 1  Su        320 0155  2.8 0800  0.8 1412  2.8 2023  0.8
 2  Mo        320 0236  2.7 0844  0.9 1457  2.7 2109  0.9
 3  Tu        320 0327  2.6 0938  1.1 1552  2.6 2206  1.0
 4  We        320 0434  2.6 1047  1.1 1703  2.6 2317  1.0
 5  Th        320 0557  2.6 1205  1.1 1825  2.6 9999  9.9
 6  Fr        320 0034  0.9 0712  2.8 1316  0.9 1937  2.8
 7  Sa        320 0142  0.7 0813  3.0 1416  0.6 2038  3.0
 8  Su        320 0239  0.5 0906  3.3 1508  0.4 2131  3.2
 9  Mo        320 0329  0.2 0956  3.5 1557  0.1 2220  3.4
10  Tu        320 0417  0.0 1043  3.6 1643  0.0 2308  3.5
11  We        320 0503 -0.1 1129  3.7 1729 -0.1 2354  3.6
12  Th        320 0548  0.0 1215  3.6 1814  0.0 9999  9.9
13  Fr        320 0039  3.5 0634  0.1 1301  3.5 1900  0.1
14  Sa        320 0125  3.3 0721  0.3 1348  3.3 1946  0.3
15  Su        320 0213  3.2 0810  0.5 1439  3.0 2035  0.6
16  Mo        320 0306  3.0 0905  0.8 1535  2.8 2131  0.8
17  Tu        320 0408  2.8 1009  1.0 1640  2.7 2237  1.0
18  We        320 0518  2.7 1126  1.1 1752  2.6 2355  1.0
19  Th        320 0629  2.7 1241  1.0 1859  2.6 9999  9.9
20  Fr        320 0107  1.0 0731  2.8 1341  0.9 1958  2.7
21  Sa        320 0203  0.8 0823  2.9 1430  0.8 2048  2.9
22  Su        320 0249  0.7 0908  3.0 1512  0.6 2131  3.0
23  Mo        320 0329  0.6 0948  3.1 1549  0.5 2210  3.1
24  Tu        320 0405  0.5 1024  3.2 1624  0.5 2246  3.1
25  We        320 0439  0.4 1058  3.2 1657  0.4 2319  3.2
26  Th        320 0512  0.4 1130  3.2 1729  0.4 2350  3.1
27  Fr        320 0544  0.5 1201  3.1 1802  0.5 9999  9.9
28  Sa        320 0021  3.1 0618  0.5 1233  3.1 1837  0.5
29  Su        320 0053  3.0 0654  0.6 1307  3.0 1913  0.6
30  Mo        320 0128  2.9 0734  0.7 1345  2.8 1954  0.7
31  Tu        320 0209  2.8 0819  0.9 1430  2.7 2040  0.9
 1  We        420 0259  2.7 0914  1.0 1526  2.6 2138  1.0
 2  Th        420 0404  2.6 1021  1.0 1637  2.6 2248  1.0
 3  Fr        420 0524  2.7 1138  1.0 1758  2.7 9999  9.9
 4  Sa        420 0006  0.9 0641  2.8 1249  0.8 1912  2.8
 5  Su        420 0116  0.7 0745  3.1 1350  0.5 2014  3.1
 6  Mo        420 0215  0.4 0841  3.3 1444  0.3 2109  3.3
 7  Tu        420 0307  0.2 0931  3.5 1533  0.1 2158  3.5
 8  We        420 0355  0.0 1020  3.6 1620  0.0 2246  3.6
 9  Th        420 0442  0.0 1107  3.6 1706 -0.1 2332  3.6
10  Fr        420 0528  0.0 1153  3.5 1751  0.0 9999  9.9
11  Sa        420 0018  3.5 0613  0.1 1239  3.4 1836  0.2
12  Su        420 0103  3.3 0700  0.3 1326  3.2 1922  0.4
13  Mo        420 0151  3.2 0749  0.6 1416  3.0 2010  0.6
14  Tu        420 0242  3.0 0843  0.8 1511  2.8 2104  0.9
15  We        420 0340  2.8 0945  1.0 1614  2.6 2208  1.0
16  Th        420 0448  2.7 1100  1.1 1724  2.6 2326  1.1
17  Fr        420 0557  2.7 1213  1.0 1831  2.6 9999  9.9
18  Sa        420 0038  1.0 0659  2.7 1311  0.9 1929  2.7
19  Su        420 0135  0.9 0751  2.8 1359  0.8 2018  2.8
20  Mo        420 0221  0.8 0836  3.0 1441  0.7 2102  3.0
21  Tu        420 0300  0.7 0916  3.0 1518  0.6 2141  3.1
22  We        420 0336  0.6 0953  3.1 1552  0.5 2217  3.1
23  Th        420 0410  0.5 1028  3.1 1626  0.4 2251  3.2
24  Fr        420 0444  0.5 1101  3.1 1700  0.4 2324  3.2
25  Sa        420 0518  0.5 1135  3.1 1734  0.5 2357  3.1
26  Su        420 0554  0.5 1209  3.0 1811  0.5 9999  9.9
27  Mo        420 0031  3.1 0633  0.6 1246  2.9 1850  0.6
28  Tu        420 0109  3.0 0715  0.7 1328  2.9 1933  0.7
29  We        420 0152  2.9 0803  0.8 1416  2.8 2022  0.8
30  Th        420 0244  2.8 0859  0.9 1512  2.7 2119  0.9
 1  Fr        520 0347  2.8 1003  0.9 1620  2.7 2227  0.9
 2  Sa        520 0500  2.8 1114  0.9 1736  2.7 2340  0.9
 3  Su        520 0613  2.9 1222  0.7 1848  2.9 9999  9.9
 4  Mo        520 0049  0.7 0717  3.1 1323  0.5 1950  3.1
 5  Tu        520 0149  0.5 0814  3.3 1418  0.3 2045  3.3
 6  We        520 0243  0.3 0906  3.4 1508  0.1 2136  3.4
 7  Th        520 0333  0.1 0956  3.5 1556  0.0 2224  3.5
 8  Fr        520 0420  0.1 1044  3.5 1643  0.0 2311  3.5
 9  Sa        520 0507  0.1 1132  3.4 1728  0.1 2356  3.4
10  Su        520 0554  0.2 1218  3.2 1814  0.3 9999  9.9
11  Mo        520 0042  3.3 0640  0.4 1305  3.1 1859  0.5
12  Tu        520 0128  3.1 0729  0.6 1354  2.9 1946  0.7
13  We        520 0217  3.0 0821  0.8 1446  2.7 2037  0.9
14  Th        520 0311  2.8 0918  1.0 1544  2.6 2135  1.0
15  Fr        520 0412  2.7 1023  1.0 1648  2.6 2245  1.1
16  Sa        520 0517  2.7 1130  1.0 1752  2.6 2356  1.1
17  Su        520 0617  2.7 1230  1.0 1851  2.7 9999  9.9
18  Mo        520 0056  1.0 0710  2.8 1320  0.9 1942  2.8
19  Tu        520 0144  0.9 0757  2.9 1403  0.8 2027  2.9
20  We        520 0226  0.8 0840  2.9 1442  0.7 2108  3.0
21  Th        520 0304  0.7 0919  3.0 1519  0.6 2146  3.1
22  Fr        520 0340  0.6 0957  3.0 1555  0.5 2223  3.1
23  Sa        520 0417  0.5 1034  3.1 1632  0.5 2259  3.2
24  Su        520 0455  0.5 1112  3.0 1711  0.5 2336  3.1
25  Mo        520 0534  0.5 1151  3.0 1751  0.5 9999  9.9
26  Tu        520 0014  3.1 0617  0.6 1232  3.0 1833  0.5
27  We        520 0056  3.1 0702  0.6 1317  2.9 1918  0.6
28  Th        520 0141  3.0 0751  0.7 1406  2.8 2008  0.7
29  Fr        520 0233  2.9 0845  0.7 1502  2.8 2103  0.8
30  Sa        520 0332  2.9 0945  0.8 1605  2.8 2206  0.8
31  Su        520 0438  2.9 1049  0.7 1714  2.8 2315  0.8
 1  Mo        620 0546  3.0 1154  0.6 1823  2.9 9999  9.9
 2  Tu        620 0023  0.7 0650  3.1 1255  0.5 1925  3.1
 3  We        620 0124  0.5 0748  3.2 1352  0.4 2022  3.2
 4  Th        620 0220  0.4 0843  3.3 1445  0.2 2114  3.3
 5  Fr        620 0312  0.3 0935  3.3 1534  0.2 2203  3.4
 6  Sa        620 0401  0.3 1024  3.3 1622  0.2 2250  3.4
 7  Su        620 0449  0.3 1112  3.2 1708  0.3 2336  3.4
 8  Mo        620 0536  0.4 1159  3.1 1753  0.4 9999  9.9
 9  Tu        620 0021  3.3 0622  0.5 1245  3.0 1837  0.5
10  We        620 0105  3.1 0708  0.6 1331  2.9 1922  0.7
11  Th        620 0150  3.0 0755  0.8 1418  2.8 2008  0.8
12  Fr        620 0238  2.9 0845  0.9 1508  2.7 2058  1.0
13  Sa        620 0330  2.8 0938  1.0 1603  2.6 2155  1.1
14  Su        620 0426  2.7 1035  1.0 1703  2.6 2258  1.1
15  Mo        620 0525  2.7 1133  1.0 1803  2.6 9999  9.9
16  Tu        620 0002  1.1 0621  2.7 1229  0.9 1858  2.7
17  We        620 0058  1.0 0713  2.8 1318  0.9 1948  2.8
18  Th        620 0146  0.9 0800  2.8 1403  0.8 2034  2.9
19  Fr        620 0230  0.8 0845  2.9 1445  0.7 2116  3.0
20  Sa        620 0311  0.7 0928  3.0 1527  0.6 2156  3.1
21  Su        620 0352  0.6 1010  3.0 1608  0.5 2237  3.2
22  Mo        620 0434  0.5 1052  3.1 1650  0.4 2317  3.2
23  Tu        620 0517  0.5 1136  3.1 1733  0.4 2359  3.2
24  We        620 0602  0.5 1220  3.1 1818  0.4 9999  9.9
25  Th        620 0043  3.2 0648  0.5 1306  3.0 1904  0.5
26  Fr        620 0129  3.2 0737  0.5 1355  3.0 1953  0.5
27  Sa        620 0219  3.1 0828  0.6 1448  2.9 2046  0.6
28  Su        620 0314  3.0 0923  0.6 1546  2.9 2145  0.7
29  Mo        620 0415  3.0 1023  0.6 1651  2.9 2249  0.8
30  Tu        620 0520  3.0 1125  0.6 1758  2.9 2357  0.7
 1  We        720 0625  3.0 1229  0.6 1902  3.0 9999  9.9
 2  Th        720 0102  0.7 0726  3.0 1329  0.5 2001  3.1
 3  Fr        720 0201  0.6 0823  3.1 1425  0.4 2055  3.2
 4  Sa        720 0255  0.5 0917  3.1 1516  0.4 2145  3.3
 5  Su        720 0345  0.4 1007  3.1 1605  0.3 2232  3.3
 6  Mo        720 0433  0.4 1054  3.1 1650  0.4 2317  3.3
 7  Tu        720 0518  0.4 1139  3.1 1733  0.4 2359  3.2
 8  We        720 0601  0.5 1222  3.0 1815  0.5 9999  9.9
 9  Th        720 0040  3.2 0643  0.6 1304  2.9 1856  0.6
10  Fr        720 0120  3.0 0725  0.7 1345  2.8 1937  0.7
11  Sa        720 0201  2.9 0807  0.8 1427  2.8 2019  0.9
12  Su        720 0243  2.8 0850  0.9 1512  2.7 2105  1.0
13  Mo        720 0329  2.7 0937  1.0 1604  2.6 2157  1.1
14  Tu        720 0422  2.7 1028  1.0 1703  2.6 2257  1.1
15  We        720 0521  2.6 1126  1.0 1807  2.6 9999  9.9
16  Th        720 0002  1.1 0622  2.6 1226  1.0 1906  2.7
17  Fr        720 0103  1.1 0719  2.7 1323  0.9 1959  2.8
18  Sa        720 0156  0.9 0812  2.8 1414  0.8 2046  2.9
19  Su        720 0244  0.8 0901  2.9 1502  0.6 2131  3.1
20  Mo        720 0330  0.6 0948  3.0 1547  0.5 2215  3.2
21  Tu        720 0415  0.5 1034  3.1 1632  0.3 2259  3.3
22  We        720 0500  0.3 1120  3.2 1716  0.3 2342  3.4
23  Th        720 0545  0.3 1205  3.2 1801  0.2 9999  9.9
24  Fr        720 0027  3.4 0631  0.3 1251  3.2 1847  0.3
25  Sa        720 0113  3.3 0718  0.3 1339  3.1 1935  0.4
26  Su        720 0201  3.2 0807  0.4 1429  3.1 2026  0.5
27  Mo        720 0254  3.1 0859  0.5 1525  3.0 2121  0.7
28  Tu        720 0352  3.0 0955  0.6 1627  2.9 2224  0.8
29  We        720 0456  2.9 1058  0.7 1735  2.9 2334  0.8
30  Th        720 0603  2.9 1205  0.7 1843  2.9 9999  9.9
31  Fr        720 0044  0.8 0708  2.9 1311  0.7 1944  3.0
 1  Sa        820 0147  0.7 0808  2.9 1410  0.6 2039  3.1
 2  Su        820 0242  0.6 0902  3.0 1502  0.5 2129  3.2
 3  Mo        820 0331  0.5 0952  3.0 1549  0.4 2214  3.2
 4  Tu        820 0416  0.5 1037  3.1 1632  0.4 2256  3.3
 5  We        820 0458  0.4 1119  3.1 1713  0.4 2335  3.2
 6  Th        820 0537  0.5 1158  3.1 1751  0.5 9999  9.9
 7  Fr        820 0012  3.2 0615  0.5 1235  3.0 1827  0.5
 8  Sa        820 0048  3.1 0651  0.6 1310  2.9 1903  0.6
 9  Su        820 0122  3.0 0728  0.7 1345  2.9 1941  0.8
10  Mo        820 0158  2.9 0805  0.8 1422  2.8 2020  0.9
11  Tu        820 0237  2.8 0846  0.9 1506  2.7 2106  1.0
12  We        820 0323  2.7 0932  1.0 1559  2.6 2200  1.1
13  Th        820 0419  2.6 1027  1.1 1706  2.5 2307  1.2
14  Fr        820 0527  2.5 1134  1.1 1820  2.6 9999  9.9
15  Sa        820 0020  1.1 0638  2.6 1244  1.0 1924  2.7
16  Su        820 0125  1.0 0742  2.7 1345  0.8 2018  2.9
17  Mo        820 0219  0.8 0837  2.9 1438  0.6 2107  3.1
18  Tu        820 0308  0.5 0928  3.1 1527  0.4 2153  3.3
19  We        820 0355  0.3 1015  3.2 1613  0.2 2238  3.5
20  Th        820 0440  0.2 1101  3.3 1658  0.1 2322  3.5
21  Fr        820 0525  0.1 1147  3.4 1742  0.1 9999  9.9
22  Sa        820 0007  3.5 0610  0.1 1232  3.4 1828  0.1
23  Su        820 0053  3.5 0656  0.1 1319  3.3 1914  0.3
24  Mo        820 0140  3.3 0743  0.3 1408  3.2 2004  0.5
25  Tu        820 0231  3.1 0833  0.5 1502  3.0 2058  0.7
26  We        820 0328  2.9 0928  0.7 1604  2.9 2201  0.9
27  Th        820 0434  2.8 1032  0.8 1714  2.8 2315  1.0
28  Fr        820 0545  2.7 1145  0.9 1824  2.8 9999  9.9
29  Sa        820 0031  0.9 0653  2.7 1256  0.9 1928  2.9
30  Su        820 0135  0.8 0755  2.8 1357  0.7 2023  3.0
31  Mo        820 0229  0.7 0848  2.9 1448  0.6 2111  3.1
 1  Tu        920 0315  0.6 0935  3.0 1532  0.5 2154  3.2
 2  We        920 0356  0.5 1017  3.1 1612  0.4 2233  3.2
 3  Th        920 0435  0.4 1055  3.1 1649  0.4 2309  3.2
 4  Fr        920 0510  0.4 1131  3.1 1724  0.4 2343  3.2
 5  Sa        920 0544  0.4 1204  3.1 1757  0.5 9999  9.9
 6  Su        920 0014  3.1 0617  0.5 1236  3.0 1831  0.6
 7  Mo        920 0046  3.0 0651  0.6 1307  2.9 1906  0.7
 8  Tu        920 0118  2.9 0726  0.7 1341  2.8 1943  0.8
 9  We        920 0155  2.8 0804  0.8 1421  2.7 2026  1.0
10  Th        920 0239  2.7 0848  1.0 1510  2.6 2118  1.1
11  Fr        920 0332  2.6 0942  1.1 1614  2.5 2224  1.2
12  Sa        920 0441  2.5 1050  1.1 1735  2.6 2342  1.2
13  Su        920 0602  2.5 1208  1.0 1849  2.7 9999  9.9
14  Mo        920 0054  1.0 0714  2.7 1317  0.8 1949  2.9
15  Tu        920 0153  0.7 0813  2.9 1414  0.6 2041  3.2
16  We        920 0244  0.4 0906  3.1 1504  0.3 2129  3.4
17  Th        920 0332  0.2 0954  3.3 1551  0.1 2215  3.6
18  Fr        920 0417  0.0 1040  3.5 1637  0.0 2300  3.6
19  Sa        920 0502 -0.1 1126  3.5 1722  0.0 2346  3.6
20  Su        920 0547  0.0 1211  3.5 1807  0.1 9999  9.9
21  Mo        920 0031  3.5 0632  0.1 1257  3.4 1854  0.2
22  Tu        920 0119  3.3 0719  0.3 1346  3.2 1943  0.5
23  We        920 0210  3.1 0808  0.5 1439  3.0 2037  0.7
24  Th        920 0306  2.9 0902  0.7 1540  2.8 2141  0.9
25  Fr        920 0413  2.7 1007  0.9 1651  2.7 2257  1.0
26  Sa        920 0526  2.6 1125  1.0 1804  2.7 9999  9.9
27  Su        920 0016  1.0 0637  2.6 1241  1.0 1909  2.8
28  Mo        920 0119  0.9 0738  2.7 1341  0.8 2003  2.9
29  Tu        920 0210  0.7 0829  2.9 1429  0.7 2049  3.1
30  We        920 0253  0.6 0913  3.0 1511  0.6 2129  3.2
 1  Th       1020 0332  0.5 0953  3.1 1548  0.5 2206  3.2
 2  Fr       1020 0407  0.4 1029  3.2 1623  0.4 2241  3.2
 3  Sa       1020 0441  0.4 1103  3.2 1656  0.4 2313  3.2
 4  Su       1020 0513  0.4 1135  3.2 1729  0.5 2344  3.1
 5  Mo       1020 0546  0.4 1205  3.1 1802  0.5 9999  9.9
 6  Tu       1020 0014  3.0 0619  0.5 1236  3.0 1837  0.7
 7  We       1020 0047  2.9 0654  0.6 1310  2.9 1914  0.8
 8  Th       1020 0124  2.8 0732  0.8 1349  2.8 1958  0.9
 9  Fr       1020 0208  2.7 0817  0.9 1437  2.7 2050  1.1
10  Sa       1020 0301  2.6 0910  1.0 1539  2.6 2155  1.1
11  Su       1020 0409  2.5 1018  1.1 1656  2.6 2310  1.1
12  Mo       1020 0530  2.6 1136  1.0 1814  2.7 9999  9.9
13  Tu       1020 0023  0.9 0646  2.7 1248  0.8 1919  3.0
14  We       1020 0125  0.6 0748  3.0 1348  0.6 2014  3.2
15  Th       1020 0218  0.4 0842  3.2 1440  0.3 2104  3.4
16  Fr       1020 0307  0.1 0931  3.4 1528  0.1 2151  3.6
17  Sa       1020 0354  0.0 1019  3.5 1615  0.0 2238  3.6
18  Su       1020 0439 -0.1 1105  3.6 1701  0.0 2324  3.6
19  Mo       1020 0525  0.0 1150  3.5 1747  0.1 9999  9.9
20  Tu       1020 0011  3.4 0610  0.1 1237  3.4 1834  0.3
21  We       1020 0059  3.2 0656  0.3 1325  3.2 1924  0.5
22  Th       1020 0149  3.0 0745  0.5 1417  3.0 2017  0.7
23  Fr       1020 0245  2.8 0838  0.8 1516  2.8 2120  0.9
24  Sa       1020 0349  2.6 0941  1.0 1625  2.7 2234  1.0
25  Su       1020 0501  2.6 1058  1.1 1736  2.7 2350  1.0
26  Mo       1020 0611  2.6 1215  1.0 1840  2.8 9999  9.9
27  Tu       1020 0052  0.9 0712  2.7 1315  0.9 1934  2.9
28  We       1020 0142  0.8 0802  2.8 1403  0.8 2019  3.0
29  Th       1020 0225  0.6 0846  3.0 1444  0.6 2100  3.1
30  Fr       1020 0303  0.5 0925  3.1 1521  0.6 2137  3.1
31  Sa       1020 0338  0.5 1002  3.1 1556  0.5 2212  3.1
 1  Su       1120 0411  0.4 1036  3.2 1629  0.5 2245  3.1
 2  Mo       1120 0444  0.4 1108  3.2 1703  0.5 2317  3.1
 3  Tu       1120 0518  0.4 1140  3.1 1737  0.6 2350  3.0
 4  We       1120 0553  0.5 1213  3.1 1814  0.6 9999  9.9
 5  Th       1120 0025  2.9 0630  0.6 1249  3.0 1854  0.7
 6  Fr       1120 0104  2.8 0710  0.7 1329  2.9 1939  0.8
 7  Sa       1120 0149  2.7 0756  0.8 1417  2.8 2031  0.9
 8  Su       1120 0242  2.6 0849  0.9 1515  2.7 2132  1.0
 9  Mo       1120 0345  2.6 0952  1.0 1624  2.7 2241  1.0
10  Tu       1120 0500  2.6 1105  0.9 1739  2.8 2350  0.8
11  We       1120 0615  2.8 1217  0.8 1846  3.0 9999  9.9
12  Th       1120 0054  0.6 0720  3.0 1320  0.6 1945  3.2
13  Fr       1120 0150  0.4 0817  3.2 1415  0.4 2038  3.4
14  Sa       1120 0241  0.2 0909  3.4 1506  0.2 2129  3.5
15  Su       1120 0330  0.0 0958  3.5 1555  0.1 2217  3.5
16  Mo       1120 0418  0.0 1045  3.6 1642  0.1 2305  3.4
17  Tu       1120 0504  0.0 1132  3.5 1730  0.2 2353  3.3
18  We       1120 0550  0.2 1218  3.4 1817  0.3 9999  9.9
19  Th       1120 0041  3.2 0636  0.3 1305  3.2 1906  0.5
20  Fr       1120 0130  3.0 0724  0.6 1355  3.1 1958  0.7
21  Sa       1120 0223  2.8 0815  0.8 1449  2.9 2055  0.9
22  Su       1120 0321  2.6 0911  1.0 1550  2.8 2158  1.0
23  Mo       1120 0426  2.6 1019  1.1 1656  2.7 2307  1.0
24  Tu       1120 0532  2.6 1132  1.1 1759  2.7 9999  9.9
25  We       1120 0011  1.0 0633  2.6 1237  1.0 1854  2.8
26  Th       1120 0104  0.9 0726  2.8 1329  0.9 1943  2.9
27  Fr       1120 0150  0.8 0813  2.9 1413  0.8 2026  2.9
28  Sa       1120 0230  0.7 0855  3.0 1452  0.7 2106  3.0
29  Su       1120 0308  0.6 0934  3.1 1528  0.6 2144  3.0
30  Mo       1120 0343  0.5 1010  3.1 1604  0.6 2220  3.1
 1  Tu       1220 0419  0.5 1045  3.2 1640  0.6 2256  3.0
 2  We       1220 0455  0.5 1120  3.1 1718  0.6 2333  3.0
 3  Th       1220 0533  0.5 1156  3.1 1757  0.6 9999  9.9
 4  Fr       1220 0011  3.0 0612  0.5 1234  3.1 1840  0.6
 5  Sa       1220 0052  2.9 0654  0.6 1316  3.0 1925  0.7
 6  Su       1220 0137  2.8 0740  0.7 1402  3.0 2016  0.8
 7  Mo       1220 0227  2.8 0831  0.8 1455  2.9 2111  0.8
 8  Tu       1220 0325  2.7 0929  0.8 1557  2.9 2212  0.8
 9  We       1220 0432  2.7 1035  0.8 1705  2.9 2317  0.7
10  Th       1220 0544  2.8 1145  0.8 1814  3.0 9999  9.9
11  Fr       1220 0022  0.6 0652  2.9 1251  0.7 1917  3.1
12  Sa       1220 0122  0.5 0753  3.1 1352  0.5 2015  3.2
13  Su       1220 0218  0.3 0848  3.3 1446  0.4 2109  3.3
14  Mo       1220 0310  0.2 0940  3.4 1538  0.3 2200  3.3
15  Tu       1220 0400  0.1 1028  3.5 1627  0.2 2250  3.3
16  We       1220 0447  0.2 1115  3.4 1715  0.3 2337  3.2
17  Th       1220 0533  0.2 1201  3.4 1802  0.4 9999  9.9
18  Fr       1220 0024  3.1 0618  0.4 1246  3.3 1848  0.5
19  Sa       1220 0111  3.0 0703  0.5 1332  3.1 1935  0.6
20  Su       1220 0157  2.9 0749  0.7 1418  3.0 2024  0.8
21  Mo       1220 0246  2.7 0837  0.9 1508  2.8 2115  0.9
22  Tu       1220 0340  2.6 0931  1.0 1604  2.7 2211  1.0
23  We       1220 0439  2.6 1033  1.1 1703  2.7 2311  1.0
24  Th       1220 0542  2.6 1140  1.1 1803  2.7 9999  9.9
25  Fr       1220 0011  1.0 0641  2.6 1243  1.1 1858  2.7
26  Sa       1220 0105  0.9 0735  2.7 1335  1.0 1948  2.8
27  Su       1220 0153  0.9 0823  2.8 1420  0.9 2034  2.8
28  Mo       1220 0237  0.7 0906  2.9 1502  0.8 2117  2.9
29  Tu       1220 0317  0.6 0946  3.0 1541  0.7 2158  3.0
30  We       1220 0356  0.5 1025  3.1 1621  0.6 2239  3.0
31  Th       1220 0436  0.5 1103  3.2 1701  0.5 2319  3.1
