233Rocky Point
Based on data from  1-Jan-2009
Local Std Time, tidal heights in metres.
 1  Fr        121 0222  0.7 0841  3.6 1446  1.0 2103  3.5
 2  Sa        121 0303  0.7 0922  3.7 1529  0.9 2145  3.5
 3  Su        121 0344  0.6 1004  3.7 1614  0.9 2229  3.5
 4  Mo        121 0427  0.7 1049  3.7 1700  0.8 2314  3.5
 5  Tu        121 0513  0.7 1136  3.7 1748  0.8 9999  9.9
 6  We        121 0001  3.5 0603  0.8 1226  3.7 1839  0.8
 7  Th        121 0053  3.5 0658  0.9 1319  3.6 1933  0.8
 8  Fr        121 0150  3.4 0759  1.0 1414  3.6 2032  0.9
 9  Sa        121 0253  3.4 0903  1.0 1512  3.6 2134  0.8
10  Su        121 0401  3.5 1008  1.0 1613  3.6 2239  0.8
11  Mo        121 0507  3.6 1109  0.9 1716  3.6 2340  0.7
12  Tu        121 0607  3.7 1207  0.8 1818  3.6 9999  9.9
13  We        121 0037  0.6 0702  3.8 1301  0.8 1916  3.6
14  Th        121 0128  0.6 0753  3.8 1353  0.7 2010  3.7
15  Fr        121 0216  0.6 0841  3.9 1442  0.7 2100  3.7
16  Sa        121 0301  0.6 0927  3.8 1530  0.7 2146  3.6
17  Su        121 0345  0.7 1013  3.8 1616  0.8 2230  3.6
18  Mo        121 0428  0.8 1057  3.7 1700  0.9 2313  3.5
19  Tu        121 0511  0.9 1142  3.6 1745  0.9 2356  3.4
20  We        121 0556  1.1 1227  3.5 1830  1.0 9999  9.9
21  Th        121 0040  3.3 0645  1.2 1313  3.3 1916  1.1
22  Fr        121 0129  3.2 0738  1.3 1400  3.2 2006  1.2
23  Sa        121 0222  3.1 0836  1.4 1450  3.2 2100  1.2
24  Su        121 0322  3.1 0935  1.4 1542  3.1 2157  1.2
25  Mo        121 0423  3.1 1030  1.4 1636  3.1 2254  1.2
26  Tu        121 0518  3.2 1121  1.3 1730  3.2 2345  1.1
27  We        121 0608  3.3 1209  1.2 1822  3.2 9999  9.9
28  Th        121 0033  0.9 0652  3.4 1254  1.1 1911  3.4
29  Fr        121 0116  0.8 0735  3.6 1339  1.0 1957  3.5
30  Sa        121 0159  0.7 0817  3.7 1424  0.9 2042  3.6
31  Su        121 0241  0.6 0900  3.8 1509  0.8 2126  3.7
 1  Mo        221 0324  0.5 0944  3.8 1554  0.7 2210  3.7
 2  Tu        221 0408  0.5 1030  3.8 1640  0.6 2255  3.7
 3  We        221 0455  0.6 1117  3.8 1728  0.7 2343  3.7
 4  Th        221 0545  0.7 1206  3.8 1817  0.7 9999  9.9
 5  Fr        221 0034  3.6 0639  0.8 1258  3.7 1910  0.8
 6  Sa        221 0130  3.5 0739  1.0 1353  3.6 2008  0.9
 7  Su        221 0234  3.4 0843  1.0 1451  3.5 2113  0.9
 8  Mo        221 0343  3.4 0950  1.0 1555  3.4 2221  0.9
 9  Tu        221 0451  3.5 1053  1.0 1701  3.4 2326  0.9
10  We        221 0552  3.6 1152  1.0 1806  3.4 9999  9.9
11  Th        221 0023  0.8 0646  3.7 1246  0.9 1904  3.5
12  Fr        221 0113  0.7 0735  3.7 1336  0.8 1955  3.6
13  Sa        221 0158  0.7 0821  3.8 1423  0.8 2041  3.6
14  Su        221 0241  0.7 0905  3.7 1507  0.8 2124  3.6
15  Mo        221 0321  0.7 0947  3.7 1548  0.8 2204  3.6
16  Tu        221 0401  0.8 1028  3.6 1629  0.8 2242  3.5
17  We        221 0441  0.9 1109  3.5 1709  0.9 2322  3.4
18  Th        221 0522  1.0 1150  3.4 1750  1.0 9999  9.9
19  Fr        221 0002  3.3 0606  1.2 1232  3.3 1833  1.1
20  Sa        221 0046  3.2 0654  1.3 1316  3.2 1919  1.2
21  Su        221 0135  3.1 0747  1.4 1402  3.1 2010  1.2
22  Mo        221 0231  3.1 0845  1.4 1453  3.1 2109  1.3
23  Tu        221 0332  3.1 0945  1.4 1550  3.1 2211  1.2
24  We        221 0433  3.1 1042  1.3 1650  3.1 2309  1.1
25  Th        221 0528  3.3 1135  1.2 1748  3.2 9999  9.9
26  Fr        221 0001  1.0 0617  3.4 1224  1.0 1842  3.4
27  Sa        221 0048  0.8 0704  3.6 1312  0.9 1931  3.6
28  Su        221 0134  0.6 0749  3.8 1359  0.7 2018  3.7
 1  Mo        321 0218  0.5 0835  3.9 1446  0.6 2104  3.8
 2  Tu        321 0303  0.4 0922  3.9 1532  0.5 2150  3.9
 3  We        321 0349  0.4 1009  3.9 1619  0.5 2236  3.9
 4  Th        321 0437  0.5 1058  3.9 1707  0.5 2325  3.8
 5  Fr        321 0527  0.7 1148  3.8 1756  0.6 9999  9.9
 6  Sa        321 0017  3.7 0622  0.8 1240  3.6 1849  0.8
 7  Su        321 0114  3.5 0722  1.0 1335  3.5 1948  0.9
 8  Mo        321 0218  3.4 0827  1.1 1435  3.4 2055  1.0
 9  Tu        321 0327  3.4 0935  1.1 1541  3.3 2207  1.1
10  We        321 0435  3.4 1039  1.1 1650  3.3 2312  1.0
11  Th        321 0535  3.5 1137  1.0 1753  3.3 9999  9.9
12  Fr        321 0008  0.9 0627  3.5 1229  1.0 1849  3.4
13  Sa        321 0055  0.9 0714  3.6 1316  0.9 1936  3.5
14  Su        321 0138  0.8 0757  3.6 1359  0.8 2019  3.6
15  Mo        321 0217  0.8 0839  3.6 1440  0.8 2058  3.6
16  Tu        321 0255  0.8 0918  3.6 1519  0.8 2135  3.6
17  We        321 0333  0.9 0957  3.6 1557  0.8 2212  3.5
18  Th        321 0411  0.9 1036  3.5 1635  0.9 2249  3.4
19  Fr        321 0450  1.0 1115  3.4 1713  1.0 2327  3.4
20  Sa        321 0531  1.2 1155  3.3 1754  1.1 9999  9.9
21  Su        321 0008  3.2 0617  1.3 1237  3.2 1837  1.2
22  Mo        321 0055  3.2 0707  1.4 1322  3.1 1927  1.2
23  Tu        321 0148  3.1 0803  1.4 1412  3.1 2025  1.3
24  We        321 0247  3.1 0903  1.4 1509  3.1 2128  1.2
25  Th        321 0348  3.2 1002  1.3 1611  3.2 2231  1.1
26  Fr        321 0446  3.3 1059  1.1 1713  3.3 2327  0.9
27  Sa        321 0540  3.5 1152  0.9 1811  3.5 9999  9.9
28  Su        321 0018  0.7 0630  3.7 1243  0.8 1904  3.7
29  Mo        321 0107  0.6 0720  3.8 1333  0.6 1953  3.8
30  Tu        321 0154  0.4 0809  3.9 1421  0.4 2041  4.0
31  We        321 0241  0.4 0858  4.0 1509  0.4 2129  4.0
 1  Th        421 0329  0.4 0948  4.0 1557  0.4 2217  4.0
 2  Fr        421 0419  0.5 1038  3.9 1646  0.5 2307  3.9
 3  Sa        421 0511  0.7 1130  3.7 1736  0.6 9999  9.9
 4  Su        421 0000  3.7 0607  0.8 1223  3.6 1830  0.8
 5  Mo        421 0059  3.6 0708  1.0 1320  3.4 1929  1.0
 6  Tu        421 0203  3.4 0813  1.1 1421  3.3 2038  1.1
 7  We        421 0310  3.4 0919  1.1 1527  3.2 2150  1.1
 8  Th        421 0414  3.4 1021  1.1 1634  3.2 2255  1.1
 9  Fr        421 0511  3.4 1116  1.0 1735  3.3 2347  1.0
10  Sa        421 0601  3.5 1205  1.0 1827  3.4 9999  9.9
11  Su        421 0032  1.0 0647  3.5 1250  0.9 1912  3.5
12  Mo        421 0113  0.9 0729  3.5 1332  0.9 1953  3.5
13  Tu        421 0151  0.9 0809  3.5 1411  0.8 2030  3.5
14  We        421 0228  0.9 0848  3.5 1449  0.8 2107  3.5
15  Th        421 0305  0.9 0927  3.5 1526  0.8 2142  3.5
16  Fr        421 0342  1.0 1005  3.4 1603  0.9 2218  3.5
17  Sa        421 0421  1.1 1043  3.3 1641  0.9 2256  3.4
18  Su        421 0502  1.2 1123  3.3 1720  1.0 2337  3.3
19  Mo        421 0546  1.2 1204  3.2 1803  1.1 9999  9.9
20  Tu        421 0023  3.2 0635  1.3 1249  3.2 1852  1.2
21  We        421 0114  3.2 0729  1.3 1339  3.1 1948  1.2
22  Th        421 0210  3.2 0826  1.3 1435  3.2 2051  1.2
23  Fr        421 0309  3.3 0925  1.2 1537  3.2 2155  1.1
24  Sa        421 0407  3.4 1024  1.0 1640  3.4 2254  0.9
25  Su        421 0502  3.6 1120  0.8 1740  3.5 2348  0.7
26  Mo        421 0556  3.7 1214  0.6 1836  3.7 9999  9.9
27  Tu        421 0039  0.6 0649  3.8 1306  0.5 1928  3.9
28  We        421 0129  0.5 0742  3.9 1357  0.4 2018  4.0
29  Th        421 0219  0.4 0835  4.0 1447  0.3 2108  4.1
30  Fr        421 0309  0.4 0927  3.9 1536  0.4 2158  4.0
 1  Sa        521 0401  0.5 1020  3.8 1625  0.5 2250  3.9
 2  Su        521 0455  0.7 1113  3.7 1716  0.6 2344  3.7
 3  Mo        521 0552  0.8 1207  3.5 1810  0.8 9999  9.9
 4  Tu        521 0042  3.6 0652  1.0 1303  3.4 1910  1.0
 5  We        521 0144  3.5 0754  1.0 1403  3.3 2017  1.1
 6  Th        521 0246  3.4 0856  1.1 1506  3.2 2126  1.2
 7  Fr        521 0346  3.4 0954  1.1 1610  3.2 2228  1.2
 8  Sa        521 0440  3.4 1047  1.1 1708  3.3 2319  1.1
 9  Su        521 0529  3.4 1136  1.0 1759  3.3 9999  9.9
10  Mo        521 0004  1.1 0614  3.4 1220  1.0 1844  3.4
11  Tu        521 0044  1.0 0657  3.4 1302  0.9 1924  3.5
12  We        521 0122  1.0 0738  3.4 1341  0.9 2002  3.5
13  Th        521 0200  1.0 0818  3.4 1419  0.9 2039  3.5
14  Fr        521 0238  1.0 0858  3.4 1457  0.9 2115  3.5
15  Sa        521 0316  1.1 0937  3.3 1534  0.9 2152  3.5
16  Su        521 0356  1.1 1016  3.3 1613  0.9 2230  3.4
17  Mo        521 0437  1.1 1056  3.3 1652  1.0 2311  3.4
18  Tu        521 0522  1.2 1138  3.2 1736  1.0 2357  3.3
19  We        521 0610  1.2 1223  3.2 1824  1.1 9999  9.9
20  Th        521 0047  3.3 0701  1.2 1312  3.2 1918  1.1
21  Fr        521 0140  3.4 0755  1.1 1407  3.2 2018  1.1
22  Sa        521 0236  3.4 0853  1.0 1507  3.3 2121  1.0
23  Su        521 0332  3.5 0951  0.9 1609  3.4 2222  0.9
24  Mo        521 0429  3.6 1049  0.8 1711  3.6 2320  0.8
25  Tu        521 0525  3.7 1146  0.6 1810  3.8 9999  9.9
26  We        521 0014  0.6 0622  3.8 1241  0.5 1905  3.9
27  Th        521 0106  0.5 0718  3.9 1334  0.4 1957  4.0
28  Fr        521 0159  0.5 0814  3.9 1425  0.4 2049  4.0
29  Sa        521 0251  0.5 0909  3.8 1516  0.4 2140  4.0
30  Su        521 0344  0.6 1003  3.8 1606  0.5 2233  3.9
31  Mo        521 0438  0.7 1056  3.6 1656  0.7 2326  3.8
 1  Tu        621 0534  0.8 1148  3.5 1749  0.9 9999  9.9
 2  We        621 0022  3.6 0630  0.9 1242  3.4 1845  1.0
 3  Th        621 0118  3.5 0727  1.0 1337  3.3 1947  1.2
 4  Fr        621 0215  3.4 0823  1.1 1435  3.2 2051  1.2
 5  Sa        621 0309  3.4 0918  1.1 1535  3.2 2152  1.2
 6  Su        621 0401  3.3 1011  1.1 1633  3.2 2244  1.2
 7  Mo        621 0451  3.3 1100  1.1 1725  3.3 2331  1.2
 8  Tu        621 0538  3.3 1147  1.0 1812  3.3 9999  9.9
 9  We        621 0013  1.1 0623  3.3 1231  1.0 1854  3.4
10  Th        621 0053  1.1 0707  3.3 1312  0.9 1934  3.4
11  Fr        621 0133  1.1 0750  3.3 1352  0.9 2012  3.5
12  Sa        621 0212  1.1 0831  3.3 1430  0.9 2049  3.5
13  Su        621 0252  1.1 0911  3.3 1509  0.9 2127  3.5
14  Mo        621 0333  1.1 0952  3.3 1548  0.9 2207  3.5
15  Tu        621 0415  1.1 1032  3.3 1628  0.9 2249  3.5
16  We        621 0500  1.1 1115  3.3 1712  0.9 2334  3.5
17  Th        621 0546  1.0 1200  3.3 1759  1.0 9999  9.9
18  Fr        621 0022  3.5 0635  1.0 1248  3.3 1852  1.0
19  Sa        621 0113  3.5 0728  1.0 1341  3.4 1951  1.0
20  Su        621 0207  3.5 0823  0.9 1440  3.4 2053  1.0
21  Mo        621 0302  3.6 0922  0.8 1543  3.5 2155  0.9
22  Tu        621 0400  3.6 1022  0.7 1647  3.6 2255  0.8
23  We        621 0459  3.7 1122  0.6 1748  3.7 2352  0.7
24  Th        621 0559  3.7 1220  0.5 1845  3.9 9999  9.9
25  Fr        621 0047  0.6 0659  3.7 1315  0.5 1939  3.9
26  Sa        621 0141  0.6 0756  3.8 1407  0.4 2031  4.0
27  Su        621 0234  0.6 0852  3.7 1457  0.5 2122  4.0
28  Mo        621 0327  0.6 0945  3.7 1546  0.6 2213  3.9
29  Tu        621 0419  0.7 1035  3.6 1634  0.7 2304  3.8
30  We        621 0510  0.8 1125  3.5 1723  0.9 2355  3.6
 1  Th        721 0601  0.9 1214  3.4 1815  1.0 9999  9.9
 2  Fr        721 0046  3.5 0651  1.0 1304  3.3 1910  1.2
 3  Sa        721 0137  3.4 0742  1.0 1357  3.2 2009  1.3
 4  Su        721 0228  3.3 0834  1.1 1453  3.2 2108  1.3
 5  Mo        721 0319  3.3 0928  1.1 1551  3.2 2204  1.3
 6  Tu        721 0409  3.2 1021  1.1 1647  3.2 2255  1.3
 7  We        721 0500  3.2 1112  1.1 1738  3.3 2341  1.2
 8  Th        721 0549  3.2 1200  1.0 1823  3.3 9999  9.9
 9  Fr        721 0024  1.2 0637  3.2 1244  1.0 1905  3.4
10  Sa        721 0106  1.1 0722  3.3 1325  0.9 1945  3.5
11  Su        721 0148  1.1 0806  3.3 1405  0.8 2024  3.5
12  Mo        721 0229  1.0 0848  3.4 1445  0.8 2103  3.6
13  Tu        721 0311  1.0 0929  3.4 1525  0.8 2144  3.6
14  We        721 0354  0.9 1010  3.5 1606  0.8 2226  3.6
15  Th        721 0438  0.9 1053  3.5 1650  0.8 2311  3.6
16  Fr        721 0523  0.9 1137  3.5 1737  0.8 2359  3.6
17  Sa        721 0611  0.8 1225  3.5 1829  0.9 9999  9.9
18  Su        721 0049  3.6 0702  0.8 1318  3.5 1926  1.0
19  Mo        721 0141  3.6 0756  0.9 1417  3.4 2028  1.0
20  Tu        721 0237  3.6 0856  0.8 1522  3.5 2132  1.0
21  We        721 0337  3.5 1000  0.8 1628  3.6 2235  0.9
22  Th        721 0439  3.5 1104  0.7 1731  3.7 2335  0.8
23  Fr        721 0543  3.6 1204  0.7 1829  3.8 9999  9.9
24  Sa        721 0031  0.7 0645  3.6 1259  0.6 1923  3.9
25  Su        721 0125  0.7 0742  3.7 1350  0.5 2014  3.9
26  Mo        721 0217  0.7 0836  3.7 1438  0.5 2103  3.9
27  Tu        721 0307  0.7 0925  3.7 1524  0.6 2150  3.8
28  We        721 0355  0.7 1012  3.6 1609  0.7 2237  3.7
29  Th        721 0441  0.8 1056  3.6 1654  0.9 2323  3.6
30  Fr        721 0527  0.8 1141  3.5 1741  1.0 9999  9.9
31  Sa        721 0009  3.5 0612  0.9 1226  3.3 1830  1.2
 1  Su        821 0056  3.4 0658  1.0 1314  3.2 1924  1.3
 2  Mo        821 0144  3.3 0748  1.1 1407  3.2 2021  1.4
 3  Tu        821 0234  3.2 0841  1.2 1505  3.1 2120  1.4
 4  We        821 0326  3.1 0938  1.2 1605  3.1 2216  1.4
 5  Th        821 0420  3.1 1035  1.2 1701  3.2 2307  1.3
 6  Fr        821 0515  3.1 1128  1.1 1750  3.3 2354  1.2
 7  Sa        821 0607  3.2 1215  1.0 1835  3.4 9999  9.9
 8  Su        821 0039  1.1 0655  3.3 1259  0.9 1916  3.5
 9  Mo        821 0122  1.0 0740  3.4 1340  0.8 1957  3.6
10  Tu        821 0204  0.9 0823  3.5 1421  0.7 2037  3.7
11  We        821 0247  0.8 0905  3.6 1502  0.6 2119  3.7
12  Th        821 0330  0.7 0947  3.7 1544  0.6 2203  3.8
13  Fr        821 0414  0.7 1030  3.7 1629  0.7 2249  3.8
14  Sa        821 0500  0.7 1116  3.7 1717  0.7 2336  3.7
15  Su        821 0547  0.7 1204  3.6 1809  0.8 9999  9.9
16  Mo        821 0027  3.6 0638  0.8 1258  3.5 1906  1.0
17  Tu        821 0120  3.6 0733  0.8 1358  3.5 2009  1.0
18  We        821 0217  3.5 0835  0.9 1505  3.4 2115  1.0
19  Th        821 0320  3.4 0943  0.9 1614  3.5 2221  1.0
20  Fr        821 0426  3.4 1050  0.9 1718  3.6 2322  0.9
21  Sa        821 0533  3.4 1151  0.8 1815  3.7 9999  9.9
22  Su        821 0018  0.8 0634  3.5 1245  0.7 1906  3.8
23  Mo        821 0110  0.7 0729  3.6 1333  0.6 1955  3.8
24  Tu        821 0159  0.7 0818  3.7 1418  0.6 2040  3.8
25  We        821 0244  0.7 0903  3.7 1501  0.7 2124  3.8
26  Th        821 0328  0.7 0945  3.7 1542  0.8 2207  3.7
27  Fr        821 0410  0.7 1026  3.6 1623  0.9 2249  3.6
28  Sa        821 0451  0.8 1106  3.5 1706  1.0 2332  3.5
29  Su        821 0532  0.9 1148  3.4 1751  1.1 9999  9.9
30  Mo        821 0016  3.3 0615  1.0 1232  3.3 1840  1.3
31  Tu        821 0101  3.2 0702  1.1 1322  3.2 1935  1.4
 1  We        921 0149  3.1 0754  1.2 1419  3.1 2035  1.4
 2  Th        921 0242  3.1 0853  1.3 1520  3.1 2135  1.4
 3  Fr        921 0339  3.0 0955  1.3 1620  3.1 2231  1.3
 4  Sa        921 0438  3.1 1053  1.2 1713  3.3 2322  1.2
 5  Su        921 0534  3.2 1144  1.0 1800  3.4 9999  9.9
 6  Mo        921 0009  1.1 0626  3.3 1230  0.9 1844  3.6
 7  Tu        921 0054  0.9 0712  3.5 1313  0.7 1926  3.7
 8  We        921 0138  0.8 0757  3.6 1355  0.6 2009  3.8
 9  Th        921 0222  0.6 0840  3.8 1438  0.5 2054  3.9
10  Fr        921 0306  0.5 0924  3.8 1522  0.5 2139  3.9
11  Sa        921 0351  0.5 1009  3.8 1608  0.6 2227  3.8
12  Su        921 0437  0.5 1055  3.8 1658  0.7 2316  3.8
13  Mo        921 0525  0.6 1146  3.7 1751  0.8 9999  9.9
14  Tu        921 0007  3.6 0616  0.7 1241  3.6 1850  1.0
15  We        921 0102  3.5 0713  0.9 1343  3.5 1954  1.0
16  Th        921 0202  3.4 0818  1.0 1452  3.4 2103  1.1
17  Fr        921 0308  3.3 0930  1.0 1601  3.5 2209  1.0
18  Sa        921 0417  3.3 1040  1.0 1704  3.5 2310  1.0
19  Su        921 0524  3.4 1139  0.9 1758  3.6 9999  9.9
20  Mo        921 0004  0.9 0623  3.5 1230  0.8 1847  3.7
21  Tu        921 0052  0.8 0713  3.6 1315  0.7 1932  3.7
22  We        921 0137  0.7 0758  3.6 1356  0.7 2015  3.7
23  Th        921 0219  0.7 0838  3.7 1436  0.8 2056  3.7
24  Fr        921 0259  0.7 0917  3.7 1514  0.8 2136  3.6
25  Sa        921 0338  0.7 0955  3.6 1553  0.9 2216  3.5
26  Su        921 0417  0.8 1033  3.5 1634  1.0 2257  3.4
27  Mo        921 0456  0.9 1112  3.4 1716  1.2 2338  3.3
28  Tu        921 0536  1.0 1155  3.3 1803  1.3 9999  9.9
29  We        921 0022  3.2 0620  1.1 1242  3.2 1854  1.4
30  Th        921 0108  3.1 0710  1.2 1336  3.1 1951  1.4
 1  Fr       1021 0200  3.0 0807  1.3 1435  3.1 2052  1.4
 2  Sa       1021 0257  3.0 0911  1.3 1535  3.2 2150  1.3
 3  Su       1021 0358  3.1 1014  1.2 1631  3.3 2244  1.2
 4  Mo       1021 0458  3.2 1109  1.0 1721  3.4 2335  1.0
 5  Tu       1021 0553  3.4 1158  0.9 1808  3.6 9999  9.9
 6  We       1021 0023  0.8 0643  3.6 1244  0.7 1854  3.8
 7  Th       1021 0109  0.6 0730  3.8 1329  0.5 1941  3.9
 8  Fr       1021 0156  0.5 0816  3.9 1415  0.5 2028  3.9
 9  Sa       1021 0242  0.4 0901  4.0 1501  0.5 2117  3.9
10  Su       1021 0328  0.4 0948  4.0 1550  0.5 2207  3.9
11  Mo       1021 0416  0.4 1037  3.9 1641  0.6 2258  3.8
12  Tu       1021 0505  0.6 1130  3.8 1736  0.8 2351  3.6
13  We       1021 0557  0.7 1227  3.6 1836  0.9 9999  9.9
14  Th       1021 0048  3.5 0655  0.9 1330  3.5 1941  1.0
15  Fr       1021 0149  3.3 0802  1.0 1438  3.5 2049  1.1
16  Sa       1021 0256  3.3 0916  1.1 1544  3.5 2154  1.0
17  Su       1021 0405  3.3 1025  1.1 1644  3.5 2252  1.0
18  Mo       1021 0510  3.3 1122  1.0 1736  3.5 2344  0.9
19  Tu       1021 0605  3.4 1210  0.9 1823  3.6 9999  9.9
20  We       1021 0030  0.8 0652  3.5 1253  0.9 1907  3.6
21  Th       1021 0113  0.8 0734  3.6 1332  0.9 1948  3.6
22  Fr       1021 0153  0.7 0813  3.6 1410  0.9 2028  3.6
23  Sa       1021 0231  0.7 0850  3.6 1448  0.9 2107  3.5
24  Su       1021 0309  0.7 0927  3.6 1526  1.0 2147  3.4
25  Mo       1021 0346  0.8 1004  3.5 1605  1.1 2226  3.4
26  Tu       1021 0424  0.9 1042  3.4 1647  1.2 2306  3.3
27  We       1021 0503  1.0 1123  3.3 1731  1.2 2348  3.2
28  Th       1021 0545  1.1 1208  3.3 1820  1.3 9999  9.9
29  Fr       1021 0033  3.1 0633  1.2 1258  3.2 1913  1.3
30  Sa       1021 0122  3.1 0727  1.2 1353  3.2 2010  1.3
31  Su       1021 0217  3.1 0828  1.3 1450  3.2 2107  1.2
 1  Mo       1121 0317  3.1 0932  1.2 1546  3.4 2204  1.1
 2  Tu       1121 0419  3.2 1031  1.0 1639  3.5 2259  0.9
 3  We       1121 0518  3.4 1125  0.9 1731  3.6 2351  0.7
 4  Th       1121 0612  3.6 1215  0.7 1822  3.8 9999  9.9
 5  Fr       1121 0041  0.5 0703  3.8 1304  0.6 1913  3.9
 6  Sa       1121 0131  0.4 0752  4.0 1352  0.5 2005  3.9
 7  Su       1121 0219  0.3 0841  4.0 1442  0.5 2057  3.9
 8  Mo       1121 0308  0.3 0931  4.0 1533  0.5 2149  3.9
 9  Tu       1121 0357  0.4 1022  4.0 1626  0.6 2242  3.7
10  We       1121 0447  0.5 1115  3.8 1722  0.8 2337  3.6
11  Th       1121 0540  0.7 1212  3.7 1821  0.9 9999  9.9
12  Fr       1121 0033  3.5 0637  0.9 1313  3.6 1924  1.0
13  Sa       1121 0132  3.3 0742  1.1 1416  3.5 2027  1.0
14  Su       1121 0237  3.2 0853  1.1 1518  3.4 2129  1.0
15  Mo       1121 0343  3.2 1001  1.2 1615  3.4 2226  1.0
16  Tu       1121 0446  3.3 1057  1.1 1706  3.5 2317  1.0
17  We       1121 0540  3.3 1145  1.1 1754  3.5 9999  9.9
18  Th       1121 0003  0.9 0627  3.4 1227  1.0 1838  3.5
19  Fr       1121 0046  0.8 0709  3.5 1307  1.0 1921  3.5
20  Sa       1121 0126  0.8 0748  3.5 1345  1.0 2002  3.4
21  Su       1121 0205  0.8 0825  3.6 1423  1.0 2042  3.4
22  Mo       1121 0242  0.8 0902  3.5 1502  1.0 2121  3.4
23  Tu       1121 0320  0.8 0939  3.5 1541  1.1 2200  3.3
24  We       1121 0357  0.9 1017  3.5 1622  1.1 2240  3.3
25  Th       1121 0436  0.9 1056  3.4 1705  1.2 2320  3.2
26  Fr       1121 0517  1.0 1140  3.4 1751  1.2 9999  9.9
27  Sa       1121 0003  3.2 0602  1.1 1226  3.3 1840  1.2
28  Su       1121 0050  3.2 0652  1.1 1317  3.3 1932  1.2
29  Mo       1121 0141  3.2 0750  1.2 1410  3.4 2027  1.1
30  Tu       1121 0239  3.2 0852  1.1 1505  3.4 2124  1.0
 1  We       1221 0341  3.3 0954  1.0 1600  3.5 2222  0.9
 2  Th       1221 0444  3.4 1052  0.9 1656  3.6 2320  0.7
 3  Fr       1221 0543  3.6 1147  0.7 1753  3.7 9999  9.9
 4  Sa       1221 0015  0.5 0639  3.8 1240  0.6 1849  3.8
 5  Su       1221 0108  0.4 0732  4.0 1332  0.5 1945  3.9
 6  Mo       1221 0200  0.3 0823  4.0 1425  0.5 2040  3.9
 7  Tu       1221 0250  0.3 0915  4.0 1518  0.6 2135  3.8
 8  We       1221 0340  0.4 1007  4.0 1612  0.6 2228  3.7
 9  Th       1221 0430  0.5 1100  3.9 1707  0.7 2321  3.6
10  Fr       1221 0522  0.7 1154  3.8 1802  0.8 9999  9.9
11  Sa       1221 0014  3.5 0616  0.9 1250  3.6 1859  0.9
12  Su       1221 0109  3.4 0716  1.1 1347  3.5 1956  1.0
13  Mo       1221 0207  3.3 0821  1.2 1444  3.4 2053  1.0
14  Tu       1221 0309  3.2 0925  1.2 1538  3.4 2150  1.1
15  We       1221 0411  3.2 1023  1.2 1630  3.3 2243  1.1
16  Th       1221 0508  3.2 1114  1.2 1720  3.3 2332  1.0
17  Fr       1221 0558  3.3 1159  1.2 1808  3.3 9999  9.9
18  Sa       1221 0018  1.0 0643  3.4 1241  1.1 1854  3.3
19  Su       1221 0100  0.9 0724  3.4 1321  1.1 1937  3.3
20  Mo       1221 0140  0.9 0802  3.5 1401  1.1 2019  3.3
21  Tu       1221 0219  0.8 0839  3.5 1441  1.1 2059  3.3
22  We       1221 0256  0.8 0916  3.5 1520  1.1 2138  3.3
23  Th       1221 0334  0.8 0954  3.5 1601  1.1 2217  3.3
24  Fr       1221 0412  0.9 1033  3.5 1642  1.1 2256  3.3
25  Sa       1221 0452  0.9 1114  3.5 1725  1.1 2337  3.3
26  Su       1221 0535  1.0 1158  3.5 1810  1.0 9999  9.9
27  Mo       1221 0021  3.3 0623  1.0 1246  3.5 1859  1.0
28  Tu       1221 0111  3.3 0717  1.1 1336  3.5 1951  1.0
29  We       1221 0206  3.3 0817  1.1 1430  3.5 2048  0.9
30  Th       1221 0308  3.3 0920  1.0 1526  3.5 2150  0.9
31  Fr       1221 0414  3.4 1023  0.9 1626  3.6 2252  0.8
