291Weiti River Entrance
Based on data from 22-Sep-2018
Local Std Time, tidal heights in metres.
 1  Fr        121 0229  0.6 0851  2.9 1456  0.8 2111  2.8
 2  Sa        121 0310  0.6 0934  3.0 1540  0.7 2156  2.9
 3  Su        121 0352  0.5 1018  3.0 1626  0.7 2241  2.9
 4  Mo        121 0437  0.6 1104  3.0 1713  0.7 2328  2.9
 5  Tu        121 0525  0.6 1152  3.0 1804  0.7 9999  9.9
 6  We        121 0017  2.9 0619  0.7 1242  3.0 1856  0.7
 7  Th        121 0111  2.8 0717  0.7 1335  3.0 1952  0.7
 8  Fr        121 0210  2.8 0818  0.8 1432  2.9 2050  0.6
 9  Sa        121 0314  2.8 0920  0.8 1532  2.9 2150  0.6
10  Su        121 0419  2.9 1021  0.8 1633  2.9 2252  0.6
11  Mo        121 0520  3.0 1121  0.7 1733  2.9 2352  0.5
12  Tu        121 0617  3.1 1220  0.7 1832  2.9 9999  9.9
13  We        121 0048  0.5 0710  3.1 1316  0.6 1928  3.0
14  Th        121 0140  0.4 0802  3.2 1408  0.6 2021  3.0
15  Fr        121 0228  0.4 0851  3.2 1458  0.6 2111  3.0
16  Sa        121 0314  0.5 0939  3.1 1545  0.6 2159  2.9
17  Su        121 0357  0.6 1025  3.1 1630  0.6 2243  2.9
18  Mo        121 0441  0.7 1109  3.0 1715  0.7 2326  2.8
19  Tu        121 0525  0.8 1153  2.9 1759  0.8 9999  9.9
20  We        121 0009  2.7 0611  0.9 1236  2.8 1843  0.9
21  Th        121 0053  2.6 0700  1.0 1320  2.7 1929  0.9
22  Fr        121 0142  2.5 0752  1.1 1407  2.6 2017  1.0
23  Sa        121 0237  2.5 0846  1.1 1457  2.5 2109  1.0
24  Su        121 0336  2.5 0939  1.2 1550  2.5 2202  1.0
25  Mo        121 0433  2.5 1033  1.2 1644  2.5 2256  1.0
26  Tu        121 0526  2.6 1125  1.1 1737  2.6 2348  0.9
27  We        121 0613  2.7 1215  1.0 1828  2.6 9999  9.9
28  Th        121 0037  0.8 0658  2.8 1303  0.9 1916  2.7
29  Fr        121 0122  0.7 0742  2.9 1350  0.8 2004  2.8
30  Sa        121 0206  0.6 0827  3.0 1435  0.7 2050  2.9
31  Su        121 0249  0.5 0912  3.1 1521  0.6 2136  3.0
 1  Mo        221 0334  0.4 0958  3.1 1607  0.5 2223  3.0
 2  Tu        221 0419  0.5 1045  3.2 1654  0.5 2310  3.0
 3  We        221 0508  0.5 1133  3.1 1743  0.5 2359  3.0
 4  Th        221 0601  0.6 1222  3.1 1835  0.6 9999  9.9
 5  Fr        221 0052  2.9 0658  0.7 1314  3.0 1930  0.6
 6  Sa        221 0150  2.9 0759  0.8 1410  2.9 2028  0.7
 7  Su        221 0254  2.8 0901  0.8 1511  2.8 2130  0.7
 8  Mo        221 0400  2.8 1003  0.8 1615  2.8 2234  0.7
 9  Tu        221 0503  2.9 1105  0.8 1718  2.8 2335  0.7
10  We        221 0600  3.0 1204  0.8 1818  2.8 9999  9.9
11  Th        221 0032  0.6 0653  3.0 1300  0.7 1913  2.9
12  Fr        221 0123  0.6 0743  3.1 1351  0.7 2004  2.9
13  Sa        221 0210  0.6 0830  3.1 1438  0.6 2051  2.9
14  Su        221 0252  0.6 0915  3.1 1521  0.6 2134  2.9
15  Mo        221 0333  0.6 0958  3.0 1601  0.7 2215  2.9
16  Tu        221 0412  0.7 1039  2.9 1640  0.7 2254  2.8
17  We        221 0451  0.8 1118  2.9 1719  0.8 2333  2.7
18  Th        221 0532  0.9 1158  2.8 1759  0.8 9999  9.9
19  Fr        221 0013  2.7 0616  1.0 1238  2.7 1842  0.9
20  Sa        221 0057  2.6 0705  1.1 1321  2.6 1928  1.0
21  Su        221 0148  2.5 0758  1.1 1408  2.5 2020  1.0
22  Mo        221 0245  2.5 0853  1.2 1502  2.5 2116  1.0
23  Tu        221 0346  2.5 0949  1.2 1601  2.5 2214  1.0
24  We        221 0444  2.6 1046  1.1 1700  2.5 2312  0.9
25  Th        221 0537  2.7 1140  1.0 1756  2.6 9999  9.9
26  Fr        221 0005  0.8 0625  2.8 1233  0.9 1848  2.8
27  Sa        221 0054  0.6 0712  3.0 1323  0.7 1938  2.9
28  Su        221 0141  0.5 0800  3.1 1411  0.6 2027  3.0
 1  Mo        321 0227  0.4 0847  3.2 1458  0.5 2114  3.1
 2  Tu        321 0313  0.4 0935  3.2 1545  0.4 2202  3.2
 3  We        321 0401  0.4 1024  3.2 1632  0.4 2251  3.2
 4  Th        321 0451  0.4 1113  3.2 1721  0.4 2341  3.1
 5  Fr        321 0544  0.6 1203  3.1 1813  0.5 9999  9.9
 6  Sa        321 0034  3.0 0642  0.7 1256  3.0 1909  0.6
 7  Su        321 0132  2.9 0743  0.8 1352  2.9 2009  0.7
 8  Mo        321 0236  2.8 0845  0.8 1454  2.7 2113  0.8
 9  Tu        321 0342  2.8 0948  0.9 1559  2.7 2217  0.8
10  We        321 0445  2.8 1049  0.9 1704  2.7 2319  0.8
11  Th        321 0542  2.9 1147  0.8 1803  2.7 9999  9.9
12  Fr        321 0015  0.7 0633  2.9 1241  0.8 1856  2.8
13  Sa        321 0104  0.7 0720  3.0 1329  0.7 1944  2.8
14  Su        321 0148  0.7 0805  3.0 1413  0.7 2027  2.9
15  Mo        321 0228  0.7 0847  3.0 1452  0.7 2107  2.9
16  Tu        321 0305  0.7 0927  2.9 1529  0.7 2145  2.9
17  We        321 0342  0.7 1006  2.9 1605  0.7 2222  2.8
18  Th        321 0418  0.8 1044  2.8 1641  0.7 2259  2.8
19  Fr        321 0457  0.9 1121  2.7 1719  0.8 2338  2.7
20  Sa        321 0539  1.0 1200  2.7 1759  0.9 9999  9.9
21  Su        321 0019  2.6 0626  1.1 1241  2.6 1845  1.0
22  Mo        321 0107  2.6 0718  1.1 1328  2.5 1937  1.0
23  Tu        321 0202  2.5 0814  1.1 1422  2.5 2035  1.0
24  We        321 0303  2.5 0911  1.1 1523  2.5 2136  1.0
25  Th        321 0403  2.6 1009  1.0 1626  2.6 2236  0.9
26  Fr        321 0459  2.7 1106  0.9 1725  2.7 2332  0.8
27  Sa        321 0551  2.9 1201  0.8 1820  2.8 9999  9.9
28  Su        321 0025  0.6 0641  3.0 1254  0.6 1912  3.0
29  Mo        321 0115  0.5 0730  3.1 1344  0.4 2002  3.1
30  Tu        321 0204  0.4 0820  3.2 1433  0.3 2051  3.2
31  We        321 0252  0.3 0911  3.3 1521  0.3 2141  3.3
 1  Th        421 0342  0.3 1002  3.2 1610  0.3 2231  3.2
 2  Fr        421 0433  0.4 1053  3.2 1700  0.4 2323  3.2
 3  Sa        421 0528  0.5 1145  3.1 1752  0.5 9999  9.9
 4  Su        421 0017  3.1 0627  0.7 1238  2.9 1849  0.6
 5  Mo        421 0115  2.9 0728  0.8 1335  2.8 1951  0.8
 6  Tu        421 0217  2.8 0830  0.8 1437  2.7 2055  0.8
 7  We        421 0321  2.8 0931  0.9 1543  2.6 2159  0.9
 8  Th        421 0422  2.8 1030  0.9 1647  2.6 2259  0.9
 9  Fr        421 0517  2.8 1125  0.9 1744  2.7 2352  0.8
10  Sa        421 0607  2.8 1216  0.8 1834  2.7 9999  9.9
11  Su        421 0039  0.8 0652  2.9 1302  0.8 1918  2.8
12  Mo        421 0121  0.8 0735  2.9 1343  0.7 1959  2.8
13  Tu        421 0200  0.8 0816  2.8 1421  0.7 2038  2.9
14  We        421 0236  0.8 0855  2.8 1457  0.7 2114  2.8
15  Th        421 0312  0.8 0933  2.8 1532  0.7 2151  2.8
16  Fr        421 0348  0.9 1011  2.7 1607  0.7 2228  2.8
17  Sa        421 0426  0.9 1049  2.7 1644  0.8 2307  2.7
18  Su        421 0508  1.0 1128  2.6 1724  0.9 2349  2.7
19  Mo        421 0555  1.0 1210  2.6 1809  0.9 9999  9.9
20  Tu        421 0035  2.6 0646  1.1 1256  2.5 1902  1.0
21  We        421 0128  2.6 0742  1.1 1350  2.5 2000  1.0
22  Th        421 0226  2.6 0839  1.0 1450  2.5 2102  0.9
23  Fr        421 0325  2.7 0936  0.9 1554  2.6 2202  0.9
24  Sa        421 0422  2.8 1033  0.8 1655  2.8 2300  0.7
25  Su        421 0517  2.9 1130  0.7 1752  2.9 2355  0.6
26  Mo        421 0609  3.1 1225  0.5 1845  3.1 9999  9.9
27  Tu        421 0048  0.5 0701  3.2 1317  0.4 1937  3.2
28  We        421 0140  0.4 0754  3.2 1408  0.3 2029  3.3
29  Th        421 0231  0.3 0847  3.2 1458  0.2 2120  3.3
30  Fr        421 0323  0.4 0941  3.2 1548  0.3 2212  3.3
 1  Sa        521 0416  0.4 1034  3.1 1639  0.4 2305  3.2
 2  Su        521 0512  0.6 1127  3.0 1732  0.5 9999  9.9
 3  Mo        521 0000  3.1 0610  0.7 1221  2.9 1829  0.7
 4  Tu        521 0057  3.0 0711  0.8 1317  2.8 1930  0.8
 5  We        521 0156  2.9 0810  0.8 1417  2.7 2033  0.9
 6  Th        521 0256  2.8 0908  0.9 1520  2.6 2134  0.9
 7  Fr        521 0353  2.8 1003  0.9 1622  2.6 2231  0.9
 8  Sa        521 0446  2.8 1055  0.9 1717  2.7 2322  0.9
 9  Su        521 0535  2.8 1144  0.8 1806  2.7 9999  9.9
10  Mo        521 0009  0.9 0620  2.8 1229  0.8 1849  2.8
11  Tu        521 0051  0.9 0702  2.8 1311  0.8 1929  2.8
12  We        521 0130  0.9 0742  2.8 1349  0.7 2008  2.8
13  Th        521 0207  0.9 0822  2.7 1425  0.7 2045  2.8
14  Fr        521 0244  0.9 0901  2.7 1501  0.7 2122  2.8
15  Sa        521 0322  0.9 0941  2.7 1537  0.7 2201  2.8
16  Su        521 0401  0.9 1021  2.7 1615  0.8 2241  2.8
17  Mo        521 0444  1.0 1102  2.6 1656  0.8 2324  2.7
18  Tu        521 0530  1.0 1145  2.6 1742  0.9 9999  9.9
19  We        521 0010  2.7 0621  1.0 1232  2.6 1833  0.9
20  Th        521 0100  2.7 0715  1.0 1324  2.6 1931  0.9
21  Fr        521 0155  2.7 0810  0.9 1422  2.6 2032  0.9
22  Sa        521 0252  2.8 0907  0.8 1525  2.7 2132  0.8
23  Su        521 0349  2.9 1003  0.7 1627  2.8 2231  0.7
24  Mo        521 0445  3.0 1101  0.6 1726  3.0 2328  0.6
25  Tu        521 0540  3.1 1157  0.4 1821  3.1 9999  9.9
26  We        521 0023  0.5 0635  3.1 1252  0.3 1915  3.2
27  Th        521 0118  0.4 0730  3.2 1345  0.3 2007  3.3
28  Fr        521 0211  0.4 0826  3.2 1437  0.2 2100  3.3
29  Sa        521 0305  0.4 0921  3.1 1527  0.3 2153  3.3
30  Su        521 0359  0.5 1015  3.1 1618  0.4 2246  3.2
31  Mo        521 0454  0.6 1108  3.0 1711  0.5 2340  3.1
 1  Tu        621 0551  0.7 1201  2.9 1806  0.7 9999  9.9
 2  We        621 0034  3.0 0647  0.7 1254  2.8 1904  0.8
 3  Th        621 0128  2.9 0743  0.8 1350  2.7 2004  0.9
 4  Fr        621 0223  2.8 0837  0.9 1449  2.6 2101  1.0
 5  Sa        621 0317  2.7 0928  0.9 1548  2.6 2156  1.0
 6  Su        621 0409  2.7 1019  0.9 1643  2.6 2247  1.0
 7  Mo        621 0458  2.7 1107  0.9 1733  2.6 2334  1.0
 8  Tu        621 0543  2.7 1153  0.8 1817  2.7 9999  9.9
 9  We        621 0017  1.0 0627  2.7 1237  0.8 1859  2.7
10  Th        621 0059  1.0 0709  2.7 1317  0.8 1938  2.8
11  Fr        621 0139  0.9 0751  2.7 1356  0.7 2017  2.8
12  Sa        621 0219  0.9 0833  2.7 1434  0.7 2056  2.8
13  Su        621 0258  0.9 0915  2.7 1512  0.7 2137  2.8
14  Mo        621 0340  0.9 0957  2.7 1551  0.7 2218  2.8
15  Tu        621 0423  0.9 1040  2.7 1633  0.7 2302  2.8
16  We        621 0509  0.9 1124  2.7 1719  0.8 2348  2.8
17  Th        621 0558  0.9 1210  2.7 1810  0.8 9999  9.9
18  Fr        621 0036  2.8 0650  0.8 1301  2.7 1906  0.8
19  Sa        621 0128  2.9 0744  0.8 1358  2.7 2006  0.8
20  Su        621 0223  2.9 0839  0.7 1459  2.8 2106  0.8
21  Mo        621 0320  2.9 0937  0.6 1602  2.8 2206  0.7
22  Tu        621 0418  3.0 1035  0.6 1703  3.0 2304  0.7
23  We        621 0516  3.0 1134  0.5 1800  3.1 9999  9.9
24  Th        621 0002  0.6 0613  3.1 1231  0.4 1855  3.2
25  Fr        621 0059  0.5 0711  3.1 1326  0.3 1949  3.3
26  Sa        621 0154  0.5 0807  3.1 1418  0.3 2042  3.3
27  Su        621 0248  0.5 0902  3.1 1508  0.3 2134  3.2
28  Mo        621 0341  0.5 0956  3.0 1557  0.4 2226  3.2
29  Tu        621 0433  0.6 1047  3.0 1647  0.6 2316  3.1
30  We        621 0525  0.6 1136  2.9 1738  0.7 9999  9.9
 1  Th        721 0006  3.0 0617  0.7 1225  2.8 1831  0.8
 2  Fr        721 0056  2.9 0707  0.8 1316  2.7 1926  0.9
 3  Sa        721 0145  2.8 0757  0.9 1409  2.6 2021  1.0
 4  Su        721 0235  2.7 0847  0.9 1506  2.5 2115  1.1
 5  Mo        721 0326  2.6 0937  0.9 1603  2.5 2206  1.1
 6  Tu        721 0416  2.6 1027  0.9 1656  2.6 2255  1.1
 7  We        721 0505  2.6 1116  0.9 1744  2.6 2343  1.1
 8  Th        721 0553  2.6 1203  0.9 1828  2.7 9999  9.9
 9  Fr        721 0028  1.0 0639  2.6 1248  0.8 1909  2.8
10  Sa        721 0112  1.0 0723  2.7 1329  0.7 1950  2.8
11  Su        721 0154  0.9 0807  2.7 1409  0.7 2031  2.9
12  Mo        721 0236  0.9 0851  2.7 1449  0.6 2113  2.9
13  Tu        721 0319  0.8 0934  2.8 1530  0.6 2156  2.9
14  We        721 0402  0.8 1018  2.8 1613  0.6 2240  3.0
15  Th        721 0448  0.7 1103  2.8 1658  0.7 2326  3.0
16  Fr        721 0535  0.7 1150  2.8 1749  0.7 9999  9.9
17  Sa        721 0013  3.0 0626  0.7 1240  2.8 1844  0.7
18  Su        721 0104  2.9 0719  0.7 1336  2.8 1943  0.8
19  Mo        721 0157  2.9 0815  0.7 1437  2.8 2044  0.8
20  Tu        721 0255  2.9 0914  0.6 1541  2.9 2145  0.8
21  We        721 0356  2.9 1015  0.6 1644  2.9 2246  0.7
22  Th        721 0457  2.9 1116  0.5 1743  3.0 2345  0.7
23  Fr        721 0557  3.0 1215  0.5 1838  3.1 9999  9.9
24  Sa        721 0043  0.6 0656  3.0 1310  0.4 1932  3.2
25  Su        721 0138  0.6 0752  3.0 1401  0.4 2023  3.2
26  Mo        721 0231  0.5 0845  3.0 1449  0.4 2113  3.2
27  Tu        721 0320  0.5 0934  3.0 1535  0.5 2202  3.1
28  We        721 0408  0.6 1022  3.0 1621  0.6 2249  3.1
29  Th        721 0454  0.6 1107  2.9 1706  0.7 2334  3.0
30  Fr        721 0540  0.7 1152  2.8 1754  0.8 9999  9.9
31  Sa        721 0019  2.9 0625  0.8 1237  2.7 1844  1.0
 1  Su        821 0104  2.7 0712  0.9 1326  2.6 1936  1.0
 2  Mo        821 0150  2.6 0800  0.9 1419  2.5 2030  1.1
 3  Tu        821 0240  2.6 0851  1.0 1518  2.5 2124  1.1
 4  We        821 0332  2.5 0944  1.0 1615  2.5 2216  1.1
 5  Th        821 0427  2.5 1038  1.0 1708  2.6 2308  1.1
 6  Fr        821 0519  2.5 1130  0.9 1756  2.7 2357  1.1
 7  Sa        821 0610  2.6 1218  0.8 1840  2.8 9999  9.9
 8  Su        821 0044  1.0 0657  2.7 1303  0.7 1922  2.8
 9  Mo        821 0129  0.9 0743  2.8 1345  0.6 2004  2.9
10  Tu        821 0213  0.8 0827  2.8 1427  0.6 2048  3.0
11  We        821 0256  0.7 0912  2.9 1509  0.5 2132  3.1
12  Th        821 0340  0.6 0956  3.0 1552  0.5 2217  3.1
13  Fr        821 0425  0.6 1042  3.0 1639  0.5 2304  3.1
14  Sa        821 0512  0.6 1129  3.0 1729  0.6 2352  3.0
15  Su        821 0602  0.6 1220  2.9 1824  0.7 9999  9.9
16  Mo        821 0042  3.0 0655  0.6 1316  2.9 1924  0.8
17  Tu        821 0136  2.9 0753  0.7 1418  2.8 2027  0.8
18  We        821 0236  2.8 0855  0.7 1524  2.8 2130  0.8
19  Th        821 0339  2.8 0959  0.7 1628  2.9 2232  0.8
20  Fr        821 0444  2.8 1102  0.6 1728  3.0 2332  0.7
21  Sa        821 0546  2.9 1201  0.6 1823  3.1 9999  9.9
22  Su        821 0030  0.7 0644  2.9 1255  0.5 1914  3.1
23  Mo        821 0123  0.6 0737  3.0 1344  0.5 2003  3.1
24  Tu        821 0212  0.6 0825  3.0 1429  0.5 2050  3.1
25  We        821 0257  0.5 0911  3.0 1511  0.5 2135  3.1
26  Th        821 0340  0.6 0954  3.0 1552  0.6 2218  3.0
27  Fr        821 0421  0.6 1036  2.9 1633  0.7 2300  2.9
28  Sa        821 0501  0.7 1116  2.8 1715  0.8 2341  2.8
29  Su        821 0542  0.8 1158  2.7 1801  1.0 9999  9.9
30  Mo        821 0022  2.7 0625  0.9 1242  2.6 1851  1.1
31  Tu        821 0106  2.6 0712  1.0 1333  2.5 1945  1.1
 1  We        921 0154  2.5 0804  1.0 1430  2.5 2041  1.2
 2  Th        921 0248  2.5 0901  1.0 1532  2.5 2137  1.2
 3  Fr        921 0347  2.5 0959  1.0 1630  2.5 2232  1.1
 4  Sa        921 0446  2.5 1056  0.9 1721  2.6 2324  1.0
 5  Su        921 0540  2.6 1147  0.8 1807  2.8 9999  9.9
 6  Mo        921 0014  0.9 0630  2.7 1235  0.7 1852  2.9
 7  Tu        921 0102  0.8 0717  2.8 1319  0.6 1936  3.0
 8  We        921 0147  0.6 0803  3.0 1403  0.5 2021  3.1
 9  Th        921 0232  0.5 0848  3.1 1447  0.4 2107  3.2
10  Fr        921 0316  0.4 0934  3.1 1532  0.4 2154  3.2
11  Sa        921 0402  0.4 1021  3.1 1620  0.5 2242  3.2
12  Su        921 0449  0.4 1110  3.1 1711  0.6 2332  3.1
13  Mo        921 0540  0.5 1202  3.0 1808  0.7 9999  9.9
14  Tu        921 0023  3.0 0634  0.6 1259  2.9 1909  0.8
15  We        921 0119  2.9 0734  0.7 1401  2.9 2013  0.8
16  Th        921 0221  2.8 0839  0.7 1508  2.8 2117  0.8
17  Fr        921 0327  2.7 0945  0.8 1613  2.9 2219  0.8
18  Sa        921 0433  2.7 1049  0.7 1712  2.9 2319  0.8
19  Su        921 0535  2.8 1147  0.7 1806  3.0 9999  9.9
20  Mo        921 0014  0.7 0630  2.9 1239  0.6 1855  3.0
21  Tu        921 0104  0.6 0719  2.9 1325  0.6 1940  3.0
22  We        921 0150  0.6 0804  3.0 1407  0.6 2024  3.0
23  Th        921 0231  0.6 0846  3.0 1446  0.6 2106  3.0
24  Fr        921 0310  0.6 0926  3.0 1524  0.7 2146  2.9
25  Sa        921 0347  0.6 1004  2.9 1602  0.8 2225  2.9
26  Su        921 0423  0.7 1042  2.8 1641  0.9 2304  2.8
27  Mo        921 0501  0.8 1122  2.7 1723  1.0 2344  2.7
28  Tu        921 0542  0.9 1204  2.6 1810  1.1 9999  9.9
29  We        921 0026  2.6 0627  1.0 1252  2.6 1903  1.1
30  Th        921 0113  2.5 0720  1.0 1347  2.5 2000  1.2
 1  Fr       1021 0207  2.4 0819  1.1 1447  2.5 2058  1.1
 2  Sa       1021 0308  2.4 0920  1.0 1548  2.6 2155  1.1
 3  Su       1021 0411  2.5 1019  1.0 1642  2.7 2249  1.0
 4  Mo       1021 0509  2.6 1114  0.8 1732  2.8 2342  0.8
 5  Tu       1021 0601  2.8 1204  0.7 1819  2.9 9999  9.9
 6  We       1021 0032  0.7 0650  2.9 1252  0.5 1906  3.1
 7  Th       1021 0120  0.5 0737  3.1 1339  0.4 1953  3.2
 8  Fr       1021 0207  0.4 0825  3.2 1425  0.4 2042  3.2
 9  Sa       1021 0253  0.3 0913  3.3 1513  0.4 2132  3.2
10  Su       1021 0340  0.3 1002  3.3 1603  0.4 2222  3.2
11  Mo       1021 0428  0.3 1052  3.2 1656  0.5 2314  3.1
12  Tu       1021 0520  0.4 1146  3.1 1754  0.6 9999  9.9
13  We       1021 0007  3.0 0616  0.6 1243  3.0 1855  0.7
14  Th       1021 0104  2.8 0717  0.7 1345  2.9 1959  0.8
15  Fr       1021 0206  2.7 0823  0.8 1450  2.8 2102  0.8
16  Sa       1021 0313  2.7 0930  0.8 1554  2.8 2203  0.8
17  Su       1021 0419  2.7 1032  0.8 1651  2.9 2300  0.8
18  Mo       1021 0519  2.7 1128  0.8 1743  2.9 2353  0.7
19  Tu       1021 0612  2.8 1218  0.7 1831  2.9 9999  9.9
20  We       1021 0041  0.7 0658  2.9 1302  0.7 1915  2.9
21  Th       1021 0124  0.6 0741  2.9 1343  0.7 1956  2.9
22  Fr       1021 0204  0.6 0820  2.9 1421  0.7 2037  2.9
23  Sa       1021 0240  0.6 0858  2.9 1458  0.8 2116  2.8
24  Su       1021 0316  0.6 0935  2.9 1534  0.8 2154  2.8
25  Mo       1021 0351  0.7 1013  2.8 1612  0.9 2233  2.7
26  Tu       1021 0427  0.8 1051  2.8 1653  1.0 2312  2.6
27  We       1021 0507  0.8 1133  2.7 1738  1.0 2354  2.6
28  Th       1021 0551  0.9 1218  2.6 1829  1.1 9999  9.9
29  Fr       1021 0040  2.5 0641  1.0 1310  2.6 1924  1.1
30  Sa       1021 0132  2.5 0740  1.0 1406  2.6 2021  1.1
31  Su       1021 0231  2.5 0841  1.0 1505  2.6 2117  1.0
 1  Mo       1121 0334  2.5 0942  0.9 1601  2.7 2213  0.9
 2  Tu       1121 0435  2.7 1039  0.8 1655  2.8 2308  0.7
 3  We       1121 0531  2.8 1133  0.7 1746  3.0 9999  9.9
 4  Th       1121 0001  0.6 0623  3.0 1224  0.6 1836  3.1
 5  Fr       1121 0052  0.4 0713  3.2 1315  0.4 1927  3.2
 6  Sa       1121 0142  0.3 0802  3.3 1405  0.4 2019  3.2
 7  Su       1121 0231  0.2 0853  3.3 1455  0.4 2112  3.2
 8  Mo       1121 0320  0.2 0944  3.3 1547  0.4 2205  3.2
 9  Tu       1121 0410  0.3 1036  3.3 1642  0.5 2258  3.1
10  We       1121 0502  0.4 1130  3.2 1740  0.6 2352  3.0
11  Th       1121 0558  0.6 1227  3.1 1840  0.7 9999  9.9
12  Fr       1121 0049  2.8 0659  0.7 1326  2.9 1941  0.8
13  Sa       1121 0148  2.7 0803  0.8 1427  2.9 2041  0.8
14  Su       1121 0252  2.7 0907  0.9 1527  2.8 2139  0.8
15  Mo       1121 0357  2.7 1007  0.9 1623  2.8 2234  0.8
16  Tu       1121 0456  2.7 1102  0.9 1715  2.8 2325  0.8
17  We       1121 0548  2.7 1152  0.9 1802  2.8 9999  9.9
18  Th       1121 0013  0.7 0634  2.8 1236  0.9 1846  2.8
19  Fr       1121 0056  0.7 0716  2.8 1318  0.8 1928  2.8
20  Sa       1121 0136  0.7 0755  2.9 1356  0.8 2009  2.8
21  Su       1121 0213  0.7 0833  2.9 1434  0.9 2049  2.7
22  Mo       1121 0249  0.7 0910  2.9 1511  0.9 2128  2.7
23  Tu       1121 0324  0.7 0948  2.8 1549  0.9 2207  2.7
24  We       1121 0401  0.7 1027  2.8 1630  0.9 2247  2.6
25  Th       1121 0439  0.8 1108  2.8 1713  1.0 2328  2.6
26  Fr       1121 0522  0.9 1152  2.7 1801  1.0 9999  9.9
27  Sa       1121 0012  2.6 0611  0.9 1239  2.7 1852  1.0
28  Su       1121 0101  2.5 0706  1.0 1330  2.7 1946  1.0
29  Mo       1121 0157  2.6 0805  1.0 1425  2.7 2041  0.9
30  Tu       1121 0258  2.6 0906  0.9 1522  2.8 2137  0.8
 1  We       1221 0401  2.7 1005  0.8 1618  2.9 2234  0.7
 2  Th       1221 0501  2.8 1102  0.7 1714  3.0 2331  0.5
 3  Fr       1221 0557  3.0 1158  0.6 1809  3.1 9999  9.9
 4  Sa       1221 0027  0.4 0650  3.2 1252  0.5 1904  3.1
 5  Su       1221 0120  0.3 0742  3.3 1346  0.4 1959  3.2
 6  Mo       1221 0212  0.2 0835  3.3 1440  0.4 2054  3.2
 7  Tu       1221 0302  0.2 0927  3.3 1533  0.4 2149  3.1
 8  We       1221 0353  0.3 1020  3.3 1628  0.5 2242  3.1
 9  Th       1221 0445  0.4 1114  3.2 1723  0.6 2335  3.0
10  Fr       1221 0539  0.6 1207  3.1 1820  0.6 9999  9.9
11  Sa       1221 0029  2.9 0636  0.7 1302  3.0 1916  0.7
12  Su       1221 0124  2.7 0736  0.8 1357  2.9 2012  0.8
13  Mo       1221 0223  2.7 0837  0.9 1453  2.8 2106  0.8
14  Tu       1221 0324  2.6 0934  1.0 1547  2.7 2159  0.9
15  We       1221 0424  2.6 1029  1.0 1639  2.7 2251  0.9
16  Th       1221 0518  2.7 1120  1.0 1729  2.7 2340  0.8
17  Fr       1221 0605  2.7 1207  1.0 1815  2.7 9999  9.9
18  Sa       1221 0026  0.8 0649  2.7 1251  1.0 1900  2.7
19  Su       1221 0108  0.8 0730  2.8 1332  1.0 1943  2.7
20  Mo       1221 0148  0.7 0809  2.8 1411  0.9 2024  2.7
21  Tu       1221 0225  0.7 0847  2.8 1450  0.9 2105  2.7
22  We       1221 0301  0.7 0926  2.8 1529  0.9 2145  2.7
23  Th       1221 0338  0.7 1005  2.8 1609  0.9 2225  2.7
24  Fr       1221 0417  0.7 1046  2.8 1652  0.9 2306  2.7
25  Sa       1221 0459  0.8 1128  2.8 1736  0.9 2348  2.7
26  Su       1221 0545  0.8 1212  2.8 1824  0.9 9999  9.9
27  Mo       1221 0035  2.7 0637  0.9 1300  2.8 1914  0.8
28  Tu       1221 0127  2.7 0734  0.9 1351  2.8 2008  0.8
29  We       1221 0226  2.7 0834  0.9 1447  2.8 2105  0.7
30  Th       1221 0330  2.7 0934  0.8 1546  2.9 2204  0.7
31  Fr       1221 0433  2.8 1035  0.8 1646  2.9 2305  0.6
