313Castlepoint
Based on data from  1-Jul-2013
Local Std Time, tidal heights in metres.
 1  Fr        121 0029  0.3 0642  1.5 1302  0.2 1911  1.3
 2  Sa        121 0113  0.2 0727  1.5 1348  0.2 1957  1.4
 3  Su        121 0159  0.2 0813  1.5 1435  0.2 2044  1.4
 4  Mo        121 0246  0.2 0902  1.6 1523  0.2 2132  1.4
 5  Tu        121 0336  0.2 0952  1.6 1612  0.1 2221  1.5
 6  We        121 0428  0.2 1044  1.5 1702  0.1 2312  1.5
 7  Th        121 0523  0.2 1138  1.5 1753  0.1 9999  9.9
 8  Fr        121 0006  1.5 0620  0.2 1234  1.5 1846  0.1
 9  Sa        121 0102  1.5 0719  0.1 1330  1.5 1941  0.1
10  Su        121 0200  1.5 0818  0.1 1427  1.5 2038  0.1
11  Mo        121 0259  1.6 0917  0.1 1525  1.5 2135  0.1
12  Tu        121 0357  1.6 1016  0.1 1623  1.5 2233  0.1
13  We        121 0454  1.6 1113  0.1 1721  1.5 2329  0.1
14  Th        121 0549  1.6 1208  0.1 1817  1.5 9999  9.9
15  Fr        121 0024  0.1 0642  1.6 1302  0.1 1911  1.5
16  Sa        121 0117  0.1 0734  1.6 1354  0.1 2002  1.5
17  Su        121 0207  0.2 0825  1.6 1445  0.1 2052  1.4
18  Mo        121 0256  0.2 0914  1.5 1533  0.2 2139  1.4
19  Tu        121 0345  0.2 1002  1.5 1619  0.2 2226  1.4
20  We        121 0433  0.3 1050  1.4 1704  0.2 2312  1.4
21  Th        121 0522  0.3 1137  1.4 1748  0.3 2358  1.3
22  Fr        121 0611  0.3 1223  1.3 1833  0.3 9999  9.9
23  Sa        121 0046  1.3 0701  0.4 1310  1.3 1918  0.3
24  Su        121 0134  1.3 0750  0.4 1357  1.3 2004  0.3
25  Mo        121 0221  1.3 0838  0.3 1443  1.3 2050  0.3
26  Tu        121 0308  1.4 0925  0.3 1530  1.3 2137  0.3
27  We        121 0354  1.4 1011  0.3 1617  1.3 2223  0.3
28  Th        121 0439  1.4 1057  0.3 1705  1.3 2310  0.3
29  Fr        121 0525  1.5 1143  0.2 1752  1.4 2357  0.2
30  Sa        121 0611  1.5 1231  0.2 1841  1.4 9999  9.9
31  Su        121 0045  0.2 0700  1.6 1320  0.2 1930  1.4
 1  Mo        221 0134  0.1 0749  1.6 1409  0.1 2019  1.5
 2  Tu        221 0225  0.1 0841  1.6 1500  0.1 2110  1.5
 3  We        221 0318  0.1 0934  1.6 1551  0.1 2201  1.5
 4  Th        221 0412  0.1 1028  1.6 1643  0.1 2255  1.5
 5  Fr        221 0509  0.1 1123  1.5 1735  0.1 2350  1.5
 6  Sa        221 0607  0.1 1219  1.5 1829  0.1 9999  9.9
 7  Su        221 0048  1.5 0707  0.1 1316  1.5 1925  0.2
 8  Mo        221 0146  1.5 0805  0.1 1412  1.4 2022  0.2
 9  Tu        221 0244  1.6 0903  0.1 1509  1.4 2119  0.2
10  We        221 0341  1.6 0959  0.1 1606  1.4 2215  0.2
11  Th        221 0436  1.6 1054  0.2 1701  1.4 2310  0.2
12  Fr        221 0529  1.6 1147  0.2 1755  1.4 9999  9.9
13  Sa        221 0003  0.2 0620  1.6 1238  0.2 1846  1.4
14  Su        221 0053  0.2 0710  1.5 1328  0.2 1935  1.4
15  Mo        221 0141  0.2 0758  1.5 1415  0.2 2022  1.4
16  Tu        221 0228  0.2 0844  1.5 1500  0.2 2107  1.4
17  We        221 0314  0.3 0930  1.4 1544  0.3 2151  1.4
18  Th        221 0401  0.3 1016  1.4 1627  0.3 2235  1.4
19  Fr        221 0448  0.3 1101  1.3 1710  0.3 2320  1.3
20  Sa        221 0536  0.3 1147  1.3 1754  0.3 9999  9.9
21  Su        221 0006  1.3 0624  0.4 1232  1.3 1838  0.3
22  Mo        221 0053  1.3 0711  0.3 1318  1.3 1923  0.3
23  Tu        221 0141  1.4 0759  0.3 1405  1.3 2010  0.3
24  We        221 0228  1.4 0846  0.3 1452  1.3 2058  0.3
25  Th        221 0315  1.4 0933  0.3 1540  1.3 2147  0.3
26  Fr        221 0403  1.5 1020  0.2 1629  1.4 2236  0.2
27  Sa        221 0452  1.5 1109  0.2 1719  1.4 2327  0.2
28  Su        221 0542  1.6 1200  0.1 1811  1.5 9999  9.9
 1  Mo        321 0018  0.1 0633  1.6 1251  0.1 1903  1.5
 2  Tu        321 0111  0.1 0726  1.6 1344  0.1 1955  1.6
 3  We        321 0205  0.0 0821  1.6 1437  0.1 2049  1.6
 4  Th        321 0301  0.0 0917  1.6 1531  0.1 2143  1.6
 5  Fr        321 0358  0.1 1013  1.6 1624  0.1 2239  1.6
 6  Sa        321 0457  0.1 1110  1.5 1719  0.1 2336  1.6
 7  Su        321 0556  0.1 1206  1.5 1814  0.2 9999  9.9
 8  Mo        321 0034  1.6 0654  0.1 1302  1.4 1910  0.2
 9  Tu        321 0132  1.5 0752  0.2 1358  1.4 2007  0.2
10  We        321 0229  1.5 0847  0.2 1453  1.4 2103  0.2
11  Th        321 0324  1.5 0941  0.2 1548  1.4 2158  0.2
12  Fr        321 0417  1.5 1033  0.2 1641  1.4 2250  0.2
13  Sa        321 0507  1.5 1123  0.2 1731  1.4 2340  0.2
14  Su        321 0556  1.5 1211  0.2 1820  1.4 9999  9.9
15  Mo        321 0028  0.2 0643  1.4 1258  0.3 1906  1.4
16  Tu        321 0114  0.3 0729  1.4 1343  0.3 1950  1.4
17  We        321 0159  0.3 0814  1.4 1426  0.3 2034  1.4
18  Th        321 0244  0.3 0859  1.4 1509  0.3 2116  1.4
19  Fr        321 0329  0.3 0943  1.3 1551  0.3 2159  1.4
20  Sa        321 0415  0.3 1028  1.3 1633  0.3 2243  1.4
21  Su        321 0501  0.3 1112  1.3 1716  0.3 2328  1.4
22  Mo        321 0548  0.3 1157  1.3 1759  0.3 9999  9.9
23  Tu        321 0014  1.4 0635  0.3 1242  1.3 1845  0.3
24  We        321 0102  1.4 0721  0.3 1327  1.3 1932  0.3
25  Th        321 0150  1.4 0808  0.3 1415  1.3 2022  0.3
26  Fr        321 0239  1.5 0856  0.2 1504  1.4 2113  0.2
27  Sa        321 0329  1.5 0945  0.2 1556  1.4 2206  0.2
28  Su        321 0421  1.6 1037  0.1 1649  1.5 2300  0.1
29  Mo        321 0514  1.6 1130  0.1 1743  1.5 2354  0.0
30  Tu        321 0608  1.6 1224  0.1 1837  1.6 9999  9.9
31  We        321 0050  0.0 0704  1.6 1319  0.1 1933  1.6
 1  Th        421 0147  0.0 0801  1.6 1415  0.1 2028  1.7
 2  Fr        421 0245  0.0 0859  1.6 1510  0.1 2125  1.6
 3  Sa        421 0343  0.0 0957  1.6 1606  0.1 2222  1.6
 4  Su        421 0443  0.1 1054  1.5 1701  0.1 2320  1.6
 5  Mo        421 0542  0.1 1151  1.5 1758  0.2 9999  9.9
 6  Tu        421 0018  1.6 0639  0.1 1247  1.4 1854  0.2
 7  We        421 0115  1.5 0735  0.2 1341  1.4 1950  0.2
 8  Th        421 0211  1.5 0828  0.2 1435  1.4 2045  0.2
 9  Fr        421 0304  1.5 0919  0.2 1527  1.4 2138  0.3
10  Sa        421 0354  1.4 1008  0.3 1617  1.4 2228  0.3
11  Su        421 0442  1.4 1055  0.3 1706  1.4 2316  0.3
12  Mo        421 0528  1.4 1141  0.3 1752  1.4 9999  9.9
13  Tu        421 0002  0.3 0614  1.4 1226  0.3 1836  1.4
14  We        421 0046  0.3 0659  1.3 1309  0.3 1918  1.4
15  Th        421 0130  0.3 0743  1.3 1351  0.3 2000  1.4
16  Fr        421 0214  0.3 0827  1.3 1433  0.3 2042  1.4
17  Sa        421 0259  0.3 0911  1.3 1515  0.3 2124  1.4
18  Su        421 0343  0.3 0955  1.3 1556  0.3 2207  1.4
19  Mo        421 0429  0.3 1039  1.3 1639  0.3 2252  1.4
20  Tu        421 0514  0.3 1123  1.3 1723  0.3 2338  1.4
21  We        421 0600  0.3 1207  1.3 1810  0.3 9999  9.9
22  Th        421 0026  1.4 0646  0.3 1254  1.3 1859  0.3
23  Fr        421 0116  1.4 0734  0.2 1342  1.4 1951  0.2
24  Sa        421 0207  1.5 0823  0.2 1433  1.4 2045  0.2
25  Su        421 0259  1.5 0914  0.2 1527  1.5 2140  0.1
26  Mo        421 0353  1.6 1007  0.1 1622  1.5 2236  0.1
27  Tu        421 0448  1.6 1102  0.1 1718  1.6 2333  0.0
28  We        421 0545  1.6 1159  0.0 1814  1.7 9999  9.9
29  Th        421 0030  0.0 0643  1.6 1255  0.0 1911  1.7
30  Fr        421 0129  0.0 0742  1.6 1352  0.0 2008  1.7
 1  Sa        521 0228  0.0 0841  1.6 1449  0.1 2105  1.7
 2  Su        521 0327  0.0 0939  1.5 1545  0.1 2203  1.6
 3  Mo        521 0426  0.1 1036  1.5 1642  0.1 2301  1.6
 4  Tu        521 0523  0.1 1132  1.5 1738  0.2 2358  1.6
 5  We        521 0619  0.1 1227  1.4 1834  0.2 9999  9.9
 6  Th        521 0054  1.5 0712  0.2 1320  1.4 1930  0.3
 7  Fr        521 0148  1.5 0803  0.2 1412  1.4 2023  0.3
 8  Sa        521 0239  1.4 0851  0.3 1502  1.4 2115  0.3
 9  Su        521 0327  1.4 0938  0.3 1551  1.4 2203  0.3
10  Mo        521 0414  1.4 1024  0.3 1637  1.4 2250  0.3
11  Tu        521 0459  1.3 1109  0.3 1722  1.4 2335  0.3
12  We        521 0544  1.3 1152  0.3 1805  1.4 9999  9.9
13  Th        521 0018  0.3 0628  1.3 1235  0.3 1846  1.4
14  Fr        521 0102  0.3 0712  1.3 1317  0.3 1928  1.4
15  Sa        521 0145  0.3 0756  1.3 1358  0.3 2009  1.4
16  Su        521 0228  0.3 0839  1.3 1440  0.3 2051  1.4
17  Mo        521 0313  0.3 0923  1.3 1522  0.3 2134  1.4
18  Tu        521 0357  0.3 1006  1.3 1605  0.3 2219  1.4
19  We        521 0442  0.3 1050  1.3 1651  0.3 2307  1.4
20  Th        521 0528  0.3 1136  1.3 1739  0.3 2356  1.4
21  Fr        521 0615  0.2 1224  1.4 1831  0.3 9999  9.9
22  Sa        521 0047  1.5 0703  0.2 1314  1.4 1925  0.2
23  Su        521 0140  1.5 0754  0.2 1407  1.5 2021  0.2
24  Mo        521 0234  1.5 0847  0.1 1503  1.5 2118  0.1
25  Tu        521 0329  1.6 0942  0.1 1559  1.6 2216  0.0
26  We        521 0426  1.6 1038  0.1 1657  1.7 2314  0.0
27  Th        521 0524  1.6 1136  0.0 1754  1.7 9999  9.9
28  Fr        521 0012  0.0 0623  1.6 1233  0.0 1851  1.7
29  Sa        521 0110  0.0 0722  1.6 1330  0.0 1948  1.7
30  Su        521 0209  0.0 0820  1.6 1427  0.1 2045  1.7
31  Mo        521 0307  0.0 0918  1.5 1523  0.1 2142  1.6
 1  Tu        621 0405  0.1 1014  1.5 1619  0.1 2238  1.6
 2  We        621 0500  0.1 1108  1.5 1714  0.2 2334  1.5
 3  Th        621 0553  0.2 1201  1.4 1809  0.2 9999  9.9
 4  Fr        621 0028  1.5 0644  0.2 1253  1.4 1904  0.3
 5  Sa        621 0119  1.4 0733  0.2 1344  1.4 1957  0.3
 6  Su        621 0209  1.4 0820  0.3 1433  1.4 2047  0.3
 7  Mo        621 0256  1.3 0906  0.3 1521  1.4 2135  0.3
 8  Tu        621 0342  1.3 0951  0.3 1607  1.4 2221  0.3
 9  We        621 0428  1.3 1035  0.3 1651  1.4 2306  0.3
10  Th        621 0512  1.3 1119  0.3 1733  1.4 2349  0.3
11  Fr        621 0557  1.3 1202  0.3 1815  1.4 9999  9.9
12  Sa        621 0032  0.3 0641  1.3 1243  0.3 1856  1.4
13  Su        621 0115  0.3 0724  1.3 1325  0.3 1937  1.4
14  Mo        621 0158  0.3 0808  1.3 1407  0.3 2020  1.4
15  Tu        621 0242  0.3 0851  1.3 1450  0.3 2104  1.5
16  We        621 0327  0.3 0936  1.3 1535  0.3 2151  1.5
17  Th        621 0413  0.2 1021  1.3 1623  0.3 2239  1.5
18  Fr        621 0500  0.2 1108  1.4 1714  0.2 2330  1.5
19  Sa        621 0548  0.2 1158  1.4 1808  0.2 9999  9.9
20  Su        621 0023  1.5 0638  0.2 1251  1.5 1904  0.2
21  Mo        621 0117  1.5 0730  0.2 1346  1.5 2002  0.1
22  Tu        621 0213  1.5 0824  0.1 1443  1.6 2100  0.1
23  We        621 0309  1.5 0920  0.1 1541  1.6 2159  0.1
24  Th        621 0407  1.5 1018  0.1 1638  1.7 2257  0.0
25  Fr        621 0505  1.6 1116  0.1 1735  1.7 2354  0.0
26  Sa        621 0604  1.6 1213  0.0 1832  1.7 9999  9.9
27  Su        621 0052  0.0 0702  1.5 1309  0.0 1928  1.7
28  Mo        621 0149  0.0 0758  1.5 1404  0.1 2023  1.7
29  Tu        621 0245  0.1 0854  1.5 1459  0.1 2118  1.6
30  We        621 0339  0.1 0947  1.5 1553  0.2 2212  1.6
 1  Th        721 0432  0.1 1039  1.4 1646  0.2 2305  1.5
 2  Fr        721 0522  0.2 1130  1.4 1740  0.3 2357  1.4
 3  Sa        721 0611  0.2 1221  1.4 1833  0.3 9999  9.9
 4  Su        721 0047  1.4 0658  0.3 1310  1.4 1925  0.3
 5  Mo        721 0135  1.3 0744  0.3 1400  1.4 2015  0.3
 6  Tu        721 0223  1.3 0830  0.3 1447  1.4 2103  0.3
 7  We        721 0309  1.3 0916  0.3 1534  1.4 2149  0.3
 8  Th        721 0355  1.3 1001  0.3 1618  1.4 2234  0.3
 9  Fr        721 0440  1.3 1045  0.3 1700  1.4 2317  0.3
10  Sa        721 0524  1.3 1128  0.3 1742  1.4 9999  9.9
11  Su        721 0000  0.3 0608  1.3 1211  0.3 1824  1.5
12  Mo        721 0044  0.3 0652  1.3 1254  0.3 1907  1.5
13  Tu        721 0128  0.2 0736  1.3 1337  0.2 1951  1.5
14  We        721 0213  0.2 0821  1.4 1423  0.2 2037  1.5
15  Th        721 0259  0.2 0907  1.4 1510  0.2 2126  1.5
16  Fr        721 0346  0.2 0955  1.4 1600  0.2 2217  1.5
17  Sa        721 0434  0.2 1044  1.4 1654  0.2 2310  1.5
18  Su        721 0524  0.2 1136  1.5 1750  0.2 9999  9.9
19  Mo        721 0004  1.5 0616  0.2 1231  1.5 1848  0.2
20  Tu        721 0059  1.5 0710  0.2 1328  1.5 1947  0.1
21  We        721 0156  1.5 0806  0.1 1427  1.6 2046  0.1
22  Th        721 0253  1.5 0903  0.1 1525  1.6 2144  0.1
23  Fr        721 0351  1.5 1001  0.1 1622  1.7 2241  0.1
24  Sa        721 0448  1.5 1058  0.1 1718  1.7 2337  0.0
25  Su        721 0545  1.5 1154  0.1 1813  1.7 9999  9.9
26  Mo        721 0032  0.1 0641  1.5 1248  0.1 1906  1.7
27  Tu        721 0126  0.1 0735  1.5 1341  0.1 1959  1.6
28  We        721 0219  0.1 0827  1.5 1433  0.1 2051  1.6
29  Th        721 0310  0.1 0917  1.5 1524  0.2 2142  1.5
30  Fr        721 0359  0.2 1007  1.4 1616  0.2 2233  1.4
31  Sa        721 0447  0.2 1055  1.4 1707  0.3 2322  1.4
 1  Su        821 0533  0.3 1144  1.4 1759  0.3 9999  9.9
 2  Mo        821 0011  1.3 0620  0.3 1233  1.4 1850  0.3
 3  Tu        821 0059  1.3 0706  0.3 1322  1.4 1940  0.3
 4  We        821 0146  1.3 0753  0.3 1410  1.4 2028  0.3
 5  Th        821 0233  1.3 0839  0.3 1457  1.4 2114  0.3
 6  Fr        821 0319  1.3 0925  0.3 1542  1.4 2159  0.3
 7  Sa        821 0405  1.3 1010  0.3 1626  1.4 2243  0.3
 8  Su        821 0450  1.3 1055  0.3 1709  1.5 2327  0.2
 9  Mo        821 0535  1.3 1139  0.2 1753  1.5 9999  9.9
10  Tu        821 0011  0.2 0620  1.4 1224  0.2 1838  1.5
11  We        821 0057  0.2 0706  1.4 1310  0.2 1925  1.6
12  Th        821 0144  0.2 0753  1.4 1358  0.1 2013  1.6
13  Fr        821 0232  0.2 0841  1.5 1449  0.1 2105  1.6
14  Sa        821 0321  0.1 0931  1.5 1542  0.1 2158  1.5
15  Su        821 0412  0.1 1023  1.5 1638  0.1 2252  1.5
16  Mo        821 0504  0.2 1118  1.5 1736  0.1 2348  1.5
17  Tu        821 0558  0.2 1215  1.5 1835  0.1 9999  9.9
18  We        821 0045  1.5 0653  0.2 1314  1.5 1934  0.1
19  Th        821 0142  1.5 0750  0.2 1413  1.6 2032  0.1
20  Fr        821 0239  1.5 0848  0.1 1511  1.6 2129  0.1
21  Sa        821 0336  1.5 0946  0.1 1607  1.6 2225  0.1
22  Su        821 0432  1.5 1042  0.1 1701  1.6 2319  0.1
23  Mo        821 0527  1.5 1136  0.1 1753  1.6 9999  9.9
24  Tu        821 0011  0.1 0620  1.5 1228  0.1 1845  1.6
25  We        821 0102  0.1 0710  1.5 1318  0.1 1935  1.5
26  Th        821 0151  0.2 0759  1.5 1407  0.2 2024  1.5
27  Fr        821 0239  0.2 0846  1.4 1456  0.2 2112  1.4
28  Sa        821 0325  0.2 0933  1.4 1544  0.3 2159  1.4
29  Su        821 0410  0.3 1019  1.4 1633  0.3 2247  1.4
30  Mo        821 0455  0.3 1106  1.4 1722  0.3 2334  1.3
31  Tu        821 0540  0.3 1153  1.4 1812  0.3 9999  9.9
 1  We        921 0021  1.3 0626  0.3 1242  1.4 1901  0.3
 2  Th        921 0108  1.3 0713  0.3 1330  1.4 1949  0.3
 3  Fr        921 0155  1.3 0800  0.3 1418  1.4 2036  0.3
 4  Sa        921 0242  1.3 0847  0.3 1504  1.4 2121  0.3
 5  Su        921 0328  1.3 0934  0.3 1550  1.5 2206  0.3
 6  Mo        921 0415  1.3 1021  0.2 1635  1.5 2252  0.2
 7  Tu        921 0502  1.4 1108  0.2 1722  1.5 2339  0.2
 8  We        921 0549  1.4 1156  0.1 1810  1.6 9999  9.9
 9  Th        921 0027  0.1 0638  1.5 1246  0.1 1900  1.6
10  Fr        921 0116  0.1 0727  1.5 1337  0.1 1952  1.6
11  Sa        921 0207  0.1 0818  1.6 1430  0.1 2045  1.6
12  Su        921 0259  0.1 0911  1.6 1526  0.1 2141  1.6
13  Mo        921 0351  0.1 1005  1.6 1624  0.1 2237  1.5
14  Tu        921 0445  0.1 1102  1.6 1723  0.1 2334  1.5
15  We        921 0541  0.1 1200  1.6 1822  0.1 9999  9.9
16  Th        921 0031  1.5 0638  0.2 1300  1.6 1921  0.1
17  Fr        921 0128  1.4 0736  0.2 1359  1.6 2018  0.1
18  Sa        921 0224  1.4 0834  0.2 1456  1.6 2113  0.2
19  Su        921 0320  1.4 0931  0.2 1550  1.6 2206  0.2
20  Mo        921 0415  1.4 1025  0.2 1643  1.5 2258  0.2
21  Tu        921 0507  1.4 1117  0.2 1733  1.5 2348  0.2
22  We        921 0557  1.5 1207  0.2 1822  1.5 9999  9.9
23  Th        921 0036  0.2 0645  1.5 1255  0.2 1909  1.5
24  Fr        921 0122  0.2 0731  1.4 1341  0.2 1955  1.4
25  Sa        921 0207  0.2 0815  1.4 1427  0.2 2041  1.4
26  Su        921 0250  0.3 0859  1.4 1513  0.3 2127  1.4
27  Mo        921 0334  0.3 0943  1.4 1600  0.3 2212  1.3
28  Tu        921 0417  0.3 1028  1.4 1647  0.3 2258  1.3
29  We        921 0501  0.3 1114  1.4 1735  0.3 2344  1.3
30  Th        921 0546  0.3 1201  1.4 1822  0.3 9999  9.9
 1  Fr       1021 0029  1.3 0632  0.3 1249  1.4 1909  0.3
 2  Sa       1021 0116  1.3 0720  0.3 1337  1.4 1955  0.3
 3  Su       1021 0203  1.3 0809  0.3 1425  1.4 2041  0.3
 4  Mo       1021 0250  1.3 0858  0.3 1513  1.5 2128  0.2
 5  Tu       1021 0339  1.4 0948  0.2 1602  1.5 2217  0.2
 6  We       1021 0429  1.5 1039  0.1 1652  1.6 2307  0.1
 7  Th       1021 0520  1.5 1131  0.1 1743  1.6 2358  0.1
 8  Fr       1021 0611  1.6 1224  0.0 1837  1.6 9999  9.9
 9  Sa       1021 0050  0.1 0704  1.6 1318  0.0 1931  1.6
10  Su       1021 0144  0.1 0757  1.7 1414  0.0 2027  1.6
11  Mo       1021 0238  0.1 0852  1.7 1511  0.0 2124  1.6
12  Tu       1021 0332  0.1 0948  1.7 1609  0.0 2221  1.5
13  We       1021 0428  0.1 1046  1.6 1708  0.1 2318  1.5
14  Th       1021 0524  0.1 1145  1.6 1807  0.1 9999  9.9
15  Fr       1021 0015  1.5 0622  0.2 1244  1.6 1904  0.1
16  Sa       1021 0112  1.4 0720  0.2 1342  1.5 2000  0.2
17  Su       1021 0207  1.4 0818  0.2 1437  1.5 2053  0.2
18  Mo       1021 0302  1.4 0914  0.2 1531  1.5 2145  0.2
19  Tu       1021 0355  1.4 1007  0.2 1621  1.5 2234  0.2
20  We       1021 0446  1.4 1058  0.2 1710  1.4 2322  0.2
21  Th       1021 0533  1.4 1145  0.2 1757  1.4 9999  9.9
22  Fr       1021 0008  0.2 0619  1.4 1231  0.2 1843  1.4
23  Sa       1021 0052  0.3 0703  1.4 1316  0.2 1928  1.4
24  Su       1021 0135  0.3 0745  1.4 1400  0.3 2012  1.3
25  Mo       1021 0217  0.3 0827  1.4 1444  0.3 2056  1.3
26  Tu       1021 0259  0.3 0909  1.4 1529  0.3 2140  1.3
27  We       1021 0341  0.3 0952  1.4 1613  0.3 2223  1.3
28  Th       1021 0423  0.3 1036  1.4 1659  0.3 2307  1.3
29  Fr       1021 0507  0.3 1122  1.4 1744  0.3 2351  1.3
30  Sa       1021 0553  0.3 1209  1.4 1829  0.3 9999  9.9
31  Su       1021 0037  1.3 0641  0.3 1258  1.4 1916  0.3
 1  Mo       1121 0124  1.3 0732  0.3 1347  1.4 2003  0.2
 2  Tu       1121 0214  1.4 0824  0.2 1438  1.5 2052  0.2
 3  We       1121 0305  1.4 0918  0.2 1530  1.5 2143  0.2
 4  Th       1121 0358  1.5 1012  0.1 1624  1.6 2236  0.1
 5  Fr       1121 0453  1.6 1107  0.0 1719  1.6 2331  0.1
 6  Sa       1121 0547  1.6 1203  0.0 1815  1.6 9999  9.9
 7  Su       1121 0026  0.0 0642  1.7 1300  0.0 1912  1.6
 8  Mo       1121 0122  0.0 0738  1.7 1357  0.0 2009  1.6
 9  Tu       1121 0217  0.0 0834  1.7 1455  0.0 2107  1.6
10  We       1121 0313  0.0 0931  1.7 1553  0.0 2204  1.5
11  Th       1121 0409  0.1 1028  1.7 1651  0.1 2300  1.5
12  Fr       1121 0506  0.1 1126  1.6 1748  0.1 2356  1.5
13  Sa       1121 0604  0.2 1224  1.6 1843  0.1 9999  9.9
14  Su       1121 0051  1.4 0701  0.2 1320  1.5 1937  0.2
15  Mo       1121 0146  1.4 0758  0.2 1415  1.5 2028  0.2
16  Tu       1121 0240  1.4 0853  0.3 1506  1.4 2118  0.2
17  We       1121 0331  1.4 0945  0.3 1556  1.4 2206  0.3
18  Th       1121 0421  1.4 1035  0.3 1644  1.4 2253  0.3
19  Fr       1121 0507  1.4 1121  0.3 1730  1.3 2338  0.3
20  Sa       1121 0552  1.4 1206  0.3 1815  1.3 9999  9.9
21  Su       1121 0022  0.3 0634  1.4 1250  0.3 1900  1.3
22  Mo       1121 0104  0.3 0715  1.4 1333  0.3 1943  1.3
23  Tu       1121 0145  0.3 0756  1.4 1416  0.3 2026  1.3
24  We       1121 0226  0.3 0837  1.4 1459  0.3 2108  1.3
25  Th       1121 0307  0.3 0919  1.4 1541  0.3 2150  1.3
26  Fr       1121 0348  0.3 1002  1.4 1625  0.3 2232  1.3
27  Sa       1121 0432  0.3 1047  1.4 1708  0.3 2316  1.3
28  Su       1121 0518  0.3 1134  1.4 1753  0.3 9999  9.9
29  Mo       1121 0001  1.3 0607  0.3 1223  1.4 1839  0.2
30  Tu       1121 0050  1.4 0700  0.3 1314  1.5 1928  0.2
 1  We       1221 0141  1.4 0755  0.2 1407  1.5 2019  0.2
 2  Th       1221 0235  1.5 0851  0.2 1502  1.5 2113  0.1
 3  Fr       1221 0331  1.6 0948  0.1 1558  1.5 2209  0.1
 4  Sa       1221 0428  1.6 1046  0.0 1655  1.6 2306  0.1
 5  Su       1221 0525  1.7 1144  0.0 1754  1.6 9999  9.9
 6  Mo       1221 0004  0.0 0622  1.7 1242  0.0 1852  1.6
 7  Tu       1221 0101  0.0 0719  1.8 1340  0.0 1951  1.6
 8  We       1221 0157  0.0 0815  1.7 1438  0.0 2048  1.6
 9  Th       1221 0253  0.0 0912  1.7 1535  0.0 2144  1.5
10  Fr       1221 0349  0.1 1009  1.7 1631  0.1 2239  1.5
11  Sa       1221 0445  0.1 1105  1.6 1725  0.1 2333  1.5
12  Su       1221 0542  0.2 1201  1.5 1818  0.2 9999  9.9
13  Mo       1221 0027  1.4 0638  0.2 1255  1.5 1908  0.2
14  Tu       1221 0120  1.4 0734  0.3 1347  1.4 1958  0.3
15  We       1221 0212  1.4 0827  0.3 1437  1.4 2047  0.3
16  Th       1221 0303  1.4 0919  0.3 1526  1.3 2134  0.3
17  Fr       1221 0351  1.4 1007  0.3 1614  1.3 2221  0.3
18  Sa       1221 0438  1.4 1054  0.3 1700  1.3 2306  0.3
19  Su       1221 0522  1.4 1138  0.3 1746  1.3 2350  0.3
20  Mo       1221 0604  1.4 1222  0.3 1830  1.3 9999  9.9
21  Tu       1221 0032  0.3 0645  1.4 1304  0.3 1913  1.3
22  We       1221 0113  0.3 0725  1.4 1346  0.3 1955  1.3
23  Th       1221 0154  0.3 0806  1.4 1428  0.3 2037  1.3
24  Fr       1221 0235  0.3 0848  1.4 1510  0.3 2118  1.3
25  Sa       1221 0317  0.3 0931  1.4 1553  0.3 2200  1.3
26  Su       1221 0402  0.3 1017  1.4 1637  0.2 2244  1.4
27  Mo       1221 0449  0.3 1104  1.5 1722  0.2 2331  1.4
28  Tu       1221 0540  0.2 1154  1.5 1809  0.2 9999  9.9
29  We       1221 0021  1.4 0634  0.2 1247  1.5 1859  0.2
30  Th       1221 0114  1.5 0731  0.2 1341  1.5 1952  0.2
31  Fr       1221 0211  1.5 0829  0.1 1437  1.5 2048  0.1
