357Lottin Point
Based on data from  1-Jul-2013
Local Std Time, tidal heights in metres.
 1  Fr        121 0152  0.3 0810  1.9 1420  0.5 2020  1.8
 2  Sa        121 0233  0.3 0851  1.9 1504  0.5 2105  1.8
 3  Su        121 0316  0.3 0934  1.9 1550  0.4 2151  1.8
 4  Mo        121 0401  0.3 1019  1.9 1636  0.4 2238  1.8
 5  Tu        121 0447  0.3 1106  1.9 1725  0.4 2329  1.8
 6  We        121 0537  0.4 1155  1.9 1816  0.4 9999  9.9
 7  Th        121 0023  1.8 0631  0.4 1247  1.9 1910  0.4
 8  Fr        121 0121  1.8 0729  0.4 1342  1.9 2006  0.3
 9  Sa        121 0222  1.8 0830  0.5 1439  1.9 2105  0.3
10  Su        121 0326  1.8 0932  0.5 1539  1.9 2205  0.3
11  Mo        121 0428  1.9 1034  0.4 1639  1.9 2304  0.3
12  Tu        121 0528  1.9 1135  0.4 1738  1.9 9999  9.9
13  We        121 0002  0.2 0624  2.0 1232  0.4 1836  1.9
14  Th        121 0056  0.2 0717  2.0 1327  0.4 1930  1.9
15  Fr        121 0147  0.2 0808  2.0 1420  0.4 2022  1.9
16  Sa        121 0235  0.2 0856  2.0 1509  0.4 2111  1.8
17  Su        121 0322  0.3 0942  2.0 1557  0.4 2158  1.8
18  Mo        121 0407  0.3 1027  1.9 1642  0.4 2243  1.8
19  Tu        121 0452  0.4 1111  1.9 1727  0.4 2329  1.7
20  We        121 0537  0.5 1155  1.8 1811  0.5 9999  9.9
21  Th        121 0015  1.7 0624  0.6 1239  1.7 1857  0.5
22  Fr        121 0104  1.6 0713  0.6 1325  1.7 1944  0.5
23  Sa        121 0156  1.6 0805  0.7 1413  1.7 2034  0.6
24  Su        121 0251  1.6 0859  0.7 1503  1.6 2126  0.6
25  Mo        121 0347  1.6 0952  0.7 1554  1.6 2218  0.5
26  Tu        121 0439  1.6 1045  0.7 1645  1.6 2308  0.5
27  We        121 0528  1.7 1135  0.6 1735  1.7 2355  0.4
28  Th        121 0614  1.8 1222  0.6 1824  1.7 9999  9.9
29  Fr        121 0041  0.4 0659  1.8 1309  0.5 1911  1.8
30  Sa        121 0125  0.3 0743  1.9 1355  0.4 1958  1.8
31  Su        121 0210  0.3 0827  2.0 1442  0.4 2045  1.9
 1  Mo        221 0255  0.2 0912  2.0 1528  0.3 2132  1.9
 2  Tu        221 0342  0.2 0958  2.0 1616  0.3 2221  1.9
 3  We        221 0430  0.3 1046  2.0 1705  0.3 2312  1.9
 4  Th        221 0521  0.3 1135  2.0 1755  0.3 9999  9.9
 5  Fr        221 0006  1.9 0614  0.4 1227  1.9 1849  0.3
 6  Sa        221 0103  1.8 0712  0.4 1322  1.9 1945  0.3
 7  Su        221 0204  1.8 0813  0.5 1420  1.8 2045  0.4
 8  Mo        221 0308  1.8 0916  0.5 1521  1.8 2147  0.4
 9  Tu        221 0412  1.8 1019  0.5 1623  1.8 2248  0.3
10  We        221 0512  1.9 1120  0.5 1724  1.8 2345  0.3
11  Th        221 0607  1.9 1217  0.5 1821  1.8 9999  9.9
12  Fr        221 0039  0.3 0659  1.9 1310  0.4 1914  1.8
13  Sa        221 0128  0.3 0747  1.9 1359  0.4 2003  1.8
14  Su        221 0215  0.3 0832  1.9 1445  0.4 2049  1.8
15  Mo        221 0258  0.3 0915  1.9 1528  0.4 2131  1.8
16  Tu        221 0340  0.4 0956  1.9 1610  0.4 2213  1.8
17  We        221 0422  0.4 1036  1.8 1650  0.4 2254  1.7
18  Th        221 0503  0.5 1116  1.8 1731  0.5 2337  1.7
19  Fr        221 0546  0.6 1158  1.7 1813  0.5 9999  9.9
20  Sa        221 0022  1.6 0632  0.6 1241  1.7 1859  0.5
21  Su        221 0111  1.6 0721  0.7 1327  1.6 1947  0.6
22  Mo        221 0204  1.6 0814  0.7 1418  1.6 2040  0.6
23  Tu        221 0300  1.6 0909  0.7 1511  1.6 2134  0.6
24  We        221 0355  1.6 1004  0.7 1606  1.6 2228  0.5
25  Th        221 0448  1.7 1057  0.6 1701  1.7 2320  0.4
26  Fr        221 0538  1.8 1149  0.5 1754  1.7 9999  9.9
27  Sa        221 0010  0.4 0626  1.9 1239  0.5 1845  1.8
28  Su        221 0058  0.3 0713  1.9 1328  0.4 1935  1.9
 1  Mo        321 0146  0.2 0800  2.0 1416  0.3 2024  2.0
 2  Tu        321 0233  0.2 0847  2.0 1505  0.2 2113  2.0
 3  We        321 0322  0.2 0936  2.1 1554  0.2 2203  2.0
 4  Th        321 0412  0.2 1025  2.0 1644  0.2 2255  2.0
 5  Fr        321 0505  0.3 1116  2.0 1735  0.2 2349  1.9
 6  Sa        321 0600  0.4 1209  1.9 1829  0.3 9999  9.9
 7  Su        321 0047  1.9 0658  0.4 1305  1.8 1926  0.3
 8  Mo        321 0148  1.8 0800  0.5 1405  1.8 2027  0.4
 9  Tu        321 0252  1.8 0903  0.5 1507  1.7 2130  0.4
10  We        321 0355  1.8 1005  0.5 1610  1.7 2231  0.4
11  Th        321 0454  1.8 1104  0.5 1711  1.7 2328  0.4
12  Fr        321 0548  1.8 1159  0.5 1806  1.7 9999  9.9
13  Sa        321 0020  0.4 0637  1.9 1249  0.4 1856  1.8
14  Su        321 0108  0.4 0722  1.9 1335  0.4 1942  1.8
15  Mo        321 0151  0.4 0804  1.9 1417  0.4 2024  1.8
16  Tu        321 0232  0.4 0844  1.8 1457  0.4 2104  1.8
17  We        321 0312  0.4 0923  1.8 1536  0.4 2142  1.8
18  Th        321 0351  0.5 1001  1.8 1614  0.4 2221  1.8
19  Fr        321 0431  0.5 1040  1.7 1653  0.5 2302  1.7
20  Sa        321 0512  0.6 1119  1.7 1733  0.5 2345  1.7
21  Su        321 0556  0.6 1202  1.7 1817  0.5 9999  9.9
22  Mo        321 0031  1.6 0644  0.7 1248  1.6 1905  0.6
23  Tu        321 0122  1.6 0735  0.7 1338  1.6 1957  0.6
24  We        321 0217  1.6 0830  0.7 1433  1.6 2053  0.6
25  Th        321 0313  1.7 0926  0.6 1530  1.6 2150  0.5
26  Fr        321 0408  1.7 1021  0.6 1628  1.7 2245  0.4
27  Sa        321 0500  1.8 1115  0.5 1724  1.8 2338  0.4
28  Su        321 0551  1.9 1208  0.4 1818  1.9 9999  9.9
29  Mo        321 0030  0.3 0642  2.0 1259  0.3 1911  2.0
30  Tu        321 0120  0.2 0732  2.0 1350  0.2 2002  2.0
31  We        321 0211  0.2 0822  2.1 1440  0.1 2053  2.1
 1  Th        421 0303  0.2 0913  2.1 1531  0.1 2145  2.1
 2  Fr        421 0355  0.2 1004  2.0 1622  0.2 2238  2.0
 3  Sa        421 0450  0.3 1057  2.0 1715  0.2 2333  2.0
 4  Su        421 0546  0.4 1152  1.9 1810  0.3 9999  9.9
 5  Mo        421 0031  1.9 0645  0.4 1250  1.8 1908  0.4
 6  Tu        421 0132  1.8 0746  0.5 1350  1.7 2009  0.4
 7  We        421 0234  1.8 0848  0.5 1453  1.7 2111  0.5
 8  Th        421 0334  1.8 0948  0.5 1555  1.7 2212  0.5
 9  Fr        421 0430  1.8 1044  0.5 1654  1.7 2307  0.5
10  Sa        421 0522  1.8 1135  0.5 1746  1.7 2357  0.5
11  Su        421 0609  1.8 1222  0.5 1834  1.7 9999  9.9
12  Mo        421 0043  0.5 0652  1.8 1305  0.4 1917  1.8
13  Tu        421 0125  0.5 0733  1.8 1346  0.4 1957  1.8
14  We        421 0205  0.5 0812  1.8 1424  0.4 2035  1.8
15  Th        421 0244  0.5 0849  1.8 1502  0.4 2113  1.8
16  Fr        421 0322  0.5 0927  1.7 1539  0.4 2151  1.8
17  Sa        421 0402  0.6 1006  1.7 1618  0.4 2230  1.7
18  Su        421 0443  0.6 1046  1.7 1658  0.5 2312  1.7
19  Mo        421 0526  0.6 1128  1.6 1741  0.5 2358  1.7
20  Tu        421 0613  0.6 1215  1.6 1828  0.5 9999  9.9
21  We        421 0047  1.7 0703  0.6 1305  1.6 1920  0.5
22  Th        421 0140  1.7 0757  0.6 1401  1.6 2016  0.5
23  Fr        421 0235  1.7 0852  0.6 1459  1.7 2114  0.5
24  Sa        421 0330  1.8 0948  0.5 1559  1.7 2212  0.4
25  Su        421 0425  1.9 1043  0.4 1657  1.8 2308  0.4
26  Mo        421 0518  1.9 1138  0.3 1753  1.9 9999  9.9
27  Tu        421 0002  0.3 0611  2.0 1231  0.2 1847  2.0
28  We        421 0056  0.2 0704  2.0 1324  0.1 1940  2.1
29  Th        421 0149  0.2 0757  2.1 1416  0.1 2033  2.1
30  Fr        421 0243  0.2 0851  2.0 1509  0.1 2126  2.1
 1  Sa        521 0338  0.2 0945  2.0 1601  0.1 2220  2.1
 2  Su        521 0434  0.3 1039  1.9 1655  0.2 2316  2.0
 3  Mo        521 0532  0.4 1136  1.8 1750  0.3 9999  9.9
 4  Tu        521 0013  1.9 0630  0.4 1233  1.8 1848  0.4
 5  We        521 0112  1.9 0729  0.5 1333  1.7 1947  0.5
 6  Th        521 0210  1.8 0827  0.5 1434  1.7 2048  0.5
 7  Fr        521 0307  1.8 0923  0.5 1534  1.7 2146  0.5
 8  Sa        521 0400  1.8 1016  0.5 1630  1.7 2239  0.6
 9  Su        521 0449  1.7 1105  0.5 1720  1.7 2328  0.5
10  Mo        521 0535  1.7 1151  0.5 1806  1.7 9999  9.9
11  Tu        521 0013  0.5 0618  1.7 1233  0.4 1849  1.8
12  We        521 0056  0.5 0659  1.7 1313  0.4 1928  1.8
13  Th        521 0136  0.5 0738  1.7 1352  0.4 2007  1.8
14  Fr        521 0215  0.5 0817  1.7 1430  0.4 2045  1.8
15  Sa        521 0255  0.6 0856  1.7 1508  0.4 2123  1.8
16  Su        521 0335  0.6 0936  1.7 1547  0.4 2203  1.8
17  Mo        521 0417  0.6 1017  1.7 1628  0.5 2245  1.8
18  Tu        521 0501  0.6 1101  1.7 1711  0.5 2330  1.8
19  We        521 0547  0.6 1148  1.6 1758  0.5 9999  9.9
20  Th        521 0018  1.8 0636  0.6 1239  1.7 1850  0.5
21  Fr        521 0109  1.8 0729  0.5 1334  1.7 1946  0.5
22  Sa        521 0202  1.8 0823  0.5 1433  1.7 2044  0.5
23  Su        521 0257  1.8 0918  0.4 1532  1.8 2142  0.4
24  Mo        521 0353  1.9 1015  0.3 1632  1.9 2240  0.4
25  Tu        521 0448  1.9 1111  0.2 1729  1.9 2337  0.3
26  We        521 0544  2.0 1206  0.2 1825  2.0 9999  9.9
27  Th        521 0033  0.3 0639  2.0 1300  0.1 1920  2.1
28  Fr        521 0129  0.3 0735  2.0 1354  0.1 2014  2.1
29  Sa        521 0225  0.3 0830  2.0 1447  0.1 2108  2.1
30  Su        521 0321  0.3 0925  2.0 1540  0.2 2202  2.1
31  Mo        521 0417  0.3 1021  1.9 1634  0.2 2256  2.0
 1  Tu        621 0513  0.4 1116  1.8 1728  0.3 2351  1.9
 2  We        621 0609  0.4 1212  1.8 1824  0.4 9999  9.9
 3  Th        621 0046  1.9 0704  0.4 1309  1.7 1920  0.5
 4  Fr        621 0140  1.8 0758  0.5 1407  1.7 2017  0.5
 5  Sa        621 0233  1.8 0851  0.5 1504  1.6 2113  0.6
 6  Su        621 0324  1.7 0941  0.5 1558  1.7 2206  0.6
 7  Mo        621 0412  1.7 1030  0.5 1649  1.7 2255  0.6
 8  Tu        621 0458  1.7 1116  0.5 1735  1.7 2341  0.6
 9  We        621 0542  1.7 1159  0.5 1819  1.7 9999  9.9
10  Th        621 0025  0.6 0625  1.7 1241  0.4 1859  1.8
11  Fr        621 0107  0.6 0706  1.7 1321  0.4 1939  1.8
12  Sa        621 0148  0.6 0747  1.7 1401  0.4 2018  1.8
13  Su        621 0229  0.6 0828  1.7 1440  0.4 2057  1.8
14  Mo        621 0310  0.6 0910  1.7 1520  0.4 2138  1.8
15  Tu        621 0353  0.5 0952  1.7 1602  0.4 2220  1.8
16  We        621 0437  0.5 1037  1.7 1646  0.4 2305  1.8
17  Th        621 0523  0.5 1125  1.7 1733  0.4 2352  1.8
18  Fr        621 0612  0.5 1216  1.7 1825  0.5 9999  9.9
19  Sa        621 0042  1.8 0703  0.4 1311  1.7 1920  0.5
20  Su        621 0134  1.9 0756  0.4 1409  1.8 2018  0.5
21  Mo        621 0229  1.9 0852  0.3 1509  1.8 2117  0.4
22  Tu        621 0325  1.9 0950  0.3 1610  1.9 2217  0.4
23  We        621 0423  1.9 1047  0.2 1709  1.9 2317  0.4
24  Th        621 0521  1.9 1144  0.2 1806  2.0 9999  9.9
25  Fr        621 0015  0.3 0619  2.0 1240  0.1 1902  2.1
26  Sa        621 0112  0.3 0716  2.0 1335  0.1 1956  2.1
27  Su        621 0208  0.3 0812  1.9 1428  0.1 2049  2.1
28  Mo        621 0303  0.3 0907  1.9 1520  0.2 2141  2.0
29  Tu        621 0357  0.3 1000  1.9 1611  0.3 2233  2.0
30  We        621 0450  0.3 1053  1.8 1703  0.3 2324  1.9
 1  Th        721 0541  0.4 1145  1.8 1755  0.4 9999  9.9
 2  Fr        721 0014  1.9 0632  0.4 1238  1.7 1847  0.5
 3  Sa        721 0104  1.8 0722  0.5 1332  1.7 1941  0.6
 4  Su        721 0153  1.7 0812  0.5 1426  1.6 2034  0.6
 5  Mo        721 0243  1.7 0902  0.5 1520  1.6 2127  0.6
 6  Tu        721 0331  1.7 0951  0.5 1612  1.6 2219  0.7
 7  We        721 0419  1.7 1039  0.5 1701  1.7 2307  0.6
 8  Th        721 0506  1.6 1126  0.5 1747  1.7 2353  0.6
 9  Fr        721 0552  1.7 1210  0.4 1830  1.7 9999  9.9
10  Sa        721 0037  0.6 0636  1.7 1252  0.4 1911  1.8
11  Su        721 0120  0.6 0720  1.7 1333  0.4 1951  1.8
12  Mo        721 0203  0.5 0803  1.7 1414  0.4 2031  1.9
13  Tu        721 0245  0.5 0846  1.8 1456  0.4 2113  1.9
14  We        721 0329  0.5 0930  1.8 1539  0.3 2156  1.9
15  Th        721 0413  0.4 1016  1.8 1624  0.4 2240  1.9
16  Fr        721 0500  0.4 1104  1.8 1711  0.4 2328  1.9
17  Sa        721 0548  0.4 1155  1.8 1803  0.4 9999  9.9
18  Su        721 0017  1.9 0639  0.4 1250  1.8 1858  0.4
19  Mo        721 0110  1.9 0733  0.3 1349  1.8 1957  0.5
20  Tu        721 0205  1.9 0830  0.3 1450  1.8 2058  0.5
21  We        721 0304  1.9 0929  0.3 1552  1.9 2200  0.4
22  Th        721 0404  1.9 1028  0.3 1653  1.9 2301  0.4
23  Fr        721 0504  1.9 1127  0.2 1750  2.0 9999  9.9
24  Sa        721 0000  0.4 0603  1.9 1223  0.2 1845  2.0
25  Su        721 0057  0.3 0701  1.9 1317  0.2 1938  2.0
26  Mo        721 0151  0.3 0755  1.9 1409  0.2 2029  2.0
27  Tu        721 0243  0.3 0847  1.9 1458  0.2 2118  2.0
28  We        721 0333  0.3 0937  1.9 1547  0.3 2205  2.0
29  Th        721 0421  0.3 1026  1.8 1634  0.4 2252  1.9
30  Fr        721 0508  0.4 1113  1.8 1722  0.5 2337  1.8
31  Sa        721 0554  0.4 1201  1.7 1810  0.5 9999  9.9
 1  Su        821 0023  1.8 0640  0.5 1251  1.7 1901  0.6
 2  Mo        821 0110  1.7 0728  0.5 1343  1.6 1953  0.6
 3  Tu        821 0159  1.7 0818  0.5 1438  1.6 2047  0.7
 4  We        821 0249  1.6 0909  0.5 1532  1.6 2140  0.7
 5  Th        821 0340  1.6 1001  0.5 1624  1.7 2232  0.7
 6  Fr        821 0431  1.6 1051  0.5 1712  1.7 2321  0.6
 7  Sa        821 0520  1.6 1138  0.5 1757  1.7 9999  9.9
 8  Su        821 0007  0.6 0608  1.7 1223  0.4 1840  1.8
 9  Mo        821 0052  0.5 0653  1.7 1306  0.4 1922  1.9
10  Tu        821 0135  0.5 0738  1.8 1349  0.3 2004  1.9
11  We        821 0219  0.4 0823  1.8 1432  0.3 2047  2.0
12  Th        821 0304  0.4 0908  1.9 1516  0.3 2131  2.0
13  Fr        821 0349  0.3 0955  1.9 1603  0.3 2217  2.0
14  Sa        821 0436  0.3 1044  1.9 1652  0.3 2305  2.0
15  Su        821 0525  0.3 1136  1.9 1744  0.4 2355  1.9
16  Mo        821 0616  0.3 1231  1.8 1840  0.4 9999  9.9
17  Tu        821 0049  1.9 0711  0.3 1331  1.8 1941  0.5
18  We        821 0147  1.8 0810  0.3 1434  1.8 2044  0.5
19  Th        821 0247  1.8 0912  0.3 1537  1.8 2147  0.5
20  Fr        821 0350  1.8 1014  0.3 1638  1.9 2249  0.4
21  Sa        821 0453  1.8 1113  0.3 1736  1.9 2347  0.4
22  Su        821 0552  1.8 1209  0.3 1829  2.0 9999  9.9
23  Mo        821 0042  0.4 0647  1.9 1301  0.3 1919  2.0
24  Tu        821 0133  0.3 0739  1.9 1350  0.3 2006  2.0
25  We        821 0221  0.3 0827  1.9 1436  0.3 2051  2.0
26  Th        821 0306  0.3 0912  1.9 1521  0.3 2135  1.9
27  Fr        821 0349  0.3 0956  1.8 1604  0.4 2217  1.9
28  Sa        821 0432  0.4 1039  1.8 1648  0.5 2259  1.8
29  Su        821 0514  0.4 1123  1.7 1733  0.5 2342  1.7
30  Mo        821 0557  0.5 1210  1.7 1821  0.6 9999  9.9
31  Tu        821 0027  1.7 0643  0.5 1300  1.6 1911  0.7
 1  We        921 0115  1.6 0733  0.5 1353  1.6 2005  0.7
 2  Th        921 0207  1.6 0826  0.6 1449  1.6 2101  0.7
 3  Fr        921 0301  1.6 0921  0.6 1544  1.6 2155  0.7
 4  Sa        921 0355  1.6 1014  0.5 1635  1.7 2246  0.6
 5  Su        921 0448  1.6 1104  0.5 1722  1.8 2334  0.6
 6  Mo        921 0539  1.7 1152  0.4 1807  1.8 9999  9.9
 7  Tu        921 0021  0.5 0627  1.8 1237  0.3 1851  1.9
 8  We        921 0106  0.4 0713  1.9 1323  0.3 1935  2.0
 9  Th        921 0152  0.3 0800  1.9 1408  0.3 2020  2.0
10  Fr        921 0238  0.2 0847  2.0 1455  0.2 2106  2.0
11  Sa        921 0324  0.2 0935  2.0 1543  0.3 2154  2.0
12  Su        921 0412  0.2 1025  2.0 1634  0.3 2244  2.0
13  Mo        921 0503  0.2 1118  1.9 1728  0.4 2336  1.9
14  Tu        921 0555  0.3 1215  1.9 1826  0.4 9999  9.9
15  We        921 0032  1.8 0652  0.3 1315  1.9 1928  0.5
16  Th        921 0132  1.8 0753  0.4 1419  1.8 2032  0.5
17  Fr        921 0236  1.7 0857  0.4 1523  1.8 2136  0.5
18  Sa        921 0340  1.7 1000  0.4 1623  1.9 2237  0.5
19  Su        921 0443  1.8 1059  0.4 1719  1.9 2333  0.4
20  Mo        921 0541  1.8 1154  0.4 1810  1.9 9999  9.9
21  Tu        921 0024  0.4 0633  1.8 1243  0.3 1857  1.9
22  We        921 0111  0.3 0720  1.9 1329  0.3 1941  1.9
23  Th        921 0155  0.3 0804  1.9 1412  0.4 2023  1.9
24  Fr        921 0237  0.3 0846  1.9 1454  0.4 2103  1.9
25  Sa        921 0317  0.3 0926  1.8 1535  0.4 2142  1.8
26  Su        921 0356  0.4 1006  1.8 1616  0.5 2222  1.8
27  Mo        921 0436  0.4 1048  1.8 1658  0.6 2303  1.7
28  Tu        921 0517  0.5 1131  1.7 1744  0.6 2347  1.7
29  We        921 0601  0.5 1219  1.7 1833  0.7 9999  9.9
30  Th        921 0034  1.6 0650  0.6 1310  1.6 1926  0.7
 1  Fr       1021 0126  1.6 0742  0.6 1405  1.6 2021  0.7
 2  Sa       1021 0221  1.6 0838  0.6 1500  1.7 2116  0.6
 3  Su       1021 0319  1.6 0935  0.5 1553  1.7 2209  0.6
 4  Mo       1021 0415  1.7 1028  0.5 1643  1.8 2300  0.5
 5  Tu       1021 0508  1.7 1119  0.4 1731  1.9 2349  0.4
 6  We       1021 0559  1.8 1208  0.3 1818  1.9 9999  9.9
 7  Th       1021 0037  0.3 0648  1.9 1256  0.3 1906  2.0
 8  Fr       1021 0124  0.2 0737  2.0 1344  0.2 1953  2.1
 9  Sa       1021 0212  0.1 0826  2.0 1434  0.2 2042  2.1
10  Su       1021 0301  0.1 0916  2.1 1525  0.2 2133  2.0
11  Mo       1021 0351  0.1 1008  2.0 1618  0.3 2225  2.0
12  Tu       1021 0442  0.2 1102  2.0 1714  0.3 2319  1.9
13  We       1021 0537  0.2 1159  1.9 1814  0.4 9999  9.9
14  Th       1021 0017  1.8 0634  0.3 1300  1.9 1916  0.5
15  Fr       1021 0119  1.8 0736  0.4 1403  1.8 2019  0.5
16  Sa       1021 0224  1.7 0841  0.4 1505  1.8 2121  0.5
17  Su       1021 0328  1.7 0943  0.5 1603  1.8 2220  0.5
18  Mo       1021 0430  1.7 1042  0.5 1657  1.8 2313  0.4
19  Tu       1021 0525  1.8 1134  0.4 1746  1.8 9999  9.9
20  We       1021 0002  0.4 0615  1.8 1222  0.4 1831  1.9
21  Th       1021 0046  0.4 0700  1.8 1306  0.4 1913  1.8
22  Fr       1021 0128  0.3 0741  1.8 1348  0.4 1953  1.8
23  Sa       1021 0207  0.3 0820  1.8 1428  0.5 2032  1.8
24  Su       1021 0246  0.4 0859  1.8 1507  0.5 2110  1.8
25  Mo       1021 0323  0.4 0937  1.8 1547  0.5 2149  1.7
26  Tu       1021 0402  0.4 1017  1.8 1629  0.6 2229  1.7
27  We       1021 0441  0.4 1058  1.7 1712  0.6 2312  1.6
28  Th       1021 0524  0.5 1143  1.7 1759  0.6 2358  1.6
29  Fr       1021 0611  0.5 1232  1.7 1849  0.6 9999  9.9
30  Sa       1021 0049  1.6 0702  0.6 1324  1.7 1942  0.6
31  Su       1021 0144  1.6 0757  0.6 1417  1.7 2037  0.6
 1  Mo       1121 0242  1.6 0854  0.5 1511  1.7 2131  0.5
 2  Tu       1121 0340  1.7 0951  0.5 1603  1.8 2224  0.4
 3  We       1121 0437  1.8 1045  0.4 1655  1.9 2316  0.3
 4  Th       1121 0531  1.9 1138  0.4 1746  2.0 9999  9.9
 5  Fr       1121 0007  0.2 0623  2.0 1230  0.3 1837  2.0
 6  Sa       1121 0058  0.1 0715  2.0 1322  0.2 1929  2.1
 7  Su       1121 0149  0.1 0806  2.1 1415  0.2 2021  2.1
 8  Mo       1121 0240  0.1 0858  2.1 1509  0.2 2114  2.0
 9  Tu       1121 0331  0.1 0951  2.1 1604  0.3 2208  2.0
10  We       1121 0424  0.2 1046  2.0 1701  0.3 2304  1.9
11  Th       1121 0519  0.2 1143  2.0 1800  0.4 9999  9.9
12  Fr       1121 0002  1.8 0616  0.3 1242  1.9 1900  0.4
13  Sa       1121 0103  1.7 0717  0.4 1341  1.9 2000  0.5
14  Su       1121 0206  1.7 0819  0.5 1440  1.8 2059  0.5
15  Mo       1121 0309  1.7 0920  0.5 1536  1.8 2155  0.5
16  Tu       1121 0409  1.7 1017  0.5 1628  1.8 2247  0.4
17  We       1121 0503  1.7 1110  0.5 1717  1.8 2334  0.4
18  Th       1121 0552  1.7 1157  0.5 1802  1.8 9999  9.9
19  Fr       1121 0019  0.4 0636  1.8 1241  0.5 1844  1.8
20  Sa       1121 0100  0.4 0717  1.8 1323  0.5 1924  1.8
21  Su       1121 0139  0.4 0756  1.8 1403  0.5 2003  1.7
22  Mo       1121 0217  0.4 0834  1.8 1443  0.5 2042  1.7
23  Tu       1121 0255  0.4 0911  1.8 1522  0.6 2121  1.7
24  We       1121 0333  0.4 0950  1.8 1603  0.6 2201  1.7
25  Th       1121 0412  0.4 1030  1.8 1645  0.6 2243  1.7
26  Fr       1121 0453  0.5 1113  1.8 1730  0.6 2328  1.6
27  Sa       1121 0538  0.5 1158  1.8 1817  0.6 9999  9.9
28  Su       1121 0017  1.6 0626  0.5 1247  1.7 1907  0.6
29  Mo       1121 0110  1.6 0720  0.5 1338  1.8 2000  0.5
30  Tu       1121 0207  1.6 0816  0.5 1431  1.8 2054  0.5
 1  We       1221 0307  1.7 0915  0.5 1526  1.8 2149  0.4
 2  Th       1221 0406  1.8 1013  0.4 1621  1.9 2245  0.3
 3  Fr       1221 0504  1.9 1110  0.4 1716  1.9 2340  0.2
 4  Sa       1221 0600  2.0 1206  0.3 1811  2.0 9999  9.9
 5  Su       1221 0034  0.1 0655  2.0 1302  0.3 1907  2.0
 6  Mo       1221 0128  0.1 0748  2.1 1358  0.3 2002  2.0
 7  Tu       1221 0221  0.1 0842  2.1 1454  0.3 2057  2.0
 8  We       1221 0313  0.1 0935  2.1 1549  0.3 2152  1.9
 9  Th       1221 0406  0.2 1029  2.1 1645  0.3 2248  1.9
10  Fr       1221 0500  0.2 1124  2.0 1741  0.3 2344  1.8
11  Sa       1221 0555  0.3 1218  1.9 1837  0.4 9999  9.9
12  Su       1221 0041  1.7 0652  0.4 1314  1.9 1933  0.4
13  Mo       1221 0140  1.7 0750  0.5 1408  1.8 2028  0.5
14  Tu       1221 0240  1.7 0849  0.6 1502  1.8 2121  0.5
15  We       1221 0338  1.7 0945  0.6 1553  1.7 2213  0.5
16  Th       1221 0433  1.7 1038  0.6 1642  1.7 2302  0.5
17  Fr       1221 0523  1.7 1128  0.6 1729  1.7 2348  0.4
18  Sa       1221 0609  1.7 1214  0.6 1813  1.7 9999  9.9
19  Su       1221 0031  0.4 0651  1.8 1257  0.6 1856  1.7
20  Mo       1221 0112  0.4 0731  1.8 1339  0.6 1937  1.7
21  Tu       1221 0151  0.4 0809  1.8 1419  0.6 2017  1.7
22  We       1221 0229  0.4 0847  1.8 1459  0.6 2057  1.7
23  Th       1221 0307  0.4 0926  1.8 1539  0.5 2137  1.7
24  Fr       1221 0346  0.4 1005  1.8 1620  0.5 2219  1.7
25  Sa       1221 0427  0.4 1046  1.8 1703  0.5 2302  1.7
26  Su       1221 0510  0.4 1129  1.8 1748  0.5 2349  1.7
27  Mo       1221 0557  0.5 1215  1.8 1835  0.5 9999  9.9
28  Tu       1221 0040  1.7 0648  0.5 1304  1.8 1926  0.4
29  We       1221 0136  1.7 0744  0.5 1357  1.8 2021  0.4
30  Th       1221 0236  1.7 0844  0.5 1453  1.8 2118  0.4
31  Fr       1221 0338  1.8 0945  0.5 1551  1.9 2217  0.3
