357Lottin Point
Based on data from  1-Jul-2013
Local Std Time, tidal heights in metres.
 1  We        120 0438  0.4 1059  1.8 1714  0.5 2312  1.7
 2  Th        120 0521  0.5 1142  1.8 1758  0.5 2358  1.6
 3  Fr        120 0606  0.5 1226  1.7 1843  0.5 9999  9.9
 4  Sa        120 0045  1.6 0654  0.6 1311  1.7 1930  0.6
 5  Su        120 0136  1.6 0745  0.6 1358  1.7 2019  0.6
 6  Mo        120 0230  1.6 0838  0.7 1447  1.7 2109  0.5
 7  Tu        120 0325  1.6 0931  0.7 1537  1.7 2200  0.5
 8  We        120 0418  1.6 1023  0.6 1627  1.7 2250  0.4
 9  Th        120 0509  1.7 1115  0.6 1717  1.7 2340  0.4
10  Fr        120 0559  1.8 1205  0.5 1808  1.8 9999  9.9
11  Sa        120 0028  0.3 0647  1.9 1256  0.5 1859  1.8
12  Su        120 0116  0.2 0735  2.0 1346  0.4 1950  1.9
13  Mo        120 0205  0.2 0823  2.0 1437  0.3 2041  1.9
14  Tu        120 0254  0.2 0912  2.1 1529  0.3 2133  2.0
15  We        120 0344  0.2 1002  2.1 1620  0.3 2225  1.9
16  Th        120 0435  0.2 1053  2.1 1713  0.3 2319  1.9
17  Fr        120 0528  0.3 1146  2.0 1807  0.3 9999  9.9
18  Sa        120 0015  1.9 0624  0.3 1240  2.0 1902  0.3
19  Su        120 0114  1.8 0723  0.4 1335  1.9 1959  0.3
20  Mo        120 0216  1.8 0823  0.5 1433  1.9 2057  0.4
21  Tu        120 0318  1.8 0925  0.5 1531  1.8 2156  0.4
22  We        120 0419  1.8 1025  0.5 1629  1.8 2254  0.4
23  Th        120 0517  1.8 1123  0.5 1726  1.8 2348  0.4
24  Fr        120 0610  1.9 1217  0.5 1819  1.8 9999  9.9
25  Sa        120 0038  0.3 0659  1.9 1307  0.5 1909  1.8
26  Su        120 0124  0.3 0744  1.9 1354  0.5 1955  1.8
27  Mo        120 0208  0.3 0827  1.9 1438  0.5 2038  1.8
28  Tu        120 0249  0.4 0907  1.9 1520  0.5 2119  1.8
29  We        120 0329  0.4 0947  1.9 1600  0.5 2200  1.7
30  Th        120 0408  0.4 1026  1.8 1640  0.5 2240  1.7
31  Fr        120 0448  0.5 1105  1.8 1720  0.5 2321  1.7
 1  Sa        220 0530  0.5 1145  1.8 1802  0.5 9999  9.9
 2  Su        220 0005  1.6 0613  0.6 1227  1.7 1845  0.5
 3  Mo        220 0052  1.6 0701  0.6 1312  1.7 1932  0.5
 4  Tu        220 0143  1.6 0752  0.7 1400  1.7 2023  0.5
 5  We        220 0238  1.6 0846  0.7 1452  1.7 2116  0.5
 6  Th        220 0335  1.7 0942  0.6 1547  1.7 2211  0.4
 7  Fr        220 0431  1.7 1039  0.6 1643  1.7 2306  0.4
 8  Sa        220 0526  1.8 1135  0.5 1740  1.8 9999  9.9
 9  Su        220 0000  0.3 0618  1.9 1230  0.4 1836  1.9
10  Mo        220 0052  0.2 0710  2.0 1324  0.3 1930  2.0
11  Tu        220 0144  0.1 0801  2.1 1417  0.2 2023  2.0
12  We        220 0235  0.1 0852  2.1 1509  0.2 2116  2.0
13  Th        220 0326  0.1 0943  2.1 1601  0.2 2209  2.0
14  Fr        220 0418  0.2 1034  2.1 1653  0.2 2302  2.0
15  Sa        220 0512  0.2 1126  2.0 1746  0.2 2357  1.9
16  Su        220 0607  0.3 1219  2.0 1840  0.3 9999  9.9
17  Mo        220 0055  1.9 0705  0.4 1314  1.9 1936  0.3
18  Tu        220 0155  1.8 0805  0.5 1411  1.8 2034  0.4
19  We        220 0257  1.8 0906  0.5 1510  1.7 2134  0.4
20  Th        220 0358  1.8 1006  0.6 1610  1.7 2233  0.4
21  Fr        220 0456  1.8 1103  0.6 1707  1.7 2327  0.4
22  Sa        220 0548  1.8 1156  0.5 1800  1.7 9999  9.9
23  Su        220 0017  0.4 0636  1.8 1245  0.5 1849  1.7
24  Mo        220 0102  0.4 0719  1.8 1329  0.5 1933  1.7
25  Tu        220 0144  0.4 0800  1.8 1411  0.5 2014  1.8
26  We        220 0223  0.4 0838  1.8 1450  0.5 2053  1.8
27  Th        220 0302  0.4 0915  1.8 1528  0.4 2131  1.8
28  Fr        220 0339  0.5 0952  1.8 1606  0.5 2209  1.7
29  Sa        220 0417  0.5 1030  1.8 1644  0.5 2248  1.7
 1  Su        320 0456  0.5 1108  1.8 1723  0.5 2329  1.7
 2  Mo        320 0538  0.6 1149  1.7 1805  0.5 9999  9.9
 3  Tu        320 0014  1.7 0624  0.6 1233  1.7 1851  0.5
 4  We        320 0104  1.7 0714  0.6 1321  1.7 1942  0.5
 5  Th        320 0159  1.7 0809  0.6 1415  1.7 2038  0.5
 6  Fr        320 0257  1.7 0908  0.6 1514  1.7 2136  0.4
 7  Sa        320 0357  1.8 1008  0.5 1615  1.8 2236  0.4
 8  Su        320 0454  1.8 1107  0.5 1715  1.8 2333  0.3
 9  Mo        320 0550  1.9 1205  0.4 1814  1.9 9999  9.9
10  Tu        320 0028  0.2 0644  2.0 1300  0.3 1910  2.0
11  We        320 0122  0.1 0737  2.1 1354  0.2 2004  2.1
12  Th        320 0215  0.1 0829  2.1 1447  0.1 2057  2.1
13  Fr        320 0307  0.1 0921  2.1 1539  0.1 2150  2.1
14  Sa        320 0400  0.2 1012  2.1 1630  0.1 2243  2.0
15  Su        320 0454  0.2 1105  2.0 1722  0.2 2338  2.0
16  Mo        320 0549  0.3 1158  1.9 1816  0.3 9999  9.9
17  Tu        320 0034  1.9 0646  0.4 1253  1.8 1911  0.4
18  We        320 0133  1.8 0745  0.5 1350  1.7 2009  0.4
19  Th        320 0233  1.8 0844  0.6 1449  1.7 2109  0.5
20  Fr        320 0333  1.7 0943  0.6 1548  1.6 2207  0.5
21  Sa        320 0429  1.7 1039  0.6 1645  1.6 2302  0.5
22  Su        320 0520  1.7 1130  0.6 1737  1.7 2351  0.5
23  Mo        320 0606  1.8 1217  0.5 1824  1.7 9999  9.9
24  Tu        320 0036  0.5 0648  1.8 1300  0.5 1907  1.7
25  We        320 0117  0.5 0728  1.8 1340  0.5 1947  1.8
26  Th        320 0156  0.5 0806  1.8 1418  0.4 2025  1.8
27  Fr        320 0233  0.5 0843  1.8 1455  0.4 2102  1.8
28  Sa        320 0310  0.5 0919  1.8 1532  0.4 2139  1.8
29  Su        320 0348  0.5 0956  1.8 1610  0.4 2218  1.8
30  Mo        320 0428  0.5 1035  1.7 1649  0.4 2259  1.7
31  Tu        320 0510  0.6 1116  1.7 1731  0.5 2344  1.7
 1  We        420 0556  0.6 1202  1.7 1818  0.5 9999  9.9
 2  Th        420 0033  1.7 0647  0.6 1252  1.7 1909  0.5
 3  Fr        420 0128  1.7 0743  0.6 1348  1.7 2007  0.5
 4  Sa        420 0227  1.8 0842  0.5 1449  1.7 2108  0.4
 5  Su        420 0327  1.8 0943  0.5 1552  1.8 2209  0.4
 6  Mo        420 0425  1.9 1042  0.4 1654  1.9 2308  0.3
 7  Tu        420 0522  2.0 1140  0.3 1753  1.9 9999  9.9
 8  We        420 0005  0.2 0618  2.0 1236  0.2 1850  2.0
 9  Th        420 0100  0.2 0712  2.1 1330  0.1 1944  2.1
10  Fr        420 0154  0.2 0805  2.1 1423  0.1 2038  2.1
11  Sa        420 0247  0.2 0857  2.1 1515  0.1 2130  2.1
12  Su        420 0341  0.2 0950  2.0 1606  0.2 2223  2.0
13  Mo        420 0435  0.3 1042  1.9 1658  0.2 2316  2.0
14  Tu        420 0529  0.4 1135  1.9 1750  0.3 9999  9.9
15  We        420 0011  1.9 0625  0.4 1229  1.8 1844  0.4
16  Th        420 0107  1.8 0722  0.5 1325  1.7 1941  0.5
17  Fr        420 0204  1.8 0819  0.6 1423  1.6 2039  0.5
18  Sa        420 0301  1.7 0915  0.6 1521  1.6 2136  0.6
19  Su        420 0354  1.7 1008  0.6 1617  1.6 2230  0.6
20  Mo        420 0444  1.7 1057  0.5 1708  1.6 2319  0.6
21  Tu        420 0530  1.7 1143  0.5 1755  1.7 9999  9.9
22  We        420 0004  0.5 0612  1.7 1226  0.5 1837  1.7
23  Th        420 0045  0.5 0652  1.7 1306  0.5 1917  1.8
24  Fr        420 0125  0.5 0731  1.8 1344  0.4 1955  1.8
25  Sa        420 0203  0.5 0809  1.8 1422  0.4 2033  1.8
26  Su        420 0242  0.5 0847  1.8 1500  0.4 2112  1.8
27  Mo        420 0321  0.5 0926  1.8 1539  0.4 2152  1.8
28  Tu        420 0403  0.5 1007  1.7 1620  0.4 2234  1.8
29  We        420 0447  0.5 1051  1.7 1704  0.4 2320  1.8
30  Th        420 0535  0.5 1139  1.7 1752  0.4 9999  9.9
 1  Fr        520 0011  1.8 0628  0.5 1231  1.7 1845  0.4
 2  Sa        520 0105  1.8 0723  0.5 1329  1.7 1943  0.4
 3  Su        520 0203  1.8 0822  0.5 1430  1.7 2044  0.4
 4  Mo        520 0301  1.9 0921  0.4 1533  1.8 2146  0.4
 5  Tu        520 0359  1.9 1020  0.3 1635  1.9 2245  0.3
 6  We        520 0457  2.0 1117  0.2 1734  2.0 2343  0.3
 7  Th        520 0552  2.0 1213  0.2 1830  2.0 9999  9.9
 8  Fr        520 0039  0.2 0647  2.0 1307  0.1 1925  2.1
 9  Sa        520 0134  0.2 0741  2.0 1400  0.1 2017  2.1
10  Su        520 0227  0.2 0834  2.0 1451  0.1 2109  2.1
11  Mo        520 0321  0.3 0926  2.0 1542  0.2 2201  2.0
12  Tu        520 0414  0.3 1018  1.9 1632  0.3 2252  2.0
13  We        520 0507  0.4 1110  1.8 1723  0.4 2345  1.9
14  Th        520 0601  0.5 1203  1.7 1815  0.4 9999  9.9
15  Fr        520 0037  1.8 0654  0.5 1256  1.7 1908  0.5
16  Sa        520 0130  1.8 0747  0.5 1352  1.6 2004  0.6
17  Su        520 0223  1.7 0839  0.6 1447  1.6 2059  0.6
18  Mo        520 0314  1.7 0930  0.6 1542  1.6 2152  0.6
19  Tu        520 0403  1.7 1019  0.5 1633  1.6 2242  0.6
20  We        520 0448  1.7 1105  0.5 1720  1.7 2328  0.6
21  Th        520 0532  1.7 1148  0.5 1804  1.7 9999  9.9
22  Fr        520 0011  0.6 0614  1.7 1230  0.4 1845  1.8
23  Sa        520 0052  0.6 0655  1.7 1310  0.4 1925  1.8
24  Su        520 0133  0.5 0735  1.7 1350  0.4 2005  1.8
25  Mo        520 0214  0.5 0816  1.8 1431  0.4 2046  1.8
26  Tu        520 0257  0.5 0859  1.8 1512  0.3 2129  1.9
27  We        520 0342  0.5 0944  1.8 1556  0.3 2213  1.9
28  Th        520 0429  0.5 1031  1.8 1643  0.4 2301  1.9
29  Fr        520 0519  0.5 1122  1.8 1733  0.4 2352  1.9
30  Sa        520 0612  0.5 1216  1.8 1827  0.4 9999  9.9
31  Su        520 0046  1.9 0707  0.4 1313  1.8 1924  0.4
 1  Mo        620 0142  1.9 0803  0.4 1414  1.8 2025  0.4
 2  Tu        620 0239  1.9 0901  0.3 1516  1.8 2125  0.4
 3  We        620 0336  1.9 0959  0.3 1617  1.9 2225  0.4
 4  Th        620 0433  1.9 1056  0.2 1716  1.9 2323  0.3
 5  Fr        620 0530  2.0 1152  0.2 1812  2.0 9999  9.9
 6  Sa        620 0020  0.3 0625  2.0 1246  0.2 1906  2.0
 7  Su        620 0115  0.3 0719  1.9 1338  0.2 1958  2.0
 8  Mo        620 0208  0.3 0812  1.9 1428  0.2 2048  2.0
 9  Tu        620 0301  0.3 0903  1.9 1517  0.2 2138  2.0
10  We        620 0352  0.4 0954  1.8 1605  0.3 2227  1.9
11  Th        620 0442  0.4 1043  1.8 1653  0.4 2315  1.9
12  Fr        620 0532  0.5 1133  1.7 1742  0.5 9999  9.9
13  Sa        620 0004  1.8 0621  0.5 1223  1.7 1832  0.5
14  Su        620 0052  1.8 0710  0.5 1314  1.6 1924  0.6
15  Mo        620 0141  1.7 0759  0.5 1407  1.6 2017  0.6
16  Tu        620 0230  1.7 0848  0.5 1501  1.6 2109  0.6
17  We        620 0318  1.7 0937  0.5 1553  1.6 2200  0.6
18  Th        620 0405  1.7 1024  0.5 1642  1.7 2248  0.6
19  Fr        620 0450  1.7 1110  0.5 1728  1.7 2334  0.6
20  Sa        620 0535  1.7 1154  0.4 1812  1.8 9999  9.9
21  Su        620 0019  0.6 0620  1.7 1238  0.4 1855  1.8
22  Mo        620 0103  0.5 0704  1.8 1321  0.3 1938  1.9
23  Tu        620 0148  0.5 0750  1.8 1404  0.3 2022  1.9
24  We        620 0234  0.5 0836  1.8 1449  0.3 2107  1.9
25  Th        620 0322  0.4 0924  1.8 1536  0.3 2154  2.0
26  Fr        620 0411  0.4 1014  1.8 1624  0.3 2243  2.0
27  Sa        620 0502  0.4 1106  1.8 1716  0.3 2334  2.0
28  Su        620 0555  0.4 1201  1.8 1810  0.4 9999  9.9
29  Mo        620 0027  1.9 0649  0.3 1258  1.8 1907  0.4
30  Tu        620 0122  1.9 0745  0.3 1358  1.8 2007  0.4
 1  We        720 0219  1.9 0842  0.3 1500  1.8 2108  0.4
 2  Th        720 0316  1.9 0940  0.3 1601  1.9 2208  0.4
 3  Fr        720 0413  1.9 1037  0.3 1700  1.9 2307  0.4
 4  Sa        720 0510  1.9 1133  0.2 1755  1.9 9999  9.9
 5  Su        720 0003  0.4 0606  1.9 1227  0.2 1848  2.0
 6  Mo        720 0057  0.4 0700  1.9 1318  0.2 1939  2.0
 7  Tu        720 0150  0.4 0752  1.8 1406  0.3 2027  2.0
 8  We        720 0239  0.4 0841  1.8 1453  0.3 2113  2.0
 9  Th        720 0327  0.4 0929  1.8 1539  0.3 2158  1.9
10  Fr        720 0414  0.4 1014  1.8 1623  0.4 2243  1.9
11  Sa        720 0459  0.5 1100  1.7 1708  0.5 2327  1.8
12  Su        720 0544  0.5 1146  1.7 1754  0.5 9999  9.9
13  Mo        720 0011  1.8 0629  0.5 1234  1.6 1842  0.6
14  Tu        720 0057  1.7 0715  0.5 1324  1.6 1933  0.6
15  We        720 0144  1.7 0803  0.5 1416  1.6 2025  0.7
16  Th        720 0232  1.7 0852  0.5 1509  1.6 2117  0.7
17  Fr        720 0320  1.7 0942  0.5 1601  1.6 2208  0.6
18  Sa        720 0409  1.7 1031  0.5 1651  1.7 2258  0.6
19  Su        720 0459  1.7 1119  0.4 1739  1.8 2346  0.6
20  Mo        720 0548  1.7 1207  0.4 1825  1.8 9999  9.9
21  Tu        720 0035  0.5 0637  1.8 1253  0.3 1911  1.9
22  We        720 0123  0.4 0726  1.8 1340  0.2 1958  2.0
23  Th        720 0212  0.4 0816  1.9 1428  0.2 2045  2.0
24  Fr        720 0302  0.3 0906  1.9 1516  0.2 2134  2.0
25  Sa        720 0352  0.3 0957  1.9 1606  0.2 2223  2.0
26  Su        720 0443  0.3 1050  1.9 1659  0.3 2315  2.0
27  Mo        720 0535  0.3 1144  1.9 1753  0.3 9999  9.9
28  Tu        720 0008  2.0 0629  0.3 1242  1.9 1851  0.4
29  We        720 0103  1.9 0725  0.3 1342  1.8 1951  0.4
30  Th        720 0159  1.9 0823  0.3 1444  1.8 2052  0.5
31  Fr        720 0258  1.8 0922  0.3 1545  1.8 2153  0.5
 1  Sa        820 0357  1.8 1020  0.3 1644  1.9 2252  0.5
 2  Su        820 0455  1.8 1117  0.3 1740  1.9 2348  0.5
 3  Mo        820 0551  1.8 1210  0.3 1831  1.9 9999  9.9
 4  Tu        820 0041  0.4 0644  1.8 1259  0.3 1919  1.9
 5  We        820 0130  0.4 0733  1.8 1346  0.3 2004  1.9
 6  Th        820 0216  0.4 0819  1.8 1429  0.3 2047  1.9
 7  Fr        820 0300  0.4 0903  1.8 1511  0.4 2128  1.9
 8  Sa        820 0342  0.4 0945  1.8 1553  0.4 2208  1.8
 9  Su        820 0423  0.4 1026  1.7 1634  0.5 2249  1.8
10  Mo        820 0505  0.5 1109  1.7 1717  0.5 2330  1.8
11  Tu        820 0547  0.5 1153  1.7 1802  0.6 9999  9.9
12  We        820 0013  1.7 0631  0.5 1240  1.6 1850  0.6
13  Th        820 0059  1.7 0718  0.5 1332  1.6 1941  0.7
14  Fr        820 0147  1.6 0807  0.5 1425  1.6 2035  0.7
15  Sa        820 0238  1.6 0900  0.5 1520  1.7 2129  0.7
16  Su        820 0331  1.7 0953  0.5 1614  1.7 2223  0.6
17  Mo        820 0425  1.7 1046  0.4 1705  1.8 2316  0.5
18  Tu        820 0519  1.8 1137  0.3 1755  1.9 9999  9.9
19  We        820 0007  0.4 0613  1.8 1228  0.3 1844  2.0
20  Th        820 0058  0.4 0705  1.9 1317  0.2 1933  2.0
21  Fr        820 0149  0.3 0756  2.0 1407  0.2 2022  2.1
22  Sa        820 0240  0.2 0847  2.0 1457  0.2 2112  2.1
23  Su        820 0330  0.2 0939  2.0 1548  0.2 2202  2.1
24  Mo        820 0421  0.2 1032  2.0 1641  0.2 2254  2.0
25  Tu        820 0514  0.2 1127  2.0 1736  0.3 2347  2.0
26  We        820 0608  0.2 1224  1.9 1834  0.4 9999  9.9
27  Th        820 0043  1.9 0704  0.3 1324  1.9 1935  0.4
28  Fr        820 0141  1.8 0803  0.4 1426  1.8 2037  0.5
29  Sa        820 0241  1.8 0903  0.4 1529  1.8 2139  0.5
30  Su        820 0342  1.7 1003  0.4 1628  1.8 2238  0.5
31  Mo        820 0442  1.7 1100  0.4 1722  1.8 2332  0.5
 1  Tu        920 0537  1.7 1152  0.4 1811  1.9 9999  9.9
 2  We        920 0022  0.5 0628  1.8 1240  0.4 1856  1.9
 3  Th        920 0108  0.4 0714  1.8 1324  0.4 1938  1.9
 4  Fr        920 0151  0.4 0756  1.8 1405  0.4 2018  1.9
 5  Sa        920 0231  0.4 0837  1.8 1444  0.4 2056  1.9
 6  Su        920 0310  0.4 0915  1.8 1523  0.4 2134  1.8
 7  Mo        920 0348  0.4 0954  1.8 1602  0.5 2212  1.8
 8  Tu        920 0427  0.4 1034  1.7 1642  0.5 2252  1.7
 9  We        920 0507  0.5 1116  1.7 1725  0.6 2333  1.7
10  Th        920 0549  0.5 1201  1.7 1812  0.6 9999  9.9
11  Fr        920 0017  1.7 0635  0.5 1250  1.7 1902  0.7
12  Sa        920 0106  1.6 0725  0.5 1344  1.7 1957  0.7
13  Su        920 0159  1.6 0820  0.5 1441  1.7 2054  0.6
14  Mo        920 0257  1.7 0917  0.5 1538  1.7 2151  0.6
15  Tu        920 0356  1.7 1014  0.4 1633  1.8 2247  0.5
16  We        920 0454  1.8 1109  0.3 1725  1.9 2341  0.4
17  Th        920 0550  1.9 1202  0.3 1817  2.0 9999  9.9
18  Fr        920 0034  0.3 0644  2.0 1254  0.2 1908  2.1
19  Sa        920 0125  0.2 0736  2.0 1346  0.1 1958  2.1
20  Su        920 0217  0.1 0828  2.1 1437  0.1 2049  2.1
21  Mo        920 0308  0.1 0920  2.1 1530  0.2 2140  2.1
22  Tu        920 0359  0.1 1013  2.1 1623  0.2 2233  2.0
23  We        920 0451  0.2 1107  2.0 1719  0.3 2327  2.0
24  Th        920 0545  0.2 1204  1.9 1817  0.4 9999  9.9
25  Fr        920 0023  1.9 0641  0.3 1304  1.9 1918  0.5
26  Sa        920 0122  1.8 0740  0.4 1406  1.8 2020  0.5
27  Su        920 0223  1.7 0842  0.5 1507  1.8 2121  0.5
28  Mo        920 0326  1.7 0943  0.5 1605  1.8 2218  0.5
29  Tu        920 0425  1.7 1040  0.5 1658  1.8 2311  0.5
30  We        920 0519  1.7 1131  0.5 1746  1.8 2359  0.5
 1  Th       1020 0608  1.7 1217  0.5 1829  1.8 9999  9.9
 2  Fr       1020 0043  0.4 0652  1.8 1300  0.4 1910  1.8
 3  Sa       1020 0123  0.4 0732  1.8 1339  0.4 1948  1.8
 4  Su       1020 0201  0.4 0810  1.8 1417  0.5 2025  1.8
 5  Mo       1020 0238  0.4 0848  1.8 1455  0.5 2102  1.8
 6  Tu       1020 0315  0.4 0925  1.8 1533  0.5 2139  1.8
 7  We       1020 0353  0.4 1003  1.8 1613  0.5 2217  1.7
 8  Th       1020 0431  0.4 1044  1.8 1654  0.6 2258  1.7
 9  Fr       1020 0513  0.5 1128  1.7 1740  0.6 2343  1.7
10  Sa       1020 0558  0.5 1216  1.7 1830  0.6 9999  9.9
11  Su       1020 0032  1.6 0648  0.5 1309  1.7 1925  0.6
12  Mo       1020 0127  1.6 0744  0.5 1406  1.7 2023  0.6
13  Tu       1020 0227  1.7 0844  0.5 1504  1.8 2122  0.5
14  We       1020 0329  1.7 0944  0.4 1601  1.9 2219  0.4
15  Th       1020 0430  1.8 1042  0.3 1656  1.9 2315  0.3
16  Fr       1020 0528  1.9 1138  0.3 1750  2.0 9999  9.9
17  Sa       1020 0009  0.2 0623  2.0 1232  0.2 1842  2.1
18  Su       1020 0102  0.1 0717  2.1 1325  0.2 1934  2.1
19  Mo       1020 0154  0.1 0809  2.1 1418  0.2 2026  2.1
20  Tu       1020 0245  0.0 0902  2.1 1511  0.2 2119  2.1
21  We       1020 0337  0.1 0954  2.1 1605  0.2 2212  2.0
22  Th       1020 0428  0.1 1048  2.0 1701  0.3 2306  1.9
23  Fr       1020 0521  0.2 1143  2.0 1758  0.4 9999  9.9
24  Sa       1020 0001  1.8 0617  0.3 1241  1.9 1857  0.5
25  Su       1020 0100  1.7 0715  0.4 1340  1.8 1957  0.5
26  Mo       1020 0200  1.7 0815  0.5 1439  1.8 2056  0.5
27  Tu       1020 0302  1.6 0915  0.5 1535  1.8 2151  0.5
28  We       1020 0401  1.6 1012  0.5 1627  1.8 2242  0.5
29  Th       1020 0454  1.7 1103  0.5 1714  1.8 2329  0.5
30  Fr       1020 0543  1.7 1149  0.5 1757  1.8 9999  9.9
31  Sa       1020 0012  0.4 0626  1.7 1232  0.5 1838  1.8
 1  Su       1120 0053  0.4 0706  1.8 1312  0.5 1916  1.8
 2  Mo       1120 0131  0.4 0744  1.8 1351  0.5 1954  1.8
 3  Tu       1120 0208  0.4 0821  1.8 1429  0.5 2031  1.8
 4  We       1120 0245  0.4 0859  1.8 1507  0.5 2109  1.8
 5  Th       1120 0323  0.4 0937  1.8 1547  0.5 2149  1.7
 6  Fr       1120 0402  0.4 1018  1.8 1630  0.6 2231  1.7
 7  Sa       1120 0443  0.4 1101  1.8 1716  0.6 2316  1.7
 8  Su       1120 0529  0.4 1149  1.8 1805  0.6 9999  9.9
 9  Mo       1120 0006  1.7 0619  0.5 1240  1.8 1859  0.5
10  Tu       1120 0102  1.7 0715  0.5 1336  1.8 1956  0.5
11  We       1120 0202  1.7 0815  0.5 1433  1.8 2054  0.4
12  Th       1120 0305  1.7 0916  0.4 1531  1.9 2153  0.4
13  Fr       1120 0407  1.8 1016  0.4 1628  2.0 2250  0.3
14  Sa       1120 0506  1.9 1114  0.3 1723  2.0 2346  0.2
15  Su       1120 0603  2.0 1211  0.3 1818  2.1 9999  9.9
16  Mo       1120 0040  0.1 0658  2.1 1306  0.2 1912  2.1
17  Tu       1120 0132  0.1 0751  2.1 1400  0.2 2006  2.1
18  We       1120 0224  0.1 0843  2.1 1454  0.2 2059  2.0
19  Th       1120 0315  0.1 0935  2.1 1548  0.3 2151  1.9
20  Fr       1120 0406  0.2 1028  2.0 1642  0.3 2244  1.9
21  Sa       1120 0458  0.3 1121  2.0 1737  0.4 2338  1.8
22  Su       1120 0550  0.4 1214  1.9 1832  0.5 9999  9.9
23  Mo       1120 0033  1.7 0645  0.5 1309  1.8 1927  0.5
24  Tu       1120 0130  1.6 0742  0.5 1403  1.8 2022  0.5
25  We       1120 0229  1.6 0839  0.6 1456  1.7 2115  0.5
26  Th       1120 0326  1.6 0935  0.6 1547  1.7 2206  0.5
27  Fr       1120 0421  1.6 1027  0.6 1635  1.7 2253  0.5
28  Sa       1120 0510  1.7 1116  0.6 1720  1.7 2338  0.5
29  Su       1120 0555  1.7 1200  0.6 1803  1.7 9999  9.9
30  Mo       1120 0020  0.4 0637  1.7 1242  0.6 1844  1.7
 1  Tu       1220 0100  0.4 0717  1.8 1323  0.6 1923  1.7
 2  We       1220 0139  0.4 0756  1.8 1403  0.5 2003  1.7
 3  Th       1220 0218  0.4 0834  1.8 1444  0.5 2044  1.8
 4  Fr       1220 0257  0.3 0914  1.9 1526  0.5 2125  1.8
 5  Sa       1220 0338  0.3 0955  1.9 1609  0.5 2209  1.7
 6  Su       1220 0420  0.4 1039  1.9 1656  0.5 2256  1.7
 7  Mo       1220 0506  0.4 1126  1.9 1745  0.5 2346  1.7
 8  Tu       1220 0556  0.4 1217  1.9 1837  0.5 9999  9.9
 9  We       1220 0041  1.7 0651  0.4 1310  1.9 1932  0.4
10  Th       1220 0140  1.7 0750  0.4 1406  1.9 2029  0.4
11  Fr       1220 0242  1.8 0851  0.4 1503  1.9 2128  0.3
12  Sa       1220 0345  1.8 0953  0.4 1601  1.9 2226  0.3
13  Su       1220 0446  1.9 1053  0.4 1659  2.0 2324  0.2
14  Mo       1220 0545  2.0 1151  0.3 1756  2.0 9999  9.9
15  Tu       1220 0019  0.1 0640  2.0 1248  0.3 1852  2.0
16  We       1220 0113  0.1 0734  2.1 1343  0.3 1947  2.0
17  Th       1220 0205  0.1 0826  2.1 1437  0.3 2040  1.9
18  Fr       1220 0255  0.2 0916  2.1 1530  0.3 2132  1.9
19  Sa       1220 0344  0.2 1006  2.0 1621  0.4 2222  1.8
20  Su       1220 0433  0.3 1055  2.0 1712  0.4 2312  1.8
21  Mo       1220 0522  0.4 1144  1.9 1801  0.4 9999  9.9
22  Tu       1220 0002  1.7 0612  0.5 1233  1.8 1851  0.5
23  We       1220 0054  1.6 0703  0.5 1322  1.8 1941  0.5
24  Th       1220 0148  1.6 0757  0.6 1412  1.7 2031  0.5
25  Fr       1220 0243  1.6 0851  0.6 1501  1.7 2122  0.5
26  Sa       1220 0339  1.6 0945  0.7 1550  1.7 2212  0.5
27  Su       1220 0431  1.6 1036  0.7 1638  1.7 2300  0.5
28  Mo       1220 0520  1.7 1124  0.6 1725  1.7 2345  0.5
29  Tu       1220 0605  1.7 1210  0.6 1810  1.7 9999  9.9
30  We       1220 0029  0.4 0648  1.8 1254  0.6 1854  1.7
31  Th       1220 0111  0.4 0729  1.8 1337  0.5 1937  1.7
