371Korotiti Bay
Based on data from  1-Jul-2014
Local Std Time, tidal heights in metres.
 1  We        120 0458  0.6 1119  2.2 1734  0.7 2335  2.0
 2  Th        120 0541  0.7 1203  2.1 1818  0.7 9999  9.9
 3  Fr        120 0021  1.9 0627  0.7 1248  2.1 1904  0.7
 4  Sa        120 0109  1.9 0716  0.8 1335  2.0 1952  0.7
 5  Su        120 0202  1.9 0809  0.8 1424  2.0 2042  0.7
 6  Mo        120 0257  1.9 0903  0.9 1513  2.0 2133  0.7
 7  Tu        120 0352  1.9 0957  0.9 1604  2.0 2224  0.7
 8  We        120 0444  2.0 1050  0.8 1655  2.0 2314  0.6
 9  Th        120 0534  2.1 1140  0.8 1745  2.1 9999  9.9
10  Fr        120 0003  0.6 0622  2.1 1230  0.7 1835  2.1
11  Sa        120 0051  0.5 0709  2.2 1319  0.6 1925  2.2
12  Su        120 0139  0.4 0757  2.3 1409  0.5 2015  2.3
13  Mo        120 0227  0.3 0845  2.4 1459  0.5 2105  2.3
14  Tu        120 0315  0.3 0933  2.4 1550  0.4 2156  2.3
15  We        120 0405  0.3 1024  2.4 1642  0.4 2248  2.3
16  Th        120 0456  0.4 1115  2.4 1734  0.4 2342  2.2
17  Fr        120 0549  0.4 1208  2.4 1828  0.4 9999  9.9
18  Sa        120 0039  2.2 0646  0.5 1303  2.3 1924  0.5
19  Su        120 0139  2.1 0746  0.6 1400  2.2 2022  0.5
20  Mo        120 0241  2.1 0849  0.7 1459  2.2 2122  0.5
21  Tu        120 0344  2.1 0952  0.7 1559  2.1 2222  0.6
22  We        120 0445  2.1 1052  0.7 1658  2.1 2319  0.5
23  Th        120 0541  2.2 1149  0.7 1754  2.1 9999  9.9
24  Fr        120 0013  0.5 0633  2.2 1241  0.6 1846  2.1
25  Sa        120 0102  0.5 0720  2.2 1330  0.6 1934  2.1
26  Su        120 0147  0.5 0805  2.2 1415  0.6 2019  2.1
27  Mo        120 0230  0.5 0847  2.2 1458  0.6 2101  2.1
28  Tu        120 0310  0.5 0927  2.2 1539  0.6 2141  2.1
29  We        120 0349  0.6 1006  2.2 1619  0.6 2221  2.1
30  Th        120 0427  0.6 1045  2.2 1659  0.6 2301  2.0
31  Fr        120 0507  0.7 1125  2.1 1739  0.7 2343  2.0
 1  Sa        220 0549  0.7 1206  2.1 1821  0.7 9999  9.9
 2  Su        220 0027  2.0 0633  0.8 1249  2.0 1905  0.7
 3  Mo        220 0115  1.9 0722  0.8 1335  2.0 1953  0.7
 4  Tu        220 0207  1.9 0815  0.9 1425  2.0 2044  0.7
 5  We        220 0304  1.9 0912  0.9 1519  2.0 2140  0.7
 6  Th        220 0401  2.0 1009  0.8 1616  2.0 2236  0.6
 7  Fr        220 0457  2.1 1106  0.7 1713  2.1 2331  0.6
 8  Sa        220 0551  2.2 1201  0.7 1809  2.1 9999  9.9
 9  Su        220 0024  0.5 0643  2.3 1255  0.5 1903  2.2
10  Mo        220 0116  0.4 0733  2.4 1347  0.4 1956  2.3
11  Tu        220 0206  0.3 0824  2.5 1439  0.4 2047  2.4
12  We        220 0257  0.3 0914  2.5 1531  0.3 2139  2.4
13  Th        220 0347  0.3 1004  2.5 1622  0.3 2231  2.4
14  Fr        220 0439  0.3 1055  2.5 1714  0.3 2324  2.3
15  Sa        220 0532  0.4 1148  2.4 1807  0.4 9999  9.9
16  Su        220 0020  2.3 0628  0.5 1242  2.3 1901  0.5
17  Mo        220 0118  2.2 0728  0.6 1338  2.2 1958  0.5
18  Tu        220 0220  2.1 0829  0.7 1438  2.1 2059  0.6
19  We        220 0323  2.1 0932  0.7 1539  2.0 2200  0.6
20  Th        220 0424  2.1 1033  0.7 1639  2.0 2300  0.6
21  Fr        220 0521  2.1 1130  0.7 1736  2.0 2354  0.6
22  Sa        220 0612  2.1 1221  0.7 1828  2.0 9999  9.9
23  Su        220 0042  0.6 0658  2.2 1308  0.7 1914  2.1
24  Mo        220 0126  0.6 0741  2.2 1352  0.6 1957  2.1
25  Tu        220 0206  0.6 0821  2.2 1432  0.6 2036  2.1
26  We        220 0244  0.6 0859  2.2 1510  0.6 2114  2.1
27  Th        220 0321  0.6 0935  2.2 1547  0.6 2151  2.1
28  Fr        220 0358  0.6 1012  2.2 1624  0.6 2229  2.1
29  Sa        220 0435  0.7 1049  2.1 1702  0.6 2308  2.0
 1  Su        320 0515  0.7 1128  2.1 1741  0.7 2349  2.0
 2  Mo        320 0557  0.8 1209  2.0 1823  0.7 9999  9.9
 3  Tu        320 0035  2.0 0644  0.8 1255  2.0 1910  0.7
 4  We        320 0126  2.0 0736  0.8 1346  2.0 2003  0.7
 5  Th        320 0223  2.0 0834  0.8 1443  2.0 2101  0.7
 6  Fr        320 0323  2.0 0935  0.8 1543  2.0 2202  0.6
 7  Sa        320 0424  2.1 1036  0.7 1645  2.1 2302  0.5
 8  Su        320 0521  2.2 1134  0.6 1744  2.2 2359  0.4
 9  Mo        320 0616  2.3 1231  0.5 1841  2.3 9999  9.9
10  Tu        320 0053  0.3 0709  2.4 1325  0.4 1936  2.4
11  We        320 0145  0.3 0800  2.5 1417  0.3 2028  2.4
12  Th        320 0237  0.2 0851  2.5 1509  0.2 2120  2.5
13  Fr        320 0328  0.3 0942  2.5 1600  0.3 2212  2.4
14  Sa        320 0421  0.3 1034  2.4 1651  0.3 2304  2.4
15  Su        320 0514  0.4 1126  2.3 1743  0.4 2359  2.3
16  Mo        320 0610  0.5 1220  2.2 1836  0.5 9999  9.9
17  Tu        320 0056  2.2 0708  0.6 1317  2.1 1933  0.6
18  We        320 0156  2.1 0809  0.7 1416  2.0 2034  0.7
19  Th        320 0258  2.1 0910  0.7 1517  2.0 2136  0.7
20  Fr        320 0359  2.0 1010  0.8 1618  2.0 2236  0.7
21  Sa        320 0455  2.0 1105  0.7 1714  2.0 2329  0.7
22  Su        320 0545  2.1 1156  0.7 1805  2.0 9999  9.9
23  Mo        320 0017  0.7 0630  2.1 1241  0.7 1850  2.0
24  Tu        320 0100  0.6 0712  2.1 1323  0.6 1931  2.1
25  We        320 0139  0.6 0750  2.2 1402  0.6 2009  2.1
26  Th        320 0216  0.6 0827  2.2 1439  0.6 2046  2.1
27  Fr        320 0252  0.6 0903  2.1 1515  0.6 2122  2.1
28  Sa        320 0329  0.6 0939  2.1 1551  0.6 2159  2.1
29  Su        320 0406  0.7 1016  2.1 1627  0.6 2237  2.1
30  Mo        320 0445  0.7 1055  2.1 1706  0.6 2318  2.1
31  Tu        320 0528  0.7 1137  2.0 1749  0.7 9999  9.9
 1  We        420 0003  2.0 0615  0.8 1224  2.0 1837  0.7
 2  Th        420 0054  2.0 0708  0.8 1317  2.0 1931  0.7
 3  Fr        420 0152  2.0 0807  0.8 1416  2.0 2031  0.7
 4  Sa        420 0253  2.1 0908  0.7 1518  2.0 2134  0.6
 5  Su        420 0354  2.1 1010  0.6 1622  2.1 2236  0.5
 6  Mo        420 0453  2.2 1110  0.5 1722  2.2 2334  0.4
 7  Tu        420 0549  2.3 1207  0.4 1820  2.3 9999  9.9
 8  We        420 0030  0.4 0643  2.4 1301  0.3 1915  2.4
 9  Th        420 0124  0.3 0736  2.5 1354  0.2 2008  2.5
10  Fr        420 0216  0.3 0828  2.5 1445  0.2 2100  2.5
11  Sa        420 0309  0.3 0920  2.4 1536  0.2 2151  2.5
12  Su        420 0401  0.4 1011  2.4 1626  0.3 2243  2.4
13  Mo        420 0455  0.4 1104  2.3 1718  0.4 2336  2.3
14  Tu        420 0550  0.5 1158  2.2 1811  0.5 9999  9.9
15  We        420 0031  2.2 0646  0.6 1253  2.1 1907  0.6
16  Th        420 0129  2.1 0745  0.7 1351  2.0 2006  0.7
17  Fr        420 0229  2.1 0843  0.7 1451  1.9 2107  0.8
18  Sa        420 0327  2.0 0940  0.8 1550  1.9 2205  0.8
19  Su        420 0421  2.0 1034  0.7 1645  1.9 2258  0.7
20  Mo        420 0510  2.0 1123  0.7 1735  2.0 2345  0.7
21  Tu        420 0555  2.1 1208  0.7 1820  2.0 9999  9.9
22  We        420 0028  0.7 0637  2.1 1249  0.6 1901  2.1
23  Th        420 0108  0.7 0716  2.1 1328  0.6 1940  2.1
24  Fr        420 0146  0.7 0753  2.1 1405  0.6 2017  2.1
25  Sa        420 0224  0.7 0831  2.1 1442  0.6 2053  2.1
26  Su        420 0301  0.7 0908  2.1 1519  0.6 2131  2.1
27  Mo        420 0340  0.7 0947  2.1 1557  0.6 2210  2.1
28  Tu        420 0421  0.7 1029  2.1 1638  0.6 2253  2.1
29  We        420 0506  0.7 1113  2.0 1723  0.6 2340  2.1
30  Th        420 0555  0.7 1202  2.0 1812  0.6 9999  9.9
 1  Fr        520 0032  2.1 0649  0.7 1256  2.0 1908  0.6
 2  Sa        520 0129  2.1 0747  0.7 1356  2.0 2008  0.6
 3  Su        520 0229  2.1 0847  0.6 1458  2.1 2111  0.6
 4  Mo        520 0329  2.2 0948  0.6 1601  2.1 2212  0.5
 5  Tu        520 0427  2.3 1046  0.5 1702  2.2 2312  0.5
 6  We        520 0524  2.3 1143  0.4 1800  2.3 9999  9.9
 7  Th        520 0008  0.4 0618  2.4 1238  0.3 1855  2.4
 8  Fr        520 0103  0.4 0712  2.4 1330  0.3 1948  2.5
 9  Sa        520 0156  0.4 0805  2.4 1422  0.3 2039  2.5
10  Su        520 0249  0.4 0857  2.4 1512  0.3 2130  2.4
11  Mo        520 0342  0.4 0949  2.3 1602  0.4 2220  2.4
12  Tu        520 0434  0.5 1041  2.2 1652  0.5 2312  2.3
13  We        520 0528  0.6 1133  2.1 1744  0.6 9999  9.9
14  Th        520 0005  2.2 0621  0.6 1227  2.0 1837  0.7
15  Fr        520 0059  2.1 0716  0.7 1322  2.0 1933  0.7
16  Sa        520 0155  2.1 0811  0.7 1418  1.9 2030  0.8
17  Su        520 0249  2.0 0904  0.7 1515  1.9 2126  0.8
18  Mo        520 0341  2.0 0956  0.7 1609  1.9 2219  0.8
19  Tu        520 0429  2.0 1045  0.7 1700  2.0 2308  0.8
20  We        520 0515  2.0 1130  0.7 1746  2.0 2352  0.8
21  Th        520 0558  2.0 1212  0.6 1828  2.1 9999  9.9
22  Fr        520 0034  0.7 0639  2.1 1253  0.6 1908  2.1
23  Sa        520 0115  0.7 0719  2.1 1332  0.6 1947  2.1
24  Su        520 0154  0.7 0759  2.1 1411  0.5 2026  2.2
25  Mo        520 0235  0.7 0840  2.1 1451  0.5 2106  2.2
26  Tu        520 0317  0.7 0922  2.1 1532  0.5 2148  2.2
27  We        520 0401  0.6 1007  2.1 1616  0.5 2233  2.2
28  Th        520 0449  0.6 1054  2.1 1703  0.6 2322  2.2
29  Fr        520 0539  0.6 1145  2.1 1754  0.6 9999  9.9
30  Sa        520 0014  2.2 0633  0.6 1240  2.1 1849  0.6
31  Su        520 0110  2.2 0730  0.6 1339  2.1 1949  0.6
 1  Mo        620 0207  2.2 0828  0.6 1441  2.1 2050  0.6
 2  Tu        620 0306  2.2 0927  0.5 1543  2.2 2152  0.6
 3  We        620 0403  2.3 1025  0.4 1644  2.2 2251  0.5
 4  Th        620 0500  2.3 1121  0.4 1742  2.3 2349  0.5
 5  Fr        620 0556  2.3 1216  0.3 1836  2.4 9999  9.9
 6  Sa        620 0044  0.5 0651  2.3 1309  0.3 1928  2.4
 7  Su        620 0138  0.4 0744  2.3 1400  0.3 2019  2.4
 8  Mo        620 0230  0.4 0836  2.3 1450  0.4 2109  2.4
 9  Tu        620 0322  0.5 0927  2.2 1539  0.4 2157  2.3
10  We        620 0412  0.5 1017  2.2 1627  0.5 2246  2.3
11  Th        620 0502  0.6 1106  2.1 1715  0.6 2336  2.2
12  Fr        620 0552  0.6 1156  2.0 1804  0.7 9999  9.9
13  Sa        620 0025  2.1 0642  0.7 1247  2.0 1855  0.7
14  Su        620 0116  2.1 0732  0.7 1339  1.9 1948  0.8
15  Mo        620 0206  2.0 0822  0.7 1433  1.9 2042  0.8
16  Tu        620 0256  2.0 0912  0.7 1527  1.9 2136  0.8
17  We        620 0344  2.0 1001  0.7 1619  1.9 2226  0.8
18  Th        620 0432  2.0 1048  0.7 1708  2.0 2314  0.8
19  Fr        620 0517  2.0 1134  0.6 1753  2.0 2359  0.8
20  Sa        620 0602  2.0 1217  0.6 1835  2.1 9999  9.9
21  Su        620 0043  0.7 0646  2.1 1300  0.6 1917  2.2
22  Mo        620 0126  0.7 0730  2.1 1342  0.5 1959  2.2
23  Tu        620 0210  0.6 0815  2.1 1426  0.5 2042  2.3
24  We        620 0255  0.6 0901  2.1 1510  0.5 2127  2.3
25  Th        620 0343  0.6 0948  2.2 1557  0.5 2215  2.3
26  Fr        620 0432  0.6 1038  2.2 1645  0.5 2304  2.3
27  Sa        620 0523  0.5 1130  2.2 1737  0.5 2356  2.3
28  Su        620 0616  0.5 1225  2.1 1832  0.5 9999  9.9
29  Mo        620 0051  2.3 0711  0.5 1323  2.1 1931  0.6
30  Tu        620 0147  2.2 0808  0.5 1424  2.1 2032  0.6
 1  We        720 0244  2.2 0906  0.5 1526  2.2 2134  0.6
 2  Th        720 0343  2.2 1005  0.5 1627  2.2 2234  0.6
 3  Fr        720 0441  2.2 1102  0.4 1725  2.3 2333  0.6
 4  Sa        720 0538  2.2 1158  0.4 1819  2.3 9999  9.9
 5  Su        720 0028  0.5 0633  2.2 1251  0.4 1911  2.3
 6  Mo        720 0121  0.5 0727  2.2 1341  0.4 2000  2.3
 7  Tu        720 0212  0.5 0817  2.2 1429  0.4 2047  2.3
 8  We        720 0301  0.5 0906  2.2 1515  0.5 2133  2.3
 9  Th        720 0348  0.6 0952  2.1 1600  0.5 2218  2.2
10  Fr        720 0434  0.6 1037  2.1 1644  0.6 2303  2.2
11  Sa        720 0519  0.6 1122  2.0 1729  0.7 2348  2.1
12  Su        720 0604  0.7 1209  2.0 1816  0.7 9999  9.9
13  Mo        720 0034  2.1 0650  0.7 1257  1.9 1905  0.8
14  Tu        720 0120  2.0 0737  0.7 1348  1.9 1957  0.8
15  We        720 0209  2.0 0825  0.7 1442  1.9 2050  0.9
16  Th        720 0258  2.0 0915  0.7 1535  1.9 2143  0.9
17  Fr        720 0348  2.0 1006  0.7 1627  2.0 2235  0.8
18  Sa        720 0438  2.0 1055  0.7 1716  2.0 2324  0.8
19  Su        720 0527  2.0 1143  0.6 1803  2.1 9999  9.9
20  Mo        720 0011  0.7 0616  2.1 1230  0.5 1848  2.2
21  Tu        720 0059  0.6 0704  2.1 1317  0.5 1934  2.3
22  We        720 0146  0.6 0752  2.2 1403  0.4 2020  2.3
23  Th        720 0234  0.5 0841  2.2 1450  0.4 2107  2.4
24  Fr        720 0323  0.5 0930  2.3 1538  0.4 2155  2.4
25  Sa        720 0413  0.4 1020  2.3 1628  0.4 2245  2.4
26  Su        720 0504  0.4 1113  2.2 1720  0.4 2337  2.4
27  Mo        720 0557  0.4 1208  2.2 1815  0.5 9999  9.9
28  Tu        720 0030  2.3 0651  0.5 1306  2.2 1914  0.6
29  We        720 0127  2.2 0747  0.5 1407  2.2 2016  0.6
30  Th        720 0225  2.2 0846  0.5 1509  2.2 2118  0.7
31  Fr        720 0325  2.1 0947  0.5 1611  2.2 2220  0.7
 1  Sa        820 0426  2.1 1046  0.5 1709  2.2 2319  0.6
 2  Su        820 0524  2.1 1143  0.5 1804  2.2 9999  9.9
 3  Mo        820 0014  0.6 0620  2.1 1235  0.5 1854  2.3
 4  Tu        820 0105  0.6 0711  2.1 1324  0.5 1941  2.3
 5  We        820 0153  0.6 0759  2.2 1409  0.5 2025  2.3
 6  Th        820 0238  0.5 0843  2.1 1451  0.5 2107  2.3
 7  Fr        820 0321  0.6 0925  2.1 1532  0.5 2148  2.2
 8  Sa        820 0402  0.6 1007  2.1 1613  0.6 2229  2.2
 9  Su        820 0443  0.6 1048  2.1 1654  0.7 2310  2.1
10  Mo        820 0524  0.6 1130  2.0 1737  0.7 2352  2.1
11  Tu        820 0606  0.7 1215  2.0 1823  0.8 9999  9.9
12  We        820 0036  2.0 0650  0.7 1303  1.9 1912  0.8
13  Th        820 0122  2.0 0738  0.7 1355  1.9 2005  0.9
14  Fr        820 0213  1.9 0829  0.7 1450  1.9 2101  0.9
15  Sa        820 0306  1.9 0923  0.7 1546  2.0 2156  0.8
16  Su        820 0401  2.0 1018  0.7 1640  2.0 2250  0.8
17  Mo        820 0455  2.0 1111  0.6 1731  2.1 2342  0.7
18  Tu        820 0548  2.1 1202  0.5 1820  2.2 9999  9.9
19  We        820 0032  0.6 0640  2.2 1252  0.4 1908  2.3
20  Th        820 0122  0.5 0731  2.3 1340  0.3 1956  2.4
21  Fr        820 0212  0.4 0821  2.3 1429  0.3 2044  2.5
22  Sa        820 0302  0.3 0911  2.4 1518  0.3 2134  2.5
23  Su        820 0352  0.3 1002  2.4 1609  0.3 2224  2.4
24  Mo        820 0442  0.3 1054  2.3 1702  0.4 2316  2.4
25  Tu        820 0534  0.4 1149  2.3 1758  0.5 9999  9.9
26  We        820 0010  2.3 0628  0.4 1246  2.2 1857  0.6
27  Th        820 0107  2.2 0726  0.5 1348  2.2 1959  0.6
28  Fr        820 0207  2.1 0826  0.6 1451  2.1 2103  0.7
29  Sa        820 0310  2.1 0929  0.6 1554  2.1 2206  0.7
30  Su        820 0412  2.0 1031  0.6 1653  2.1 2304  0.7
31  Mo        820 0512  2.0 1128  0.6 1746  2.2 2358  0.6
 1  Tu        920 0606  2.1 1219  0.6 1835  2.2 9999  9.9
 2  We        920 0047  0.6 0654  2.1 1305  0.5 1919  2.2
 3  Th        920 0131  0.6 0739  2.1 1347  0.5 2000  2.2
 4  Fr        920 0213  0.6 0820  2.1 1426  0.5 2039  2.2
 5  Sa        920 0252  0.5 0859  2.1 1505  0.6 2117  2.2
 6  Su        920 0330  0.5 0937  2.1 1542  0.6 2155  2.2
 7  Mo        920 0407  0.6 1015  2.1 1621  0.7 2233  2.1
 8  Tu        920 0445  0.6 1054  2.1 1701  0.7 2312  2.1
 9  We        920 0525  0.6 1136  2.0 1745  0.8 2354  2.0
10  Th        920 0607  0.7 1221  2.0 1832  0.8 9999  9.9
11  Fr        920 0040  2.0 0654  0.7 1312  2.0 1925  0.9
12  Sa        920 0131  1.9 0746  0.7 1408  1.9 2022  0.9
13  Su        920 0227  1.9 0843  0.7 1507  2.0 2120  0.8
14  Mo        920 0327  1.9 0943  0.7 1604  2.1 2218  0.7
15  Tu        920 0426  2.0 1040  0.6 1659  2.2 2313  0.6
16  We        920 0523  2.1 1135  0.5 1751  2.3 9999  9.9
17  Th        920 0006  0.5 0617  2.2 1227  0.4 1842  2.4
18  Fr        920 0058  0.4 0709  2.3 1318  0.3 1931  2.5
19  Sa        920 0149  0.3 0801  2.4 1408  0.3 2021  2.5
20  Su        920 0239  0.2 0851  2.5 1459  0.3 2111  2.5
21  Mo        920 0329  0.2 0942  2.5 1550  0.3 2202  2.5
22  Tu        920 0419  0.3 1034  2.4 1644  0.4 2254  2.4
23  We        920 0511  0.3 1129  2.3 1740  0.5 2349  2.3
24  Th        920 0605  0.4 1226  2.3 1839  0.6 9999  9.9
25  Fr        920 0047  2.1 0703  0.5 1327  2.2 1942  0.7
26  Sa        920 0148  2.1 0805  0.6 1431  2.1 2046  0.7
27  Su        920 0252  2.0 0910  0.7 1533  2.1 2148  0.7
28  Mo        920 0356  2.0 1012  0.7 1632  2.1 2245  0.7
29  Tu        920 0455  2.0 1108  0.7 1724  2.1 2337  0.7
30  We        920 0547  2.0 1158  0.6 1810  2.2 9999  9.9
 1  Th       1020 0024  0.6 0634  2.1 1242  0.6 1853  2.2
 2  Fr       1020 0106  0.6 0716  2.1 1322  0.6 1932  2.2
 3  Sa       1020 0145  0.5 0755  2.1 1400  0.6 2009  2.2
 4  Su       1020 0222  0.5 0832  2.2 1437  0.6 2046  2.2
 5  Mo       1020 0258  0.5 0908  2.2 1514  0.6 2122  2.1
 6  Tu       1020 0334  0.5 0945  2.1 1552  0.7 2159  2.1
 7  We       1020 0410  0.6 1022  2.1 1631  0.7 2238  2.0
 8  Th       1020 0449  0.6 1102  2.1 1713  0.8 2320  2.0
 9  Fr       1020 0530  0.7 1147  2.0 1800  0.8 9999  9.9
10  Sa       1020 0006  2.0 0617  0.7 1236  2.0 1852  0.8
11  Su       1020 0057  1.9 0709  0.7 1332  2.0 1949  0.8
12  Mo       1020 0155  1.9 0808  0.7 1432  2.0 2049  0.8
13  Tu       1020 0256  2.0 0910  0.7 1531  2.1 2148  0.7
14  We       1020 0358  2.0 1011  0.6 1628  2.2 2246  0.6
15  Th       1020 0458  2.1 1108  0.5 1723  2.3 2341  0.4
16  Fr       1020 0555  2.3 1203  0.4 1815  2.4 9999  9.9
17  Sa       1020 0034  0.3 0648  2.4 1256  0.3 1906  2.5
18  Su       1020 0125  0.2 0741  2.5 1348  0.3 1958  2.5
19  Mo       1020 0216  0.2 0832  2.5 1440  0.3 2049  2.5
20  Tu       1020 0306  0.2 0923  2.5 1532  0.3 2141  2.4
21  We       1020 0357  0.2 1015  2.5 1626  0.4 2234  2.3
22  Th       1020 0448  0.3 1108  2.4 1722  0.5 2329  2.2
23  Fr       1020 0542  0.4 1204  2.3 1820  0.6 9999  9.9
24  Sa       1020 0026  2.1 0639  0.6 1303  2.2 1921  0.7
25  Su       1020 0126  2.0 0740  0.7 1405  2.1 2022  0.7
26  Mo       1020 0229  2.0 0843  0.7 1505  2.1 2122  0.7
27  Tu       1020 0331  1.9 0944  0.7 1602  2.1 2218  0.7
28  We       1020 0430  2.0 1040  0.7 1653  2.1 2308  0.7
29  Th       1020 0522  2.0 1129  0.7 1739  2.1 2354  0.6
30  Fr       1020 0608  2.0 1214  0.7 1821  2.1 9999  9.9
31  Sa       1020 0036  0.6 0650  2.1 1255  0.7 1901  2.1
 1  Su       1120 0115  0.6 0728  2.1 1333  0.7 1939  2.1
 2  Mo       1120 0152  0.5 0805  2.2 1411  0.7 2016  2.1
 3  Tu       1120 0228  0.5 0841  2.2 1448  0.7 2053  2.1
 4  We       1120 0304  0.5 0918  2.2 1526  0.7 2131  2.1
 5  Th       1120 0341  0.6 0955  2.1 1606  0.7 2210  2.0
 6  Fr       1120 0420  0.6 1036  2.1 1649  0.7 2253  2.0
 7  Sa       1120 0502  0.6 1120  2.1 1735  0.7 2339  2.0
 8  Su       1120 0548  0.6 1209  2.1 1826  0.8 9999  9.9
 9  Mo       1120 0031  2.0 0640  0.7 1303  2.1 1922  0.7
10  Tu       1120 0128  2.0 0739  0.7 1401  2.1 2021  0.7
11  We       1120 0230  2.0 0840  0.7 1500  2.2 2121  0.6
12  Th       1120 0333  2.1 0942  0.6 1558  2.2 2219  0.5
13  Fr       1120 0435  2.2 1042  0.5 1654  2.3 2316  0.4
14  Sa       1120 0533  2.3 1140  0.5 1749  2.4 9999  9.9
15  Su       1120 0010  0.3 0628  2.4 1235  0.4 1843  2.4
16  Mo       1120 0103  0.2 0721  2.5 1329  0.4 1936  2.4
17  Tu       1120 0155  0.2 0813  2.5 1422  0.3 2029  2.4
18  We       1120 0245  0.2 0904  2.5 1515  0.4 2122  2.4
19  Th       1120 0336  0.3 0955  2.5 1609  0.4 2215  2.3
20  Fr       1120 0427  0.4 1047  2.4 1703  0.5 2308  2.2
21  Sa       1120 0519  0.5 1141  2.3 1758  0.6 9999  9.9
22  Su       1120 0002  2.1 0612  0.6 1236  2.2 1854  0.6
23  Mo       1120 0059  2.0 0709  0.7 1333  2.1 1951  0.7
24  Tu       1120 0157  1.9 0808  0.7 1429  2.1 2047  0.7
25  We       1120 0257  1.9 0907  0.8 1523  2.0 2141  0.7
26  Th       1120 0354  1.9 1002  0.8 1614  2.0 2231  0.7
27  Fr       1120 0448  2.0 1054  0.8 1701  2.0 2318  0.7
28  Sa       1120 0536  2.0 1141  0.8 1745  2.0 9999  9.9
29  Su       1120 0002  0.6 0620  2.1 1224  0.7 1827  2.1
30  Mo       1120 0043  0.6 0700  2.1 1305  0.7 1908  2.1
 1  Tu       1220 0122  0.6 0738  2.1 1345  0.7 1947  2.1
 2  We       1220 0159  0.5 0816  2.2 1424  0.7 2027  2.1
 3  Th       1220 0237  0.5 0853  2.2 1503  0.7 2107  2.1
 4  Fr       1220 0316  0.5 0933  2.2 1545  0.7 2148  2.1
 5  Sa       1220 0357  0.5 1014  2.2 1629  0.7 2232  2.1
 6  Su       1220 0440  0.5 1059  2.2 1715  0.7 2319  2.0
 7  Mo       1220 0526  0.6 1147  2.2 1806  0.7 9999  9.9
 8  Tu       1220 0010  2.0 0617  0.6 1239  2.2 1859  0.6
 9  We       1220 0106  2.0 0714  0.6 1334  2.2 1956  0.6
10  Th       1220 0206  2.0 0814  0.6 1432  2.2 2054  0.6
11  Fr       1220 0310  2.1 0917  0.6 1530  2.2 2153  0.5
12  Sa       1220 0412  2.2 1019  0.6 1628  2.3 2252  0.4
13  Su       1220 0513  2.3 1119  0.5 1726  2.3 2348  0.3
14  Mo       1220 0610  2.3 1216  0.5 1823  2.3 9999  9.9
15  Tu       1220 0043  0.3 0704  2.4 1312  0.4 1918  2.3
16  We       1220 0136  0.3 0756  2.4 1406  0.4 2012  2.3
17  Th       1220 0227  0.3 0846  2.4 1459  0.4 2104  2.3
18  Fr       1220 0317  0.3 0936  2.4 1550  0.5 2155  2.2
19  Sa       1220 0406  0.4 1026  2.4 1641  0.5 2245  2.2
20  Su       1220 0454  0.5 1115  2.3 1732  0.6 2335  2.1
21  Mo       1220 0543  0.6 1205  2.2 1822  0.6 9999  9.9
22  Tu       1220 0026  2.0 0634  0.7 1255  2.1 1913  0.7
23  We       1220 0119  1.9 0727  0.8 1346  2.1 2004  0.7
24  Th       1220 0214  1.9 0822  0.8 1437  2.0 2055  0.7
25  Fr       1220 0310  1.9 0918  0.8 1528  2.0 2147  0.7
26  Sa       1220 0406  1.9 1012  0.9 1617  2.0 2237  0.7
27  Su       1220 0458  2.0 1103  0.8 1706  2.0 2324  0.7
28  Mo       1220 0545  2.0 1150  0.8 1752  2.0 9999  9.9
29  Tu       1220 0009  0.6 0628  2.1 1234  0.8 1836  2.0
30  We       1220 0051  0.6 0709  2.1 1317  0.7 1919  2.0
31  Th       1220 0132  0.5 0750  2.2 1359  0.7 2002  2.1
