401Whangaroa
Based on data from  1-Jul-2011
Local Std Time, tidal heights in metres.
 1  Fr        121 0253  0.6 0913  2.5 1522  0.8 2124  2.4
 2  Sa        121 0333  0.6 0953  2.5 1605  0.8 2206  2.4
 3  Su        121 0415  0.6 1036  2.6 1650  0.7 2251  2.4
 4  Mo        121 0459  0.6 1120  2.6 1737  0.7 2339  2.4
 5  Tu        121 0546  0.6 1207  2.5 1826  0.7 9999  9.9
 6  We        121 0030  2.3 0637  0.7 1258  2.5 1919  0.7
 7  Th        121 0127  2.3 0733  0.8 1352  2.5 2015  0.7
 8  Fr        121 0229  2.3 0834  0.8 1450  2.4 2114  0.7
 9  Sa        121 0334  2.3 0938  0.9 1550  2.4 2216  0.7
10  Su        121 0439  2.4 1044  0.8 1651  2.4 2317  0.6
11  Mo        121 0541  2.4 1146  0.8 1751  2.4 9999  9.9
12  Tu        121 0015  0.6 0639  2.5 1245  0.8 1850  2.5
13  We        121 0110  0.5 0733  2.6 1340  0.7 1945  2.5
14  Th        121 0202  0.5 0823  2.6 1432  0.7 2036  2.5
15  Fr        121 0250  0.5 0910  2.6 1521  0.7 2124  2.5
16  Sa        121 0336  0.5 0956  2.6 1608  0.7 2210  2.4
17  Su        121 0420  0.6 1039  2.6 1654  0.7 2254  2.4
18  Mo        121 0503  0.7 1122  2.5 1738  0.8 2338  2.3
19  Tu        121 0546  0.8 1205  2.4 1822  0.8 9999  9.9
20  We        121 0024  2.2 0631  0.9 1249  2.4 1907  0.9
21  Th        121 0112  2.2 0719  1.0 1336  2.3 1954  0.9
22  Fr        121 0206  2.1 0811  1.0 1425  2.2 2045  0.9
23  Sa        121 0304  2.1 0909  1.1 1518  2.2 2140  1.0
24  Su        121 0404  2.1 1008  1.1 1613  2.1 2236  0.9
25  Mo        121 0502  2.1 1106  1.1 1708  2.2 2330  0.9
26  Tu        121 0555  2.2 1159  1.1 1800  2.2 9999  9.9
27  We        121 0020  0.8 0642  2.3 1248  1.0 1849  2.3
28  Th        121 0106  0.7 0727  2.4 1333  0.9 1936  2.3
29  Fr        121 0149  0.7 0809  2.5 1417  0.8 2021  2.4
30  Sa        121 0231  0.6 0850  2.6 1501  0.7 2105  2.5
31  Su        121 0313  0.5 0932  2.6 1545  0.7 2149  2.5
 1  Mo        221 0356  0.5 1015  2.7 1630  0.6 2234  2.5
 2  Tu        221 0441  0.5 1059  2.7 1716  0.6 2321  2.5
 3  We        221 0528  0.6 1145  2.7 1804  0.6 9999  9.9
 4  Th        221 0012  2.5 0618  0.7 1234  2.6 1855  0.6
 5  Fr        221 0107  2.4 0713  0.8 1327  2.5 1950  0.7
 6  Sa        221 0208  2.4 0813  0.9 1426  2.4 2049  0.7
 7  Su        221 0313  2.3 0919  0.9 1528  2.4 2154  0.8
 8  Mo        221 0421  2.3 1027  0.9 1634  2.3 2259  0.7
 9  Tu        221 0525  2.4 1133  0.9 1738  2.3 9999  9.9
10  We        221 0001  0.7 0625  2.5 1233  0.9 1838  2.4
11  Th        221 0057  0.7 0718  2.5 1328  0.8 1932  2.4
12  Fr        221 0147  0.6 0806  2.6 1417  0.8 2021  2.5
13  Sa        221 0233  0.6 0851  2.6 1502  0.7 2106  2.5
14  Su        221 0315  0.6 0932  2.6 1544  0.7 2148  2.5
15  Mo        221 0355  0.7 1011  2.6 1624  0.7 2227  2.4
16  Tu        221 0435  0.7 1050  2.5 1704  0.8 2307  2.4
17  We        221 0514  0.8 1128  2.5 1743  0.8 2347  2.3
18  Th        221 0554  0.9 1207  2.4 1823  0.9 9999  9.9
19  Fr        221 0031  2.3 0638  1.0 1249  2.3 1906  0.9
20  Sa        221 0119  2.2 0726  1.1 1336  2.2 1954  1.0
21  Su        221 0214  2.1 0821  1.1 1429  2.2 2049  1.0
22  Mo        221 0315  2.1 0921  1.2 1528  2.1 2149  1.0
23  Tu        221 0417  2.1 1024  1.2 1628  2.1 2250  1.0
24  We        221 0515  2.2 1122  1.1 1726  2.2 2345  0.9
25  Th        221 0607  2.3 1216  1.0 1820  2.3 9999  9.9
26  Fr        221 0035  0.8 0655  2.4 1304  0.9 1910  2.4
27  Sa        221 0122  0.7 0740  2.6 1351  0.8 1957  2.5
28  Su        221 0206  0.6 0824  2.7 1436  0.6 2043  2.6
 1  Mo        321 0251  0.5 0907  2.8 1521  0.6 2129  2.7
 2  Tu        321 0335  0.5 0951  2.8 1607  0.5 2215  2.7
 3  We        321 0422  0.5 1036  2.8 1654  0.5 2303  2.6
 4  Th        321 0510  0.6 1123  2.7 1742  0.5 2354  2.6
 5  Fr        321 0601  0.7 1213  2.6 1832  0.6 9999  9.9
 6  Sa        321 0048  2.5 0657  0.8 1307  2.5 1928  0.7
 7  Su        321 0149  2.4 0759  0.9 1407  2.4 2029  0.8
 8  Mo        321 0255  2.4 0905  1.0 1513  2.3 2136  0.9
 9  Tu        321 0404  2.3 1015  1.0 1621  2.3 2244  0.9
10  We        321 0509  2.4 1121  1.0 1727  2.3 2347  0.8
11  Th        321 0608  2.4 1220  0.9 1826  2.3 9999  9.9
12  Fr        321 0042  0.8 0659  2.5 1311  0.8 1917  2.4
13  Sa        321 0129  0.7 0745  2.5 1356  0.8 2003  2.5
14  Su        321 0212  0.7 0826  2.6 1437  0.8 2044  2.5
15  Mo        321 0251  0.7 0904  2.6 1516  0.7 2123  2.5
16  Tu        321 0329  0.7 0940  2.5 1552  0.7 2200  2.5
17  We        321 0405  0.8 1016  2.5 1628  0.8 2236  2.4
18  Th        321 0443  0.9 1052  2.4 1705  0.8 2314  2.4
19  Fr        321 0521  0.9 1129  2.4 1743  0.9 2354  2.3
20  Sa        321 0602  1.0 1210  2.3 1824  0.9 9999  9.9
21  Su        321 0038  2.3 0649  1.1 1255  2.2 1910  1.0
22  Mo        321 0130  2.2 0741  1.1 1348  2.2 2004  1.0
23  Tu        321 0230  2.2 0841  1.2 1448  2.1 2105  1.0
24  We        321 0333  2.2 0944  1.1 1551  2.2 2209  1.0
25  Th        321 0434  2.3 1045  1.1 1653  2.2 2309  0.9
26  Fr        321 0529  2.4 1141  1.0 1749  2.3 9999  9.9
27  Sa        321 0002  0.8 0619  2.5 1233  0.8 1842  2.5
28  Su        321 0052  0.7 0707  2.6 1322  0.7 1932  2.6
29  Mo        321 0139  0.6 0753  2.7 1409  0.6 2020  2.7
30  Tu        321 0226  0.5 0840  2.8 1455  0.5 2108  2.8
31  We        321 0314  0.5 0926  2.8 1543  0.4 2156  2.8
 1  Th        421 0402  0.5 1013  2.8 1630  0.5 2245  2.7
 2  Fr        421 0453  0.6 1102  2.7 1720  0.5 2336  2.7
 3  Sa        421 0547  0.7 1154  2.6 1812  0.6 9999  9.9
 4  Su        421 0031  2.6 0644  0.8 1250  2.4 1908  0.8
 5  Mo        421 0132  2.5 0746  0.9 1353  2.3 2011  0.9
 6  Tu        421 0239  2.4 0853  1.0 1500  2.3 2119  0.9
 7  We        421 0346  2.4 1000  1.0 1608  2.2 2226  0.9
 8  Th        421 0449  2.4 1103  1.0 1712  2.3 2327  0.9
 9  Fr        421 0544  2.4 1159  0.9 1808  2.3 9999  9.9
10  Sa        421 0020  0.9 0633  2.5 1247  0.9 1857  2.4
11  Su        421 0105  0.8 0716  2.5 1329  0.8 1940  2.4
12  Mo        421 0146  0.8 0755  2.5 1408  0.8 2019  2.5
13  Tu        421 0224  0.8 0832  2.5 1445  0.7 2056  2.5
14  We        421 0301  0.8 0908  2.5 1520  0.7 2132  2.5
15  Th        421 0337  0.9 0944  2.5 1555  0.8 2208  2.5
16  Fr        421 0414  0.9 1020  2.4 1631  0.8 2244  2.4
17  Sa        421 0453  1.0 1057  2.4 1708  0.9 2324  2.4
18  Su        421 0534  1.0 1138  2.3 1749  0.9 9999  9.9
19  Mo        421 0007  2.3 0620  1.1 1223  2.2 1835  1.0
20  Tu        421 0057  2.3 0711  1.1 1315  2.2 1928  1.0
21  We        421 0154  2.3 0809  1.1 1415  2.2 2028  1.0
22  Th        421 0255  2.3 0910  1.1 1518  2.2 2131  1.0
23  Fr        421 0355  2.3 1010  1.0 1620  2.3 2232  0.9
24  Sa        421 0450  2.4 1107  0.9 1719  2.4 2328  0.8
25  Su        421 0543  2.6 1201  0.7 1814  2.5 9999  9.9
26  Mo        421 0021  0.7 0633  2.7 1251  0.6 1906  2.7
27  Tu        421 0112  0.6 0723  2.8 1341  0.5 1957  2.8
28  We        421 0202  0.6 0812  2.8 1430  0.4 2047  2.8
29  Th        421 0253  0.6 0902  2.8 1519  0.4 2136  2.8
30  Fr        421 0344  0.6 0952  2.7 1608  0.5 2227  2.8
 1  Sa        521 0437  0.7 1044  2.6 1659  0.5 2319  2.7
 2  Su        521 0533  0.8 1137  2.5 1753  0.7 9999  9.9
 3  Mo        521 0015  2.6 0631  0.8 1235  2.4 1850  0.8
 4  Tu        521 0115  2.5 0732  0.9 1337  2.3 1951  0.9
 5  We        521 0218  2.4 0835  1.0 1442  2.3 2056  1.0
 6  Th        521 0321  2.4 0938  1.0 1547  2.2 2200  1.0
 7  Fr        521 0419  2.4 1036  1.0 1648  2.3 2258  1.0
 8  Sa        521 0511  2.4 1129  0.9 1742  2.3 2350  1.0
 9  Su        521 0558  2.4 1216  0.9 1830  2.4 9999  9.9
10  Mo        521 0036  0.9 0641  2.4 1258  0.8 1913  2.4
11  Tu        521 0117  0.9 0722  2.4 1336  0.8 1952  2.5
12  We        521 0156  0.9 0800  2.4 1413  0.8 2030  2.5
13  Th        521 0234  0.9 0837  2.4 1449  0.8 2106  2.5
14  Fr        521 0312  0.9 0914  2.4 1525  0.8 2142  2.5
15  Sa        521 0350  1.0 0952  2.4 1602  0.8 2220  2.5
16  Su        521 0429  1.0 1031  2.3 1641  0.8 2259  2.4
17  Mo        521 0512  1.0 1113  2.3 1723  0.9 2343  2.4
18  Tu        521 0558  1.0 1158  2.3 1809  0.9 9999  9.9
19  We        521 0031  2.4 0648  1.0 1250  2.2 1900  0.9
20  Th        521 0124  2.4 0742  1.0 1347  2.2 1956  1.0
21  Fr        521 0221  2.4 0839  1.0 1448  2.3 2056  0.9
22  Sa        521 0318  2.4 0937  0.9 1550  2.3 2157  0.9
23  Su        521 0414  2.5 1035  0.8 1650  2.4 2256  0.8
24  Mo        521 0508  2.6 1130  0.7 1748  2.5 2353  0.8
25  Tu        521 0602  2.7 1223  0.6 1842  2.7 9999  9.9
26  We        521 0047  0.7 0655  2.7 1315  0.5 1935  2.8
27  Th        521 0141  0.6 0748  2.7 1406  0.4 2027  2.8
28  Fr        521 0234  0.6 0841  2.7 1457  0.4 2118  2.8
29  Sa        521 0328  0.6 0933  2.7 1548  0.5 2210  2.8
30  Su        521 0422  0.7 1026  2.6 1640  0.6 2302  2.7
31  Mo        521 0518  0.8 1120  2.5 1734  0.7 2356  2.6
 1  Tu        621 0614  0.8 1216  2.4 1829  0.8 9999  9.9
 2  We        621 0052  2.5 0711  0.9 1314  2.3 1926  0.9
 3  Th        621 0150  2.4 0809  0.9 1415  2.3 2025  1.0
 4  Fr        621 0247  2.4 0905  0.9 1516  2.2 2124  1.0
 5  Sa        621 0341  2.4 1000  0.9 1615  2.2 2221  1.0
 6  Su        621 0432  2.3 1052  0.9 1709  2.3 2314  1.0
 7  Mo        621 0520  2.3 1139  0.9 1758  2.3 9999  9.9
 8  Tu        621 0003  1.0 0605  2.3 1223  0.8 1843  2.4
 9  We        621 0047  1.0 0648  2.3 1304  0.8 1924  2.4
10  Th        621 0129  1.0 0729  2.4 1343  0.8 2003  2.4
11  Fr        621 0209  1.0 0809  2.4 1422  0.8 2042  2.5
12  Sa        621 0248  1.0 0849  2.4 1500  0.8 2119  2.5
13  Su        621 0328  0.9 0929  2.4 1538  0.8 2158  2.5
14  Mo        621 0408  0.9 1009  2.4 1618  0.8 2238  2.5
15  Tu        621 0451  0.9 1052  2.3 1700  0.8 2321  2.5
16  We        621 0537  0.9 1137  2.3 1746  0.8 9999  9.9
17  Th        621 0007  2.5 0625  0.9 1227  2.3 1835  0.9
18  Fr        621 0057  2.5 0717  0.9 1322  2.3 1928  0.9
19  Sa        621 0150  2.5 0811  0.9 1421  2.3 2026  0.9
20  Su        621 0245  2.5 0907  0.8 1523  2.4 2127  0.9
21  Mo        621 0342  2.5 1005  0.7 1625  2.4 2229  0.9
22  Tu        621 0439  2.5 1102  0.6 1724  2.5 2329  0.8
23  We        621 0536  2.6 1159  0.6 1821  2.6 9999  9.9
24  Th        621 0027  0.7 0632  2.6 1254  0.5 1916  2.7
25  Fr        621 0123  0.7 0729  2.6 1347  0.5 2010  2.8
26  Sa        621 0218  0.7 0824  2.6 1439  0.5 2101  2.8
27  Su        621 0312  0.7 0917  2.6 1531  0.5 2152  2.7
28  Mo        621 0406  0.7 1009  2.5 1621  0.6 2242  2.7
29  Tu        621 0458  0.7 1100  2.5 1711  0.7 2332  2.6
30  We        621 0550  0.8 1152  2.4 1802  0.8 9999  9.9
 1  Th        721 0023  2.5 0642  0.8 1244  2.3 1854  0.9
 2  Fr        721 0114  2.4 0733  0.9 1339  2.2 1947  1.0
 3  Sa        721 0205  2.4 0824  0.9 1436  2.2 2043  1.0
 4  Su        721 0257  2.3 0916  0.9 1534  2.2 2139  1.1
 5  Mo        721 0348  2.3 1009  0.9 1630  2.2 2235  1.1
 6  Tu        721 0439  2.3 1100  0.9 1723  2.3 2328  1.1
 7  We        721 0528  2.3 1148  0.9 1811  2.3 9999  9.9
 8  Th        721 0016  1.0 0616  2.3 1234  0.8 1856  2.4
 9  Fr        721 0101  1.0 0701  2.3 1316  0.8 1938  2.4
10  Sa        721 0144  1.0 0745  2.3 1357  0.7 2017  2.5
11  Su        721 0225  0.9 0826  2.4 1437  0.7 2057  2.5
12  Mo        721 0306  0.9 0908  2.4 1516  0.7 2136  2.5
13  Tu        721 0347  0.8 0949  2.4 1557  0.7 2216  2.6
14  We        721 0430  0.8 1032  2.4 1639  0.7 2258  2.6
15  Th        721 0515  0.8 1117  2.4 1723  0.7 2342  2.6
16  Fr        721 0601  0.8 1205  2.4 1811  0.8 9999  9.9
17  Sa        721 0030  2.5 0650  0.8 1258  2.4 1904  0.8
18  Su        721 0121  2.5 0743  0.7 1356  2.3 2001  0.9
19  Mo        721 0216  2.5 0839  0.7 1459  2.4 2103  0.9
20  Tu        721 0315  2.5 0939  0.7 1603  2.4 2208  0.9
21  We        721 0415  2.4 1040  0.7 1705  2.5 2311  0.9
22  Th        721 0517  2.5 1140  0.6 1805  2.5 9999  9.9
23  Fr        721 0012  0.8 0617  2.5 1238  0.6 1901  2.6
24  Sa        721 0110  0.7 0715  2.5 1332  0.5 1954  2.7
25  Su        721 0204  0.7 0810  2.5 1424  0.5 2044  2.7
26  Mo        721 0256  0.7 0901  2.5 1512  0.5 2132  2.7
27  Tu        721 0346  0.7 0949  2.5 1559  0.6 2218  2.7
28  We        721 0433  0.7 1036  2.5 1645  0.6 2303  2.6
29  Th        721 0519  0.7 1122  2.4 1730  0.7 2347  2.5
30  Fr        721 0605  0.8 1209  2.3 1817  0.8 9999  9.9
31  Sa        721 0032  2.4 0650  0.8 1258  2.3 1905  0.9
 1  Su        821 0119  2.3 0738  0.9 1351  2.2 1958  1.0
 2  Mo        821 0209  2.2 0828  0.9 1448  2.2 2055  1.1
 3  Tu        821 0302  2.2 0922  0.9 1548  2.1 2154  1.1
 4  We        821 0358  2.2 1018  0.9 1645  2.2 2252  1.1
 5  Th        821 0453  2.2 1113  0.9 1738  2.2 2345  1.1
 6  Fr        821 0545  2.2 1204  0.9 1826  2.3 9999  9.9
 7  Sa        821 0033  1.0 0634  2.2 1250  0.8 1910  2.4
 8  Su        821 0118  0.9 0720  2.3 1332  0.7 1951  2.5
 9  Mo        821 0200  0.8 0803  2.4 1413  0.6 2031  2.5
10  Tu        821 0241  0.8 0846  2.4 1453  0.6 2111  2.6
11  We        821 0323  0.7 0928  2.5 1534  0.6 2151  2.6
12  Th        821 0406  0.6 1011  2.5 1616  0.6 2233  2.6
13  Fr        821 0450  0.6 1056  2.5 1701  0.6 2317  2.6
14  Sa        821 0536  0.6 1144  2.5 1750  0.7 9999  9.9
15  Su        821 0004  2.6 0624  0.6 1236  2.4 1842  0.8
16  Mo        821 0055  2.5 0717  0.7 1334  2.4 1941  0.8
17  Tu        821 0152  2.4 0814  0.7 1438  2.3 2045  0.9
18  We        821 0254  2.3 0917  0.7 1545  2.3 2153  0.9
19  Th        821 0400  2.3 1024  0.7 1651  2.4 2300  0.9
20  Fr        821 0505  2.3 1128  0.7 1752  2.5 9999  9.9
21  Sa        821 0002  0.8 0608  2.4 1227  0.6 1848  2.5
22  Su        821 0059  0.7 0705  2.4 1319  0.6 1938  2.6
23  Mo        821 0150  0.7 0756  2.5 1408  0.5 2025  2.6
24  Tu        821 0237  0.6 0843  2.5 1452  0.5 2109  2.6
25  We        821 0322  0.6 0927  2.5 1535  0.6 2150  2.6
26  Th        821 0404  0.6 1009  2.5 1616  0.6 2230  2.5
27  Fr        821 0445  0.7 1051  2.4 1657  0.7 2310  2.5
28  Sa        821 0525  0.7 1132  2.3 1740  0.8 2350  2.4
29  Su        821 0606  0.8 1216  2.3 1825  0.9 9999  9.9
30  Mo        821 0034  2.3 0650  0.8 1305  2.2 1915  1.0
31  Tu        821 0122  2.2 0739  0.9 1401  2.1 2011  1.1
 1  We        921 0217  2.1 0834  1.0 1502  2.1 2112  1.1
 2  Th        921 0317  2.1 0935  1.0 1605  2.1 2214  1.1
 3  Fr        921 0417  2.1 1036  0.9 1702  2.2 2312  1.0
 4  Sa        921 0515  2.1 1131  0.9 1752  2.3 9999  9.9
 5  Su        921 0003  1.0 0606  2.2 1220  0.8 1838  2.4
 6  Mo        921 0048  0.8 0654  2.3 1304  0.7 1920  2.5
 7  Tu        921 0132  0.7 0738  2.4 1346  0.6 2001  2.6
 8  We        921 0214  0.6 0822  2.5 1428  0.5 2042  2.7
 9  Th        921 0256  0.5 0905  2.6 1510  0.5 2124  2.7
10  Fr        921 0340  0.5 0949  2.6 1554  0.5 2207  2.7
11  Sa        921 0424  0.4 1035  2.6 1641  0.6 2252  2.6
12  Su        921 0510  0.5 1124  2.5 1731  0.6 2341  2.5
13  Mo        921 0600  0.5 1216  2.5 1826  0.7 9999  9.9
14  Tu        921 0034  2.4 0654  0.6 1315  2.4 1926  0.8
15  We        921 0134  2.3 0754  0.7 1421  2.3 2033  0.9
16  Th        921 0240  2.2 0901  0.8 1531  2.3 2143  0.9
17  Fr        921 0350  2.2 1011  0.8 1638  2.3 2251  0.9
18  Sa        921 0458  2.2 1116  0.7 1738  2.4 2352  0.8
19  Su        921 0559  2.3 1214  0.7 1831  2.5 9999  9.9
20  Mo        921 0045  0.7 0653  2.4 1304  0.6 1918  2.5
21  Tu        921 0132  0.6 0740  2.4 1349  0.6 2002  2.6
22  We        921 0215  0.6 0824  2.5 1430  0.6 2042  2.6
23  Th        921 0255  0.6 0904  2.5 1509  0.6 2120  2.5
24  Fr        921 0333  0.6 0942  2.5 1548  0.7 2157  2.5
25  Sa        921 0409  0.6 1020  2.4 1626  0.8 2234  2.4
26  Su        921 0447  0.7 1058  2.4 1706  0.8 2312  2.3
27  Mo        921 0525  0.7 1139  2.3 1749  0.9 2353  2.2
28  Tu        921 0607  0.8 1224  2.2 1836  1.0 9999  9.9
29  We        921 0040  2.1 0654  0.9 1317  2.1 1930  1.1
30  Th        921 0134  2.1 0749  1.0 1417  2.1 2031  1.1
 1  Fr       1021 0236  2.0 0851  1.0 1521  2.1 2135  1.1
 2  Sa       1021 0340  2.0 0955  0.9 1621  2.2 2234  1.0
 3  Su       1021 0440  2.1 1053  0.9 1714  2.3 2328  0.9
 4  Mo       1021 0535  2.2 1145  0.8 1801  2.4 9999  9.9
 5  Tu       1021 0016  0.7 0625  2.3 1232  0.7 1846  2.5
 6  We       1021 0101  0.6 0711  2.5 1317  0.6 1929  2.6
 7  Th       1021 0145  0.5 0757  2.6 1401  0.5 2013  2.7
 8  Fr       1021 0229  0.4 0843  2.7 1447  0.5 2057  2.7
 9  Sa       1021 0314  0.3 0929  2.7 1534  0.5 2143  2.7
10  Su       1021 0400  0.3 1016  2.7 1623  0.5 2231  2.6
11  Mo       1021 0448  0.4 1106  2.6 1715  0.6 2322  2.5
12  Tu       1021 0539  0.5 1159  2.5 1812  0.7 9999  9.9
13  We       1021 0017  2.4 0635  0.6 1259  2.4 1915  0.8
14  Th       1021 0119  2.3 0737  0.7 1406  2.3 2022  0.9
15  Fr       1021 0228  2.2 0845  0.8 1515  2.3 2131  0.9
16  Sa       1021 0339  2.2 0955  0.8 1620  2.3 2237  0.8
17  Su       1021 0446  2.2 1059  0.8 1717  2.4 2334  0.8
18  Mo       1021 0544  2.3 1155  0.8 1808  2.4 9999  9.9
19  Tu       1021 0025  0.7 0636  2.3 1243  0.7 1853  2.4
20  We       1021 0109  0.6 0721  2.4 1326  0.7 1934  2.5
21  Th       1021 0149  0.6 0802  2.4 1406  0.7 2013  2.5
22  Fr       1021 0226  0.6 0840  2.4 1444  0.7 2050  2.4
23  Sa       1021 0302  0.6 0916  2.4 1521  0.7 2126  2.4
24  Su       1021 0338  0.6 0953  2.4 1559  0.8 2202  2.3
25  Mo       1021 0414  0.6 1029  2.4 1638  0.9 2240  2.3
26  Tu       1021 0451  0.7 1108  2.3 1719  0.9 2321  2.2
27  We       1021 0532  0.8 1151  2.2 1805  1.0 9999  9.9
28  Th       1021 0006  2.1 0617  0.9 1240  2.2 1856  1.0
29  Fr       1021 0057  2.1 0709  0.9 1336  2.1 1954  1.0
30  Sa       1021 0156  2.0 0808  0.9 1437  2.1 2054  1.0
31  Su       1021 0300  2.0 0911  0.9 1536  2.2 2153  0.9
 1  Mo       1121 0402  2.1 1011  0.9 1630  2.3 2249  0.8
 2  Tu       1121 0500  2.2 1107  0.8 1721  2.4 2340  0.7
 3  We       1121 0554  2.3 1158  0.7 1809  2.5 9999  9.9
 4  Th       1121 0029  0.5 0644  2.5 1248  0.6 1857  2.6
 5  Fr       1121 0116  0.4 0733  2.6 1337  0.5 1945  2.7
 6  Sa       1121 0203  0.3 0821  2.7 1426  0.5 2033  2.7
 7  Su       1121 0251  0.3 0909  2.7 1516  0.5 2123  2.7
 8  Mo       1121 0339  0.3 0959  2.7 1608  0.5 2213  2.6
 9  Tu       1121 0429  0.4 1050  2.7 1703  0.6 2306  2.5
10  We       1121 0522  0.5 1144  2.6 1800  0.7 9999  9.9
11  Th       1121 0003  2.4 0618  0.6 1243  2.5 1902  0.8
12  Fr       1121 0104  2.2 0719  0.7 1346  2.4 2006  0.8
13  Sa       1121 0211  2.2 0824  0.8 1451  2.3 2110  0.8
14  Su       1121 0319  2.1 0930  0.9 1552  2.3 2212  0.8
15  Mo       1121 0424  2.2 1033  0.9 1647  2.3 2307  0.8
16  Tu       1121 0521  2.2 1128  0.9 1737  2.3 2357  0.7
17  We       1121 0612  2.3 1217  0.8 1822  2.3 9999  9.9
18  Th       1121 0041  0.7 0657  2.3 1301  0.8 1904  2.4
19  Fr       1121 0121  0.6 0738  2.4 1342  0.8 1944  2.4
20  Sa       1121 0159  0.6 0816  2.4 1421  0.8 2022  2.3
21  Su       1121 0235  0.6 0853  2.4 1458  0.8 2100  2.3
22  Mo       1121 0311  0.6 0929  2.4 1536  0.8 2137  2.3
23  Tu       1121 0347  0.7 1006  2.4 1615  0.9 2216  2.2
24  We       1121 0425  0.7 1045  2.3 1656  0.9 2256  2.2
25  Th       1121 0505  0.7 1126  2.3 1740  0.9 2339  2.2
26  Fr       1121 0548  0.8 1211  2.3 1828  0.9 9999  9.9
27  Sa       1121 0027  2.1 0636  0.8 1301  2.2 1920  0.9
28  Su       1121 0121  2.1 0730  0.9 1355  2.2 2015  0.9
29  Mo       1121 0221  2.1 0828  0.9 1451  2.3 2112  0.9
30  Tu       1121 0324  2.1 0929  0.9 1547  2.3 2209  0.8
 1  We       1221 0425  2.2 1028  0.8 1641  2.4 2304  0.6
 2  Th       1221 0523  2.4 1126  0.7 1735  2.5 2358  0.5
 3  Fr       1221 0618  2.5 1221  0.7 1828  2.6 9999  9.9
 4  Sa       1221 0050  0.4 0710  2.6 1315  0.6 1921  2.6
 5  Su       1221 0141  0.3 0802  2.7 1408  0.5 2014  2.6
 6  Mo       1221 0231  0.3 0853  2.7 1501  0.5 2106  2.6
 7  Tu       1221 0322  0.3 0944  2.7 1555  0.6 2159  2.6
 8  We       1221 0413  0.4 1036  2.7 1650  0.6 2252  2.5
 9  Th       1221 0506  0.5 1128  2.6 1746  0.7 2347  2.4
10  Fr       1221 0600  0.6 1223  2.5 1843  0.7 9999  9.9
11  Sa       1221 0044  2.3 0656  0.7 1320  2.4 1940  0.8
12  Su       1221 0145  2.2 0755  0.8 1418  2.4 2038  0.8
13  Mo       1221 0248  2.1 0856  0.9 1514  2.3 2136  0.8
14  Tu       1221 0351  2.1 0956  1.0 1609  2.3 2231  0.8
15  We       1221 0449  2.2 1054  1.0 1700  2.3 2322  0.8
16  Th       1221 0543  2.2 1147  1.0 1748  2.2 9999  9.9
17  Fr       1221 0009  0.8 0630  2.3 1234  0.9 1834  2.3
18  Sa       1221 0053  0.7 0714  2.3 1318  0.9 1917  2.3
19  Su       1221 0133  0.7 0754  2.4 1359  0.9 1958  2.3
20  Mo       1221 0212  0.7 0832  2.4 1438  0.9 2038  2.3
21  Tu       1221 0249  0.7 0909  2.4 1517  0.9 2117  2.3
22  We       1221 0326  0.7 0946  2.4 1556  0.9 2155  2.3
23  Th       1221 0404  0.7 1024  2.4 1636  0.9 2235  2.3
24  Fr       1221 0443  0.7 1103  2.4 1718  0.9 2316  2.2
25  Sa       1221 0524  0.7 1145  2.4 1802  0.9 9999  9.9
26  Su       1221 0001  2.2 0608  0.8 1230  2.4 1849  0.8
27  Mo       1221 0051  2.2 0657  0.8 1318  2.4 1939  0.8
28  Tu       1221 0147  2.2 0751  0.9 1411  2.4 2034  0.8
29  We       1221 0248  2.2 0851  0.9 1507  2.4 2132  0.7
30  Th       1221 0352  2.3 0954  0.9 1606  2.4 2231  0.7
31  Fr       1221 0454  2.4 1058  0.8 1705  2.4 2330  0.6
