070Auckland
Based on data from  1-Jan-2010
Local Std Time, tidal heights in metres.
 1  Sa        122 0537  3.2 1134  0.7 1750  3.2 9999  9.9
 2  Su        122 0003  0.5 0635  3.3 1231  0.6 1851  3.2
 3  Mo        122 0059  0.4 0730  3.5 1327  0.5 1949  3.3
 4  Tu        122 0153  0.3 0823  3.5 1422  0.5 2044  3.3
 5  We        122 0245  0.3 0915  3.6 1516  0.4 2137  3.3
 6  Th        122 0335  0.3 1006  3.5 1609  0.5 2229  3.3
 7  Fr        122 0425  0.4 1057  3.5 1701  0.5 2319  3.2
 8  Sa        122 0516  0.6 1148  3.3 1752  0.6 9999  9.9
 9  Su        122 0009  3.1 0607  0.7 1238  3.2 1843  0.7
10  Mo        122 0059  3.0 0701  0.9 1329  3.1 1934  0.8
11  Tu        122 0152  2.9 0758  1.0 1420  3.0 2026  0.9
12  We        122 0248  2.8 0856  1.1 1512  2.9 2119  0.9
13  Th        122 0347  2.8 0953  1.1 1605  2.8 2213  1.0
14  Fr        122 0444  2.8 1047  1.1 1657  2.8 2306  1.0
15  Sa        122 0536  2.8 1136  1.1 1749  2.8 2355  0.9
16  Su        122 0624  2.9 1222  1.1 1838  2.8 9999  9.9
17  Mo        122 0040  0.9 0708  2.9 1305  1.0 1924  2.8
18  Tu        122 0122  0.8 0748  3.0 1346  1.0 2007  2.9
19  We        122 0201  0.7 0827  3.1 1426  0.9 2048  3.0
20  Th        122 0240  0.7 0906  3.1 1507  0.9 2127  3.0
21  Fr        122 0318  0.7 0944  3.2 1547  0.8 2207  3.0
22  Sa        122 0358  0.7 1024  3.2 1628  0.8 2247  3.1
23  Su        122 0439  0.7 1106  3.2 1711  0.7 2329  3.0
24  Mo        122 0522  0.7 1149  3.2 1755  0.7 9999  9.9
25  Tu        122 0015  3.0 0610  0.8 1236  3.1 1843  0.7
26  We        122 0105  3.0 0704  0.9 1326  3.1 1936  0.8
27  Th        122 0202  3.0 0804  0.9 1422  3.1 2034  0.8
28  Fr        122 0306  3.0 0908  0.9 1522  3.0 2137  0.7
29  Sa        122 0413  3.0 1013  0.9 1627  3.0 2242  0.7
30  Su        122 0517  3.1 1115  0.8 1733  3.1 2345  0.6
31  Mo        122 0617  3.3 1215  0.7 1836  3.2 9999  9.9
 1  Tu        222 0043  0.5 0713  3.4 1312  0.6 1934  3.3
 2  We        222 0137  0.4 0806  3.5 1406  0.5 2029  3.3
 3  Th        222 0228  0.4 0857  3.5 1458  0.5 2120  3.4
 4  Fr        222 0317  0.4 0946  3.5 1548  0.5 2208  3.3
 5  Sa        222 0404  0.5 1033  3.4 1636  0.5 2254  3.3
 6  Su        222 0450  0.6 1120  3.3 1722  0.6 2339  3.2
 7  Mo        222 0537  0.8 1206  3.2 1807  0.7 9999  9.9
 8  Tu        222 0025  3.0 0625  0.9 1252  3.1 1853  0.8
 9  We        222 0112  2.9 0716  1.0 1339  2.9 1941  0.9
10  Th        222 0204  2.8 0812  1.2 1428  2.8 2033  1.0
11  Fr        222 0302  2.7 0910  1.2 1521  2.7 2129  1.1
12  Sa        222 0401  2.7 1007  1.2 1617  2.7 2227  1.1
13  Su        222 0458  2.7 1100  1.2 1713  2.7 2321  1.0
14  Mo        222 0550  2.8 1149  1.2 1807  2.7 9999  9.9
15  Tu        222 0010  1.0 0636  2.9 1235  1.1 1855  2.8
16  We        222 0053  0.9 0718  3.0 1318  1.0 1940  2.9
17  Th        222 0134  0.8 0758  3.1 1400  0.9 2022  3.0
18  Fr        222 0214  0.7 0838  3.2 1441  0.8 2102  3.1
19  Sa        222 0254  0.6 0918  3.3 1522  0.7 2143  3.2
20  Su        222 0335  0.6 1000  3.3 1604  0.6 2224  3.2
21  Mo        222 0417  0.6 1042  3.3 1646  0.6 2308  3.2
22  Tu        222 0502  0.7 1127  3.3 1731  0.6 2354  3.2
23  We        222 0551  0.7 1214  3.2 1819  0.7 9999  9.9
24  Th        222 0045  3.1 0645  0.8 1305  3.1 1912  0.7
25  Fr        222 0143  3.0 0745  0.9 1402  3.1 2012  0.8
26  Sa        222 0248  3.0 0850  0.9 1504  3.0 2118  0.8
27  Su        222 0355  3.0 0956  0.9 1612  3.0 2226  0.8
28  Mo        222 0500  3.1 1100  0.9 1719  3.0 2330  0.7
 1  Tu        322 0600  3.2 1200  0.8 1822  3.1 9999  9.9
 2  We        322 0028  0.6 0655  3.4 1256  0.7 1919  3.2
 3  Th        322 0120  0.5 0746  3.4 1348  0.6 2011  3.3
 4  Fr        322 0209  0.5 0835  3.5 1437  0.5 2059  3.4
 5  Sa        322 0255  0.5 0921  3.4 1523  0.5 2143  3.3
 6  Su        322 0339  0.6 1006  3.4 1606  0.6 2226  3.3
 7  Mo        322 0422  0.7 1049  3.3 1648  0.6 2308  3.2
 8  Tu        322 0504  0.8 1132  3.2 1729  0.8 2349  3.1
 9  We        322 0549  1.0 1214  3.0 1811  0.9 9999  9.9
10  Th        322 0033  2.9 0636  1.1 1258  2.9 1856  1.0
11  Fr        322 0121  2.8 0728  1.2 1345  2.8 1946  1.1
12  Sa        322 0215  2.7 0825  1.3 1437  2.7 2043  1.2
13  Su        322 0316  2.7 0924  1.3 1534  2.7 2144  1.2
14  Mo        322 0415  2.7 1020  1.3 1634  2.7 2243  1.1
15  Tu        322 0509  2.8 1112  1.2 1731  2.7 2334  1.0
16  We        322 0557  2.9 1200  1.1 1822  2.9 9999  9.9
17  Th        322 0021  0.9 0642  3.0 1245  0.9 1909  3.0
18  Fr        322 0104  0.8 0725  3.2 1329  0.8 1953  3.1
19  Sa        322 0146  0.7 0807  3.3 1412  0.7 2035  3.3
20  Su        322 0228  0.6 0850  3.3 1455  0.6 2118  3.3
21  Mo        322 0311  0.6 0934  3.4 1538  0.5 2202  3.4
22  Tu        322 0356  0.6 1020  3.4 1623  0.5 2248  3.4
23  We        322 0443  0.6 1107  3.3 1710  0.6 2336  3.3
24  Th        322 0535  0.7 1157  3.2 1759  0.6 9999  9.9
25  Fr        322 0030  3.2 0631  0.8 1251  3.1 1854  0.7
26  Sa        322 0129  3.1 0733  0.9 1349  3.0 1956  0.8
27  Su        322 0234  3.1 0838  1.0 1453  3.0 2104  0.9
28  Mo        322 0340  3.1 0944  0.9 1601  3.0 2213  0.9
29  Tu        322 0443  3.1 1046  0.9 1707  3.0 2315  0.8
30  We        322 0541  3.2 1143  0.8 1807  3.1 9999  9.9
31  Th        322 0011  0.7 0634  3.3 1236  0.7 1901  3.2
 1  Fr        422 0101  0.7 0723  3.3 1326  0.6 1950  3.3
 2  Sa        422 0147  0.6 0810  3.4 1411  0.6 2035  3.3
 3  Su        422 0230  0.7 0854  3.3 1454  0.6 2117  3.3
 4  Mo        422 0312  0.7 0937  3.3 1534  0.6 2157  3.3
 5  Tu        422 0352  0.8 1018  3.2 1614  0.7 2236  3.2
 6  We        422 0433  0.9 1058  3.1 1653  0.8 2315  3.1
 7  Th        422 0515  1.0 1139  3.0 1733  0.9 2356  3.0
 8  Fr        422 0600  1.1 1221  2.9 1816  1.0 9999  9.9
 9  Sa        422 0042  2.9 0650  1.2 1306  2.8 1904  1.1
10  Su        422 0133  2.8 0745  1.3 1357  2.7 1959  1.2
11  Mo        422 0231  2.8 0842  1.3 1453  2.7 2100  1.2
12  Tu        422 0329  2.8 0938  1.2 1553  2.7 2201  1.1
13  We        422 0424  2.8 1031  1.1 1651  2.8 2255  1.0
14  Th        422 0514  3.0 1121  1.0 1745  2.9 2344  0.9
15  Fr        422 0602  3.1 1209  0.9 1835  3.1 9999  9.9
16  Sa        422 0031  0.8 0648  3.2 1255  0.7 1922  3.2
17  Su        422 0116  0.7 0735  3.3 1342  0.6 2008  3.4
18  Mo        422 0201  0.6 0822  3.4 1428  0.5 2054  3.5
19  Tu        422 0248  0.5 0910  3.4 1514  0.4 2141  3.5
20  We        422 0336  0.6 0959  3.4 1602  0.4 2230  3.5
21  Th        422 0427  0.6 1050  3.3 1651  0.5 2322  3.4
22  Fr        422 0522  0.7 1143  3.2 1743  0.6 9999  9.9
23  Sa        422 0017  3.3 0621  0.8 1239  3.1 1840  0.8
24  Su        422 0117  3.2 0723  0.9 1339  3.0 1943  0.9
25  Mo        422 0220  3.2 0827  0.9 1442  3.0 2051  0.9
26  Tu        422 0323  3.1 0929  0.9 1547  3.0 2157  0.9
27  We        422 0422  3.2 1028  0.9 1650  3.0 2257  0.9
28  Th        422 0517  3.2 1123  0.8 1747  3.1 2350  0.8
29  Fr        422 0609  3.2 1213  0.7 1839  3.2 9999  9.9
30  Sa        422 0038  0.8 0657  3.2 1300  0.7 1926  3.2
 1  Su        522 0122  0.8 0742  3.2 1343  0.7 2009  3.2
 2  Mo        522 0204  0.8 0826  3.2 1424  0.7 2050  3.2
 3  Tu        522 0244  0.8 0907  3.1 1503  0.7 2128  3.2
 4  We        522 0324  0.9 0948  3.1 1542  0.8 2206  3.1
 5  Th        522 0404  1.0 1027  3.0 1620  0.8 2245  3.1
 6  Fr        522 0446  1.0 1107  2.9 1659  0.9 2325  3.0
 7  Sa        522 0530  1.1 1149  2.8 1741  1.0 9999  9.9
 8  Su        522 0009  2.9 0617  1.2 1233  2.8 1827  1.1
 9  Mo        522 0058  2.9 0708  1.2 1321  2.7 1920  1.1
10  Tu        522 0150  2.8 0802  1.2 1414  2.7 2018  1.2
11  We        522 0244  2.9 0856  1.1 1512  2.7 2118  1.1
12  Th        522 0338  2.9 0949  1.0 1611  2.8 2215  1.0
13  Fr        522 0430  3.0 1041  0.9 1707  3.0 2307  0.9
14  Sa        522 0521  3.1 1133  0.8 1801  3.1 2358  0.8
15  Su        522 0612  3.2 1223  0.6 1852  3.3 9999  9.9
16  Mo        522 0047  0.7 0704  3.3 1313  0.5 1942  3.4
17  Tu        522 0136  0.6 0756  3.4 1403  0.4 2032  3.5
18  We        522 0227  0.5 0848  3.4 1453  0.4 2122  3.6
19  Th        522 0319  0.5 0941  3.4 1543  0.4 2214  3.5
20  Fr        522 0413  0.6 1035  3.3 1634  0.5 2307  3.5
21  Sa        522 0510  0.7 1130  3.3 1728  0.6 9999  9.9
22  Su        522 0004  3.4 0609  0.7 1226  3.2 1826  0.7
23  Mo        522 0102  3.3 0709  0.8 1325  3.1 1928  0.8
24  Tu        522 0201  3.2 0809  0.8 1425  3.0 2033  0.9
25  We        522 0300  3.2 0908  0.8 1527  3.0 2136  1.0
26  Th        522 0356  3.1 1004  0.8 1627  3.0 2234  1.0
27  Fr        522 0450  3.1 1057  0.8 1723  3.0 2326  0.9
28  Sa        522 0540  3.1 1146  0.8 1814  3.1 9999  9.9
29  Su        522 0013  0.9 0628  3.1 1232  0.8 1900  3.1
30  Mo        522 0056  0.9 0714  3.1 1315  0.7 1943  3.1
31  Tu        522 0138  0.9 0758  3.0 1356  0.7 2023  3.1
 1  We        622 0218  0.9 0840  3.0 1435  0.8 2102  3.1
 2  Th        622 0258  1.0 0920  3.0 1513  0.8 2140  3.1
 3  Fr        622 0338  1.0 1000  2.9 1551  0.8 2218  3.1
 4  Sa        622 0420  1.0 1040  2.9 1630  0.9 2258  3.0
 5  Su        622 0503  1.1 1121  2.8 1711  0.9 2340  3.0
 6  Mo        622 0548  1.1 1203  2.8 1756  1.0 9999  9.9
 7  Tu        622 0026  2.9 0635  1.1 1249  2.8 1845  1.0
 8  We        622 0114  2.9 0724  1.1 1339  2.8 1939  1.1
 9  Th        622 0204  2.9 0815  1.0 1434  2.8 2037  1.1
10  Fr        622 0256  3.0 0909  0.9 1532  2.9 2136  1.0
11  Sa        622 0350  3.0 1004  0.8 1632  3.0 2233  0.9
12  Su        622 0445  3.1 1059  0.7 1730  3.1 2328  0.8
13  Mo        622 0541  3.2 1154  0.6 1825  3.3 9999  9.9
14  Tu        622 0021  0.7 0637  3.3 1248  0.5 1919  3.4
15  We        622 0115  0.6 0734  3.3 1341  0.4 2012  3.5
16  Th        622 0209  0.5 0830  3.4 1434  0.3 2104  3.6
17  Fr        622 0303  0.5 0926  3.4 1526  0.3 2157  3.6
18  Sa        622 0359  0.5 1020  3.4 1618  0.4 2251  3.5
19  Su        622 0455  0.6 1114  3.3 1712  0.5 2346  3.4
20  Mo        622 0552  0.6 1209  3.2 1808  0.7 9999  9.9
21  Tu        622 0041  3.3 0648  0.7 1304  3.1 1907  0.8
22  We        622 0137  3.2 0744  0.8 1401  3.0 2008  0.9
23  Th        622 0232  3.1 0839  0.8 1500  2.9 2108  1.0
24  Fr        622 0326  3.1 0934  0.8 1558  2.9 2205  1.0
25  Sa        622 0418  3.0 1026  0.9 1654  2.9 2258  1.0
26  Su        622 0509  3.0 1117  0.9 1746  3.0 2346  1.0
27  Mo        622 0559  2.9 1204  0.8 1833  3.0 9999  9.9
28  Tu        622 0030  1.0 0647  2.9 1249  0.8 1917  3.0
29  We        622 0113  1.0 0732  2.9 1330  0.8 1958  3.1
30  Th        622 0154  1.0 0815  2.9 1410  0.8 2037  3.1
 1  Fr        722 0235  1.0 0856  2.9 1448  0.8 2115  3.1
 2  Sa        722 0315  1.0 0936  2.9 1526  0.8 2153  3.1
 3  Su        722 0355  1.0 1015  2.9 1604  0.8 2232  3.1
 4  Mo        722 0436  1.0 1054  2.9 1644  0.8 2312  3.0
 5  Tu        722 0518  0.9 1135  2.9 1727  0.9 2355  3.0
 6  We        722 0602  0.9 1219  2.9 1813  0.9 9999  9.9
 7  Th        722 0040  3.0 0648  0.9 1306  2.9 1905  1.0
 8  Fr        722 0129  3.0 0738  0.9 1400  2.9 2002  1.0
 9  Sa        722 0220  3.0 0833  0.8 1459  2.9 2103  1.0
10  Su        722 0316  3.0 0931  0.8 1602  3.0 2203  0.9
11  Mo        722 0415  3.1 1031  0.7 1704  3.1 2303  0.8
12  Tu        722 0516  3.1 1131  0.6 1804  3.3 9999  9.9
13  We        722 0000  0.7 0617  3.2 1228  0.5 1900  3.4
14  Th        722 0057  0.6 0717  3.3 1324  0.4 1954  3.5
15  Fr        722 0153  0.5 0815  3.3 1417  0.3 2047  3.6
16  Sa        722 0248  0.5 0910  3.4 1509  0.3 2139  3.6
17  Su        722 0342  0.4 1003  3.4 1600  0.4 2231  3.5
18  Mo        722 0435  0.5 1054  3.3 1651  0.5 2323  3.4
19  Tu        722 0528  0.5 1145  3.2 1744  0.6 9999  9.9
20  We        722 0015  3.3 0619  0.6 1237  3.1 1838  0.8
21  Th        722 0106  3.2 0711  0.7 1330  3.0 1935  0.9
22  Fr        722 0158  3.1 0804  0.8 1426  2.9 2034  1.0
23  Sa        722 0251  2.9 0857  0.9 1524  2.8 2132  1.1
24  Su        722 0344  2.9 0952  0.9 1622  2.8 2227  1.1
25  Mo        722 0437  2.8 1046  0.9 1716  2.8 2317  1.1
26  Tu        722 0530  2.8 1136  0.9 1805  2.9 9999  9.9
27  We        722 0005  1.1 0620  2.8 1223  0.9 1850  2.9
28  Th        722 0049  1.0 0707  2.8 1306  0.8 1932  3.0
29  Fr        722 0130  1.0 0751  2.9 1345  0.8 2011  3.1
30  Sa        722 0211  0.9 0832  2.9 1424  0.7 2049  3.1
31  Su        722 0250  0.9 0911  3.0 1501  0.7 2127  3.1
 1  Mo        822 0329  0.8 0949  3.0 1539  0.7 2205  3.1
 2  Tu        822 0409  0.8 1028  3.0 1618  0.7 2245  3.1
 3  We        822 0449  0.8 1108  3.0 1700  0.8 2326  3.1
 4  Th        822 0532  0.8 1151  3.0 1745  0.8 9999  9.9
 5  Fr        822 0011  3.1 0617  0.8 1238  2.9 1836  0.9
 6  Sa        822 0059  3.0 0706  0.8 1332  2.9 1934  0.9
 7  Su        822 0151  3.0 0802  0.8 1433  2.9 2036  0.9
 8  Mo        822 0249  3.0 0904  0.8 1539  3.0 2141  0.9
 9  Tu        822 0353  3.0 1009  0.7 1644  3.1 2244  0.8
10  We        822 0459  3.0 1113  0.6 1746  3.2 2344  0.7
11  Th        822 0603  3.1 1213  0.5 1843  3.4 9999  9.9
12  Fr        822 0042  0.6 0703  3.2 1308  0.4 1937  3.5
13  Sa        822 0137  0.5 0800  3.3 1400  0.3 2028  3.5
14  Su        822 0230  0.4 0852  3.4 1450  0.3 2119  3.6
15  Mo        822 0321  0.4 0942  3.4 1539  0.4 2208  3.5
16  Tu        822 0410  0.4 1030  3.3 1627  0.5 2256  3.4
17  We        822 0458  0.5 1117  3.2 1715  0.6 2344  3.3
18  Th        822 0545  0.6 1205  3.1 1805  0.8 9999  9.9
19  Fr        822 0032  3.1 0633  0.7 1254  3.0 1858  0.9
20  Sa        822 0121  3.0 0722  0.8 1347  2.8 1955  1.1
21  Su        822 0212  2.8 0816  0.9 1445  2.8 2055  1.1
22  Mo        822 0306  2.7 0913  1.0 1545  2.7 2153  1.2
23  Tu        822 0402  2.7 1012  1.0 1642  2.7 2247  1.1
24  We        822 0459  2.7 1107  1.0 1734  2.8 2336  1.1
25  Th        822 0552  2.7 1156  0.9 1820  2.9 9999  9.9
26  Fr        822 0022  1.0 0641  2.8 1239  0.8 1902  3.0
27  Sa        822 0103  0.9 0724  2.9 1319  0.7 1942  3.0
28  Su        822 0143  0.8 0805  3.0 1357  0.7 2020  3.1
29  Mo        822 0222  0.8 0844  3.0 1435  0.6 2058  3.2
30  Tu        822 0301  0.7 0923  3.1 1514  0.6 2137  3.2
31  We        822 0341  0.6 1002  3.1 1554  0.6 2218  3.2
 1  Th        922 0422  0.6 1043  3.1 1636  0.7 2301  3.2
 2  Fr        922 0504  0.6 1127  3.1 1723  0.7 2346  3.1
 3  Sa        922 0550  0.6 1215  3.0 1814  0.8 9999  9.9
 4  Su        922 0036  3.0 0640  0.7 1311  3.0 1913  0.9
 5  Mo        922 0130  3.0 0738  0.8 1414  2.9 2018  0.9
 6  Tu        922 0232  2.9 0844  0.8 1522  3.0 2125  0.9
 7  We        922 0339  2.9 0953  0.8 1628  3.0 2229  0.8
 8  Th        922 0447  3.0 1059  0.7 1729  3.2 2330  0.7
 9  Fr        922 0551  3.1 1159  0.5 1825  3.3 9999  9.9
10  Sa        922 0027  0.5 0650  3.2 1252  0.4 1918  3.4
11  Su        922 0120  0.4 0743  3.3 1342  0.4 2007  3.5
12  Mo        922 0210  0.4 0833  3.4 1430  0.4 2055  3.5
13  Tu        922 0257  0.3 0919  3.4 1515  0.4 2142  3.4
14  We        922 0342  0.4 1004  3.3 1600  0.5 2227  3.3
15  Th        922 0426  0.5 1047  3.2 1645  0.7 2312  3.2
16  Fr        922 0509  0.6 1131  3.1 1731  0.8 2357  3.0
17  Sa        922 0553  0.7 1217  2.9 1820  1.0 9999  9.9
18  Su        922 0043  2.8 0639  0.9 1306  2.8 1915  1.1
19  Mo        922 0132  2.7 0731  1.0 1402  2.7 2014  1.2
20  Tu        922 0226  2.6 0830  1.1 1503  2.7 2114  1.2
21  We        922 0324  2.6 0932  1.1 1603  2.7 2211  1.2
22  Th        922 0424  2.6 1031  1.0 1657  2.7 2302  1.1
23  Fr        922 0520  2.7 1123  1.0 1744  2.8 2349  1.0
24  Sa        922 0609  2.8 1208  0.9 1827  2.9 9999  9.9
25  Su        922 0031  0.9 0654  2.9 1249  0.7 1908  3.0
26  Mo        922 0112  0.7 0736  3.0 1329  0.6 1948  3.1
27  Tu        922 0152  0.6 0816  3.1 1408  0.6 2028  3.2
28  We        922 0233  0.5 0856  3.2 1449  0.5 2110  3.2
29  Th        922 0314  0.5 0938  3.2 1531  0.5 2153  3.2
30  Fr        922 0357  0.5 1021  3.2 1616  0.6 2239  3.2
 1  Sa       1022 0441  0.5 1107  3.2 1705  0.7 2327  3.1
 2  Su       1022 0529  0.6 1159  3.1 1759  0.7 9999  9.9
 3  Mo       1022 0019  3.0 0621  0.7 1256  3.0 1900  0.8
 4  Tu       1022 0117  2.9 0721  0.8 1400  3.0 2005  0.9
 5  We       1022 0220  2.9 0829  0.8 1507  3.0 2112  0.8
 6  Th       1022 0328  2.9 0940  0.8 1612  3.1 2216  0.8
 7  Fr       1022 0435  2.9 1045  0.7 1711  3.1 2315  0.7
 8  Sa       1022 0538  3.0 1143  0.6 1805  3.2 9999  9.9
 9  Su       1022 0009  0.5 0634  3.2 1235  0.5 1856  3.3
10  Mo       1022 0100  0.4 0724  3.3 1323  0.5 1944  3.3
11  Tu       1022 0147  0.4 0811  3.3 1408  0.5 2030  3.3
12  We       1022 0231  0.4 0855  3.3 1451  0.5 2115  3.3
13  Th       1022 0314  0.4 0937  3.3 1533  0.6 2158  3.2
14  Fr       1022 0355  0.5 1018  3.2 1616  0.7 2240  3.0
15  Sa       1022 0435  0.6 1059  3.1 1659  0.8 2323  2.9
16  Su       1022 0516  0.7 1141  2.9 1745  1.0 9999  9.9
17  Mo       1022 0006  2.8 0559  0.9 1228  2.8 1836  1.1
18  Tu       1022 0053  2.7 0648  1.0 1320  2.7 1932  1.1
19  We       1022 0144  2.6 0744  1.1 1418  2.7 2030  1.2
20  Th       1022 0242  2.6 0847  1.1 1516  2.7 2127  1.1
21  Fr       1022 0342  2.6 0948  1.1 1611  2.7 2220  1.1
22  Sa       1022 0440  2.6 1043  1.0 1700  2.8 2309  0.9
23  Su       1022 0532  2.8 1131  0.9 1746  2.9 2354  0.8
24  Mo       1022 0620  2.9 1215  0.8 1830  3.0 9999  9.9
25  Tu       1022 0038  0.7 0704  3.1 1258  0.6 1914  3.1
26  We       1022 0122  0.5 0748  3.2 1341  0.5 1959  3.2
27  Th       1022 0205  0.4 0831  3.3 1425  0.5 2045  3.3
28  Fr       1022 0250  0.4 0916  3.3 1511  0.5 2132  3.3
29  Sa       1022 0335  0.4 1003  3.3 1600  0.5 2221  3.2
30  Su       1022 0422  0.4 1052  3.3 1652  0.6 2313  3.1
31  Mo       1022 0512  0.5 1146  3.2 1748  0.7 9999  9.9
 1  Tu       1122 0007  3.0 0607  0.6 1244  3.1 1849  0.7
 2  We       1122 0106  3.0 0708  0.7 1346  3.1 1953  0.8
 3  Th       1122 0208  2.9 0815  0.8 1450  3.0 2057  0.8
 4  Fr       1122 0314  2.9 0924  0.8 1551  3.1 2158  0.7
 5  Sa       1122 0419  2.9 1028  0.8 1649  3.1 2255  0.7
 6  Su       1122 0519  3.0 1124  0.7 1742  3.2 2348  0.6
 7  Mo       1122 0614  3.1 1215  0.7 1832  3.2 9999  9.9
 8  Tu       1122 0037  0.5 0703  3.2 1301  0.6 1920  3.2
 9  We       1122 0123  0.5 0749  3.2 1345  0.6 2005  3.2
10  Th       1122 0206  0.5 0831  3.2 1427  0.7 2049  3.1
11  Fr       1122 0246  0.5 0912  3.2 1508  0.7 2131  3.0
12  Sa       1122 0326  0.6 0951  3.1 1549  0.8 2212  2.9
13  Su       1122 0404  0.7 1031  3.0 1631  0.9 2253  2.9
14  Mo       1122 0444  0.8 1111  3.0 1715  1.0 2334  2.8
15  Tu       1122 0525  0.9 1154  2.9 1802  1.0 9999  9.9
16  We       1122 0018  2.7 0610  1.0 1241  2.8 1852  1.1
17  Th       1122 0105  2.6 0701  1.0 1333  2.7 1945  1.1
18  Fr       1122 0158  2.6 0759  1.1 1426  2.7 2039  1.1
19  Sa       1122 0255  2.6 0859  1.1 1520  2.8 2132  1.0
20  Su       1122 0353  2.7 0957  1.0 1612  2.8 2224  0.9
21  Mo       1122 0450  2.8 1050  0.9 1702  2.9 2314  0.8
22  Tu       1122 0543  2.9 1139  0.8 1752  3.0 9999  9.9
23  We       1122 0003  0.6 0632  3.1 1227  0.7 1842  3.1
24  Th       1122 0052  0.5 0721  3.2 1315  0.6 1932  3.2
25  Fr       1122 0140  0.4 0809  3.4 1403  0.5 2023  3.3
26  Sa       1122 0228  0.3 0857  3.4 1454  0.5 2115  3.3
27  Su       1122 0317  0.3 0947  3.4 1546  0.5 2207  3.3
28  Mo       1122 0407  0.3 1039  3.4 1640  0.5 2300  3.2
29  Tu       1122 0458  0.4 1133  3.3 1737  0.6 2355  3.1
30  We       1122 0553  0.6 1229  3.3 1836  0.6 9999  9.9
 1  Th       1222 0052  3.0 0653  0.7 1328  3.2 1935  0.7
 2  Fr       1222 0152  3.0 0757  0.8 1427  3.1 2035  0.7
 3  Sa       1222 0254  2.9 0903  0.9 1525  3.1 2134  0.7
 4  Su       1222 0357  2.9 1005  0.9 1622  3.0 2230  0.7
 5  Mo       1222 0456  3.0 1101  0.8 1715  3.0 2323  0.7
 6  Tu       1222 0551  3.0 1152  0.8 1806  3.0 9999  9.9
 7  We       1222 0012  0.6 0641  3.1 1239  0.8 1855  3.0
 8  Th       1222 0058  0.6 0726  3.1 1323  0.8 1942  3.0
 9  Fr       1222 0141  0.6 0809  3.1 1405  0.8 2026  3.0
10  Sa       1222 0222  0.6 0849  3.1 1446  0.8 2108  2.9
11  Su       1222 0300  0.7 0927  3.1 1527  0.9 2148  2.9
12  Mo       1222 0338  0.7 1006  3.0 1607  0.9 2227  2.9
13  Tu       1222 0416  0.8 1044  3.0 1649  0.9 2306  2.8
14  We       1222 0456  0.8 1125  2.9 1731  1.0 2347  2.8
15  Th       1222 0538  0.9 1207  2.9 1816  1.0 9999  9.9
16  Fr       1222 0030  2.7 0624  1.0 1252  2.9 1902  1.0
17  Sa       1222 0117  2.7 0715  1.0 1340  2.8 1951  1.0
18  Su       1222 0209  2.7 0811  1.1 1431  2.8 2044  1.0
19  Mo       1222 0307  2.7 0910  1.0 1524  2.9 2139  0.9
20  Tu       1222 0407  2.8 1008  1.0 1619  2.9 2235  0.8
21  We       1222 0506  2.9 1104  0.9 1715  3.0 2330  0.7
22  Th       1222 0603  3.1 1158  0.7 1812  3.1 9999  9.9
23  Fr       1222 0025  0.5 0656  3.3 1251  0.6 1909  3.2
24  Sa       1222 0118  0.4 0748  3.4 1345  0.5 2005  3.3
25  Su       1222 0210  0.3 0840  3.5 1438  0.5 2100  3.3
26  Mo       1222 0301  0.3 0931  3.5 1532  0.4 2153  3.3
27  Tu       1222 0352  0.3 1024  3.5 1627  0.4 2246  3.3
28  We       1222 0443  0.4 1117  3.5 1721  0.5 2339  3.2
29  Th       1222 0537  0.5 1210  3.4 1816  0.5 9999  9.9
30  Fr       1222 0033  3.1 0633  0.7 1305  3.3 1911  0.6
31  Sa       1222 0129  3.0 0733  0.8 1400  3.2 2007  0.7
