376Ben Gunn Wharf
Based on data from  1-Jan-2013
Local Std Time, tidal heights in metres.
 1  Sa        723 0016  0.7 0559  2.1 1249  0.4 1849  2.2
 2  Su        723 0116  0.6 0658  2.2 1344  0.4 1946  2.3
 3  Mo        723 0215  0.5 0755  2.2 1439  0.3 2039  2.4
 4  Tu        723 0311  0.4 0851  2.3 1532  0.2 2131  2.4
 5  We        723 0405  0.4 0945  2.3 1624  0.2 2221  2.5
 6  Th        723 0458  0.3 1037  2.3 1714  0.2 2311  2.5
 7  Fr        723 0549  0.3 1129  2.3 1804  0.2 9999  9.9
 8  Sa        723 0001  2.5 0640  0.3 1221  2.3 1854  0.3
 9  Su        723 0051  2.4 0730  0.3 1313  2.2 1944  0.4
10  Mo        723 0142  2.4 0821  0.3 1408  2.2 2036  0.4
11  Tu        723 0235  2.3 0912  0.4 1506  2.1 2131  0.5
12  We        723 0331  2.2 1005  0.4 1608  2.1 2228  0.6
13  Th        723 0428  2.2 1100  0.4 1711  2.1 2327  0.6
14  Fr        723 0527  2.1 1155  0.5 1812  2.1 9999  9.9
15  Sa        723 0025  0.6 0623  2.1 1250  0.5 1907  2.2
16  Su        723 0121  0.6 0716  2.1 1342  0.5 1958  2.2
17  Mo        723 0213  0.6 0804  2.1 1430  0.4 2043  2.2
18  Tu        723 0301  0.6 0849  2.1 1514  0.4 2125  2.3
19  We        723 0345  0.6 0930  2.1 1556  0.4 2202  2.3
20  Th        723 0427  0.6 1008  2.1 1635  0.4 2236  2.3
21  Fr        723 0508  0.6 1045  2.1 1713  0.4 2308  2.2
22  Sa        723 0548  0.6 1121  2.1 1751  0.5 2342  2.2
23  Su        723 0628  0.6 1200  2.1 1830  0.5 9999  9.9
24  Mo        723 0018  2.2 0708  0.6 1241  2.1 1910  0.6
25  Tu        723 0057  2.2 0750  0.6 1325  2.0 1954  0.6
26  We        723 0140  2.2 0835  0.6 1414  2.0 2042  0.7
27  Th        723 0228  2.1 0924  0.6 1508  2.0 2138  0.7
28  Fr        723 0322  2.1 1019  0.6 1609  2.0 2241  0.7
29  Sa        723 0422  2.1 1118  0.5 1715  2.1 2348  0.7
30  Su        723 0527  2.1 1219  0.5 1821  2.2 9999  9.9
31  Mo        723 0053  0.6 0633  2.2 1319  0.4 1923  2.3
 1  Tu        823 0154  0.5 0736  2.2 1417  0.3 2020  2.4
 2  We        823 0252  0.4 0835  2.3 1512  0.2 2114  2.5
 3  Th        823 0346  0.3 0930  2.3 1605  0.2 2204  2.5
 4  Fr        823 0439  0.3 1023  2.4 1655  0.2 2253  2.5
 5  Sa        823 0529  0.2 1113  2.4 1744  0.2 2341  2.5
 6  Su        823 0618  0.2 1203  2.3 1833  0.3 9999  9.9
 7  Mo        823 0028  2.4 0705  0.3 1252  2.3 1921  0.4
 8  Tu        823 0115  2.4 0753  0.3 1343  2.2 2010  0.5
 9  We        823 0204  2.3 0842  0.4 1437  2.1 2103  0.6
10  Th        823 0257  2.2 0933  0.5 1537  2.1 2159  0.7
11  Fr        823 0354  2.1 1027  0.5 1643  2.0 2258  0.7
12  Sa        823 0455  2.0 1124  0.6 1747  2.0 2359  0.7
13  Su        823 0557  2.0 1221  0.6 1845  2.1 9999  9.9
14  Mo        823 0056  0.7 0653  2.0 1316  0.6 1937  2.1
15  Tu        823 0149  0.7 0744  2.0 1405  0.5 2022  2.2
16  We        823 0237  0.6 0830  2.1 1450  0.5 2102  2.2
17  Th        823 0321  0.6 0910  2.1 1531  0.4 2137  2.3
18  Fr        823 0402  0.5 0947  2.1 1609  0.4 2209  2.3
19  Sa        823 0441  0.5 1022  2.2 1647  0.4 2239  2.3
20  Su        823 0520  0.5 1057  2.2 1725  0.5 2312  2.3
21  Mo        823 0558  0.5 1135  2.2 1804  0.5 2348  2.2
22  Tu        823 0638  0.5 1214  2.1 1844  0.6 9999  9.9
23  We        823 0027  2.2 0719  0.5 1257  2.1 1927  0.6
24  Th        823 0110  2.2 0803  0.6 1344  2.1 2016  0.7
25  Fr        823 0158  2.1 0852  0.6 1438  2.0 2113  0.7
26  Sa        823 0252  2.1 0948  0.6 1540  2.0 2219  0.7
27  Su        823 0355  2.1 1050  0.6 1648  2.1 2327  0.7
28  Mo        823 0505  2.1 1154  0.5 1759  2.2 9999  9.9
29  Tu        823 0033  0.6 0616  2.1 1258  0.4 1904  2.3
30  We        823 0135  0.5 0722  2.2 1358  0.3 2002  2.4
31  Th        823 0233  0.4 0821  2.3 1453  0.2 2055  2.5
 1  Fr        923 0326  0.2 0916  2.4 1546  0.2 2145  2.5
 2  Sa        923 0417  0.2 1006  2.4 1635  0.2 2232  2.5
 3  Su        923 0505  0.2 1055  2.4 1723  0.2 2317  2.5
 4  Mo        923 0552  0.2 1142  2.4 1809  0.3 9999  9.9
 5  Tu        923 0002  2.4 0638  0.2 1228  2.3 1856  0.4
 6  We        923 0046  2.3 0723  0.3 1315  2.2 1944  0.5
 7  Th        923 0132  2.2 0810  0.4 1406  2.1 2035  0.6
 8  Fr        923 0221  2.1 0859  0.5 1504  2.0 2130  0.7
 9  Sa        923 0317  2.0 0952  0.6 1611  2.0 2229  0.8
10  Su        923 0423  1.9 1050  0.7 1720  2.0 2331  0.8
11  Mo        923 0531  1.9 1150  0.7 1821  2.0 9999  9.9
12  Tu        923 0030  0.7 0632  1.9 1247  0.6 1912  2.1
13  We        923 0123  0.7 0724  2.0 1338  0.6 1956  2.2
14  Th        923 0210  0.6 0809  2.1 1423  0.5 2034  2.2
15  Fr        923 0253  0.5 0848  2.1 1504  0.5 2108  2.2
16  Sa        923 0333  0.5 0924  2.2 1544  0.4 2139  2.3
17  Su        923 0412  0.4 0959  2.2 1622  0.4 2211  2.3
18  Mo        923 0451  0.4 1034  2.2 1702  0.4 2245  2.3
19  Tu        923 0530  0.4 1111  2.2 1742  0.5 2322  2.3
20  We        923 0610  0.4 1151  2.2 1824  0.5 9999  9.9
21  Th        923 0002  2.2 0652  0.5 1234  2.2 1909  0.6
22  Fr        923 0046  2.2 0737  0.5 1322  2.1 2001  0.7
23  Sa        923 0135  2.1 0828  0.6 1416  2.1 2059  0.7
24  Su        923 0232  2.1 0925  0.6 1518  2.1 2203  0.7
25  Mo        923 0338  2.0 1028  0.6 1628  2.1 2310  0.6
26  Tu        923 0450  2.1 1133  0.5 1740  2.2 9999  9.9
27  We        923 0014  0.5 0603  2.1 1238  0.4 1845  2.3
28  Th        923 0115  0.4 0708  2.2 1338  0.3 1942  2.4
29  Fr        923 0211  0.3 0806  2.4 1433  0.2 2034  2.5
30  Sa        923 0304  0.2 0859  2.4 1525  0.2 2122  2.5
 1  Su       1023 0353  0.1 0948  2.5 1613  0.2 2208  2.5
 2  Mo       1023 0440  0.1 1034  2.5 1700  0.2 2252  2.5
 3  Tu       1023 0525  0.2 1119  2.4 1746  0.3 2335  2.4
 4  We       1023 0609  0.3 1203  2.3 1831  0.4 9999  9.9
 5  Th       1023 0017  2.3 0653  0.4 1247  2.2 1918  0.5
 6  Fr       1023 0100  2.1 0737  0.5 1335  2.1 2007  0.6
 7  Sa       1023 0146  2.0 0824  0.6 1428  2.0 2100  0.7
 8  Su       1023 0240  1.9 0916  0.7 1532  2.0 2158  0.8
 9  Mo       1023 0345  1.8 1012  0.7 1644  2.0 2258  0.8
10  Tu       1023 0458  1.8 1113  0.7 1747  2.0 2356  0.7
11  We       1023 0603  1.9 1211  0.7 1838  2.1 9999  9.9
12  Th       1023 0049  0.7 0657  2.0 1304  0.6 1922  2.1
13  Fr       1023 0137  0.6 0742  2.1 1351  0.6 1959  2.2
14  Sa       1023 0220  0.5 0821  2.2 1435  0.5 2033  2.2
15  Su       1023 0302  0.4 0858  2.2 1516  0.4 2107  2.3
16  Mo       1023 0343  0.3 0934  2.3 1558  0.4 2142  2.3
17  Tu       1023 0423  0.3 1012  2.3 1640  0.4 2220  2.3
18  We       1023 0505  0.3 1051  2.3 1723  0.5 2300  2.3
19  Th       1023 0547  0.4 1132  2.3 1809  0.5 2343  2.2
20  Fr       1023 0631  0.4 1217  2.3 1857  0.6 9999  9.9
21  Sa       1023 0029  2.2 0718  0.5 1306  2.2 1950  0.6
22  Su       1023 0121  2.1 0809  0.5 1400  2.2 2048  0.6
23  Mo       1023 0219  2.1 0906  0.5 1501  2.1 2149  0.6
24  Tu       1023 0325  2.0 1008  0.5 1609  2.2 2251  0.5
25  We       1023 0437  2.1 1112  0.5 1719  2.2 2353  0.5
26  Th       1023 0547  2.2 1216  0.4 1822  2.3 9999  9.9
27  Fr       1023 0052  0.3 0651  2.3 1316  0.4 1918  2.4
28  Sa       1023 0147  0.2 0748  2.4 1411  0.3 2010  2.5
29  Su       1023 0239  0.2 0840  2.4 1503  0.3 2058  2.5
30  Mo       1023 0328  0.1 0928  2.5 1551  0.3 2143  2.4
31  Tu       1023 0414  0.2 1013  2.5 1638  0.3 2227  2.4
 1  We       1123 0458  0.2 1056  2.4 1723  0.4 2308  2.3
 2  Th       1123 0541  0.3 1139  2.3 1807  0.5 2349  2.2
 3  Fr       1123 0623  0.4 1221  2.3 1853  0.6 9999  9.9
 4  Sa       1123 0030  2.1 0705  0.5 1304  2.2 1940  0.6
 5  Su       1123 0115  2.0 0750  0.6 1351  2.1 2030  0.7
 6  Mo       1123 0204  1.9 0838  0.7 1444  2.0 2124  0.7
 7  Tu       1123 0302  1.8 0931  0.7 1547  2.0 2219  0.7
 8  We       1123 0410  1.8 1029  0.7 1652  2.0 2315  0.7
 9  Th       1123 0519  1.9 1127  0.7 1747  2.0 9999  9.9
10  Fr       1123 0008  0.6 0617  2.0 1223  0.7 1833  2.1
11  Sa       1123 0058  0.5 0705  2.0 1314  0.6 1915  2.1
12  Su       1123 0144  0.5 0748  2.1 1402  0.5 1954  2.2
13  Mo       1123 0229  0.4 0829  2.2 1448  0.5 2034  2.3
14  Tu       1123 0313  0.3 0909  2.3 1534  0.4 2115  2.3
15  We       1123 0357  0.3 0950  2.4 1620  0.4 2158  2.3
16  Th       1123 0442  0.3 1033  2.4 1707  0.4 2242  2.3
17  Fr       1123 0527  0.3 1117  2.4 1756  0.5 2329  2.2
18  Sa       1123 0613  0.3 1203  2.3 1846  0.5 9999  9.9
19  Su       1123 0018  2.2 0702  0.4 1253  2.3 1938  0.5
20  Mo       1123 0111  2.1 0753  0.4 1346  2.3 2033  0.5
21  Tu       1123 0208  2.1 0848  0.5 1445  2.2 2130  0.5
22  We       1123 0311  2.1 0947  0.5 1548  2.2 2229  0.4
23  Th       1123 0419  2.1 1049  0.5 1653  2.3 2328  0.4
24  Fr       1123 0527  2.2 1151  0.5 1755  2.3 9999  9.9
25  Sa       1123 0025  0.3 0630  2.2 1251  0.4 1851  2.3
26  Su       1123 0121  0.3 0727  2.3 1347  0.4 1944  2.4
27  Mo       1123 0213  0.2 0819  2.4 1440  0.4 2033  2.4
28  Tu       1123 0303  0.2 0908  2.4 1529  0.4 2119  2.3
29  We       1123 0349  0.2 0953  2.4 1616  0.4 2203  2.3
30  Th       1123 0433  0.3 1036  2.4 1701  0.5 2244  2.2
 1  Fr       1223 0514  0.3 1116  2.3 1745  0.5 2324  2.1
 2  Sa       1223 0555  0.4 1155  2.3 1828  0.6 9999  9.9
 3  Su       1223 0004  2.1 0636  0.5 1234  2.2 1913  0.6
 4  Mo       1223 0046  2.0 0717  0.6 1315  2.1 1958  0.7
 5  Tu       1223 0130  1.9 0801  0.6 1358  2.1 2046  0.7
 6  We       1223 0220  1.9 0849  0.7 1446  2.0 2137  0.7
 7  Th       1223 0316  1.9 0942  0.7 1539  2.0 2229  0.7
 8  Fr       1223 0418  1.9 1039  0.7 1636  2.0 2322  0.6
 9  Sa       1223 0522  1.9 1137  0.7 1731  2.0 9999  9.9
10  Su       1223 0014  0.6 0619  2.0 1234  0.7 1824  2.1
11  Mo       1223 0106  0.5 0711  2.1 1328  0.6 1914  2.2
12  Tu       1223 0156  0.4 0758  2.2 1421  0.5 2003  2.2
13  We       1223 0245  0.3 0845  2.3 1512  0.5 2052  2.3
14  Th       1223 0333  0.3 0931  2.4 1602  0.4 2140  2.3
15  Fr       1223 0421  0.2 1017  2.4 1652  0.4 2228  2.3
16  Sa       1223 0509  0.2 1103  2.4 1742  0.4 2318  2.3
17  Su       1223 0557  0.3 1151  2.4 1832  0.4 9999  9.9
18  Mo       1223 0008  2.3 0645  0.3 1240  2.4 1923  0.4
19  Tu       1223 0100  2.2 0736  0.3 1331  2.4 2015  0.4
20  We       1223 0155  2.2 0828  0.4 1425  2.3 2108  0.4
21  Th       1223 0254  2.2 0924  0.5 1523  2.3 2203  0.4
22  Fr       1223 0357  2.1 1023  0.5 1624  2.3 2300  0.4
23  Sa       1223 0503  2.2 1124  0.5 1725  2.2 2357  0.4
24  Su       1223 0607  2.2 1225  0.5 1824  2.2 9999  9.9
25  Mo       1223 0053  0.4 0706  2.2 1323  0.5 1919  2.2
26  Tu       1223 0148  0.3 0759  2.3 1418  0.5 2010  2.2
27  We       1223 0238  0.3 0848  2.3 1508  0.5 2057  2.2
28  Th       1223 0325  0.3 0934  2.3 1555  0.5 2142  2.2
29  Fr       1223 0409  0.3 1016  2.3 1639  0.5 2223  2.2
30  Sa       1223 0450  0.4 1054  2.3 1722  0.5 2302  2.1
31  Su       1223 0529  0.4 1130  2.3 1803  0.5 2340  2.1
 1  Mo        124 0608  0.4 1205  2.2 1844  0.6 9999  9.9
 2  Tu        124 0019  2.1 0647  0.5 1240  2.2 1926  0.6
 3  We        124 0059  2.0 0727  0.6 1318  2.2 2009  0.6
 4  Th        124 0143  2.0 0811  0.6 1400  2.1 2054  0.6
 5  Fr        124 0232  1.9 0859  0.7 1447  2.1 2143  0.6
 6  Sa        124 0326  1.9 0953  0.7 1539  2.0 2235  0.6
 7  Su        124 0426  1.9 1053  0.8 1636  2.0 2331  0.6
 8  Mo        124 0530  2.0 1155  0.7 1737  2.1 9999  9.9
 9  Tu        124 0027  0.5 0632  2.1 1256  0.7 1837  2.1
10  We        124 0123  0.4 0728  2.2 1355  0.6 1936  2.2
11  Th        124 0218  0.3 0821  2.3 1450  0.5 2031  2.2
12  Fr        124 0310  0.3 0912  2.4 1543  0.4 2124  2.3
13  Sa        124 0401  0.2 1000  2.5 1635  0.3 2215  2.3
14  Su        124 0451  0.2 1048  2.5 1725  0.3 2306  2.3
15  Mo        124 0540  0.2 1136  2.5 1814  0.2 2355  2.3
16  Tu        124 0628  0.2 1223  2.5 1903  0.2 9999  9.9
17  We        124 0045  2.3 0717  0.3 1312  2.4 1952  0.3
18  Th        124 0137  2.3 0807  0.4 1402  2.4 2043  0.3
19  Fr        124 0232  2.2 0900  0.5 1456  2.3 2135  0.4
20  Sa        124 0332  2.2 0957  0.5 1553  2.2 2230  0.4
21  Su        124 0437  2.1 1057  0.6 1655  2.1 2327  0.5
22  Mo        124 0543  2.1 1159  0.6 1757  2.1 9999  9.9
23  Tu        124 0026  0.5 0644  2.2 1300  0.6 1855  2.1
24  We        124 0123  0.5 0739  2.2 1356  0.6 1949  2.1
25  Th        124 0215  0.4 0829  2.2 1447  0.6 2038  2.1
26  Fr        124 0303  0.4 0914  2.3 1534  0.5 2123  2.1
27  Sa        124 0346  0.4 0955  2.3 1617  0.5 2204  2.1
28  Su        124 0426  0.4 1031  2.3 1657  0.5 2241  2.1
29  Mo        124 0504  0.4 1104  2.3 1736  0.5 2316  2.1
30  Tu        124 0541  0.4 1135  2.3 1815  0.5 2352  2.1
31  We        124 0618  0.5 1208  2.2 1854  0.5 9999  9.9
 1  Th        224 0029  2.1 0657  0.5 1243  2.2 1934  0.5
 2  Fr        224 0110  2.1 0738  0.6 1323  2.2 2016  0.6
 3  Sa        224 0155  2.0 0823  0.7 1407  2.1 2102  0.6
 4  Su        224 0245  2.0 0915  0.7 1457  2.1 2153  0.6
 5  Mo        224 0343  2.0 1015  0.8 1555  2.0 2251  0.6
 6  Tu        224 0448  2.0 1122  0.7 1659  2.0 2352  0.6
 7  We        224 0556  2.1 1228  0.7 1807  2.1 9999  9.9
 8  Th        224 0054  0.5 0700  2.2 1330  0.6 1913  2.2
 9  Fr        224 0153  0.4 0758  2.3 1428  0.5 2013  2.2
10  Sa        224 0249  0.3 0851  2.4 1523  0.3 2108  2.3
11  Su        224 0342  0.2 0942  2.5 1615  0.2 2200  2.4
12  Mo        224 0432  0.1 1030  2.6 1705  0.2 2250  2.4
13  Tu        224 0521  0.1 1117  2.6 1753  0.2 2339  2.4
14  We        224 0609  0.2 1203  2.5 1840  0.2 9999  9.9
15  Th        224 0027  2.4 0656  0.3 1249  2.4 1927  0.2
16  Fr        224 0116  2.3 0745  0.4 1337  2.3 2015  0.3
17  Sa        224 0208  2.2 0836  0.5 1427  2.2 2106  0.4
18  Su        224 0305  2.1 0932  0.6 1523  2.1 2159  0.5
19  Mo        224 0410  2.1 1031  0.7 1625  2.0 2257  0.6
20  Tu        224 0519  2.1 1134  0.7 1731  2.0 2358  0.6
21  We        224 0622  2.1 1236  0.7 1834  2.0 9999  9.9
22  Th        224 0057  0.6 0718  2.1 1333  0.7 1930  2.0
23  Fr        224 0151  0.5 0807  2.2 1423  0.6 2019  2.1
24  Sa        224 0238  0.5 0851  2.2 1509  0.5 2103  2.1
25  Su        224 0321  0.4 0930  2.3 1550  0.5 2142  2.2
26  Mo        224 0400  0.4 1004  2.3 1630  0.4 2218  2.2
27  Tu        224 0438  0.4 1034  2.3 1707  0.4 2251  2.2
28  We        224 0515  0.4 1104  2.3 1745  0.4 2326  2.2
29  Th        224 0552  0.5 1136  2.3 1823  0.4 9999  9.9
 1  Fr        324 0002  2.2 0631  0.5 1212  2.2 1902  0.5
 2  Sa        324 0042  2.1 0712  0.6 1252  2.2 1943  0.5
 3  Su        324 0125  2.1 0757  0.7 1336  2.1 2028  0.6
 4  Mo        324 0214  2.1 0849  0.7 1426  2.1 2119  0.6
 5  Tu        324 0311  2.0 0950  0.7 1525  2.0 2218  0.6
 6  We        324 0415  2.0 1057  0.7 1632  2.0 2323  0.6
 7  Th        324 0525  2.1 1203  0.6 1744  2.1 9999  9.9
 8  Fr        324 0027  0.5 0633  2.2 1306  0.5 1852  2.2
 9  Sa        324 0129  0.4 0734  2.3 1405  0.4 1954  2.3
10  Su        324 0226  0.3 0828  2.4 1500  0.3 2050  2.4
11  Mo        324 0320  0.2 0919  2.5 1552  0.2 2142  2.5
12  Tu        324 0411  0.1 1007  2.6 1641  0.1 2232  2.5
13  We        324 0500  0.2 1054  2.5 1728  0.1 2319  2.5
14  Th        324 0547  0.2 1139  2.5 1815  0.2 9999  9.9
15  Fr        324 0006  2.4 0635  0.3 1224  2.4 1901  0.2
16  Sa        324 0054  2.3 0723  0.4 1310  2.3 1947  0.3
17  Su        324 0143  2.2 0813  0.5 1359  2.2 2036  0.5
18  Mo        324 0238  2.1 0907  0.6 1453  2.0 2128  0.6
19  Tu        324 0342  2.0 1006  0.7 1556  2.0 2225  0.6
20  We        324 0451  2.0 1107  0.7 1705  1.9 2326  0.7
21  Th        324 0556  2.0 1208  0.7 1811  1.9 9999  9.9
22  Fr        324 0027  0.6 0651  2.1 1304  0.7 1907  2.0
23  Sa        324 0121  0.6 0739  2.1 1354  0.6 1956  2.1
24  Su        324 0209  0.5 0821  2.2 1438  0.5 2039  2.1
25  Mo        324 0252  0.5 0858  2.2 1519  0.4 2117  2.2
26  Tu        324 0331  0.4 0931  2.3 1559  0.4 2151  2.2
27  We        324 0410  0.4 1001  2.3 1637  0.4 2225  2.2
28  Th        324 0449  0.4 1033  2.3 1715  0.4 2300  2.2
29  Fr        324 0528  0.5 1107  2.2 1754  0.4 2337  2.2
30  Sa        324 0609  0.5 1145  2.2 1834  0.4 9999  9.9
31  Su        324 0017  2.2 0652  0.6 1227  2.2 1916  0.5
 1  Mo        424 0101  2.2 0739  0.6 1313  2.1 2002  0.5
 2  Tu        424 0150  2.1 0833  0.7 1405  2.1 2054  0.6
 3  We        424 0247  2.1 0932  0.7 1505  2.0 2153  0.6
 4  Th        424 0350  2.1 1036  0.6 1613  2.0 2257  0.5
 5  Fr        424 0459  2.2 1140  0.6 1724  2.1 9999  9.9
 6  Sa        424 0002  0.5 0607  2.3 1241  0.4 1833  2.2
 7  Su        424 0104  0.4 0707  2.4 1339  0.3 1934  2.3
 8  Mo        424 0202  0.3 0802  2.5 1434  0.2 2030  2.4
 9  Tu        424 0257  0.2 0853  2.5 1526  0.1 2122  2.5
10  We        424 0348  0.2 0942  2.5 1615  0.1 2211  2.5
11  Th        424 0437  0.2 1029  2.5 1702  0.1 2258  2.5
12  Fr        424 0525  0.3 1114  2.4 1748  0.2 2344  2.4
13  Sa        424 0613  0.4 1158  2.3 1834  0.3 9999  9.9
14  Su        424 0030  2.3 0701  0.5 1244  2.2 1919  0.4
15  Mo        424 0118  2.2 0750  0.6 1331  2.1 2006  0.5
16  Tu        424 0210  2.1 0842  0.7 1424  2.0 2056  0.6
17  We        424 0309  2.0 0938  0.7 1525  1.9 2151  0.7
18  Th        424 0416  2.0 1036  0.7 1634  1.9 2249  0.7
19  Fr        424 0520  2.0 1133  0.7 1740  1.9 2348  0.7
20  Sa        424 0615  2.1 1227  0.6 1837  2.0 9999  9.9
21  Su        424 0043  0.7 0702  2.1 1317  0.6 1925  2.0
22  Mo        424 0133  0.6 0743  2.2 1402  0.5 2008  2.1
23  Tu        424 0217  0.5 0819  2.2 1444  0.4 2046  2.2
24  We        424 0300  0.5 0853  2.2 1525  0.4 2122  2.2
25  Th        424 0342  0.5 0927  2.2 1606  0.4 2158  2.3
26  Fr        424 0423  0.5 1003  2.2 1646  0.4 2235  2.3
27  Sa        424 0506  0.5 1042  2.2 1727  0.4 2315  2.3
28  Su        424 0550  0.5 1123  2.2 1810  0.4 2357  2.2
29  Mo        424 0637  0.6 1208  2.2 1854  0.5 9999  9.9
30  Tu        424 0042  2.2 0726  0.6 1256  2.1 1942  0.5
 1  We        524 0132  2.2 0819  0.6 1350  2.1 2035  0.5
 2  Th        524 0227  2.2 0916  0.6 1450  2.1 2132  0.5
 3  Fr        524 0329  2.2 1016  0.5 1556  2.1 2233  0.5
 4  Sa        524 0434  2.2 1116  0.5 1705  2.1 2336  0.5
 5  Su        524 0539  2.3 1215  0.4 1811  2.2 9999  9.9
 6  Mo        524 0038  0.4 0639  2.4 1312  0.3 1912  2.3
 7  Tu        524 0137  0.4 0734  2.4 1407  0.2 2008  2.4
 8  We        524 0232  0.3 0826  2.4 1459  0.2 2100  2.5
 9  Th        524 0325  0.3 0916  2.4 1549  0.2 2149  2.5
10  Fr        524 0415  0.3 1003  2.4 1636  0.2 2236  2.4
11  Sa        524 0503  0.4 1048  2.3 1722  0.3 2321  2.4
12  Su        524 0551  0.5 1133  2.2 1806  0.3 9999  9.9
13  Mo        524 0006  2.3 0638  0.5 1217  2.1 1850  0.4
14  Tu        524 0051  2.2 0725  0.6 1303  2.0 1935  0.5
15  We        524 0138  2.1 0815  0.7 1352  1.9 2022  0.6
16  Th        524 0230  2.1 0906  0.7 1448  1.9 2113  0.7
17  Fr        524 0327  2.0 0959  0.7 1551  1.9 2207  0.7
18  Sa        524 0427  2.0 1052  0.7 1656  1.9 2303  0.7
19  Su        524 0522  2.0 1144  0.6 1755  1.9 2359  0.7
20  Mo        524 0611  2.1 1234  0.6 1846  2.0 9999  9.9
21  Tu        524 0051  0.7 0653  2.1 1322  0.5 1930  2.1
22  We        524 0140  0.6 0734  2.1 1407  0.4 2011  2.2
23  Th        524 0227  0.6 0813  2.2 1451  0.4 2051  2.2
24  Fr        524 0313  0.5 0854  2.2 1535  0.3 2131  2.3
25  Sa        524 0359  0.5 0936  2.2 1619  0.3 2212  2.3
26  Su        524 0446  0.5 1020  2.2 1704  0.3 2255  2.3
27  Mo        524 0533  0.5 1105  2.2 1749  0.4 2339  2.3
28  Tu        524 0622  0.5 1153  2.2 1836  0.4 9999  9.9
29  We        524 0026  2.3 0712  0.5 1243  2.1 1924  0.4
30  Th        524 0116  2.3 0804  0.5 1337  2.1 2016  0.5
31  Fr        524 0210  2.3 0858  0.5 1435  2.1 2111  0.5
 1  Sa        624 0307  2.3 0953  0.4 1537  2.1 2210  0.5
 2  Su        624 0408  2.3 1050  0.4 1643  2.2 2311  0.5
 3  Mo        624 0510  2.3 1148  0.3 1748  2.2 9999  9.9
 4  Tu        624 0012  0.5 0610  2.3 1245  0.3 1850  2.3
 5  We        624 0112  0.5 0707  2.3 1340  0.3 1946  2.3
 6  Th        624 0209  0.4 0800  2.3 1433  0.3 2039  2.4
 7  Fr        624 0302  0.4 0851  2.3 1524  0.3 2128  2.4
 8  Sa        624 0353  0.4 0939  2.2 1611  0.3 2215  2.4
 9  Su        624 0442  0.5 1025  2.2 1656  0.3 2259  2.3
10  Mo        624 0528  0.5 1109  2.1 1739  0.4 2341  2.3
11  Tu        624 0613  0.6 1152  2.1 1821  0.5 9999  9.9
12  We        624 0022  2.2 0658  0.6 1234  2.0 1903  0.5
13  Th        624 0103  2.2 0743  0.6 1319  2.0 1947  0.6
14  Fr        624 0146  2.1 0830  0.6 1407  1.9 2033  0.7
15  Sa        624 0231  2.1 0917  0.7 1500  1.9 2122  0.7
16  Su        624 0320  2.0 1007  0.6 1558  1.9 2216  0.7
17  Mo        624 0412  2.0 1058  0.6 1659  1.9 2312  0.7
18  Tu        624 0505  2.0 1149  0.6 1756  2.0 9999  9.9
19  We        624 0008  0.7 0557  2.1 1240  0.5 1848  2.1
20  Th        624 0103  0.7 0648  2.1 1330  0.5 1936  2.1
21  Fr        624 0155  0.6 0737  2.1 1419  0.4 2021  2.2
22  Sa        624 0247  0.6 0825  2.2 1507  0.4 2106  2.3
23  Su        624 0337  0.5 0913  2.2 1555  0.3 2151  2.3
24  Mo        624 0427  0.5 1002  2.2 1642  0.3 2237  2.4
25  Tu        624 0516  0.4 1050  2.2 1730  0.3 2323  2.4
26  We        624 0605  0.4 1139  2.2 1818  0.3 9999  9.9
27  Th        624 0010  2.4 0655  0.4 1230  2.2 1906  0.4
28  Fr        624 0059  2.4 0745  0.4 1322  2.2 1957  0.4
29  Sa        624 0150  2.3 0836  0.4 1417  2.2 2050  0.4
30  Su        624 0244  2.3 0929  0.4 1517  2.2 2147  0.5
