028Dunedin
Based on data from  1-Jan-2011
Local Std Time, tidal heights in metres.
 1  Sa        122 0157  2.2 0853  0.2 1424  2.1 2114  0.1
 2  Su        122 0252  2.3 0949  0.1 1517  2.2 2210  0.0
 3  Mo        122 0347  2.3 1043  0.1 1610  2.2 2304  0.0
 4  Tu        122 0442  2.3 1136  0.0 1704  2.2 2358  0.0
 5  We        122 0536  2.3 1228  0.1 1758  2.1 9999  9.9
 6  Th        122 0052  0.0 0631  2.2 1321  0.1 1854  2.1
 7  Fr        122 0145  0.1 0725  2.1 1414  0.2 1952  2.0
 8  Sa        122 0238  0.1 0821  2.1 1508  0.2 2050  2.0
 9  Su        122 0331  0.2 0918  2.0 1601  0.3 2147  1.9
10  Mo        122 0425  0.3 1014  1.9 1655  0.3 2243  1.9
11  Tu        122 0518  0.4 1109  1.9 1747  0.4 2335  1.9
12  We        122 0611  0.4 1201  1.8 1836  0.4 9999  9.9
13  Th        122 0025  1.9 0703  0.4 1250  1.8 1924  0.4
14  Fr        122 0112  1.9 0752  0.4 1334  1.8 2009  0.4
15  Sa        122 0156  1.9 0838  0.4 1415  1.8 2052  0.4
16  Su        122 0238  1.9 0921  0.4 1454  1.9 2134  0.3
17  Mo        122 0317  1.9 1002  0.4 1532  1.9 2216  0.3
18  Tu        122 0356  1.9 1042  0.4 1609  1.9 2257  0.3
19  We        122 0434  2.0 1122  0.4 1647  1.9 2338  0.3
20  Th        122 0513  2.0 1202  0.4 1728  1.9 9999  9.9
21  Fr        122 0020  0.3 0554  2.0 1244  0.4 1811  1.9
22  Sa        122 0103  0.3 0637  2.0 1328  0.4 1857  1.9
23  Su        122 0149  0.3 0723  2.0 1415  0.4 1947  1.9
24  Mo        122 0238  0.3 0814  1.9 1507  0.4 2042  1.9
25  Tu        122 0331  0.4 0910  1.9 1603  0.4 2140  1.9
26  We        122 0430  0.4 1010  1.9 1703  0.4 2241  2.0
27  Th        122 0534  0.4 1112  1.9 1804  0.3 2342  2.0
28  Fr        122 0638  0.3 1213  2.0 1904  0.3 9999  9.9
29  Sa        122 0043  2.1 0740  0.2 1312  2.0 2002  0.2
30  Su        122 0141  2.2 0838  0.2 1407  2.1 2059  0.1
31  Mo        122 0237  2.2 0933  0.1 1501  2.2 2153  0.0
 1  Tu        222 0331  2.3 1025  0.1 1553  2.2 2246  0.0
 2  We        222 0424  2.3 1115  0.1 1644  2.2 2338  0.0
 3  Th        222 0515  2.2 1204  0.1 1736  2.2 9999  9.9
 4  Fr        222 0028  0.0 0606  2.2 1253  0.1 1828  2.1
 5  Sa        222 0117  0.1 0656  2.1 1342  0.2 1921  2.0
 6  Su        222 0207  0.2 0747  2.0 1432  0.3 2015  2.0
 7  Mo        222 0256  0.3 0841  1.9 1523  0.4 2110  1.9
 8  Tu        222 0347  0.4 0936  1.8 1615  0.4 2205  1.8
 9  We        222 0440  0.5 1032  1.8 1708  0.5 2300  1.8
10  Th        222 0534  0.5 1127  1.7 1759  0.5 2352  1.8
11  Fr        222 0628  0.5 1218  1.7 1849  0.5 9999  9.9
12  Sa        222 0041  1.8 0719  0.5 1304  1.8 1936  0.4
13  Su        222 0126  1.8 0807  0.4 1346  1.8 2021  0.4
14  Mo        222 0208  1.9 0851  0.4 1425  1.8 2105  0.3
15  Tu        222 0247  1.9 0932  0.3 1502  1.9 2147  0.3
16  We        222 0326  2.0 1013  0.3 1541  1.9 2229  0.3
17  Th        222 0405  2.0 1053  0.3 1620  2.0 2311  0.2
18  Fr        222 0445  2.0 1134  0.3 1701  2.0 2354  0.2
19  Sa        222 0527  2.0 1216  0.3 1745  2.0 9999  9.9
20  Su        222 0039  0.2 0611  2.0 1301  0.3 1833  2.0
21  Mo        222 0126  0.3 0659  2.0 1350  0.3 1924  2.0
22  Tu        222 0217  0.3 0750  2.0 1444  0.4 2020  2.0
23  We        222 0313  0.3 0848  1.9 1543  0.4 2120  2.0
24  Th        222 0415  0.4 0951  1.9 1645  0.4 2223  2.0
25  Fr        222 0520  0.4 1056  1.9 1748  0.3 2327  2.0
26  Sa        222 0625  0.3 1158  1.9 1849  0.2 9999  9.9
27  Su        222 0029  2.1 0726  0.3 1257  2.0 1948  0.2
28  Mo        222 0127  2.1 0822  0.2 1352  2.1 2043  0.1
 1  Tu        322 0222  2.2 0915  0.1 1444  2.2 2136  0.0
 2  We        322 0314  2.2 1004  0.1 1534  2.2 2226  0.0
 3  Th        322 0403  2.2 1051  0.1 1623  2.2 2314  0.0
 4  Fr        322 0451  2.2 1137  0.1 1711  2.2 9999  9.9
 5  Sa        322 0001  0.1 0537  2.1 1222  0.2 1759  2.1
 6  Su        322 0047  0.2 0624  2.0 1308  0.3 1848  2.0
 7  Mo        322 0133  0.3 0711  1.9 1355  0.3 1938  1.9
 8  Tu        322 0220  0.4 0800  1.8 1443  0.4 2029  1.8
 9  We        322 0308  0.5 0853  1.7 1533  0.5 2123  1.8
10  Th        322 0400  0.5 0950  1.7 1626  0.5 2218  1.7
11  Fr        322 0455  0.6 1047  1.7 1718  0.5 2312  1.7
12  Sa        322 0550  0.6 1141  1.7 1810  0.5 9999  9.9
13  Su        322 0003  1.8 0643  0.5 1228  1.7 1859  0.5
14  Mo        322 0049  1.8 0731  0.5 1311  1.8 1946  0.4
15  Tu        322 0132  1.9 0816  0.4 1351  1.9 2032  0.3
16  We        322 0214  1.9 0859  0.3 1430  1.9 2116  0.3
17  Th        322 0254  2.0 0940  0.3 1511  2.0 2200  0.2
18  Fr        322 0336  2.1 1022  0.2 1552  2.1 2244  0.2
19  Sa        322 0418  2.1 1105  0.2 1636  2.1 2330  0.2
20  Su        322 0502  2.1 1150  0.2 1722  2.1 9999  9.9
21  Mo        322 0017  0.2 0548  2.1 1238  0.3 1812  2.1
22  Tu        322 0107  0.2 0637  2.0 1330  0.3 1905  2.1
23  We        322 0201  0.3 0731  2.0 1427  0.3 2003  2.0
24  Th        322 0300  0.3 0831  1.9 1528  0.3 2104  2.0
25  Fr        322 0403  0.3 0936  1.9 1631  0.3 2209  2.0
26  Sa        322 0508  0.3 1042  1.9 1734  0.3 2314  2.0
27  Su        322 0611  0.3 1145  1.9 1834  0.2 9999  9.9
28  Mo        322 0015  2.1 0710  0.2 1243  2.0 1931  0.2
29  Tu        322 0112  2.1 0804  0.2 1336  2.1 2025  0.1
30  We        322 0204  2.2 0853  0.1 1425  2.1 2116  0.1
31  Th        322 0253  2.2 0940  0.1 1513  2.2 2204  0.1
 1  Fr        422 0339  2.2 1024  0.1 1559  2.2 2249  0.1
 2  Sa        422 0424  2.1 1108  0.2 1644  2.1 2333  0.2
 3  Su        422 0507  2.1 1150  0.2 1729  2.1 9999  9.9
 4  Mo        422 0017  0.3 0550  2.0 1233  0.3 1814  2.0
 5  Tu        422 0100  0.3 0634  1.9 1317  0.4 1900  1.9
 6  We        422 0143  0.4 0719  1.8 1403  0.5 1948  1.8
 7  Th        422 0229  0.5 0809  1.7 1451  0.5 2038  1.7
 8  Fr        422 0319  0.6 0903  1.6 1542  0.6 2131  1.7
 9  Sa        422 0413  0.6 1000  1.6 1634  0.6 2225  1.7
10  Su        422 0508  0.6 1055  1.6 1727  0.5 2317  1.7
11  Mo        422 0601  0.5 1145  1.7 1818  0.5 9999  9.9
12  Tu        422 0006  1.8 0651  0.4 1230  1.8 1908  0.4
13  We        422 0053  1.9 0738  0.4 1314  1.9 1956  0.3
14  Th        422 0138  2.0 0823  0.3 1357  2.0 2044  0.3
15  Fr        422 0222  2.0 0907  0.2 1441  2.1 2131  0.2
16  Sa        422 0306  2.1 0952  0.2 1526  2.1 2219  0.1
17  Su        422 0351  2.1 1039  0.2 1613  2.2 2308  0.1
18  Mo        422 0438  2.1 1127  0.2 1702  2.2 2359  0.1
19  Tu        422 0527  2.1 1219  0.2 1754  2.2 9999  9.9
20  We        422 0052  0.2 0619  2.0 1314  0.2 1850  2.1
21  Th        422 0148  0.2 0716  2.0 1413  0.2 1949  2.1
22  Fr        422 0247  0.3 0818  1.9 1514  0.3 2051  2.0
23  Sa        422 0349  0.3 0923  1.9 1616  0.3 2156  2.0
24  Su        422 0452  0.3 1029  1.9 1717  0.2 2259  2.0
25  Mo        422 0553  0.2 1130  2.0 1816  0.2 2358  2.1
26  Tu        422 0649  0.2 1225  2.0 1911  0.2 9999  9.9
27  We        422 0053  2.1 0741  0.2 1316  2.1 2004  0.1
28  Th        422 0143  2.1 0829  0.2 1404  2.1 2053  0.1
29  Fr        422 0230  2.1 0914  0.2 1450  2.1 2139  0.2
30  Sa        422 0314  2.1 0957  0.2 1534  2.1 2224  0.2
 1  Su        522 0357  2.0 1038  0.2 1618  2.1 2306  0.3
 2  Mo        522 0438  2.0 1120  0.3 1700  2.0 2347  0.3
 3  Tu        522 0518  1.9 1201  0.4 1743  1.9 9999  9.9
 4  We        522 0028  0.4 0559  1.8 1243  0.4 1825  1.9
 5  Th        522 0110  0.5 0642  1.7 1326  0.5 1909  1.8
 6  Fr        522 0154  0.5 0727  1.7 1412  0.5 1955  1.8
 7  Sa        522 0240  0.5 0817  1.6 1500  0.5 2044  1.7
 8  Su        522 0331  0.6 0911  1.6 1551  0.5 2136  1.7
 9  Mo        522 0424  0.5 1006  1.7 1642  0.5 2229  1.8
10  Tu        522 0517  0.5 1058  1.7 1735  0.5 2321  1.8
11  We        522 0609  0.4 1148  1.8 1828  0.4 9999  9.9
12  Th        522 0012  1.9 0659  0.4 1236  1.9 1920  0.3
13  Fr        522 0102  2.0 0747  0.3 1324  2.0 2012  0.3
14  Sa        522 0150  2.1 0836  0.2 1412  2.1 2104  0.2
15  Su        522 0239  2.1 0925  0.2 1502  2.2 2156  0.1
16  Mo        522 0327  2.2 1015  0.1 1552  2.2 2249  0.1
17  Tu        522 0417  2.2 1108  0.1 1645  2.3 2342  0.1
18  We        522 0509  2.1 1202  0.1 1739  2.2 9999  9.9
19  Th        522 0036  0.1 0604  2.1 1259  0.1 1835  2.2
20  Fr        522 0133  0.1 0701  2.0 1357  0.2 1934  2.2
21  Sa        522 0231  0.2 0803  2.0 1457  0.2 2036  2.1
22  Su        522 0331  0.2 0907  2.0 1556  0.2 2138  2.1
23  Mo        522 0431  0.2 1010  2.0 1655  0.2 2239  2.0
24  Tu        522 0529  0.2 1110  2.0 1752  0.2 2337  2.0
25  We        522 0623  0.2 1204  2.0 1847  0.2 9999  9.9
26  Th        522 0030  2.0 0714  0.2 1254  2.1 1939  0.2
27  Fr        522 0120  2.0 0802  0.2 1342  2.1 2028  0.2
28  Sa        522 0206  2.0 0846  0.2 1427  2.1 2114  0.3
29  Su        522 0249  2.0 0929  0.3 1510  2.0 2158  0.3
30  Mo        522 0330  1.9 1011  0.3 1553  2.0 2240  0.3
31  Tu        522 0410  1.9 1052  0.3 1634  2.0 2320  0.4
 1  We        622 0450  1.9 1132  0.4 1714  1.9 9999  9.9
 2  Th        622 0000  0.4 0529  1.8 1213  0.4 1754  1.9
 3  Fr        622 0040  0.4 0609  1.7 1255  0.5 1835  1.8
 4  Sa        622 0121  0.5 0652  1.7 1338  0.5 1917  1.8
 5  Su        622 0205  0.5 0738  1.7 1423  0.5 2003  1.8
 6  Mo        622 0252  0.5 0828  1.7 1510  0.5 2052  1.8
 7  Tu        622 0342  0.5 0921  1.7 1601  0.5 2144  1.8
 8  We        622 0435  0.5 1015  1.8 1654  0.5 2239  1.8
 9  Th        622 0528  0.4 1109  1.9 1751  0.4 2335  1.9
10  Fr        622 0622  0.4 1202  2.0 1848  0.3 9999  9.9
11  Sa        622 0029  2.0 0715  0.3 1255  2.1 1946  0.3
12  Su        622 0122  2.0 0808  0.2 1348  2.2 2042  0.2
13  Mo        622 0215  2.1 0902  0.2 1441  2.2 2137  0.1
14  Tu        622 0307  2.1 0956  0.1 1535  2.3 2232  0.1
15  We        622 0359  2.2 1051  0.1 1629  2.3 2326  0.1
16  Th        622 0453  2.2 1146  0.0 1724  2.3 9999  9.9
17  Fr        622 0020  0.1 0548  2.1 1242  0.0 1820  2.3
18  Sa        622 0115  0.1 0645  2.1 1339  0.1 1917  2.2
19  Su        622 0210  0.1 0745  2.1 1435  0.1 2016  2.1
20  Mo        622 0307  0.2 0846  2.0 1532  0.1 2115  2.1
21  Tu        622 0404  0.2 0946  2.0 1628  0.2 2214  2.0
22  We        622 0500  0.2 1044  2.0 1724  0.2 2311  2.0
23  Th        622 0554  0.2 1139  2.0 1819  0.3 9999  9.9
24  Fr        622 0004  2.0 0645  0.3 1230  2.0 1912  0.3
25  Sa        622 0054  1.9 0733  0.3 1318  2.0 2002  0.3
26  Su        622 0141  1.9 0819  0.3 1403  2.0 2049  0.3
27  Mo        622 0224  1.9 0902  0.3 1447  2.0 2133  0.4
28  Tu        622 0305  1.9 0945  0.3 1529  2.0 2214  0.4
29  We        622 0345  1.9 1026  0.3 1609  1.9 2254  0.4
30  Th        622 0423  1.8 1106  0.4 1647  1.9 2333  0.4
 1  Fr        722 0501  1.8 1146  0.4 1725  1.9 9999  9.9
 2  Sa        722 0012  0.4 0539  1.8 1226  0.4 1804  1.9
 3  Su        722 0052  0.4 0620  1.8 1308  0.4 1844  1.9
 4  Mo        722 0133  0.4 0704  1.8 1351  0.4 1928  1.9
 5  Tu        722 0217  0.5 0751  1.8 1436  0.4 2015  1.9
 6  We        722 0305  0.5 0843  1.8 1526  0.4 2107  1.9
 7  Th        722 0357  0.5 0938  1.8 1621  0.4 2203  1.9
 8  Fr        722 0453  0.4 1035  1.9 1720  0.4 2303  1.9
 9  Sa        722 0551  0.4 1133  2.0 1823  0.4 9999  9.9
10  Su        722 0002  1.9 0649  0.3 1230  2.1 1925  0.3
11  Mo        722 0059  2.0 0747  0.2 1327  2.2 2024  0.2
12  Tu        722 0155  2.1 0844  0.1 1423  2.2 2121  0.1
13  We        722 0249  2.1 0940  0.1 1519  2.3 2215  0.1
14  Th        722 0342  2.2 1035  0.0 1613  2.3 2308  0.0
15  Fr        722 0436  2.2 1129  0.0 1707  2.3 9999  9.9
16  Sa        722 0000  0.0 0530  2.2 1223  0.0 1801  2.3
17  Su        722 0052  0.0 0625  2.2 1316  0.0 1855  2.2
18  Mo        722 0145  0.1 0722  2.1 1410  0.1 1950  2.1
19  Tu        722 0239  0.1 0819  2.1 1504  0.2 2046  2.0
20  We        722 0333  0.2 0917  2.0 1558  0.2 2144  2.0
21  Th        722 0427  0.3 1015  2.0 1653  0.3 2241  1.9
22  Fr        722 0521  0.3 1110  1.9 1749  0.4 2336  1.9
23  Sa        722 0613  0.3 1203  1.9 1843  0.4 9999  9.9
24  Su        722 0028  1.8 0703  0.4 1253  1.9 1934  0.4
25  Mo        722 0115  1.8 0750  0.4 1339  1.9 2022  0.4
26  Tu        722 0159  1.8 0835  0.4 1423  1.9 2106  0.4
27  We        722 0240  1.8 0918  0.3 1504  1.9 2147  0.4
28  Th        722 0319  1.9 0959  0.3 1542  2.0 2227  0.3
29  Fr        722 0356  1.9 1039  0.3 1620  2.0 2305  0.3
30  Sa        722 0433  1.9 1119  0.3 1657  2.0 2343  0.3
31  Su        722 0511  1.9 1159  0.3 1735  2.0 9999  9.9
 1  Mo        822 0022  0.4 0551  1.9 1240  0.3 1815  2.0
 2  Tu        822 0103  0.4 0634  1.9 1323  0.4 1858  1.9
 3  We        822 0147  0.4 0721  1.9 1409  0.4 1945  1.9
 4  Th        822 0235  0.4 0813  1.9 1459  0.4 2037  1.9
 5  Fr        822 0328  0.4 0909  1.9 1556  0.4 2135  1.9
 6  Sa        822 0427  0.4 1008  1.9 1659  0.4 2238  1.9
 7  Su        822 0529  0.4 1110  2.0 1805  0.4 2341  1.9
 8  Mo        822 0630  0.3 1211  2.1 1909  0.3 9999  9.9
 9  Tu        822 0041  2.0 0730  0.2 1311  2.1 2009  0.2
10  We        822 0138  2.1 0828  0.1 1408  2.2 2104  0.1
11  Th        822 0233  2.2 0924  0.0 1503  2.3 2157  0.0
12  Fr        822 0325  2.2 1017  0.0 1556  2.3 2248  0.0
13  Sa        822 0417  2.2 1110 -0.1 1648  2.3 2337  0.0
14  Su        822 0509  2.2 1201  0.0 1738  2.3 9999  9.9
15  Mo        822 0027  0.0 0602  2.2 1251  0.0 1829  2.2
16  Tu        822 0117  0.1 0655  2.1 1342  0.1 1920  2.1
17  We        822 0207  0.2 0749  2.1 1433  0.2 2014  2.0
18  Th        822 0259  0.3 0845  2.0 1525  0.3 2109  1.9
19  Fr        822 0352  0.3 0942  1.9 1620  0.4 2207  1.8
20  Sa        822 0446  0.4 1039  1.9 1716  0.5 2305  1.8
21  Su        822 0539  0.4 1133  1.8 1811  0.5 2359  1.8
22  Mo        822 0630  0.4 1225  1.8 1904  0.5 9999  9.9
23  Tu        822 0048  1.8 0719  0.4 1312  1.9 1952  0.4
24  We        822 0132  1.8 0805  0.4 1356  1.9 2036  0.4
25  Th        822 0213  1.8 0848  0.3 1435  1.9 2117  0.3
26  Fr        822 0250  1.9 0930  0.3 1513  2.0 2156  0.3
27  Sa        822 0327  1.9 1011  0.3 1550  2.0 2235  0.3
28  Su        822 0405  1.9 1052  0.3 1628  2.0 2314  0.3
29  Mo        822 0443  2.0 1133  0.3 1707  2.0 2354  0.3
30  Tu        822 0525  2.0 1215  0.3 1748  2.0 9999  9.9
31  We        822 0036  0.3 0609  2.0 1300  0.3 1832  2.0
 1  Th        922 0122  0.3 0657  2.0 1348  0.3 1920  1.9
 2  Fr        922 0212  0.4 0750  1.9 1441  0.4 2014  1.9
 3  Sa        922 0309  0.4 0847  1.9 1541  0.4 2115  1.8
 4  Su        922 0410  0.4 0950  1.9 1646  0.4 2220  1.8
 5  Mo        922 0513  0.3 1054  2.0 1752  0.4 2325  1.9
 6  Tu        922 0616  0.3 1157  2.1 1855  0.3 9999  9.9
 7  We        922 0026  2.0 0716  0.2 1257  2.1 1953  0.2
 8  Th        922 0123  2.1 0812  0.1 1353  2.2 2046  0.1
 9  Fr        922 0216  2.2 0907  0.0 1446  2.3 2137  0.0
10  Sa        922 0307  2.2 0958  0.0 1536  2.3 2225  0.0
11  Su        922 0357  2.3 1048  0.0 1625  2.3 2312  0.0
12  Mo        922 0447  2.2 1137  0.0 1713  2.2 2359  0.1
13  Tu        922 0536  2.2 1225  0.1 1800  2.1 9999  9.9
14  We        922 0046  0.1 0626  2.1 1313  0.2 1849  2.0
15  Th        922 0135  0.2 0717  2.0 1401  0.3 1939  1.9
16  Fr        922 0224  0.3 0811  1.9 1451  0.4 2033  1.8
17  Sa        922 0316  0.4 0906  1.8 1544  0.5 2131  1.7
18  Su        922 0409  0.5 1003  1.8 1640  0.5 2230  1.7
19  Mo        922 0502  0.5 1059  1.8 1735  0.5 2326  1.7
20  Tu        922 0554  0.5 1151  1.8 1828  0.5 9999  9.9
21  We        922 0016  1.7 0643  0.4 1239  1.8 1917  0.4
22  Th        922 0100  1.8 0730  0.4 1322  1.9 2001  0.4
23  Fr        922 0140  1.8 0815  0.4 1402  1.9 2043  0.3
24  Sa        922 0218  1.9 0858  0.3 1440  2.0 2124  0.3
25  Su        922 0256  2.0 0941  0.3 1519  2.0 2204  0.2
26  Mo        922 0335  2.0 1024  0.2 1559  2.1 2245  0.2
27  Tu        922 0417  2.0 1108  0.2 1640  2.1 2328  0.2
28  We        922 0500  2.1 1153  0.2 1723  2.1 9999  9.9
29  Th        922 0013  0.3 0547  2.1 1241  0.3 1810  2.0
30  Fr        922 0102  0.3 0638  2.0 1333  0.3 1901  1.9
 1  Sa       1022 0156  0.3 0733  2.0 1429  0.3 1958  1.9
 2  Su       1022 0255  0.3 0832  2.0 1530  0.4 2101  1.8
 3  Mo       1022 0357  0.3 0936  2.0 1635  0.4 2207  1.9
 4  Tu       1022 0500  0.3 1041  2.0 1739  0.3 2312  1.9
 5  We       1022 0601  0.2 1143  2.1 1839  0.2 9999  9.9
 6  Th       1022 0012  2.0 0659  0.2 1242  2.1 1934  0.2
 7  Fr       1022 0107  2.1 0755  0.1 1336  2.2 2026  0.1
 8  Sa       1022 0158  2.2 0847  0.0 1427  2.2 2114  0.1
 9  Su       1022 0248  2.2 0938  0.0 1515  2.2 2201  0.0
10  Mo       1022 0336  2.2 1026  0.0 1601  2.2 2246  0.1
11  Tu       1022 0423  2.2 1113  0.1 1646  2.1 2331  0.1
12  We       1022 0510  2.1 1158  0.2 1731  2.0 9999  9.9
13  Th       1022 0017  0.2 0557  2.0 1244  0.3 1817  1.9
14  Fr       1022 0103  0.3 0646  2.0 1330  0.4 1904  1.8
15  Sa       1022 0150  0.4 0736  1.9 1417  0.5 1955  1.7
16  Su       1022 0239  0.5 0828  1.8 1507  0.5 2050  1.7
17  Mo       1022 0329  0.5 0922  1.8 1600  0.6 2148  1.6
18  Tu       1022 0421  0.5 1016  1.7 1655  0.6 2245  1.7
19  We       1022 0512  0.5 1108  1.8 1747  0.5 2335  1.7
20  Th       1022 0602  0.5 1157  1.8 1836  0.5 9999  9.9
21  Fr       1022 0019  1.8 0651  0.4 1241  1.9 1922  0.4
22  Sa       1022 0101  1.8 0738  0.4 1324  1.9 2006  0.3
23  Su       1022 0142  1.9 0824  0.3 1405  2.0 2049  0.3
24  Mo       1022 0224  2.0 0911  0.3 1447  2.0 2133  0.2
25  Tu       1022 0307  2.1 0957  0.2 1531  2.1 2218  0.2
26  We       1022 0352  2.1 1045  0.2 1615  2.1 2304  0.2
27  Th       1022 0439  2.1 1134  0.2 1702  2.1 2354  0.2
28  Fr       1022 0529  2.1 1226  0.2 1752  2.0 9999  9.9
29  Sa       1022 0047  0.2 0622  2.1 1320  0.2 1846  2.0
30  Su       1022 0143  0.2 0719  2.1 1417  0.3 1945  1.9
31  Mo       1022 0242  0.2 0820  2.1 1518  0.3 2048  1.9
 1  Tu       1122 0343  0.2 0923  2.0 1620  0.3 2154  1.9
 2  We       1122 0444  0.2 1026  2.0 1721  0.3 2257  2.0
 3  Th       1122 0543  0.2 1127  2.1 1819  0.2 2355  2.0
 4  Fr       1122 0640  0.1 1224  2.1 1913  0.2 9999  9.9
 5  Sa       1122 0048  2.1 0735  0.1 1316  2.1 2003  0.1
 6  Su       1122 0139  2.1 0827  0.1 1405  2.1 2051  0.1
 7  Mo       1122 0227  2.2 0916  0.1 1452  2.1 2136  0.1
 8  Tu       1122 0314  2.2 1003  0.2 1537  2.1 2221  0.2
 9  We       1122 0400  2.1 1049  0.2 1620  2.0 2305  0.2
10  Th       1122 0445  2.1 1133  0.3 1703  2.0 2348  0.3
11  Fr       1122 0530  2.0 1216  0.4 1746  1.9 9999  9.9
12  Sa       1122 0032  0.4 0615  1.9 1259  0.4 1831  1.8
13  Su       1122 0117  0.4 0701  1.8 1344  0.5 1917  1.7
14  Mo       1122 0202  0.5 0748  1.8 1430  0.5 2007  1.7
15  Tu       1122 0249  0.5 0836  1.8 1519  0.6 2100  1.6
16  We       1122 0337  0.5 0926  1.7 1610  0.6 2154  1.6
17  Th       1122 0427  0.5 1017  1.8 1702  0.5 2245  1.7
18  Fr       1122 0517  0.5 1108  1.8 1752  0.5 2333  1.8
19  Sa       1122 0608  0.4 1157  1.8 1841  0.4 9999  9.9
20  Su       1122 0019  1.8 0700  0.4 1244  1.9 1929  0.3
21  Mo       1122 0106  1.9 0751  0.3 1331  2.0 2016  0.3
22  Tu       1122 0152  2.0 0842  0.3 1418  2.0 2104  0.2
23  We       1122 0240  2.1 0934  0.2 1505  2.1 2153  0.2
24  Th       1122 0329  2.2 1025  0.2 1553  2.1 2244  0.2
25  Fr       1122 0420  2.2 1117  0.2 1643  2.1 2337  0.1
26  Sa       1122 0513  2.2 1210  0.2 1736  2.1 9999  9.9
27  Su       1122 0032  0.1 0608  2.2 1305  0.2 1832  2.0
28  Mo       1122 0129  0.1 0705  2.2 1402  0.2 1931  2.0
29  Tu       1122 0227  0.1 0805  2.1 1500  0.2 2033  2.0
30  We       1122 0325  0.1 0906  2.1 1600  0.2 2136  2.0
 1  Th       1222 0423  0.2 1007  2.1 1658  0.2 2237  2.0
 2  Fr       1222 0521  0.2 1107  2.1 1755  0.2 2334  2.0
 3  Sa       1222 0618  0.2 1203  2.1 1848  0.2 9999  9.9
 4  Su       1222 0027  2.1 0713  0.2 1255  2.1 1939  0.2
 5  Mo       1222 0118  2.1 0805  0.2 1343  2.0 2027  0.2
 6  Tu       1222 0206  2.1 0854  0.2 1429  2.0 2112  0.2
 7  We       1222 0252  2.1 0941  0.3 1513  2.0 2157  0.2
 8  Th       1222 0337  2.0 1025  0.3 1555  1.9 2240  0.3
 9  Fr       1222 0421  2.0 1108  0.3 1637  1.9 2322  0.3
10  Sa       1222 0504  1.9 1149  0.4 1718  1.8 9999  9.9
11  Su       1222 0004  0.4 0545  1.9 1229  0.4 1759  1.8
12  Mo       1222 0045  0.4 0627  1.9 1310  0.5 1841  1.7
13  Tu       1222 0127  0.4 0708  1.8 1353  0.5 1926  1.7
14  We       1222 0210  0.5 0752  1.8 1438  0.5 2013  1.7
15  Th       1222 0255  0.5 0838  1.8 1525  0.5 2103  1.7
16  Fr       1222 0342  0.5 0927  1.8 1616  0.5 2155  1.7
17  Sa       1222 0433  0.5 1020  1.8 1708  0.5 2247  1.8
18  Su       1222 0527  0.5 1113  1.8 1801  0.4 2340  1.9
19  Mo       1222 0624  0.4 1207  1.9 1853  0.4 9999  9.9
20  Tu       1222 0032  1.9 0721  0.4 1300  1.9 1946  0.3
21  We       1222 0124  2.0 0818  0.3 1351  2.0 2039  0.2
22  Th       1222 0217  2.1 0913  0.2 1443  2.1 2133  0.2
23  Fr       1222 0310  2.2 1007  0.2 1534  2.1 2227  0.1
24  Sa       1222 0404  2.2 1100  0.1 1626  2.1 2321  0.1
25  Su       1222 0458  2.3 1153  0.1 1720  2.1 9999  9.9
26  Mo       1222 0016  0.0 0553  2.3 1247  0.1 1816  2.1
27  Tu       1222 0111  0.0 0649  2.2 1342  0.1 1913  2.1
28  We       1222 0207  0.0 0746  2.2 1438  0.1 2013  2.1
29  Th       1222 0303  0.1 0844  2.1 1535  0.2 2114  2.0
30  Fr       1222 0359  0.1 0944  2.1 1632  0.2 2213  2.0
31  Sa       1222 0456  0.2 1043  2.0 1728  0.2 2311  2.0
