106Kaikoura
Based on data from  1-Jul-2014
Local Std Time, tidal heights in metres.
 1  Sa        723 0215  1.5 0820  0.3 1444  1.6 2104  0.3
 2  Su        723 0305  1.5 0911  0.3 1535  1.7 2156  0.2
 3  Mo        723 0357  1.5 1003  0.2 1628  1.8 2248  0.2
 4  Tu        723 0451  1.6 1058  0.2 1722  1.8 2343  0.1
 5  We        723 0547  1.6 1154  0.1 1816  1.9 9999  9.9
 6  Th        723 0038  0.1 0644  1.6 1251  0.1 1912  1.9
 7  Fr        723 0135  0.1 0742  1.7 1348  0.1 2009  1.8
 8  Sa        723 0232  0.1 0840  1.7 1447  0.1 2108  1.8
 9  Su        723 0329  0.1 0937  1.7 1546  0.2 2207  1.7
10  Mo        723 0425  0.2 1035  1.7 1647  0.2 2306  1.7
11  Tu        723 0521  0.2 1132  1.7 1748  0.2 9999  9.9
12  We        723 0004  1.6 0614  0.2 1229  1.6 1849  0.3
13  Th        723 0100  1.6 0707  0.3 1325  1.6 1946  0.3
14  Fr        723 0153  1.5 0758  0.3 1419  1.6 2040  0.3
15  Sa        723 0244  1.5 0848  0.3 1510  1.6 2131  0.3
16  Su        723 0332  1.4 0936  0.3 1558  1.6 2218  0.3
17  Mo        723 0419  1.4 1023  0.3 1644  1.6 2303  0.4
18  Tu        723 0505  1.4 1108  0.3 1727  1.6 2346  0.4
19  We        723 0550  1.4 1152  0.4 1808  1.6 9999  9.9
20  Th        723 0028  0.4 0633  1.4 1234  0.4 1849  1.6
21  Fr        723 0109  0.4 0716  1.4 1316  0.4 1930  1.5
22  Sa        723 0151  0.4 0759  1.4 1359  0.4 2011  1.5
23  Su        723 0233  0.4 0842  1.4 1442  0.4 2055  1.5
24  Mo        723 0315  0.4 0925  1.4 1528  0.4 2140  1.5
25  Tu        723 0358  0.4 1009  1.4 1616  0.4 2228  1.4
26  We        723 0442  0.4 1055  1.4 1707  0.4 2316  1.4
27  Th        723 0526  0.4 1143  1.5 1800  0.4 9999  9.9
28  Fr        723 0006  1.4 0613  0.4 1233  1.5 1853  0.4
29  Sa        723 0056  1.5 0701  0.3 1325  1.6 1946  0.3
30  Su        723 0147  1.5 0752  0.3 1418  1.7 2039  0.3
31  Mo        723 0240  1.5 0846  0.2 1512  1.8 2132  0.2
 1  Tu        823 0334  1.6 0941  0.2 1606  1.8 2226  0.1
 2  We        823 0429  1.6 1037  0.1 1701  1.9 2320  0.1
 3  Th        823 0525  1.7 1134  0.1 1756  1.9 9999  9.9
 4  Fr        823 0015  0.1 0622  1.7 1231  0.0 1852  1.9
 5  Sa        823 0111  0.1 0720  1.7 1329  0.1 1949  1.8
 6  Su        823 0208  0.1 0817  1.7 1428  0.1 2047  1.8
 7  Mo        823 0305  0.1 0915  1.7 1528  0.1 2146  1.7
 8  Tu        823 0401  0.2 1013  1.7 1629  0.2 2245  1.6
 9  We        823 0456  0.2 1111  1.7 1730  0.3 2343  1.6
10  Th        823 0550  0.3 1208  1.6 1830  0.3 9999  9.9
11  Fr        823 0038  1.5 0643  0.3 1304  1.6 1927  0.3
12  Sa        823 0131  1.5 0735  0.3 1357  1.6 2019  0.3
13  Su        823 0220  1.4 0824  0.3 1447  1.6 2107  0.4
14  Mo        823 0307  1.4 0912  0.3 1533  1.6 2151  0.4
15  Tu        823 0352  1.4 0957  0.3 1616  1.6 2233  0.4
16  We        823 0436  1.4 1040  0.4 1657  1.6 2313  0.4
17  Th        823 0518  1.4 1122  0.4 1736  1.6 2353  0.4
18  Fr        823 0600  1.4 1203  0.4 1815  1.5 9999  9.9
19  Sa        823 0033  0.4 0641  1.4 1244  0.4 1856  1.5
20  Su        823 0113  0.4 0723  1.4 1326  0.4 1937  1.5
21  Mo        823 0155  0.4 0805  1.4 1410  0.4 2021  1.5
22  Tu        823 0237  0.4 0848  1.5 1456  0.4 2107  1.5
23  We        823 0321  0.4 0934  1.5 1546  0.4 2156  1.4
24  Th        823 0406  0.4 1021  1.5 1638  0.4 2246  1.4
25  Fr        823 0453  0.4 1112  1.5 1733  0.4 2338  1.4
26  Sa        823 0542  0.4 1205  1.6 1828  0.3 9999  9.9
27  Su        823 0030  1.5 0635  0.3 1300  1.6 1922  0.3
28  Mo        823 0123  1.5 0729  0.2 1356  1.7 2016  0.2
29  Tu        823 0217  1.6 0825  0.2 1451  1.8 2109  0.2
30  We        823 0312  1.6 0922  0.1 1546  1.8 2203  0.1
31  Th        823 0408  1.7 1019  0.1 1641  1.9 2257  0.1
 1  Fr        923 0504  1.7 1116  0.0 1736  1.9 2352  0.1
 2  Sa        923 0601  1.8 1213  0.0 1831  1.8 9999  9.9
 3  Su        923 0047  0.1 0658  1.8 1310  0.0 1928  1.8
 4  Mo        923 0143  0.1 0755  1.8 1409  0.1 2026  1.7
 5  Tu        923 0239  0.1 0852  1.7 1508  0.2 2124  1.7
 6  We        923 0335  0.2 0949  1.7 1608  0.2 2222  1.6
 7  Th        923 0429  0.2 1046  1.7 1708  0.3 2318  1.5
 8  Fr        923 0523  0.3 1142  1.6 1806  0.3 9999  9.9
 9  Sa        923 0012  1.5 0616  0.3 1237  1.6 1900  0.4
10  Su        923 0103  1.4 0706  0.3 1329  1.6 1949  0.4
11  Mo        923 0151  1.4 0756  0.4 1417  1.6 2035  0.4
12  Tu        923 0237  1.4 0843  0.4 1501  1.6 2117  0.4
13  We        923 0321  1.4 0927  0.4 1543  1.6 2158  0.4
14  Th        923 0404  1.4 1010  0.4 1623  1.5 2238  0.4
15  Fr        923 0446  1.4 1052  0.4 1703  1.5 2317  0.4
16  Sa        923 0527  1.5 1133  0.4 1743  1.5 2357  0.4
17  Su        923 0608  1.5 1215  0.4 1824  1.5 9999  9.9
18  Mo        923 0038  0.4 0650  1.5 1258  0.4 1907  1.5
19  Tu        923 0120  0.4 0733  1.5 1343  0.4 1952  1.5
20  We        923 0203  0.4 0817  1.5 1431  0.4 2040  1.4
21  Th        923 0249  0.4 0904  1.5 1522  0.4 2131  1.4
22  Fr        923 0336  0.4 0954  1.6 1616  0.4 2222  1.4
23  Sa        923 0426  0.4 1047  1.6 1711  0.3 2315  1.5
24  Su        923 0518  0.3 1143  1.6 1806  0.3 9999  9.9
25  Mo        923 0008  1.5 0613  0.3 1239  1.7 1901  0.3
26  Tu        923 0102  1.5 0709  0.2 1335  1.7 1954  0.2
27  We        923 0157  1.6 0807  0.2 1431  1.8 2047  0.2
28  Th        923 0252  1.6 0905  0.1 1526  1.8 2141  0.1
29  Fr        923 0348  1.7 1002  0.1 1621  1.8 2235  0.1
30  Sa        923 0445  1.8 1059  0.1 1716  1.8 2329  0.1
 1  Su       1023 0541  1.8 1156  0.1 1811  1.8 9999  9.9
 2  Mo       1023 0024  0.1 0637  1.8 1252  0.1 1907  1.7
 3  Tu       1023 0118  0.1 0732  1.8 1350  0.1 2003  1.7
 4  We       1023 0213  0.2 0828  1.7 1447  0.2 2100  1.6
 5  Th       1023 0307  0.2 0923  1.7 1545  0.3 2155  1.5
 6  Fr       1023 0400  0.3 1017  1.7 1641  0.3 2249  1.5
 7  Sa       1023 0452  0.3 1111  1.6 1735  0.3 2340  1.4
 8  Su       1023 0543  0.3 1203  1.6 1826  0.4 9999  9.9
 9  Mo       1023 0030  1.4 0633  0.4 1253  1.5 1913  0.4
10  Tu       1023 0117  1.4 0722  0.4 1340  1.5 1957  0.4
11  We       1023 0202  1.4 0809  0.4 1424  1.5 2039  0.4
12  Th       1023 0246  1.4 0854  0.4 1507  1.5 2119  0.4
13  Fr       1023 0329  1.4 0938  0.4 1548  1.5 2159  0.4
14  Sa       1023 0412  1.5 1021  0.4 1629  1.5 2240  0.4
15  Su       1023 0454  1.5 1104  0.4 1711  1.5 2321  0.4
16  Mo       1023 0536  1.5 1147  0.3 1754  1.5 9999  9.9
17  Tu       1023 0004  0.4 0620  1.5 1233  0.3 1839  1.5
18  We       1023 0048  0.4 0705  1.6 1320  0.3 1927  1.5
19  Th       1023 0134  0.4 0751  1.6 1410  0.3 2018  1.5
20  Fr       1023 0223  0.3 0841  1.6 1503  0.3 2109  1.5
21  Sa       1023 0313  0.3 0933  1.6 1557  0.3 2202  1.5
22  Su       1023 0405  0.3 1027  1.6 1652  0.3 2256  1.5
23  Mo       1023 0459  0.3 1123  1.7 1746  0.3 2349  1.5
24  Tu       1023 0555  0.3 1220  1.7 1840  0.2 9999  9.9
25  We       1023 0044  1.6 0653  0.2 1317  1.7 1933  0.2
26  Th       1023 0139  1.6 0752  0.2 1413  1.7 2026  0.2
27  Fr       1023 0235  1.7 0850  0.1 1507  1.7 2119  0.2
28  Sa       1023 0331  1.7 0947  0.1 1602  1.7 2213  0.2
29  Su       1023 0427  1.8 1044  0.1 1656  1.7 2307  0.2
30  Mo       1023 0522  1.8 1140  0.1 1751  1.7 9999  9.9
31  Tu       1023 0001  0.2 0617  1.8 1235  0.2 1846  1.6
 1  We       1123 0054  0.2 0710  1.8 1330  0.2 1940  1.6
 2  Th       1123 0147  0.2 0803  1.7 1424  0.2 2034  1.5
 3  Fr       1123 0238  0.3 0855  1.7 1518  0.3 2126  1.5
 4  Sa       1123 0328  0.3 0946  1.6 1610  0.3 2216  1.5
 5  Su       1123 0418  0.3 1036  1.6 1659  0.4 2305  1.4
 6  Mo       1123 0506  0.4 1125  1.5 1746  0.4 2352  1.4
 7  Tu       1123 0555  0.4 1212  1.5 1831  0.4 9999  9.9
 8  We       1123 0038  1.4 0643  0.4 1259  1.5 1914  0.4
 9  Th       1123 0123  1.4 0731  0.4 1343  1.5 1956  0.4
10  Fr       1123 0208  1.4 0818  0.4 1427  1.5 2038  0.4
11  Sa       1123 0252  1.5 0904  0.4 1510  1.5 2120  0.4
12  Su       1123 0336  1.5 0949  0.4 1554  1.5 2202  0.4
13  Mo       1123 0421  1.5 1034  0.3 1638  1.5 2246  0.4
14  Tu       1123 0506  1.6 1121  0.3 1725  1.5 2332  0.3
15  We       1123 0552  1.6 1208  0.3 1813  1.5 9999  9.9
16  Th       1123 0020  0.3 0639  1.6 1258  0.3 1904  1.5
17  Fr       1123 0109  0.3 0729  1.7 1350  0.3 1956  1.5
18  Sa       1123 0200  0.3 0821  1.7 1444  0.3 2050  1.5
19  Su       1123 0253  0.3 0914  1.7 1538  0.2 2143  1.5
20  Mo       1123 0347  0.2 1010  1.7 1633  0.2 2237  1.6
21  Tu       1123 0443  0.2 1106  1.7 1727  0.2 2332  1.6
22  We       1123 0540  0.2 1203  1.7 1821  0.2 9999  9.9
23  Th       1123 0027  1.6 0639  0.2 1300  1.7 1914  0.2
24  Fr       1123 0123  1.6 0738  0.2 1355  1.7 2006  0.2
25  Sa       1123 0219  1.7 0837  0.2 1450  1.6 2059  0.2
26  Su       1123 0315  1.7 0934  0.2 1544  1.6 2153  0.2
27  Mo       1123 0411  1.7 1030  0.2 1638  1.6 2246  0.2
28  Tu       1123 0505  1.7 1124  0.2 1731  1.6 2338  0.2
29  We       1123 0557  1.7 1217  0.2 1824  1.5 9999  9.9
30  Th       1123 0030  0.2 0648  1.7 1308  0.3 1916  1.5
 1  Fr       1223 0120  0.3 0737  1.7 1358  0.3 2006  1.5
 2  Sa       1223 0208  0.3 0825  1.6 1447  0.3 2054  1.4
 3  Su       1223 0255  0.3 0912  1.6 1535  0.4 2141  1.4
 4  Mo       1223 0342  0.4 0958  1.5 1620  0.4 2227  1.4
 5  Tu       1223 0428  0.4 1044  1.5 1705  0.4 2312  1.4
 6  We       1223 0515  0.4 1130  1.5 1748  0.4 2357  1.4
 7  Th       1223 0603  0.4 1216  1.5 1831  0.4 9999  9.9
 8  Fr       1223 0042  1.4 0652  0.4 1302  1.5 1913  0.4
 9  Sa       1223 0128  1.4 0740  0.4 1347  1.4 1956  0.4
10  Su       1223 0214  1.5 0829  0.4 1433  1.5 2040  0.4
11  Mo       1223 0300  1.5 0916  0.4 1519  1.5 2126  0.4
12  Tu       1223 0348  1.6 1005  0.3 1607  1.5 2213  0.3
13  We       1223 0436  1.6 1053  0.3 1656  1.5 2303  0.3
14  Th       1223 0525  1.7 1144  0.3 1748  1.5 2354  0.3
15  Fr       1223 0615  1.7 1236  0.2 1841  1.5 9999  9.9
16  Sa       1223 0046  0.2 0707  1.8 1329  0.2 1935  1.6
17  Su       1223 0140  0.2 0801  1.8 1424  0.2 2029  1.6
18  Mo       1223 0234  0.2 0856  1.8 1519  0.2 2124  1.6
19  Tu       1223 0330  0.2 0953  1.7 1613  0.2 2219  1.6
20  We       1223 0428  0.2 1050  1.7 1708  0.2 2315  1.6
21  Th       1223 0527  0.2 1147  1.7 1801  0.2 9999  9.9
22  Fr       1223 0011  1.6 0627  0.2 1244  1.6 1855  0.2
23  Sa       1223 0108  1.6 0726  0.2 1340  1.6 1948  0.2
24  Su       1223 0204  1.7 0825  0.2 1434  1.6 2041  0.3
25  Mo       1223 0300  1.7 0921  0.3 1527  1.5 2133  0.3
26  Tu       1223 0355  1.7 1014  0.3 1619  1.5 2225  0.3
27  We       1223 0446  1.7 1106  0.3 1710  1.5 2316  0.3
28  Th       1223 0536  1.7 1155  0.3 1800  1.5 9999  9.9
29  Fr       1223 0005  0.3 0623  1.7 1243  0.3 1849  1.4
30  Sa       1223 0052  0.3 0709  1.6 1329  0.4 1935  1.4
31  Su       1223 0137  0.3 0753  1.6 1414  0.4 2020  1.4
 1  Mo        124 0222  0.4 0836  1.5 1457  0.4 2104  1.4
 2  Tu        124 0306  0.4 0920  1.5 1540  0.4 2148  1.4
 3  We        124 0351  0.4 1005  1.5 1623  0.4 2231  1.4
 4  Th        124 0437  0.4 1050  1.5 1706  0.4 2316  1.4
 5  Fr        124 0525  0.4 1136  1.4 1748  0.4 9999  9.9
 6  Sa        124 0001  1.4 0614  0.4 1223  1.4 1832  0.4
 7  Su        124 0048  1.5 0704  0.4 1310  1.4 1916  0.4
 8  Mo        124 0136  1.5 0754  0.4 1357  1.4 2003  0.4
 9  Tu        124 0226  1.5 0844  0.4 1446  1.5 2051  0.3
10  We        124 0316  1.6 0935  0.3 1536  1.5 2142  0.3
11  Th        124 0407  1.7 1026  0.3 1628  1.5 2235  0.2
12  Fr        124 0459  1.7 1118  0.2 1722  1.6 2329  0.2
13  Sa        124 0552  1.8 1211  0.2 1816  1.6 9999  9.9
14  Su        124 0024  0.1 0646  1.8 1306  0.2 1912  1.6
15  Mo        124 0120  0.1 0741  1.8 1401  0.1 2008  1.7
16  Tu        124 0216  0.1 0837  1.8 1457  0.2 2104  1.7
17  We        124 0314  0.1 0935  1.7 1552  0.2 2200  1.7
18  Th        124 0413  0.2 1033  1.7 1647  0.2 2257  1.7
19  Fr        124 0514  0.2 1131  1.6 1742  0.2 2355  1.7
20  Sa        124 0614  0.2 1228  1.6 1836  0.3 9999  9.9
21  Su        124 0052  1.6 0714  0.3 1323  1.5 1929  0.3
22  Mo        124 0149  1.6 0811  0.3 1417  1.5 2022  0.3
23  Tu        124 0244  1.6 0905  0.3 1508  1.5 2114  0.3
24  We        124 0336  1.6 0955  0.3 1558  1.4 2204  0.3
25  Th        124 0425  1.6 1043  0.3 1646  1.4 2252  0.3
26  Fr        124 0511  1.6 1129  0.4 1733  1.4 2338  0.3
27  Sa        124 0555  1.6 1212  0.4 1818  1.4 9999  9.9
28  Su        124 0022  0.4 0637  1.6 1255  0.4 1902  1.4
29  Mo        124 0105  0.4 0719  1.5 1337  0.4 1945  1.4
30  Tu        124 0148  0.4 0801  1.5 1419  0.4 2027  1.4
31  We        124 0231  0.4 0844  1.5 1501  0.4 2110  1.4
 1  Th        224 0315  0.4 0928  1.4 1543  0.4 2153  1.4
 2  Fr        224 0402  0.4 1014  1.4 1626  0.4 2238  1.4
 3  Sa        224 0451  0.4 1101  1.4 1709  0.4 2324  1.4
 4  Su        224 0541  0.4 1148  1.4 1754  0.4 9999  9.9
 5  Mo        224 0012  1.5 0632  0.4 1236  1.4 1840  0.4
 6  Tu        224 0102  1.5 0723  0.4 1325  1.4 1929  0.3
 7  We        224 0154  1.6 0814  0.3 1415  1.5 2021  0.3
 8  Th        224 0247  1.7 0906  0.3 1507  1.5 2115  0.2
 9  Fr        224 0340  1.7 0958  0.2 1601  1.6 2210  0.2
10  Sa        224 0433  1.8 1051  0.2 1656  1.6 2306  0.1
11  Su        224 0528  1.8 1145  0.1 1752  1.7 9999  9.9
12  Mo        224 0003  0.1 0623  1.8 1241  0.1 1849  1.7
13  Tu        224 0100  0.1 0720  1.8 1337  0.1 1946  1.7
14  We        224 0158  0.1 0818  1.8 1434  0.1 2043  1.7
15  Th        224 0258  0.1 0917  1.7 1530  0.2 2141  1.7
16  Fr        224 0358  0.2 1016  1.7 1626  0.2 2239  1.7
17  Sa        224 0459  0.2 1114  1.6 1722  0.2 2337  1.7
18  Su        224 0600  0.3 1211  1.5 1816  0.3 9999  9.9
19  Mo        224 0035  1.6 0658  0.3 1305  1.5 1909  0.3
20  Tu        224 0131  1.6 0752  0.3 1357  1.5 2001  0.3
21  We        224 0223  1.6 0843  0.3 1446  1.4 2052  0.3
22  Th        224 0312  1.6 0930  0.4 1533  1.4 2140  0.4
23  Fr        224 0358  1.6 1014  0.4 1618  1.4 2226  0.4
24  Sa        224 0441  1.5 1056  0.4 1702  1.4 2309  0.4
25  Su        224 0523  1.5 1137  0.4 1745  1.4 2352  0.4
26  Mo        224 0603  1.5 1218  0.4 1827  1.4 9999  9.9
27  Tu        224 0034  0.4 0644  1.5 1259  0.4 1909  1.4
28  We        224 0116  0.4 0726  1.5 1340  0.4 1951  1.4
29  Th        224 0159  0.4 0810  1.4 1422  0.4 2034  1.4
 1  Fr        324 0244  0.4 0855  1.4 1505  0.4 2117  1.4
 2  Sa        324 0332  0.4 0942  1.4 1549  0.4 2203  1.5
 3  Su        324 0421  0.4 1030  1.4 1634  0.4 2251  1.5
 4  Mo        324 0512  0.4 1118  1.4 1721  0.4 2341  1.5
 5  Tu        324 0604  0.4 1207  1.4 1810  0.4 9999  9.9
 6  We        324 0033  1.6 0655  0.3 1257  1.5 1902  0.3
 7  Th        324 0126  1.6 0747  0.3 1348  1.5 1956  0.3
 8  Fr        324 0220  1.7 0838  0.2 1441  1.6 2051  0.2
 9  Sa        324 0314  1.7 0930  0.2 1536  1.6 2148  0.1
10  Su        324 0409  1.8 1024  0.2 1632  1.7 2245  0.1
11  Mo        324 0504  1.8 1119  0.1 1729  1.7 2343  0.1
12  Tu        324 0601  1.8 1215  0.1 1826  1.8 9999  9.9
13  We        324 0041  0.1 0659  1.8 1312  0.1 1924  1.8
14  Th        324 0140  0.1 0757  1.7 1409  0.2 2022  1.8
15  Fr        324 0240  0.1 0857  1.7 1506  0.2 2120  1.7
16  Sa        324 0341  0.2 0956  1.6 1603  0.2 2218  1.7
17  Su        324 0442  0.2 1054  1.6 1658  0.3 2316  1.7
18  Mo        324 0540  0.3 1149  1.5 1753  0.3 9999  9.9
19  Tu        324 0012  1.6 0636  0.3 1242  1.5 1845  0.3
20  We        324 0106  1.6 0727  0.3 1331  1.4 1936  0.4
21  Th        324 0156  1.6 0814  0.4 1418  1.4 2025  0.4
22  Fr        324 0242  1.5 0857  0.4 1503  1.4 2111  0.4
23  Sa        324 0326  1.5 0938  0.4 1547  1.4 2156  0.4
24  Su        324 0407  1.5 1019  0.4 1629  1.4 2239  0.4
25  Mo        324 0448  1.5 1059  0.4 1711  1.4 2321  0.4
26  Tu        324 0528  1.5 1139  0.4 1753  1.4 9999  9.9
27  We        324 0003  0.4 0610  1.4 1220  0.4 1834  1.5
28  Th        324 0045  0.4 0653  1.4 1303  0.4 1917  1.5
29  Fr        324 0130  0.4 0738  1.4 1346  0.4 2000  1.5
30  Sa        324 0217  0.4 0825  1.4 1431  0.4 2046  1.5
31  Su        324 0306  0.4 0914  1.4 1517  0.4 2133  1.5
 1  Mo        424 0356  0.4 1004  1.4 1604  0.4 2223  1.5
 2  Tu        424 0448  0.4 1053  1.4 1654  0.4 2315  1.6
 3  We        424 0540  0.3 1143  1.4 1745  0.3 9999  9.9
 4  Th        424 0009  1.6 0631  0.3 1234  1.5 1839  0.3
 5  Fr        424 0103  1.7 0722  0.3 1325  1.6 1935  0.2
 6  Sa        424 0157  1.7 0813  0.2 1419  1.6 2032  0.2
 7  Su        424 0252  1.7 0905  0.2 1514  1.7 2129  0.1
 8  Mo        424 0347  1.8 0959  0.1 1610  1.7 2227  0.1
 9  Tu        424 0442  1.8 1054  0.1 1707  1.8 2325  0.1
10  We        424 0539  1.7 1150  0.1 1805  1.8 9999  9.9
11  Th        424 0023  0.1 0637  1.7 1247  0.2 1902  1.8
12  Fr        424 0122  0.1 0736  1.6 1344  0.2 2000  1.8
13  Sa        424 0222  0.2 0835  1.6 1441  0.2 2057  1.7
14  Su        424 0321  0.2 0933  1.5 1537  0.3 2154  1.7
15  Mo        424 0419  0.3 1030  1.5 1631  0.3 2249  1.6
16  Tu        424 0515  0.3 1123  1.5 1725  0.3 2343  1.6
17  We        424 0606  0.3 1213  1.5 1816  0.4 9999  9.9
18  Th        424 0034  1.6 0654  0.4 1300  1.4 1906  0.4
19  Fr        424 0122  1.5 0738  0.4 1346  1.4 1953  0.4
20  Sa        424 0207  1.5 0819  0.4 1430  1.4 2039  0.4
21  Su        424 0249  1.5 0900  0.4 1513  1.4 2124  0.4
22  Mo        424 0331  1.5 0940  0.4 1555  1.5 2207  0.4
23  Tu        424 0412  1.4 1020  0.4 1637  1.5 2250  0.4
24  We        424 0454  1.4 1101  0.4 1719  1.5 2333  0.4
25  Th        424 0537  1.4 1144  0.4 1802  1.5 9999  9.9
26  Fr        424 0017  0.4 0622  1.4 1228  0.4 1845  1.5
27  Sa        424 0103  0.4 0709  1.4 1313  0.4 1931  1.5
28  Su        424 0152  0.4 0758  1.4 1400  0.4 2018  1.6
29  Mo        424 0242  0.4 0849  1.4 1449  0.4 2108  1.6
30  Tu        424 0334  0.3 0940  1.4 1539  0.4 2200  1.6
 1  We        524 0426  0.3 1030  1.5 1631  0.3 2253  1.6
 2  Th        524 0517  0.3 1121  1.5 1725  0.3 2348  1.6
 3  Fr        524 0608  0.3 1213  1.5 1821  0.3 9999  9.9
 4  Sa        524 0043  1.7 0659  0.2 1306  1.6 1918  0.2
 5  Su        524 0137  1.7 0750  0.2 1400  1.7 2016  0.2
 6  Mo        524 0232  1.7 0843  0.2 1456  1.7 2114  0.1
 7  Tu        524 0327  1.7 0936  0.2 1552  1.8 2211  0.1
 8  We        524 0422  1.7 1031  0.2 1649  1.8 2308  0.1
 9  Th        524 0519  1.7 1127  0.2 1745  1.8 9999  9.9
10  Fr        524 0006  0.1 0616  1.6 1223  0.2 1841  1.8
11  Sa        524 0103  0.2 0714  1.6 1319  0.2 1937  1.8
12  Su        524 0200  0.2 0811  1.5 1414  0.2 2031  1.7
13  Mo        524 0256  0.3 0906  1.5 1508  0.3 2125  1.7
14  Tu        524 0351  0.3 1000  1.5 1600  0.3 2217  1.6
15  We        524 0442  0.3 1050  1.5 1651  0.4 2308  1.6
16  Th        524 0530  0.4 1138  1.4 1741  0.4 2357  1.5
17  Fr        524 0615  0.4 1224  1.4 1830  0.4 9999  9.9
18  Sa        524 0043  1.5 0658  0.4 1309  1.4 1918  0.4
19  Su        524 0128  1.5 0739  0.4 1354  1.4 2005  0.4
20  Mo        524 0211  1.4 0820  0.4 1437  1.5 2051  0.4
21  Tu        524 0254  1.4 0901  0.4 1521  1.5 2135  0.4
22  We        524 0337  1.4 0943  0.4 1604  1.5 2220  0.4
23  Th        524 0420  1.4 1025  0.4 1647  1.5 2304  0.4
24  Fr        524 0505  1.4 1110  0.4 1731  1.6 2350  0.3
25  Sa        524 0552  1.4 1156  0.4 1817  1.6 9999  9.9
26  Su        524 0037  0.3 0641  1.4 1244  0.4 1904  1.6
27  Mo        524 0127  0.3 0732  1.4 1333  0.3 1953  1.6
28  Tu        524 0218  0.3 0824  1.5 1424  0.3 2045  1.7
29  We        524 0311  0.3 0916  1.5 1517  0.3 2138  1.7
30  Th        524 0403  0.3 1009  1.5 1612  0.3 2234  1.7
31  Fr        524 0456  0.3 1102  1.6 1708  0.3 2329  1.7
 1  Sa        624 0548  0.2 1155  1.6 1806  0.2 9999  9.9
 2  Su        624 0025  1.6 0639  0.2 1249  1.6 1905  0.2
 3  Mo        624 0121  1.6 0731  0.2 1345  1.7 2003  0.2
 4  Tu        624 0215  1.6 0824  0.2 1441  1.7 2101  0.2
 5  We        624 0310  1.6 0917  0.2 1537  1.8 2158  0.2
 6  Th        624 0405  1.6 1012  0.2 1633  1.8 2254  0.2
 7  Fr        624 0500  1.6 1106  0.2 1727  1.8 2348  0.2
 8  Sa        624 0555  1.5 1200  0.2 1820  1.8 9999  9.9
 9  Su        624 0042  0.2 0650  1.5 1253  0.2 1912  1.7
10  Mo        624 0135  0.3 0743  1.5 1345  0.3 2002  1.7
11  Tu        624 0227  0.3 0835  1.5 1435  0.3 2052  1.6
12  We        624 0316  0.3 0925  1.4 1525  0.4 2140  1.6
13  Th        624 0404  0.4 1013  1.4 1614  0.4 2228  1.5
14  Fr        624 0449  0.4 1059  1.4 1703  0.4 2316  1.5
15  Sa        624 0533  0.4 1145  1.4 1752  0.4 9999  9.9
16  Su        624 0002  1.4 0616  0.4 1231  1.4 1841  0.5
17  Mo        624 0048  1.4 0659  0.4 1316  1.5 1930  0.4
18  Tu        624 0133  1.4 0741  0.4 1402  1.5 2017  0.4
19  We        624 0218  1.4 0824  0.4 1447  1.5 2104  0.4
20  Th        624 0303  1.4 0907  0.4 1532  1.6 2149  0.4
21  Fr        624 0348  1.4 0952  0.4 1617  1.6 2235  0.3
22  Sa        624 0435  1.4 1039  0.3 1703  1.6 2322  0.3
23  Su        624 0524  1.5 1127  0.3 1750  1.7 9999  9.9
24  Mo        624 0011  0.3 0614  1.5 1217  0.3 1839  1.7
25  Tu        624 0101  0.2 0706  1.5 1309  0.2 1930  1.7
26  We        624 0154  0.2 0759  1.5 1402  0.2 2023  1.7
27  Th        624 0247  0.2 0853  1.6 1458  0.2 2118  1.7
28  Fr        624 0341  0.2 0947  1.6 1555  0.2 2215  1.7
29  Sa        624 0434  0.2 1043  1.6 1654  0.2 2313  1.7
30  Su        624 0528  0.2 1139  1.6 1754  0.2 9999  9.9
