374Kaingaroa - Chatham Island
Based on data from  3-Jul-2008
Local Std Time, tidal heights in metres.
 1  Sa        723 0331  1.2 0950  0.3 1614  1.3 2225  0.4
 2  Su        723 0425  1.2 1042  0.2 1707  1.3 2320  0.3
 3  Mo        723 0520  1.3 1136  0.2 1801  1.4 9999  9.9
 4  Tu        723 0015  0.3 0616  1.3 1230  0.2 1855  1.4
 5  We        723 0111  0.2 0713  1.3 1325  0.1 1949  1.4
 6  Th        723 0206  0.2 0809  1.4 1421  0.1 2043  1.5
 7  Fr        723 0301  0.2 0906  1.4 1516  0.1 2137  1.5
 8  Sa        723 0355  0.1 1003  1.4 1612  0.2 2232  1.5
 9  Su        723 0450  0.1 1100  1.4 1709  0.2 2326  1.4
10  Mo        723 0545  0.2 1157  1.4 1806  0.2 9999  9.9
11  Tu        723 0021  1.4 0640  0.2 1255  1.3 1904  0.3
12  We        723 0116  1.3 0734  0.2 1352  1.3 2002  0.3
13  Th        723 0211  1.3 0828  0.2 1449  1.3 2059  0.3
14  Fr        723 0306  1.3 0921  0.3 1545  1.3 2156  0.4
15  Sa        723 0359  1.2 1013  0.3 1638  1.3 2250  0.4
16  Su        723 0451  1.2 1103  0.3 1729  1.3 2342  0.4
17  Mo        723 0541  1.2 1151  0.3 1816  1.3 9999  9.9
18  Tu        723 0031  0.4 0629  1.2 1237  0.3 1901  1.3
19  We        723 0117  0.4 0715  1.2 1321  0.3 1943  1.3
20  Th        723 0201  0.4 0800  1.2 1405  0.3 2025  1.3
21  Fr        723 0243  0.4 0844  1.2 1448  0.3 2105  1.3
22  Sa        723 0324  0.4 0927  1.2 1530  0.4 2145  1.3
23  Su        723 0404  0.3 1010  1.2 1613  0.4 2225  1.2
24  Mo        723 0444  0.3 1052  1.2 1655  0.4 2304  1.2
25  Tu        723 0524  0.3 1135  1.2 1739  0.4 2345  1.2
26  We        723 0605  0.3 1219  1.2 1825  0.4 9999  9.9
27  Th        723 0028  1.2 0648  0.3 1305  1.2 1913  0.4
28  Fr        723 0115  1.2 0735  0.3 1355  1.2 2005  0.4
29  Sa        723 0206  1.2 0825  0.3 1447  1.3 2100  0.4
30  Su        723 0300  1.2 0918  0.3 1542  1.3 2157  0.3
31  Mo        723 0357  1.3 1014  0.2 1639  1.3 2254  0.3
 1  Tu        823 0456  1.3 1111  0.2 1736  1.4 2352  0.2
 2  We        823 0555  1.3 1209  0.2 1832  1.4 9999  9.9
 3  Th        823 0049  0.2 0654  1.4 1306  0.1 1928  1.5
 4  Fr        823 0145  0.1 0751  1.4 1403  0.1 2023  1.5
 5  Sa        823 0240  0.1 0848  1.4 1459  0.1 2117  1.5
 6  Su        823 0334  0.1 0944  1.4 1555  0.1 2211  1.5
 7  Mo        823 0428  0.1 1040  1.4 1651  0.2 2305  1.4
 8  Tu        823 0521  0.1 1136  1.4 1747  0.2 2358  1.4
 9  We        823 0615  0.2 1232  1.3 1843  0.3 9999  9.9
10  Th        823 0052  1.3 0708  0.2 1328  1.3 1940  0.3
11  Fr        823 0146  1.3 0801  0.3 1424  1.3 2036  0.4
12  Sa        823 0240  1.2 0854  0.3 1519  1.3 2132  0.4
13  Su        823 0334  1.2 0945  0.3 1611  1.2 2225  0.4
14  Mo        823 0426  1.2 1035  0.3 1701  1.2 2316  0.4
15  Tu        823 0515  1.2 1123  0.4 1747  1.2 9999  9.9
16  We        823 0003  0.4 0603  1.2 1209  0.4 1831  1.2
17  Th        823 0048  0.4 0649  1.2 1254  0.4 1913  1.2
18  Fr        823 0130  0.4 0733  1.2 1337  0.3 1953  1.3
19  Sa        823 0211  0.3 0816  1.2 1420  0.3 2033  1.3
20  Su        823 0250  0.3 0857  1.2 1502  0.3 2112  1.3
21  Mo        823 0329  0.3 0939  1.2 1543  0.4 2151  1.3
22  Tu        823 0408  0.3 1020  1.2 1626  0.4 2231  1.2
23  We        823 0447  0.3 1102  1.2 1709  0.4 2312  1.2
24  Th        823 0529  0.3 1145  1.2 1755  0.4 2356  1.2
25  Fr        823 0613  0.3 1232  1.2 1844  0.4 9999  9.9
26  Sa        823 0045  1.2 0702  0.3 1323  1.3 1937  0.4
27  Su        823 0138  1.2 0755  0.3 1417  1.3 2034  0.3
28  Mo        823 0235  1.2 0852  0.3 1515  1.3 2133  0.3
29  Tu        823 0335  1.3 0951  0.2 1614  1.3 2232  0.3
30  We        823 0436  1.3 1051  0.2 1713  1.4 2330  0.2
31  Th        823 0537  1.4 1150  0.2 1811  1.4 9999  9.9
 1  Fr        923 0027  0.2 0636  1.4 1248  0.1 1907  1.5
 2  Sa        923 0123  0.1 0733  1.4 1345  0.1 2001  1.5
 3  Su        923 0217  0.1 0829  1.4 1441  0.1 2055  1.5
 4  Mo        923 0310  0.1 0924  1.4 1535  0.1 2148  1.5
 5  Tu        923 0403  0.1 1018  1.4 1630  0.2 2240  1.4
 6  We        923 0455  0.1 1111  1.4 1724  0.2 2332  1.4
 7  Th        923 0547  0.2 1205  1.4 1819  0.3 9999  9.9
 8  Fr        923 0025  1.3 0638  0.2 1259  1.3 1914  0.3
 9  Sa        923 0118  1.2 0730  0.3 1352  1.3 2008  0.4
10  Su        923 0211  1.2 0822  0.3 1445  1.2 2102  0.4
11  Mo        923 0304  1.2 0914  0.4 1537  1.2 2155  0.4
12  Tu        923 0356  1.1 1004  0.4 1626  1.2 2244  0.4
13  We        923 0447  1.1 1053  0.4 1713  1.2 2330  0.4
14  Th        923 0535  1.2 1140  0.4 1757  1.2 9999  9.9
15  Fr        923 0014  0.4 0620  1.2 1225  0.4 1840  1.2
16  Sa        923 0056  0.4 0704  1.2 1309  0.4 1921  1.2
17  Su        923 0136  0.3 0747  1.2 1352  0.3 2001  1.3
18  Mo        923 0215  0.3 0828  1.2 1434  0.3 2041  1.3
19  Tu        923 0254  0.3 0909  1.3 1516  0.3 2121  1.3
20  We        923 0334  0.3 0950  1.3 1559  0.3 2201  1.3
21  Th        923 0415  0.3 1032  1.3 1644  0.3 2244  1.2
22  Fr        923 0458  0.3 1117  1.3 1731  0.3 2331  1.2
23  Sa        923 0545  0.3 1204  1.3 1821  0.3 9999  9.9
24  Su        923 0021  1.2 0636  0.3 1256  1.3 1915  0.3
25  Mo        923 0116  1.2 0731  0.3 1352  1.3 2012  0.3
26  Tu        923 0216  1.3 0830  0.3 1452  1.3 2112  0.3
27  We        923 0317  1.3 0931  0.2 1552  1.3 2211  0.2
28  Th        923 0420  1.3 1033  0.2 1652  1.4 2310  0.2
29  Fr        923 0520  1.4 1133  0.2 1750  1.4 9999  9.9
30  Sa        923 0006  0.1 0619  1.4 1231  0.2 1846  1.4
 1  Su       1023 0101  0.1 0715  1.4 1327  0.1 1940  1.4
 2  Mo       1023 0154  0.1 0809  1.4 1422  0.1 2032  1.4
 3  Tu       1023 0246  0.1 0902  1.4 1515  0.2 2124  1.4
 4  We       1023 0336  0.1 0954  1.4 1608  0.2 2214  1.4
 5  Th       1023 0426  0.2 1045  1.4 1700  0.2 2305  1.3
 6  Fr       1023 0516  0.2 1135  1.3 1752  0.3 2355  1.3
 7  Sa       1023 0606  0.3 1225  1.3 1844  0.3 9999  9.9
 8  Su       1023 0046  1.2 0655  0.3 1316  1.3 1936  0.4
 9  Mo       1023 0138  1.2 0746  0.4 1406  1.2 2027  0.4
10  Tu       1023 0230  1.1 0837  0.4 1456  1.2 2117  0.4
11  We       1023 0323  1.1 0928  0.4 1545  1.2 2206  0.4
12  Th       1023 0413  1.1 1018  0.4 1633  1.2 2252  0.4
13  Fr       1023 0502  1.2 1107  0.4 1719  1.2 2336  0.4
14  Sa       1023 0549  1.2 1154  0.4 1803  1.2 9999  9.9
15  Su       1023 0018  0.3 0634  1.2 1239  0.4 1846  1.2
16  Mo       1023 0100  0.3 0717  1.3 1324  0.4 1928  1.2
17  Tu       1023 0141  0.3 0759  1.3 1407  0.3 2010  1.3
18  We       1023 0222  0.3 0841  1.3 1451  0.3 2053  1.3
19  Th       1023 0304  0.3 0924  1.3 1536  0.3 2136  1.3
20  Fr       1023 0348  0.2 1008  1.3 1622  0.3 2222  1.3
21  Sa       1023 0434  0.2 1054  1.3 1711  0.3 2311  1.3
22  Su       1023 0523  0.3 1143  1.3 1802  0.3 9999  9.9
23  Mo       1023 0004  1.3 0616  0.3 1236  1.3 1857  0.3
24  Tu       1023 0100  1.3 0713  0.3 1332  1.3 1954  0.3
25  We       1023 0200  1.3 0813  0.3 1431  1.3 2053  0.2
26  Th       1023 0302  1.3 0915  0.3 1532  1.3 2152  0.2
27  Fr       1023 0404  1.3 1016  0.3 1631  1.4 2249  0.2
28  Sa       1023 0504  1.3 1116  0.2 1729  1.4 2345  0.2
29  Su       1023 0602  1.4 1214  0.2 1824  1.4 9999  9.9
30  Mo       1023 0039  0.1 0657  1.4 1310  0.2 1918  1.4
31  Tu       1023 0131  0.1 0750  1.4 1403  0.2 2009  1.4
 1  We       1123 0221  0.1 0840  1.4 1455  0.2 2059  1.3
 2  Th       1123 0310  0.2 0929  1.4 1545  0.2 2148  1.3
 3  Fr       1123 0357  0.2 1017  1.4 1634  0.3 2236  1.3
 4  Sa       1123 0445  0.2 1104  1.3 1723  0.3 2325  1.2
 5  Su       1123 0532  0.3 1150  1.3 1812  0.3 9999  9.9
 6  Mo       1123 0013  1.2 0619  0.3 1237  1.2 1900  0.4
 7  Tu       1123 0103  1.2 0708  0.4 1324  1.2 1947  0.4
 8  We       1123 0153  1.1 0757  0.4 1412  1.2 2035  0.4
 9  Th       1123 0244  1.1 0848  0.4 1500  1.2 2122  0.4
10  Fr       1123 0335  1.1 0939  0.4 1548  1.2 2208  0.4
11  Sa       1123 0425  1.2 1029  0.4 1636  1.2 2253  0.4
12  Su       1123 0513  1.2 1119  0.4 1723  1.2 2338  0.3
13  Mo       1123 0600  1.2 1207  0.4 1809  1.2 9999  9.9
14  Tu       1123 0022  0.3 0645  1.3 1254  0.4 1855  1.2
15  We       1123 0107  0.3 0730  1.3 1341  0.3 1941  1.3
16  Th       1123 0152  0.2 0815  1.3 1427  0.3 2028  1.3
17  Fr       1123 0238  0.2 0900  1.4 1515  0.3 2115  1.3
18  Sa       1123 0325  0.2 0947  1.4 1604  0.3 2205  1.3
19  Su       1123 0414  0.2 1035  1.4 1654  0.2 2256  1.3
20  Mo       1123 0506  0.2 1126  1.4 1746  0.2 2350  1.3
21  Tu       1123 0601  0.2 1219  1.4 1841  0.2 9999  9.9
22  We       1123 0047  1.3 0658  0.3 1315  1.3 1937  0.2
23  Th       1123 0147  1.3 0757  0.3 1413  1.3 2034  0.2
24  Fr       1123 0248  1.3 0859  0.3 1512  1.3 2131  0.2
25  Sa       1123 0349  1.3 1000  0.3 1610  1.3 2228  0.2
26  Su       1123 0448  1.3 1059  0.3 1708  1.3 2323  0.2
27  Mo       1123 0545  1.3 1157  0.3 1803  1.3 9999  9.9
28  Tu       1123 0016  0.2 0638  1.4 1252  0.3 1856  1.3
29  We       1123 0107  0.2 0729  1.4 1344  0.3 1946  1.3
30  Th       1123 0156  0.2 0818  1.4 1434  0.3 2035  1.3
 1  Fr       1223 0243  0.2 0904  1.4 1522  0.3 2122  1.3
 2  Sa       1223 0329  0.2 0949  1.3 1608  0.3 2208  1.2
 3  Su       1223 0414  0.3 1033  1.3 1653  0.3 2254  1.2
 4  Mo       1223 0459  0.3 1116  1.3 1738  0.3 2340  1.2
 5  Tu       1223 0544  0.4 1159  1.3 1822  0.4 9999  9.9
 6  We       1223 0027  1.2 0630  0.4 1242  1.2 1906  0.4
 7  Th       1223 0114  1.1 0717  0.4 1327  1.2 1950  0.4
 8  Fr       1223 0203  1.1 0806  0.4 1413  1.2 2035  0.4
 9  Sa       1223 0253  1.2 0857  0.4 1501  1.2 2122  0.4
10  Su       1223 0343  1.2 0949  0.4 1551  1.2 2209  0.3
11  Mo       1223 0433  1.2 1041  0.4 1641  1.2 2257  0.3
12  Tu       1223 0523  1.2 1132  0.4 1732  1.2 2346  0.3
13  We       1223 0612  1.3 1223  0.3 1823  1.2 9999  9.9
14  Th       1223 0035  0.2 0701  1.3 1314  0.3 1914  1.3
15  Fr       1223 0125  0.2 0749  1.4 1404  0.3 2005  1.3
16  Sa       1223 0215  0.2 0838  1.4 1455  0.2 2057  1.3
17  Su       1223 0306  0.2 0928  1.4 1546  0.2 2149  1.3
18  Mo       1223 0358  0.2 1018  1.4 1637  0.2 2243  1.3
19  Tu       1223 0452  0.2 1110  1.4 1730  0.2 2338  1.3
20  We       1223 0547  0.2 1203  1.4 1824  0.2 9999  9.9
21  Th       1223 0034  1.3 0644  0.2 1258  1.4 1918  0.2
22  Fr       1223 0132  1.3 0742  0.3 1354  1.3 2014  0.2
23  Sa       1223 0232  1.3 0842  0.3 1452  1.3 2110  0.2
24  Su       1223 0331  1.3 0942  0.3 1549  1.3 2206  0.2
25  Mo       1223 0430  1.3 1042  0.3 1646  1.3 2301  0.2
26  Tu       1223 0526  1.3 1139  0.3 1741  1.2 2353  0.3
27  We       1223 0619  1.3 1233  0.3 1834  1.2 9999  9.9
28  Th       1223 0043  0.3 0708  1.3 1324  0.3 1923  1.2
29  Fr       1223 0131  0.3 0755  1.3 1412  0.3 2011  1.2
30  Sa       1223 0217  0.3 0839  1.3 1457  0.3 2057  1.2
31  Su       1223 0302  0.3 0921  1.3 1541  0.3 2141  1.2
 1  Mo        124 0346  0.3 1002  1.3 1623  0.3 2225  1.2
 2  Tu        124 0428  0.3 1042  1.3 1704  0.3 2308  1.2
 3  We        124 0511  0.4 1123  1.2 1744  0.3 2352  1.2
 4  Th        124 0555  0.4 1203  1.2 1825  0.4 9999  9.9
 5  Fr        124 0036  1.2 0640  0.4 1245  1.2 1907  0.4
 6  Sa        124 0122  1.2 0727  0.4 1330  1.2 1950  0.4
 7  Su        124 0210  1.2 0816  0.4 1417  1.2 2037  0.3
 8  Mo        124 0300  1.2 0908  0.4 1508  1.2 2126  0.3
 9  Tu        124 0352  1.2 1003  0.4 1601  1.2 2218  0.3
10  We        124 0445  1.3 1058  0.4 1657  1.2 2312  0.3
11  Th        124 0538  1.3 1153  0.3 1753  1.3 9999  9.9
12  Fr        124 0006  0.2 0632  1.4 1247  0.3 1849  1.3
13  Sa        124 0100  0.2 0724  1.4 1341  0.2 1944  1.3
14  Su        124 0154  0.2 0817  1.4 1434  0.2 2039  1.4
15  Mo        124 0248  0.1 0909  1.5 1526  0.1 2133  1.4
16  Tu        124 0343  0.1 1001  1.5 1619  0.1 2228  1.4
17  We        124 0437  0.2 1053  1.4 1712  0.1 2323  1.4
18  Th        124 0532  0.2 1146  1.4 1805  0.2 9999  9.9
19  Fr        124 0019  1.4 0629  0.2 1240  1.4 1858  0.2
20  Sa        124 0115  1.3 0726  0.3 1335  1.3 1953  0.2
21  Su        124 0213  1.3 0825  0.3 1431  1.3 2048  0.2
22  Mo        124 0311  1.3 0924  0.4 1528  1.2 2143  0.3
23  Tu        124 0409  1.3 1022  0.4 1624  1.2 2237  0.3
24  We        124 0504  1.3 1118  0.4 1719  1.2 2329  0.3
25  Th        124 0556  1.3 1211  0.4 1811  1.2 9999  9.9
26  Fr        124 0019  0.3 0644  1.3 1300  0.4 1900  1.2
27  Sa        124 0106  0.3 0729  1.3 1346  0.4 1946  1.2
28  Su        124 0152  0.3 0811  1.3 1429  0.3 2031  1.2
29  Mo        124 0235  0.3 0852  1.3 1511  0.3 2114  1.2
30  Tu        124 0318  0.3 0931  1.3 1550  0.3 2156  1.2
31  We        124 0400  0.4 1010  1.3 1629  0.3 2237  1.2
 1  Th        224 0441  0.4 1049  1.2 1707  0.3 2319  1.2
 2  Fr        224 0523  0.4 1128  1.2 1746  0.3 9999  9.9
 3  Sa        224 0000  1.2 0606  0.4 1208  1.2 1827  0.3
 4  Su        224 0044  1.2 0651  0.4 1252  1.2 1910  0.3
 5  Mo        224 0130  1.2 0740  0.4 1339  1.2 1958  0.3
 6  Tu        224 0220  1.2 0833  0.4 1431  1.2 2049  0.3
 7  We        224 0313  1.2 0928  0.4 1528  1.2 2144  0.3
 8  Th        224 0410  1.3 1026  0.3 1627  1.2 2242  0.3
 9  Fr        224 0507  1.3 1124  0.3 1726  1.3 2340  0.2
10  Sa        224 0604  1.4 1221  0.2 1826  1.3 9999  9.9
11  Su        224 0038  0.2 0700  1.4 1317  0.2 1923  1.4
12  Mo        224 0135  0.2 0755  1.5 1411  0.1 2020  1.4
13  Tu        224 0231  0.1 0848  1.5 1505  0.1 2116  1.4
14  We        224 0326  0.1 0942  1.5 1558  0.1 2211  1.4
15  Th        224 0421  0.1 1034  1.5 1651  0.1 2305  1.4
16  Fr        224 0516  0.2 1127  1.4 1743  0.1 9999  9.9
17  Sa        224 0000  1.4 0612  0.2 1221  1.4 1836  0.2
18  Su        224 0055  1.3 0708  0.3 1315  1.3 1930  0.2
19  Mo        224 0151  1.3 0805  0.3 1410  1.2 2024  0.3
20  Tu        224 0248  1.3 0902  0.4 1505  1.2 2117  0.3
21  We        224 0343  1.2 0959  0.4 1601  1.2 2211  0.4
22  Th        224 0437  1.2 1053  0.4 1654  1.1 2303  0.4
23  Fr        224 0527  1.2 1144  0.4 1746  1.1 2352  0.4
24  Sa        224 0614  1.2 1232  0.4 1834  1.1 9999  9.9
25  Su        224 0039  0.4 0658  1.2 1316  0.4 1920  1.2
26  Mo        224 0125  0.4 0740  1.2 1358  0.4 2004  1.2
27  Tu        224 0208  0.4 0820  1.2 1437  0.3 2046  1.2
28  We        224 0250  0.4 0900  1.2 1516  0.3 2127  1.2
29  Th        224 0332  0.4 0938  1.2 1554  0.3 2207  1.2
 1  Fr        324 0413  0.4 1017  1.2 1632  0.3 2247  1.2
 2  Sa        324 0454  0.4 1056  1.2 1711  0.3 2328  1.2
 3  Su        324 0537  0.4 1137  1.2 1752  0.3 9999  9.9
 4  Mo        324 0010  1.2 0622  0.4 1221  1.2 1836  0.3
 5  Tu        324 0056  1.2 0711  0.4 1310  1.2 1925  0.3
 6  We        324 0147  1.2 0804  0.4 1403  1.2 2019  0.3
 7  Th        324 0241  1.3 0900  0.4 1501  1.2 2117  0.3
 8  Fr        324 0339  1.3 0958  0.3 1602  1.3 2217  0.3
 9  Sa        324 0438  1.3 1057  0.3 1704  1.3 2317  0.2
10  Su        324 0537  1.4 1155  0.2 1804  1.3 9999  9.9
11  Mo        324 0017  0.2 0635  1.4 1252  0.2 1903  1.4
12  Tu        324 0115  0.2 0732  1.4 1348  0.1 2000  1.4
13  We        324 0212  0.1 0826  1.5 1442  0.1 2056  1.4
14  Th        324 0308  0.1 0920  1.5 1535  0.1 2151  1.4
15  Fr        324 0403  0.2 1014  1.4 1628  0.1 2245  1.4
16  Sa        324 0458  0.2 1106  1.4 1720  0.2 2339  1.4
17  Su        324 0553  0.2 1159  1.3 1812  0.2 9999  9.9
18  Mo        324 0032  1.3 0648  0.3 1253  1.3 1904  0.3
19  Tu        324 0126  1.3 0743  0.3 1346  1.2 1957  0.3
20  We        324 0220  1.2 0837  0.4 1441  1.2 2050  0.4
21  Th        324 0313  1.2 0931  0.4 1534  1.1 2142  0.4
22  Fr        324 0404  1.2 1023  0.4 1627  1.1 2233  0.4
23  Sa        324 0452  1.2 1111  0.4 1717  1.1 2322  0.4
24  Su        324 0539  1.2 1157  0.4 1805  1.1 9999  9.9
25  Mo        324 0010  0.4 0623  1.2 1240  0.4 1850  1.2
26  Tu        324 0055  0.4 0705  1.2 1321  0.4 1934  1.2
27  We        324 0139  0.4 0746  1.2 1401  0.3 2016  1.2
28  Th        324 0222  0.4 0827  1.2 1440  0.3 2057  1.2
29  Fr        324 0304  0.4 0907  1.2 1519  0.3 2137  1.2
30  Sa        324 0346  0.4 0947  1.2 1559  0.3 2218  1.2
31  Su        324 0428  0.4 1028  1.2 1639  0.3 2259  1.2
 1  Mo        424 0512  0.4 1111  1.2 1723  0.3 2343  1.3
 2  Tu        424 0558  0.4 1157  1.2 1810  0.3 9999  9.9
 3  We        424 0029  1.3 0648  0.4 1248  1.2 1901  0.3
 4  Th        424 0121  1.3 0741  0.3 1343  1.2 1956  0.3
 5  Fr        424 0216  1.3 0837  0.3 1442  1.2 2055  0.3
 6  Sa        424 0314  1.3 0935  0.3 1543  1.3 2156  0.3
 7  Su        424 0414  1.3 1034  0.2 1644  1.3 2257  0.2
 8  Mo        424 0513  1.4 1131  0.2 1745  1.4 2357  0.2
 9  Tu        424 0611  1.4 1228  0.1 1843  1.4 9999  9.9
10  We        424 0056  0.2 0708  1.4 1323  0.1 1940  1.4
11  Th        424 0153  0.2 0803  1.4 1417  0.1 2035  1.4
12  Fr        424 0249  0.2 0858  1.4 1510  0.1 2129  1.4
13  Sa        424 0344  0.2 0951  1.4 1603  0.1 2222  1.4
14  Su        424 0438  0.2 1044  1.3 1654  0.2 2314  1.4
15  Mo        424 0531  0.3 1136  1.3 1745  0.2 9999  9.9
16  Tu        424 0006  1.3 0624  0.3 1228  1.2 1836  0.3
17  We        424 0057  1.3 0717  0.3 1320  1.2 1927  0.3
18  Th        424 0147  1.2 0808  0.4 1413  1.2 2018  0.4
19  Fr        424 0237  1.2 0858  0.4 1504  1.1 2109  0.4
20  Sa        424 0325  1.2 0946  0.4 1555  1.1 2159  0.4
21  Su        424 0412  1.2 1033  0.4 1644  1.1 2249  0.4
22  Mo        424 0458  1.2 1117  0.4 1731  1.2 2336  0.4
23  Tu        424 0543  1.2 1200  0.4 1817  1.2 9999  9.9
24  We        424 0023  0.4 0627  1.2 1242  0.4 1901  1.2
25  Th        424 0108  0.4 0710  1.2 1323  0.3 1944  1.2
26  Fr        424 0153  0.4 0753  1.2 1405  0.3 2027  1.3
27  Sa        424 0237  0.4 0836  1.2 1446  0.3 2108  1.3
28  Su        424 0320  0.4 0919  1.2 1529  0.3 2151  1.3
29  Mo        424 0405  0.3 1004  1.2 1613  0.3 2234  1.3
30  Tu        424 0451  0.3 1050  1.2 1700  0.3 2320  1.3
 1  We        524 0539  0.3 1139  1.2 1749  0.3 9999  9.9
 2  Th        524 0009  1.3 0629  0.3 1232  1.2 1843  0.3
 3  Fr        524 0101  1.3 0723  0.3 1328  1.2 1939  0.3
 4  Sa        524 0156  1.3 0818  0.3 1427  1.3 2038  0.3
 5  Su        524 0253  1.3 0915  0.2 1527  1.3 2139  0.3
 6  Mo        524 0352  1.3 1012  0.2 1627  1.3 2240  0.3
 7  Tu        524 0451  1.4 1109  0.2 1726  1.4 2339  0.2
 8  We        524 0549  1.4 1205  0.1 1824  1.4 9999  9.9
 9  Th        524 0038  0.2 0645  1.4 1259  0.1 1920  1.4
10  Fr        524 0134  0.2 0740  1.4 1353  0.1 2014  1.4
11  Sa        524 0229  0.2 0834  1.3 1445  0.2 2106  1.4
12  Su        524 0323  0.2 0927  1.3 1536  0.2 2158  1.4
13  Mo        524 0415  0.2 1019  1.3 1627  0.2 2247  1.4
14  Tu        524 0507  0.3 1110  1.2 1716  0.3 2336  1.3
15  We        524 0557  0.3 1200  1.2 1806  0.3 9999  9.9
16  Th        524 0024  1.3 0646  0.3 1251  1.2 1855  0.4
17  Fr        524 0111  1.2 0734  0.4 1341  1.2 1944  0.4
18  Sa        524 0157  1.2 0820  0.4 1430  1.1 2034  0.4
19  Su        524 0244  1.2 0906  0.4 1519  1.1 2123  0.4
20  Mo        524 0330  1.2 0951  0.4 1608  1.2 2212  0.4
21  Tu        524 0416  1.2 1035  0.4 1655  1.2 2301  0.4
22  We        524 0502  1.2 1119  0.4 1742  1.2 2349  0.4
23  Th        524 0548  1.2 1202  0.3 1827  1.2 9999  9.9
24  Fr        524 0036  0.4 0635  1.2 1247  0.3 1912  1.3
25  Sa        524 0122  0.4 0721  1.2 1331  0.3 1956  1.3
26  Su        524 0209  0.4 0807  1.2 1416  0.3 2041  1.3
27  Mo        524 0255  0.3 0854  1.2 1503  0.3 2126  1.3
28  Tu        524 0343  0.3 0942  1.2 1551  0.3 2212  1.3
29  We        524 0431  0.3 1032  1.2 1641  0.3 2301  1.3
30  Th        524 0521  0.3 1124  1.3 1733  0.3 2351  1.3
31  Fr        524 0612  0.2 1219  1.3 1828  0.3 9999  9.9
 1  Sa        624 0044  1.3 0706  0.2 1315  1.3 1925  0.3
 2  Su        624 0139  1.3 0800  0.2 1413  1.3 2024  0.3
 3  Mo        624 0236  1.3 0856  0.2 1512  1.3 2124  0.3
 4  Tu        624 0333  1.3 0952  0.2 1611  1.3 2224  0.3
 5  We        624 0431  1.3 1048  0.2 1709  1.4 2323  0.3
 6  Th        624 0528  1.3 1143  0.2 1806  1.4 9999  9.9
 7  Fr        624 0020  0.3 0624  1.3 1237  0.2 1900  1.4
 8  Sa        624 0115  0.3 0718  1.3 1329  0.2 1952  1.4
 9  Su        624 0209  0.3 0811  1.3 1420  0.2 2042  1.4
10  Mo        624 0300  0.3 0902  1.3 1510  0.2 2131  1.4
11  Tu        624 0350  0.3 0952  1.2 1558  0.3 2218  1.3
12  We        624 0439  0.3 1041  1.2 1646  0.3 2303  1.3
13  Th        624 0525  0.3 1129  1.2 1733  0.4 2348  1.3
14  Fr        624 0611  0.3 1217  1.2 1820  0.4 9999  9.9
15  Sa        624 0032  1.2 0655  0.4 1305  1.2 1908  0.4
16  Su        624 0116  1.2 0739  0.4 1353  1.2 1956  0.4
17  Mo        624 0201  1.2 0823  0.4 1441  1.2 2045  0.4
18  Tu        624 0247  1.2 0908  0.4 1529  1.2 2134  0.4
19  We        624 0334  1.2 0953  0.4 1617  1.2 2224  0.4
20  Th        624 0423  1.2 1038  0.3 1705  1.2 2314  0.4
21  Fr        624 0511  1.2 1125  0.3 1752  1.3 9999  9.9
22  Sa        624 0003  0.4 0601  1.2 1213  0.3 1839  1.3
23  Su        624 0052  0.3 0651  1.2 1301  0.3 1927  1.3
24  Mo        624 0141  0.3 0741  1.2 1350  0.2 2014  1.4
25  Tu        624 0230  0.3 0831  1.3 1440  0.2 2103  1.4
26  We        624 0320  0.2 0923  1.3 1531  0.2 2152  1.4
27  Th        624 0410  0.2 1015  1.3 1624  0.2 2242  1.4
28  Fr        624 0502  0.2 1109  1.3 1718  0.2 2334  1.4
29  Sa        624 0554  0.2 1204  1.3 1814  0.2 9999  9.9
30  Su        624 0028  1.4 0648  0.2 1301  1.3 1911  0.3
