044Kawhia
Based on data from  1-Jan-2013
Local Std Time, tidal heights in metres.
 1  Sa        122 0158  0.5 0838  3.4 1430  0.5 2100  3.4
 2  Su        122 0253  0.4 0932  3.6 1524  0.4 2154  3.5
 3  Mo        122 0346  0.3 1023  3.7 1615  0.3 2247  3.5
 4  Tu        122 0436  0.2 1112  3.7 1704  0.3 2337  3.5
 5  We        122 0524  0.3 1201  3.7 1752  0.4 9999  9.9
 6  Th        122 0026  3.4 0611  0.4 1248  3.6 1840  0.5
 7  Fr        122 0114  3.3 0657  0.5 1335  3.5 1928  0.6
 8  Sa        122 0202  3.2 0745  0.7 1424  3.3 2017  0.8
 9  Su        122 0252  3.0 0835  0.9 1514  3.1 2108  0.9
10  Mo        122 0345  2.9 0930  1.1 1607  3.0 2204  1.0
11  Tu        122 0442  2.8 1035  1.2 1704  2.9 2306  1.1
12  We        122 0542  2.8 1144  1.2 1802  2.8 9999  9.9
13  Th        122 0010  1.1 0642  2.8 1248  1.2 1859  2.8
14  Fr        122 0108  1.1 0737  2.9 1341  1.1 1952  2.9
15  Sa        122 0159  1.0 0826  3.0 1428  1.0 2041  3.0
16  Su        122 0243  0.9 0912  3.1 1509  0.9 2126  3.0
17  Mo        122 0322  0.8 0953  3.3 1546  0.8 2208  3.1
18  Tu        122 0359  0.7 1032  3.3 1622  0.7 2247  3.2
19  We        122 0434  0.6 1109  3.4 1658  0.6 2326  3.2
20  Th        122 0511  0.6 1146  3.4 1735  0.6 9999  9.9
21  Fr        122 0003  3.3 0548  0.5 1222  3.4 1814  0.6
22  Sa        122 0041  3.2 0627  0.5 1300  3.4 1855  0.6
23  Su        122 0120  3.2 0709  0.6 1340  3.3 1938  0.6
24  Mo        122 0202  3.1 0753  0.7 1424  3.2 2025  0.7
25  Tu        122 0249  3.1 0843  0.8 1515  3.1 2117  0.8
26  We        122 0346  3.0 0941  0.9 1615  3.0 2216  0.8
27  Th        122 0455  2.9 1050  1.0 1725  3.0 2324  0.9
28  Fr        122 0610  3.0 1204  1.0 1837  3.0 9999  9.9
29  Sa        122 0035  0.8 0719  3.1 1314  0.9 1945  3.1
30  Su        122 0141  0.7 0821  3.3 1416  0.7 2047  3.3
31  Mo        122 0241  0.5 0917  3.5 1511  0.5 2143  3.4
 1  Tu        222 0334  0.4 1009  3.6 1602  0.4 2234  3.5
 2  We        222 0422  0.3 1057  3.7 1649  0.3 2322  3.5
 3  Th        222 0508  0.3 1142  3.7 1734  0.3 9999  9.9
 4  Fr        222 0007  3.5 0552  0.3 1226  3.6 1817  0.4
 5  Sa        222 0050  3.4 0634  0.4 1308  3.5 1859  0.5
 6  Su        222 0132  3.3 0715  0.6 1350  3.3 1941  0.7
 7  Mo        222 0215  3.1 0758  0.8 1433  3.2 2023  0.9
 8  Tu        222 0259  3.0 0844  1.0 1518  3.0 2110  1.0
 9  We        222 0350  2.8 0938  1.2 1610  2.8 2204  1.2
10  Th        222 0451  2.7 1047  1.3 1711  2.7 2313  1.3
11  Fr        222 0557  2.7 1206  1.4 1817  2.7 9999  9.9
12  Sa        222 0030  1.2 0701  2.8 1313  1.3 1919  2.7
13  Su        222 0133  1.2 0757  2.9 1404  1.1 2015  2.8
14  Mo        222 0221  1.0 0846  3.1 1446  1.0 2104  3.0
15  Tu        222 0301  0.9 0929  3.2 1523  0.8 2147  3.1
16  We        222 0338  0.7 1009  3.4 1559  0.7 2227  3.3
17  Th        222 0413  0.6 1046  3.5 1635  0.5 2306  3.4
18  Fr        222 0450  0.4 1123  3.5 1712  0.4 2343  3.4
19  Sa        222 0527  0.4 1201  3.6 1751  0.4 9999  9.9
20  Su        222 0021  3.4 0606  0.4 1239  3.5 1831  0.4
21  Mo        222 0100  3.4 0647  0.4 1319  3.4 1914  0.5
22  Tu        222 0141  3.3 0732  0.6 1403  3.3 1959  0.6
23  We        222 0227  3.2 0821  0.7 1452  3.2 2050  0.7
24  Th        222 0322  3.0 0918  0.9 1552  3.0 2149  0.9
25  Fr        222 0432  2.9 1028  1.1 1705  2.9 2300  1.0
26  Sa        222 0549  2.9 1147  1.1 1822  2.9 9999  9.9
27  Su        222 0019  1.0 0703  3.0 1302  0.9 1933  3.0
28  Mo        222 0130  0.8 0807  3.2 1404  0.7 2036  3.2
 1  Tu        322 0229  0.6 0903  3.4 1458  0.6 2130  3.4
 2  We        322 0320  0.4 0952  3.6 1545  0.4 2218  3.5
 3  Th        322 0406  0.3 1037  3.7 1629  0.3 2302  3.5
 4  Fr        322 0448  0.3 1120  3.7 1710  0.3 2343  3.5
 5  Sa        322 0528  0.3 1200  3.6 1749  0.4 9999  9.9
 6  Su        322 0022  3.5 0607  0.4 1238  3.5 1827  0.5
 7  Mo        322 0100  3.3 0644  0.6 1315  3.3 1904  0.6
 8  Tu        322 0138  3.2 0723  0.8 1352  3.1 1942  0.8
 9  We        322 0216  3.0 0803  1.0 1432  3.0 2023  1.0
10  Th        322 0300  2.9 0850  1.2 1517  2.8 2110  1.2
11  Fr        322 0356  2.7 0951  1.4 1617  2.6 2211  1.3
12  Sa        322 0508  2.6 1114  1.4 1732  2.6 2337  1.4
13  Su        322 0621  2.7 1235  1.4 1845  2.6 9999  9.9
14  Mo        322 0058  1.3 0723  2.8 1331  1.2 1946  2.8
15  Tu        322 0151  1.1 0815  3.0 1414  1.0 2036  3.0
16  We        322 0232  0.9 0859  3.2 1452  0.8 2121  3.2
17  Th        322 0310  0.7 0940  3.4 1530  0.6 2201  3.3
18  Fr        322 0347  0.5 1019  3.5 1607  0.4 2241  3.5
19  Sa        322 0425  0.4 1058  3.6 1646  0.3 2320  3.6
20  Su        322 0504  0.3 1137  3.6 1726  0.2 2359  3.6
21  Mo        322 0545  0.3 1217  3.6 1808  0.3 9999  9.9
22  Tu        322 0040  3.5 0628  0.4 1300  3.5 1851  0.4
23  We        322 0124  3.4 0713  0.5 1346  3.3 1938  0.6
24  Th        322 0212  3.2 0804  0.7 1438  3.1 2030  0.8
25  Fr        322 0309  3.1 0903  0.9 1540  2.9 2131  1.0
26  Sa        322 0418  2.9 1015  1.1 1654  2.8 2246  1.1
27  Su        322 0535  2.9 1137  1.1 1811  2.8 9999  9.9
28  Mo        322 0008  1.0 0647  3.0 1250  0.9 1921  3.0
29  Tu        322 0118  0.9 0750  3.2 1349  0.8 2021  3.2
30  We        322 0214  0.7 0843  3.4 1439  0.6 2112  3.3
31  Th        322 0301  0.5 0930  3.5 1523  0.4 2157  3.5
 1  Fr        422 0344  0.4 1013  3.6 1604  0.4 2238  3.5
 2  Sa        422 0424  0.4 1053  3.6 1643  0.4 2316  3.5
 3  Su        422 0502  0.4 1130  3.5 1720  0.4 2353  3.5
 4  Mo        422 0539  0.5 1207  3.4 1755  0.5 9999  9.9
 5  Tu        422 0029  3.3 0615  0.6 1242  3.2 1830  0.7
 6  We        422 0104  3.2 0651  0.8 1317  3.1 1906  0.8
 7  Th        422 0140  3.1 0730  1.0 1354  2.9 1945  1.0
 8  Fr        422 0220  2.9 0815  1.2 1437  2.8 2030  1.2
 9  Sa        422 0311  2.8 0910  1.3 1532  2.6 2126  1.3
10  Su        422 0419  2.7 1021  1.4 1646  2.6 2240  1.4
11  Mo        422 0535  2.7 1141  1.3 1804  2.6 9999  9.9
12  Tu        422 0004  1.3 0641  2.8 1244  1.2 1908  2.8
13  We        422 0106  1.1 0735  3.0 1332  1.0 2001  3.0
14  Th        422 0153  0.9 0822  3.2 1415  0.7 2048  3.2
15  Fr        422 0236  0.7 0906  3.4 1456  0.5 2131  3.4
16  Sa        422 0317  0.5 0948  3.5 1538  0.3 2213  3.6
17  Su        422 0359  0.3 1030  3.6 1620  0.2 2255  3.6
18  Mo        422 0441  0.2 1113  3.6 1703  0.2 2338  3.6
19  Tu        422 0525  0.3 1158  3.6 1747  0.3 9999  9.9
20  We        422 0023  3.6 0611  0.4 1244  3.4 1833  0.4
21  Th        422 0110  3.4 0659  0.5 1334  3.3 1922  0.6
22  Fr        422 0201  3.3 0753  0.7 1429  3.1 2016  0.8
23  Sa        422 0300  3.1 0854  0.9 1533  2.9 2119  1.0
24  Su        422 0408  3.0 1006  1.0 1645  2.8 2235  1.1
25  Mo        422 0520  3.0 1124  1.0 1758  2.9 2354  1.0
26  Tu        422 0628  3.1 1231  0.9 1903  3.0 9999  9.9
27  We        422 0059  0.9 0727  3.2 1327  0.8 1959  3.2
28  Th        422 0152  0.7 0818  3.3 1414  0.6 2047  3.3
29  Fr        422 0238  0.6 0903  3.4 1457  0.5 2130  3.4
30  Sa        422 0320  0.5 0945  3.4 1537  0.5 2210  3.4
 1  Su        522 0359  0.5 1024  3.4 1615  0.5 2248  3.4
 2  Mo        522 0436  0.5 1101  3.4 1651  0.5 2325  3.4
 3  Tu        522 0512  0.6 1138  3.3 1726  0.6 9999  9.9
 4  We        522 0001  3.3 0548  0.7 1213  3.2 1801  0.7
 5  Th        522 0036  3.2 0625  0.8 1249  3.0 1837  0.8
 6  Fr        522 0113  3.1 0705  1.0 1327  2.9 1917  1.0
 7  Sa        522 0152  3.0 0749  1.1 1410  2.8 2001  1.1
 8  Su        522 0239  2.9 0840  1.2 1501  2.7 2053  1.2
 9  Mo        522 0337  2.8 0940  1.3 1605  2.7 2156  1.3
10  Tu        522 0445  2.8 1046  1.2 1717  2.7 2307  1.2
11  We        522 0551  2.9 1149  1.1 1823  2.8 9999  9.9
12  Th        522 0014  1.1 0649  3.0 1244  0.9 1920  3.0
13  Fr        522 0111  0.9 0741  3.2 1335  0.7 2011  3.2
14  Sa        522 0200  0.7 0830  3.4 1422  0.5 2059  3.4
15  Su        522 0248  0.5 0917  3.5 1509  0.3 2146  3.6
16  Mo        522 0334  0.4 1005  3.6 1555  0.2 2233  3.7
17  Tu        522 0421  0.3 1052  3.6 1642  0.2 2319  3.7
18  We        522 0508  0.3 1141  3.5 1729  0.3 9999  9.9
19  Th        522 0007  3.6 0557  0.4 1232  3.4 1818  0.4
20  Fr        522 0057  3.5 0648  0.5 1324  3.3 1909  0.6
21  Sa        522 0151  3.4 0743  0.7 1421  3.1 2004  0.8
22  Su        522 0249  3.2 0843  0.9 1523  3.0 2106  0.9
23  Mo        522 0352  3.1 0950  0.9 1629  2.9 2217  1.0
24  Tu        522 0457  3.1 1100  0.9 1734  2.9 2329  1.0
25  We        522 0559  3.1 1203  0.9 1835  3.0 9999  9.9
26  Th        522 0032  0.9 0656  3.1 1257  0.8 1929  3.1
27  Fr        522 0125  0.8 0746  3.2 1346  0.7 2017  3.2
28  Sa        522 0212  0.8 0832  3.2 1430  0.7 2101  3.3
29  Su        522 0254  0.7 0915  3.3 1510  0.6 2143  3.3
30  Mo        522 0335  0.7 0956  3.2 1549  0.6 2222  3.4
31  Tu        522 0413  0.7 1035  3.2 1626  0.6 2300  3.3
 1  We        622 0450  0.7 1113  3.2 1701  0.7 2337  3.3
 2  Th        622 0526  0.8 1150  3.1 1737  0.7 9999  9.9
 3  Fr        622 0014  3.2 0604  0.8 1228  3.0 1815  0.8
 4  Sa        622 0051  3.1 0643  0.9 1307  2.9 1854  0.9
 5  Su        622 0130  3.1 0726  1.0 1349  2.9 1937  1.0
 6  Mo        622 0213  3.0 0813  1.0 1435  2.8 2025  1.1
 7  Tu        622 0303  2.9 0904  1.1 1529  2.8 2119  1.1
 8  We        622 0359  2.9 1001  1.0 1630  2.8 2221  1.1
 9  Th        622 0501  2.9 1100  1.0 1736  2.9 2327  1.1
10  Fr        622 0602  3.0 1159  0.9 1839  3.0 9999  9.9
11  Sa        622 0030  0.9 0701  3.1 1257  0.7 1937  3.2
12  Su        622 0127  0.7 0757  3.3 1351  0.5 2031  3.4
13  Mo        622 0221  0.6 0850  3.4 1444  0.4 2122  3.5
14  Tu        622 0313  0.4 0943  3.5 1535  0.3 2213  3.6
15  We        622 0404  0.3 1035  3.5 1625  0.3 2303  3.7
16  Th        622 0454  0.3 1128  3.5 1715  0.3 2353  3.7
17  Fr        622 0545  0.4 1220  3.4 1805  0.4 9999  9.9
18  Sa        622 0044  3.6 0636  0.5 1313  3.3 1855  0.5
19  Su        622 0136  3.5 0729  0.6 1407  3.2 1948  0.7
20  Mo        622 0231  3.3 0824  0.7 1503  3.1 2045  0.8
21  Tu        622 0327  3.2 0923  0.8 1601  3.0 2147  1.0
22  We        622 0425  3.1 1024  0.9 1701  3.0 2254  1.0
23  Th        622 0524  3.0 1126  0.9 1759  3.0 2358  1.0
24  Fr        622 0619  3.0 1223  0.9 1854  3.0 9999  9.9
25  Sa        622 0055  1.0 0712  3.0 1315  0.9 1946  3.1
26  Su        622 0146  0.9 0801  3.0 1403  0.8 2033  3.1
27  Mo        622 0231  0.9 0847  3.1 1447  0.8 2117  3.2
28  Tu        622 0313  0.8 0931  3.1 1527  0.7 2158  3.3
29  We        622 0353  0.8 1013  3.1 1605  0.7 2238  3.3
30  Th        622 0430  0.8 1053  3.1 1642  0.7 2316  3.3
 1  Fr        722 0507  0.8 1132  3.1 1718  0.7 2353  3.3
 2  Sa        722 0543  0.8 1210  3.1 1754  0.7 9999  9.9
 3  Su        722 0030  3.2 0622  0.8 1248  3.0 1833  0.8
 4  Mo        722 0107  3.2 0702  0.8 1327  3.0 1913  0.8
 5  Tu        722 0147  3.1 0745  0.8 1409  3.0 1957  0.9
 6  We        722 0231  3.1 0831  0.9 1455  2.9 2046  1.0
 7  Th        722 0320  3.0 0922  0.9 1549  2.9 2143  1.0
 8  Fr        722 0417  3.0 1018  0.9 1653  2.9 2247  1.0
 9  Sa        722 0521  3.0 1120  0.9 1801  3.0 2355  1.0
10  Su        722 0627  3.1 1224  0.8 1907  3.1 9999  9.9
11  Mo        722 0101  0.8 0730  3.2 1326  0.6 2007  3.3
12  Tu        722 0201  0.7 0830  3.3 1425  0.5 2103  3.5
13  We        722 0257  0.5 0927  3.4 1519  0.4 2157  3.6
14  Th        722 0350  0.4 1022  3.5 1611  0.3 2248  3.7
15  Fr        722 0440  0.3 1114  3.5 1701  0.3 2338  3.7
16  Sa        722 0530  0.3 1205  3.5 1749  0.3 9999  9.9
17  Su        722 0027  3.7 0619  0.4 1255  3.4 1837  0.4
18  Mo        722 0115  3.6 0707  0.5 1344  3.3 1925  0.6
19  Tu        722 0204  3.4 0756  0.6 1433  3.2 2015  0.8
20  We        722 0254  3.2 0846  0.8 1525  3.0 2109  0.9
21  Th        722 0347  3.1 0940  0.9 1620  2.9 2210  1.1
22  Fr        722 0442  3.0 1040  1.0 1718  2.9 2319  1.2
23  Sa        722 0539  2.9 1144  1.1 1817  2.9 9999  9.9
24  Su        722 0024  1.2 0636  2.8 1245  1.1 1914  2.9
25  Mo        722 0122  1.1 0731  2.9 1340  1.0 2006  3.0
26  Tu        722 0211  1.0 0822  2.9 1428  0.9 2053  3.1
27  We        722 0255  0.9 0910  3.0 1509  0.8 2136  3.2
28  Th        722 0334  0.8 0953  3.1 1547  0.7 2216  3.3
29  Fr        722 0410  0.8 1034  3.1 1622  0.7 2254  3.4
30  Sa        722 0445  0.7 1112  3.2 1657  0.6 2330  3.4
31  Su        722 0520  0.6 1149  3.2 1732  0.6 9999  9.9
 1  Mo        822 0006  3.4 0557  0.6 1225  3.2 1809  0.6
 2  Tu        822 0042  3.3 0635  0.6 1303  3.2 1849  0.7
 3  We        822 0120  3.3 0716  0.6 1342  3.1 1931  0.7
 4  Th        822 0201  3.2 0800  0.7 1425  3.1 2017  0.8
 5  Fr        822 0247  3.1 0848  0.8 1516  3.0 2111  0.9
 6  Sa        822 0342  3.0 0943  0.9 1619  2.9 2215  1.0
 7  Su        822 0449  2.9 1048  0.9 1733  2.9 2329  1.0
 8  Mo        822 0602  3.0 1159  0.9 1845  3.1 9999  9.9
 9  Tu        822 0042  0.9 0712  3.0 1309  0.8 1950  3.2
10  We        822 0147  0.7 0817  3.2 1411  0.6 2048  3.4
11  Th        822 0244  0.5 0915  3.4 1507  0.4 2142  3.6
12  Fr        822 0336  0.4 1009  3.5 1557  0.3 2231  3.7
13  Sa        822 0424  0.3 1058  3.6 1645  0.2 2319  3.8
14  Su        822 0510  0.2 1145  3.6 1730  0.2 9999  9.9
15  Mo        822 0004  3.7 0555  0.3 1230  3.5 1813  0.3
16  Tu        822 0048  3.6 0638  0.4 1314  3.4 1857  0.5
17  We        822 0132  3.4 0721  0.6 1358  3.2 1941  0.7
18  Th        822 0216  3.2 0805  0.8 1444  3.1 2028  0.9
19  Fr        822 0303  3.0 0852  1.0 1535  2.9 2123  1.1
20  Sa        822 0355  2.8 0947  1.1 1633  2.8 2232  1.3
21  Su        822 0455  2.7 1055  1.2 1738  2.8 2351  1.3
22  Mo        822 0600  2.7 1214  1.2 1842  2.8 9999  9.9
23  Tu        822 0058  1.2 0703  2.7 1319  1.2 1939  2.9
24  We        822 0151  1.1 0759  2.8 1409  1.0 2029  3.1
25  Th        822 0234  1.0 0848  3.0 1449  0.9 2112  3.2
26  Fr        822 0311  0.8 0932  3.1 1525  0.7 2151  3.3
27  Sa        822 0345  0.7 1011  3.2 1559  0.6 2228  3.4
28  Su        822 0419  0.5 1049  3.3 1633  0.5 2304  3.5
29  Mo        822 0454  0.5 1125  3.4 1708  0.5 2340  3.5
30  Tu        822 0530  0.4 1201  3.4 1745  0.4 9999  9.9
31  We        822 0016  3.5 0608  0.4 1238  3.4 1824  0.5
 1  Th        922 0054  3.4 0649  0.5 1317  3.3 1906  0.6
 2  Fr        922 0135  3.3 0732  0.6 1400  3.2 1953  0.8
 3  Sa        922 0222  3.1 0820  0.7 1451  3.0 2047  0.9
 4  Su        922 0319  3.0 0916  0.9 1556  2.9 2154  1.1
 5  Mo        922 0429  2.9 1024  1.0 1714  2.9 2312  1.1
 6  Tu        922 0547  2.9 1143  1.0 1830  3.0 9999  9.9
 7  We        922 0030  1.0 0702  3.0 1258  0.9 1936  3.2
 8  Th        922 0135  0.8 0806  3.2 1400  0.6 2033  3.4
 9  Fr        922 0230  0.5 0902  3.4 1453  0.4 2124  3.6
10  Sa        922 0319  0.3 0952  3.5 1540  0.3 2211  3.7
11  Su        922 0404  0.2 1038  3.6 1624  0.2 2255  3.8
12  Mo        922 0447  0.2 1121  3.6 1706  0.2 2337  3.7
13  Tu        922 0527  0.3 1202  3.6 1746  0.3 9999  9.9
14  We        922 0018  3.6 0607  0.4 1242  3.4 1826  0.5
15  Th        922 0057  3.4 0646  0.6 1321  3.3 1906  0.7
16  Fr        922 0137  3.2 0725  0.8 1402  3.1 1949  1.0
17  Sa        922 0218  3.0 0807  1.0 1448  2.9 2037  1.2
18  Su        922 0306  2.8 0855  1.2 1545  2.8 2141  1.4
19  Mo        922 0407  2.6 0959  1.3 1655  2.7 2309  1.4
20  Tu        922 0521  2.6 1131  1.4 1806  2.7 9999  9.9
21  We        922 0029  1.3 0632  2.6 1251  1.3 1907  2.8
22  Th        922 0123  1.2 0732  2.8 1342  1.1 1958  3.0
23  Fr        922 0204  1.0 0822  3.0 1421  0.9 2042  3.2
24  Sa        922 0240  0.8 0905  3.1 1456  0.7 2121  3.4
25  Su        922 0314  0.6 0944  3.3 1530  0.6 2159  3.5
26  Mo        922 0349  0.4 1021  3.4 1606  0.4 2236  3.6
27  Tu        922 0425  0.3 1058  3.5 1643  0.4 2313  3.6
28  We        922 0503  0.3 1136  3.5 1721  0.3 2352  3.5
29  Th        922 0543  0.3 1215  3.5 1802  0.4 9999  9.9
30  Fr        922 0032  3.4 0625  0.4 1256  3.4 1846  0.6
 1  Sa       1022 0116  3.3 0709  0.6 1342  3.2 1935  0.7
 2  Su       1022 0206  3.1 0759  0.7 1436  3.1 2032  0.9
 3  Mo       1022 0305  2.9 0857  0.9 1543  3.0 2140  1.1
 4  Tu       1022 0418  2.8 1008  1.1 1700  2.9 2301  1.1
 5  We       1022 0538  2.8 1131  1.1 1815  3.0 9999  9.9
 6  Th       1022 0018  1.0 0651  3.0 1246  0.9 1920  3.2
 7  Fr       1022 0120  0.7 0752  3.2 1345  0.7 2015  3.4
 8  Sa       1022 0212  0.5 0845  3.4 1435  0.5 2103  3.6
 9  Su       1022 0258  0.4 0931  3.5 1520  0.3 2148  3.7
10  Mo       1022 0340  0.3 1014  3.6 1601  0.3 2229  3.7
11  Tu       1022 0421  0.3 1055  3.6 1641  0.3 2309  3.6
12  We       1022 0459  0.3 1133  3.6 1720  0.4 2347  3.5
13  Th       1022 0536  0.4 1211  3.4 1757  0.6 9999  9.9
14  Fr       1022 0024  3.3 0613  0.6 1248  3.3 1835  0.8
15  Sa       1022 0101  3.1 0650  0.8 1326  3.1 1916  1.0
16  Su       1022 0139  2.9 0729  1.0 1407  2.9 2001  1.2
17  Mo       1022 0223  2.7 0814  1.2 1458  2.8 2057  1.3
18  Tu       1022 0320  2.6 0910  1.3 1606  2.7 2210  1.4
19  We       1022 0435  2.5 1026  1.4 1720  2.7 2335  1.3
20  Th       1022 0551  2.6 1157  1.3 1825  2.8 9999  9.9
21  Fr       1022 0036  1.2 0655  2.7 1257  1.2 1919  3.0
22  Sa       1022 0121  1.0 0746  2.9 1341  1.0 2004  3.2
23  Su       1022 0200  0.8 0831  3.2 1420  0.8 2046  3.3
24  Mo       1022 0238  0.6 0912  3.3 1459  0.6 2127  3.5
25  Tu       1022 0317  0.4 0952  3.5 1538  0.4 2207  3.6
26  We       1022 0357  0.3 1033  3.6 1618  0.3 2248  3.6
27  Th       1022 0438  0.2 1114  3.6 1701  0.3 2331  3.5
28  Fr       1022 0521  0.2 1156  3.6 1745  0.4 9999  9.9
29  Sa       1022 0015  3.4 0606  0.4 1241  3.5 1832  0.5
30  Su       1022 0103  3.3 0653  0.5 1330  3.3 1923  0.7
31  Mo       1022 0156  3.1 0745  0.7 1426  3.2 2021  0.9
 1  Tu       1122 0258  2.9 0844  0.9 1532  3.0 2129  1.0
 2  We       1122 0409  2.8 0955  1.0 1644  3.0 2245  1.0
 3  Th       1122 0524  2.9 1115  1.0 1755  3.1 2358  0.9
 4  Fr       1122 0632  3.0 1226  0.9 1857  3.2 9999  9.9
 5  Sa       1122 0058  0.7 0731  3.2 1324  0.7 1950  3.3
 6  Su       1122 0148  0.6 0822  3.3 1413  0.6 2038  3.4
 7  Mo       1122 0233  0.5 0907  3.4 1457  0.5 2122  3.5
 8  Tu       1122 0316  0.4 0949  3.5 1538  0.4 2203  3.5
 9  We       1122 0355  0.4 1029  3.5 1618  0.5 2242  3.4
10  Th       1122 0433  0.4 1107  3.5 1656  0.5 2320  3.3
11  Fr       1122 0510  0.5 1144  3.4 1733  0.7 2356  3.2
12  Sa       1122 0546  0.6 1220  3.3 1810  0.8 9999  9.9
13  Su       1122 0033  3.1 0622  0.8 1257  3.1 1850  0.9
14  Mo       1122 0111  2.9 0701  0.9 1337  3.0 1933  1.1
15  Tu       1122 0152  2.8 0743  1.1 1422  2.9 2022  1.2
16  We       1122 0242  2.7 0833  1.2 1517  2.8 2120  1.3
17  Th       1122 0344  2.6 0932  1.3 1623  2.8 2225  1.3
18  Fr       1122 0456  2.6 1044  1.3 1730  2.8 2330  1.2
19  Sa       1122 0604  2.7 1154  1.2 1829  2.9 9999  9.9
20  Su       1122 0026  1.0 0702  2.9 1251  1.0 1921  3.1
21  Mo       1122 0115  0.8 0753  3.1 1341  0.8 2009  3.3
22  Tu       1122 0202  0.6 0839  3.3 1427  0.6 2055  3.4
23  We       1122 0247  0.4 0925  3.5 1512  0.5 2141  3.5
24  Th       1122 0332  0.3 1010  3.6 1558  0.4 2227  3.5
25  Fr       1122 0418  0.2 1055  3.7 1644  0.3 2314  3.5
26  Sa       1122 0504  0.2 1141  3.6 1731  0.4 9999  9.9
27  Su       1122 0003  3.4 0552  0.3 1229  3.6 1821  0.5
28  Mo       1122 0054  3.3 0641  0.5 1320  3.5 1913  0.6
29  Tu       1122 0148  3.2 0733  0.6 1416  3.3 2010  0.8
30  We       1122 0247  3.0 0830  0.8 1516  3.2 2112  0.9
 1  Th       1222 0351  3.0 0935  1.0 1621  3.1 2219  0.9
 2  Fr       1222 0459  2.9 1047  1.0 1726  3.1 2327  0.9
 3  Sa       1222 0603  3.0 1157  1.0 1826  3.1 9999  9.9
 4  Su       1222 0027  0.8 0702  3.1 1257  0.9 1920  3.2
 5  Mo       1222 0121  0.7 0754  3.2 1348  0.8 2010  3.2
 6  Tu       1222 0208  0.7 0841  3.3 1434  0.7 2055  3.3
 7  We       1222 0252  0.6 0925  3.4 1517  0.7 2138  3.3
 8  Th       1222 0333  0.6 1006  3.4 1557  0.7 2219  3.2
 9  Fr       1222 0412  0.6 1045  3.4 1636  0.7 2258  3.2
10  Sa       1222 0449  0.6 1122  3.4 1713  0.7 2336  3.1
11  Su       1222 0525  0.7 1159  3.3 1750  0.8 9999  9.9
12  Mo       1222 0013  3.1 0601  0.7 1235  3.2 1829  0.9
13  Tu       1222 0050  3.0 0638  0.8 1313  3.1 1909  0.9
14  We       1222 0129  2.9 0718  0.9 1352  3.0 1952  1.0
15  Th       1222 0211  2.8 0802  1.0 1437  3.0 2040  1.1
16  Fr       1222 0300  2.8 0851  1.1 1529  2.9 2132  1.1
17  Sa       1222 0357  2.7 0949  1.2 1628  2.9 2230  1.1
18  Su       1222 0504  2.8 1054  1.2 1732  2.9 2330  1.0
19  Mo       1222 0611  2.9 1200  1.1 1834  3.0 9999  9.9
20  Tu       1222 0030  0.9 0712  3.0 1302  0.9 1932  3.1
21  We       1222 0127  0.7 0808  3.2 1358  0.7 2026  3.3
22  Th       1222 0220  0.5 0900  3.4 1450  0.6 2119  3.4
23  Fr       1222 0312  0.4 0950  3.6 1541  0.4 2211  3.5
24  Sa       1222 0402  0.3 1039  3.7 1630  0.3 2302  3.5
25  Su       1222 0451  0.2 1128  3.7 1720  0.3 2353  3.5
26  Mo       1222 0540  0.3 1218  3.7 1810  0.4 9999  9.9
27  Tu       1222 0044  3.4 0629  0.4 1307  3.6 1900  0.5
28  We       1222 0135  3.3 0719  0.5 1359  3.5 1952  0.6
29  Th       1222 0229  3.2 0811  0.7 1453  3.3 2046  0.7
30  Fr       1222 0325  3.1 0908  0.9 1550  3.2 2145  0.9
31  Sa       1222 0425  3.0 1012  1.0 1649  3.1 2247  0.9
