357Lottin Point
Based on data from  1-Jul-2013
Local Std Time, tidal heights in metres.
 1  Sa        122 0440  1.9 1046  0.4 1650  1.9 2316  0.2
 2  Su        122 0539  1.9 1146  0.4 1750  1.9 9999  9.9
 3  Mo        122 0014  0.2 0636  2.0 1245  0.3 1849  2.0
 4  Tu        122 0109  0.1 0731  2.1 1342  0.3 1946  2.0
 5  We        122 0203  0.1 0825  2.1 1438  0.3 2042  2.0
 6  Th        122 0256  0.1 0918  2.1 1533  0.3 2136  1.9
 7  Fr        122 0348  0.2 1009  2.1 1626  0.3 2228  1.9
 8  Sa        122 0439  0.3 1100  2.0 1717  0.3 2321  1.8
 9  Su        122 0530  0.3 1150  1.9 1808  0.4 9999  9.9
10  Mo        122 0013  1.8 0623  0.4 1241  1.9 1859  0.4
11  Tu        122 0107  1.7 0716  0.5 1331  1.8 1950  0.5
12  We        122 0203  1.6 0811  0.6 1421  1.7 2041  0.5
13  Th        122 0300  1.6 0907  0.7 1512  1.7 2134  0.5
14  Fr        122 0356  1.6 1002  0.7 1603  1.6 2225  0.5
15  Sa        122 0449  1.6 1054  0.7 1653  1.6 2314  0.5
16  Su        122 0537  1.7 1143  0.7 1742  1.6 9999  9.9
17  Mo        122 0000  0.5 0622  1.7 1229  0.6 1827  1.6
18  Tu        122 0044  0.4 0703  1.8 1312  0.6 1911  1.7
19  We        122 0124  0.4 0743  1.8 1354  0.6 1952  1.7
20  Th        122 0204  0.4 0821  1.8 1434  0.5 2033  1.7
21  Fr        122 0243  0.4 0900  1.9 1514  0.5 2114  1.7
22  Sa        122 0322  0.4 0939  1.9 1555  0.5 2156  1.8
23  Su        122 0403  0.4 1019  1.9 1637  0.4 2239  1.8
24  Mo        122 0446  0.4 1102  1.9 1721  0.4 2326  1.8
25  Tu        122 0533  0.4 1147  1.9 1808  0.4 9999  9.9
26  We        122 0016  1.8 0624  0.5 1236  1.9 1858  0.4
27  Th        122 0111  1.7 0719  0.5 1329  1.8 1953  0.4
28  Fr        122 0212  1.8 0820  0.5 1426  1.8 2053  0.4
29  Sa        122 0316  1.8 0923  0.5 1527  1.8 2155  0.3
30  Su        122 0420  1.8 1027  0.5 1631  1.8 2257  0.3
31  Mo        122 0521  1.9 1130  0.4 1734  1.9 2356  0.2
 1  Tu        222 0619  2.0 1230  0.4 1834  1.9 9999  9.9
 2  We        222 0053  0.2 0714  2.0 1327  0.3 1931  1.9
 3  Th        222 0147  0.2 0807  2.1 1421  0.3 2025  1.9
 4  Fr        222 0238  0.2 0857  2.1 1512  0.3 2116  1.9
 5  Sa        222 0327  0.2 0945  2.0 1601  0.3 2206  1.9
 6  Su        222 0415  0.3 1033  2.0 1648  0.3 2254  1.8
 7  Mo        222 0503  0.4 1119  1.9 1734  0.4 2341  1.8
 8  Tu        222 0551  0.5 1204  1.8 1820  0.4 9999  9.9
 9  We        222 0030  1.7 0640  0.6 1251  1.7 1908  0.5
10  Th        222 0122  1.6 0732  0.6 1339  1.7 1957  0.5
11  Fr        222 0216  1.6 0826  0.7 1429  1.6 2050  0.6
12  Sa        222 0313  1.6 0921  0.7 1522  1.6 2144  0.6
13  Su        222 0408  1.6 1016  0.7 1616  1.6 2237  0.6
14  Mo        222 0500  1.6 1108  0.7 1708  1.6 2326  0.5
15  Tu        222 0547  1.7 1156  0.6 1757  1.6 9999  9.9
16  We        222 0012  0.5 0630  1.7 1241  0.6 1842  1.7
17  Th        222 0055  0.4 0711  1.8 1323  0.5 1926  1.7
18  Fr        222 0136  0.4 0751  1.8 1405  0.5 2008  1.8
19  Sa        222 0217  0.4 0831  1.9 1446  0.4 2050  1.8
20  Su        222 0258  0.3 0912  1.9 1528  0.4 2133  1.8
21  Mo        222 0341  0.3 0954  1.9 1611  0.3 2218  1.9
22  Tu        222 0425  0.4 1038  1.9 1656  0.3 2305  1.8
23  We        222 0513  0.4 1124  1.9 1744  0.3 2357  1.8
24  Th        222 0605  0.4 1214  1.9 1835  0.3 9999  9.9
25  Fr        222 0052  1.8 0702  0.5 1309  1.8 1932  0.4
26  Sa        222 0154  1.8 0804  0.5 1408  1.8 2033  0.4
27  Su        222 0258  1.8 0908  0.5 1512  1.8 2137  0.4
28  Mo        222 0403  1.8 1013  0.5 1617  1.8 2241  0.3
 1  Tu        322 0504  1.9 1115  0.4 1721  1.8 2341  0.3
 2  We        322 0601  1.9 1214  0.4 1821  1.8 9999  9.9
 3  Th        322 0037  0.3 0655  2.0 1308  0.3 1916  1.9
 4  Fr        322 0128  0.3 0745  2.0 1359  0.3 2007  1.9
 5  Sa        322 0217  0.3 0833  2.0 1447  0.3 2054  1.9
 6  Su        322 0304  0.3 0918  2.0 1532  0.3 2140  1.9
 7  Mo        322 0349  0.4 1002  1.9 1616  0.3 2224  1.8
 8  Tu        322 0434  0.4 1045  1.8 1658  0.4 2308  1.8
 9  We        322 0518  0.5 1127  1.8 1741  0.4 2353  1.7
10  Th        322 0604  0.6 1211  1.7 1826  0.5 9999  9.9
11  Fr        322 0041  1.7 0653  0.6 1258  1.6 1914  0.5
12  Sa        322 0133  1.6 0745  0.7 1347  1.6 2006  0.6
13  Su        322 0228  1.6 0840  0.7 1441  1.6 2101  0.6
14  Mo        322 0324  1.6 0935  0.7 1537  1.6 2156  0.6
15  Tu        322 0417  1.6 1028  0.7 1631  1.6 2248  0.5
16  We        322 0505  1.7 1118  0.6 1722  1.6 2336  0.5
17  Th        322 0551  1.7 1204  0.6 1810  1.7 9999  9.9
18  Fr        322 0021  0.4 0634  1.8 1249  0.5 1856  1.8
19  Sa        322 0105  0.4 0717  1.9 1333  0.4 1941  1.8
20  Su        322 0149  0.3 0759  1.9 1416  0.3 2025  1.9
21  Mo        322 0233  0.3 0843  2.0 1501  0.3 2111  1.9
22  Tu        322 0319  0.3 0929  2.0 1546  0.3 2158  1.9
23  We        322 0407  0.3 1016  1.9 1634  0.3 2248  1.9
24  Th        322 0458  0.4 1106  1.9 1724  0.3 2341  1.9
25  Fr        322 0553  0.4 1158  1.9 1817  0.3 9999  9.9
26  Sa        322 0038  1.8 0651  0.5 1255  1.8 1916  0.4
27  Su        322 0140  1.8 0753  0.5 1357  1.8 2018  0.4
28  Mo        322 0244  1.8 0857  0.5 1502  1.7 2123  0.4
29  Tu        322 0347  1.8 1000  0.5 1607  1.7 2226  0.4
30  We        322 0446  1.9 1100  0.4 1709  1.8 2325  0.4
31  Th        322 0541  1.9 1155  0.4 1806  1.8 9999  9.9
 1  Fr        422 0018  0.4 0632  1.9 1247  0.3 1858  1.9
 2  Sa        422 0108  0.4 0720  1.9 1334  0.3 1945  1.9
 3  Su        422 0154  0.4 0805  1.9 1419  0.3 2030  1.9
 4  Mo        422 0239  0.4 0848  1.9 1501  0.3 2112  1.9
 5  Tu        422 0322  0.4 0929  1.8 1542  0.4 2153  1.8
 6  We        422 0404  0.5 1010  1.8 1622  0.4 2235  1.8
 7  Th        422 0447  0.5 1052  1.7 1703  0.5 2318  1.7
 8  Fr        422 0531  0.6 1134  1.7 1746  0.5 9999  9.9
 9  Sa        422 0003  1.7 0618  0.6 1220  1.6 1833  0.6
10  Su        422 0052  1.6 0708  0.7 1309  1.6 1923  0.6
11  Mo        422 0145  1.6 0801  0.7 1402  1.6 2018  0.6
12  Tu        422 0238  1.6 0854  0.7 1458  1.6 2113  0.6
13  We        422 0331  1.7 0946  0.6 1553  1.6 2206  0.6
14  Th        422 0420  1.7 1037  0.6 1646  1.7 2257  0.5
15  Fr        422 0508  1.8 1125  0.5 1736  1.7 2346  0.4
16  Sa        422 0554  1.8 1212  0.4 1825  1.8 9999  9.9
17  Su        422 0033  0.4 0641  1.9 1259  0.3 1913  1.9
18  Mo        422 0120  0.3 0728  1.9 1347  0.2 2001  2.0
19  Tu        422 0209  0.3 0816  2.0 1435  0.2 2050  2.0
20  We        422 0259  0.3 0905  2.0 1523  0.2 2140  2.0
21  Th        422 0351  0.3 0957  1.9 1614  0.2 2233  2.0
22  Fr        422 0445  0.3 1050  1.9 1707  0.3 2328  1.9
23  Sa        422 0543  0.4 1146  1.8 1802  0.3 9999  9.9
24  Su        422 0026  1.9 0642  0.4 1245  1.8 1902  0.4
25  Mo        422 0127  1.9 0744  0.5 1348  1.7 2005  0.4
26  Tu        422 0228  1.8 0845  0.5 1452  1.7 2108  0.5
27  We        422 0328  1.8 0945  0.4 1555  1.7 2209  0.5
28  Th        422 0424  1.8 1041  0.4 1654  1.8 2305  0.5
29  Fr        422 0517  1.8 1133  0.4 1748  1.8 2357  0.5
30  Sa        422 0605  1.8 1221  0.4 1837  1.8 9999  9.9
 1  Su        522 0045  0.4 0651  1.8 1306  0.4 1921  1.8
 2  Mo        522 0130  0.5 0735  1.8 1349  0.4 2004  1.8
 3  Tu        522 0213  0.5 0817  1.8 1429  0.4 2044  1.8
 4  We        522 0254  0.5 0857  1.7 1509  0.4 2124  1.8
 5  Th        522 0336  0.5 0938  1.7 1548  0.4 2204  1.8
 6  Fr        522 0418  0.6 1019  1.7 1629  0.5 2246  1.7
 7  Sa        522 0501  0.6 1101  1.6 1711  0.5 2329  1.7
 8  Su        522 0547  0.6 1146  1.6 1756  0.5 9999  9.9
 9  Mo        522 0016  1.7 0634  0.6 1234  1.6 1845  0.6
10  Tu        522 0105  1.7 0724  0.6 1325  1.6 1937  0.6
11  We        522 0155  1.7 0814  0.6 1420  1.6 2031  0.6
12  Th        522 0246  1.7 0905  0.6 1515  1.6 2125  0.6
13  Fr        522 0336  1.7 0956  0.5 1610  1.7 2218  0.5
14  Sa        522 0426  1.8 1047  0.4 1703  1.8 2310  0.4
15  Su        522 0516  1.9 1138  0.3 1755  1.9 9999  9.9
16  Mo        522 0002  0.4 0607  1.9 1228  0.2 1847  2.0
17  Tu        522 0054  0.3 0659  2.0 1319  0.2 1938  2.0
18  We        522 0147  0.3 0751  2.0 1411  0.1 2030  2.1
19  Th        522 0241  0.3 0845  2.0 1503  0.1 2123  2.1
20  Fr        522 0336  0.3 0940  1.9 1556  0.2 2217  2.0
21  Sa        522 0433  0.3 1036  1.9 1650  0.2 2314  2.0
22  Su        522 0531  0.4 1134  1.8 1747  0.3 9999  9.9
23  Mo        522 0011  2.0 0630  0.4 1234  1.8 1847  0.4
24  Tu        522 0110  1.9 0729  0.4 1335  1.7 1947  0.4
25  We        522 0208  1.9 0826  0.4 1437  1.7 2048  0.5
26  Th        522 0304  1.8 0923  0.4 1537  1.7 2147  0.5
27  Fr        522 0358  1.8 1016  0.4 1633  1.7 2242  0.5
28  Sa        522 0448  1.8 1106  0.4 1725  1.8 2332  0.5
29  Su        522 0536  1.8 1153  0.4 1813  1.8 9999  9.9
30  Mo        522 0020  0.5 0622  1.7 1238  0.4 1856  1.8
31  Tu        522 0104  0.5 0705  1.7 1320  0.4 1938  1.8
 1  We        622 0147  0.5 0747  1.7 1400  0.4 2018  1.8
 2  Th        622 0228  0.6 0828  1.7 1439  0.4 2057  1.8
 3  Fr        622 0310  0.6 0908  1.7 1518  0.4 2136  1.8
 4  Sa        622 0351  0.6 0949  1.7 1558  0.5 2216  1.8
 5  Su        622 0433  0.6 1031  1.6 1639  0.5 2258  1.8
 6  Mo        622 0517  0.6 1115  1.6 1723  0.5 2342  1.7
 7  Tu        622 0601  0.6 1202  1.6 1809  0.5 9999  9.9
 8  We        622 0028  1.7 0648  0.6 1251  1.6 1859  0.6
 9  Th        622 0115  1.7 0736  0.5 1344  1.6 1952  0.6
10  Fr        622 0205  1.8 0827  0.5 1439  1.7 2047  0.5
11  Sa        622 0256  1.8 0919  0.4 1536  1.7 2143  0.5
12  Su        622 0349  1.8 1013  0.4 1633  1.8 2239  0.5
13  Mo        622 0443  1.9 1107  0.3 1728  1.9 2335  0.4
14  Tu        622 0538  1.9 1202  0.2 1823  2.0 9999  9.9
15  We        622 0031  0.3 0634  2.0 1256  0.1 1917  2.1
16  Th        622 0127  0.3 0731  2.0 1350  0.1 2012  2.1
17  Fr        622 0224  0.3 0828  2.0 1444  0.1 2106  2.1
18  Sa        622 0321  0.3 0924  1.9 1538  0.2 2201  2.1
19  Su        622 0418  0.3 1021  1.9 1633  0.2 2256  2.0
20  Mo        622 0514  0.3 1118  1.9 1729  0.3 2351  2.0
21  Tu        622 0610  0.3 1216  1.8 1826  0.4 9999  9.9
22  We        622 0046  1.9 0706  0.4 1314  1.8 1924  0.5
23  Th        622 0141  1.9 0800  0.4 1413  1.7 2023  0.5
24  Fr        622 0235  1.8 0854  0.4 1511  1.7 2120  0.6
25  Sa        622 0327  1.7 0946  0.4 1607  1.7 2214  0.6
26  Su        622 0417  1.7 1036  0.4 1659  1.7 2305  0.6
27  Mo        622 0506  1.7 1124  0.4 1746  1.7 2353  0.6
28  Tu        622 0552  1.7 1209  0.4 1830  1.8 9999  9.9
29  We        622 0038  0.6 0637  1.7 1252  0.4 1912  1.8
30  Th        622 0122  0.6 0720  1.7 1333  0.4 1952  1.8
 1  Fr        722 0203  0.6 0801  1.7 1412  0.4 2030  1.8
 2  Sa        722 0244  0.6 0842  1.7 1451  0.4 2109  1.8
 3  Su        722 0324  0.6 0923  1.7 1530  0.4 2148  1.8
 4  Mo        722 0405  0.5 1004  1.7 1611  0.5 2228  1.8
 5  Tu        722 0446  0.5 1046  1.7 1653  0.5 2310  1.8
 6  We        722 0529  0.5 1131  1.7 1738  0.5 2353  1.8
 7  Th        722 0614  0.5 1219  1.7 1826  0.5 9999  9.9
 8  Fr        722 0040  1.8 0701  0.5 1312  1.7 1919  0.5
 9  Sa        722 0129  1.8 0752  0.4 1408  1.7 2015  0.5
10  Su        722 0222  1.8 0847  0.4 1507  1.8 2114  0.5
11  Mo        722 0318  1.8 0944  0.3 1607  1.8 2214  0.5
12  Tu        722 0417  1.9 1042  0.3 1706  1.9 2313  0.4
13  We        722 0516  1.9 1140  0.2 1803  2.0 9999  9.9
14  Th        722 0012  0.4 0616  1.9 1237  0.2 1859  2.1
15  Fr        722 0111  0.3 0715  2.0 1332  0.1 1954  2.1
16  Sa        722 0208  0.3 0812  2.0 1427  0.1 2048  2.1
17  Su        722 0303  0.2 0908  2.0 1520  0.2 2141  2.1
18  Mo        722 0358  0.2 1003  1.9 1613  0.2 2233  2.1
19  Tu        722 0451  0.3 1057  1.9 1707  0.3 2325  2.0
20  We        722 0543  0.3 1151  1.8 1801  0.4 9999  9.9
21  Th        722 0017  1.9 0635  0.4 1246  1.8 1856  0.5
22  Fr        722 0109  1.8 0727  0.4 1342  1.7 1952  0.6
23  Sa        722 0200  1.7 0819  0.5 1439  1.7 2048  0.6
24  Su        722 0252  1.7 0911  0.5 1535  1.7 2143  0.6
25  Mo        722 0344  1.7 1003  0.5 1628  1.7 2236  0.6
26  Tu        722 0435  1.6 1053  0.5 1717  1.7 2325  0.6
27  We        722 0524  1.6 1141  0.5 1803  1.7 9999  9.9
28  Th        722 0012  0.6 0611  1.6 1225  0.5 1845  1.8
29  Fr        722 0055  0.6 0655  1.7 1306  0.4 1924  1.8
30  Sa        722 0137  0.6 0737  1.7 1346  0.4 2003  1.8
31  Su        722 0217  0.5 0817  1.7 1425  0.4 2041  1.8
 1  Mo        822 0256  0.5 0857  1.7 1504  0.4 2119  1.8
 2  Tu        822 0336  0.5 0938  1.7 1544  0.4 2158  1.8
 3  We        822 0416  0.4 1019  1.7 1625  0.4 2239  1.8
 4  Th        822 0458  0.4 1104  1.7 1710  0.5 2322  1.8
 5  Fr        822 0542  0.4 1152  1.7 1759  0.5 9999  9.9
 6  Sa        822 0009  1.8 0631  0.4 1244  1.7 1852  0.5
 7  Su        822 0100  1.8 0723  0.4 1342  1.7 1950  0.5
 8  Mo        822 0156  1.8 0820  0.4 1444  1.8 2052  0.5
 9  Tu        822 0255  1.8 0921  0.3 1547  1.8 2155  0.5
10  We        822 0358  1.8 1023  0.3 1648  1.9 2257  0.4
11  Th        822 0501  1.9 1123  0.2 1746  2.0 2357  0.4
12  Fr        822 0602  1.9 1221  0.2 1842  2.1 9999  9.9
13  Sa        822 0055  0.3 0701  1.9 1316  0.2 1935  2.1
14  Su        822 0150  0.2 0756  2.0 1409  0.2 2027  2.1
15  Mo        822 0243  0.2 0850  2.0 1500  0.2 2117  2.1
16  Tu        822 0334  0.2 0941  2.0 1550  0.2 2207  2.0
17  We        822 0423  0.2 1031  1.9 1641  0.3 2255  1.9
18  Th        822 0511  0.3 1121  1.8 1731  0.4 2343  1.9
19  Fr        822 0600  0.4 1212  1.8 1823  0.5 9999  9.9
20  Sa        822 0032  1.8 0649  0.4 1305  1.7 1917  0.6
21  Su        822 0122  1.7 0739  0.5 1401  1.7 2012  0.6
22  Mo        822 0215  1.6 0833  0.5 1457  1.6 2109  0.7
23  Tu        822 0308  1.6 0927  0.5 1553  1.6 2203  0.7
24  We        822 0403  1.6 1020  0.5 1644  1.7 2255  0.7
25  Th        822 0455  1.6 1110  0.5 1731  1.7 2342  0.6
26  Fr        822 0543  1.6 1156  0.5 1813  1.7 9999  9.9
27  Sa        822 0026  0.6 0628  1.7 1238  0.4 1853  1.8
28  Su        822 0107  0.5 0710  1.7 1319  0.4 1932  1.8
29  Mo        822 0147  0.5 0751  1.8 1358  0.4 2010  1.9
30  Tu        822 0226  0.4 0831  1.8 1437  0.4 2049  1.9
31  We        822 0306  0.4 0912  1.8 1518  0.4 2129  1.9
 1  Th        922 0347  0.4 0955  1.8 1601  0.4 2211  1.9
 2  Fr        922 0429  0.3 1040  1.8 1647  0.4 2256  1.9
 3  Sa        922 0515  0.3 1129  1.8 1737  0.5 2345  1.8
 4  Su        922 0605  0.4 1223  1.8 1833  0.5 9999  9.9
 5  Mo        922 0038  1.8 0700  0.4 1322  1.8 1933  0.5
 6  Tu        922 0137  1.8 0800  0.4 1426  1.8 2038  0.5
 7  We        922 0240  1.8 0904  0.4 1530  1.8 2142  0.5
 8  Th        922 0346  1.8 1008  0.3 1632  1.9 2244  0.4
 9  Fr        922 0450  1.8 1109  0.3 1729  2.0 2343  0.3
10  Sa        922 0551  1.9 1206  0.3 1824  2.0 9999  9.9
11  Su        922 0038  0.3 0647  1.9 1259  0.2 1915  2.1
12  Mo        922 0130  0.2 0740  2.0 1350  0.2 2004  2.1
13  Tu        922 0220  0.2 0829  2.0 1439  0.2 2051  2.0
14  We        922 0307  0.2 0917  2.0 1526  0.3 2137  2.0
15  Th        922 0352  0.3 1003  1.9 1613  0.4 2223  1.9
16  Fr        922 0437  0.3 1049  1.8 1700  0.5 2308  1.8
17  Sa        922 0522  0.4 1137  1.8 1749  0.5 2354  1.7
18  Su        922 0608  0.5 1226  1.7 1841  0.6 9999  9.9
19  Mo        922 0043  1.6 0657  0.5 1320  1.7 1935  0.7
20  Tu        922 0135  1.6 0751  0.6 1416  1.6 2031  0.7
21  We        922 0231  1.6 0847  0.6 1512  1.6 2127  0.7
22  Th        922 0327  1.6 0943  0.6 1605  1.7 2219  0.7
23  Fr        922 0422  1.6 1035  0.6 1653  1.7 2307  0.6
24  Sa        922 0512  1.6 1123  0.5 1736  1.7 2352  0.5
25  Su        922 0559  1.7 1206  0.5 1818  1.8 9999  9.9
26  Mo        922 0034  0.5 0642  1.8 1248  0.4 1858  1.9
27  Tu        922 0115  0.4 0724  1.8 1329  0.4 1938  1.9
28  We        922 0155  0.3 0805  1.9 1411  0.4 2019  1.9
29  Th        922 0237  0.3 0848  1.9 1455  0.3 2102  1.9
30  Fr        922 0320  0.3 0933  1.9 1540  0.4 2147  1.9
 1  Sa       1022 0405  0.3 1020  1.9 1629  0.4 2235  1.9
 2  Su       1022 0453  0.3 1111  1.9 1722  0.4 2326  1.8
 3  Mo       1022 0545  0.3 1207  1.9 1820  0.5 9999  9.9
 4  Tu       1022 0023  1.8 0642  0.4 1307  1.8 1922  0.5
 5  We       1022 0124  1.7 0744  0.4 1411  1.8 2027  0.5
 6  Th       1022 0230  1.7 0849  0.4 1515  1.9 2130  0.5
 7  Fr       1022 0336  1.7 0954  0.4 1615  1.9 2231  0.4
 8  Sa       1022 0440  1.8 1054  0.4 1711  1.9 2327  0.3
 9  Su       1022 0539  1.9 1150  0.3 1803  2.0 9999  9.9
10  Mo       1022 0020  0.3 0632  1.9 1241  0.3 1852  2.0
11  Tu       1022 0109  0.2 0721  1.9 1330  0.3 1939  2.0
12  We       1022 0155  0.2 0808  2.0 1416  0.3 2024  1.9
13  Th       1022 0239  0.2 0852  1.9 1501  0.4 2108  1.9
14  Fr       1022 0321  0.3 0935  1.9 1546  0.4 2151  1.8
15  Sa       1022 0403  0.3 1018  1.8 1631  0.5 2233  1.7
16  Su       1022 0445  0.4 1102  1.8 1717  0.6 2318  1.7
17  Mo       1022 0529  0.5 1149  1.7 1805  0.6 9999  9.9
18  Tu       1022 0005  1.6 0616  0.5 1239  1.7 1857  0.7
19  We       1022 0056  1.6 0708  0.6 1332  1.6 1951  0.7
20  Th       1022 0150  1.5 0803  0.6 1426  1.6 2045  0.7
21  Fr       1022 0247  1.5 0900  0.6 1519  1.7 2137  0.6
22  Sa       1022 0343  1.6 0954  0.6 1608  1.7 2227  0.6
23  Su       1022 0436  1.6 1044  0.5 1654  1.7 2313  0.5
24  Mo       1022 0525  1.7 1130  0.5 1738  1.8 2357  0.4
25  Tu       1022 0611  1.8 1215  0.4 1822  1.9 9999  9.9
26  We       1022 0041  0.3 0655  1.9 1300  0.4 1906  1.9
27  Th       1022 0125  0.3 0740  1.9 1346  0.3 1951  1.9
28  Fr       1022 0210  0.2 0826  2.0 1433  0.3 2038  2.0
29  Sa       1022 0257  0.2 0914  2.0 1523  0.3 2127  1.9
30  Su       1022 0345  0.2 1004  2.0 1615  0.4 2218  1.9
31  Mo       1022 0435  0.2 1057  2.0 1711  0.4 2313  1.8
 1  Tu       1122 0529  0.3 1154  1.9 1810  0.4 9999  9.9
 2  We       1122 0011  1.8 0627  0.3 1253  1.9 1911  0.4
 3  Th       1122 0114  1.7 0730  0.4 1355  1.9 2014  0.4
 4  Fr       1122 0219  1.7 0834  0.4 1456  1.9 2115  0.4
 5  Sa       1122 0325  1.7 0937  0.4 1554  1.9 2213  0.4
 6  Su       1122 0426  1.8 1037  0.4 1649  1.9 2307  0.3
 7  Mo       1122 0523  1.8 1131  0.4 1740  1.9 2358  0.3
 8  Tu       1122 0615  1.9 1222  0.4 1828  1.9 9999  9.9
 9  We       1122 0045  0.3 0702  1.9 1309  0.4 1914  1.9
10  Th       1122 0130  0.3 0746  1.9 1354  0.4 1957  1.8
11  Fr       1122 0212  0.3 0828  1.9 1438  0.5 2040  1.8
12  Sa       1122 0252  0.3 0909  1.9 1521  0.5 2121  1.8
13  Su       1122 0332  0.4 0950  1.8 1603  0.5 2203  1.7
14  Mo       1122 0413  0.4 1032  1.8 1647  0.6 2245  1.7
15  Tu       1122 0455  0.5 1115  1.7 1733  0.6 2330  1.6
16  We       1122 0539  0.5 1201  1.7 1820  0.6 9999  9.9
17  Th       1122 0018  1.6 0627  0.6 1249  1.7 1909  0.6
18  Fr       1122 0109  1.6 0719  0.6 1339  1.7 2000  0.6
19  Sa       1122 0204  1.6 0813  0.6 1429  1.7 2051  0.6
20  Su       1122 0300  1.6 0908  0.6 1519  1.7 2142  0.5
21  Mo       1122 0355  1.6 1001  0.6 1608  1.8 2231  0.5
22  Tu       1122 0448  1.7 1052  0.5 1657  1.8 2320  0.4
23  We       1122 0538  1.8 1142  0.5 1746  1.9 9999  9.9
24  Th       1122 0009  0.3 0628  1.9 1232  0.4 1836  1.9
25  Fr       1122 0058  0.2 0717  2.0 1323  0.4 1926  1.9
26  Sa       1122 0147  0.2 0806  2.0 1415  0.3 2018  2.0
27  Su       1122 0236  0.1 0857  2.1 1508  0.3 2111  2.0
28  Mo       1122 0327  0.1 0949  2.1 1603  0.3 2205  1.9
29  Tu       1122 0420  0.2 1043  2.0 1700  0.3 2301  1.9
30  We       1122 0515  0.3 1139  2.0 1757  0.4 2359  1.8
 1  Th       1222 0612  0.3 1237  1.9 1856  0.4 9999  9.9
 2  Fr       1222 0100  1.8 0713  0.4 1335  1.9 1955  0.4
 3  Sa       1222 0203  1.7 0815  0.5 1433  1.9 2053  0.4
 4  Su       1222 0306  1.7 0916  0.5 1529  1.8 2150  0.4
 5  Mo       1222 0407  1.7 1015  0.5 1623  1.8 2243  0.4
 6  Tu       1222 0503  1.8 1110  0.5 1714  1.8 2334  0.4
 7  We       1222 0554  1.8 1200  0.5 1803  1.8 9999  9.9
 8  Th       1222 0021  0.4 0641  1.8 1248  0.5 1849  1.8
 9  Fr       1222 0105  0.3 0725  1.8 1333  0.5 1932  1.7
10  Sa       1222 0146  0.3 0806  1.8 1416  0.5 2014  1.7
11  Su       1222 0226  0.4 0845  1.8 1457  0.5 2055  1.7
12  Mo       1222 0305  0.4 0925  1.8 1539  0.6 2136  1.7
13  Tu       1222 0344  0.4 1004  1.8 1620  0.6 2217  1.7
14  We       1222 0424  0.5 1044  1.8 1702  0.6 2259  1.6
15  Th       1222 0506  0.5 1126  1.8 1745  0.6 2343  1.6
16  Fr       1222 0550  0.5 1209  1.7 1829  0.6 9999  9.9
17  Sa       1222 0030  1.6 0637  0.6 1254  1.7 1916  0.6
18  Su       1222 0122  1.6 0728  0.6 1342  1.7 2006  0.5
19  Mo       1222 0216  1.6 0822  0.6 1432  1.7 2057  0.5
20  Tu       1222 0313  1.7 0918  0.6 1525  1.8 2151  0.4
21  We       1222 0411  1.7 1015  0.5 1618  1.8 2245  0.4
22  Th       1222 0507  1.8 1111  0.5 1714  1.9 2339  0.3
23  Fr       1222 0601  1.9 1207  0.4 1809  1.9 9999  9.9
24  Sa       1222 0033  0.2 0655  2.0 1303  0.4 1905  1.9
25  Su       1222 0126  0.1 0748  2.1 1358  0.3 2001  2.0
26  Mo       1222 0219  0.1 0841  2.1 1454  0.3 2056  2.0
27  Tu       1222 0311  0.1 0934  2.1 1549  0.3 2152  2.0
28  We       1222 0405  0.2 1027  2.1 1644  0.3 2247  1.9
29  Th       1222 0459  0.2 1121  2.0 1739  0.3 2343  1.9
30  Fr       1222 0554  0.3 1215  2.0 1834  0.3 9999  9.9
31  Sa       1222 0041  1.8 0651  0.4 1310  1.9 1930  0.4
