148Manawatu River Entrance
Based on data from  1-Jan-2013
Local Std Time, tidal heights in metres.
 1  Sa        723 0215  0.5 0810  1.7 1453  0.5 2049  1.8
 2  Su        723 0311  0.4 0904  1.8 1558  0.4 2139  1.9
 3  Mo        723 0402  0.4 0956  1.8 1651  0.3 2225  2.0
 4  Tu        723 0452  0.3 1048  1.9 1739  0.3 2309  2.0
 5  We        723 0543  0.3 1138  1.9 1823  0.2 2353  2.1
 6  Th        723 0633  0.3 1226  1.9 1905  0.2 9999  9.9
 7  Fr        723 0037  2.0 0725  0.3 1314  1.9 1947  0.3
 8  Sa        723 0122  2.0 0816  0.4 1402  1.8 2031  0.4
 9  Su        723 0211  1.9 0906  0.4 1450  1.8 2118  0.4
10  Mo        723 0304  1.8 0957  0.5 1542  1.7 2211  0.5
11  Tu        723 0402  1.7 1048  0.6 1641  1.6 2314  0.6
12  We        723 0506  1.6 1145  0.6 1751  1.5 9999  9.9
13  Th        723 0024  0.6 0611  1.6 1253  0.6 1907  1.5
14  Fr        723 0131  0.6 0713  1.6 1414  0.6 2013  1.6
15  Sa        723 0228  0.5 0810  1.6 1522  0.6 2104  1.7
16  Su        723 0317  0.5 0902  1.7 1613  0.5 2147  1.8
17  Mo        723 0401  0.4 0950  1.7 1653  0.5 2225  1.9
18  Tu        723 0441  0.4 1033  1.7 1727  0.4 2300  1.9
19  We        723 0518  0.4 1113  1.8 1756  0.4 2333  1.9
20  Th        723 0553  0.4 1150  1.8 1822  0.4 9999  9.9
21  Fr        723 0004  1.9 0628  0.4 1224  1.8 1847  0.4
22  Sa        723 0036  1.9 0702  0.4 1257  1.8 1911  0.4
23  Su        723 0108  1.8 0737  0.4 1330  1.8 1938  0.5
24  Mo        723 0142  1.8 0814  0.5 1404  1.7 2011  0.5
25  Tu        723 0222  1.7 0854  0.5 1443  1.7 2053  0.6
26  We        723 0309  1.7 0940  0.6 1529  1.6 2150  0.6
27  Th        723 0408  1.6 1032  0.6 1630  1.5 2305  0.7
28  Fr        723 0519  1.5 1134  0.6 1754  1.5 9999  9.9
29  Sa        723 0028  0.7 0635  1.6 1253  0.6 1925  1.6
30  Su        723 0148  0.6 0748  1.6 1432  0.6 2034  1.7
31  Mo        723 0256  0.5 0852  1.7 1547  0.4 2127  1.9
 1  Tu        823 0355  0.4 0949  1.8 1641  0.3 2213  2.0
 2  We        823 0448  0.3 1040  1.9 1726  0.2 2256  2.1
 3  Th        823 0537  0.2 1127  2.0 1808  0.2 2337  2.2
 4  Fr        823 0624  0.2 1210  2.0 1847  0.1 9999  9.9
 5  Sa        823 0018  2.1 0708  0.2 1252  2.0 1925  0.2
 6  Su        823 0059  2.1 0750  0.3 1333  1.9 2003  0.3
 7  Mo        823 0142  2.0 0831  0.4 1415  1.8 2043  0.4
 8  Tu        823 0227  1.8 0911  0.5 1458  1.7 2130  0.5
 9  We        823 0318  1.7 0952  0.6 1550  1.6 2228  0.6
10  Th        823 0417  1.6 1040  0.7 1702  1.4 2339  0.7
11  Fr        823 0529  1.5 1145  0.8 1844  1.4 9999  9.9
12  Sa        823 0058  0.7 0646  1.5 1344  0.8 2003  1.5
13  Su        823 0208  0.6 0757  1.5 1514  0.7 2054  1.6
14  Mo        823 0303  0.5 0854  1.6 1602  0.6 2133  1.8
15  Tu        823 0349  0.5 0941  1.7 1638  0.5 2208  1.9
16  We        823 0428  0.4 1020  1.8 1708  0.4 2240  2.0
17  Th        823 0504  0.3 1056  1.8 1734  0.3 2310  2.0
18  Fr        823 0536  0.3 1128  1.9 1758  0.3 2339  2.0
19  Sa        823 0607  0.3 1158  1.9 1819  0.3 9999  9.9
20  Su        823 0008  2.0 0636  0.3 1227  1.9 1840  0.3
21  Mo        823 0037  2.0 0705  0.3 1257  1.9 1902  0.4
22  Tu        823 0108  1.9 0736  0.4 1328  1.9 1930  0.4
23  We        823 0143  1.8 0811  0.4 1403  1.8 2006  0.5
24  Th        823 0226  1.7 0852  0.5 1444  1.7 2101  0.6
25  Fr        823 0320  1.6 0945  0.6 1540  1.5 2226  0.7
26  Sa        823 0437  1.5 1053  0.7 1717  1.5 9999  9.9
27  Su        823 0005  0.7 0613  1.5 1227  0.7 1911  1.5
28  Mo        823 0139  0.6 0739  1.6 1425  0.6 2022  1.7
29  Tu        823 0252  0.5 0846  1.7 1536  0.4 2112  1.9
30  We        823 0349  0.3 0939  1.9 1625  0.3 2156  2.1
31  Th        823 0438  0.2 1025  2.0 1707  0.1 2236  2.2
 1  Fr        923 0523  0.1 1107  2.1 1744  0.1 2315  2.3
 2  Sa        923 0604  0.1 1147  2.1 1820  0.1 2353  2.2
 3  Su        923 0642  0.1 1225  2.1 1854  0.2 9999  9.9
 4  Mo        923 0031  2.1 0718  0.2 1301  2.0 1927  0.3
 5  Tu        923 0109  2.0 0751  0.3 1337  1.9 2002  0.4
 6  We        923 0149  1.8 0823  0.5 1415  1.7 2043  0.6
 7  Th        923 0234  1.6 0858  0.6 1458  1.5 2140  0.7
 8  Fr        923 0330  1.5 0942  0.7 1605  1.4 2258  0.8
 9  Sa        923 0449  1.4 1044  0.8 1825  1.3 9999  9.9
10  Su        923 0031  0.8 0627  1.3 1307  0.9 1950  1.5
11  Mo        923 0152  0.7 0746  1.4 1459  0.7 2036  1.6
12  Tu        923 0248  0.6 0841  1.6 1540  0.6 2112  1.8
13  We        923 0331  0.4 0923  1.7 1612  0.4 2144  1.9
14  Th        923 0408  0.3 0958  1.8 1639  0.3 2213  2.0
15  Fr        923 0442  0.2 1031  1.9 1705  0.3 2242  2.1
16  Sa        923 0513  0.2 1101  2.0 1728  0.3 2310  2.1
17  Su        923 0543  0.2 1130  2.0 1749  0.3 2338  2.1
18  Mo        923 0610  0.2 1158  2.0 1809  0.3 9999  9.9
19  Tu        923 0007  2.0 0637  0.3 1227  2.0 1830  0.3
20  We        923 0038  1.9 0706  0.3 1258  1.9 1856  0.4
21  Th        923 0113  1.8 0739  0.4 1333  1.8 1931  0.5
22  Fr        923 0155  1.7 0821  0.5 1414  1.7 2028  0.6
23  Sa        923 0251  1.5 0916  0.6 1513  1.5 2206  0.7
24  Su        923 0417  1.4 1031  0.7 1702  1.4 9999  9.9
25  Mo        923 0000  0.7 0604  1.4 1220  0.7 1858  1.6
26  Tu        923 0137  0.6 0730  1.6 1415  0.6 2004  1.8
27  We        923 0244  0.4 0832  1.7 1517  0.4 2051  2.0
28  Th        923 0336  0.3 0921  1.9 1602  0.2 2133  2.1
29  Fr        923 0421  0.1 1004  2.1 1641  0.1 2212  2.2
30  Sa        923 0502  0.1 1044  2.2 1717  0.1 2249  2.3
 1  Su       1023 0540  0.1 1121  2.2 1750  0.1 2326  2.2
 2  Mo       1023 0614  0.1 1156  2.1 1821  0.2 9999  9.9
 3  Tu       1023 0002  2.1 0646  0.2 1231  2.0 1851  0.3
 4  We       1023 0038  2.0 0715  0.3 1305  1.9 1922  0.4
 5  Th       1023 0116  1.8 0744  0.5 1339  1.7 2000  0.6
 6  Fr       1023 0158  1.6 0816  0.6 1417  1.5 2056  0.7
 7  Sa       1023 0251  1.4 0859  0.7 1516  1.4 2219  0.8
 8  Su       1023 0413  1.3 1000  0.8 1742  1.3 2357  0.8
 9  Mo       1023 0557  1.3 1146  0.9 1918  1.5 9999  9.9
10  Tu       1023 0122  0.7 0718  1.4 1416  0.8 2004  1.6
11  We       1023 0219  0.6 0812  1.6 1501  0.6 2040  1.8
12  Th       1023 0302  0.4 0853  1.7 1535  0.5 2111  1.9
13  Fr       1023 0340  0.3 0929  1.8 1604  0.3 2142  2.0
14  Sa       1023 0415  0.2 1001  1.9 1631  0.3 2211  2.1
15  Su       1023 0447  0.2 1032  2.0 1656  0.2 2241  2.1
16  Mo       1023 0519  0.2 1102  2.1 1720  0.2 2311  2.1
17  Tu       1023 0549  0.2 1133  2.1 1743  0.3 2342  2.0
18  We       1023 0618  0.2 1204  2.0 1808  0.3 9999  9.9
19  Th       1023 0016  1.9 0650  0.3 1238  2.0 1838  0.4
20  Fr       1023 0055  1.8 0726  0.4 1316  1.9 1918  0.5
21  Sa       1023 0142  1.7 0810  0.5 1402  1.7 2025  0.7
22  Su       1023 0245  1.5 0907  0.6 1508  1.6 2207  0.7
23  Mo       1023 0414  1.4 1024  0.7 1653  1.5 2355  0.7
24  Tu       1023 0550  1.5 1211  0.7 1832  1.6 9999  9.9
25  We       1023 0121  0.6 0709  1.6 1349  0.5 1936  1.8
26  Th       1023 0224  0.4 0808  1.8 1449  0.4 2024  2.0
27  Fr       1023 0315  0.3 0857  1.9 1534  0.2 2106  2.1
28  Sa       1023 0400  0.2 0940  2.0 1613  0.1 2146  2.2
29  Su       1023 0440  0.1 1020  2.1 1649  0.1 2224  2.2
30  Mo       1023 0518  0.1 1057  2.1 1722  0.2 2301  2.1
31  Tu       1023 0552  0.2 1133  2.1 1752  0.2 2338  2.0
 1  We       1123 0622  0.3 1207  2.0 1822  0.3 9999  9.9
 2  Th       1123 0014  1.9 0650  0.4 1241  1.9 1853  0.5
 3  Fr       1123 0053  1.7 0718  0.5 1315  1.7 1932  0.6
 4  Sa       1123 0135  1.6 0751  0.6 1354  1.6 2027  0.7
 5  Su       1123 0227  1.5 0832  0.7 1448  1.5 2142  0.8
 6  Mo       1123 0338  1.4 0928  0.8 1630  1.4 2306  0.8
 7  Tu       1123 0503  1.3 1048  0.8 1813  1.4 9999  9.9
 8  We       1123 0025  0.7 0624  1.4 1246  0.8 1913  1.6
 9  Th       1123 0128  0.6 0726  1.5 1403  0.6 1956  1.7
10  Fr       1123 0219  0.5 0814  1.6 1448  0.5 2032  1.8
11  Sa       1123 0304  0.4 0854  1.8 1524  0.4 2107  1.9
12  Su       1123 0344  0.3 0931  1.9 1557  0.3 2141  2.0
13  Mo       1123 0422  0.2 1006  2.0 1628  0.3 2215  2.0
14  Tu       1123 0459  0.2 1040  2.0 1658  0.3 2250  2.0
15  We       1123 0535  0.2 1115  2.1 1728  0.3 2327  2.0
16  Th       1123 0610  0.2 1151  2.0 1800  0.3 9999  9.9
17  Fr       1123 0007  1.9 0647  0.3 1229  2.0 1839  0.4
18  Sa       1123 0053  1.8 0726  0.4 1311  1.9 1930  0.5
19  Su       1123 0145  1.7 0811  0.4 1402  1.8 2040  0.6
20  Mo       1123 0248  1.6 0906  0.5 1507  1.7 2205  0.6
21  Tu       1123 0402  1.5 1016  0.6 1631  1.6 2330  0.6
22  We       1123 0520  1.5 1145  0.6 1753  1.7 9999  9.9
23  Th       1123 0047  0.5 0635  1.6 1312  0.5 1859  1.8
24  Fr       1123 0153  0.4 0739  1.7 1415  0.4 1952  1.9
25  Sa       1123 0249  0.3 0832  1.8 1505  0.3 2038  2.0
26  Su       1123 0338  0.3 0919  1.9 1547  0.3 2121  2.0
27  Mo       1123 0422  0.2 1000  2.0 1625  0.2 2202  2.0
28  Tu       1123 0502  0.2 1039  2.0 1700  0.2 2242  2.0
29  We       1123 0537  0.3 1116  2.0 1733  0.3 2322  1.9
30  Th       1123 0609  0.3 1151  2.0 1805  0.4 9999  9.9
 1  Fr       1223 0001  1.8 0638  0.4 1226  1.9 1839  0.5
 2  Sa       1223 0041  1.7 0706  0.4 1301  1.8 1919  0.5
 3  Su       1223 0123  1.6 0737  0.5 1340  1.7 2008  0.6
 4  Mo       1223 0209  1.6 0813  0.6 1426  1.6 2106  0.7
 5  Tu       1223 0300  1.5 0859  0.7 1528  1.5 2209  0.7
 6  We       1223 0400  1.4 0958  0.7 1646  1.5 2313  0.7
 7  Th       1223 0508  1.4 1115  0.7 1759  1.5 9999  9.9
 8  Fr       1223 0017  0.6 0619  1.5 1242  0.7 1858  1.6
 9  Sa       1223 0119  0.6 0723  1.5 1351  0.6 1946  1.7
10  Su       1223 0219  0.5 0817  1.7 1442  0.5 2031  1.8
11  Mo       1223 0313  0.4 0903  1.8 1526  0.4 2113  1.9
12  Tu       1223 0402  0.3 0945  1.9 1606  0.3 2155  1.9
13  We       1223 0447  0.3 1025  2.0 1645  0.3 2238  1.9
14  Th       1223 0528  0.2 1104  2.0 1725  0.3 2323  1.9
15  Fr       1223 0608  0.2 1144  2.1 1807  0.3 9999  9.9
16  Sa       1223 0008  1.9 0648  0.2 1225  2.0 1853  0.4
17  Su       1223 0056  1.9 0728  0.3 1309  2.0 1945  0.4
18  Mo       1223 0145  1.8 0811  0.3 1358  1.9 2043  0.5
19  Tu       1223 0238  1.7 0859  0.4 1453  1.8 2145  0.5
20  We       1223 0336  1.6 0957  0.5 1558  1.7 2249  0.6
21  Th       1223 0440  1.6 1108  0.6 1708  1.7 2358  0.6
22  Fr       1223 0552  1.6 1227  0.6 1817  1.7 9999  9.9
23  Sa       1223 0111  0.6 0706  1.6 1339  0.5 1918  1.7
24  Su       1223 0222  0.5 0811  1.7 1437  0.5 2012  1.8
25  Mo       1223 0322  0.4 0903  1.8 1525  0.4 2102  1.8
26  Tu       1223 0412  0.4 0948  1.9 1608  0.4 2149  1.8
27  We       1223 0455  0.3 1028  1.9 1647  0.3 2233  1.9
28  Th       1223 0531  0.3 1105  2.0 1724  0.3 2315  1.9
29  Fr       1223 0603  0.3 1140  2.0 1759  0.4 2354  1.8
30  Sa       1223 0631  0.3 1214  1.9 1834  0.4 9999  9.9
31  Su       1223 0032  1.8 0657  0.4 1248  1.9 1910  0.4
 1  Mo        124 0108  1.8 0723  0.4 1322  1.8 1949  0.5
 2  Tu        124 0145  1.7 0752  0.5 1359  1.8 2031  0.5
 3  We        124 0222  1.6 0827  0.5 1442  1.7 2117  0.6
 4  Th        124 0304  1.6 0911  0.6 1533  1.6 2206  0.6
 5  Fr        124 0353  1.5 1009  0.7 1637  1.5 2302  0.6
 6  Sa        124 0458  1.5 1125  0.7 1746  1.5 9999  9.9
 7  Su        124 0006  0.7 0619  1.5 1248  0.7 1855  1.6
 8  Mo        124 0123  0.6 0739  1.5 1402  0.6 1957  1.6
 9  Tu        124 0245  0.6 0841  1.7 1502  0.5 2053  1.7
10  We        124 0349  0.4 0931  1.8 1553  0.4 2146  1.8
11  Th        124 0439  0.3 1014  2.0 1641  0.3 2234  1.9
12  Fr        124 0523  0.2 1056  2.1 1727  0.3 2321  2.0
13  Sa        124 0604  0.1 1136  2.1 1813  0.2 9999  9.9
14  Su        124 0005  2.0 0642  0.1 1217  2.2 1858  0.2
15  Mo        124 0049  2.0 0721  0.2 1258  2.1 1943  0.3
16  Tu        124 0132  2.0 0759  0.2 1342  2.0 2028  0.3
17  We        124 0216  1.9 0841  0.3 1430  1.9 2115  0.4
18  Th        124 0302  1.8 0929  0.4 1522  1.8 2204  0.5
19  Fr        124 0356  1.6 1027  0.6 1623  1.7 2259  0.6
20  Sa        124 0504  1.5 1141  0.6 1732  1.6 9999  9.9
21  Su        124 0012  0.7 0632  1.5 1302  0.6 1845  1.6
22  Mo        124 0155  0.7 0757  1.5 1414  0.6 1954  1.6
23  Tu        124 0317  0.6 0856  1.7 1512  0.5 2054  1.7
24  We        124 0410  0.5 0941  1.8 1600  0.4 2145  1.7
25  Th        124 0451  0.4 1019  1.9 1641  0.4 2229  1.8
26  Fr        124 0524  0.3 1054  2.0 1719  0.3 2307  1.8
27  Sa        124 0553  0.3 1126  2.0 1753  0.3 2343  1.9
28  Su        124 0618  0.3 1157  2.0 1825  0.3 9999  9.9
29  Mo        124 0015  1.9 0641  0.3 1228  2.0 1855  0.3
30  Tu        124 0046  1.9 0703  0.3 1258  1.9 1926  0.4
31  We        124 0116  1.9 0726  0.4 1329  1.9 1957  0.4
 1  Th        224 0146  1.8 0753  0.4 1402  1.8 2032  0.5
 2  Fr        224 0219  1.7 0826  0.5 1441  1.7 2112  0.5
 3  Sa        224 0256  1.6 0912  0.6 1531  1.6 2159  0.6
 4  Su        224 0346  1.5 1022  0.7 1638  1.5 2259  0.7
 5  Mo        224 0507  1.4 1153  0.7 1804  1.5 9999  9.9
 6  Tu        224 0022  0.7 0703  1.4 1328  0.7 1930  1.5
 7  We        224 0220  0.7 0824  1.6 1446  0.6 2041  1.6
 8  Th        224 0338  0.5 0917  1.8 1547  0.4 2138  1.8
 9  Fr        224 0429  0.3 1001  2.0 1637  0.3 2226  1.9
10  Sa        224 0512  0.2 1042  2.1 1723  0.2 2310  2.0
11  Su        224 0550  0.1 1121  2.2 1806  0.1 2351  2.1
12  Mo        224 0627  0.0 1200  2.3 1847  0.1 9999  9.9
13  Tu        224 0031  2.1 0703  0.1 1239  2.2 1927  0.2
14  We        224 0109  2.1 0739  0.2 1319  2.1 2005  0.3
15  Th        224 0148  2.0 0815  0.3 1401  2.0 2042  0.4
16  Fr        224 0228  1.8 0857  0.4 1447  1.8 2121  0.5
17  Sa        224 0313  1.6 0948  0.6 1541  1.6 2205  0.6
18  Su        224 0413  1.5 1058  0.7 1650  1.5 2305  0.8
19  Mo        224 0601  1.4 1229  0.7 1817  1.4 9999  9.9
20  Tu        224 0129  0.8 0750  1.4 1358  0.7 1944  1.5
21  We        224 0317  0.7 0847  1.6 1503  0.6 2049  1.6
22  Th        224 0404  0.6 0928  1.8 1551  0.5 2137  1.7
23  Fr        224 0438  0.4 1003  1.9 1631  0.4 2216  1.8
24  Sa        224 0507  0.3 1034  2.0 1706  0.3 2250  1.9
25  Su        224 0533  0.3 1104  2.0 1737  0.2 2322  1.9
26  Mo        224 0556  0.2 1133  2.1 1806  0.2 2351  2.0
27  Tu        224 0617  0.2 1201  2.1 1834  0.2 9999  9.9
28  We        224 0018  2.0 0637  0.3 1229  2.0 1900  0.3
29  Th        224 0045  2.0 0657  0.3 1257  1.9 1927  0.3
 1  Fr        324 0113  1.9 0719  0.4 1328  1.9 1957  0.4
 2  Sa        324 0143  1.8 0747  0.5 1403  1.7 2031  0.5
 3  Su        324 0217  1.7 0828  0.6 1448  1.6 2115  0.6
 4  Mo        324 0301  1.6 0936  0.7 1551  1.5 2214  0.7
 5  Tu        324 0416  1.4 1116  0.8 1729  1.4 2340  0.8
 6  We        324 0635  1.4 1306  0.7 1912  1.5 9999  9.9
 7  Th        324 0158  0.7 0803  1.6 1434  0.6 2027  1.6
 8  Fr        324 0320  0.5 0856  1.8 1535  0.4 2122  1.8
 9  Sa        324 0410  0.3 0940  2.0 1624  0.2 2208  2.0
10  Su        324 0451  0.1 1020  2.2 1708  0.1 2250  2.1
11  Mo        324 0529  0.0 1058  2.3 1749  0.1 2329  2.2
12  Tu        324 0604  0.0 1136  2.3 1828  0.1 9999  9.9
13  We        324 0006  2.2 0639  0.1 1214  2.2 1904  0.1
14  Th        324 0043  2.1 0713  0.2 1253  2.1 1938  0.2
15  Fr        324 0119  2.0 0747  0.3 1333  1.9 2011  0.4
16  Sa        324 0156  1.8 0826  0.5 1415  1.7 2045  0.5
17  Su        324 0236  1.6 0915  0.6 1506  1.6 2123  0.7
18  Mo        324 0331  1.4 1024  0.8 1617  1.4 2217  0.8
19  Tu        324 0532  1.3 1200  0.8 1755  1.3 9999  9.9
20  We        324 0019  0.9 0732  1.4 1338  0.7 1928  1.4
21  Th        324 0257  0.8 0824  1.6 1444  0.6 2030  1.5
22  Fr        324 0339  0.6 0902  1.7 1529  0.5 2114  1.7
23  Sa        324 0409  0.5 0935  1.9 1607  0.4 2151  1.8
24  Su        324 0437  0.4 1006  2.0 1641  0.3 2223  1.9
25  Mo        324 0502  0.3 1035  2.0 1712  0.2 2253  2.0
26  Tu        324 0526  0.2 1103  2.1 1742  0.2 2322  2.0
27  We        324 0548  0.2 1131  2.0 1810  0.2 2349  2.0
28  Th        324 0608  0.3 1159  2.0 1836  0.3 9999  9.9
29  Fr        324 0017  2.0 0628  0.3 1228  1.9 1903  0.3
30  Sa        324 0045  1.9 0650  0.4 1300  1.8 1932  0.4
31  Su        324 0117  1.9 0720  0.5 1337  1.7 2007  0.5
 1  Mo        424 0153  1.7 0804  0.6 1425  1.6 2052  0.6
 2  Tu        424 0240  1.6 0918  0.7 1534  1.5 2153  0.7
 3  We        424 0401  1.5 1101  0.8 1715  1.4 2320  0.7
 4  Th        424 0609  1.5 1248  0.7 1851  1.5 9999  9.9
 5  Fr        424 0128  0.7 0732  1.6 1412  0.5 2002  1.6
 6  Sa        424 0249  0.5 0826  1.9 1512  0.4 2056  1.8
 7  Su        424 0340  0.3 0911  2.0 1601  0.2 2142  2.0
 8  Mo        424 0422  0.2 0952  2.2 1645  0.1 2224  2.1
 9  Tu        424 0501  0.1 1031  2.2 1726  0.1 2303  2.2
10  We        424 0537  0.1 1110  2.2 1805  0.1 2341  2.1
11  Th        424 0612  0.1 1148  2.1 1841  0.2 9999  9.9
12  Fr        424 0017  2.1 0646  0.2 1227  2.0 1915  0.3
13  Sa        424 0053  1.9 0720  0.4 1308  1.8 1946  0.4
14  Su        424 0130  1.8 0759  0.5 1351  1.7 2019  0.6
15  Mo        424 0210  1.6 0850  0.7 1444  1.5 2057  0.7
16  Tu        424 0305  1.4 1000  0.8 1554  1.4 2148  0.8
17  We        424 0453  1.3 1127  0.8 1724  1.3 2312  0.9
18  Th        424 0646  1.4 1254  0.7 1849  1.4 9999  9.9
19  Fr        424 0155  0.8 0742  1.6 1400  0.6 1950  1.5
20  Sa        424 0249  0.7 0823  1.7 1449  0.5 2037  1.6
21  Su        424 0325  0.5 0857  1.8 1530  0.4 2115  1.8
22  Mo        424 0355  0.4 0930  1.9 1607  0.3 2150  1.9
23  Tu        424 0424  0.3 1001  2.0 1641  0.3 2222  1.9
24  We        424 0451  0.3 1031  2.0 1715  0.3 2252  2.0
25  Th        424 0516  0.3 1102  2.0 1746  0.3 2322  2.0
26  Fr        424 0540  0.3 1133  1.9 1817  0.3 2353  2.0
27  Sa        424 0605  0.4 1206  1.9 1847  0.3 9999  9.9
28  Su        424 0025  1.9 0633  0.4 1244  1.8 1920  0.4
29  Mo        424 0101  1.9 0710  0.5 1328  1.7 1959  0.5
30  Tu        424 0143  1.7 0804  0.6 1423  1.6 2047  0.6
 1  We        524 0238  1.6 0923  0.7 1535  1.5 2148  0.6
 2  Th        524 0400  1.5 1053  0.7 1659  1.5 2309  0.7
 3  Fr        524 0537  1.6 1221  0.6 1820  1.5 9999  9.9
 4  Sa        524 0050  0.6 0653  1.7 1337  0.5 1928  1.7
 5  Su        524 0209  0.5 0749  1.9 1439  0.4 2025  1.8
 6  Mo        524 0304  0.3 0837  2.0 1532  0.3 2114  1.9
 7  Tu        524 0350  0.2 0921  2.1 1620  0.2 2158  2.0
 8  We        524 0431  0.2 1003  2.1 1704  0.2 2239  2.1
 9  Th        524 0509  0.2 1044  2.1 1744  0.2 2318  2.0
10  Fr        524 0545  0.2 1125  2.0 1822  0.3 2356  2.0
11  Sa        524 0621  0.3 1207  1.9 1856  0.4 9999  9.9
12  Su        524 0033  1.9 0659  0.4 1250  1.7 1929  0.5
13  Mo        524 0112  1.8 0741  0.6 1336  1.6 2001  0.6
14  Tu        524 0154  1.6 0832  0.6 1428  1.5 2038  0.7
15  We        524 0247  1.5 0935  0.7 1529  1.4 2125  0.7
16  Th        524 0404  1.4 1043  0.7 1638  1.4 2229  0.8
17  Fr        524 0533  1.4 1150  0.7 1748  1.4 2359  0.8
18  Sa        524 0640  1.5 1252  0.6 1853  1.5 9999  9.9
19  Su        524 0128  0.7 0730  1.6 1349  0.6 1948  1.6
20  Mo        524 0223  0.6 0811  1.7 1439  0.5 2033  1.7
21  Tu        524 0305  0.5 0848  1.8 1526  0.4 2114  1.8
22  We        524 0341  0.4 0924  1.9 1609  0.4 2151  1.9
23  Th        524 0415  0.4 1000  1.9 1649  0.3 2226  1.9
24  Fr        524 0447  0.4 1037  1.9 1727  0.3 2301  1.9
25  Sa        524 0519  0.4 1115  1.8 1804  0.3 2337  1.9
26  Su        524 0552  0.4 1155  1.8 1840  0.4 9999  9.9
27  Mo        524 0014  1.9 0631  0.4 1240  1.8 1918  0.4
28  Tu        524 0055  1.9 0718  0.5 1330  1.7 1959  0.4
29  We        524 0142  1.8 0817  0.6 1425  1.6 2046  0.5
30  Th        524 0238  1.7 0926  0.6 1526  1.6 2143  0.6
31  Fr        524 0347  1.7 1036  0.6 1633  1.6 2252  0.6
 1  Sa        624 0502  1.7 1144  0.6 1743  1.6 9999  9.9
 2  Su        624 0012  0.6 0611  1.7 1253  0.5 1852  1.7
 3  Mo        624 0127  0.5 0711  1.8 1401  0.5 1954  1.7
 4  Tu        624 0227  0.4 0804  1.9 1503  0.4 2048  1.8
 5  We        624 0318  0.3 0853  1.9 1558  0.4 2136  1.9
 6  Th        624 0403  0.3 0939  1.9 1647  0.3 2220  1.9
 7  Fr        624 0445  0.3 1025  1.9 1730  0.3 2301  1.9
 8  Sa        624 0525  0.3 1110  1.8 1808  0.4 2340  1.9
 9  Su        624 0604  0.4 1154  1.8 1843  0.4 9999  9.9
10  Mo        624 0018  1.9 0644  0.5 1238  1.7 1914  0.5
11  Tu        624 0056  1.8 0726  0.5 1322  1.7 1944  0.5
12  We        624 0136  1.7 0812  0.6 1406  1.6 2017  0.6
13  Th        624 0221  1.6 0901  0.6 1453  1.5 2056  0.6
14  Fr        624 0314  1.6 0952  0.6 1543  1.5 2145  0.7
15  Sa        624 0417  1.5 1044  0.6 1639  1.5 2247  0.7
16  Su        624 0524  1.5 1138  0.6 1742  1.5 9999  9.9
17  Mo        624 0000  0.7 0624  1.6 1235  0.6 1848  1.5
18  Tu        624 0112  0.6 0717  1.6 1337  0.6 1949  1.6
19  We        624 0211  0.6 0805  1.7 1440  0.5 2040  1.7
20  Th        624 0300  0.5 0851  1.7 1538  0.5 2125  1.8
21  Fr        624 0344  0.4 0936  1.8 1629  0.4 2207  1.9
22  Sa        624 0426  0.4 1021  1.8 1713  0.4 2246  1.9
23  Su        624 0508  0.4 1106  1.8 1755  0.3 2326  2.0
24  Mo        624 0551  0.4 1152  1.8 1834  0.3 9999  9.9
25  Tu        624 0006  2.0 0636  0.4 1238  1.8 1913  0.3
26  We        624 0048  2.0 0725  0.4 1324  1.8 1953  0.3
27  Th        624 0133  1.9 0817  0.4 1412  1.8 2036  0.4
28  Fr        624 0224  1.9 0911  0.5 1503  1.7 2126  0.5
29  Sa        624 0321  1.8 1005  0.5 1559  1.7 2226  0.5
30  Su        624 0424  1.7 1102  0.5 1703  1.6 2336  0.6
