396Manu Bay
Based on data from  1-Jul-2021
Local Std Time, tidal heights in metres.
 1  Sa        723 0116  0.9 0716  3.0 1340  0.8 1954  3.1
 2  Su        723 0210  0.8 0810  3.1 1432  0.6 2045  3.3
 3  Mo        723 0302  0.7 0904  3.2 1523  0.5 2135  3.4
 4  Tu        723 0353  0.5 0958  3.3 1613  0.4 2225  3.5
 5  We        723 0444  0.5 1050  3.3 1702  0.4 2316  3.5
 6  Th        723 0534  0.4 1142  3.3 1751  0.4 9999  9.9
 7  Fr        723 0007  3.5 0625  0.4 1234  3.3 1842  0.5
 8  Sa        723 0059  3.4 0717  0.5 1327  3.2 1933  0.6
 9  Su        723 0152  3.3 0809  0.6 1421  3.1 2028  0.8
10  Mo        723 0247  3.2 0904  0.8 1518  3.0 2126  0.9
11  Tu        723 0344  3.0 1001  0.9 1619  2.9 2229  1.0
12  We        723 0444  2.9 1102  0.9 1724  2.8 2335  1.1
13  Th        723 0546  2.9 1205  1.0 1830  2.8 9999  9.9
14  Fr        723 0040  1.1 0647  2.8 1305  1.0 1929  2.9
15  Sa        723 0137  1.0 0744  2.9 1359  0.9 2019  3.0
16  Su        723 0228  1.0 0835  2.9 1446  0.8 2103  3.1
17  Mo        723 0313  0.9 0920  2.9 1528  0.8 2143  3.1
18  Tu        723 0353  0.8 1000  3.0 1606  0.7 2219  3.2
19  We        723 0432  0.8 1037  3.0 1642  0.7 2254  3.2
20  Th        723 0509  0.8 1113  3.0 1717  0.7 2328  3.2
21  Fr        723 0545  0.8 1147  3.0 1753  0.7 9999  9.9
22  Sa        723 0003  3.2 0621  0.8 1223  3.0 1829  0.8
23  Su        723 0039  3.1 0659  0.8 1300  2.9 1907  0.9
24  Mo        723 0118  3.0 0738  0.9 1340  2.9 1949  1.0
25  Tu        723 0200  3.0 0820  1.0 1425  2.8 2037  1.1
26  We        723 0248  2.9 0908  1.0 1517  2.7 2132  1.2
27  Th        723 0342  2.8 1003  1.1 1617  2.7 2235  1.2
28  Fr        723 0442  2.8 1105  1.1 1724  2.8 2344  1.2
29  Sa        723 0547  2.8 1212  1.0 1831  2.9 9999  9.9
30  Su        723 0051  1.0 0652  2.9 1317  0.9 1934  3.1
31  Mo        723 0152  0.8 0755  3.0 1416  0.7 2030  3.3
 1  Tu        823 0248  0.6 0853  3.2 1509  0.5 2122  3.5
 2  We        823 0339  0.4 0947  3.4 1559  0.3 2212  3.6
 3  Th        823 0429  0.3 1037  3.5 1647  0.2 2300  3.7
 4  Fr        823 0517  0.3 1125  3.5 1733  0.3 2347  3.7
 5  Sa        823 0604  0.3 1213  3.5 1820  0.4 9999  9.9
 6  Su        823 0035  3.5 0651  0.4 1301  3.3 1908  0.5
 7  Mo        823 0124  3.4 0739  0.6 1350  3.2 1958  0.7
 8  Tu        823 0215  3.1 0829  0.8 1443  3.0 2053  1.0
 9  We        823 0309  2.9 0923  1.0 1543  2.8 2155  1.1
10  Th        823 0410  2.8 1025  1.1 1652  2.7 2306  1.2
11  Fr        823 0518  2.7 1136  1.2 1808  2.7 9999  9.9
12  Sa        823 0021  1.2 0630  2.7 1247  1.1 1914  2.8
13  Su        823 0124  1.1 0734  2.7 1345  1.0 2006  2.9
14  Mo        823 0215  1.0 0824  2.8 1431  0.9 2048  3.0
15  Tu        823 0257  0.9 0906  2.9 1510  0.8 2124  3.1
16  We        823 0334  0.8 0942  3.0 1546  0.7 2157  3.2
17  Th        823 0409  0.7 1015  3.1 1619  0.6 2228  3.3
18  Fr        823 0442  0.6 1046  3.1 1652  0.6 2259  3.3
19  Sa        823 0515  0.6 1117  3.2 1724  0.6 2330  3.3
20  Su        823 0548  0.6 1149  3.1 1757  0.7 9999  9.9
21  Mo        823 0003  3.2 0622  0.7 1222  3.1 1832  0.8
22  Tu        823 0038  3.1 0658  0.8 1259  3.0 1911  0.9
23  We        823 0118  3.0 0738  0.9 1341  2.9 1957  1.0
24  Th        823 0204  2.9 0824  1.0 1433  2.8 2053  1.2
25  Fr        823 0301  2.7 0922  1.1 1539  2.7 2202  1.2
26  Sa        823 0409  2.7 1032  1.2 1656  2.7 2320  1.2
27  Su        823 0525  2.7 1150  1.1 1813  2.9 9999  9.9
28  Mo        823 0035  1.0 0640  2.8 1302  0.9 1920  3.1
29  Tu        823 0138  0.8 0745  3.1 1402  0.6 2016  3.3
30  We        823 0233  0.6 0841  3.3 1454  0.4 2106  3.6
31  Th        823 0322  0.3 0931  3.5 1541  0.2 2152  3.7
 1  Fr        923 0409  0.2 1018  3.6 1626  0.2 2238  3.8
 2  Sa        923 0453  0.2 1103  3.6 1711  0.2 2322  3.7
 3  Su        923 0538  0.2 1147  3.5 1755  0.3 9999  9.9
 4  Mo        923 0007  3.5 0622  0.4 1231  3.4 1840  0.5
 5  Tu        923 0052  3.3 0706  0.6 1317  3.2 1927  0.8
 6  We        923 0140  3.1 0753  0.8 1406  2.9 2019  1.0
 7  Th        923 0233  2.8 0845  1.1 1505  2.7 2121  1.2
 8  Fr        923 0335  2.6 0948  1.2 1619  2.6 2238  1.3
 9  Sa        923 0452  2.5 1107  1.3 1744  2.6 9999  9.9
10  Su        923 0000  1.3 0614  2.5 1226  1.3 1854  2.7
11  Mo        923 0105  1.2 0718  2.7 1325  1.1 1944  2.9
12  Tu        923 0154  1.0 0805  2.8 1409  1.0 2023  3.0
13  We        923 0233  0.9 0843  3.0 1446  0.8 2057  3.2
14  Th        923 0308  0.7 0916  3.1 1520  0.7 2128  3.3
15  Fr        923 0340  0.6 0947  3.2 1552  0.6 2158  3.3
16  Sa        923 0412  0.6 1017  3.3 1623  0.6 2227  3.3
17  Su        923 0443  0.5 1046  3.3 1655  0.6 2258  3.3
18  Mo        923 0515  0.5 1117  3.3 1727  0.6 2330  3.3
19  Tu        923 0548  0.6 1150  3.2 1803  0.7 9999  9.9
20  We        923 0005  3.1 0624  0.7 1227  3.1 1842  0.9
21  Th        923 0045  3.0 0704  0.9 1310  3.0 1929  1.0
22  Fr        923 0134  2.8 0753  1.0 1404  2.8 2029  1.2
23  Sa        923 0235  2.7 0855  1.1 1516  2.7 2143  1.2
24  Su        923 0351  2.6 1012  1.2 1639  2.7 2305  1.2
25  Mo        923 0514  2.7 1135  1.1 1758  2.9 9999  9.9
26  Tu        923 0020  1.0 0630  2.9 1247  0.9 1903  3.1
27  We        923 0121  0.7 0732  3.1 1345  0.6 1957  3.4
28  Th        923 0213  0.5 0824  3.4 1435  0.4 2045  3.6
29  Fr        923 0300  0.3 0911  3.5 1520  0.2 2130  3.7
30  Sa        923 0345  0.2 0956  3.6 1604  0.2 2213  3.7
 1  Su       1023 0428  0.2 1038  3.6 1647  0.2 2256  3.6
 2  Mo       1023 0510  0.2 1120  3.5 1729  0.4 2338  3.4
 3  Tu       1023 0552  0.4 1202  3.4 1812  0.6 9999  9.9
 4  We       1023 0022  3.2 0634  0.6 1245  3.1 1858  0.8
 5  Th       1023 0107  3.0 0719  0.9 1332  2.9 1949  1.1
 6  Fr       1023 0159  2.7 0809  1.1 1429  2.7 2050  1.3
 7  Sa       1023 0301  2.5 0910  1.3 1542  2.6 2204  1.4
 8  Su       1023 0419  2.4 1028  1.4 1705  2.6 2325  1.3
 9  Mo       1023 0541  2.5 1149  1.3 1816  2.7 9999  9.9
10  Tu       1023 0031  1.2 0646  2.6 1251  1.2 1907  2.8
11  We       1023 0119  1.0 0733  2.8 1336  1.0 1946  3.0
12  Th       1023 0159  0.9 0811  3.0 1414  0.8 2021  3.1
13  Fr       1023 0234  0.7 0844  3.1 1448  0.7 2053  3.2
14  Sa       1023 0307  0.6 0915  3.2 1521  0.6 2124  3.3
15  Su       1023 0340  0.5 0946  3.3 1554  0.6 2156  3.3
16  Mo       1023 0412  0.5 1017  3.3 1628  0.6 2228  3.3
17  Tu       1023 0446  0.5 1050  3.3 1703  0.6 2303  3.2
18  We       1023 0521  0.6 1126  3.3 1741  0.7 2342  3.1
19  Th       1023 0600  0.7 1206  3.2 1825  0.8 9999  9.9
20  Fr       1023 0027  3.0 0644  0.8 1253  3.0 1916  1.0
21  Sa       1023 0120  2.8 0736  1.0 1352  2.9 2019  1.1
22  Su       1023 0226  2.7 0841  1.1 1504  2.8 2132  1.1
23  Mo       1023 0342  2.7 0957  1.1 1624  2.8 2249  1.1
24  Tu       1023 0501  2.7 1117  1.1 1738  3.0 2359  0.9
25  We       1023 0612  2.9 1226  0.9 1840  3.2 9999  9.9
26  Th       1023 0058  0.7 0712  3.1 1323  0.7 1933  3.3
27  Fr       1023 0150  0.5 0803  3.3 1413  0.5 2021  3.5
28  Sa       1023 0237  0.3 0850  3.5 1458  0.4 2106  3.6
29  Su       1023 0321  0.3 0933  3.6 1542  0.3 2149  3.5
30  Mo       1023 0404  0.3 1015  3.6 1625  0.4 2232  3.4
31  Tu       1023 0445  0.4 1056  3.5 1707  0.5 2314  3.3
 1  We       1123 0526  0.5 1137  3.3 1749  0.7 2356  3.1
 2  Th       1123 0607  0.7 1218  3.1 1834  0.9 9999  9.9
 3  Fr       1123 0041  2.9 0650  0.9 1304  2.9 1923  1.1
 4  Sa       1123 0130  2.7 0737  1.1 1356  2.8 2019  1.2
 5  Su       1123 0227  2.5 0833  1.3 1500  2.6 2123  1.3
 6  Mo       1123 0335  2.5 0940  1.4 1611  2.6 2232  1.3
 7  Tu       1123 0446  2.5 1053  1.3 1718  2.7 2336  1.2
 8  We       1123 0552  2.6 1159  1.2 1813  2.8 9999  9.9
 9  Th       1123 0030  1.1 0645  2.7 1251  1.1 1859  2.9
10  Fr       1123 0115  0.9 0729  2.9 1335  0.9 1939  3.0
11  Sa       1123 0155  0.8 0806  3.1 1414  0.8 2015  3.1
12  Su       1123 0232  0.7 0842  3.2 1451  0.7 2051  3.2
13  Mo       1123 0308  0.6 0917  3.3 1527  0.6 2127  3.3
14  Tu       1123 0345  0.5 0952  3.4 1605  0.6 2205  3.3
15  We       1123 0423  0.5 1030  3.4 1645  0.6 2246  3.2
16  Th       1123 0503  0.5 1111  3.3 1729  0.7 2331  3.1
17  Fr       1123 0547  0.6 1156  3.3 1817  0.8 9999  9.9
18  Sa       1123 0020  3.0 0634  0.7 1247  3.2 1911  0.9
19  Su       1123 0116  2.9 0728  0.9 1346  3.0 2011  0.9
20  Mo       1123 0219  2.8 0830  1.0 1452  3.0 2117  1.0
21  Tu       1123 0328  2.8 0939  1.0 1602  3.0 2224  0.9
22  We       1123 0438  2.8 1051  1.0 1710  3.0 2330  0.9
23  Th       1123 0546  2.9 1158  0.9 1811  3.1 9999  9.9
24  Fr       1123 0030  0.7 0647  3.1 1258  0.8 1907  3.2
25  Sa       1123 0125  0.6 0741  3.2 1350  0.6 1957  3.3
26  Su       1123 0214  0.5 0830  3.3 1438  0.6 2045  3.3
27  Mo       1123 0300  0.4 0914  3.4 1524  0.5 2130  3.3
28  Tu       1123 0344  0.5 0957  3.4 1607  0.6 2213  3.2
29  We       1123 0425  0.5 1038  3.3 1650  0.6 2256  3.1
30  Th       1123 0506  0.6 1118  3.3 1732  0.7 2338  3.0
 1  Fr       1223 0546  0.7 1158  3.1 1815  0.9 9999  9.9
 2  Sa       1223 0020  2.9 0626  0.9 1240  3.0 1900  1.0
 3  Su       1223 0104  2.8 0709  1.0 1326  2.9 1947  1.1
 4  Mo       1223 0152  2.7 0756  1.1 1417  2.8 2039  1.2
 5  Tu       1223 0246  2.6 0851  1.2 1513  2.7 2135  1.2
 6  We       1223 0344  2.6 0952  1.3 1611  2.7 2232  1.2
 7  Th       1223 0445  2.6 1055  1.3 1709  2.8 2329  1.1
 8  Fr       1223 0544  2.7 1156  1.2 1802  2.8 9999  9.9
 9  Sa       1223 0023  1.0 0638  2.8 1249  1.1 1851  2.9
10  Su       1223 0112  0.9 0726  2.9 1337  1.0 1937  3.0
11  Mo       1223 0157  0.8 0810  3.1 1422  0.8 2021  3.1
12  Tu       1223 0241  0.7 0852  3.2 1505  0.7 2105  3.2
13  We       1223 0324  0.6 0934  3.3 1549  0.6 2150  3.2
14  Th       1223 0407  0.5 1017  3.4 1634  0.6 2237  3.2
15  Fr       1223 0452  0.5 1102  3.4 1721  0.6 2325  3.2
16  Sa       1223 0538  0.5 1150  3.4 1810  0.6 9999  9.9
17  Su       1223 0016  3.2 0626  0.6 1241  3.3 1902  0.6
18  Mo       1223 0109  3.1 0718  0.7 1335  3.2 1956  0.7
19  Tu       1223 0205  3.0 0813  0.8 1433  3.1 2053  0.8
20  We       1223 0305  2.9 0914  0.9 1534  3.1 2153  0.8
21  Th       1223 0408  2.9 1019  1.0 1637  3.0 2256  0.9
22  Fr       1223 0515  2.9 1127  1.0 1740  3.0 9999  9.9
23  Sa       1223 0000  0.9 0621  3.0 1232  0.9 1841  3.0
24  Su       1223 0100  0.8 0721  3.0 1331  0.9 1938  3.0
25  Mo       1223 0155  0.7 0814  3.1 1423  0.8 2030  3.1
26  Tu       1223 0245  0.7 0902  3.2 1511  0.7 2118  3.1
27  We       1223 0329  0.6 0945  3.3 1555  0.7 2202  3.1
28  Th       1223 0411  0.6 1025  3.3 1637  0.7 2243  3.1
29  Fr       1223 0449  0.7 1103  3.2 1716  0.7 2322  3.0
30  Sa       1223 0527  0.7 1139  3.2 1755  0.8 2359  3.0
31  Su       1223 0603  0.8 1216  3.1 1834  0.8 9999  9.9
 1  Mo        124 0037  2.9 0641  0.9 1254  3.1 1914  0.9
 2  Tu        124 0116  2.8 0721  1.0 1335  3.0 1956  1.0
 3  We        124 0159  2.8 0805  1.1 1420  2.9 2041  1.0
 4  Th        124 0246  2.7 0855  1.2 1510  2.8 2131  1.1
 5  Fr        124 0340  2.7 0953  1.2 1604  2.7 2226  1.1
 6  Sa        124 0440  2.6 1056  1.3 1702  2.7 2325  1.1
 7  Su        124 0543  2.7 1200  1.2 1802  2.7 9999  9.9
 8  Mo        124 0027  1.1 0645  2.8 1301  1.1 1900  2.8
 9  Tu        124 0125  0.9 0741  3.0 1357  0.9 1957  3.0
10  We        124 0218  0.8 0832  3.2 1447  0.8 2049  3.1
11  Th        124 0307  0.6 0919  3.3 1536  0.6 2140  3.2
12  Fr        124 0354  0.5 1006  3.5 1623  0.5 2229  3.3
13  Sa        124 0440  0.4 1052  3.6 1710  0.4 2317  3.4
14  Su        124 0526  0.3 1139  3.6 1757  0.4 9999  9.9
15  Mo        124 0004  3.4 0613  0.4 1227  3.5 1845  0.4
16  Tu        124 0053  3.3 0700  0.5 1316  3.4 1934  0.5
17  We        124 0143  3.2 0751  0.7 1408  3.3 2025  0.7
18  Th        124 0236  3.1 0845  0.8 1503  3.1 2120  0.8
19  Fr        124 0335  2.9 0947  1.0 1602  2.9 2220  1.0
20  Sa        124 0442  2.8 1056  1.1 1708  2.8 2328  1.0
21  Su        124 0555  2.8 1209  1.1 1818  2.8 9999  9.9
22  Mo        124 0039  1.0 0706  2.9 1317  1.1 1926  2.8
23  Tu        124 0142  1.0 0805  3.0 1414  1.0 2023  2.9
24  We        124 0234  0.9 0853  3.1 1502  0.9 2111  3.0
25  Th        124 0318  0.8 0934  3.2 1543  0.8 2152  3.0
26  Fr        124 0356  0.7 1010  3.2 1621  0.7 2229  3.1
27  Sa        124 0432  0.7 1044  3.3 1657  0.7 2303  3.1
28  Su        124 0506  0.6 1116  3.3 1731  0.7 2335  3.1
29  Mo        124 0539  0.7 1148  3.2 1805  0.7 9999  9.9
30  Tu        124 0007  3.1 0612  0.7 1221  3.2 1839  0.7
31  We        124 0040  3.0 0647  0.8 1256  3.1 1915  0.8
 1  Th        224 0116  2.9 0725  0.9 1334  3.0 1954  0.9
 2  Fr        224 0157  2.8 0808  1.1 1418  2.9 2038  1.0
 3  Sa        224 0245  2.7 0900  1.2 1509  2.7 2130  1.1
 4  Su        224 0343  2.7 1003  1.3 1610  2.7 2233  1.2
 5  Mo        224 0453  2.6 1116  1.3 1719  2.6 2346  1.2
 6  Tu        224 0608  2.7 1230  1.2 1831  2.7 9999  9.9
 7  We        224 0057  1.0 0716  2.9 1335  1.0 1938  2.9
 8  Th        224 0159  0.8 0813  3.2 1430  0.8 2036  3.1
 9  Fr        224 0251  0.6 0903  3.4 1520  0.5 2127  3.3
10  Sa        224 0339  0.4 0950  3.6 1607  0.3 2214  3.5
11  Su        224 0424  0.2 1036  3.7 1652  0.2 2300  3.6
12  Mo        224 0509  0.2 1121  3.7 1737  0.2 2345  3.6
13  Tu        224 0553  0.2 1206  3.7 1822  0.3 9999  9.9
14  We        224 0031  3.5 0639  0.4 1252  3.5 1908  0.4
15  Th        224 0117  3.3 0726  0.6 1340  3.3 1955  0.6
16  Fr        224 0207  3.1 0817  0.8 1432  3.0 2047  0.9
17  Sa        224 0303  2.9 0916  1.1 1531  2.8 2146  1.1
18  Su        224 0410  2.7 1027  1.2 1640  2.7 2259  1.2
19  Mo        224 0532  2.7 1149  1.3 1802  2.6 9999  9.9
20  Tu        224 0021  1.2 0653  2.7 1305  1.2 1918  2.7
21  We        224 0129  1.1 0753  2.9 1402  1.1 2014  2.8
22  Th        224 0220  1.0 0838  3.0 1447  0.9 2058  2.9
23  Fr        224 0301  0.8 0915  3.1 1525  0.8 2135  3.0
24  Sa        224 0336  0.7 0948  3.2 1559  0.7 2207  3.1
25  Su        224 0409  0.6 1019  3.3 1631  0.6 2237  3.2
26  Mo        224 0440  0.6 1048  3.3 1702  0.6 2306  3.2
27  Tu        224 0511  0.6 1118  3.3 1734  0.6 2336  3.2
28  We        224 0543  0.6 1148  3.3 1805  0.6 9999  9.9
29  Th        224 0006  3.2 0616  0.7 1220  3.2 1839  0.7
 1  Fr        324 0040  3.1 0651  0.8 1256  3.0 1915  0.8
 2  Sa        324 0117  2.9 0732  1.0 1337  2.9 1956  1.0
 3  Su        324 0203  2.8 0822  1.2 1428  2.7 2048  1.1
 4  Mo        324 0302  2.7 0926  1.3 1532  2.6 2154  1.2
 5  Tu        324 0418  2.6 1044  1.3 1649  2.6 2315  1.2
 6  We        324 0540  2.7 1205  1.2 1810  2.7 9999  9.9
 7  Th        324 0033  1.1 0653  2.9 1313  1.0 1920  2.9
 8  Fr        324 0138  0.8 0751  3.2 1409  0.7 2018  3.2
 9  Sa        324 0230  0.5 0842  3.4 1458  0.4 2107  3.4
10  Su        324 0318  0.3 0928  3.6 1544  0.2 2154  3.6
11  Mo        324 0403  0.2 1013  3.8 1629  0.1 2238  3.7
12  Tu        324 0447  0.1 1057  3.8 1713  0.1 2322  3.7
13  We        324 0531  0.2 1142  3.7 1757  0.2 9999  9.9
14  Th        324 0006  3.5 0615  0.4 1227  3.5 1841  0.4
15  Fr        324 0051  3.3 0702  0.6 1314  3.2 1927  0.7
16  Sa        324 0139  3.1 0752  0.9 1405  2.9 2017  0.9
17  Su        324 0234  2.9 0851  1.1 1504  2.7 2115  1.2
18  Mo        324 0342  2.7 1002  1.3 1617  2.5 2230  1.3
19  Tu        324 0507  2.6 1127  1.3 1743  2.5 2356  1.3
20  We        324 0629  2.7 1243  1.2 1859  2.6 9999  9.9
21  Th        324 0106  1.2 0726  2.8 1337  1.1 1952  2.8
22  Fr        324 0155  1.0 0809  3.0 1419  0.9 2032  2.9
23  Sa        324 0234  0.9 0845  3.1 1455  0.8 2106  3.0
24  Su        324 0308  0.7 0917  3.2 1528  0.7 2137  3.2
25  Mo        324 0340  0.6 0947  3.3 1600  0.6 2206  3.2
26  Tu        324 0412  0.6 1016  3.3 1631  0.5 2236  3.3
27  We        324 0443  0.6 1046  3.3 1702  0.6 2305  3.3
28  Th        324 0515  0.6 1117  3.2 1734  0.6 2337  3.2
29  Fr        324 0549  0.7 1150  3.1 1808  0.7 9999  9.9
30  Sa        324 0011  3.1 0626  0.8 1227  3.0 1845  0.8
31  Su        324 0050  3.0 0709  1.0 1311  2.9 1929  1.0
 1  Mo        424 0138  2.9 0802  1.1 1405  2.7 2023  1.1
 2  Tu        424 0240  2.8 0908  1.2 1514  2.6 2132  1.2
 3  We        424 0357  2.7 1024  1.2 1632  2.6 2252  1.2
 4  Th        424 0516  2.8 1141  1.1 1750  2.8 9999  9.9
 5  Fr        424 0009  1.0 0626  3.0 1247  0.9 1857  3.0
 6  Sa        424 0112  0.8 0724  3.2 1342  0.6 1953  3.2
 7  Su        424 0206  0.5 0815  3.5 1432  0.4 2043  3.5
 8  Mo        424 0254  0.3 0902  3.6 1519  0.2 2130  3.6
 9  Tu        424 0339  0.2 0948  3.7 1604  0.1 2214  3.7
10  We        424 0424  0.2 1033  3.7 1648  0.2 2258  3.6
11  Th        424 0508  0.3 1118  3.5 1732  0.3 2342  3.5
12  Fr        424 0554  0.5 1203  3.3 1816  0.5 9999  9.9
13  Sa        424 0027  3.3 0641  0.7 1251  3.1 1901  0.7
14  Su        424 0116  3.1 0731  0.9 1342  2.8 1951  1.0
15  Mo        424 0210  2.8 0829  1.1 1441  2.6 2048  1.2
16  Tu        424 0316  2.7 0937  1.3 1551  2.5 2157  1.3
17  We        424 0432  2.6 1052  1.3 1708  2.5 2316  1.3
18  Th        424 0545  2.7 1201  1.2 1819  2.6 9999  9.9
19  Fr        424 0024  1.2 0642  2.8 1256  1.1 1912  2.7
20  Sa        424 0115  1.1 0726  2.9 1339  0.9 1953  2.9
21  Su        424 0156  0.9 0804  3.0 1417  0.8 2029  3.0
22  Mo        424 0233  0.8 0838  3.1 1452  0.7 2102  3.1
23  Tu        424 0308  0.7 0911  3.2 1526  0.6 2134  3.2
24  We        424 0341  0.7 0943  3.2 1559  0.6 2205  3.3
25  Th        424 0415  0.6 1016  3.2 1633  0.6 2238  3.3
26  Fr        424 0451  0.7 1051  3.2 1708  0.6 2313  3.2
27  Sa        424 0528  0.7 1129  3.1 1745  0.7 2351  3.2
28  Su        424 0610  0.8 1211  3.0 1827  0.8 9999  9.9
29  Mo        424 0035  3.1 0658  0.9 1300  2.9 1915  0.9
30  Tu        424 0128  3.0 0753  1.0 1358  2.8 2011  1.0
 1  We        524 0231  2.9 0857  1.1 1504  2.7 2118  1.1
 2  Th        524 0341  2.9 1006  1.1 1616  2.7 2230  1.1
 3  Fr        524 0452  2.9 1114  1.0 1726  2.9 2341  1.0
 4  Sa        524 0556  3.1 1216  0.8 1830  3.0 9999  9.9
 5  Su        524 0043  0.8 0653  3.2 1313  0.6 1926  3.2
 6  Mo        524 0138  0.6 0746  3.4 1404  0.4 2018  3.4
 7  Tu        524 0229  0.4 0835  3.5 1453  0.3 2106  3.5
 8  We        524 0316  0.4 0923  3.5 1540  0.3 2152  3.6
 9  Th        524 0403  0.4 1010  3.5 1625  0.3 2237  3.5
10  Fr        524 0449  0.5 1057  3.3 1710  0.4 2322  3.4
11  Sa        524 0535  0.6 1144  3.2 1754  0.6 9999  9.9
12  Su        524 0008  3.2 0623  0.8 1232  3.0 1839  0.8
13  Mo        524 0055  3.0 0713  1.0 1322  2.8 1927  1.0
14  Tu        524 0147  2.9 0807  1.1 1416  2.7 2019  1.2
15  We        524 0244  2.8 0904  1.2 1515  2.6 2118  1.3
16  Th        524 0346  2.7 1005  1.2 1618  2.5 2223  1.3
17  Fr        524 0447  2.7 1106  1.2 1721  2.6 2327  1.2
18  Sa        524 0543  2.8 1201  1.1 1817  2.7 9999  9.9
19  Su        524 0024  1.1 0632  2.9 1250  1.0 1905  2.8
20  Mo        524 0112  1.0 0716  2.9 1333  0.9 1947  3.0
21  Tu        524 0154  0.9 0756  3.0 1414  0.8 2025  3.1
22  We        524 0234  0.8 0834  3.1 1452  0.7 2102  3.2
23  Th        524 0313  0.8 0912  3.1 1530  0.6 2139  3.2
24  Fr        524 0352  0.7 0951  3.1 1609  0.6 2217  3.3
25  Sa        524 0432  0.7 1032  3.1 1649  0.6 2257  3.3
26  Su        524 0515  0.7 1116  3.1 1731  0.7 2340  3.2
27  Mo        524 0601  0.8 1203  3.0 1816  0.7 9999  9.9
28  Tu        524 0028  3.2 0651  0.8 1255  3.0 1906  0.8
29  We        524 0121  3.1 0745  0.9 1351  2.9 2001  0.9
30  Th        524 0220  3.0 0843  0.9 1451  2.9 2101  1.0
31  Fr        524 0322  3.0 0943  0.9 1554  2.9 2206  1.0
 1  Sa        624 0424  3.0 1044  0.8 1658  2.9 2311  0.9
 2  Su        624 0525  3.1 1145  0.8 1801  3.0 9999  9.9
 3  Mo        624 0015  0.8 0624  3.2 1244  0.7 1901  3.2
 4  Tu        624 0113  0.7 0719  3.2 1339  0.6 1955  3.3
 5  We        624 0207  0.6 0813  3.3 1431  0.5 2047  3.4
 6  Th        624 0258  0.6 0904  3.3 1520  0.5 2135  3.4
 7  Fr        624 0347  0.6 0954  3.2 1607  0.5 2221  3.4
 8  Sa        624 0434  0.6 1042  3.2 1652  0.6 2306  3.3
 9  Su        624 0520  0.7 1128  3.1 1735  0.7 2350  3.2
10  Mo        624 0606  0.8 1213  3.0 1818  0.8 9999  9.9
11  Tu        624 0034  3.1 0651  0.9 1258  2.8 1901  0.9
12  We        624 0119  3.0 0737  1.0 1344  2.8 1946  1.1
13  Th        624 0206  2.9 0825  1.1 1432  2.7 2035  1.1
14  Fr        624 0256  2.8 0915  1.1 1524  2.6 2129  1.2
15  Sa        624 0348  2.8 1007  1.1 1619  2.6 2228  1.2
16  Su        624 0442  2.8 1101  1.1 1716  2.7 2327  1.2
17  Mo        624 0534  2.8 1155  1.1 1812  2.7 9999  9.9
18  Tu        624 0023  1.1 0625  2.8 1247  1.0 1903  2.9
19  We        624 0115  1.1 0714  2.9 1336  0.9 1951  3.0
20  Th        624 0203  1.0 0801  2.9 1422  0.8 2035  3.1
21  Fr        624 0248  0.9 0847  3.0 1507  0.7 2118  3.2
22  Sa        624 0333  0.8 0933  3.1 1550  0.6 2200  3.3
23  Su        624 0417  0.7 1019  3.1 1634  0.6 2244  3.4
24  Mo        624 0503  0.6 1106  3.2 1718  0.5 2330  3.4
25  Tu        624 0550  0.6 1155  3.2 1804  0.6 9999  9.9
26  We        624 0018  3.4 0638  0.6 1244  3.1 1853  0.6
27  Th        624 0108  3.3 0729  0.7 1336  3.1 1944  0.7
28  Fr        624 0201  3.2 0821  0.7 1430  3.0 2039  0.8
29  Sa        624 0257  3.1 0916  0.8 1528  3.0 2139  0.9
30  Su        624 0355  3.1 1014  0.8 1630  2.9 2243  1.0
