077Nelson
Based on data from  1-Jul-2010
Local Std Time, tidal heights in metres.
 1  Sa        122 0147  0.9 0817  3.9 1418  0.8 2033  3.9
 2  Su        122 0247  0.7 0911  4.2 1510  0.6 2128  4.0
 3  Mo        122 0342  0.6 1001  4.3 1600  0.5 2222  4.1
 4  Tu        122 0434  0.5 1048  4.4 1648  0.5 2313  4.1
 5  We        122 0521  0.5 1132  4.4 1735  0.6 9999  9.9
 6  Th        122 0003  4.0 0606  0.5 1216  4.3 1823  0.7
 7  Fr        122 0050  3.9 0650  0.7 1301  4.1 1911  0.9
 8  Sa        122 0137  3.8 0733  0.9 1346  3.9 1959  1.0
 9  Su        122 0223  3.6 0819  1.1 1435  3.7 2050  1.2
10  Mo        122 0311  3.4 0911  1.3 1528  3.5 2143  1.3
11  Tu        122 0405  3.3 1014  1.5 1626  3.4 2240  1.4
12  We        122 0508  3.2 1125  1.5 1727  3.3 2340  1.5
13  Th        122 0621  3.2 1232  1.5 1826  3.3 9999  9.9
14  Fr        122 0043  1.5 0729  3.3 1328  1.4 1922  3.4
15  Sa        122 0142  1.4 0823  3.5 1415  1.3 2013  3.4
16  Su        122 0234  1.3 0906  3.6 1456  1.1 2100  3.5
17  Mo        122 0318  1.1 0944  3.8 1534  1.0 2143  3.6
18  Tu        122 0357  1.0 1019  3.9 1610  0.9 2224  3.7
19  We        122 0432  0.9 1053  4.0 1645  0.8 2304  3.8
20  Th        122 0505  0.8 1126  4.1 1721  0.8 2342  3.9
21  Fr        122 0538  0.8 1159  4.1 1758  0.8 9999  9.9
22  Sa        122 0019  3.9 0612  0.8 1234  4.0 1836  0.8
23  Su        122 0057  3.8 0647  0.8 1311  3.9 1918  0.9
24  Mo        122 0136  3.8 0727  0.9 1354  3.8 2003  0.9
25  Tu        122 0219  3.7 0812  1.1 1444  3.7 2054  1.1
26  We        122 0309  3.6 0909  1.2 1543  3.6 2153  1.2
27  Th        122 0410  3.4 1023  1.4 1651  3.5 2301  1.2
28  Fr        122 0528  3.4 1148  1.3 1804  3.5 9999  9.9
29  Sa        122 0018  1.2 0652  3.5 1305  1.2 1916  3.6
30  Su        122 0134  1.1 0804  3.7 1408  1.0 2022  3.7
31  Mo        122 0240  0.9 0902  4.0 1502  0.8 2122  3.9
 1  Tu        222 0336  0.7 0951  4.3 1551  0.6 2216  4.0
 2  We        222 0424  0.5 1036  4.4 1637  0.5 2304  4.1
 3  Th        222 0507  0.5 1117  4.4 1721  0.5 2348  4.1
 4  Fr        222 0547  0.5 1157  4.4 1802  0.6 9999  9.9
 5  Sa        222 0028  4.1 0625  0.6 1237  4.2 1842  0.8
 6  Su        222 0107  3.9 0702  0.8 1316  4.0 1921  0.9
 7  Mo        222 0145  3.8 0739  1.0 1357  3.8 2000  1.1
 8  Tu        222 0224  3.5 0821  1.2 1442  3.6 2043  1.3
 9  We        222 0308  3.3 0914  1.5 1532  3.3 2131  1.5
10  Th        222 0403  3.1 1026  1.6 1631  3.2 2232  1.6
11  Fr        222 0521  3.0 1149  1.7 1737  3.1 2350  1.7
12  Sa        222 0653  3.1 1258  1.6 1845  3.1 9999  9.9
13  Su        222 0112  1.6 0800  3.3 1351  1.4 1948  3.3
14  Mo        222 0214  1.4 0847  3.5 1435  1.2 2042  3.4
15  Tu        222 0301  1.2 0925  3.7 1514  1.0 2127  3.6
16  We        222 0339  1.0 0959  3.9 1550  0.8 2208  3.8
17  Th        222 0412  0.8 1032  4.1 1625  0.7 2246  3.9
18  Fr        222 0445  0.7 1105  4.2 1700  0.6 2322  4.0
19  Sa        222 0517  0.6 1138  4.2 1736  0.6 2358  4.1
20  Su        222 0550  0.6 1213  4.2 1814  0.6 9999  9.9
21  Mo        222 0034  4.1 0624  0.6 1250  4.1 1854  0.7
22  Tu        222 0112  4.0 0703  0.8 1331  3.9 1937  0.8
23  We        222 0152  3.8 0747  1.0 1419  3.7 2025  1.0
24  Th        222 0240  3.6 0842  1.2 1517  3.5 2123  1.2
25  Fr        222 0340  3.4 0959  1.4 1627  3.4 2236  1.4
26  Sa        222 0504  3.3 1136  1.5 1747  3.3 9999  9.9
27  Su        222 0005  1.4 0640  3.4 1257  1.3 1908  3.4
28  Mo        222 0128  1.2 0756  3.7 1400  1.1 2018  3.6
 1  Tu        322 0233  1.0 0851  4.0 1452  0.8 2116  3.8
 2  We        322 0324  0.7 0937  4.2 1538  0.7 2204  4.0
 3  Th        322 0408  0.6 1018  4.4 1620  0.6 2247  4.1
 4  Fr        322 0447  0.5 1056  4.4 1659  0.5 2325  4.2
 5  Sa        322 0522  0.5 1133  4.3 1735  0.6 9999  9.9
 6  Su        322 0001  4.1 0556  0.6 1208  4.2 1810  0.7
 7  Mo        322 0035  4.0 0628  0.7 1244  4.0 1843  0.9
 8  Tu        322 0108  3.8 0701  0.9 1321  3.8 1918  1.0
 9  We        322 0142  3.6 0738  1.2 1401  3.5 1955  1.2
10  Th        322 0220  3.4 0824  1.5 1447  3.3 2039  1.5
11  Fr        322 0307  3.2 0931  1.7 1544  3.1 2135  1.6
12  Sa        322 0419  3.0 1105  1.8 1653  3.0 2256  1.8
13  Su        322 0607  3.0 1224  1.7 1809  3.0 9999  9.9
14  Mo        322 0033  1.7 0728  3.2 1321  1.5 1920  3.2
15  Tu        322 0144  1.5 0818  3.4 1406  1.2 2017  3.4
16  We        322 0232  1.3 0856  3.7 1446  1.0 2103  3.6
17  Th        322 0310  1.0 0930  3.9 1522  0.8 2143  3.9
18  Fr        322 0344  0.8 1004  4.1 1559  0.6 2221  4.1
19  Sa        322 0417  0.6 1038  4.3 1635  0.5 2257  4.2
20  Su        322 0451  0.5 1113  4.3 1713  0.4 2334  4.3
21  Mo        322 0526  0.5 1150  4.3 1751  0.5 9999  9.9
22  Tu        322 0011  4.2 0603  0.5 1229  4.1 1833  0.6
23  We        322 0050  4.1 0643  0.7 1313  3.9 1917  0.8
24  Th        322 0132  3.9 0729  1.0 1403  3.7 2007  1.0
25  Fr        322 0221  3.7 0829  1.3 1504  3.4 2108  1.3
26  Sa        322 0325  3.4 0955  1.5 1618  3.3 2227  1.5
27  Su        322 0453  3.3 1133  1.5 1742  3.2 2359  1.4
28  Mo        322 0630  3.4 1248  1.3 1903  3.4 9999  9.9
29  Tu        322 0118  1.3 0741  3.6 1346  1.1 2008  3.6
30  We        322 0217  1.0 0832  3.9 1434  0.9 2100  3.8
31  Th        322 0304  0.8 0915  4.1 1517  0.7 2144  4.0
 1  Fr        422 0344  0.6 0953  4.2 1556  0.6 2223  4.1
 2  Sa        422 0420  0.5 1029  4.3 1632  0.6 2258  4.2
 3  Su        422 0453  0.5 1103  4.2 1705  0.7 2331  4.1
 4  Mo        422 0524  0.6 1137  4.1 1737  0.8 9999  9.9
 5  Tu        422 0003  4.0 0555  0.8 1212  3.9 1809  0.9
 6  We        422 0035  3.9 0627  1.0 1248  3.7 1843  1.0
 7  Th        422 0108  3.7 0703  1.2 1327  3.5 1920  1.2
 8  Fr        422 0143  3.5 0748  1.4 1413  3.3 2003  1.4
 9  Sa        422 0227  3.2 0851  1.6 1509  3.1 2058  1.6
10  Su        422 0332  3.0 1020  1.7 1617  3.0 2212  1.7
11  Mo        422 0510  3.0 1140  1.6 1731  3.0 2343  1.7
12  Tu        422 0637  3.2 1239  1.4 1841  3.2 9999  9.9
13  We        422 0057  1.5 0732  3.4 1326  1.2 1940  3.4
14  Th        422 0150  1.3 0814  3.7 1408  1.0 2028  3.7
15  Fr        422 0232  1.0 0852  3.9 1448  0.7 2111  4.0
16  Sa        422 0310  0.7 0929  4.1 1527  0.6 2152  4.2
17  Su        422 0347  0.5 1007  4.3 1608  0.4 2231  4.3
18  Mo        422 0425  0.4 1046  4.3 1649  0.4 2311  4.4
19  Tu        422 0503  0.4 1128  4.2 1732  0.5 2351  4.3
20  We        422 0544  0.5 1212  4.1 1817  0.6 9999  9.9
21  Th        422 0033  4.2 0629  0.8 1301  3.9 1905  0.8
22  Fr        422 0119  4.0 0721  1.0 1356  3.6 1959  1.1
23  Sa        422 0212  3.7 0829  1.3 1500  3.4 2103  1.3
24  Su        422 0318  3.5 0957  1.4 1614  3.3 2221  1.4
25  Mo        422 0444  3.4 1121  1.4 1733  3.3 2344  1.4
26  Tu        422 0609  3.5 1228  1.2 1846  3.4 9999  9.9
27  We        422 0055  1.3 0714  3.6 1322  1.1 1946  3.6
28  Th        422 0151  1.1 0803  3.8 1408  0.9 2035  3.8
29  Fr        422 0236  0.9 0845  4.0 1449  0.8 2117  3.9
30  Sa        422 0315  0.7 0922  4.1 1527  0.8 2155  4.0
 1  Su        522 0351  0.7 0958  4.1 1602  0.7 2230  4.1
 2  Mo        522 0423  0.7 1033  4.0 1636  0.8 2303  4.1
 3  Tu        522 0455  0.7 1107  3.9 1709  0.8 2335  4.0
 4  We        522 0526  0.9 1143  3.8 1742  0.9 9999  9.9
 5  Th        522 0008  3.9 0600  1.0 1221  3.6 1817  1.1
 6  Fr        522 0041  3.7 0638  1.2 1302  3.5 1856  1.2
 7  Sa        522 0118  3.5 0724  1.4 1349  3.3 1939  1.4
 8  Su        522 0202  3.3 0823  1.5 1442  3.2 2031  1.5
 9  Mo        522 0259  3.2 0936  1.6 1543  3.1 2135  1.6
10  Tu        522 0416  3.1 1047  1.5 1648  3.2 2250  1.6
11  We        522 0534  3.2 1147  1.4 1754  3.3 9999  9.9
12  Th        522 0002  1.5 0636  3.4 1238  1.2 1854  3.5
13  Fr        522 0101  1.2 0726  3.7 1325  0.9 1948  3.7
14  Sa        522 0151  1.0 0810  3.9 1411  0.8 2037  4.0
15  Su        522 0236  0.7 0854  4.1 1456  0.6 2122  4.2
16  Mo        522 0319  0.6 0937  4.2 1542  0.5 2207  4.3
17  Tu        522 0401  0.5 1022  4.2 1629  0.5 2251  4.4
18  We        522 0445  0.5 1110  4.1 1717  0.5 2335  4.3
19  Th        522 0531  0.6 1200  4.0 1807  0.6 9999  9.9
20  Fr        522 0021  4.2 0621  0.8 1254  3.8 1858  0.8
21  Sa        522 0110  4.0 0719  1.0 1351  3.6 1953  1.0
22  Su        522 0204  3.8 0827  1.2 1454  3.5 2055  1.2
23  Mo        522 0308  3.6 0943  1.3 1559  3.4 2204  1.3
24  Tu        522 0421  3.5 1054  1.3 1708  3.4 2316  1.3
25  We        522 0534  3.5 1154  1.2 1814  3.4 9999  9.9
26  Th        522 0022  1.3 0635  3.6 1247  1.1 1913  3.6
27  Fr        522 0118  1.1 0725  3.7 1334  1.1 2004  3.7
28  Sa        522 0205  1.0 0809  3.8 1417  1.0 2048  3.8
29  Su        522 0245  0.9 0849  3.8 1457  0.9 2128  3.9
30  Mo        522 0322  0.9 0927  3.8 1535  0.9 2204  4.0
31  Tu        522 0356  0.8 1004  3.8 1611  0.9 2239  4.0
 1  We        622 0430  0.9 1042  3.8 1647  0.9 2313  3.9
 2  Th        622 0504  0.9 1120  3.7 1722  1.0 2347  3.9
 3  Fr        622 0540  1.0 1201  3.6 1759  1.1 9999  9.9
 4  Sa        622 0022  3.8 0620  1.1 1243  3.5 1837  1.1
 5  Su        622 0059  3.6 0704  1.2 1328  3.4 1918  1.2
 6  Mo        622 0141  3.5 0756  1.3 1416  3.3 2004  1.3
 7  Tu        622 0230  3.4 0853  1.4 1507  3.3 2058  1.4
 8  We        622 0330  3.4 0953  1.3 1603  3.3 2200  1.5
 9  Th        622 0436  3.4 1051  1.3 1704  3.4 2309  1.4
10  Fr        622 0539  3.5 1147  1.1 1807  3.5 9999  9.9
11  Sa        622 0015  1.2 0637  3.6 1241  1.0 1908  3.7
12  Su        622 0113  1.0 0730  3.8 1335  0.8 2005  3.9
13  Mo        622 0206  0.8 0821  3.9 1429  0.7 2058  4.1
14  Tu        622 0256  0.6 0912  4.0 1523  0.6 2147  4.3
15  We        622 0344  0.5 1004  4.1 1616  0.5 2235  4.4
16  Th        622 0432  0.5 1057  4.1 1707  0.5 2322  4.4
17  Fr        622 0522  0.6 1151  4.0 1758  0.6 9999  9.9
18  Sa        622 0009  4.3 0614  0.7 1245  3.9 1848  0.7
19  Su        622 0058  4.1 0710  0.9 1340  3.8 1939  0.9
20  Mo        622 0150  3.9 0809  1.0 1434  3.6 2033  1.1
21  Tu        622 0246  3.7 0911  1.1 1530  3.5 2132  1.2
22  We        622 0347  3.6 1012  1.2 1629  3.4 2237  1.3
23  Th        622 0449  3.5 1109  1.3 1731  3.4 2343  1.3
24  Fr        622 0549  3.5 1203  1.3 1834  3.4 9999  9.9
25  Sa        622 0042  1.3 0642  3.5 1255  1.2 1931  3.5
26  Su        622 0133  1.2 0731  3.5 1345  1.2 2021  3.6
27  Mo        622 0218  1.1 0817  3.6 1431  1.2 2105  3.7
28  Tu        622 0258  1.0 0900  3.6 1514  1.1 2144  3.8
29  We        622 0335  1.0 0942  3.6 1554  1.0 2220  3.9
30  Th        622 0411  0.9 1023  3.7 1631  1.0 2255  3.9
 1  Fr        722 0447  0.9 1104  3.7 1707  1.0 2329  3.9
 2  Sa        722 0523  1.0 1144  3.6 1742  1.0 9999  9.9
 3  Su        722 0003  3.9 0601  1.0 1224  3.6 1817  1.0
 4  Mo        722 0039  3.8 0642  1.0 1305  3.6 1854  1.1
 5  Tu        722 0117  3.7 0726  1.1 1346  3.6 1935  1.1
 6  We        722 0200  3.6 0813  1.1 1430  3.5 2021  1.2
 7  Th        722 0250  3.6 0905  1.2 1519  3.5 2116  1.3
 8  Fr        722 0348  3.5 1000  1.2 1616  3.4 2222  1.3
 9  Sa        722 0451  3.5 1100  1.2 1722  3.5 2336  1.3
10  Su        722 0555  3.6 1203  1.1 1833  3.6 9999  9.9
11  Mo        722 0045  1.1 0657  3.7 1308  1.0 1941  3.8
12  Tu        722 0146  0.9 0758  3.8 1412  0.9 2040  4.0
13  We        722 0241  0.7 0857  3.9 1511  0.7 2133  4.2
14  Th        722 0332  0.6 0954  4.0 1606  0.6 2222  4.4
15  Fr        722 0422  0.5 1048  4.1 1657  0.5 2309  4.4
16  Sa        722 0511  0.5 1140  4.1 1744  0.5 2355  4.4
17  Su        722 0600  0.6 1230  4.0 1829  0.6 9999  9.9
18  Mo        722 0040  4.3 0649  0.7 1317  3.9 1914  0.8
19  Tu        722 0126  4.1 0738  0.9 1403  3.8 2000  1.0
20  We        722 0215  3.9 0828  1.1 1450  3.6 2051  1.2
21  Th        722 0306  3.6 0919  1.2 1541  3.4 2150  1.4
22  Fr        722 0402  3.5 1013  1.3 1640  3.3 2258  1.5
23  Sa        722 0500  3.4 1111  1.4 1748  3.2 9999  9.9
24  Su        722 0006  1.5 0559  3.3 1213  1.5 1859  3.3
25  Mo        722 0105  1.4 0656  3.3 1316  1.4 1959  3.4
26  Tu        722 0155  1.3 0750  3.4 1412  1.3 2047  3.6
27  We        722 0238  1.1 0840  3.5 1459  1.2 2127  3.8
28  Th        722 0317  1.0 0926  3.6 1540  1.1 2203  3.9
29  Fr        722 0353  0.9 1008  3.7 1616  1.0 2236  4.0
30  Sa        722 0429  0.8 1048  3.8 1649  0.9 2309  4.0
31  Su        722 0504  0.8 1125  3.8 1721  0.8 2342  4.0
 1  Mo        822 0539  0.8 1202  3.8 1753  0.8 9999  9.9
 2  Tu        822 0015  4.0 0616  0.8 1238  3.8 1827  0.8
 3  We        822 0051  3.9 0655  0.9 1315  3.8 1904  0.9
 4  Th        822 0130  3.8 0737  0.9 1355  3.7 1946  1.1
 5  Fr        822 0215  3.7 0824  1.0 1440  3.6 2037  1.2
 6  Sa        822 0310  3.5 0918  1.1 1535  3.5 2144  1.4
 7  Su        822 0414  3.4 1022  1.2 1645  3.4 2308  1.4
 8  Mo        822 0525  3.4 1135  1.3 1809  3.5 9999  9.9
 9  Tu        822 0029  1.3 0638  3.5 1254  1.2 1927  3.7
10  We        822 0135  1.0 0747  3.6 1404  1.0 2030  3.9
11  Th        822 0232  0.8 0850  3.8 1504  0.7 2122  4.2
12  Fr        822 0322  0.6 0946  4.0 1555  0.5 2209  4.4
13  Sa        822 0410  0.5 1037  4.1 1641  0.4 2252  4.5
14  Su        822 0455  0.4 1123  4.2 1723  0.4 2334  4.5
15  Mo        822 0538  0.5 1206  4.2 1803  0.5 9999  9.9
16  Tu        822 0015  4.3 0620  0.6 1247  4.1 1842  0.7
17  We        822 0056  4.1 0701  0.8 1326  3.9 1921  0.9
18  Th        822 0138  3.9 0742  1.0 1407  3.7 2004  1.2
19  Fr        822 0223  3.6 0825  1.2 1450  3.4 2057  1.4
20  Sa        822 0314  3.4 0913  1.4 1544  3.2 2209  1.6
21  Su        822 0412  3.2 1013  1.6 1657  3.1 2332  1.6
22  Mo        822 0518  3.1 1130  1.6 1828  3.1 9999  9.9
23  Tu        822 0040  1.5 0626  3.1 1250  1.6 1939  3.3
24  We        822 0134  1.4 0730  3.2 1354  1.4 2028  3.5
25  Th        822 0218  1.2 0824  3.4 1442  1.2 2107  3.7
26  Fr        822 0257  1.0 0910  3.6 1520  1.1 2141  3.9
27  Sa        822 0332  0.8 0950  3.8 1554  0.9 2213  4.1
28  Su        822 0406  0.7 1027  3.9 1625  0.7 2244  4.2
29  Mo        822 0440  0.6 1102  4.0 1655  0.6 2316  4.2
30  Tu        822 0514  0.6 1136  4.1 1727  0.6 2349  4.2
31  We        822 0549  0.6 1211  4.1 1800  0.7 9999  9.9
 1  Th        922 0024  4.1 0627  0.7 1247  4.0 1836  0.8
 2  Fr        922 0102  3.9 0708  0.8 1325  3.9 1917  1.0
 3  Sa        922 0147  3.7 0753  1.0 1409  3.7 2008  1.2
 4  Su        922 0242  3.5 0848  1.2 1505  3.5 2119  1.4
 5  Mo        922 0351  3.3 0957  1.3 1622  3.3 2257  1.5
 6  Tu        922 0510  3.3 1123  1.4 1758  3.4 9999  9.9
 7  We        922 0024  1.3 0632  3.4 1250  1.3 1920  3.6
 8  Th        922 0129  1.1 0744  3.6 1359  1.0 2020  3.9
 9  Fr        922 0222  0.8 0844  3.8 1453  0.7 2108  4.2
10  Sa        922 0309  0.6 0935  4.1 1539  0.5 2151  4.4
11  Su        922 0353  0.4 1020  4.2 1620  0.4 2230  4.5
12  Mo        922 0433  0.4 1100  4.3 1658  0.4 2309  4.5
13  Tu        922 0512  0.5 1138  4.3 1733  0.5 2346  4.3
14  We        922 0548  0.6 1214  4.1 1808  0.6 9999  9.9
15  Th        922 0023  4.1 0624  0.8 1249  3.9 1843  0.9
16  Fr        922 0101  3.8 0659  1.0 1325  3.7 1920  1.2
17  Sa        922 0142  3.6 0738  1.2 1404  3.5 2007  1.4
18  Su        922 0230  3.3 0822  1.4 1452  3.2 2117  1.7
19  Mo        922 0329  3.1 0920  1.6 1604  3.0 2254  1.7
20  Tu        922 0439  3.0 1043  1.8 1749  3.0 9999  9.9
21  We        922 0011  1.6 0556  3.0 1219  1.7 1911  3.2
22  Th        922 0107  1.4 0706  3.2 1327  1.5 2000  3.5
23  Fr        922 0151  1.2 0801  3.4 1414  1.3 2038  3.7
24  Sa        922 0229  1.0 0845  3.6 1452  1.0 2111  3.9
25  Su        922 0304  0.8 0924  3.9 1525  0.8 2143  4.1
26  Mo        922 0338  0.6 1000  4.1 1556  0.6 2215  4.2
27  Tu        922 0413  0.5 1035  4.2 1628  0.5 2248  4.3
28  We        922 0448  0.5 1111  4.3 1701  0.5 2323  4.2
29  Th        922 0525  0.5 1146  4.2 1736  0.6 9999  9.9
30  Fr        922 0000  4.1 0604  0.6 1223  4.1 1814  0.7
 1  Sa       1022 0041  3.9 0646  0.8 1304  4.0 1857  1.0
 2  Su       1022 0129  3.7 0734  1.0 1350  3.7 1952  1.2
 3  Mo       1022 0228  3.4 0832  1.2 1449  3.5 2112  1.5
 4  Tu       1022 0342  3.3 0947  1.4 1612  3.3 2255  1.5
 5  We       1022 0506  3.2 1119  1.4 1750  3.4 9999  9.9
 6  Th       1022 0016  1.3 0628  3.4 1242  1.3 1907  3.7
 7  Fr       1022 0117  1.0 0737  3.6 1345  1.0 2002  3.9
 8  Sa       1022 0206  0.8 0831  3.9 1435  0.7 2047  4.2
 9  Su       1022 0250  0.6 0917  4.1 1517  0.5 2127  4.3
10  Mo       1022 0331  0.5 0958  4.2 1555  0.4 2205  4.4
11  Tu       1022 0408  0.5 1035  4.3 1631  0.4 2241  4.3
12  We       1022 0444  0.5 1110  4.3 1704  0.5 2316  4.2
13  Th       1022 0518  0.6 1144  4.1 1736  0.7 2351  4.0
14  Fr       1022 0551  0.8 1217  4.0 1809  0.9 9999  9.9
15  Sa       1022 0028  3.8 0626  1.0 1251  3.8 1846  1.1
16  Su       1022 0108  3.5 0703  1.2 1328  3.5 1930  1.4
17  Mo       1022 0155  3.3 0746  1.4 1412  3.3 2034  1.6
18  Tu       1022 0252  3.1 0841  1.6 1517  3.1 2206  1.7
19  We       1022 0402  3.0 0956  1.7 1654  3.0 2328  1.6
20  Th       1022 0518  3.0 1129  1.7 1821  3.2 9999  9.9
21  Fr       1022 0027  1.4 0628  3.2 1243  1.5 1916  3.4
22  Sa       1022 0113  1.2 0725  3.4 1334  1.3 1957  3.7
23  Su       1022 0153  1.0 0812  3.7 1415  1.0 2034  3.9
24  Mo       1022 0231  0.8 0853  3.9 1451  0.8 2109  4.1
25  Tu       1022 0308  0.6 0932  4.1 1527  0.6 2144  4.2
26  We       1022 0346  0.5 1009  4.3 1602  0.5 2221  4.3
27  Th       1022 0425  0.4 1047  4.3 1639  0.5 2300  4.2
28  Fr       1022 0505  0.5 1126  4.3 1717  0.5 2342  4.1
29  Sa       1022 0548  0.6 1207  4.2 1800  0.7 9999  9.9
30  Su       1022 0029  3.9 0635  0.7 1250  4.0 1848  0.9
31  Mo       1022 0122  3.7 0726  1.0 1340  3.8 1950  1.2
 1  Tu       1122 0224  3.4 0826  1.2 1442  3.6 2112  1.4
 2  We       1122 0337  3.3 0940  1.4 1602  3.4 2243  1.4
 3  Th       1122 0456  3.3 1105  1.4 1730  3.5 2356  1.2
 4  Fr       1122 0612  3.4 1221  1.3 1841  3.7 9999  9.9
 5  Sa       1122 0054  1.0 0716  3.6 1322  1.0 1934  3.9
 6  Su       1122 0143  0.9 0809  3.8 1411  0.8 2019  4.0
 7  Mo       1122 0226  0.7 0854  4.0 1453  0.7 2059  4.1
 8  Tu       1122 0307  0.7 0934  4.1 1530  0.6 2137  4.2
 9  We       1122 0344  0.6 1011  4.2 1605  0.6 2213  4.1
10  Th       1122 0420  0.7 1046  4.2 1638  0.7 2249  4.0
11  Fr       1122 0454  0.7 1119  4.1 1711  0.8 2325  3.9
12  Sa       1122 0528  0.9 1152  4.0 1745  0.9 9999  9.9
13  Su       1122 0003  3.7 0602  1.0 1226  3.8 1822  1.1
14  Mo       1122 0044  3.5 0640  1.1 1303  3.6 1906  1.3
15  Tu       1122 0130  3.3 0722  1.3 1345  3.4 2002  1.5
16  We       1122 0222  3.2 0811  1.5 1440  3.3 2113  1.6
17  Th       1122 0322  3.1 0911  1.6 1553  3.2 2226  1.6
18  Fr       1122 0428  3.1 1026  1.6 1712  3.2 2329  1.4
19  Sa       1122 0535  3.2 1142  1.6 1816  3.4 9999  9.9
20  Su       1122 0021  1.3 0637  3.4 1244  1.4 1907  3.6
21  Mo       1122 0108  1.1 0731  3.6 1334  1.1 1951  3.8
22  Tu       1122 0153  0.9 0819  3.8 1417  0.9 2033  4.0
23  We       1122 0237  0.7 0903  4.1 1459  0.7 2115  4.1
24  Th       1122 0321  0.6 0946  4.3 1540  0.5 2158  4.2
25  Fr       1122 0407  0.5 1029  4.4 1622  0.5 2244  4.1
26  Sa       1122 0453  0.5 1112  4.4 1706  0.5 2332  4.1
27  Su       1122 0540  0.5 1156  4.3 1754  0.7 9999  9.9
28  Mo       1122 0024  3.9 0629  0.7 1243  4.2 1847  0.9
29  Tu       1122 0119  3.7 0721  0.9 1334  3.9 1948  1.1
30  We       1122 0218  3.6 0818  1.1 1433  3.7 2059  1.2
 1  Th       1222 0322  3.5 0923  1.2 1542  3.6 2213  1.2
 2  Fr       1222 0429  3.4 1036  1.3 1655  3.5 2320  1.2
 3  Sa       1222 0539  3.4 1148  1.3 1802  3.6 9999  9.9
 4  Su       1222 0019  1.1 0645  3.5 1251  1.2 1859  3.7
 5  Mo       1222 0112  1.1 0742  3.6 1343  1.0 1947  3.8
 6  Tu       1222 0159  1.0 0830  3.8 1428  0.9 2030  3.8
 7  We       1222 0243  0.9 0913  3.9 1507  0.8 2111  3.9
 8  Th       1222 0324  0.9 0951  4.0 1544  0.8 2150  3.9
 9  Fr       1222 0402  0.9 1027  4.0 1619  0.8 2229  3.8
10  Sa       1222 0438  0.9 1101  4.0 1653  0.9 2307  3.7
11  Su       1222 0513  0.9 1135  4.0 1728  0.9 2347  3.7
12  Mo       1222 0547  1.0 1209  3.9 1806  1.0 9999  9.9
13  Tu       1222 0027  3.6 0623  1.0 1245  3.8 1847  1.2
14  We       1222 0109  3.5 0701  1.1 1324  3.6 1934  1.3
15  Th       1222 0154  3.4 0742  1.3 1408  3.5 2026  1.3
16  Fr       1222 0241  3.3 0830  1.4 1502  3.4 2123  1.4
17  Sa       1222 0334  3.3 0927  1.5 1605  3.3 2221  1.4
18  Su       1222 0433  3.3 1035  1.5 1710  3.4 2320  1.3
19  Mo       1222 0539  3.3 1147  1.4 1811  3.5 9999  9.9
20  Tu       1222 0017  1.2 0645  3.5 1251  1.2 1907  3.6
21  We       1222 0114  1.0 0745  3.7 1346  1.0 2000  3.8
22  Th       1222 0210  0.9 0839  3.9 1437  0.8 2051  3.9
23  Fr       1222 0304  0.7 0929  4.2 1524  0.6 2143  4.0
24  Sa       1222 0356  0.6 1016  4.3 1612  0.5 2235  4.1
25  Su       1222 0446  0.5 1101  4.4 1700  0.5 2327  4.1
26  Mo       1222 0534  0.5 1147  4.4 1749  0.6 9999  9.9
27  Tu       1222 0018  4.0 0622  0.5 1234  4.3 1841  0.7
28  We       1222 0110  3.9 0710  0.7 1322  4.1 1935  0.9
29  Th       1222 0201  3.8 0759  0.9 1414  3.9 2032  1.0
30  Fr       1222 0254  3.6 0854  1.1 1511  3.7 2132  1.2
31  Sa       1222 0351  3.5 0957  1.3 1613  3.6 2233  1.3
