164Oamaru
Based on data from  7-Jan-2001
Local Std Time, tidal heights in metres.
 1  Sa        122 0142  2.2 0752  0.5 1414  2.4 2030  0.5
 2  Su        122 0236  2.3 0847  0.4 1510  2.4 2124  0.5
 3  Mo        122 0331  2.3 0942  0.4 1604  2.4 2218  0.5
 4  Tu        122 0426  2.3 1038  0.4 1659  2.4 2312  0.5
 5  We        122 0522  2.2 1134  0.5 1753  2.4 9999  9.9
 6  Th        122 0007  0.5 0619  2.2 1229  0.5 1847  2.3
 7  Fr        122 0103  0.6 0717  2.2 1325  0.6 1943  2.2
 8  Sa        122 0200  0.6 0814  2.1 1421  0.7 2039  2.1
 9  Su        122 0257  0.7 0910  2.1 1517  0.7 2137  2.1
10  Mo        122 0351  0.7 1005  2.0 1614  0.8 2232  2.0
11  Tu        122 0444  0.8 1059  2.0 1710  0.8 2325  2.0
12  We        122 0532  0.8 1150  2.0 1803  0.9 9999  9.9
13  Th        122 0013  1.9 0618  0.8 1238  2.0 1851  0.9
14  Fr        122 0057  1.9 0701  0.8 1323  2.0 1935  0.9
15  Sa        122 0138  1.9 0742  0.8 1406  2.0 2017  0.8
16  Su        122 0218  1.9 0823  0.8 1446  2.0 2056  0.8
17  Mo        122 0257  1.9 0904  0.8 1525  2.1 2135  0.8
18  Tu        122 0337  1.9 0945  0.8 1604  2.1 2214  0.8
19  We        122 0417  2.0 1026  0.7 1643  2.1 2255  0.8
20  Th        122 0459  2.0 1108  0.7 1723  2.1 2337  0.8
21  Fr        122 0543  2.0 1152  0.8 1806  2.1 9999  9.9
22  Sa        122 0021  0.8 0629  2.0 1238  0.8 1851  2.0
23  Su        122 0109  0.8 0718  2.0 1327  0.8 1941  2.0
24  Mo        122 0200  0.8 0811  2.0 1421  0.8 2037  2.0
25  Tu        122 0255  0.8 0907  2.0 1520  0.8 2136  2.0
26  We        122 0352  0.7 1006  2.1 1622  0.8 2237  2.0
27  Th        122 0449  0.7 1107  2.1 1725  0.7 2337  2.1
28  Fr        122 0546  0.6 1207  2.2 1826  0.6 9999  9.9
29  Sa        122 0034  2.1 0643  0.6 1306  2.3 1922  0.6
30  Su        122 0129  2.2 0738  0.5 1402  2.3 2016  0.5
31  Mo        122 0222  2.2 0833  0.4 1455  2.4 2108  0.5
 1  Tu        222 0315  2.3 0926  0.4 1546  2.4 2158  0.5
 2  We        222 0407  2.3 1018  0.4 1637  2.4 2248  0.5
 3  Th        222 0459  2.2 1110  0.5 1726  2.3 2339  0.5
 4  Fr        222 0552  2.2 1201  0.5 1817  2.2 9999  9.9
 5  Sa        222 0031  0.6 0645  2.1 1253  0.6 1908  2.1
 6  Su        222 0124  0.7 0738  2.1 1346  0.7 2002  2.0
 7  Mo        222 0218  0.8 0833  2.0 1441  0.8 2059  2.0
 8  Tu        222 0312  0.8 0928  2.0 1539  0.9 2156  1.9
 9  We        222 0406  0.9 1024  1.9 1638  0.9 2252  1.9
10  Th        222 0458  0.9 1118  1.9 1733  0.9 2343  1.9
11  Fr        222 0546  0.9 1208  1.9 1823  0.9 9999  9.9
12  Sa        222 0028  1.9 0631  0.8 1255  2.0 1908  0.9
13  Su        222 0110  1.9 0714  0.8 1337  2.0 1948  0.8
14  Mo        222 0150  1.9 0755  0.8 1416  2.1 2026  0.8
15  Tu        222 0228  2.0 0836  0.7 1455  2.1 2104  0.7
16  We        222 0307  2.0 0916  0.7 1533  2.1 2143  0.7
17  Th        222 0347  2.0 0957  0.7 1612  2.1 2222  0.7
18  Fr        222 0429  2.0 1040  0.7 1652  2.1 2304  0.7
19  Sa        222 0513  2.1 1124  0.7 1736  2.1 2349  0.7
20  Su        222 0600  2.1 1212  0.7 1823  2.1 9999  9.9
21  Mo        222 0039  0.7 0652  2.1 1303  0.7 1916  2.0
22  Tu        222 0133  0.8 0747  2.0 1401  0.8 2015  2.0
23  We        222 0232  0.8 0848  2.1 1504  0.8 2120  2.0
24  Th        222 0333  0.7 0951  2.1 1611  0.8 2225  2.0
25  Fr        222 0434  0.7 1055  2.1 1716  0.7 2326  2.1
26  Sa        222 0534  0.6 1157  2.2 1816  0.6 9999  9.9
27  Su        222 0023  2.1 0631  0.6 1255  2.3 1910  0.6
28  Mo        222 0117  2.2 0726  0.5 1348  2.3 2001  0.5
 1  Tu        322 0207  2.2 0818  0.5 1438  2.4 2049  0.5
 2  We        322 0257  2.3 0908  0.5 1526  2.4 2135  0.5
 3  Th        322 0345  2.3 0957  0.5 1612  2.3 2221  0.5
 4  Fr        322 0434  2.2 1045  0.5 1658  2.3 2308  0.6
 5  Sa        322 0522  2.2 1132  0.6 1744  2.2 2356  0.7
 6  Su        322 0611  2.1 1220  0.7 1832  2.1 9999  9.9
 7  Mo        322 0046  0.7 0702  2.0 1311  0.8 1924  2.0
 8  Tu        322 0138  0.8 0754  2.0 1405  0.9 2020  1.9
 9  We        322 0232  0.9 0849  1.9 1503  0.9 2119  1.8
10  Th        322 0327  0.9 0946  1.9 1603  1.0 2217  1.8
11  Fr        322 0420  0.9 1042  1.9 1700  0.9 2309  1.8
12  Sa        322 0510  0.9 1133  1.9 1750  0.9 2355  1.9
13  Su        322 0557  0.9 1220  2.0 1834  0.9 9999  9.9
14  Mo        322 0037  1.9 0640  0.8 1302  2.0 1914  0.8
15  Tu        322 0117  2.0 0722  0.8 1342  2.1 1952  0.7
16  We        322 0156  2.0 0804  0.7 1421  2.1 2030  0.7
17  Th        322 0235  2.1 0846  0.7 1500  2.2 2109  0.7
18  Fr        322 0317  2.1 0929  0.6 1541  2.2 2150  0.6
19  Sa        322 0400  2.1 1013  0.6 1623  2.2 2234  0.6
20  Su        322 0447  2.2 1100  0.6 1710  2.2 2322  0.7
21  Mo        322 0537  2.2 1151  0.6 1801  2.1 9999  9.9
22  Tu        322 0015  0.7 0632  2.1 1246  0.7 1858  2.0
23  We        322 0113  0.7 0731  2.1 1348  0.7 2002  2.0
24  Th        322 0215  0.7 0834  2.1 1454  0.7 2109  2.0
25  Fr        322 0319  0.7 0940  2.1 1602  0.7 2215  2.0
26  Sa        322 0422  0.7 1045  2.2 1706  0.7 2316  2.1
27  Su        322 0522  0.6 1146  2.2 1803  0.6 9999  9.9
28  Mo        322 0011  2.1 0618  0.6 1241  2.3 1854  0.6
29  Tu        322 0102  2.2 0711  0.5 1331  2.3 1942  0.5
30  We        322 0150  2.2 0801  0.5 1418  2.3 2027  0.5
31  Th        322 0237  2.2 0848  0.5 1502  2.3 2110  0.6
 1  Fr        422 0322  2.2 0934  0.6 1545  2.2 2153  0.6
 2  Sa        422 0408  2.2 1019  0.6 1628  2.1 2237  0.7
 3  Su        422 0453  2.1 1103  0.7 1711  2.1 2322  0.7
 4  Mo        422 0539  2.1 1149  0.8 1757  2.0 9999  9.9
 5  Tu        422 0009  0.8 0627  2.0 1238  0.8 1847  1.9
 6  We        422 0059  0.9 0718  1.9 1330  0.9 1942  1.8
 7  Th        422 0152  0.9 0811  1.9 1427  1.0 2040  1.8
 8  Fr        422 0246  0.9 0906  1.9 1526  1.0 2138  1.8
 9  Sa        422 0339  0.9 1000  1.9 1621  1.0 2230  1.8
10  Su        422 0430  0.9 1052  1.9 1711  0.9 2316  1.9
11  Mo        422 0517  0.9 1139  2.0 1754  0.8 2359  1.9
12  Tu        422 0603  0.8 1222  2.0 1835  0.8 9999  9.9
13  We        422 0039  2.0 0647  0.7 1304  2.1 1914  0.7
14  Th        422 0120  2.1 0731  0.7 1345  2.2 1954  0.6
15  Fr        422 0203  2.1 0815  0.6 1427  2.2 2036  0.6
16  Sa        422 0248  2.2 0901  0.6 1511  2.2 2121  0.6
17  Su        422 0335  2.2 0949  0.6 1558  2.2 2209  0.6
18  Mo        422 0425  2.2 1040  0.6 1648  2.2 2300  0.6
19  Tu        422 0519  2.2 1134  0.6 1743  2.1 2357  0.6
20  We        422 0616  2.2 1233  0.6 1844  2.1 9999  9.9
21  Th        422 0057  0.6 0718  2.2 1336  0.7 1950  2.0
22  Fr        422 0201  0.7 0822  2.2 1443  0.7 2057  2.0
23  Sa        422 0305  0.7 0927  2.2 1548  0.7 2201  2.1
24  Su        422 0407  0.6 1030  2.2 1649  0.6 2300  2.1
25  Mo        422 0506  0.6 1129  2.2 1744  0.6 2354  2.1
26  Tu        422 0602  0.6 1222  2.2 1834  0.6 9999  9.9
27  We        422 0044  2.2 0653  0.6 1311  2.2 1920  0.6
28  Th        422 0131  2.2 0742  0.6 1356  2.2 2003  0.6
29  Fr        422 0216  2.2 0827  0.6 1438  2.2 2044  0.6
30  Sa        422 0300  2.2 0911  0.7 1519  2.1 2125  0.7
 1  Su        522 0343  2.1 0954  0.7 1600  2.0 2207  0.7
 2  Mo        522 0427  2.1 1037  0.8 1641  2.0 2250  0.8
 3  Tu        522 0511  2.0 1121  0.8 1726  1.9 2336  0.8
 4  We        522 0556  2.0 1208  0.9 1814  1.8 9999  9.9
 5  Th        522 0024  0.9 0644  1.9 1257  0.9 1906  1.8
 6  Fr        522 0114  0.9 0733  1.9 1351  1.0 2001  1.8
 7  Sa        522 0206  0.9 0824  1.9 1446  1.0 2056  1.8
 8  Su        522 0257  0.9 0916  1.9 1538  0.9 2146  1.8
 9  Mo        522 0346  0.9 1006  1.9 1627  0.9 2233  1.9
10  Tu        522 0435  0.9 1055  2.0 1712  0.8 2317  1.9
11  We        522 0523  0.8 1141  2.0 1755  0.8 9999  9.9
12  Th        522 0001  2.0 0611  0.7 1227  2.1 1837  0.7
13  Fr        522 0046  2.1 0659  0.7 1312  2.2 1921  0.6
14  Sa        522 0133  2.2 0748  0.6 1358  2.2 2007  0.6
15  Su        522 0222  2.3 0838  0.5 1446  2.2 2056  0.5
16  Mo        522 0314  2.3 0930  0.5 1537  2.2 2148  0.5
17  Tu        522 0408  2.3 1023  0.5 1630  2.2 2243  0.5
18  We        522 0504  2.3 1119  0.5 1728  2.2 2341  0.5
19  Th        522 0602  2.3 1219  0.6 1830  2.1 9999  9.9
20  Fr        522 0042  0.6 0702  2.3 1321  0.6 1934  2.1
21  Sa        522 0144  0.6 0804  2.3 1425  0.6 2038  2.1
22  Su        522 0245  0.6 0907  2.2 1527  0.6 2140  2.1
23  Mo        522 0346  0.6 1008  2.2 1626  0.6 2237  2.1
24  Tu        522 0445  0.6 1106  2.2 1720  0.6 2331  2.1
25  We        522 0540  0.6 1159  2.2 1810  0.6 9999  9.9
26  Th        522 0022  2.1 0633  0.7 1248  2.1 1855  0.6
27  Fr        522 0110  2.1 0721  0.7 1332  2.1 1938  0.7
28  Sa        522 0155  2.1 0807  0.7 1414  2.1 2019  0.7
29  Su        522 0239  2.1 0850  0.7 1454  2.0 2100  0.7
30  Mo        522 0321  2.1 0932  0.8 1534  2.0 2141  0.8
31  Tu        522 0403  2.1 1013  0.8 1615  1.9 2224  0.8
 1  We        622 0445  2.0 1056  0.8 1658  1.9 2308  0.8
 2  Th        622 0528  2.0 1140  0.9 1744  1.9 2353  0.9
 3  Fr        622 0611  2.0 1226  0.9 1832  1.8 9999  9.9
 4  Sa        622 0039  0.9 0656  2.0 1314  0.9 1922  1.8
 5  Su        622 0126  0.9 0743  1.9 1404  0.9 2012  1.8
 6  Mo        622 0214  0.9 0831  1.9 1453  0.9 2101  1.8
 7  Tu        622 0303  0.9 0921  1.9 1542  0.9 2149  1.9
 8  We        622 0354  0.8 1012  2.0 1630  0.8 2237  2.0
 9  Th        622 0446  0.8 1102  2.0 1717  0.7 2326  2.0
10  Fr        622 0538  0.7 1153  2.1 1804  0.7 9999  9.9
11  Sa        622 0017  2.1 0632  0.7 1243  2.1 1853  0.6
12  Su        622 0109  2.2 0725  0.6 1334  2.2 1943  0.5
13  Mo        622 0202  2.3 0819  0.5 1426  2.2 2036  0.5
14  Tu        622 0257  2.3 0913  0.5 1519  2.2 2130  0.5
15  We        622 0352  2.4 1008  0.5 1614  2.2 2227  0.4
16  Th        622 0448  2.4 1103  0.5 1712  2.2 2324  0.5
17  Fr        622 0545  2.4 1201  0.5 1812  2.2 9999  9.9
18  Sa        622 0023  0.5 0643  2.4 1300  0.5 1913  2.2
19  Su        622 0122  0.5 0741  2.3 1400  0.6 2013  2.2
20  Mo        622 0221  0.6 0841  2.2 1500  0.6 2113  2.1
21  Tu        622 0320  0.6 0941  2.2 1557  0.6 2210  2.1
22  We        622 0419  0.7 1039  2.1 1652  0.7 2305  2.1
23  Th        622 0516  0.7 1133  2.1 1742  0.7 2358  2.1
24  Fr        622 0610  0.8 1223  2.0 1829  0.7 9999  9.9
25  Sa        622 0047  2.1 0700  0.8 1309  2.0 1913  0.7
26  Su        622 0134  2.1 0746  0.8 1351  2.0 1955  0.8
27  Mo        622 0218  2.1 0829  0.8 1431  2.0 2037  0.8
28  Tu        622 0300  2.1 0910  0.8 1511  1.9 2118  0.8
29  We        622 0340  2.1 0950  0.8 1551  1.9 2159  0.8
30  Th        622 0420  2.1 1030  0.8 1632  1.9 2241  0.8
 1  Fr        722 0459  2.0 1110  0.8 1715  1.9 2323  0.8
 2  Sa        722 0539  2.0 1153  0.8 1759  1.9 9999  9.9
 3  Su        722 0006  0.8 0621  2.0 1237  0.9 1844  1.9
 4  Mo        722 0050  0.8 0704  2.0 1323  0.9 1931  1.9
 5  Tu        722 0136  0.8 0750  2.0 1411  0.9 2019  1.9
 6  We        722 0225  0.8 0841  2.0 1501  0.8 2110  1.9
 7  Th        722 0318  0.8 0934  2.0 1552  0.8 2202  2.0
 8  Fr        722 0414  0.8 1030  2.0 1644  0.7 2257  2.1
 9  Sa        722 0513  0.7 1126  2.0 1737  0.7 2353  2.1
10  Su        722 0611  0.7 1221  2.1 1830  0.6 9999  9.9
11  Mo        722 0050  2.2 0708  0.6 1315  2.2 1925  0.5
12  Tu        722 0147  2.3 0803  0.5 1409  2.2 2019  0.5
13  We        722 0242  2.4 0857  0.5 1503  2.3 2115  0.4
14  Th        722 0337  2.4 0950  0.4 1558  2.3 2210  0.4
15  Fr        722 0430  2.5 1044  0.4 1653  2.3 2305  0.4
16  Sa        722 0524  2.4 1138  0.5 1749  2.3 9999  9.9
17  Su        722 0000  0.4 0618  2.4 1233  0.5 1846  2.2
18  Mo        722 0056  0.5 0713  2.3 1330  0.6 1944  2.2
19  Tu        722 0152  0.6 0810  2.2 1427  0.6 2042  2.1
20  We        722 0250  0.7 0909  2.1 1525  0.7 2139  2.1
21  Th        722 0349  0.7 1008  2.0 1620  0.7 2236  2.0
22  Fr        722 0449  0.8 1105  2.0 1713  0.8 2331  2.0
23  Sa        722 0545  0.8 1157  2.0 1802  0.8 9999  9.9
24  Su        722 0023  2.0 0637  0.8 1244  1.9 1848  0.8
25  Mo        722 0111  2.0 0724  0.8 1327  1.9 1931  0.8
26  Tu        722 0155  2.0 0806  0.8 1407  1.9 2012  0.8
27  We        722 0235  2.1 0845  0.8 1446  1.9 2052  0.8
28  Th        722 0314  2.1 0922  0.8 1525  2.0 2132  0.8
29  Fr        722 0351  2.1 1000  0.8 1604  2.0 2212  0.7
30  Sa        722 0428  2.1 1039  0.8 1644  2.0 2252  0.7
31  Su        722 0507  2.1 1118  0.8 1725  2.0 2334  0.8
 1  Mo        822 0546  2.1 1200  0.8 1809  2.0 9999  9.9
 2  Tu        822 0017  0.8 0629  2.0 1245  0.8 1855  2.0
 3  We        822 0103  0.8 0715  2.0 1334  0.8 1944  2.0
 4  Th        822 0154  0.8 0808  2.0 1426  0.8 2038  2.0
 5  Fr        822 0251  0.8 0906  2.0 1522  0.8 2136  2.0
 6  Sa        822 0352  0.8 1007  2.0 1619  0.7 2236  2.1
 7  Su        822 0455  0.8 1107  2.0 1717  0.7 2337  2.2
 8  Mo        822 0557  0.7 1205  2.1 1814  0.6 9999  9.9
 9  Tu        822 0036  2.2 0654  0.6 1301  2.2 1910  0.5
10  We        822 0133  2.3 0748  0.5 1354  2.2 2005  0.4
11  Th        822 0227  2.4 0840  0.5 1447  2.3 2058  0.4
12  Fr        822 0319  2.4 0930  0.4 1539  2.3 2151  0.4
13  Sa        822 0409  2.4 1021  0.4 1631  2.3 2243  0.4
14  Su        822 0459  2.4 1112  0.5 1724  2.3 2335  0.4
15  Mo        822 0550  2.3 1204  0.5 1818  2.2 9999  9.9
16  Tu        822 0028  0.5 0643  2.2 1257  0.6 1912  2.2
17  We        822 0122  0.6 0737  2.1 1353  0.7 2008  2.1
18  Th        822 0219  0.7 0835  2.0 1449  0.8 2106  2.0
19  Fr        822 0318  0.8 0936  1.9 1546  0.8 2204  2.0
20  Sa        822 0419  0.9 1034  1.9 1640  0.8 2301  2.0
21  Su        822 0518  0.9 1128  1.9 1732  0.8 2355  2.0
22  Mo        822 0610  0.9 1216  1.9 1819  0.8 9999  9.9
23  Tu        822 0043  2.0 0656  0.8 1259  1.9 1902  0.8
24  We        822 0125  2.0 0736  0.8 1339  1.9 1944  0.8
25  Th        822 0205  2.1 0814  0.8 1417  2.0 2023  0.7
26  Fr        822 0242  2.1 0850  0.7 1454  2.0 2102  0.7
27  Sa        822 0318  2.1 0927  0.7 1532  2.0 2142  0.7
28  Su        822 0356  2.1 1005  0.7 1612  2.0 2222  0.7
29  Mo        822 0434  2.1 1044  0.7 1654  2.0 2304  0.7
30  Tu        822 0514  2.1 1127  0.7 1738  2.0 2349  0.7
31  We        822 0558  2.1 1213  0.8 1826  2.0 9999  9.9
 1  Th        922 0038  0.7 0648  2.0 1304  0.8 1918  2.0
 2  Fr        922 0132  0.8 0744  2.0 1401  0.8 2016  2.0
 3  Sa        922 0233  0.8 0847  2.0 1501  0.8 2118  2.1
 4  Su        922 0338  0.8 0952  2.0 1602  0.7 2222  2.1
 5  Mo        922 0444  0.7 1055  2.0 1702  0.7 2325  2.2
 6  Tu        922 0544  0.7 1153  2.1 1800  0.6 9999  9.9
 7  We        922 0024  2.3 0640  0.6 1247  2.2 1856  0.5
 8  Th        922 0118  2.3 0731  0.5 1338  2.3 1949  0.4
 9  Fr        922 0209  2.4 0820  0.5 1429  2.3 2040  0.4
10  Sa        922 0258  2.4 0908  0.4 1518  2.3 2131  0.4
11  Su        922 0346  2.4 0955  0.5 1608  2.3 2220  0.4
12  Mo        922 0433  2.3 1043  0.5 1658  2.3 2309  0.5
13  Tu        922 0521  2.2 1132  0.6 1748  2.2 2359  0.6
14  We        922 0611  2.1 1223  0.7 1841  2.1 9999  9.9
15  Th        922 0051  0.7 0704  2.0 1317  0.7 1935  2.1
16  Fr        922 0146  0.8 0801  1.9 1413  0.8 2031  2.0
17  Sa        922 0246  0.9 0901  1.9 1509  0.9 2129  1.9
18  Su        922 0347  0.9 1001  1.8 1605  0.9 2226  1.9
19  Mo        922 0445  0.9 1055  1.8 1656  0.9 2319  1.9
20  Tu        922 0537  0.9 1143  1.9 1744  0.9 9999  9.9
21  We        922 0007  2.0 0621  0.8 1225  1.9 1828  0.8
22  Th        922 0049  2.0 0700  0.8 1304  2.0 1909  0.8
23  Fr        922 0128  2.1 0738  0.7 1342  2.0 1950  0.7
24  Sa        922 0206  2.1 0814  0.7 1420  2.1 2030  0.7
25  Su        922 0244  2.1 0852  0.7 1500  2.1 2111  0.6
26  Mo        922 0322  2.2 0931  0.7 1541  2.1 2154  0.6
27  Tu        922 0403  2.2 1012  0.7 1625  2.1 2238  0.6
28  We        922 0446  2.1 1058  0.7 1713  2.1 2326  0.7
29  Th        922 0534  2.1 1148  0.7 1804  2.1 9999  9.9
30  Fr        922 0019  0.7 0628  2.0 1243  0.7 1900  2.1
 1  Sa       1022 0117  0.7 0729  2.0 1342  0.7 2001  2.1
 2  Su       1022 0221  0.8 0834  2.0 1445  0.7 2105  2.1
 3  Mo       1022 0327  0.7 0940  2.0 1548  0.7 2210  2.2
 4  Tu       1022 0431  0.7 1042  2.1 1648  0.6 2311  2.2
 5  We       1022 0530  0.6 1138  2.1 1746  0.6 9999  9.9
 6  Th       1022 0008  2.3 0623  0.6 1231  2.2 1840  0.5
 7  Fr       1022 0101  2.3 0712  0.5 1321  2.3 1932  0.5
 8  Sa       1022 0150  2.3 0759  0.5 1409  2.3 2022  0.5
 9  Su       1022 0236  2.3 0844  0.5 1457  2.3 2110  0.5
10  Mo       1022 0321  2.3 0929  0.5 1545  2.3 2157  0.5
11  Tu       1022 0406  2.2 1015  0.6 1632  2.2 2244  0.6
12  We       1022 0452  2.1 1102  0.6 1721  2.2 2332  0.7
13  Th       1022 0540  2.0 1151  0.7 1810  2.1 9999  9.9
14  Fr       1022 0022  0.8 0631  1.9 1242  0.8 1902  2.0
15  Sa       1022 0115  0.9 0726  1.9 1336  0.9 1955  2.0
16  Su       1022 0212  0.9 0825  1.8 1431  0.9 2050  1.9
17  Mo       1022 0310  0.9 0923  1.8 1524  0.9 2145  1.9
18  Tu       1022 0406  0.9 1016  1.8 1615  0.9 2237  1.9
19  We       1022 0456  0.9 1102  1.9 1703  0.9 2324  2.0
20  Th       1022 0540  0.8 1145  1.9 1748  0.8 9999  9.9
21  Fr       1022 0007  2.0 0620  0.8 1225  2.0 1831  0.8
22  Sa       1022 0048  2.1 0658  0.7 1305  2.0 1914  0.7
23  Su       1022 0128  2.1 0737  0.7 1346  2.1 1958  0.7
24  Mo       1022 0209  2.1 0817  0.6 1428  2.2 2042  0.6
25  Tu       1022 0251  2.2 0859  0.6 1514  2.2 2128  0.6
26  We       1022 0335  2.2 0945  0.6 1602  2.2 2216  0.6
27  Th       1022 0423  2.1 1034  0.6 1653  2.2 2308  0.6
28  Fr       1022 0515  2.1 1128  0.6 1748  2.2 9999  9.9
29  Sa       1022 0004  0.6 0613  2.1 1226  0.6 1846  2.2
30  Su       1022 0104  0.7 0716  2.0 1327  0.7 1947  2.2
31  Mo       1022 0208  0.7 0821  2.0 1430  0.7 2051  2.2
 1  Tu       1122 0312  0.7 0925  2.1 1531  0.6 2154  2.2
 2  We       1122 0414  0.6 1025  2.1 1631  0.6 2254  2.2
 3  Th       1122 0511  0.6 1120  2.2 1729  0.6 2349  2.2
 4  Fr       1122 0603  0.6 1213  2.2 1823  0.6 9999  9.9
 5  Sa       1122 0041  2.2 0651  0.6 1302  2.2 1914  0.6
 6  Su       1122 0129  2.2 0737  0.6 1350  2.2 2003  0.6
 7  Mo       1122 0214  2.2 0821  0.6 1437  2.2 2050  0.6
 8  Tu       1122 0258  2.2 0905  0.6 1523  2.2 2136  0.6
 9  We       1122 0341  2.1 0949  0.7 1609  2.2 2221  0.7
10  Th       1122 0425  2.0 1034  0.7 1655  2.1 2306  0.8
11  Fr       1122 0511  2.0 1121  0.8 1742  2.1 2354  0.8
12  Sa       1122 0600  1.9 1210  0.8 1830  2.0 9999  9.9
13  Su       1122 0043  0.9 0652  1.8 1300  0.9 1918  2.0
14  Mo       1122 0135  0.9 0746  1.8 1350  0.9 2009  1.9
15  Tu       1122 0229  0.9 0840  1.8 1440  0.9 2059  1.9
16  We       1122 0321  0.9 0930  1.8 1530  0.9 2149  1.9
17  Th       1122 0410  0.9 1017  1.9 1618  0.9 2237  2.0
18  Fr       1122 0454  0.8 1101  1.9 1705  0.8 2323  2.0
19  Sa       1122 0537  0.8 1144  2.0 1752  0.8 9999  9.9
20  Su       1122 0008  2.0 0618  0.7 1228  2.0 1840  0.7
21  Mo       1122 0052  2.1 0701  0.7 1313  2.1 1927  0.7
22  Tu       1122 0137  2.1 0745  0.6 1401  2.2 2016  0.6
23  We       1122 0223  2.2 0832  0.6 1450  2.2 2106  0.6
24  Th       1122 0312  2.2 0922  0.5 1542  2.3 2158  0.6
25  Fr       1122 0403  2.2 1015  0.5 1636  2.3 2252  0.6
26  Sa       1122 0459  2.2 1111  0.5 1732  2.3 2348  0.6
27  Su       1122 0558  2.1 1210  0.6 1830  2.3 9999  9.9
28  Mo       1122 0048  0.6 0700  2.1 1310  0.6 1930  2.3
29  Tu       1122 0150  0.6 0802  2.1 1411  0.6 2031  2.2
30  We       1122 0252  0.6 0904  2.1 1511  0.6 2132  2.2
 1  Th       1222 0351  0.6 1003  2.1 1610  0.6 2232  2.2
 2  Fr       1222 0447  0.6 1059  2.2 1708  0.6 2328  2.2
 3  Sa       1222 0540  0.6 1152  2.2 1804  0.6 9999  9.9
 4  Su       1222 0020  2.2 0629  0.6 1244  2.2 1857  0.7
 5  Mo       1222 0109  2.1 0715  0.6 1333  2.2 1946  0.7
 6  Tu       1222 0154  2.1 0759  0.7 1420  2.1 2032  0.7
 7  We       1222 0237  2.0 0843  0.7 1505  2.1 2116  0.7
 8  Th       1222 0319  2.0 0926  0.7 1549  2.1 2159  0.8
 9  Fr       1222 0402  2.0 1010  0.8 1632  2.1 2242  0.8
10  Sa       1222 0445  1.9 1054  0.8 1714  2.0 2326  0.8
11  Su       1222 0530  1.9 1138  0.8 1757  2.0 9999  9.9
12  Mo       1222 0010  0.9 0617  1.9 1224  0.9 1841  2.0
13  Tu       1222 0057  0.9 0705  1.8 1310  0.9 1925  2.0
14  We       1222 0145  0.9 0754  1.8 1356  0.9 2012  1.9
15  Th       1222 0233  0.9 0842  1.8 1444  0.9 2100  1.9
16  Fr       1222 0321  0.9 0929  1.9 1533  0.9 2150  1.9
17  Sa       1222 0408  0.9 1016  1.9 1624  0.9 2240  2.0
18  Su       1222 0455  0.8 1104  2.0 1716  0.8 2330  2.0
19  Mo       1222 0541  0.7 1154  2.1 1809  0.7 9999  9.9
20  Tu       1222 0020  2.1 0629  0.7 1245  2.1 1902  0.7
21  We       1222 0110  2.1 0719  0.6 1338  2.2 1955  0.6
22  Th       1222 0200  2.2 0810  0.5 1431  2.3 2047  0.6
23  Fr       1222 0252  2.2 0903  0.5 1526  2.3 2141  0.5
24  Sa       1222 0346  2.2 0958  0.5 1620  2.4 2235  0.5
25  Su       1222 0442  2.2 1054  0.5 1715  2.4 2330  0.5
26  Mo       1222 0540  2.2 1151  0.5 1811  2.4 9999  9.9
27  Tu       1222 0027  0.5 0639  2.2 1249  0.5 1908  2.3
28  We       1222 0126  0.6 0739  2.2 1347  0.5 2007  2.3
29  Th       1222 0225  0.6 0838  2.2 1447  0.6 2107  2.2
30  Fr       1222 0324  0.6 0937  2.1 1547  0.6 2207  2.1
31  Sa       1222 0421  0.6 1035  2.1 1647  0.7 2305  2.1
