261Omokoroa
Based on data from  1-Aug-2015
Local Std Time, tidal heights in metres.
 1  Sa        122 0610  2.0 1215  0.5 1825  2.0 9999  9.9
 2  Su        122 0044  0.3 0711  2.1 1315  0.5 1925  2.1
 3  Mo        122 0141  0.3 0808  2.1 1413  0.4 2024  2.1
 4  Tu        122 0235  0.2 0903  2.2 1509  0.4 2120  2.1
 5  We        122 0328  0.2 0957  2.2 1603  0.3 2214  2.1
 6  Th        122 0419  0.2 1048  2.2 1655  0.3 2306  2.1
 7  Fr        122 0509  0.3 1139  2.2 1746  0.4 2357  2.0
 8  Sa        122 0559  0.4 1229  2.2 1836  0.4 9999  9.9
 9  Su        122 0048  2.0 0649  0.4 1318  2.1 1926  0.4
10  Mo        122 0139  1.9 0739  0.5 1407  2.0 2015  0.5
11  Tu        122 0231  1.9 0831  0.6 1455  2.0 2105  0.5
12  We        122 0325  1.9 0924  0.7 1544  1.9 2155  0.6
13  Th        122 0419  1.8 1019  0.7 1634  1.9 2246  0.6
14  Fr        122 0513  1.8 1113  0.7 1723  1.9 2336  0.6
15  Sa        122 0605  1.9 1206  0.7 1812  1.9 9999  9.9
16  Su        122 0024  0.6 0653  1.9 1255  0.7 1900  1.9
17  Mo        122 0110  0.5 0739  1.9 1341  0.7 1946  1.9
18  Tu        122 0154  0.5 0822  2.0 1426  0.6 2030  1.9
19  We        122 0236  0.5 0902  2.0 1508  0.6 2113  1.9
20  Th        122 0317  0.5 0942  2.0 1550  0.6 2154  1.9
21  Fr        122 0359  0.4 1021  2.0 1632  0.5 2236  1.9
22  Sa        122 0441  0.4 1101  2.0 1715  0.5 2318  1.9
23  Su        122 0524  0.4 1143  2.0 1759  0.5 9999  9.9
24  Mo        122 0002  1.9 0609  0.4 1227  2.0 1845  0.5
25  Tu        122 0049  1.9 0657  0.5 1313  2.0 1934  0.4
26  We        122 0140  1.9 0749  0.5 1403  2.0 2026  0.4
27  Th        122 0237  1.9 0846  0.5 1458  2.0 2122  0.4
28  Fr        122 0339  1.9 0947  0.6 1557  2.0 2221  0.4
29  Sa        122 0445  2.0 1051  0.6 1701  2.0 2322  0.4
30  Su        122 0550  2.0 1155  0.5 1805  2.0 9999  9.9
31  Mo        122 0023  0.4 0652  2.1 1257  0.5 1908  2.0
 1  Tu        222 0121  0.3 0750  2.1 1356  0.4 2007  2.0
 2  We        222 0216  0.3 0845  2.2 1451  0.4 2103  2.1
 3  Th        222 0309  0.3 0936  2.2 1543  0.3 2156  2.1
 4  Fr        222 0359  0.3 1026  2.2 1633  0.3 2246  2.1
 5  Sa        222 0448  0.3 1114  2.2 1722  0.3 2334  2.1
 6  Su        222 0535  0.4 1201  2.1 1808  0.4 9999  9.9
 7  Mo        222 0022  2.0 0622  0.4 1246  2.1 1854  0.4
 8  Tu        222 0108  2.0 0709  0.5 1330  2.0 1940  0.5
 9  We        222 0156  1.9 0756  0.6 1415  1.9 2025  0.5
10  Th        222 0244  1.9 0845  0.7 1500  1.9 2112  0.6
11  Fr        222 0336  1.8 0937  0.7 1547  1.8 2201  0.6
12  Sa        222 0429  1.8 1031  0.8 1638  1.8 2252  0.6
13  Su        222 0523  1.8 1125  0.8 1730  1.8 2343  0.6
14  Mo        222 0614  1.9 1217  0.7 1823  1.8 9999  9.9
15  Tu        222 0033  0.6 0702  1.9 1307  0.7 1914  1.8
16  We        222 0120  0.5 0748  1.9 1354  0.6 2001  1.9
17  Th        222 0206  0.5 0831  2.0 1439  0.6 2047  1.9
18  Fr        222 0250  0.4 0913  2.0 1523  0.5 2131  2.0
19  Sa        222 0334  0.4 0955  2.1 1607  0.5 2215  2.0
20  Su        222 0419  0.4 1037  2.1 1651  0.4 2259  2.0
21  Mo        222 0504  0.4 1121  2.1 1736  0.4 2345  2.0
22  Tu        222 0551  0.4 1206  2.1 1823  0.4 9999  9.9
23  We        222 0033  2.0 0640  0.4 1253  2.1 1912  0.4
24  Th        222 0124  2.0 0733  0.5 1344  2.0 2004  0.4
25  Fr        222 0221  2.0 0829  0.5 1439  2.0 2100  0.4
26  Sa        222 0323  2.0 0930  0.6 1540  2.0 2200  0.4
27  Su        222 0428  2.0 1034  0.6 1645  1.9 2302  0.4
28  Mo        222 0533  2.0 1138  0.5 1750  1.9 9999  9.9
 1  Tu        322 0003  0.4 0634  2.0 1239  0.5 1853  2.0
 2  We        322 0102  0.4 0730  2.1 1337  0.4 1951  2.0
 3  Th        322 0157  0.3 0823  2.1 1430  0.4 2045  2.1
 4  Fr        322 0248  0.3 0913  2.2 1520  0.3 2135  2.1
 5  Sa        322 0337  0.3 1000  2.2 1608  0.3 2223  2.1
 6  Su        322 0424  0.4 1046  2.1 1654  0.4 2308  2.1
 7  Mo        322 0510  0.4 1129  2.1 1737  0.4 2352  2.0
 8  Tu        322 0554  0.5 1211  2.0 1820  0.4 9999  9.9
 9  We        322 0035  2.0 0637  0.6 1252  2.0 1902  0.5
10  Th        322 0118  1.9 0721  0.6 1332  1.9 1944  0.6
11  Fr        322 0202  1.9 0806  0.7 1414  1.8 2027  0.6
12  Sa        322 0250  1.8 0855  0.7 1500  1.8 2115  0.6
13  Su        322 0341  1.8 0947  0.8 1551  1.8 2206  0.7
14  Mo        322 0435  1.8 1041  0.8 1646  1.8 2300  0.6
15  Tu        322 0529  1.8 1136  0.7 1744  1.8 2354  0.6
16  We        322 0621  1.9 1229  0.7 1839  1.8 9999  9.9
17  Th        322 0045  0.6 0710  1.9 1320  0.6 1931  1.9
18  Fr        322 0135  0.5 0756  2.0 1408  0.5 2020  2.0
19  Sa        322 0223  0.4 0842  2.0 1455  0.5 2107  2.0
20  Su        322 0310  0.4 0927  2.1 1541  0.4 2153  2.1
21  Mo        322 0357  0.4 1013  2.1 1627  0.3 2240  2.1
22  Tu        322 0445  0.4 1059  2.1 1714  0.3 2328  2.1
23  We        322 0534  0.4 1146  2.1 1802  0.3 9999  9.9
24  Th        322 0018  2.1 0625  0.4 1236  2.1 1852  0.4
25  Fr        322 0111  2.0 0719  0.5 1329  2.0 1945  0.4
26  Sa        322 0209  2.0 0816  0.5 1426  2.0 2041  0.4
27  Su        322 0310  2.0 0917  0.5 1527  1.9 2141  0.5
28  Mo        322 0413  2.0 1019  0.6 1632  1.9 2243  0.5
29  Tu        322 0515  2.0 1121  0.5 1737  1.9 2344  0.5
30  We        322 0613  2.0 1220  0.5 1837  2.0 9999  9.9
31  Th        322 0042  0.4 0708  2.1 1315  0.4 1933  2.0
 1  Fr        422 0136  0.4 0758  2.1 1407  0.4 2024  2.0
 2  Sa        422 0227  0.4 0846  2.1 1455  0.4 2112  2.1
 3  Su        422 0314  0.4 0932  2.1 1540  0.4 2157  2.1
 4  Mo        422 0359  0.4 1015  2.1 1623  0.4 2240  2.1
 5  Tu        422 0443  0.5 1056  2.0 1705  0.4 2321  2.0
 6  We        422 0525  0.5 1136  2.0 1744  0.5 9999  9.9
 7  Th        422 0001  2.0 0606  0.6 1214  1.9 1823  0.5
 8  Fr        422 0041  1.9 0648  0.6 1252  1.9 1903  0.6
 9  Sa        422 0122  1.9 0730  0.7 1333  1.8 1945  0.6
10  Su        422 0206  1.8 0816  0.7 1418  1.8 2031  0.6
11  Mo        422 0255  1.8 0907  0.7 1509  1.8 2122  0.7
12  Tu        422 0348  1.8 1000  0.7 1605  1.8 2218  0.7
13  We        422 0443  1.9 1056  0.7 1705  1.8 2314  0.6
14  Th        422 0538  1.9 1151  0.6 1804  1.9 9999  9.9
15  Fr        422 0010  0.6 0630  2.0 1245  0.5 1859  1.9
16  Sa        422 0104  0.5 0721  2.0 1336  0.5 1952  2.0
17  Su        422 0155  0.4 0811  2.1 1426  0.4 2042  2.1
18  Mo        422 0246  0.4 0900  2.1 1515  0.3 2132  2.1
19  Tu        422 0336  0.4 0949  2.1 1603  0.3 2222  2.1
20  We        422 0427  0.4 1038  2.1 1652  0.3 2312  2.1
21  Th        422 0518  0.4 1129  2.1 1742  0.3 9999  9.9
22  Fr        422 0004  2.1 0611  0.4 1221  2.0 1833  0.3
23  Sa        422 0059  2.1 0706  0.4 1316  2.0 1927  0.4
24  Su        422 0156  2.0 0803  0.5 1414  1.9 2023  0.5
25  Mo        422 0256  2.0 0902  0.5 1516  1.9 2123  0.5
26  Tu        422 0356  2.0 1002  0.5 1619  1.9 2224  0.5
27  We        422 0454  2.0 1101  0.5 1721  1.9 2324  0.5
28  Th        422 0550  2.0 1158  0.5 1818  2.0 9999  9.9
29  Fr        422 0021  0.5 0642  2.0 1251  0.4 1912  2.0
30  Sa        422 0114  0.5 0731  2.0 1340  0.4 2001  2.0
 1  Su        522 0203  0.5 0817  2.0 1426  0.4 2047  2.0
 2  Mo        522 0249  0.5 0901  2.0 1510  0.4 2130  2.0
 3  Tu        522 0333  0.5 0943  2.0 1552  0.4 2211  2.0
 4  We        522 0415  0.5 1023  2.0 1631  0.4 2251  2.0
 5  Th        522 0456  0.6 1101  1.9 1709  0.5 2329  2.0
 6  Fr        522 0536  0.6 1138  1.9 1747  0.5 9999  9.9
 7  Sa        522 0007  1.9 0617  0.6 1217  1.8 1826  0.6
 8  Su        522 0046  1.9 0659  0.7 1258  1.8 1908  0.6
 9  Mo        522 0129  1.9 0743  0.7 1343  1.8 1954  0.6
10  Tu        522 0216  1.9 0832  0.7 1433  1.8 2044  0.6
11  We        522 0307  1.9 0924  0.7 1529  1.8 2140  0.6
12  Th        522 0401  1.9 1019  0.6 1628  1.8 2238  0.6
13  Fr        522 0456  1.9 1115  0.6 1729  1.9 2336  0.6
14  Sa        522 0552  2.0 1211  0.5 1828  2.0 9999  9.9
15  Su        522 0034  0.5 0647  2.0 1305  0.4 1925  2.0
16  Mo        522 0129  0.5 0741  2.1 1358  0.3 2019  2.1
17  Tu        522 0223  0.4 0834  2.1 1450  0.3 2112  2.1
18  We        522 0317  0.4 0927  2.1 1541  0.2 2204  2.2
19  Th        522 0410  0.4 1020  2.1 1632  0.2 2257  2.2
20  Fr        522 0503  0.4 1113  2.1 1723  0.3 2350  2.2
21  Sa        522 0557  0.4 1207  2.0 1815  0.3 9999  9.9
22  Su        522 0045  2.1 0652  0.4 1303  2.0 1908  0.4
23  Mo        522 0141  2.1 0748  0.4 1401  1.9 2004  0.5
24  Tu        522 0238  2.1 0844  0.5 1500  1.9 2102  0.5
25  We        522 0334  2.0 0941  0.5 1601  1.9 2202  0.6
26  Th        522 0429  2.0 1037  0.5 1659  1.9 2300  0.6
27  Fr        522 0522  2.0 1131  0.5 1755  1.9 2356  0.6
28  Sa        522 0613  2.0 1223  0.4 1846  2.0 9999  9.9
29  Su        522 0048  0.6 0701  2.0 1311  0.4 1934  2.0
30  Mo        522 0137  0.6 0747  2.0 1357  0.4 2020  2.0
31  Tu        522 0223  0.6 0831  2.0 1440  0.4 2103  2.0
 1  We        622 0307  0.6 0912  1.9 1520  0.4 2143  2.0
 2  Th        622 0348  0.6 0952  1.9 1559  0.5 2222  2.0
 3  Fr        622 0429  0.6 1030  1.9 1637  0.5 2259  2.0
 4  Sa        622 0508  0.6 1108  1.9 1715  0.5 2336  1.9
 5  Su        622 0548  0.6 1147  1.8 1755  0.5 9999  9.9
 6  Mo        622 0015  1.9 0630  0.6 1229  1.8 1837  0.6
 7  Tu        622 0057  1.9 0714  0.6 1313  1.8 1922  0.6
 8  We        622 0142  1.9 0801  0.6 1403  1.8 2012  0.6
 9  Th        622 0231  1.9 0852  0.6 1457  1.8 2106  0.6
10  Fr        622 0324  1.9 0946  0.6 1556  1.9 2205  0.6
11  Sa        622 0420  2.0 1043  0.5 1658  1.9 2305  0.6
12  Su        622 0518  2.0 1140  0.4 1800  2.0 9999  9.9
13  Mo        622 0006  0.5 0616  2.0 1237  0.4 1900  2.0
14  Tu        622 0105  0.5 0714  2.1 1333  0.3 1957  2.1
15  We        622 0203  0.4 0812  2.1 1427  0.3 2052  2.2
16  Th        622 0258  0.4 0908  2.1 1520  0.2 2146  2.2
17  Fr        622 0353  0.4 1003  2.1 1612  0.2 2240  2.2
18  Sa        622 0447  0.3 1057  2.1 1704  0.3 2333  2.2
19  Su        622 0541  0.4 1152  2.1 1756  0.3 9999  9.9
20  Mo        622 0027  2.2 0634  0.4 1246  2.0 1849  0.4
21  Tu        622 0120  2.1 0727  0.4 1342  2.0 1943  0.5
22  We        622 0214  2.1 0821  0.4 1438  1.9 2038  0.5
23  Th        622 0307  2.0 0915  0.5 1536  1.9 2135  0.6
24  Fr        622 0359  2.0 1008  0.5 1632  1.9 2232  0.6
25  Sa        622 0451  2.0 1101  0.5 1726  1.9 2328  0.6
26  Su        622 0541  1.9 1152  0.5 1818  1.9 9999  9.9
27  Mo        622 0020  0.6 0629  1.9 1240  0.5 1906  2.0
28  Tu        622 0109  0.6 0716  1.9 1326  0.5 1951  2.0
29  We        622 0156  0.6 0801  1.9 1409  0.5 2034  2.0
30  Th        622 0239  0.6 0843  1.9 1450  0.5 2115  2.0
 1  Fr        722 0321  0.6 0924  1.9 1529  0.5 2153  2.0
 2  Sa        722 0402  0.6 1003  1.9 1608  0.5 2231  2.0
 3  Su        722 0441  0.6 1042  1.9 1647  0.5 2308  2.0
 4  Mo        722 0521  0.6 1122  1.9 1727  0.5 2347  2.0
 5  Tu        722 0603  0.6 1203  1.9 1810  0.5 9999  9.9
 6  We        722 0028  2.0 0646  0.6 1248  1.9 1855  0.5
 7  Th        722 0112  2.0 0733  0.6 1336  1.9 1944  0.6
 8  Fr        722 0200  2.0 0822  0.5 1429  1.9 2038  0.6
 9  Sa        722 0252  2.0 0916  0.5 1528  1.9 2137  0.6
10  Su        722 0348  2.0 1014  0.5 1631  1.9 2239  0.6
11  Mo        722 0449  2.0 1113  0.4 1736  2.0 2343  0.5
12  Tu        722 0551  2.0 1212  0.4 1838  2.0 9999  9.9
13  We        722 0045  0.5 0653  2.0 1310  0.3 1938  2.1
14  Th        722 0144  0.4 0753  2.1 1406  0.3 2034  2.2
15  Fr        722 0241  0.4 0851  2.1 1500  0.2 2128  2.2
16  Sa        722 0336  0.3 0947  2.1 1553  0.2 2221  2.2
17  Su        722 0429  0.3 1041  2.1 1644  0.3 2313  2.2
18  Mo        722 0521  0.3 1133  2.1 1735  0.3 9999  9.9
19  Tu        722 0004  2.2 0612  0.3 1225  2.0 1826  0.4
20  We        722 0054  2.1 0702  0.4 1318  2.0 1918  0.5
21  Th        722 0144  2.1 0752  0.4 1411  1.9 2010  0.6
22  Fr        722 0234  2.0 0843  0.5 1504  1.9 2105  0.6
23  Sa        722 0324  1.9 0934  0.5 1559  1.9 2200  0.7
24  Su        722 0414  1.9 1025  0.5 1653  1.9 2255  0.7
25  Mo        722 0505  1.9 1116  0.6 1745  1.9 2348  0.7
26  Tu        722 0555  1.9 1206  0.6 1835  1.9 9999  9.9
27  We        722 0039  0.7 0644  1.8 1253  0.5 1921  1.9
28  Th        722 0126  0.7 0731  1.9 1338  0.5 2005  2.0
29  Fr        722 0211  0.6 0815  1.9 1420  0.5 2046  2.0
30  Sa        722 0253  0.6 0857  1.9 1500  0.5 2125  2.0
31  Su        722 0334  0.6 0938  1.9 1541  0.5 2203  2.0
 1  Mo        822 0414  0.6 1018  1.9 1621  0.5 2241  2.0
 2  Tu        822 0455  0.5 1058  1.9 1703  0.5 2320  2.0
 3  We        822 0537  0.5 1140  1.9 1746  0.5 9999  9.9
 4  Th        822 0002  2.0 0620  0.5 1225  1.9 1832  0.5
 5  Fr        822 0046  2.0 0707  0.5 1313  1.9 1922  0.5
 6  Sa        822 0134  2.0 0756  0.5 1407  1.9 2016  0.6
 7  Su        822 0226  2.0 0850  0.5 1506  1.9 2115  0.6
 8  Mo        822 0323  2.0 0948  0.5 1610  1.9 2219  0.6
 9  Tu        822 0426  2.0 1049  0.4 1716  2.0 2324  0.6
10  We        822 0532  2.0 1151  0.4 1820  2.0 9999  9.9
11  Th        822 0027  0.5 0637  2.0 1251  0.3 1919  2.1
12  Fr        822 0126  0.4 0738  2.0 1347  0.3 2015  2.2
13  Sa        822 0223  0.4 0835  2.1 1441  0.3 2108  2.2
14  Su        822 0316  0.3 0930  2.1 1533  0.3 2159  2.2
15  Mo        822 0408  0.3 1021  2.1 1623  0.3 2249  2.2
16  Tu        822 0457  0.3 1111  2.1 1713  0.3 2337  2.2
17  We        822 0545  0.3 1200  2.1 1801  0.4 9999  9.9
18  Th        822 0024  2.1 0632  0.4 1249  2.0 1850  0.5
19  Fr        822 0110  2.0 0719  0.4 1338  2.0 1939  0.6
20  Sa        822 0157  2.0 0806  0.5 1428  1.9 2030  0.6
21  Su        822 0244  1.9 0854  0.6 1521  1.9 2123  0.7
22  Mo        822 0333  1.8 0944  0.6 1614  1.8 2217  0.7
23  Tu        822 0425  1.8 1036  0.6 1708  1.8 2312  0.7
24  We        822 0518  1.8 1128  0.6 1759  1.9 9999  9.9
25  Th        822 0004  0.7 0610  1.8 1217  0.6 1847  1.9
26  Fr        822 0053  0.7 0700  1.8 1305  0.6 1931  1.9
27  Sa        822 0139  0.6 0747  1.9 1349  0.5 2013  2.0
28  Su        822 0222  0.6 0831  1.9 1432  0.5 2054  2.0
29  Mo        822 0304  0.5 0913  1.9 1514  0.5 2133  2.0
30  Tu        822 0346  0.5 0955  2.0 1557  0.4 2214  2.0
31  We        822 0428  0.5 1037  2.0 1640  0.4 2255  2.0
 1  Th        922 0511  0.4 1120  2.0 1725  0.5 2338  2.0
 2  Fr        922 0556  0.4 1206  2.0 1813  0.5 9999  9.9
 3  Sa        922 0023  2.0 0643  0.4 1255  2.0 1904  0.5
 4  Su        922 0112  2.0 0733  0.4 1349  1.9 1959  0.6
 5  Mo        922 0206  2.0 0828  0.5 1449  1.9 2059  0.6
 6  Tu        922 0306  1.9 0927  0.5 1554  1.9 2202  0.6
 7  We        922 0411  1.9 1029  0.5 1700  2.0 2307  0.6
 8  Th        922 0518  1.9 1132  0.4 1802  2.0 9999  9.9
 9  Fr        922 0010  0.5 0623  2.0 1232  0.4 1900  2.1
10  Sa        922 0108  0.4 0723  2.0 1329  0.3 1955  2.2
11  Su        922 0203  0.4 0819  2.1 1422  0.3 2046  2.2
12  Mo        922 0254  0.3 0911  2.1 1513  0.3 2135  2.2
13  Tu        922 0343  0.3 1000  2.1 1601  0.3 2221  2.2
14  We        922 0430  0.3 1047  2.1 1648  0.4 2307  2.1
15  Th        922 0516  0.3 1132  2.1 1735  0.4 2351  2.1
16  Fr        922 0600  0.4 1217  2.0 1820  0.5 9999  9.9
17  Sa        922 0034  2.0 0643  0.5 1303  2.0 1906  0.6
18  Su        922 0117  1.9 0727  0.5 1349  1.9 1954  0.7
19  Mo        922 0200  1.8 0811  0.6 1438  1.8 2043  0.7
20  Tu        922 0247  1.8 0859  0.6 1529  1.8 2136  0.8
21  We        922 0339  1.8 0950  0.7 1623  1.8 2230  0.8
22  Th        922 0435  1.8 1044  0.7 1716  1.8 2324  0.7
23  Fr        922 0532  1.8 1137  0.7 1806  1.9 9999  9.9
24  Sa        922 0015  0.7 0626  1.8 1228  0.6 1853  1.9
25  Su        922 0103  0.6 0716  1.9 1317  0.6 1938  2.0
26  Mo        922 0149  0.5 0802  1.9 1403  0.5 2021  2.0
27  Tu        922 0234  0.5 0847  2.0 1448  0.5 2104  2.0
28  We        922 0318  0.4 0931  2.0 1534  0.4 2147  2.1
29  Th        922 0402  0.4 1016  2.0 1620  0.4 2231  2.1
30  Fr        922 0447  0.4 1102  2.1 1707  0.4 2317  2.1
 1  Sa       1022 0534  0.4 1150  2.0 1757  0.5 9999  9.9
 2  Su       1022 0005  2.0 0622  0.4 1241  2.0 1849  0.5
 3  Mo       1022 0056  2.0 0714  0.4 1336  2.0 1946  0.5
 4  Tu       1022 0152  1.9 0809  0.4 1436  2.0 2045  0.6
 5  We       1022 0253  1.9 0908  0.5 1540  2.0 2148  0.6
 6  Th       1022 0359  1.9 1010  0.5 1643  2.0 2251  0.5
 7  Fr       1022 0505  1.9 1113  0.5 1743  2.0 2351  0.5
 8  Sa       1022 0609  2.0 1213  0.4 1839  2.1 9999  9.9
 9  Su       1022 0048  0.4 0707  2.0 1309  0.4 1931  2.1
10  Mo       1022 0141  0.3 0800  2.1 1402  0.4 2021  2.1
11  Tu       1022 0230  0.3 0849  2.1 1451  0.4 2108  2.1
12  We       1022 0317  0.3 0936  2.1 1538  0.4 2153  2.1
13  Th       1022 0402  0.3 1021  2.1 1624  0.4 2236  2.1
14  Fr       1022 0445  0.4 1104  2.1 1708  0.5 2317  2.0
15  Sa       1022 0526  0.4 1146  2.0 1751  0.6 2358  1.9
16  Su       1022 0607  0.5 1227  2.0 1834  0.6 9999  9.9
17  Mo       1022 0037  1.9 0647  0.5 1309  1.9 1918  0.7
18  Tu       1022 0118  1.8 0729  0.6 1354  1.9 2004  0.7
19  We       1022 0203  1.8 0814  0.7 1442  1.8 2054  0.7
20  Th       1022 0253  1.7 0904  0.7 1533  1.8 2146  0.7
21  Fr       1022 0349  1.7 0958  0.7 1627  1.8 2240  0.7
22  Sa       1022 0449  1.8 1054  0.7 1720  1.9 2334  0.7
23  Su       1022 0547  1.8 1150  0.6 1810  1.9 9999  9.9
24  Mo       1022 0025  0.6 0641  1.9 1243  0.6 1859  2.0
25  Tu       1022 0115  0.5 0732  1.9 1333  0.5 1947  2.0
26  We       1022 0203  0.4 0821  2.0 1423  0.5 2035  2.1
27  Th       1022 0251  0.4 0909  2.1 1512  0.4 2122  2.1
28  Fr       1022 0338  0.3 0957  2.1 1601  0.4 2210  2.1
29  Sa       1022 0425  0.3 1045  2.1 1651  0.4 2259  2.1
30  Su       1022 0514  0.3 1136  2.1 1743  0.4 2350  2.0
31  Mo       1022 0604  0.3 1228  2.1 1837  0.5 9999  9.9
 1  Tu       1122 0044  2.0 0656  0.4 1324  2.1 1933  0.5
 2  We       1122 0141  1.9 0751  0.4 1423  2.0 2031  0.5
 3  Th       1122 0242  1.9 0850  0.5 1523  2.0 2131  0.5
 4  Fr       1122 0346  1.9 0951  0.5 1623  2.0 2231  0.5
 5  Sa       1122 0450  1.9 1053  0.5 1720  2.0 2329  0.4
 6  Su       1122 0551  2.0 1152  0.5 1814  2.1 9999  9.9
 7  Mo       1122 0024  0.4 0646  2.0 1248  0.5 1905  2.1
 8  Tu       1122 0116  0.4 0738  2.0 1339  0.5 1954  2.1
 9  We       1122 0204  0.3 0826  2.1 1428  0.5 2040  2.1
10  Th       1122 0250  0.3 0911  2.1 1514  0.5 2124  2.0
11  Fr       1122 0333  0.4 0955  2.1 1559  0.5 2206  2.0
12  Sa       1122 0414  0.4 1036  2.0 1642  0.5 2246  1.9
13  Su       1122 0454  0.4 1116  2.0 1723  0.6 2324  1.9
14  Mo       1122 0532  0.5 1155  2.0 1804  0.6 9999  9.9
15  Tu       1122 0003  1.8 0611  0.5 1233  1.9 1846  0.7
16  We       1122 0042  1.8 0651  0.6 1314  1.9 1929  0.7
17  Th       1122 0126  1.8 0734  0.6 1359  1.9 2015  0.7
18  Fr       1122 0214  1.8 0822  0.7 1447  1.9 2105  0.7
19  Sa       1122 0307  1.8 0915  0.7 1539  1.9 2158  0.7
20  Su       1122 0406  1.8 1012  0.7 1633  1.9 2253  0.6
21  Mo       1122 0507  1.8 1111  0.6 1727  1.9 2348  0.5
22  Tu       1122 0606  1.9 1209  0.6 1821  2.0 9999  9.9
23  We       1122 0041  0.5 0702  2.0 1304  0.5 1915  2.0
24  Th       1122 0134  0.4 0755  2.0 1358  0.5 2008  2.1
25  Fr       1122 0225  0.3 0847  2.1 1451  0.4 2100  2.1
26  Sa       1122 0315  0.3 0939  2.1 1544  0.4 2152  2.1
27  Su       1122 0405  0.2 1030  2.2 1637  0.4 2244  2.1
28  Mo       1122 0455  0.3 1122  2.2 1730  0.4 2338  2.0
29  Tu       1122 0546  0.3 1215  2.2 1823  0.4 9999  9.9
30  We       1122 0032  2.0 0639  0.3 1310  2.1 1918  0.4
 1  Th       1222 0128  2.0 0733  0.4 1406  2.1 2014  0.4
 2  Fr       1222 0227  1.9 0830  0.5 1502  2.1 2111  0.4
 3  Sa       1222 0328  1.9 0930  0.5 1558  2.0 2207  0.5
 4  Su       1222 0429  1.9 1030  0.6 1653  2.0 2303  0.4
 5  Mo       1222 0528  1.9 1128  0.6 1746  2.0 2357  0.4
 6  Tu       1222 0622  2.0 1223  0.6 1837  2.0 9999  9.9
 7  We       1222 0048  0.4 0713  2.0 1315  0.6 1926  2.0
 8  Th       1222 0136  0.4 0801  2.0 1404  0.6 2012  2.0
 9  Fr       1222 0222  0.4 0846  2.0 1450  0.6 2056  1.9
10  Sa       1222 0304  0.4 0929  2.0 1534  0.6 2138  1.9
11  Su       1222 0345  0.4 1009  2.0 1616  0.6 2217  1.9
12  Mo       1222 0423  0.5 1048  2.0 1656  0.6 2256  1.9
13  Tu       1222 0501  0.5 1125  2.0 1736  0.6 2333  1.8
14  We       1222 0539  0.5 1202  1.9 1816  0.6 9999  9.9
15  Th       1222 0012  1.8 0619  0.6 1240  1.9 1857  0.6
16  Fr       1222 0054  1.8 0701  0.6 1322  1.9 1941  0.6
17  Sa       1222 0140  1.8 0748  0.6 1408  1.9 2028  0.6
18  Su       1222 0231  1.8 0839  0.6 1457  1.9 2120  0.6
19  Mo       1222 0328  1.8 0935  0.6 1551  1.9 2215  0.6
20  Tu       1222 0429  1.8 1035  0.6 1647  1.9 2312  0.5
21  We       1222 0532  1.9 1137  0.6 1746  2.0 9999  9.9
22  Th       1222 0010  0.4 0633  2.0 1237  0.6 1846  2.0
23  Fr       1222 0106  0.4 0731  2.0 1336  0.5 1944  2.0
24  Sa       1222 0201  0.3 0827  2.1 1432  0.4 2041  2.1
25  Su       1222 0254  0.2 0921  2.2 1527  0.4 2136  2.1
26  Mo       1222 0346  0.2 1014  2.2 1621  0.3 2230  2.1
27  Tu       1222 0437  0.2 1106  2.2 1714  0.3 2324  2.1
28  We       1222 0529  0.3 1159  2.2 1807  0.3 9999  9.9
29  Th       1222 0017  2.1 0621  0.3 1251  2.2 1859  0.4
30  Fr       1222 0112  2.0 0714  0.4 1344  2.1 1952  0.4
31  Sa       1222 0208  2.0 0808  0.5 1437  2.1 2046  0.4
