090Paratutae Island
Based on data from  1-Jul-2015
Local Std Time, tidal heights in metres.
 1  Sa        122 0215  0.6 0829  3.2 1446  0.6 2051  3.2
 2  Su        122 0311  0.5 0924  3.3 1541  0.5 2147  3.3
 3  Mo        122 0404  0.4 1016  3.4 1633  0.4 2239  3.3
 4  Tu        122 0454  0.4 1106  3.5 1723  0.4 2330  3.3
 5  We        122 0541  0.4 1153  3.5 1812  0.5 9999  9.9
 6  Th        122 0019  3.2 0628  0.5 1240  3.4 1900  0.5
 7  Fr        122 0106  3.1 0714  0.6 1327  3.3 1947  0.7
 8  Sa        122 0154  3.0 0801  0.7 1415  3.1 2035  0.8
 9  Su        122 0242  2.9 0850  0.9 1505  3.0 2125  0.9
10  Mo        122 0334  2.8 0943  1.0 1558  2.8 2219  1.0
11  Tu        122 0432  2.7 1044  1.2 1655  2.7 2317  1.1
12  We        122 0535  2.6 1149  1.2 1756  2.7 9999  9.9
13  Th        122 0019  1.1 0639  2.7 1253  1.2 1855  2.7
14  Fr        122 0118  1.1 0737  2.7 1350  1.1 1950  2.7
15  Sa        122 0211  1.0 0827  2.8 1439  1.0 2039  2.8
16  Su        122 0257  0.9 0910  2.9 1522  0.9 2123  2.9
17  Mo        122 0338  0.8 0950  3.0 1602  0.8 2203  2.9
18  Tu        122 0416  0.7 1027  3.1 1640  0.8 2241  3.0
19  We        122 0453  0.7 1102  3.2 1717  0.7 2318  3.0
20  Th        122 0528  0.6 1137  3.2 1753  0.7 2355  3.1
21  Fr        122 0604  0.6 1213  3.2 1831  0.7 9999  9.9
22  Sa        122 0031  3.0 0641  0.7 1250  3.2 1909  0.7
23  Su        122 0110  3.0 0720  0.7 1330  3.1 1951  0.7
24  Mo        122 0152  3.0 0802  0.8 1413  3.1 2036  0.8
25  Tu        122 0239  2.9 0851  0.9 1504  3.0 2127  0.9
26  We        122 0334  2.8 0949  1.0 1602  2.9 2227  0.9
27  Th        122 0440  2.8 1059  1.0 1711  2.8 2337  0.9
28  Fr        122 0555  2.8 1216  1.0 1825  2.9 9999  9.9
29  Sa        122 0051  0.9 0710  2.9 1330  0.9 1937  2.9
30  Su        122 0200  0.7 0816  3.1 1434  0.7 2041  3.1
31  Mo        122 0259  0.6 0914  3.3 1531  0.6 2138  3.2
 1  Tu        222 0352  0.5 1005  3.4 1622  0.5 2229  3.3
 2  We        222 0441  0.4 1052  3.5 1709  0.4 2316  3.3
 3  Th        222 0525  0.4 1136  3.5 1754  0.4 9999  9.9
 4  Fr        222 0000  3.3 0608  0.4 1219  3.4 1836  0.5
 5  Sa        222 0041  3.2 0649  0.5 1259  3.3 1917  0.6
 6  Su        222 0122  3.1 0730  0.7 1339  3.1 1957  0.7
 7  Mo        222 0202  3.0 0811  0.9 1421  3.0 2039  0.9
 8  Tu        222 0245  2.8 0856  1.0 1506  2.8 2124  1.0
 9  We        222 0334  2.7 0948  1.2 1557  2.7 2217  1.2
10  Th        222 0434  2.6 1052  1.3 1659  2.6 2322  1.2
11  Fr        222 0547  2.6 1206  1.3 1809  2.5 9999  9.9
12  Sa        222 0035  1.2 0659  2.6 1316  1.3 1917  2.6
13  Su        222 0140  1.1 0758  2.7 1412  1.1 2014  2.7
14  Mo        222 0232  1.0 0846  2.9 1458  1.0 2101  2.8
15  Tu        222 0315  0.9 0927  3.0 1539  0.8 2143  2.9
16  We        222 0354  0.7 1004  3.1 1617  0.7 2221  3.1
17  Th        222 0431  0.6 1040  3.2 1654  0.6 2257  3.2
18  Fr        222 0507  0.5 1115  3.3 1730  0.5 2333  3.2
19  Sa        222 0542  0.5 1150  3.3 1807  0.5 9999  9.9
20  Su        222 0009  3.2 0619  0.5 1227  3.3 1845  0.5
21  Mo        222 0047  3.2 0658  0.6 1306  3.2 1926  0.6
22  Tu        222 0128  3.1 0740  0.7 1349  3.1 2010  0.7
23  We        222 0213  3.0 0828  0.8 1438  3.0 2100  0.8
24  Th        222 0308  2.9 0926  1.0 1537  2.8 2201  1.0
25  Fr        222 0416  2.8 1039  1.1 1650  2.7 2316  1.0
26  Sa        222 0537  2.8 1202  1.1 1813  2.7 9999  9.9
27  Su        222 0037  1.0 0658  2.9 1320  1.0 1930  2.8
28  Mo        222 0149  0.8 0806  3.0 1424  0.8 2034  3.0
 1  Tu        322 0248  0.7 0901  3.2 1518  0.6 2127  3.1
 2  We        322 0338  0.5 0950  3.4 1606  0.5 2214  3.3
 3  Th        322 0423  0.4 1033  3.4 1649  0.4 2256  3.3
 4  Fr        322 0505  0.4 1113  3.4 1729  0.4 2335  3.3
 5  Sa        322 0544  0.4 1151  3.4 1807  0.5 9999  9.9
 6  Su        322 0012  3.2 0621  0.5 1227  3.3 1843  0.6
 7  Mo        322 0047  3.1 0657  0.7 1303  3.1 1919  0.7
 8  Tu        322 0123  3.0 0734  0.8 1339  3.0 1955  0.9
 9  We        322 0201  2.9 0814  1.0 1420  2.8 2035  1.0
10  Th        322 0245  2.7 0901  1.2 1508  2.6 2123  1.2
11  Fr        322 0340  2.6 1000  1.3 1608  2.5 2226  1.3
12  Sa        322 0453  2.5 1116  1.4 1722  2.5 2345  1.3
13  Su        322 0614  2.5 1234  1.3 1839  2.5 9999  9.9
14  Mo        322 0101  1.2 0721  2.7 1337  1.2 1942  2.6
15  Tu        322 0159  1.1 0812  2.8 1426  1.0 2032  2.8
16  We        322 0245  0.9 0855  3.0 1508  0.8 2114  3.0
17  Th        322 0325  0.7 0933  3.2 1547  0.6 2153  3.1
18  Fr        322 0403  0.6 1010  3.3 1625  0.5 2230  3.3
19  Sa        322 0440  0.5 1047  3.4 1703  0.4 2308  3.3
20  Su        322 0518  0.4 1125  3.4 1742  0.4 2346  3.3
21  Mo        322 0557  0.4 1203  3.4 1822  0.4 9999  9.9
22  Tu        322 0025  3.3 0638  0.5 1245  3.3 1904  0.5
23  We        322 0108  3.2 0723  0.7 1330  3.1 1950  0.7
24  Th        322 0155  3.0 0814  0.8 1422  2.9 2042  0.9
25  Fr        322 0253  2.9 0916  1.0 1526  2.8 2146  1.0
26  Sa        322 0404  2.8 1031  1.1 1643  2.7 2304  1.1
27  Su        322 0528  2.8 1154  1.1 1807  2.7 9999  9.9
28  Mo        322 0026  1.0 0647  2.9 1308  0.9 1921  2.8
29  Tu        322 0135  0.9 0750  3.0 1409  0.8 2020  3.0
30  We        322 0231  0.7 0842  3.2 1459  0.6 2109  3.1
31  Th        322 0319  0.6 0927  3.3 1543  0.5 2152  3.2
 1  Fr        422 0401  0.5 1008  3.4 1624  0.4 2231  3.3
 2  Sa        422 0440  0.5 1046  3.3 1701  0.5 2307  3.3
 3  Su        422 0517  0.5 1121  3.3 1736  0.5 2341  3.2
 4  Mo        422 0552  0.6 1155  3.2 1810  0.6 9999  9.9
 5  Tu        422 0014  3.1 0626  0.7 1228  3.0 1843  0.7
 6  We        422 0048  3.0 0701  0.9 1304  2.9 1918  0.9
 7  Th        422 0124  2.9 0740  1.0 1343  2.8 1957  1.0
 8  Fr        422 0207  2.8 0826  1.2 1430  2.6 2043  1.2
 9  Sa        422 0300  2.6 0922  1.3 1528  2.5 2142  1.3
10  Su        422 0407  2.5 1031  1.3 1639  2.5 2255  1.3
11  Mo        422 0523  2.6 1146  1.3 1754  2.5 9999  9.9
12  Tu        422 0012  1.2 0633  2.7 1251  1.1 1859  2.6
13  We        422 0115  1.1 0728  2.8 1344  1.0 1952  2.8
14  Th        422 0205  0.9 0814  3.0 1430  0.8 2038  3.0
15  Fr        422 0250  0.7 0856  3.2 1513  0.6 2120  3.2
16  Sa        422 0331  0.6 0937  3.3 1554  0.4 2201  3.3
17  Su        422 0413  0.5 1018  3.4 1635  0.4 2242  3.4
18  Mo        422 0454  0.4 1059  3.4 1717  0.4 2323  3.4
19  Tu        422 0537  0.4 1143  3.3 1801  0.4 9999  9.9
20  We        422 0007  3.3 0623  0.5 1228  3.2 1846  0.5
21  Th        422 0053  3.2 0712  0.7 1319  3.1 1936  0.7
22  Fr        422 0145  3.1 0807  0.8 1415  2.9 2031  0.9
23  Sa        422 0246  2.9 0911  1.0 1522  2.8 2136  1.0
24  Su        422 0357  2.8 1024  1.0 1638  2.7 2252  1.1
25  Mo        422 0515  2.8 1140  1.0 1755  2.7 9999  9.9
26  Tu        422 0008  1.0 0627  2.9 1248  0.9 1902  2.8
27  We        422 0113  0.9 0726  3.0 1344  0.8 1957  3.0
28  Th        422 0207  0.8 0816  3.1 1433  0.7 2044  3.1
29  Fr        422 0254  0.7 0900  3.2 1516  0.6 2126  3.2
30  Sa        422 0335  0.6 0939  3.2 1555  0.6 2204  3.2
 1  Su        522 0414  0.6 1016  3.2 1631  0.6 2239  3.2
 2  Mo        522 0450  0.6 1051  3.1 1706  0.6 2312  3.2
 3  Tu        522 0525  0.7 1125  3.1 1740  0.7 2346  3.1
 4  We        522 0600  0.8 1159  3.0 1813  0.8 9999  9.9
 5  Th        522 0020  3.0 0636  0.9 1236  2.9 1849  0.9
 6  Fr        522 0057  2.9 0716  1.0 1317  2.7 1929  1.0
 7  Sa        522 0140  2.8 0801  1.1 1403  2.6 2014  1.1
 8  Su        522 0230  2.7 0853  1.2 1458  2.6 2108  1.2
 9  Mo        522 0329  2.6 0953  1.2 1600  2.5 2211  1.2
10  Tu        522 0434  2.6 1057  1.2 1707  2.6 2319  1.2
11  We        522 0539  2.7 1200  1.1 1810  2.7 9999  9.9
12  Th        522 0024  1.1 0637  2.9 1256  0.9 1907  2.8
13  Fr        522 0121  0.9 0729  3.0 1348  0.7 1958  3.0
14  Sa        522 0212  0.8 0817  3.2 1436  0.6 2046  3.2
15  Su        522 0300  0.6 0904  3.3 1523  0.5 2132  3.3
16  Mo        522 0346  0.5 0951  3.3 1610  0.4 2218  3.4
17  Tu        522 0433  0.4 1038  3.3 1656  0.4 2305  3.4
18  We        522 0521  0.5 1127  3.3 1744  0.4 2353  3.4
19  Th        522 0611  0.5 1218  3.2 1833  0.5 9999  9.9
20  Fr        522 0043  3.3 0704  0.6 1312  3.1 1925  0.7
21  Sa        522 0138  3.2 0801  0.8 1410  2.9 2021  0.8
22  Su        522 0238  3.0 0902  0.9 1513  2.8 2123  0.9
23  Mo        522 0343  2.9 1008  0.9 1621  2.8 2231  1.0
24  Tu        522 0451  2.9 1114  0.9 1730  2.8 2340  1.0
25  We        522 0556  2.9 1217  0.9 1832  2.8 9999  9.9
26  Th        522 0043  1.0 0653  3.0 1312  0.8 1927  2.9
27  Fr        522 0138  0.9 0743  3.0 1401  0.8 2015  3.0
28  Sa        522 0225  0.8 0828  3.0 1446  0.7 2057  3.1
29  Su        522 0308  0.8 0910  3.0 1526  0.7 2136  3.1
30  Mo        522 0348  0.7 0948  3.0 1604  0.7 2213  3.1
31  Tu        522 0426  0.8 1025  3.0 1640  0.7 2249  3.1
 1  We        622 0503  0.8 1101  3.0 1715  0.8 2323  3.1
 2  Th        622 0539  0.8 1138  2.9 1751  0.8 2359  3.0
 3  Fr        622 0616  0.9 1216  2.8 1828  0.9 9999  9.9
 4  Sa        622 0037  3.0 0656  1.0 1257  2.8 1907  0.9
 5  Su        622 0118  2.9 0739  1.0 1341  2.7 1950  1.0
 6  Mo        622 0203  2.8 0826  1.0 1429  2.7 2038  1.1
 7  Tu        622 0254  2.8 0917  1.1 1523  2.7 2132  1.1
 8  We        622 0350  2.8 1012  1.0 1621  2.7 2232  1.1
 9  Th        622 0448  2.8 1110  1.0 1722  2.7 2335  1.1
10  Fr        622 0548  2.9 1210  0.9 1822  2.9 9999  9.9
11  Sa        622 0037  1.0 0645  3.0 1308  0.8 1921  3.0
12  Su        622 0136  0.8 0741  3.1 1404  0.6 2016  3.2
13  Mo        622 0232  0.7 0836  3.2 1457  0.5 2109  3.3
14  Tu        622 0325  0.6 0930  3.2 1549  0.4 2200  3.4
15  We        622 0418  0.5 1023  3.3 1640  0.4 2251  3.4
16  Th        622 0509  0.5 1115  3.3 1730  0.4 2342  3.4
17  Fr        622 0601  0.5 1208  3.2 1821  0.5 9999  9.9
18  Sa        622 0033  3.4 0654  0.6 1302  3.1 1912  0.6
19  Su        622 0125  3.3 0747  0.6 1356  3.0 2004  0.7
20  Mo        622 0220  3.1 0842  0.7 1453  2.9 2100  0.9
21  Tu        622 0317  3.0 0939  0.8 1551  2.8 2200  1.0
22  We        622 0417  2.9 1038  0.9 1652  2.8 2303  1.0
23  Th        622 0516  2.9 1137  0.9 1753  2.8 9999  9.9
24  Fr        622 0006  1.0 0614  2.8 1234  0.9 1851  2.8
25  Sa        622 0104  1.0 0707  2.8 1327  0.9 1943  2.9
26  Su        622 0156  1.0 0757  2.9 1416  0.9 2030  2.9
27  Mo        622 0243  0.9 0842  2.9 1500  0.8 2112  3.0
28  Tu        622 0326  0.9 0925  2.9 1541  0.8 2152  3.0
29  We        622 0406  0.8 1005  2.9 1619  0.8 2229  3.1
30  Th        622 0444  0.8 1043  2.9 1656  0.8 2305  3.1
 1  Fr        722 0521  0.8 1121  2.9 1732  0.8 2341  3.1
 2  Sa        722 0558  0.8 1159  2.9 1808  0.8 9999  9.9
 3  Su        722 0017  3.0 0636  0.8 1237  2.9 1846  0.8
 4  Mo        722 0055  3.0 0715  0.9 1317  2.9 1925  0.9
 5  Tu        722 0136  3.0 0757  0.9 1359  2.8 2007  0.9
 6  We        722 0220  2.9 0842  0.9 1446  2.8 2055  1.0
 7  Th        722 0309  2.9 0932  0.9 1539  2.8 2150  1.0
 8  Fr        722 0404  2.9 1027  0.9 1638  2.8 2253  1.0
 9  Sa        722 0505  2.9 1129  0.9 1743  2.8 9999  9.9
10  Su        722 0001  1.0 0609  2.9 1234  0.8 1850  2.9
11  Mo        722 0109  0.9 0714  3.0 1338  0.7 1954  3.1
12  Tu        722 0213  0.8 0817  3.1 1439  0.6 2053  3.2
13  We        722 0311  0.6 0916  3.2 1535  0.5 2147  3.4
14  Th        722 0406  0.5 1012  3.2 1627  0.4 2239  3.5
15  Fr        722 0458  0.4 1105  3.3 1717  0.4 2328  3.5
16  Sa        722 0548  0.4 1155  3.3 1805  0.4 9999  9.9
17  Su        722 0017  3.4 0637  0.4 1244  3.2 1852  0.5
18  Mo        722 0105  3.3 0725  0.5 1332  3.1 1940  0.6
19  Tu        722 0153  3.2 0813  0.7 1421  3.0 2029  0.8
20  We        722 0242  3.1 0902  0.8 1512  2.9 2121  1.0
21  Th        722 0334  2.9 0954  0.9 1607  2.8 2219  1.1
22  Fr        722 0430  2.8 1050  1.0 1707  2.7 2322  1.2
23  Sa        722 0529  2.7 1150  1.1 1811  2.7 9999  9.9
24  Su        722 0028  1.2 0630  2.7 1252  1.1 1912  2.7
25  Mo        722 0127  1.1 0727  2.7 1348  1.0 2005  2.8
26  Tu        722 0220  1.0 0819  2.7 1437  0.9 2051  2.9
27  We        722 0305  1.0 0906  2.8 1521  0.9 2132  3.0
28  Th        722 0346  0.9 0947  2.9 1600  0.8 2210  3.1
29  Fr        722 0424  0.8 1026  3.0 1636  0.7 2246  3.1
30  Sa        722 0501  0.7 1102  3.0 1712  0.7 2320  3.2
31  Su        722 0536  0.7 1138  3.0 1747  0.7 2354  3.2
 1  Mo        822 0612  0.7 1213  3.0 1822  0.7 9999  9.9
 2  Tu        822 0030  3.2 0649  0.7 1250  3.0 1859  0.7
 3  We        822 0107  3.1 0727  0.7 1329  3.0 1938  0.8
 4  Th        822 0147  3.0 0809  0.8 1412  2.9 2023  0.9
 5  Fr        822 0234  3.0 0856  0.9 1502  2.8 2117  1.0
 6  Sa        822 0328  2.9 0951  0.9 1603  2.8 2221  1.1
 7  Su        822 0432  2.8 1057  1.0 1714  2.8 2336  1.1
 8  Mo        822 0545  2.8 1210  0.9 1831  2.9 9999  9.9
 9  Tu        822 0053  1.0 0659  2.9 1323  0.8 1941  3.0
10  We        822 0201  0.8 0808  3.0 1427  0.7 2042  3.2
11  Th        822 0301  0.6 0908  3.1 1523  0.5 2135  3.4
12  Fr        822 0354  0.5 1001  3.3 1613  0.4 2224  3.5
13  Sa        822 0443  0.4 1050  3.3 1700  0.3 2310  3.5
14  Su        822 0529  0.3 1136  3.3 1745  0.4 2354  3.5
15  Mo        822 0613  0.4 1219  3.3 1828  0.4 9999  9.9
16  Tu        822 0037  3.4 0655  0.5 1302  3.2 1910  0.6
17  We        822 0119  3.2 0737  0.6 1344  3.0 1953  0.8
18  Th        822 0202  3.0 0820  0.8 1428  2.9 2039  1.0
19  Fr        822 0248  2.9 0905  1.0 1517  2.8 2132  1.1
20  Sa        822 0340  2.7 0957  1.1 1616  2.6 2235  1.3
21  Su        822 0441  2.6 1101  1.2 1727  2.6 2348  1.3
22  Mo        822 0551  2.5 1214  1.2 1839  2.6 9999  9.9
23  Tu        822 0058  1.2 0700  2.6 1320  1.1 1940  2.7
24  We        822 0155  1.1 0758  2.7 1414  1.0 2028  2.9
25  Th        822 0242  1.0 0845  2.8 1458  0.9 2109  3.0
26  Fr        822 0323  0.8 0926  2.9 1537  0.8 2146  3.1
27  Sa        822 0400  0.7 1003  3.0 1613  0.7 2220  3.2
28  Su        822 0435  0.6 1039  3.1 1647  0.6 2254  3.3
29  Mo        822 0510  0.6 1113  3.2 1722  0.6 2328  3.3
30  Tu        822 0545  0.5 1147  3.2 1757  0.6 9999  9.9
31  We        822 0002  3.3 0621  0.6 1223  3.2 1833  0.6
 1  Th        922 0039  3.2 0659  0.6 1301  3.1 1913  0.7
 2  Fr        922 0119  3.1 0741  0.7 1344  3.0 1959  0.9
 3  Sa        922 0206  3.0 0828  0.8 1435  2.9 2053  1.0
 4  Su        922 0302  2.8 0925  1.0 1539  2.8 2202  1.1
 5  Mo        922 0412  2.7 1036  1.0 1658  2.8 2324  1.1
 6  Tu        922 0534  2.7 1157  1.0 1821  2.8 9999  9.9
 7  We        922 0045  1.0 0654  2.8 1313  0.9 1932  3.0
 8  Th        922 0152  0.8 0802  3.0 1416  0.7 2030  3.2
 9  Fr        922 0248  0.6 0858  3.1 1509  0.5 2120  3.4
10  Sa        922 0338  0.4 0946  3.3 1556  0.4 2205  3.5
11  Su        922 0423  0.3 1031  3.4 1640  0.3 2248  3.5
12  Mo        922 0505  0.3 1112  3.4 1721  0.4 2328  3.5
13  Tu        922 0544  0.4 1151  3.3 1800  0.5 9999  9.9
14  We        922 0006  3.3 0623  0.5 1228  3.2 1839  0.6
15  Th        922 0043  3.2 0700  0.6 1306  3.1 1918  0.8
16  Fr        922 0122  3.0 0738  0.8 1345  2.9 1959  1.0
17  Sa        922 0203  2.8 0819  1.0 1430  2.8 2048  1.2
18  Su        922 0252  2.6 0908  1.2 1526  2.6 2148  1.3
19  Mo        922 0354  2.5 1010  1.3 1640  2.5 2305  1.4
20  Tu        922 0510  2.4 1130  1.3 1801  2.6 9999  9.9
21  We        922 0023  1.3 0628  2.5 1246  1.2 1907  2.7
22  Th        922 0124  1.1 0729  2.6 1343  1.1 1956  2.8
23  Fr        922 0211  1.0 0817  2.8 1428  0.9 2038  3.0
24  Sa        922 0252  0.8 0858  3.0 1507  0.8 2115  3.2
25  Su        922 0329  0.6 0935  3.1 1544  0.6 2150  3.3
26  Mo        922 0405  0.5 1010  3.2 1620  0.5 2225  3.3
27  Tu        922 0441  0.4 1046  3.3 1655  0.5 2300  3.4
28  We        922 0518  0.4 1122  3.3 1733  0.5 2337  3.3
29  Th        922 0556  0.5 1159  3.3 1812  0.6 9999  9.9
30  Fr        922 0016  3.2 0636  0.5 1239  3.2 1854  0.7
 1  Sa       1022 0059  3.1 0719  0.7 1325  3.1 1943  0.8
 2  Su       1022 0149  2.9 0809  0.8 1419  2.9 2042  1.0
 3  Mo       1022 0250  2.8 0910  1.0 1527  2.8 2155  1.1
 4  Tu       1022 0405  2.7 1025  1.1 1650  2.8 2318  1.1
 5  We       1022 0530  2.7 1148  1.0 1811  2.9 9999  9.9
 6  Th       1022 0035  1.0 0648  2.8 1301  0.9 1918  3.0
 7  Fr       1022 0138  0.8 0750  3.0 1401  0.7 2012  3.2
 8  Sa       1022 0230  0.6 0841  3.2 1451  0.5 2100  3.4
 9  Su       1022 0317  0.4 0927  3.3 1535  0.4 2142  3.4
10  Mo       1022 0359  0.4 1008  3.4 1617  0.4 2222  3.4
11  Tu       1022 0438  0.4 1046  3.4 1656  0.4 2300  3.4
12  We       1022 0516  0.4 1122  3.3 1733  0.5 2335  3.2
13  Th       1022 0551  0.5 1157  3.2 1809  0.7 9999  9.9
14  Fr       1022 0011  3.1 0626  0.7 1232  3.1 1846  0.8
15  Sa       1022 0047  2.9 0702  0.8 1309  2.9 1926  1.0
16  Su       1022 0127  2.8 0741  1.0 1352  2.8 2012  1.2
17  Mo       1022 0214  2.6 0827  1.2 1445  2.6 2109  1.3
18  Tu       1022 0314  2.5 0926  1.3 1553  2.6 2219  1.3
19  We       1022 0426  2.4 1040  1.3 1711  2.6 2334  1.3
20  Th       1022 0543  2.5 1157  1.3 1819  2.7 9999  9.9
21  Fr       1022 0039  1.2 0647  2.6 1300  1.1 1913  2.8
22  Sa       1022 0130  1.0 0739  2.8 1349  1.0 1958  3.0
23  Su       1022 0214  0.8 0822  3.0 1432  0.8 2038  3.1
24  Mo       1022 0254  0.6 0902  3.1 1512  0.6 2117  3.3
25  Tu       1022 0334  0.5 0941  3.3 1551  0.5 2155  3.3
26  We       1022 0413  0.4 1020  3.3 1631  0.5 2235  3.4
27  Th       1022 0453  0.4 1059  3.4 1712  0.5 2316  3.3
28  Fr       1022 0535  0.4 1141  3.3 1756  0.5 9999  9.9
29  Sa       1022 0000  3.2 0618  0.5 1225  3.3 1843  0.7
30  Su       1022 0048  3.1 0706  0.6 1315  3.1 1937  0.8
31  Mo       1022 0142  2.9 0759  0.8 1412  3.0 2038  0.9
 1  Tu       1122 0246  2.8 0901  1.0 1521  2.9 2149  1.0
 2  We       1122 0400  2.7 1013  1.0 1638  2.8 2305  1.0
 3  Th       1122 0519  2.7 1131  1.0 1752  2.9 9999  9.9
 4  Fr       1122 0015  0.9 0630  2.8 1241  0.9 1855  3.0
 5  Sa       1122 0115  0.7 0729  3.0 1339  0.8 1948  3.2
 6  Su       1122 0207  0.6 0819  3.1 1429  0.6 2035  3.2
 7  Mo       1122 0252  0.5 0904  3.2 1513  0.6 2117  3.3
 8  Tu       1122 0334  0.5 0944  3.3 1554  0.5 2157  3.3
 9  We       1122 0413  0.5 1022  3.3 1633  0.6 2234  3.2
10  Th       1122 0449  0.5 1057  3.3 1709  0.6 2309  3.1
11  Fr       1122 0524  0.6 1132  3.2 1746  0.7 2345  3.0
12  Sa       1122 0559  0.7 1207  3.1 1823  0.9 9999  9.9
13  Su       1122 0021  2.9 0635  0.8 1244  3.0 1902  1.0
14  Mo       1122 0101  2.8 0713  1.0 1325  2.8 1946  1.1
15  Tu       1122 0147  2.6 0757  1.1 1413  2.7 2037  1.2
16  We       1122 0240  2.6 0849  1.2 1511  2.7 2135  1.2
17  Th       1122 0341  2.5 0950  1.3 1615  2.6 2239  1.2
18  Fr       1122 0448  2.5 1058  1.2 1720  2.7 2342  1.1
19  Sa       1122 0553  2.6 1204  1.2 1819  2.8 9999  9.9
20  Su       1122 0039  1.0 0650  2.8 1302  1.0 1910  2.9
21  Mo       1122 0130  0.8 0741  2.9 1353  0.9 1958  3.1
22  Tu       1122 0218  0.7 0828  3.1 1440  0.7 2044  3.2
23  We       1122 0303  0.5 0913  3.2 1525  0.6 2129  3.3
24  Th       1122 0348  0.4 0957  3.3 1611  0.5 2215  3.3
25  Fr       1122 0433  0.4 1042  3.4 1658  0.5 2302  3.3
26  Sa       1122 0519  0.4 1129  3.4 1746  0.5 2351  3.2
27  Su       1122 0607  0.5 1217  3.3 1837  0.6 9999  9.9
28  Mo       1122 0042  3.1 0657  0.6 1309  3.2 1931  0.7
29  Tu       1122 0138  3.0 0750  0.7 1405  3.1 2030  0.8
30  We       1122 0238  2.9 0848  0.9 1508  3.0 2133  0.9
 1  Th       1222 0344  2.8 0953  1.0 1615  2.9 2239  0.9
 2  Fr       1222 0453  2.8 1103  1.0 1722  2.9 2344  0.9
 3  Sa       1222 0600  2.8 1211  1.0 1824  3.0 9999  9.9
 4  Su       1222 0045  0.8 0701  2.9 1311  0.9 1919  3.0
 5  Mo       1222 0138  0.7 0753  3.0 1404  0.8 2008  3.0
 6  Tu       1222 0227  0.7 0840  3.1 1450  0.8 2053  3.1
 7  We       1222 0310  0.6 0922  3.1 1533  0.7 2134  3.1
 8  Th       1222 0351  0.6 1001  3.2 1613  0.7 2213  3.0
 9  Fr       1222 0428  0.7 1038  3.2 1651  0.8 2250  3.0
10  Sa       1222 0504  0.7 1113  3.1 1728  0.8 2327  2.9
11  Su       1222 0540  0.7 1149  3.1 1805  0.8 9999  9.9
12  Mo       1222 0004  2.9 0615  0.8 1225  3.0 1843  0.9
13  Tu       1222 0042  2.8 0652  0.9 1303  2.9 1923  1.0
14  We       1222 0123  2.8 0732  1.0 1345  2.9 2007  1.0
15  Th       1222 0208  2.7 0816  1.1 1432  2.8 2054  1.1
16  Fr       1222 0258  2.6 0906  1.1 1524  2.8 2147  1.1
17  Sa       1222 0353  2.6 1002  1.2 1621  2.8 2244  1.1
18  Su       1222 0454  2.6 1106  1.2 1721  2.8 2344  1.0
19  Mo       1222 0557  2.7 1211  1.1 1821  2.9 9999  9.9
20  Tu       1222 0044  0.9 0659  2.8 1313  1.0 1919  3.0
21  We       1222 0142  0.8 0756  3.0 1411  0.8 2015  3.1
22  Th       1222 0237  0.6 0849  3.2 1505  0.7 2108  3.2
23  Fr       1222 0329  0.5 0940  3.3 1556  0.6 2201  3.2
24  Sa       1222 0419  0.4 1030  3.4 1647  0.5 2252  3.3
25  Su       1222 0508  0.4 1119  3.5 1738  0.4 2344  3.3
26  Mo       1222 0557  0.4 1208  3.4 1828  0.5 9999  9.9
27  Tu       1222 0035  3.2 0645  0.5 1259  3.4 1919  0.5
28  We       1222 0126  3.1 0736  0.6 1350  3.3 2012  0.6
29  Th       1222 0220  3.0 0828  0.7 1444  3.1 2106  0.7
30  Fr       1222 0316  2.9 0925  0.9 1542  3.0 2204  0.8
31  Sa       1222 0416  2.8 1027  1.0 1643  2.9 2305  0.9
