043Picton
Based on data from  1-Jan-2014
Local Std Time, tidal heights in metres.
 1  Sa        723 0009  0.5 0649  1.2 1221  0.4 1940  1.3
 2  Su        723 0107  0.4 0748  1.3 1317  0.4 2038  1.4
 3  Mo        723 0158  0.3 0845  1.3 1412  0.4 2128  1.5
 4  Tu        723 0244  0.2 0940  1.3 1505  0.3 2213  1.5
 5  We        723 0328  0.2 1033  1.4 1555  0.3 2255  1.6
 6  Th        723 0412  0.1 1123  1.4 1642  0.3 2337  1.6
 7  Fr        723 0456  0.1 1210  1.4 1727  0.3 9999  9.9
 8  Sa        723 0018  1.6 0541  0.2 1255  1.4 1812  0.3
 9  Su        723 0101  1.5 0627  0.2 1338  1.3 1858  0.3
10  Mo        723 0147  1.5 0716  0.3 1421  1.3 1947  0.4
11  Tu        723 0236  1.4 0808  0.3 1506  1.2 2045  0.4
12  We        723 0332  1.3 0903  0.4 1601  1.2 2154  0.5
13  Th        723 0432  1.2 1000  0.4 1717  1.1 2307  0.5
14  Fr        723 0534  1.2 1058  0.5 1848  1.2 9999  9.9
15  Sa        723 0015  0.5 0636  1.2 1157  0.5 2001  1.2
16  Su        723 0113  0.4 0736  1.2 1256  0.5 2053  1.3
17  Mo        723 0202  0.3 0831  1.2 1354  0.4 2134  1.4
18  Tu        723 0245  0.3 0921  1.3 1446  0.4 2209  1.4
19  We        723 0325  0.2 1005  1.3 1532  0.4 2240  1.5
20  Th        723 0402  0.2 1044  1.3 1612  0.3 2309  1.5
21  Fr        723 0437  0.2 1119  1.4 1648  0.3 2337  1.5
22  Sa        723 0511  0.2 1153  1.4 1721  0.3 9999  9.9
23  Su        723 0005  1.5 0546  0.2 1226  1.4 1754  0.3
24  Mo        723 0035  1.4 0621  0.2 1300  1.4 1828  0.3
25  Tu        723 0109  1.4 0659  0.3 1335  1.3 1905  0.3
26  We        723 0148  1.3 0741  0.3 1412  1.3 1948  0.4
27  Th        723 0236  1.3 0829  0.4 1457  1.2 2045  0.5
28  Fr        723 0337  1.2 0926  0.5 1558  1.2 2207  0.5
29  Sa        723 0451  1.1 1032  0.5 1732  1.1 2335  0.5
30  Su        723 0611  1.1 1145  0.5 1916  1.2 9999  9.9
31  Mo        723 0045  0.4 0731  1.2 1256  0.5 2027  1.3
 1  Tu        823 0143  0.3 0844  1.2 1402  0.4 2120  1.5
 2  We        823 0232  0.2 0943  1.3 1459  0.3 2204  1.6
 3  Th        823 0317  0.2 1033  1.4 1547  0.3 2245  1.6
 4  Fr        823 0400  0.1 1116  1.5 1630  0.2 2324  1.7
 5  Sa        823 0441  0.1 1156  1.5 1710  0.2 9999  9.9
 6  Su        823 0002  1.7 0522  0.1 1232  1.5 1750  0.2
 7  Mo        823 0039  1.6 0603  0.1 1305  1.4 1829  0.2
 8  Tu        823 0117  1.5 0645  0.2 1337  1.4 1912  0.3
 9  We        823 0157  1.4 0729  0.3 1408  1.3 2001  0.4
10  Th        823 0241  1.3 0816  0.4 1441  1.2 2106  0.5
11  Fr        823 0334  1.2 0910  0.5 1530  1.1 2231  0.6
12  Sa        823 0439  1.1 1014  0.5 1803  1.1 2353  0.5
13  Su        823 0557  1.1 1126  0.6 1954  1.2 9999  9.9
14  Mo        823 0058  0.5 0721  1.1 1240  0.6 2046  1.3
15  Tu        823 0149  0.4 0830  1.2 1346  0.5 2124  1.4
16  We        823 0232  0.3 0920  1.3 1440  0.4 2156  1.5
17  Th        823 0310  0.2 0959  1.3 1521  0.3 2224  1.5
18  Fr        823 0344  0.2 1032  1.4 1555  0.3 2250  1.5
19  Sa        823 0416  0.2 1103  1.5 1626  0.2 2315  1.5
20  Su        823 0447  0.1 1132  1.5 1655  0.2 2341  1.5
21  Mo        823 0517  0.1 1201  1.5 1725  0.2 9999  9.9
22  Tu        823 0009  1.5 0549  0.2 1230  1.5 1755  0.2
23  We        823 0039  1.4 0622  0.2 1300  1.4 1829  0.2
24  Th        823 0112  1.4 0700  0.3 1331  1.4 1908  0.3
25  Fr        823 0152  1.3 0742  0.4 1408  1.3 1957  0.4
26  Sa        823 0245  1.2 0836  0.5 1457  1.2 2119  0.5
27  Su        823 0406  1.1 0951  0.6 1643  1.1 2309  0.6
28  Mo        823 0555  1.1 1123  0.6 1908  1.2 9999  9.9
29  Tu        823 0031  0.5 0739  1.1 1247  0.5 2019  1.3
30  We        823 0130  0.4 0848  1.3 1356  0.4 2107  1.5
31  Th        823 0219  0.2 0937  1.4 1449  0.3 2148  1.6
 1  Fr        923 0301  0.1 1019  1.5 1532  0.2 2226  1.7
 2  Sa        923 0341  0.1 1056  1.5 1610  0.1 2302  1.7
 3  Su        923 0419  0.1 1130  1.6 1647  0.1 2336  1.7
 4  Mo        923 0457  0.1 1201  1.6 1722  0.1 9999  9.9
 5  Tu        923 0009  1.6 0534  0.1 1229  1.5 1758  0.1
 6  We        923 0041  1.5 0611  0.2 1254  1.4 1836  0.2
 7  Th        923 0114  1.4 0650  0.3 1318  1.3 1918  0.4
 8  Fr        923 0151  1.3 0733  0.4 1343  1.2 2016  0.5
 9  Sa        923 0238  1.1 0825  0.5 1415  1.1 2154  0.6
10  Su        923 0346  1.0 0935  0.6 1520  1.0 2332  0.6
11  Mo        923 0531  1.0 1104  0.6 1944  1.1 9999  9.9
12  Tu        923 0042  0.5 0723  1.1 1230  0.6 2029  1.3
13  We        923 0133  0.4 0825  1.2 1338  0.5 2102  1.4
14  Th        923 0214  0.3 0906  1.3 1426  0.4 2131  1.5
15  Fr        923 0249  0.2 0940  1.4 1502  0.3 2157  1.5
16  Sa        923 0320  0.2 1010  1.5 1532  0.2 2222  1.6
17  Su        923 0350  0.1 1038  1.5 1600  0.2 2247  1.6
18  Mo        923 0418  0.1 1106  1.6 1627  0.1 2313  1.6
19  Tu        923 0447  0.1 1133  1.6 1656  0.1 2340  1.5
20  We        923 0518  0.1 1201  1.5 1727  0.1 9999  9.9
21  Th        923 0008  1.5 0551  0.2 1230  1.5 1800  0.2
22  Fr        923 0039  1.4 0627  0.3 1300  1.4 1839  0.3
23  Sa        923 0116  1.2 0709  0.4 1334  1.3 1928  0.4
24  Su        923 0205  1.1 0804  0.5 1421  1.2 2051  0.6
25  Mo        923 0340  1.0 0928  0.6 1627  1.1 2250  0.6
26  Tu        923 0609  1.0 1112  0.6 1858  1.2 9999  9.9
27  We        923 0014  0.5 0742  1.2 1239  0.5 2001  1.4
28  Th        923 0112  0.4 0836  1.3 1343  0.4 2046  1.5
29  Fr        923 0158  0.2 0919  1.4 1431  0.3 2125  1.6
30  Sa        923 0239  0.1 0957  1.5 1511  0.1 2201  1.7
 1  Su       1023 0317  0.1 1031  1.6 1547  0.1 2234  1.7
 2  Mo       1023 0353  0.1 1102  1.6 1621  0.0 2306  1.7
 3  Tu       1023 0429  0.1 1130  1.6 1655  0.1 2336  1.6
 4  We       1023 0504  0.1 1156  1.5 1729  0.1 9999  9.9
 5  Th       1023 0005  1.5 0540  0.2 1219  1.5 1805  0.2
 6  Fr       1023 0035  1.4 0618  0.3 1241  1.4 1844  0.4
 7  Sa       1023 0109  1.2 0658  0.4 1307  1.3 1936  0.5
 8  Su       1023 0154  1.1 0748  0.5 1339  1.2 2113  0.6
 9  Mo       1023 0303  1.0 0902  0.6 1434  1.0 2301  0.6
10  Tu       1023 0510  1.0 1041  0.7 1909  1.1 9999  9.9
11  We       1023 0013  0.5 0705  1.1 1210  0.6 1954  1.2
12  Th       1023 0104  0.4 0800  1.2 1316  0.5 2027  1.3
13  Fr       1023 0145  0.3 0839  1.3 1400  0.4 2056  1.4
14  Sa       1023 0219  0.3 0912  1.4 1434  0.3 2123  1.5
15  Su       1023 0250  0.2 0942  1.5 1504  0.2 2150  1.6
16  Mo       1023 0320  0.1 1011  1.6 1532  0.1 2217  1.6
17  Tu       1023 0350  0.1 1040  1.6 1602  0.1 2245  1.5
18  We       1023 0420  0.1 1109  1.6 1632  0.1 2314  1.5
19  Th       1023 0453  0.2 1139  1.6 1705  0.1 2345  1.4
20  Fr       1023 0528  0.2 1210  1.5 1741  0.2 9999  9.9
21  Sa       1023 0018  1.3 0606  0.3 1242  1.4 1823  0.3
22  Su       1023 0057  1.2 0652  0.4 1321  1.3 1917  0.4
23  Mo       1023 0152  1.1 0752  0.5 1417  1.2 2040  0.5
24  Tu       1023 0350  1.0 0919  0.6 1632  1.1 2225  0.6
25  We       1023 0603  1.0 1057  0.6 1827  1.2 2344  0.5
26  Th       1023 0720  1.2 1219  0.5 1930  1.4 9999  9.9
27  Fr       1023 0042  0.4 0812  1.3 1320  0.4 2016  1.5
28  Sa       1023 0129  0.3 0855  1.4 1407  0.2 2056  1.6
29  Su       1023 0210  0.2 0932  1.5 1447  0.1 2132  1.6
30  Mo       1023 0249  0.1 1007  1.6 1523  0.1 2205  1.6
31  Tu       1023 0326  0.1 1038  1.6 1558  0.1 2237  1.6
 1  We       1123 0403  0.1 1105  1.6 1632  0.1 2306  1.5
 2  Th       1123 0439  0.2 1131  1.5 1707  0.2 2336  1.4
 3  Fr       1123 0516  0.2 1155  1.5 1743  0.2 9999  9.9
 4  Sa       1123 0007  1.3 0555  0.3 1221  1.4 1823  0.4
 5  Su       1123 0043  1.2 0636  0.4 1249  1.3 1913  0.5
 6  Mo       1123 0129  1.1 0725  0.5 1326  1.2 2031  0.6
 7  Tu       1123 0236  1.0 0832  0.6 1430  1.1 2208  0.6
 8  We       1123 0421  1.0 1001  0.7 1741  1.1 2322  0.5
 9  Th       1123 0607  1.1 1128  0.6 1854  1.2 9999  9.9
10  Fr       1123 0017  0.5 0714  1.2 1236  0.5 1937  1.3
11  Sa       1123 0102  0.4 0800  1.3 1324  0.4 2012  1.4
12  Su       1123 0140  0.3 0839  1.4 1402  0.3 2045  1.4
13  Mo       1123 0216  0.3 0914  1.5 1436  0.2 2118  1.5
14  Tu       1123 0250  0.2 0947  1.5 1508  0.2 2150  1.5
15  We       1123 0324  0.2 1020  1.6 1541  0.1 2224  1.5
16  Th       1123 0400  0.2 1053  1.6 1615  0.1 2259  1.4
17  Fr       1123 0437  0.2 1127  1.6 1652  0.1 2336  1.4
18  Sa       1123 0516  0.3 1202  1.5 1732  0.2 9999  9.9
19  Su       1123 0016  1.3 0559  0.3 1240  1.4 1818  0.3
20  Mo       1123 0105  1.2 0648  0.4 1326  1.3 1915  0.4
21  Tu       1123 0210  1.1 0748  0.5 1431  1.2 2027  0.5
22  We       1123 0345  1.1 0903  0.5 1610  1.2 2148  0.5
23  Th       1123 0524  1.1 1029  0.6 1741  1.2 2300  0.5
24  Fr       1123 0642  1.2 1148  0.5 1848  1.3 9999  9.9
25  Sa       1123 0000  0.4 0741  1.3 1251  0.4 1940  1.4
26  Su       1123 0051  0.4 0829  1.4 1342  0.3 2024  1.5
27  Mo       1123 0138  0.3 0910  1.5 1425  0.2 2104  1.5
28  Tu       1123 0222  0.3 0947  1.5 1504  0.2 2140  1.5
29  We       1123 0303  0.2 1021  1.5 1541  0.1 2215  1.4
30  Th       1123 0344  0.2 1051  1.5 1617  0.2 2248  1.4
 1  Fr       1223 0423  0.2 1119  1.5 1653  0.2 2321  1.3
 2  Sa       1223 0502  0.3 1146  1.5 1730  0.3 2356  1.3
 3  Su       1223 0542  0.3 1214  1.4 1811  0.3 9999  9.9
 4  Mo       1223 0035  1.2 0622  0.4 1246  1.3 1856  0.4
 5  Tu       1223 0120  1.2 0706  0.5 1325  1.2 1953  0.5
 6  We       1223 0213  1.1 0757  0.5 1421  1.2 2100  0.5
 7  Th       1223 0319  1.1 0903  0.6 1551  1.1 2209  0.5
 8  Fr       1223 0438  1.1 1023  0.6 1722  1.1 2310  0.5
 9  Sa       1223 0601  1.1 1139  0.6 1829  1.2 9999  9.9
10  Su       1223 0004  0.5 0710  1.2 1240  0.5 1921  1.3
11  Mo       1223 0053  0.4 0804  1.3 1328  0.4 2007  1.3
12  Tu       1223 0139  0.4 0849  1.4 1410  0.3 2050  1.4
13  We       1223 0224  0.3 0929  1.5 1449  0.2 2133  1.4
14  Th       1223 0307  0.3 1008  1.5 1527  0.2 2216  1.4
15  Fr       1223 0349  0.3 1046  1.6 1606  0.1 2300  1.4
16  Sa       1223 0431  0.3 1124  1.6 1646  0.1 2344  1.4
17  Su       1223 0514  0.3 1203  1.6 1729  0.2 9999  9.9
18  Mo       1223 0030  1.3 0558  0.3 1244  1.5 1815  0.2
19  Tu       1223 0118  1.3 0644  0.3 1331  1.4 1906  0.3
20  We       1223 0210  1.2 0735  0.4 1426  1.3 2003  0.4
21  Th       1223 0309  1.2 0836  0.5 1534  1.3 2106  0.4
22  Fr       1223 0421  1.1 0949  0.5 1647  1.2 2209  0.5
23  Sa       1223 0546  1.1 1108  0.5 1757  1.2 2311  0.5
24  Su       1223 0705  1.2 1219  0.5 1858  1.3 9999  9.9
25  Mo       1223 0010  0.5 0808  1.3 1318  0.4 1953  1.3
26  Tu       1223 0106  0.4 0857  1.4 1407  0.3 2042  1.3
27  We       1223 0159  0.4 0938  1.4 1450  0.3 2127  1.3
28  Th       1223 0249  0.4 1015  1.5 1530  0.2 2208  1.3
29  Fr       1223 0335  0.3 1047  1.5 1607  0.2 2246  1.3
30  Sa       1223 0416  0.3 1116  1.5 1644  0.2 2322  1.3
31  Su       1223 0455  0.3 1144  1.5 1720  0.2 2356  1.3
 1  Mo        124 0531  0.3 1212  1.4 1757  0.3 9999  9.9
 2  Tu        124 0031  1.3 0606  0.3 1242  1.4 1835  0.3
 3  We        124 0106  1.3 0642  0.4 1315  1.3 1916  0.4
 4  Th        124 0144  1.2 0720  0.4 1356  1.3 2001  0.4
 5  Fr        124 0226  1.2 0805  0.5 1448  1.2 2053  0.5
 6  Sa        124 0317  1.1 0904  0.6 1555  1.1 2152  0.5
 7  Su        124 0426  1.1 1026  0.6 1711  1.1 2255  0.5
 8  Mo        124 0600  1.1 1150  0.6 1825  1.1 9999  9.9
 9  Tu        124 0001  0.5 0729  1.2 1256  0.5 1934  1.2
10  We        124 0105  0.5 0832  1.3 1349  0.4 2036  1.2
11  Th        124 0205  0.4 0920  1.4 1435  0.3 2132  1.3
12  Fr        124 0259  0.4 1003  1.5 1518  0.2 2222  1.4
13  Sa        124 0346  0.3 1042  1.6 1559  0.1 2308  1.4
14  Su        124 0429  0.2 1121  1.6 1640  0.1 2350  1.4
15  Mo        124 0509  0.2 1200  1.6 1721  0.1 9999  9.9
16  Tu        124 0030  1.4 0549  0.2 1239  1.6 1804  0.1
17  We        124 0108  1.4 0630  0.2 1319  1.5 1847  0.2
18  Th        124 0146  1.3 0713  0.3 1403  1.4 1934  0.3
19  Fr        124 0223  1.3 0801  0.4 1452  1.3 2023  0.4
20  Sa        124 0306  1.2 0903  0.5 1550  1.2 2118  0.4
21  Su        124 0411  1.1 1023  0.5 1658  1.2 2220  0.5
22  Mo        124 0621  1.1 1148  0.5 1813  1.1 2328  0.6
23  Tu        124 0757  1.2 1259  0.5 1930  1.1 9999  9.9
24  We        124 0038  0.6 0853  1.3 1355  0.4 2037  1.2
25  Th        124 0147  0.5 0935  1.4 1441  0.3 2129  1.3
26  Fr        124 0246  0.4 1010  1.5 1521  0.3 2212  1.3
27  Sa        124 0333  0.4 1041  1.5 1558  0.2 2247  1.4
28  Su        124 0410  0.3 1109  1.5 1632  0.2 2318  1.4
29  Mo        124 0443  0.3 1134  1.5 1704  0.2 2347  1.4
30  Tu        124 0514  0.2 1159  1.5 1736  0.2 9999  9.9
31  We        124 0015  1.4 0543  0.2 1225  1.5 1808  0.2
 1  Th        224 0044  1.4 0613  0.3 1253  1.4 1841  0.3
 2  Fr        224 0113  1.4 0644  0.3 1324  1.4 1916  0.3
 3  Sa        224 0144  1.3 0718  0.4 1402  1.3 1956  0.4
 4  Su        224 0219  1.2 0801  0.5 1450  1.2 2043  0.5
 5  Mo        224 0302  1.1 0908  0.6 1558  1.1 2148  0.6
 6  Tu        224 0425  1.1 1057  0.6 1732  1.0 2311  0.6
 7  We        224 0657  1.1 1227  0.6 1916  1.1 9999  9.9
 8  Th        224 0038  0.6 0822  1.2 1332  0.4 2040  1.2
 9  Fr        224 0155  0.5 0912  1.4 1423  0.3 2137  1.3
10  Sa        224 0254  0.4 0954  1.5 1507  0.2 2222  1.4
11  Su        224 0339  0.3 1032  1.7 1547  0.1 2302  1.5
12  Mo        224 0418  0.2 1109  1.7 1626  0.1 2339  1.5
13  Tu        224 0455  0.1 1145  1.7 1705  0.1 9999  9.9
14  We        224 0013  1.5 0531  0.1 1221  1.7 1743  0.1
15  Th        224 0044  1.5 0607  0.1 1256  1.6 1822  0.1
16  Fr        224 0113  1.4 0645  0.2 1332  1.5 1902  0.2
17  Sa        224 0140  1.3 0726  0.3 1411  1.3 1944  0.3
18  Su        224 0205  1.2 0818  0.5 1456  1.2 2032  0.4
19  Mo        224 0231  1.1 0939  0.6 1557  1.1 2133  0.6
20  Tu        224 0314  1.0 1120  0.6 1727  1.0 2251  0.6
21  We        224 0753  1.1 1242  0.6 1925  1.0 9999  9.9
22  Th        224 0020  0.6 0845  1.2 1343  0.5 2040  1.1
23  Fr        224 0143  0.6 0923  1.4 1429  0.4 2127  1.3
24  Sa        224 0244  0.5 0955  1.5 1507  0.3 2203  1.3
25  Su        224 0323  0.4 1023  1.5 1541  0.2 2233  1.4
26  Mo        224 0355  0.3 1049  1.6 1612  0.2 2300  1.5
27  Tu        224 0422  0.2 1112  1.6 1641  0.2 2326  1.5
28  We        224 0449  0.2 1135  1.6 1709  0.2 2351  1.5
29  Th        224 0515  0.2 1159  1.5 1738  0.2 9999  9.9
 1  Fr        324 0017  1.5 0542  0.2 1225  1.5 1807  0.2
 2  Sa        324 0043  1.5 0611  0.2 1253  1.4 1839  0.3
 3  Su        324 0110  1.4 0644  0.3 1324  1.3 1915  0.3
 4  Mo        324 0139  1.3 0723  0.4 1403  1.2 1958  0.5
 5  Tu        324 0213  1.2 0820  0.5 1501  1.1 2100  0.6
 6  We        324 0308  1.1 1014  0.6 1655  1.0 2238  0.7
 7  Th        324 0633  1.1 1201  0.6 1920  1.0 9999  9.9
 8  Fr        324 0020  0.6 0805  1.2 1311  0.5 2036  1.2
 9  Sa        324 0141  0.5 0854  1.4 1403  0.3 2125  1.3
10  Su        324 0237  0.4 0934  1.6 1446  0.2 2205  1.5
11  Mo        324 0320  0.2 1012  1.7 1526  0.1 2242  1.6
12  Tu        324 0357  0.1 1047  1.7 1604  0.1 2316  1.6
13  We        324 0432  0.1 1122  1.7 1641  0.1 2347  1.6
14  Th        324 0506  0.1 1155  1.7 1717  0.1 9999  9.9
15  Fr        324 0016  1.6 0541  0.1 1227  1.6 1754  0.2
16  Sa        324 0041  1.5 0617  0.2 1300  1.4 1831  0.2
17  Su        324 0104  1.4 0655  0.3 1333  1.3 1911  0.3
18  Mo        324 0125  1.3 0743  0.5 1412  1.2 1957  0.5
19  Tu        324 0148  1.2 0902  0.6 1508  1.0 2058  0.6
20  We        324 0219  1.0 1053  0.6 1652  1.0 2227  0.7
21  Th        324 0732  1.1 1217  0.6 1918  1.0 9999  9.9
22  Fr        324 0003  0.7 0821  1.2 1318  0.5 2023  1.1
23  Sa        324 0127  0.6 0856  1.3 1403  0.4 2104  1.3
24  Su        324 0222  0.4 0926  1.4 1441  0.3 2137  1.4
25  Mo        324 0258  0.3 0953  1.5 1513  0.2 2206  1.5
26  Tu        324 0327  0.3 1017  1.5 1543  0.2 2232  1.5
27  We        324 0354  0.2 1041  1.6 1611  0.2 2258  1.6
28  Th        324 0420  0.2 1106  1.5 1639  0.2 2324  1.6
29  Fr        324 0446  0.1 1131  1.5 1707  0.2 2350  1.5
30  Sa        324 0514  0.1 1157  1.5 1738  0.2 9999  9.9
31  Su        324 0017  1.5 0545  0.2 1226  1.4 1811  0.3
 1  Mo        424 0045  1.4 0620  0.3 1257  1.3 1848  0.4
 2  Tu        424 0116  1.3 0702  0.4 1337  1.2 1935  0.5
 3  We        424 0152  1.2 0804  0.5 1437  1.1 2043  0.6
 4  Th        424 0257  1.1 0951  0.6 1654  1.0 2223  0.6
 5  Fr        424 0603  1.1 1130  0.6 1906  1.1 9999  9.9
 6  Sa        424 0000  0.6 0731  1.2 1238  0.4 2012  1.2
 7  Su        424 0114  0.5 0822  1.4 1331  0.3 2059  1.4
 8  Mo        424 0208  0.3 0904  1.5 1415  0.2 2139  1.5
 9  Tu        424 0251  0.2 0943  1.6 1456  0.2 2215  1.6
10  We        424 0330  0.1 1019  1.7 1535  0.1 2249  1.6
11  Th        424 0405  0.1 1053  1.6 1612  0.1 2320  1.6
12  Fr        424 0441  0.1 1126  1.6 1650  0.1 2348  1.6
13  Sa        424 0516  0.1 1158  1.5 1727  0.2 9999  9.9
14  Su        424 0014  1.5 0552  0.2 1230  1.4 1805  0.3
15  Mo        424 0038  1.4 0632  0.3 1303  1.3 1847  0.4
16  Tu        424 0102  1.3 0721  0.5 1344  1.1 1935  0.5
17  We        424 0131  1.2 0837  0.6 1443  1.0 2039  0.6
18  Th        424 0215  1.1 1018  0.6 1627  1.0 2206  0.7
19  Fr        424 0631  1.0 1136  0.6 1832  1.0 2335  0.6
20  Sa        424 0732  1.2 1235  0.5 1940  1.2 9999  9.9
21  Su        424 0049  0.6 0811  1.3 1321  0.4 2024  1.3
22  Mo        424 0142  0.4 0843  1.4 1400  0.3 2059  1.4
23  Tu        424 0221  0.3 0911  1.4 1435  0.3 2131  1.5
24  We        424 0252  0.3 0939  1.5 1507  0.2 2201  1.5
25  Th        424 0322  0.2 1006  1.5 1538  0.2 2230  1.5
26  Fr        424 0350  0.2 1034  1.5 1609  0.2 2259  1.6
27  Sa        424 0420  0.1 1104  1.4 1641  0.2 2328  1.5
28  Su        424 0452  0.2 1135  1.4 1715  0.3 2359  1.5
29  Mo        424 0527  0.2 1209  1.3 1753  0.3 9999  9.9
30  Tu        424 0031  1.4 0607  0.3 1247  1.2 1836  0.4
 1  We        524 0108  1.3 0656  0.4 1336  1.1 1929  0.5
 2  Th        524 0157  1.2 0803  0.5 1452  1.1 2040  0.6
 3  Fr        524 0322  1.2 0932  0.5 1650  1.0 2208  0.6
 4  Sa        524 0524  1.2 1053  0.5 1828  1.1 2332  0.5
 5  Su        524 0645  1.3 1157  0.4 1935  1.2 9999  9.9
 6  Mo        524 0041  0.4 0741  1.4 1251  0.3 2026  1.4
 7  Tu        524 0135  0.3 0828  1.5 1338  0.3 2109  1.5
 8  We        524 0221  0.2 0909  1.5 1422  0.2 2148  1.5
 9  Th        524 0302  0.1 0947  1.5 1504  0.2 2224  1.6
10  Fr        524 0340  0.1 1024  1.5 1544  0.2 2256  1.6
11  Sa        524 0418  0.1 1059  1.5 1625  0.2 2327  1.5
12  Su        524 0455  0.2 1133  1.4 1705  0.3 2355  1.5
13  Mo        524 0534  0.2 1208  1.3 1747  0.3 9999  9.9
14  Tu        524 0023  1.4 0616  0.3 1247  1.2 1831  0.4
15  We        524 0053  1.3 0707  0.4 1332  1.2 1920  0.5
16  Th        524 0131  1.2 0813  0.5 1431  1.1 2020  0.6
17  Fr        524 0232  1.1 0932  0.5 1548  1.1 2134  0.6
18  Sa        524 0437  1.1 1042  0.5 1716  1.1 2251  0.6
19  Su        524 0609  1.1 1139  0.5 1832  1.1 9999  9.9
20  Mo        524 0001  0.5 0703  1.2 1228  0.4 1930  1.2
21  Tu        524 0056  0.5 0745  1.3 1311  0.4 2015  1.3
22  We        524 0140  0.4 0822  1.3 1351  0.3 2054  1.4
23  Th        524 0217  0.3 0858  1.4 1430  0.3 2131  1.5
24  Fr        524 0252  0.2 0933  1.4 1507  0.3 2205  1.5
25  Sa        524 0326  0.2 1009  1.4 1544  0.3 2240  1.5
26  Su        524 0400  0.2 1046  1.4 1622  0.3 2314  1.5
27  Mo        524 0437  0.2 1125  1.3 1703  0.3 2350  1.5
28  Tu        524 0517  0.2 1208  1.3 1746  0.3 9999  9.9
29  We        524 0029  1.5 0602  0.2 1256  1.2 1833  0.4
30  Th        524 0113  1.4 0654  0.3 1352  1.2 1926  0.4
31  Fr        524 0208  1.3 0755  0.4 1459  1.1 2029  0.5
 1  Sa        624 0322  1.3 0904  0.4 1616  1.1 2142  0.5
 2  Su        624 0443  1.2 1012  0.4 1737  1.1 2258  0.5
 3  Mo        624 0555  1.3 1113  0.4 1850  1.2 9999  9.9
 4  Tu        624 0006  0.4 0656  1.3 1208  0.4 1951  1.3
 5  We        624 0105  0.3 0748  1.4 1259  0.4 2042  1.4
 6  Th        624 0155  0.3 0835  1.4 1348  0.3 2126  1.4
 7  Fr        624 0239  0.2 0919  1.4 1436  0.3 2206  1.5
 8  Sa        624 0320  0.2 1001  1.4 1522  0.3 2242  1.5
 9  Su        624 0400  0.2 1041  1.4 1607  0.3 2315  1.5
10  Mo        624 0440  0.2 1120  1.3 1651  0.3 2346  1.5
11  Tu        624 0520  0.3 1200  1.3 1734  0.3 9999  9.9
12  We        624 0017  1.4 0603  0.3 1240  1.2 1816  0.4
13  Th        624 0050  1.3 0649  0.4 1322  1.2 1901  0.4
14  Fr        624 0129  1.3 0741  0.4 1408  1.2 1949  0.5
15  Sa        624 0219  1.2 0839  0.5 1500  1.2 2046  0.5
16  Su        624 0324  1.2 0938  0.5 1600  1.1 2154  0.6
17  Mo        624 0437  1.2 1034  0.5 1708  1.1 2304  0.6
18  Tu        624 0543  1.2 1127  0.5 1821  1.2 9999  9.9
19  We        624 0008  0.5 0641  1.2 1218  0.5 1927  1.2
20  Th        624 0101  0.4 0732  1.2 1308  0.4 2021  1.3
21  Fr        624 0147  0.4 0821  1.3 1356  0.4 2107  1.4
22  Sa        624 0228  0.3 0909  1.3 1443  0.4 2148  1.5
23  Su        624 0308  0.2 0956  1.3 1529  0.3 2228  1.5
24  Mo        624 0347  0.2 1043  1.3 1613  0.3 2307  1.5
25  Tu        624 0427  0.2 1129  1.3 1656  0.3 2346  1.5
26  We        624 0510  0.2 1215  1.3 1739  0.3 9999  9.9
27  Th        624 0027  1.5 0554  0.2 1301  1.3 1824  0.3
28  Fr        624 0112  1.5 0643  0.2 1346  1.3 1911  0.3
29  Sa        624 0201  1.4 0735  0.3 1434  1.2 2005  0.4
30  Su        624 0258  1.3 0830  0.3 1529  1.2 2108  0.4
