030Port Chalmers
Based on data from  1-Jul-2013
Local Std Time, tidal heights in metres.
 1  Sa        723 0113  1.9 0720  0.4 1339  2.0 1955  0.4
 2  Su        723 0203  1.9 0810  0.3 1432  2.1 2046  0.3
 3  Mo        723 0254  2.0 0901  0.2 1524  2.2 2137  0.2
 4  Tu        723 0345  2.1 0954  0.2 1616  2.2 2230  0.2
 5  We        723 0437  2.1 1049  0.1 1708  2.3 2323  0.2
 6  Th        723 0530  2.1 1145  0.1 1801  2.3 9999  9.9
 7  Fr        723 0017  0.2 0626  2.1 1241  0.1 1856  2.2
 8  Sa        723 0113  0.2 0724  2.1 1338  0.2 1954  2.1
 9  Su        723 0209  0.2 0824  2.1 1435  0.2 2053  2.1
10  Mo        723 0308  0.3 0924  2.0 1535  0.3 2153  2.0
11  Tu        723 0407  0.3 1023  2.0 1636  0.3 2252  2.0
12  We        723 0506  0.3 1120  2.0 1737  0.4 2348  1.9
13  Th        723 0601  0.3 1215  2.0 1835  0.4 9999  9.9
14  Fr        723 0042  1.9 0653  0.3 1309  2.0 1927  0.4
15  Sa        723 0132  1.9 0742  0.3 1359  2.0 2016  0.4
16  Su        723 0220  1.9 0827  0.4 1447  2.0 2100  0.4
17  Mo        723 0304  1.9 0911  0.4 1531  2.0 2142  0.4
18  Tu        723 0345  1.9 0954  0.4 1611  2.0 2222  0.4
19  We        723 0425  1.8 1035  0.4 1650  1.9 2301  0.5
20  Th        723 0503  1.8 1115  0.4 1726  1.9 2339  0.5
21  Fr        723 0542  1.8 1155  0.5 1803  1.9 9999  9.9
22  Sa        723 0018  0.5 0621  1.8 1235  0.5 1841  1.8
23  Su        723 0058  0.5 0703  1.7 1316  0.5 1923  1.8
24  Mo        723 0141  0.6 0750  1.7 1359  0.5 2010  1.8
25  Tu        723 0226  0.6 0840  1.7 1447  0.6 2102  1.7
26  We        723 0316  0.6 0933  1.7 1540  0.6 2159  1.7
27  Th        723 0410  0.6 1028  1.8 1640  0.6 2256  1.7
28  Fr        723 0507  0.5 1124  1.8 1741  0.5 2353  1.8
29  Sa        723 0602  0.4 1221  1.9 1839  0.4 9999  9.9
30  Su        723 0048  1.9 0656  0.3 1317  2.0 1934  0.4
31  Mo        723 0142  2.0 0750  0.2 1412  2.1 2026  0.3
 1  Tu        823 0234  2.1 0842  0.2 1505  2.2 2117  0.2
 2  We        823 0326  2.2 0936  0.1 1557  2.3 2208  0.1
 3  Th        823 0417  2.2 1030  0.0 1648  2.3 2300  0.1
 4  Fr        823 0510  2.2 1125  0.0 1740  2.3 2353  0.1
 5  Sa        823 0604  2.2 1219  0.1 1833  2.2 9999  9.9
 6  Su        823 0048  0.2 0700  2.2 1315  0.1 1928  2.1
 7  Mo        823 0143  0.2 0759  2.1 1412  0.2 2027  2.0
 8  Tu        823 0241  0.3 0859  2.0 1511  0.3 2129  1.9
 9  We        823 0341  0.4 1000  2.0 1614  0.4 2230  1.9
10  Th        823 0442  0.4 1059  2.0 1717  0.5 2328  1.8
11  Fr        823 0540  0.4 1156  1.9 1817  0.5 9999  9.9
12  Sa        823 0022  1.8 0634  0.4 1250  1.9 1910  0.5
13  Su        823 0112  1.8 0723  0.4 1339  1.9 1956  0.4
14  Mo        823 0158  1.9 0807  0.4 1425  1.9 2037  0.4
15  Tu        823 0240  1.9 0849  0.4 1506  2.0 2116  0.4
16  We        823 0319  1.9 0928  0.4 1543  2.0 2152  0.4
17  Th        823 0356  1.9 1006  0.4 1619  2.0 2228  0.4
18  Fr        823 0432  1.9 1043  0.4 1653  1.9 2304  0.4
19  Sa        823 0508  1.9 1121  0.4 1728  1.9 2341  0.5
20  Su        823 0546  1.8 1200  0.5 1805  1.9 9999  9.9
21  Mo        823 0020  0.5 0626  1.8 1241  0.5 1846  1.8
22  Tu        823 0102  0.5 0712  1.8 1325  0.5 1933  1.8
23  We        823 0149  0.6 0803  1.8 1414  0.6 2027  1.7
24  Th        823 0240  0.6 0900  1.8 1510  0.6 2128  1.7
25  Fr        823 0338  0.6 1000  1.8 1613  0.6 2230  1.7
26  Sa        823 0439  0.5 1100  1.9 1718  0.5 2330  1.8
27  Su        823 0539  0.4 1200  2.0 1819  0.4 9999  9.9
28  Mo        823 0027  1.9 0636  0.3 1257  2.1 1914  0.3
29  Tu        823 0121  2.0 0731  0.2 1352  2.2 2006  0.2
30  We        823 0214  2.1 0824  0.1 1445  2.3 2055  0.1
31  Th        823 0305  2.2 0917  0.0 1536  2.3 2145  0.1
 1  Fr        923 0357  2.3 1009  0.0 1626  2.3 2236  0.1
 2  Sa        923 0448  2.3 1103  0.0 1716  2.3 2328  0.1
 3  Su        923 0541  2.3 1156  0.1 1808  2.2 9999  9.9
 4  Mo        923 0021  0.2 0635  2.2 1251  0.2 1902  2.1
 5  Tu        923 0117  0.2 0733  2.1 1347  0.3 2001  2.0
 6  We        923 0214  0.3 0834  2.0 1447  0.4 2103  1.9
 7  Th        923 0315  0.4 0935  1.9 1550  0.5 2206  1.8
 8  Fr        923 0417  0.4 1036  1.9 1655  0.5 2305  1.8
 9  Sa        923 0516  0.5 1133  1.9 1754  0.5 2359  1.8
10  Su        923 0610  0.5 1225  1.9 1845  0.5 9999  9.9
11  Mo        923 0047  1.8 0658  0.4 1313  1.9 1929  0.5
12  Tu        923 0131  1.8 0741  0.4 1356  1.9 2008  0.4
13  We        923 0212  1.9 0821  0.4 1435  1.9 2045  0.4
14  Th        923 0249  1.9 0858  0.4 1511  2.0 2119  0.4
15  Fr        923 0325  1.9 0935  0.4 1546  2.0 2153  0.4
16  Sa        923 0401  1.9 1011  0.4 1621  1.9 2229  0.4
17  Su        923 0437  1.9 1050  0.4 1656  1.9 2306  0.4
18  Mo        923 0515  1.9 1130  0.4 1735  1.9 2347  0.5
19  Tu        923 0557  1.9 1213  0.5 1817  1.8 9999  9.9
20  We        923 0032  0.5 0644  1.8 1300  0.5 1906  1.8
21  Th        923 0121  0.5 0738  1.8 1352  0.5 2003  1.7
22  Fr        923 0215  0.5 0837  1.8 1450  0.6 2107  1.7
23  Sa        923 0315  0.5 0939  1.8 1554  0.5 2211  1.8
24  Su        923 0418  0.5 1041  1.9 1659  0.5 2311  1.8
25  Mo        923 0519  0.4 1141  2.0 1759  0.4 9999  9.9
26  Tu        923 0007  2.0 0618  0.3 1237  2.1 1853  0.3
27  We        923 0101  2.1 0712  0.2 1331  2.2 1944  0.2
28  Th        923 0153  2.2 0805  0.1 1423  2.3 2033  0.1
29  Fr        923 0245  2.3 0857  0.0 1514  2.3 2121  0.1
30  Sa        923 0335  2.3 0949  0.0 1603  2.3 2211  0.1
 1  Su       1023 0426  2.3 1041  0.1 1652  2.2 2302  0.1
 2  Mo       1023 0518  2.2 1134  0.1 1743  2.1 2355  0.2
 3  Tu       1023 0612  2.1 1228  0.2 1836  2.0 9999  9.9
 4  We       1023 0050  0.3 0708  2.0 1323  0.4 1934  1.9
 5  Th       1023 0148  0.4 0807  2.0 1422  0.4 2036  1.8
 6  Fr       1023 0247  0.4 0908  1.9 1523  0.5 2138  1.7
 7  Sa       1023 0347  0.5 1007  1.8 1625  0.5 2237  1.7
 8  Su       1023 0445  0.5 1102  1.8 1722  0.5 2329  1.8
 9  Mo       1023 0538  0.5 1153  1.8 1812  0.5 9999  9.9
10  Tu       1023 0015  1.8 0626  0.5 1239  1.9 1855  0.5
11  We       1023 0058  1.8 0709  0.4 1321  1.9 1934  0.4
12  Th       1023 0138  1.9 0748  0.4 1400  1.9 2010  0.4
13  Fr       1023 0215  1.9 0826  0.4 1437  1.9 2044  0.4
14  Sa       1023 0252  1.9 0903  0.4 1513  1.9 2119  0.4
15  Su       1023 0330  1.9 0941  0.4 1550  1.9 2156  0.4
16  Mo       1023 0409  1.9 1022  0.4 1629  1.9 2236  0.4
17  Tu       1023 0451  1.9 1105  0.4 1710  1.9 2320  0.4
18  We       1023 0536  1.9 1152  0.4 1756  1.8 9999  9.9
19  Th       1023 0009  0.5 0625  1.9 1242  0.5 1848  1.8
20  Fr       1023 0102  0.5 0720  1.9 1336  0.5 1946  1.8
21  Sa       1023 0158  0.5 0820  1.9 1435  0.5 2050  1.8
22  Su       1023 0258  0.5 0922  1.9 1538  0.5 2153  1.8
23  Mo       1023 0400  0.4 1023  2.0 1640  0.4 2252  1.9
24  Tu       1023 0501  0.3 1121  2.0 1738  0.3 2347  2.0
25  We       1023 0559  0.3 1217  2.1 1832  0.2 9999  9.9
26  Th       1023 0041  2.1 0654  0.2 1310  2.2 1922  0.2
27  Fr       1023 0133  2.2 0746  0.1 1402  2.2 2010  0.1
28  Sa       1023 0224  2.2 0838  0.1 1452  2.2 2059  0.1
29  Su       1023 0316  2.3 0929  0.1 1541  2.2 2148  0.1
30  Mo       1023 0406  2.2 1021  0.2 1630  2.1 2239  0.2
31  Tu       1023 0457  2.2 1113  0.2 1719  2.0 2331  0.3
 1  We       1123 0549  2.1 1205  0.3 1811  1.9 9999  9.9
 2  Th       1123 0025  0.3 0642  2.0 1259  0.4 1906  1.8
 3  Fr       1123 0120  0.4 0737  1.9 1353  0.5 2004  1.7
 4  Sa       1123 0215  0.5 0834  1.8 1449  0.5 2104  1.7
 5  Su       1123 0310  0.5 0930  1.8 1546  0.6 2200  1.7
 6  Mo       1123 0405  0.5 1023  1.8 1641  0.6 2250  1.7
 7  Tu       1123 0456  0.5 1112  1.8 1731  0.5 2336  1.8
 8  We       1123 0545  0.5 1157  1.8 1815  0.5 9999  9.9
 9  Th       1123 0019  1.8 0630  0.5 1240  1.8 1855  0.5
10  Fr       1123 0059  1.8 0712  0.5 1321  1.9 1932  0.4
11  Sa       1123 0139  1.9 0752  0.4 1401  1.9 2009  0.4
12  Su       1123 0220  1.9 0833  0.4 1441  1.9 2047  0.4
13  Mo       1123 0301  2.0 0914  0.4 1522  1.9 2127  0.4
14  Tu       1123 0345  2.0 0958  0.4 1605  1.9 2211  0.4
15  We       1123 0430  2.0 1045  0.4 1650  1.9 2300  0.4
16  Th       1123 0518  2.0 1134  0.4 1739  1.9 2352  0.4
17  Fr       1123 0609  2.0 1227  0.4 1832  1.9 9999  9.9
18  Sa       1123 0046  0.4 0704  2.0 1322  0.4 1931  1.8
19  Su       1123 0143  0.4 0802  2.0 1419  0.4 2032  1.9
20  Mo       1123 0241  0.4 0903  2.0 1519  0.4 2133  1.9
21  Tu       1123 0341  0.3 1003  2.0 1619  0.4 2232  2.0
22  We       1123 0441  0.3 1101  2.0 1716  0.3 2327  2.0
23  Th       1123 0540  0.3 1156  2.1 1810  0.3 9999  9.9
24  Fr       1123 0021  2.1 0636  0.2 1250  2.1 1901  0.2
25  Sa       1123 0114  2.2 0730  0.2 1342  2.1 1951  0.2
26  Su       1123 0207  2.2 0822  0.2 1432  2.1 2039  0.2
27  Mo       1123 0258  2.2 0912  0.2 1521  2.1 2128  0.2
28  Tu       1123 0349  2.2 1003  0.3 1610  2.0 2218  0.3
29  We       1123 0438  2.1 1052  0.3 1657  1.9 2309  0.3
30  Th       1123 0527  2.0 1142  0.4 1746  1.9 9999  9.9
 1  Fr       1223 0000  0.4 0615  2.0 1231  0.5 1836  1.8
 2  Sa       1223 0050  0.4 0704  1.9 1320  0.5 1928  1.7
 3  Su       1223 0139  0.5 0754  1.8 1410  0.5 2022  1.7
 4  Mo       1223 0228  0.5 0844  1.8 1500  0.6 2114  1.7
 5  Tu       1223 0317  0.6 0935  1.8 1551  0.6 2204  1.7
 6  We       1223 0407  0.6 1024  1.8 1641  0.6 2250  1.7
 7  Th       1223 0457  0.6 1111  1.8 1728  0.5 2335  1.8
 8  Fr       1223 0546  0.6 1157  1.8 1812  0.5 9999  9.9
 9  Sa       1223 0019  1.8 0633  0.5 1242  1.8 1854  0.5
10  Su       1223 0103  1.9 0719  0.5 1327  1.8 1935  0.4
11  Mo       1223 0149  1.9 0804  0.4 1411  1.9 2017  0.4
12  Tu       1223 0235  2.0 0850  0.4 1457  1.9 2102  0.3
13  We       1223 0323  2.0 0937  0.4 1543  1.9 2150  0.3
14  Th       1223 0411  2.1 1026  0.3 1631  2.0 2241  0.3
15  Fr       1223 0501  2.1 1117  0.3 1722  2.0 2335  0.3
16  Sa       1223 0552  2.1 1209  0.3 1815  2.0 9999  9.9
17  Su       1223 0030  0.3 0646  2.1 1303  0.3 1912  2.0
18  Mo       1223 0126  0.3 0743  2.1 1359  0.3 2012  2.0
19  Tu       1223 0222  0.3 0841  2.1 1456  0.3 2112  2.0
20  We       1223 0321  0.3 0941  2.0 1555  0.3 2211  2.0
21  Th       1223 0421  0.3 1040  2.0 1654  0.3 2308  2.0
22  Fr       1223 0522  0.3 1137  2.0 1750  0.3 9999  9.9
23  Sa       1223 0003  2.1 0621  0.3 1232  2.0 1843  0.3
24  Su       1223 0058  2.1 0716  0.3 1325  2.0 1934  0.3
25  Mo       1223 0152  2.1 0808  0.3 1415  2.0 2023  0.3
26  Tu       1223 0243  2.1 0858  0.3 1504  2.0 2111  0.3
27  We       1223 0332  2.1 0945  0.4 1550  1.9 2159  0.3
28  Th       1223 0419  2.0 1032  0.4 1635  1.9 2246  0.4
29  Fr       1223 0503  2.0 1116  0.4 1719  1.8 2332  0.4
30  Sa       1223 0546  1.9 1200  0.5 1803  1.8 9999  9.9
31  Su       1223 0017  0.5 0628  1.9 1243  0.5 1848  1.8
 1  Mo        124 0100  0.5 0710  1.8 1326  0.5 1934  1.7
 2  Tu        124 0143  0.5 0754  1.8 1411  0.6 2022  1.7
 3  We        124 0227  0.6 0841  1.7 1457  0.6 2111  1.7
 4  Th        124 0314  0.6 0931  1.7 1546  0.6 2200  1.7
 5  Fr        124 0406  0.6 1022  1.7 1637  0.6 2250  1.7
 6  Sa        124 0500  0.6 1114  1.7 1728  0.6 2339  1.8
 7  Su        124 0555  0.6 1205  1.7 1816  0.5 9999  9.9
 8  Mo        124 0030  1.8 0648  0.5 1255  1.8 1904  0.4
 9  Tu        124 0121  1.9 0738  0.5 1344  1.9 1951  0.4
10  We        124 0212  2.0 0827  0.4 1433  1.9 2040  0.3
11  Th        124 0302  2.1 0916  0.3 1522  2.0 2130  0.2
12  Fr        124 0352  2.2 1005  0.3 1612  2.1 2222  0.2
13  Sa        124 0442  2.2 1055  0.2 1702  2.1 2316  0.1
14  Su        124 0533  2.2 1147  0.2 1755  2.1 9999  9.9
15  Mo        124 0010  0.1 0625  2.2 1241  0.2 1851  2.1
16  Tu        124 0105  0.2 0720  2.2 1335  0.2 1949  2.1
17  We        124 0201  0.2 0818  2.1 1432  0.3 2049  2.0
18  Th        124 0300  0.3 0918  2.0 1532  0.3 2150  2.0
19  Fr        124 0401  0.3 1019  2.0 1633  0.3 2249  2.0
20  Sa        124 0505  0.4 1119  1.9 1732  0.3 2347  2.0
21  Su        124 0607  0.4 1215  1.9 1828  0.3 9999  9.9
22  Mo        124 0044  2.0 0704  0.4 1309  1.9 1920  0.3
23  Tu        124 0137  2.0 0756  0.4 1359  1.9 2009  0.3
24  We        124 0228  2.0 0842  0.4 1446  1.9 2055  0.3
25  Th        124 0314  2.0 0926  0.4 1530  1.9 2139  0.4
26  Fr        124 0357  2.0 1007  0.4 1611  1.9 2221  0.4
27  Sa        124 0436  2.0 1047  0.4 1651  1.9 2302  0.4
28  Su        124 0514  1.9 1125  0.5 1729  1.8 2342  0.4
29  Mo        124 0550  1.9 1204  0.5 1808  1.8 9999  9.9
30  Tu        124 0021  0.5 0627  1.8 1243  0.5 1848  1.7
31  We        124 0101  0.5 0706  1.8 1324  0.6 1932  1.7
 1  Th        224 0143  0.6 0751  1.7 1408  0.6 2021  1.7
 2  Fr        224 0229  0.6 0842  1.7 1457  0.6 2114  1.7
 3  Sa        224 0321  0.6 0938  1.7 1550  0.6 2208  1.7
 4  Su        224 0420  0.6 1036  1.7 1647  0.6 2304  1.8
 5  Mo        224 0522  0.6 1133  1.7 1743  0.5 9999  9.9
 6  Tu        224 0000  1.8 0620  0.5 1227  1.8 1836  0.4
 7  We        224 0055  1.9 0714  0.4 1319  1.9 1928  0.3
 8  Th        224 0148  2.0 0804  0.3 1410  2.0 2018  0.2
 9  Fr        224 0240  2.2 0853  0.2 1500  2.1 2110  0.1
10  Sa        224 0330  2.2 0941  0.2 1550  2.2 2202  0.1
11  Su        224 0420  2.3 1031  0.1 1641  2.2 2255  0.1
12  Mo        224 0510  2.3 1122  0.1 1733  2.2 2349  0.1
13  Tu        224 0602  2.2 1216  0.2 1828  2.2 9999  9.9
14  We        224 0043  0.1 0656  2.2 1311  0.2 1925  2.1
15  Th        224 0140  0.2 0754  2.1 1408  0.3 2026  2.1
16  Fr        224 0239  0.3 0856  2.0 1509  0.3 2129  2.0
17  Sa        224 0343  0.4 0959  1.9 1612  0.4 2231  2.0
18  Su        224 0449  0.4 1101  1.8 1714  0.4 2331  1.9
19  Mo        224 0553  0.5 1159  1.8 1812  0.4 9999  9.9
20  Tu        224 0028  1.9 0650  0.5 1252  1.8 1904  0.4
21  We        224 0120  1.9 0738  0.4 1340  1.9 1951  0.4
22  Th        224 0208  2.0 0822  0.4 1424  1.9 2034  0.4
23  Fr        224 0251  2.0 0901  0.4 1505  1.9 2114  0.4
24  Sa        224 0330  2.0 0938  0.4 1543  1.9 2153  0.4
25  Su        224 0406  1.9 1014  0.4 1619  1.9 2230  0.4
26  Mo        224 0440  1.9 1049  0.4 1655  1.9 2307  0.4
27  Tu        224 0514  1.9 1125  0.5 1731  1.8 2345  0.5
28  We        224 0549  1.8 1202  0.5 1809  1.8 9999  9.9
29  Th        224 0024  0.5 0627  1.8 1243  0.6 1852  1.8
 1  Fr        324 0107  0.6 0711  1.7 1328  0.6 1941  1.7
 2  Sa        324 0154  0.6 0803  1.7 1418  0.6 2036  1.7
 3  Su        324 0247  0.6 0903  1.6 1514  0.6 2135  1.7
 4  Mo        324 0348  0.6 1006  1.7 1613  0.6 2236  1.8
 5  Tu        324 0453  0.6 1106  1.7 1714  0.5 2334  1.9
 6  We        324 0555  0.5 1202  1.8 1811  0.4 9999  9.9
 7  Th        324 0031  2.0 0649  0.4 1255  1.9 1905  0.3
 8  Fr        324 0125  2.1 0739  0.3 1346  2.1 1956  0.2
 9  Sa        324 0217  2.2 0828  0.2 1437  2.2 2048  0.1
10  Su        324 0307  2.3 0916  0.1 1528  2.2 2140  0.0
11  Mo        324 0357  2.3 1006  0.1 1619  2.3 2233  0.0
12  Tu        324 0447  2.3 1057  0.1 1711  2.3 2326  0.1
13  We        324 0538  2.2 1150  0.1 1805  2.2 9999  9.9
14  Th        324 0022  0.1 0632  2.1 1246  0.2 1903  2.1
15  Fr        324 0118  0.2 0730  2.0 1345  0.3 2004  2.0
16  Sa        324 0218  0.4 0833  1.9 1446  0.4 2107  2.0
17  Su        324 0323  0.4 0939  1.8 1550  0.4 2210  1.9
18  Mo        324 0429  0.5 1041  1.8 1652  0.5 2310  1.9
19  Tu        324 0532  0.5 1138  1.8 1750  0.4 9999  9.9
20  We        324 0006  1.9 0627  0.5 1229  1.8 1841  0.4
21  Th        324 0055  1.9 0713  0.5 1315  1.8 1926  0.4
22  Fr        324 0140  1.9 0753  0.4 1357  1.9 2007  0.4
23  Sa        324 0221  1.9 0830  0.4 1436  1.9 2045  0.4
24  Su        324 0258  1.9 0905  0.4 1512  1.9 2122  0.4
25  Mo        324 0333  1.9 0939  0.4 1548  1.9 2158  0.4
26  Tu        324 0407  1.9 1013  0.4 1623  1.9 2235  0.4
27  We        324 0441  1.9 1049  0.5 1659  1.9 2313  0.5
28  Th        324 0517  1.8 1128  0.5 1739  1.8 2355  0.5
29  Fr        324 0557  1.8 1211  0.5 1823  1.8 9999  9.9
30  Sa        324 0039  0.6 0642  1.7 1258  0.6 1913  1.8
31  Su        324 0129  0.6 0736  1.7 1350  0.6 2009  1.8
 1  Mo        424 0224  0.6 0838  1.6 1447  0.6 2110  1.8
 2  Tu        424 0325  0.6 0941  1.7 1547  0.5 2211  1.8
 3  We        424 0429  0.6 1042  1.8 1648  0.5 2310  1.9
 4  Th        424 0529  0.5 1138  1.9 1747  0.4 9999  9.9
 5  Fr        424 0007  2.0 0623  0.4 1231  2.0 1842  0.2
 6  Sa        424 0101  2.1 0714  0.2 1323  2.1 1935  0.1
 7  Su        424 0153  2.2 0803  0.1 1414  2.2 2027  0.1
 8  Mo        424 0244  2.3 0851  0.1 1506  2.3 2119  0.0
 9  Tu        424 0334  2.3 0941  0.1 1558  2.3 2211  0.1
10  We        424 0424  2.2 1032  0.1 1650  2.3 2305  0.1
11  Th        424 0515  2.2 1126  0.2 1744  2.2 9999  9.9
12  Fr        424 0001  0.2 0609  2.0 1223  0.2 1841  2.1
13  Sa        424 0058  0.3 0706  1.9 1322  0.3 1940  2.0
14  Su        424 0157  0.4 0809  1.8 1422  0.4 2042  1.9
15  Mo        424 0259  0.5 0914  1.8 1523  0.5 2144  1.9
16  Tu        424 0402  0.5 1015  1.8 1623  0.5 2242  1.9
17  We        424 0502  0.5 1110  1.8 1719  0.5 2334  1.8
18  Th        424 0554  0.5 1158  1.8 1809  0.5 9999  9.9
19  Fr        424 0022  1.9 0639  0.5 1242  1.8 1854  0.5
20  Sa        424 0105  1.9 0719  0.4 1323  1.9 1935  0.4
21  Su        424 0145  1.9 0755  0.4 1402  1.9 2013  0.4
22  Mo        424 0223  1.9 0830  0.4 1439  1.9 2050  0.4
23  Tu        424 0259  1.9 0904  0.4 1516  1.9 2128  0.4
24  We        424 0335  1.9 0940  0.4 1554  1.9 2206  0.4
25  Th        424 0412  1.9 1019  0.4 1634  1.9 2248  0.5
26  Fr        424 0451  1.8 1101  0.5 1716  1.9 2332  0.5
27  Sa        424 0534  1.8 1147  0.5 1802  1.9 9999  9.9
28  Su        424 0019  0.5 0622  1.7 1237  0.5 1853  1.9
29  Mo        424 0111  0.5 0717  1.7 1330  0.5 1949  1.9
30  Tu        424 0206  0.5 0817  1.7 1427  0.5 2049  1.9
 1  We        524 0304  0.5 0919  1.8 1525  0.5 2149  1.9
 2  Th        524 0404  0.5 1018  1.8 1625  0.4 2247  2.0
 3  Fr        524 0503  0.4 1114  1.9 1724  0.3 2343  2.0
 4  Sa        524 0558  0.3 1208  2.0 1820  0.2 9999  9.9
 5  Su        524 0037  2.1 0649  0.2 1301  2.1 1914  0.2
 6  Mo        524 0130  2.2 0739  0.2 1354  2.2 2007  0.1
 7  Tu        524 0222  2.2 0829  0.1 1446  2.3 2100  0.1
 8  We        524 0313  2.2 0919  0.1 1539  2.3 2153  0.1
 9  Th        524 0403  2.1 1011  0.2 1631  2.2 2246  0.2
10  Fr        524 0454  2.1 1105  0.2 1724  2.2 2341  0.3
11  Sa        524 0547  2.0 1201  0.3 1819  2.1 9999  9.9
12  Su        524 0036  0.4 0642  1.9 1257  0.4 1914  2.0
13  Mo        524 0132  0.4 0741  1.8 1354  0.4 2012  1.9
14  Tu        524 0228  0.5 0841  1.8 1450  0.5 2109  1.8
15  We        524 0325  0.5 0939  1.7 1545  0.5 2203  1.8
16  Th        524 0420  0.5 1032  1.8 1638  0.5 2254  1.8
17  Fr        524 0512  0.5 1119  1.8 1728  0.5 2341  1.8
18  Sa        524 0558  0.5 1203  1.8 1814  0.5 9999  9.9
19  Su        524 0025  1.8 0639  0.5 1245  1.8 1858  0.5
20  Mo        524 0107  1.8 0718  0.5 1326  1.8 1939  0.5
21  Tu        524 0147  1.8 0755  0.4 1406  1.9 2019  0.5
22  We        524 0226  1.9 0832  0.4 1447  1.9 2100  0.4
23  Th        524 0306  1.9 0911  0.4 1529  1.9 2142  0.4
24  Fr        524 0347  1.9 0953  0.4 1612  2.0 2226  0.4
25  Sa        524 0430  1.9 1039  0.4 1657  2.0 2313  0.4
26  Su        524 0515  1.8 1127  0.4 1745  2.0 9999  9.9
27  Mo        524 0002  0.4 0605  1.8 1219  0.4 1836  2.0
28  Tu        524 0053  0.4 0659  1.8 1313  0.4 1930  2.0
29  We        524 0147  0.4 0757  1.8 1408  0.4 2027  2.0
30  Th        524 0242  0.4 0857  1.9 1504  0.4 2126  2.0
31  Fr        524 0340  0.4 0956  1.9 1603  0.3 2224  2.0
 1  Sa        624 0438  0.4 1052  2.0 1702  0.3 2321  2.0
 2  Su        624 0534  0.3 1147  2.1 1801  0.3 9999  9.9
 3  Mo        624 0016  2.1 0628  0.2 1242  2.1 1857  0.2
 4  Tu        624 0110  2.1 0719  0.2 1336  2.2 1952  0.2
 5  We        624 0203  2.1 0810  0.2 1430  2.2 2045  0.2
 6  Th        624 0254  2.1 0901  0.2 1523  2.2 2137  0.2
 7  Fr        624 0345  2.0 0953  0.2 1615  2.2 2229  0.3
 8  Sa        624 0435  2.0 1046  0.3 1705  2.1 2320  0.3
 9  Su        624 0525  1.9 1138  0.3 1755  2.0 9999  9.9
10  Mo        624 0011  0.4 0615  1.9 1230  0.4 1845  2.0
11  Tu        624 0101  0.4 0708  1.8 1321  0.4 1935  1.9
12  We        624 0151  0.5 0802  1.8 1410  0.5 2025  1.8
13  Th        624 0241  0.5 0855  1.7 1459  0.5 2116  1.8
14  Fr        624 0331  0.6 0946  1.7 1548  0.6 2206  1.8
15  Sa        624 0421  0.6 1034  1.7 1639  0.6 2254  1.7
16  Su        624 0510  0.5 1120  1.8 1730  0.6 2341  1.7
17  Mo        624 0556  0.5 1204  1.8 1819  0.6 9999  9.9
18  Tu        624 0027  1.8 0639  0.5 1249  1.8 1906  0.5
19  We        624 0112  1.8 0721  0.5 1334  1.9 1951  0.5
20  Th        624 0156  1.8 0802  0.4 1419  1.9 2035  0.4
21  Fr        624 0240  1.9 0845  0.4 1505  2.0 2119  0.4
22  Sa        624 0324  1.9 0931  0.4 1551  2.0 2205  0.4
23  Su        624 0409  1.9 1018  0.3 1638  2.1 2252  0.3
24  Mo        624 0457  1.9 1109  0.3 1726  2.1 2341  0.3
25  Tu        624 0546  2.0 1200  0.3 1816  2.1 9999  9.9
26  We        624 0032  0.3 0639  2.0 1253  0.3 1909  2.1
27  Th        624 0125  0.3 0736  2.0 1347  0.3 2005  2.1
28  Fr        624 0219  0.3 0834  2.0 1443  0.3 2103  2.0
29  Sa        624 0316  0.3 0933  2.0 1542  0.3 2202  2.0
30  Su        624 0415  0.3 1032  2.0 1644  0.3 2301  2.0
