081Pouto Point
Based on data from  1-Jan-2014
Local Std Time, tidal heights in metres.
 1  Sa        723 0204  0.9 0815  3.0 1430  0.7 2051  3.1
 2  Su        723 0301  0.8 0911  3.1 1525  0.6 2145  3.3
 3  Mo        723 0356  0.6 1006  3.2 1617  0.5 2235  3.4
 4  Tu        723 0448  0.5 1058  3.2 1708  0.4 2325  3.5
 5  We        723 0539  0.5 1149  3.3 1757  0.4 9999  9.9
 6  Th        723 0014  3.5 0629  0.4 1240  3.3 1846  0.4
 7  Fr        723 0103  3.5 0719  0.4 1330  3.2 1936  0.5
 8  Sa        723 0153  3.4 0810  0.5 1421  3.2 2026  0.6
 9  Su        723 0244  3.3 0901  0.6 1513  3.1 2119  0.7
10  Mo        723 0337  3.2 0955  0.7 1609  3.0 2216  0.8
11  Tu        723 0434  3.1 1051  0.8 1709  2.9 2318  0.9
12  We        723 0533  3.0 1150  0.8 1812  2.9 9999  9.9
13  Th        723 0022  1.0 0635  2.9 1251  0.8 1915  2.9
14  Fr        723 0126  1.0 0735  2.9 1350  0.8 2014  3.0
15  Sa        723 0224  0.9 0832  2.9 1444  0.8 2106  3.0
16  Su        723 0316  0.9 0923  2.9 1533  0.8 2152  3.1
17  Mo        723 0402  0.8 1008  2.9 1616  0.7 2234  3.1
18  Tu        723 0444  0.8 1050  3.0 1655  0.7 2312  3.2
19  We        723 0522  0.8 1128  3.0 1731  0.7 2347  3.2
20  Th        723 0558  0.7 1203  3.0 1806  0.7 9999  9.9
21  Fr        723 0021  3.2 0633  0.7 1238  3.0 1840  0.7
22  Sa        723 0055  3.1 0708  0.7 1314  3.0 1915  0.8
23  Su        723 0130  3.1 0744  0.8 1351  2.9 1953  0.8
24  Mo        723 0208  3.0 0823  0.8 1430  2.9 2034  0.9
25  Tu        723 0249  3.0 0906  0.9 1515  2.8 2120  1.0
26  We        723 0335  2.9 0953  0.9 1606  2.8 2213  1.1
27  Th        723 0429  2.8 1048  0.9 1705  2.8 2316  1.1
28  Fr        723 0531  2.8 1150  0.9 1814  2.8 9999  9.9
29  Sa        723 0026  1.1 0639  2.8 1258  0.9 1924  2.9
30  Su        723 0137  1.0 0749  2.9 1406  0.8 2029  3.1
31  Mo        723 0243  0.8 0854  3.0 1507  0.6 2127  3.3
 1  Tu        823 0341  0.6 0952  3.2 1602  0.5 2220  3.5
 2  We        823 0434  0.4 1045  3.3 1653  0.3 2309  3.6
 3  Th        823 0524  0.3 1135  3.4 1742  0.3 2357  3.6
 4  Fr        823 0612  0.3 1222  3.4 1828  0.3 9999  9.9
 5  Sa        823 0043  3.6 0658  0.3 1309  3.4 1914  0.4
 6  Su        823 0129  3.5 0745  0.4 1355  3.3 2001  0.5
 7  Mo        823 0216  3.4 0831  0.5 1443  3.2 2050  0.7
 8  Tu        823 0305  3.2 0920  0.7 1534  3.0 2142  0.8
 9  We        823 0357  3.0 1012  0.8 1631  2.9 2242  1.0
10  Th        823 0456  2.8 1111  1.0 1737  2.8 2350  1.1
11  Fr        823 0602  2.7 1218  1.0 1848  2.8 9999  9.9
12  Sa        823 0102  1.1 0711  2.7 1326  1.0 1953  2.8
13  Su        823 0206  1.0 0814  2.7 1425  0.9 2047  2.9
14  Mo        823 0259  0.9 0906  2.8 1515  0.8 2133  3.1
15  Tu        823 0344  0.8 0951  2.9 1557  0.7 2213  3.2
16  We        823 0424  0.7 1031  3.0 1635  0.7 2249  3.2
17  Th        823 0459  0.7 1106  3.1 1709  0.6 2322  3.3
18  Fr        823 0533  0.6 1140  3.1 1742  0.6 2354  3.3
19  Sa        823 0606  0.6 1212  3.1 1814  0.6 9999  9.9
20  Su        823 0026  3.2 0638  0.6 1245  3.1 1848  0.7
21  Mo        823 0059  3.2 0712  0.6 1319  3.1 1922  0.7
22  Tu        823 0134  3.1 0748  0.7 1356  3.0 2000  0.8
23  We        823 0213  3.0 0828  0.8 1438  2.9 2044  0.9
24  Th        823 0257  2.9 0914  0.9 1527  2.8 2137  1.0
25  Fr        823 0351  2.8 1009  1.0 1628  2.8 2243  1.1
26  Sa        823 0457  2.7 1117  1.0 1743  2.8 9999  9.9
27  Su        823 0001  1.1 0615  2.7 1234  1.0 1903  2.9
28  Mo        823 0120  1.0 0734  2.8 1349  0.8 2013  3.1
29  Tu        823 0228  0.7 0841  3.0 1452  0.6 2111  3.3
30  We        823 0325  0.5 0938  3.3 1546  0.4 2202  3.5
31  Th        823 0416  0.3 1028  3.4 1635  0.3 2250  3.7
 1  Fr        923 0504  0.2 1115  3.5 1721  0.2 2335  3.7
 2  Sa        923 0549  0.2 1200  3.6 1806  0.2 9999  9.9
 3  Su        923 0019  3.7 0632  0.2 1243  3.5 1849  0.3
 4  Mo        923 0102  3.5 0715  0.3 1327  3.4 1933  0.5
 5  Tu        923 0145  3.3 0758  0.5 1411  3.2 2018  0.7
 6  We        923 0230  3.1 0843  0.7 1458  3.0 2107  0.9
 7  Th        923 0319  2.9 0932  0.9 1552  2.8 2205  1.1
 8  Fr        923 0417  2.7 1030  1.1 1659  2.7 2317  1.2
 9  Sa        923 0528  2.6 1143  1.2 1818  2.7 9999  9.9
10  Su        923 0037  1.2 0647  2.6 1300  1.1 1929  2.8
11  Mo        923 0144  1.1 0753  2.7 1403  1.0 2023  2.9
12  Tu        923 0236  1.0 0845  2.8 1452  0.9 2107  3.0
13  We        923 0319  0.8 0928  3.0 1533  0.8 2146  3.2
14  Th        923 0356  0.7 1005  3.1 1609  0.6 2220  3.2
15  Fr        923 0431  0.6 1039  3.2 1643  0.6 2253  3.3
16  Sa        923 0503  0.5 1112  3.2 1715  0.5 2325  3.3
17  Su        923 0536  0.5 1145  3.2 1748  0.6 2358  3.3
18  Mo        923 0609  0.5 1218  3.2 1821  0.6 9999  9.9
19  Tu        923 0031  3.2 0642  0.6 1251  3.2 1856  0.7
20  We        923 0106  3.1 0718  0.6 1328  3.1 1934  0.8
21  Th        923 0145  3.0 0758  0.8 1410  3.0 2019  0.9
22  Fr        923 0230  2.9 0845  0.9 1500  2.9 2114  1.0
23  Sa        923 0327  2.8 0943  1.0 1605  2.8 2224  1.1
24  Su        923 0439  2.7 1055  1.1 1725  2.8 2346  1.1
25  Mo        923 0603  2.7 1218  1.0 1846  2.9 9999  9.9
26  Tu        923 0106  0.9 0722  2.9 1333  0.8 1954  3.1
27  We        923 0211  0.7 0825  3.1 1434  0.6 2051  3.4
28  Th        923 0306  0.4 0919  3.3 1527  0.4 2140  3.6
29  Fr        923 0354  0.3 1007  3.5 1614  0.2 2227  3.7
30  Sa        923 0440  0.2 1052  3.6 1659  0.2 2311  3.7
 1  Su       1023 0523  0.2 1135  3.6 1742  0.2 2353  3.6
 2  Mo       1023 0605  0.2 1217  3.5 1823  0.4 9999  9.9
 3  Tu       1023 0034  3.4 0645  0.4 1258  3.3 1905  0.5
 4  We       1023 0115  3.2 0725  0.6 1339  3.2 1948  0.8
 5  Th       1023 0157  3.0 0807  0.8 1423  3.0 2034  1.0
 6  Fr       1023 0244  2.8 0853  1.0 1515  2.8 2130  1.1
 7  Sa       1023 0339  2.6 0949  1.1 1619  2.6 2240  1.3
 8  Su       1023 0451  2.5 1101  1.2 1739  2.6 9999  9.9
 9  Mo       1023 0001  1.2 0613  2.5 1223  1.2 1852  2.7
10  Tu       1023 0109  1.1 0721  2.6 1329  1.1 1948  2.8
11  We       1023 0201  1.0 0813  2.8 1419  0.9 2032  3.0
12  Th       1023 0244  0.8 0856  3.0 1500  0.8 2111  3.1
13  Fr       1023 0322  0.7 0934  3.1 1538  0.7 2147  3.2
14  Sa       1023 0358  0.6 1009  3.2 1613  0.6 2222  3.3
15  Su       1023 0432  0.5 1044  3.3 1647  0.5 2256  3.3
16  Mo       1023 0507  0.5 1118  3.3 1722  0.5 2331  3.3
17  Tu       1023 0542  0.5 1153  3.3 1758  0.6 9999  9.9
18  We       1023 0007  3.2 0618  0.5 1229  3.2 1836  0.7
19  Th       1023 0045  3.1 0656  0.6 1309  3.1 1918  0.8
20  Fr       1023 0127  3.0 0739  0.7 1353  3.0 2006  0.9
21  Sa       1023 0217  2.9 0829  0.9 1447  2.9 2104  1.0
22  Su       1023 0317  2.7 0929  1.0 1553  2.8 2215  1.0
23  Mo       1023 0430  2.7 1042  1.0 1710  2.9 2334  1.0
24  Tu       1023 0550  2.8 1202  1.0 1827  3.0 9999  9.9
25  We       1023 0047  0.8 0703  2.9 1313  0.8 1931  3.2
26  Th       1023 0148  0.6 0804  3.1 1413  0.6 2027  3.3
27  Fr       1023 0242  0.4 0857  3.3 1505  0.4 2116  3.5
28  Sa       1023 0330  0.3 0945  3.5 1552  0.3 2203  3.5
29  Su       1023 0415  0.2 1029  3.5 1637  0.3 2246  3.5
30  Mo       1023 0458  0.3 1112  3.5 1719  0.4 2328  3.4
31  Tu       1023 0539  0.3 1153  3.4 1801  0.5 9999  9.9
 1  We       1123 0009  3.3 0618  0.5 1233  3.3 1841  0.6
 2  Th       1123 0049  3.1 0657  0.7 1313  3.1 1923  0.8
 3  Fr       1123 0130  2.9 0737  0.8 1355  3.0 2007  1.0
 4  Sa       1123 0214  2.7 0820  1.0 1442  2.8 2059  1.1
 5  Su       1123 0306  2.6 0911  1.1 1539  2.7 2200  1.2
 6  Mo       1123 0408  2.5 1014  1.2 1647  2.6 2310  1.2
 7  Tu       1123 0521  2.5 1128  1.2 1757  2.7 9999  9.9
 8  We       1123 0016  1.1 0631  2.6 1237  1.2 1857  2.8
 9  Th       1123 0112  1.0 0728  2.7 1333  1.0 1946  2.9
10  Fr       1123 0200  0.9 0815  2.9 1420  0.9 2030  3.0
11  Sa       1123 0242  0.7 0857  3.0 1502  0.8 2111  3.1
12  Su       1123 0322  0.6 0937  3.2 1542  0.7 2150  3.2
13  Mo       1123 0401  0.5 1016  3.3 1621  0.6 2229  3.2
14  Tu       1123 0440  0.5 1054  3.3 1700  0.6 2309  3.2
15  We       1123 0519  0.5 1133  3.3 1741  0.6 2350  3.2
16  Th       1123 0600  0.5 1214  3.3 1824  0.6 9999  9.9
17  Fr       1123 0033  3.1 0643  0.6 1258  3.2 1910  0.7
18  Sa       1123 0120  3.0 0729  0.7 1346  3.1 2002  0.8
19  Su       1123 0212  2.9 0820  0.8 1440  3.0 2100  0.9
20  Mo       1123 0311  2.8 0919  0.9 1543  3.0 2205  0.9
21  Tu       1123 0418  2.8 1027  0.9 1651  3.0 2313  0.9
22  We       1123 0530  2.8 1139  0.9 1800  3.0 9999  9.9
23  Th       1123 0020  0.8 0638  2.9 1247  0.8 1903  3.1
24  Fr       1123 0121  0.6 0739  3.1 1347  0.7 2000  3.2
25  Sa       1123 0216  0.5 0833  3.2 1442  0.6 2052  3.3
26  Su       1123 0306  0.4 0923  3.3 1531  0.5 2140  3.3
27  Mo       1123 0353  0.4 1009  3.4 1617  0.5 2226  3.3
28  Tu       1123 0437  0.4 1053  3.4 1701  0.5 2309  3.2
29  We       1123 0518  0.5 1134  3.3 1743  0.6 2350  3.1
30  Th       1123 0557  0.6 1213  3.2 1823  0.7 9999  9.9
 1  Fr       1223 0029  3.0 0635  0.7 1252  3.1 1903  0.8
 2  Sa       1223 0109  2.9 0713  0.8 1331  3.0 1945  0.9
 3  Su       1223 0150  2.8 0753  0.9 1413  2.9 2030  1.0
 4  Mo       1223 0235  2.7 0838  1.0 1500  2.8 2119  1.1
 5  Tu       1223 0326  2.6 0929  1.1 1554  2.7 2214  1.1
 6  We       1223 0424  2.6 1028  1.2 1652  2.7 2312  1.1
 7  Th       1223 0526  2.6 1132  1.2 1753  2.7 9999  9.9
 8  Fr       1223 0011  1.0 0629  2.7 1235  1.1 1850  2.8
 9  Sa       1223 0106  0.9 0726  2.8 1332  1.0 1943  2.9
10  Su       1223 0158  0.8 0818  2.9 1424  0.9 2033  3.0
11  Mo       1223 0246  0.7 0905  3.1 1512  0.8 2120  3.1
12  Tu       1223 0333  0.6 0950  3.2 1558  0.7 2207  3.1
13  We       1223 0418  0.5 1035  3.3 1644  0.6 2253  3.2
14  Th       1223 0503  0.5 1119  3.3 1730  0.6 2339  3.2
15  Fr       1223 0548  0.5 1204  3.4 1816  0.6 9999  9.9
16  Sa       1223 0026  3.2 0634  0.5 1250  3.3 1905  0.6
17  Su       1223 0115  3.1 0721  0.6 1338  3.3 1955  0.6
18  Mo       1223 0205  3.1 0811  0.6 1430  3.2 2048  0.7
19  Tu       1223 0259  3.0 0906  0.7 1526  3.1 2145  0.7
20  We       1223 0358  2.9 1005  0.8 1626  3.1 2245  0.8
21  Th       1223 0501  2.9 1110  0.9 1729  3.0 2348  0.8
22  Fr       1223 0607  2.9 1217  0.9 1832  3.0 9999  9.9
23  Sa       1223 0050  0.8 0711  3.0 1321  0.8 1934  3.0
24  Su       1223 0150  0.7 0811  3.1 1421  0.8 2030  3.1
25  Mo       1223 0245  0.7 0905  3.2 1514  0.7 2123  3.1
26  Tu       1223 0335  0.6 0953  3.2 1603  0.7 2211  3.1
27  We       1223 0421  0.6 1038  3.2 1648  0.7 2255  3.1
28  Th       1223 0502  0.6 1119  3.2 1729  0.7 2336  3.0
29  Fr       1223 0541  0.6 1157  3.2 1808  0.7 9999  9.9
30  Sa       1223 0014  3.0 0617  0.7 1234  3.2 1845  0.8
31  Su       1223 0050  2.9 0653  0.8 1309  3.1 1922  0.8
 1  Mo        124 0127  2.9 0729  0.8 1345  3.0 2000  0.9
 2  Tu        124 0205  2.8 0807  0.9 1424  3.0 2040  0.9
 3  We        124 0246  2.8 0849  1.0 1507  2.9 2124  1.0
 4  Th        124 0333  2.7 0937  1.1 1555  2.8 2214  1.0
 5  Fr        124 0426  2.7 1032  1.1 1650  2.7 2309  1.0
 6  Sa        124 0526  2.7 1134  1.2 1750  2.7 9999  9.9
 7  Su        124 0009  1.0 0632  2.7 1241  1.1 1854  2.8
 8  Mo        124 0112  1.0 0736  2.8 1346  1.0 1956  2.8
 9  Tu        124 0213  0.9 0836  3.0 1445  0.9 2055  2.9
10  We        124 0309  0.7 0929  3.1 1539  0.7 2149  3.1
11  Th        124 0401  0.6 1018  3.3 1630  0.6 2240  3.2
12  Fr        124 0449  0.5 1106  3.4 1719  0.5 2329  3.3
13  Sa        124 0536  0.4 1152  3.5 1806  0.4 9999  9.9
14  Su        124 0016  3.3 0623  0.4 1238  3.5 1853  0.4
15  Mo        124 0103  3.3 0709  0.4 1324  3.5 1940  0.4
16  Tu        124 0150  3.3 0756  0.5 1412  3.4 2028  0.5
17  We        124 0239  3.2 0845  0.6 1502  3.3 2119  0.6
18  Th        124 0331  3.1 0938  0.8 1556  3.1 2213  0.7
19  Fr        124 0429  2.9 1038  0.9 1655  3.0 2312  0.8
20  Sa        124 0534  2.9 1145  1.0 1800  2.9 9999  9.9
21  Su        124 0018  0.9 0644  2.8 1257  1.0 1909  2.8
22  Mo        124 0125  0.9 0751  2.9 1404  1.0 2013  2.8
23  Tu        124 0227  0.9 0850  3.0 1502  0.9 2110  2.9
24  We        124 0321  0.8 0940  3.1 1552  0.8 2159  3.0
25  Th        124 0408  0.7 1024  3.2 1635  0.8 2242  3.0
26  Fr        124 0448  0.7 1104  3.2 1714  0.7 2321  3.0
27  Sa        124 0525  0.6 1139  3.2 1750  0.7 2356  3.1
28  Su        124 0558  0.6 1212  3.2 1823  0.7 9999  9.9
29  Mo        124 0029  3.0 0631  0.7 1244  3.2 1856  0.7
30  Tu        124 0101  3.0 0703  0.7 1316  3.1 1929  0.7
31  We        124 0135  3.0 0737  0.8 1350  3.1 2004  0.8
 1  Th        224 0210  2.9 0813  0.9 1427  3.0 2042  0.8
 2  Fr        224 0250  2.8 0855  1.0 1509  2.9 2126  0.9
 3  Sa        224 0336  2.8 0943  1.1 1558  2.8 2216  1.0
 4  Su        224 0432  2.7 1043  1.2 1658  2.7 2318  1.1
 5  Mo        224 0541  2.7 1155  1.2 1809  2.7 9999  9.9
 6  Tu        224 0029  1.1 0658  2.7 1313  1.1 1926  2.7
 7  We        224 0143  1.0 0809  2.9 1423  0.9 2035  2.9
 8  Th        224 0248  0.8 0909  3.1 1522  0.7 2134  3.1
 9  Fr        224 0344  0.6 1001  3.3 1614  0.5 2226  3.3
10  Sa        224 0434  0.4 1049  3.5 1703  0.3 2314  3.4
11  Su        224 0520  0.3 1135  3.6 1749  0.2 2359  3.5
12  Mo        224 0606  0.2 1220  3.7 1834  0.2 9999  9.9
13  Tu        224 0044  3.5 0650  0.3 1304  3.6 1918  0.3
14  We        224 0129  3.4 0735  0.4 1349  3.5 2003  0.4
15  Th        224 0214  3.3 0821  0.5 1435  3.3 2049  0.6
16  Fr        224 0302  3.1 0910  0.7 1525  3.1 2139  0.8
17  Sa        224 0356  2.9 1007  0.9 1622  2.9 2237  1.0
18  Su        224 0500  2.8 1115  1.1 1730  2.7 2346  1.1
19  Mo        224 0617  2.7 1235  1.2 1847  2.6 9999  9.9
20  Tu        224 0103  1.1 0733  2.8 1348  1.1 1959  2.7
21  We        224 0211  1.0 0834  2.9 1447  1.0 2056  2.8
22  Th        224 0306  0.9 0923  3.0 1535  0.9 2143  2.9
23  Fr        224 0350  0.8 1004  3.1 1615  0.8 2224  3.0
24  Sa        224 0428  0.7 1041  3.2 1651  0.7 2259  3.1
25  Su        224 0503  0.6 1114  3.2 1724  0.6 2332  3.1
26  Mo        224 0534  0.6 1145  3.3 1755  0.6 9999  9.9
27  Tu        224 0003  3.2 0605  0.6 1216  3.2 1826  0.6
28  We        224 0034  3.1 0636  0.6 1246  3.2 1858  0.6
29  Th        224 0105  3.1 0708  0.7 1319  3.1 1931  0.7
 1  Fr        324 0138  3.0 0742  0.8 1353  3.0 2007  0.8
 2  Sa        324 0215  2.9 0821  0.9 1433  2.9 2048  0.9
 3  Su        324 0259  2.8 0908  1.0 1521  2.8 2137  1.0
 4  Mo        324 0353  2.7 1007  1.2 1621  2.6 2239  1.1
 5  Tu        324 0504  2.7 1122  1.2 1738  2.6 2357  1.1
 6  We        324 0628  2.7 1247  1.1 1903  2.7 9999  9.9
 7  Th        324 0119  1.0 0745  2.9 1401  0.9 2016  2.9
 8  Fr        324 0227  0.8 0846  3.2 1501  0.7 2115  3.1
 9  Sa        324 0323  0.5 0939  3.4 1553  0.4 2206  3.4
10  Su        324 0413  0.3 1027  3.6 1640  0.2 2253  3.5
11  Mo        324 0459  0.2 1112  3.7 1726  0.2 2337  3.6
12  Tu        324 0544  0.2 1156  3.7 1809  0.2 9999  9.9
13  We        324 0021  3.6 0628  0.2 1240  3.6 1852  0.3
14  Th        324 0104  3.5 0711  0.4 1323  3.4 1935  0.4
15  Fr        324 0148  3.3 0756  0.6 1408  3.2 2020  0.6
16  Sa        324 0234  3.1 0844  0.8 1456  3.0 2108  0.9
17  Su        324 0326  2.9 0939  1.0 1552  2.7 2203  1.0
18  Mo        324 0430  2.7 1048  1.2 1701  2.6 2314  1.2
19  Tu        324 0549  2.6 1211  1.2 1824  2.5 9999  9.9
20  We        324 0037  1.2 0707  2.7 1325  1.1 1937  2.6
21  Th        324 0147  1.1 0807  2.8 1421  1.0 2032  2.8
22  Fr        324 0240  1.0 0855  3.0 1507  0.9 2117  2.9
23  Sa        324 0323  0.8 0935  3.1 1545  0.7 2155  3.0
24  Su        324 0400  0.7 1010  3.2 1620  0.6 2230  3.1
25  Mo        324 0434  0.6 1043  3.2 1653  0.6 2303  3.2
26  Tu        324 0506  0.6 1115  3.2 1725  0.5 2334  3.2
27  We        324 0537  0.6 1146  3.2 1756  0.6 9999  9.9
28  Th        324 0006  3.2 0609  0.6 1218  3.2 1828  0.6
29  Fr        324 0038  3.2 0642  0.7 1251  3.1 1902  0.7
30  Sa        324 0112  3.1 0718  0.8 1327  3.0 1939  0.8
31  Su        324 0150  3.0 0759  0.9 1409  2.9 2021  0.9
 1  Mo        424 0235  2.9 0848  1.0 1459  2.7 2112  1.0
 2  Tu        424 0331  2.8 0949  1.1 1602  2.6 2216  1.1
 3  We        424 0442  2.7 1104  1.1 1720  2.6 2335  1.1
 4  Th        424 0604  2.8 1226  1.0 1843  2.7 9999  9.9
 5  Fr        424 0055  1.0 0719  3.0 1337  0.8 1953  3.0
 6  Sa        424 0202  0.7 0820  3.2 1435  0.6 2050  3.2
 7  Su        424 0259  0.5 0912  3.4 1527  0.4 2141  3.4
 8  Mo        424 0349  0.3 1001  3.6 1614  0.2 2228  3.5
 9  Tu        424 0436  0.2 1047  3.6 1700  0.2 2313  3.6
10  We        424 0521  0.2 1131  3.6 1743  0.2 2357  3.5
11  Th        424 0605  0.3 1215  3.5 1826  0.3 9999  9.9
12  Fr        424 0040  3.4 0648  0.5 1259  3.3 1909  0.5
13  Sa        424 0123  3.3 0733  0.7 1343  3.1 1952  0.7
14  Su        424 0209  3.1 0821  0.9 1431  2.8 2039  0.9
15  Mo        424 0259  2.9 0915  1.1 1525  2.7 2133  1.1
16  Tu        424 0400  2.7 1021  1.2 1632  2.5 2239  1.2
17  We        424 0513  2.7 1137  1.2 1750  2.5 2358  1.2
18  Th        424 0627  2.7 1246  1.1 1859  2.6 9999  9.9
19  Fr        424 0107  1.1 0726  2.8 1341  1.0 1954  2.7
20  Sa        424 0201  1.0 0814  2.9 1426  0.9 2040  2.9
21  Su        424 0245  0.9 0855  3.0 1506  0.8 2120  3.0
22  Mo        424 0324  0.8 0933  3.1 1543  0.7 2156  3.1
23  Tu        424 0400  0.7 1008  3.2 1618  0.6 2231  3.2
24  We        424 0435  0.7 1043  3.2 1653  0.6 2305  3.2
25  Th        424 0510  0.6 1117  3.2 1727  0.6 2340  3.2
26  Fr        424 0545  0.7 1153  3.1 1803  0.6 9999  9.9
27  Sa        424 0015  3.2 0622  0.7 1231  3.0 1840  0.7
28  Su        424 0053  3.1 0702  0.8 1311  3.0 1921  0.8
29  Mo        424 0135  3.0 0747  0.9 1357  2.9 2006  0.9
30  Tu        424 0223  2.9 0839  1.0 1450  2.8 2059  1.0
 1  We        524 0320  2.9 0941  1.0 1553  2.7 2203  1.0
 2  Th        524 0428  2.9 1051  1.0 1706  2.7 2316  1.0
 3  Fr        524 0541  2.9 1202  0.9 1819  2.8 9999  9.9
 4  Sa        524 0029  0.9 0649  3.1 1308  0.7 1925  3.0
 5  Su        524 0134  0.7 0750  3.2 1406  0.5 2023  3.2
 6  Mo        524 0231  0.6 0844  3.4 1458  0.4 2115  3.4
 7  Tu        524 0323  0.4 0934  3.4 1548  0.3 2204  3.5
 8  We        524 0412  0.4 1022  3.5 1634  0.3 2250  3.5
 9  Th        524 0458  0.4 1108  3.4 1719  0.4 2335  3.4
10  Fr        524 0544  0.5 1153  3.3 1803  0.5 9999  9.9
11  Sa        524 0018  3.3 0629  0.6 1237  3.1 1845  0.6
12  Su        524 0102  3.2 0714  0.8 1322  2.9 1928  0.8
13  Mo        524 0146  3.0 0801  0.9 1408  2.8 2013  0.9
14  Tu        524 0234  2.9 0852  1.0 1459  2.7 2103  1.1
15  We        524 0328  2.8 0948  1.1 1557  2.6 2200  1.2
16  Th        524 0428  2.7 1049  1.1 1701  2.6 2305  1.2
17  Fr        524 0531  2.7 1151  1.1 1805  2.6 9999  9.9
18  Sa        524 0011  1.2 0630  2.8 1246  1.0 1903  2.7
19  Su        524 0109  1.1 0722  2.8 1336  0.9 1953  2.8
20  Mo        524 0159  1.0 0808  2.9 1421  0.8 2038  3.0
21  Tu        524 0243  0.9 0851  3.0 1503  0.7 2120  3.1
22  We        524 0325  0.8 0932  3.1 1543  0.6 2159  3.1
23  Th        524 0405  0.7 1012  3.1 1623  0.6 2238  3.2
24  Fr        524 0445  0.7 1053  3.1 1703  0.6 2318  3.2
25  Sa        524 0526  0.7 1134  3.1 1743  0.6 2358  3.2
26  Su        524 0608  0.7 1217  3.0 1825  0.7 9999  9.9
27  Mo        524 0040  3.2 0653  0.7 1302  3.0 1909  0.7
28  Tu        524 0126  3.1 0741  0.8 1350  2.9 1957  0.8
29  We        524 0215  3.1 0833  0.8 1444  2.9 2050  0.8
30  Th        524 0310  3.0 0931  0.8 1543  2.9 2149  0.9
31  Fr        524 0411  3.0 1032  0.8 1646  2.9 2254  0.9
 1  Sa        624 0515  3.0 1135  0.8 1752  2.9 9999  9.9
 2  Su        624 0001  0.8 0619  3.1 1237  0.7 1856  3.0
 3  Mo        624 0106  0.8 0720  3.2 1336  0.6 1956  3.2
 4  Tu        624 0205  0.7 0817  3.2 1432  0.5 2051  3.3
 5  We        624 0300  0.6 0910  3.2 1524  0.5 2142  3.3
 6  Th        624 0352  0.6 1001  3.2 1613  0.5 2231  3.4
 7  Fr        624 0441  0.6 1049  3.2 1659  0.5 2316  3.3
 8  Sa        624 0527  0.6 1135  3.1 1743  0.6 9999  9.9
 9  Su        624 0000  3.3 0612  0.7 1219  3.0 1825  0.7
10  Mo        624 0043  3.2 0656  0.8 1302  2.9 1906  0.8
11  Tu        624 0124  3.1 0739  0.9 1345  2.8 1947  0.9
12  We        624 0207  3.0 0823  0.9 1429  2.8 2030  1.0
13  Th        624 0251  2.9 0909  1.0 1516  2.7 2118  1.1
14  Fr        624 0339  2.8 0958  1.0 1607  2.7 2210  1.1
15  Sa        624 0431  2.8 1050  1.0 1703  2.7 2308  1.1
16  Su        624 0526  2.8 1144  1.0 1802  2.7 9999  9.9
17  Mo        624 0008  1.1 0622  2.8 1239  1.0 1900  2.8
18  Tu        624 0106  1.1 0716  2.8 1332  0.9 1954  2.9
19  We        624 0200  1.0 0808  2.9 1422  0.8 2044  3.0
20  Th        624 0251  0.9 0858  2.9 1511  0.7 2130  3.1
21  Fr        624 0338  0.8 0946  3.0 1557  0.7 2215  3.2
22  Sa        624 0425  0.7 1033  3.1 1643  0.6 2300  3.3
23  Su        624 0510  0.7 1119  3.1 1728  0.6 2344  3.3
24  Mo        624 0556  0.6 1206  3.1 1812  0.6 9999  9.9
25  Tu        624 0029  3.3 0643  0.6 1252  3.1 1858  0.6
26  We        624 0114  3.3 0731  0.6 1340  3.1 1945  0.6
27  Th        624 0203  3.3 0820  0.6 1430  3.1 2036  0.7
28  Fr        624 0254  3.2 0912  0.7 1524  3.0 2130  0.8
29  Sa        624 0348  3.1 1007  0.7 1621  3.0 2229  0.8
30  Su        624 0447  3.1 1105  0.7 1723  3.0 2333  0.9
