180Raglan
Based on data from  1-Jul-2013
Local Std Time, tidal heights in metres.
 1  Sa        122 0213  0.4 0845  3.2 1445  0.5 2107  3.2
 2  Su        122 0309  0.3 0939  3.3 1539  0.3 2201  3.3
 3  Mo        122 0401  0.2 1030  3.5 1630  0.3 2253  3.3
 4  Tu        122 0450  0.2 1119  3.5 1720  0.2 2343  3.3
 5  We        122 0538  0.2 1207  3.5 1808  0.3 9999  9.9
 6  Th        122 0032  3.2 0625  0.3 1254  3.4 1856  0.4
 7  Fr        122 0120  3.1 0712  0.4 1341  3.2 1943  0.5
 8  Sa        122 0208  3.0 0759  0.6 1429  3.1 2032  0.6
 9  Su        122 0257  2.9 0848  0.8 1519  2.9 2122  0.8
10  Mo        122 0350  2.7 0942  0.9 1614  2.8 2217  0.9
11  Tu        122 0449  2.7 1044  1.0 1712  2.7 2316  1.0
12  We        122 0551  2.6 1152  1.1 1811  2.7 9999  9.9
13  Th        122 0019  1.0 0651  2.7 1256  1.1 1909  2.7
14  Fr        122 0118  1.0 0746  2.7 1351  1.0 2001  2.7
15  Sa        122 0209  0.9 0835  2.8 1438  0.9 2049  2.8
16  Su        122 0254  0.8 0920  2.9 1520  0.8 2134  2.9
17  Mo        122 0334  0.7 1000  3.0 1559  0.7 2214  2.9
18  Tu        122 0412  0.6 1037  3.1 1636  0.6 2253  3.0
19  We        122 0448  0.5 1113  3.2 1713  0.6 2329  3.0
20  Th        122 0525  0.5 1148  3.2 1750  0.5 9999  9.9
21  Fr        122 0006  3.0 0602  0.4 1224  3.2 1829  0.5
22  Sa        122 0043  3.0 0641  0.5 1301  3.2 1909  0.5
23  Su        122 0121  3.0 0722  0.5 1340  3.1 1952  0.5
24  Mo        122 0203  2.9 0807  0.6 1424  3.0 2039  0.6
25  Tu        122 0250  2.9 0856  0.7 1514  2.9 2130  0.7
26  We        122 0346  2.8 0954  0.8 1614  2.8 2230  0.8
27  Th        122 0456  2.7 1103  0.9 1726  2.8 2338  0.8
28  Fr        122 0614  2.8 1218  0.9 1842  2.8 9999  9.9
29  Sa        122 0050  0.7 0726  2.9 1329  0.8 1952  2.9
30  Su        122 0156  0.6 0829  3.1 1431  0.6 2054  3.0
31  Mo        122 0255  0.4 0925  3.3 1527  0.4 2150  3.2
 1  Tu        222 0348  0.3 1016  3.4 1617  0.3 2241  3.3
 2  We        222 0436  0.2 1104  3.5 1704  0.2 2328  3.3
 3  Th        222 0522  0.2 1149  3.5 1749  0.2 9999  9.9
 4  Fr        222 0013  3.3 0605  0.2 1232  3.4 1832  0.3
 5  Sa        222 0056  3.2 0647  0.3 1313  3.3 1914  0.4
 6  Su        222 0137  3.1 0729  0.5 1354  3.1 1955  0.6
 7  Mo        222 0219  2.9 0812  0.7 1436  2.9 2038  0.7
 8  Tu        222 0302  2.8 0857  0.9 1521  2.8 2123  0.9
 9  We        222 0353  2.7 0949  1.1 1613  2.6 2215  1.1
10  Th        222 0455  2.6 1055  1.2 1717  2.5 2321  1.2
11  Fr        222 0605  2.5 1212  1.2 1825  2.5 9999  9.9
12  Sa        222 0036  1.2 0710  2.6 1320  1.2 1929  2.6
13  Su        222 0140  1.1 0807  2.7 1414  1.0 2024  2.7
14  Mo        222 0230  0.9 0854  2.8 1457  0.9 2111  2.8
15  Tu        222 0312  0.8 0936  3.0 1536  0.7 2153  2.9
16  We        222 0350  0.6 1014  3.1 1613  0.6 2232  3.1
17  Th        222 0427  0.5 1050  3.2 1650  0.4 2309  3.1
18  Fr        222 0503  0.4 1126  3.3 1728  0.3 2346  3.2
19  Sa        222 0541  0.3 1202  3.3 1806  0.3 9999  9.9
20  Su        222 0023  3.2 0620  0.3 1240  3.3 1846  0.3
21  Mo        222 0101  3.2 0701  0.4 1319  3.2 1928  0.4
22  Tu        222 0142  3.1 0745  0.5 1403  3.1 2013  0.5
23  We        222 0228  3.0 0834  0.7 1452  2.9 2104  0.7
24  Th        222 0323  2.8 0932  0.8 1552  2.8 2203  0.8
25  Fr        222 0434  2.7 1042  1.0 1707  2.7 2315  0.9
26  Sa        222 0555  2.7 1202  1.0 1828  2.7 9999  9.9
27  Su        222 0033  0.9 0711  2.9 1317  0.8 1941  2.8
28  Mo        222 0144  0.7 0816  3.0 1419  0.6 2043  3.0
 1  Tu        322 0243  0.5 0911  3.2 1513  0.4 2137  3.1
 2  We        322 0333  0.3 1000  3.4 1600  0.3 2225  3.3
 3  Th        322 0419  0.2 1044  3.5 1644  0.2 2308  3.3
 4  Fr        322 0501  0.2 1126  3.4 1725  0.2 2349  3.3
 5  Sa        322 0541  0.2 1205  3.4 1804  0.3 9999  9.9
 6  Su        322 0027  3.3 0620  0.3 1243  3.3 1842  0.4
 7  Mo        322 0104  3.1 0658  0.5 1319  3.1 1919  0.5
 8  Tu        322 0140  3.0 0736  0.7 1355  2.9 1956  0.7
 9  We        322 0217  2.8 0816  0.9 1433  2.8 2035  0.9
10  Th        322 0300  2.7 0902  1.1 1518  2.6 2121  1.1
11  Fr        322 0354  2.5 1000  1.2 1618  2.5 2220  1.2
12  Sa        322 0510  2.5 1119  1.3 1736  2.4 2342  1.3
13  Su        322 0628  2.5 1241  1.2 1852  2.5 9999  9.9
14  Mo        322 0103  1.2 0731  2.6 1340  1.1 1953  2.6
15  Tu        322 0159  1.0 0822  2.8 1426  0.9 2042  2.8
16  We        322 0242  0.8 0905  3.0 1506  0.7 2126  3.0
17  Th        322 0322  0.6 0945  3.1 1544  0.5 2206  3.1
18  Fr        322 0400  0.4 1023  3.3 1623  0.3 2244  3.2
19  Sa        322 0439  0.3 1100  3.4 1702  0.2 2322  3.3
20  Su        322 0518  0.2 1139  3.4 1742  0.2 9999  9.9
21  Mo        322 0002  3.3 0559  0.2 1219  3.3 1823  0.2
22  Tu        322 0042  3.3 0642  0.3 1301  3.2 1906  0.3
23  We        322 0125  3.2 0727  0.5 1347  3.1 1952  0.5
24  Th        322 0214  3.0 0818  0.7 1439  2.9 2044  0.7
25  Fr        322 0311  2.9 0918  0.8 1542  2.7 2145  0.9
26  Sa        322 0422  2.8 1030  1.0 1659  2.6 2300  1.0
27  Su        322 0543  2.7 1151  1.0 1819  2.7 9999  9.9
28  Mo        322 0021  0.9 0657  2.9 1304  0.8 1929  2.8
29  Tu        322 0130  0.8 0759  3.0 1403  0.6 2028  3.0
30  We        322 0226  0.6 0851  3.2 1453  0.4 2118  3.1
31  Th        322 0314  0.4 0937  3.3 1537  0.3 2203  3.3
 1  Fr        422 0357  0.3 1019  3.4 1618  0.2 2244  3.3
 2  Sa        422 0437  0.3 1059  3.3 1657  0.3 2322  3.3
 3  Su        422 0515  0.3 1136  3.3 1734  0.3 2358  3.3
 4  Mo        422 0552  0.4 1211  3.2 1810  0.4 9999  9.9
 5  Tu        422 0032  3.1 0628  0.5 1245  3.0 1844  0.6
 6  We        422 0106  3.0 0704  0.7 1319  2.9 1920  0.7
 7  Th        422 0140  2.9 0743  0.9 1356  2.7 1957  0.9
 8  Fr        422 0220  2.7 0826  1.0 1439  2.6 2041  1.1
 9  Sa        422 0309  2.6 0920  1.2 1534  2.5 2136  1.2
10  Su        422 0415  2.5 1029  1.3 1646  2.4 2248  1.3
11  Mo        422 0535  2.5 1148  1.2 1806  2.5 9999  9.9
12  Tu        422 0010  1.2 0645  2.6 1254  1.1 1912  2.6
13  We        422 0114  1.0 0740  2.8 1344  0.9 2005  2.8
14  Th        422 0204  0.8 0826  3.0 1429  0.6 2052  3.0
15  Fr        422 0248  0.6 0910  3.2 1511  0.4 2135  3.2
16  Sa        422 0330  0.4 0951  3.3 1553  0.3 2217  3.3
17  Su        422 0412  0.2 1033  3.4 1635  0.2 2259  3.4
18  Mo        422 0455  0.2 1116  3.4 1718  0.1 2341  3.4
19  Tu        422 0539  0.2 1200  3.3 1802  0.2 9999  9.9
20  We        422 0025  3.3 0625  0.3 1247  3.2 1848  0.3
21  Th        422 0112  3.2 0714  0.5 1337  3.0 1936  0.5
22  Fr        422 0204  3.1 0808  0.7 1433  2.9 2030  0.7
23  Sa        422 0303  2.9 0909  0.8 1538  2.7 2133  0.9
24  Su        422 0413  2.8 1021  0.9 1651  2.7 2247  1.0
25  Mo        422 0528  2.8 1136  0.9 1805  2.7 9999  9.9
26  Tu        422 0004  0.9 0636  2.9 1244  0.8 1910  2.8
27  We        422 0109  0.8 0735  3.0 1339  0.6 2005  3.0
28  Th        422 0203  0.6 0825  3.1 1427  0.5 2053  3.1
29  Fr        422 0249  0.5 0910  3.2 1510  0.4 2137  3.2
30  Sa        422 0332  0.4 0951  3.2 1551  0.4 2216  3.2
 1  Su        522 0411  0.4 1030  3.2 1628  0.4 2254  3.2
 2  Mo        522 0449  0.4 1107  3.1 1705  0.4 2329  3.2
 3  Tu        522 0525  0.5 1142  3.0 1740  0.5 9999  9.9
 4  We        522 0003  3.1 0601  0.6 1216  2.9 1815  0.6
 5  Th        522 0037  3.0 0638  0.7 1251  2.8 1850  0.7
 6  Fr        522 0112  2.9 0717  0.9 1329  2.7 1929  0.9
 7  Sa        522 0152  2.8 0801  1.0 1413  2.6 2013  1.0
 8  Su        522 0238  2.7 0851  1.1 1504  2.5 2104  1.1
 9  Mo        522 0334  2.6 0950  1.1 1605  2.5 2206  1.2
10  Tu        522 0441  2.6 1056  1.1 1715  2.5 2317  1.1
11  We        522 0549  2.7 1200  1.0 1824  2.6 9999  9.9
12  Th        522 0024  1.0 0650  2.8 1257  0.8 1923  2.8
13  Fr        522 0122  0.8 0743  3.0 1349  0.6 2015  3.0
14  Sa        522 0213  0.6 0833  3.1 1437  0.4 2103  3.2
15  Su        522 0301  0.4 0921  3.2 1524  0.3 2150  3.3
16  Mo        522 0348  0.3 1008  3.3 1610  0.2 2237  3.4
17  Tu        522 0435  0.2 1056  3.3 1657  0.1 2323  3.4
18  We        522 0523  0.2 1145  3.3 1744  0.2 9999  9.9
19  Th        522 0011  3.4 0612  0.3 1236  3.2 1833  0.3
20  Fr        522 0102  3.3 0703  0.4 1329  3.0 1923  0.5
21  Sa        522 0155  3.1 0758  0.6 1426  2.9 2018  0.7
22  Su        522 0253  3.0 0858  0.7 1528  2.8 2119  0.8
23  Mo        522 0358  2.9 1004  0.8 1635  2.7 2227  0.9
24  Tu        522 0504  2.9 1111  0.8 1741  2.8 2338  0.9
25  We        522 0607  2.9 1214  0.8 1842  2.8 9999  9.9
26  Th        522 0041  0.8 0703  2.9 1308  0.7 1936  2.9
27  Fr        522 0135  0.7 0754  3.0 1357  0.6 2024  3.0
28  Sa        522 0223  0.6 0839  3.0 1442  0.5 2108  3.1
29  Su        522 0306  0.6 0922  3.0 1523  0.5 2149  3.1
30  Mo        522 0346  0.6 1002  3.0 1602  0.5 2228  3.1
31  Tu        522 0425  0.6 1041  3.0 1639  0.5 2304  3.1
 1  We        622 0502  0.6 1117  2.9 1715  0.6 2340  3.1
 2  Th        622 0539  0.7 1154  2.9 1751  0.6 9999  9.9
 3  Fr        622 0014  3.0 0617  0.7 1230  2.8 1828  0.7
 4  Sa        622 0050  2.9 0657  0.8 1309  2.7 1907  0.8
 5  Su        622 0129  2.9 0739  0.9 1350  2.7 1949  0.9
 6  Mo        622 0212  2.8 0825  0.9 1436  2.6 2037  1.0
 7  Tu        622 0300  2.7 0916  1.0 1528  2.6 2131  1.0
 8  We        622 0355  2.7 1012  0.9 1628  2.6 2232  1.0
 9  Th        622 0456  2.8 1112  0.9 1734  2.7 2337  0.9
10  Fr        622 0600  2.8 1212  0.8 1839  2.8 9999  9.9
11  Sa        622 0041  0.8 0701  2.9 1310  0.6 1939  3.0
12  Su        622 0140  0.7 0759  3.0 1406  0.5 2035  3.1
13  Mo        622 0234  0.5 0854  3.2 1458  0.3 2127  3.3
14  Tu        622 0327  0.4 0948  3.2 1550  0.2 2218  3.4
15  We        622 0418  0.3 1040  3.3 1640  0.2 2308  3.4
16  Th        622 0509  0.3 1133  3.2 1729  0.2 2358  3.4
17  Fr        622 0600  0.3 1225  3.2 1819  0.3 9999  9.9
18  Sa        622 0049  3.4 0651  0.4 1317  3.1 1909  0.4
19  Su        622 0141  3.2 0744  0.5 1411  3.0 2001  0.6
20  Mo        622 0235  3.1 0839  0.6 1508  2.9 2057  0.7
21  Tu        622 0332  3.0 0936  0.7 1607  2.8 2157  0.8
22  We        622 0432  2.9 1035  0.8 1707  2.8 2302  0.9
23  Th        622 0531  2.9 1135  0.8 1807  2.8 9999  9.9
24  Fr        622 0006  0.9 0627  2.8 1232  0.8 1903  2.8
25  Sa        622 0104  0.9 0720  2.8 1325  0.8 1954  2.9
26  Su        622 0156  0.8 0809  2.8 1414  0.7 2041  3.0
27  Mo        622 0242  0.8 0855  2.9 1458  0.7 2124  3.0
28  Tu        622 0325  0.7 0938  2.9 1539  0.6 2204  3.1
29  We        622 0405  0.7 1019  2.9 1617  0.6 2243  3.1
30  Th        622 0443  0.7 1058  2.9 1654  0.6 2319  3.1
 1  Fr        722 0520  0.7 1135  2.9 1730  0.6 2354  3.1
 2  Sa        722 0557  0.7 1212  2.9 1807  0.6 9999  9.9
 3  Su        722 0029  3.0 0636  0.7 1249  2.8 1846  0.7
 4  Mo        722 0106  3.0 0716  0.7 1327  2.8 1926  0.7
 5  Tu        722 0145  2.9 0758  0.7 1409  2.8 2010  0.8
 6  We        722 0229  2.9 0844  0.8 1455  2.7 2058  0.9
 7  Th        722 0317  2.8 0934  0.8 1548  2.7 2154  0.9
 8  Fr        722 0413  2.8 1030  0.8 1651  2.7 2257  0.9
 9  Sa        722 0517  2.8 1132  0.8 1801  2.8 9999  9.9
10  Su        722 0006  0.9 0626  2.9 1237  0.7 1910  2.9
11  Mo        722 0113  0.8 0733  2.9 1340  0.6 2013  3.1
12  Tu        722 0215  0.6 0835  3.0 1439  0.4 2109  3.2
13  We        722 0311  0.4 0933  3.2 1534  0.3 2203  3.4
14  Th        722 0405  0.3 1027  3.2 1625  0.2 2254  3.5
15  Fr        722 0456  0.2 1120  3.3 1715  0.2 2343  3.5
16  Sa        722 0545  0.2 1210  3.3 1803  0.2 9999  9.9
17  Su        722 0032  3.4 0634  0.3 1259  3.2 1850  0.3
18  Mo        722 0120  3.3 0722  0.4 1348  3.1 1938  0.5
19  Tu        722 0209  3.2 0810  0.5 1438  3.0 2027  0.6
20  We        722 0259  3.0 0859  0.7 1530  2.9 2120  0.8
21  Th        722 0351  2.9 0952  0.8 1626  2.8 2219  1.0
22  Fr        722 0447  2.8 1049  0.9 1726  2.7 2325  1.0
23  Sa        722 0546  2.7 1151  1.0 1826  2.7 9999  9.9
24  Su        722 0031  1.1 0644  2.7 1253  1.0 1923  2.7
25  Mo        722 0130  1.0 0739  2.7 1348  0.9 2014  2.8
26  Tu        722 0221  0.9 0830  2.7 1437  0.8 2101  2.9
27  We        722 0305  0.8 0917  2.8 1519  0.7 2143  3.0
28  Th        722 0345  0.7 0959  2.9 1558  0.7 2221  3.1
29  Fr        722 0423  0.7 1038  2.9 1634  0.6 2257  3.1
30  Sa        722 0459  0.6 1115  3.0 1710  0.5 2332  3.1
31  Su        722 0535  0.6 1151  3.0 1746  0.5 9999  9.9
 1  Mo        822 0006  3.1 0611  0.5 1226  3.0 1823  0.5
 2  Tu        822 0041  3.1 0650  0.5 1302  3.0 1901  0.6
 3  We        822 0118  3.1 0730  0.6 1341  2.9 1943  0.6
 4  Th        822 0159  3.0 0813  0.6 1424  2.9 2029  0.7
 5  Fr        822 0245  2.9 0901  0.7 1515  2.8 2123  0.9
 6  Sa        822 0340  2.8 0956  0.8 1618  2.7 2226  0.9
 7  Su        822 0446  2.8 1100  0.8 1734  2.7 2341  0.9
 8  Mo        822 0603  2.7 1212  0.8 1850  2.8 9999  9.9
 9  Tu        822 0055  0.8 0717  2.8 1323  0.7 1957  3.0
10  We        822 0201  0.7 0823  3.0 1425  0.5 2055  3.2
11  Th        822 0259  0.5 0921  3.1 1520  0.3 2148  3.4
12  Fr        822 0351  0.3 1014  3.3 1611  0.2 2237  3.5
13  Sa        822 0440  0.2 1104  3.3 1658  0.1 2324  3.5
14  Su        822 0526  0.1 1150  3.3 1743  0.1 9999  9.9
15  Mo        822 0009  3.5 0610  0.2 1235  3.3 1827  0.3
16  Tu        822 0053  3.4 0653  0.3 1318  3.2 1910  0.4
17  We        822 0136  3.2 0736  0.5 1402  3.0 1954  0.6
18  Th        822 0219  3.0 0819  0.6 1447  2.9 2040  0.8
19  Fr        822 0306  2.8 0905  0.8 1538  2.7 2133  1.0
20  Sa        822 0358  2.7 0957  1.0 1638  2.6 2238  1.2
21  Su        822 0500  2.5 1101  1.1 1746  2.6 2356  1.2
22  Mo        822 0608  2.5 1218  1.1 1851  2.6 9999  9.9
23  Tu        822 0106  1.1 0712  2.5 1325  1.1 1948  2.7
24  We        822 0200  1.0 0807  2.6 1416  0.9 2037  2.8
25  Th        822 0244  0.9 0855  2.8 1458  0.8 2119  3.0
26  Fr        822 0322  0.7 0937  2.9 1535  0.6 2157  3.1
27  Sa        822 0358  0.6 1016  3.0 1610  0.5 2232  3.2
28  Su        822 0433  0.5 1051  3.1 1645  0.4 2306  3.2
29  Mo        822 0508  0.4 1126  3.1 1721  0.4 2341  3.3
30  Tu        822 0545  0.4 1201  3.1 1758  0.4 9999  9.9
31  We        822 0016  3.2 0623  0.4 1238  3.1 1837  0.4
 1  Th        922 0053  3.2 0703  0.4 1316  3.0 1919  0.5
 2  Fr        922 0134  3.0 0745  0.5 1400  2.9 2005  0.7
 3  Sa        922 0221  2.9 0833  0.7 1451  2.8 2100  0.9
 4  Su        922 0317  2.8 0929  0.8 1557  2.7 2206  1.0
 5  Mo        922 0428  2.7 1037  0.9 1717  2.7 2325  1.0
 6  Tu        922 0551  2.7 1156  0.9 1837  2.8 9999  9.9
 7  We        922 0044  0.9 0708  2.8 1311  0.8 1944  3.0
 8  Th        922 0150  0.7 0813  2.9 1413  0.5 2041  3.2
 9  Fr        922 0245  0.4 0909  3.1 1506  0.3 2131  3.4
10  Sa        922 0334  0.2 0958  3.3 1553  0.2 2218  3.5
11  Su        922 0419  0.1 1044  3.4 1637  0.1 2301  3.5
12  Mo        922 0501  0.1 1126  3.4 1719  0.1 2342  3.5
13  Tu        922 0542  0.2 1207  3.3 1800  0.3 9999  9.9
14  We        922 0022  3.3 0622  0.3 1246  3.2 1840  0.4
15  Th        922 0101  3.1 0700  0.5 1324  3.1 1920  0.6
16  Fr        922 0139  2.9 0739  0.7 1404  2.9 2001  0.9
17  Sa        922 0220  2.8 0820  0.9 1448  2.7 2049  1.1
18  Su        922 0307  2.6 0906  1.1 1545  2.6 2149  1.2
19  Mo        922 0409  2.4 1007  1.2 1659  2.5 2312  1.3
20  Tu        922 0527  2.4 1132  1.3 1815  2.5 9999  9.9
21  We        922 0034  1.2 0640  2.5 1254  1.2 1917  2.6
22  Th        922 0131  1.1 0740  2.6 1348  1.0 2007  2.8
23  Fr        922 0214  0.9 0828  2.8 1429  0.8 2049  3.0
24  Sa        922 0252  0.7 0910  2.9 1506  0.6 2127  3.1
25  Su        922 0327  0.5 0948  3.1 1542  0.5 2202  3.2
26  Mo        922 0403  0.4 1024  3.2 1618  0.3 2238  3.3
27  Tu        922 0440  0.3 1100  3.3 1656  0.3 2314  3.3
28  We        922 0518  0.2 1137  3.3 1735  0.3 2352  3.3
29  Th        922 0558  0.3 1216  3.2 1816  0.4 9999  9.9
30  Fr        922 0032  3.2 0639  0.3 1257  3.1 1900  0.5
 1  Sa       1022 0116  3.0 0723  0.5 1343  3.0 1949  0.7
 2  Su       1022 0206  2.9 0813  0.7 1438  2.9 2046  0.9
 3  Mo       1022 0306  2.7 0911  0.8 1546  2.7 2155  1.0
 4  Tu       1022 0421  2.6 1022  1.0 1706  2.7 2315  1.0
 5  We       1022 0544  2.6 1144  0.9 1824  2.8 9999  9.9
 6  Th       1022 0032  0.8 0658  2.8 1258  0.8 1928  3.0
 7  Fr       1022 0134  0.6 0759  3.0 1357  0.6 2023  3.2
 8  Sa       1022 0226  0.4 0851  3.2 1447  0.4 2110  3.4
 9  Su       1022 0312  0.3 0938  3.3 1532  0.2 2154  3.4
10  Mo       1022 0355  0.2 1020  3.4 1614  0.2 2235  3.4
11  Tu       1022 0435  0.2 1100  3.4 1654  0.2 2314  3.3
12  We       1022 0514  0.2 1138  3.3 1733  0.3 2352  3.2
13  Th       1022 0551  0.3 1215  3.2 1811  0.5 9999  9.9
14  Fr       1022 0028  3.1 0627  0.5 1250  3.1 1849  0.7
15  Sa       1022 0103  2.9 0704  0.7 1327  2.9 1929  0.9
16  Su       1022 0141  2.7 0742  0.9 1407  2.7 2013  1.1
17  Mo       1022 0225  2.6 0825  1.1 1457  2.6 2107  1.2
18  Tu       1022 0321  2.4 0920  1.2 1604  2.5 2218  1.3
19  We       1022 0436  2.4 1033  1.3 1724  2.5 2340  1.2
20  Th       1022 0556  2.4 1159  1.2 1833  2.6 9999  9.9
21  Fr       1022 0044  1.1 0701  2.6 1303  1.1 1926  2.8
22  Sa       1022 0132  0.9 0752  2.7 1350  0.9 2011  2.9
23  Su       1022 0213  0.7 0836  2.9 1431  0.7 2051  3.1
24  Mo       1022 0253  0.5 0916  3.1 1511  0.5 2130  3.2
25  Tu       1022 0332  0.3 0956  3.2 1551  0.3 2210  3.3
26  We       1022 0412  0.2 1036  3.3 1632  0.3 2251  3.3
27  Th       1022 0453  0.2 1116  3.4 1714  0.3 2333  3.3
28  Fr       1022 0536  0.2 1159  3.3 1759  0.3 9999  9.9
29  Sa       1022 0017  3.2 0620  0.3 1244  3.2 1846  0.5
30  Su       1022 0105  3.0 0708  0.5 1333  3.1 1938  0.6
31  Mo       1022 0159  2.9 0759  0.6 1430  2.9 2037  0.8
 1  Tu       1122 0301  2.7 0859  0.8 1537  2.8 2145  0.9
 2  We       1122 0414  2.6 1009  0.9 1652  2.8 2300  0.9
 3  Th       1122 0531  2.7 1126  0.9 1804  2.9 9999  9.9
 4  Fr       1122 0011  0.8 0640  2.8 1237  0.8 1906  3.0
 5  Sa       1122 0111  0.6 0738  3.0 1335  0.6 1959  3.1
 6  Su       1122 0201  0.5 0829  3.1 1424  0.5 2046  3.2
 7  Mo       1122 0247  0.4 0914  3.2 1509  0.4 2129  3.3
 8  Tu       1122 0329  0.3 0956  3.3 1551  0.3 2210  3.3
 9  We       1122 0409  0.3 1035  3.3 1631  0.4 2248  3.2
10  Th       1122 0447  0.3 1112  3.3 1709  0.5 2325  3.1
11  Fr       1122 0524  0.4 1148  3.2 1746  0.6 9999  9.9
12  Sa       1122 0001  3.0 0600  0.6 1223  3.1 1824  0.7
13  Su       1122 0036  2.8 0636  0.7 1258  2.9 1903  0.9
14  Mo       1122 0113  2.7 0714  0.8 1336  2.8 1946  1.0
15  Tu       1122 0155  2.6 0755  1.0 1421  2.7 2035  1.1
16  We       1122 0244  2.5 0844  1.1 1515  2.6 2131  1.2
17  Th       1122 0344  2.5 0944  1.2 1620  2.6 2236  1.2
18  Fr       1122 0455  2.5 1053  1.2 1730  2.6 2341  1.1
19  Sa       1122 0606  2.5 1203  1.1 1832  2.7 9999  9.9
20  Su       1122 0038  0.9 0706  2.7 1302  0.9 1925  2.9
21  Mo       1122 0129  0.7 0757  2.9 1352  0.7 2013  3.0
22  Tu       1122 0216  0.5 0844  3.1 1439  0.5 2059  3.2
23  We       1122 0302  0.4 0929  3.2 1525  0.4 2145  3.2
24  Th       1122 0347  0.2 1014  3.3 1611  0.3 2231  3.3
25  Fr       1122 0433  0.2 1059  3.4 1658  0.3 2319  3.3
26  Sa       1122 0519  0.2 1146  3.4 1746  0.3 9999  9.9
27  Su       1122 0007  3.2 0607  0.3 1234  3.3 1836  0.4
28  Mo       1122 0058  3.1 0656  0.4 1325  3.2 1929  0.5
29  Tu       1122 0153  3.0 0748  0.6 1420  3.1 2026  0.7
30  We       1122 0252  2.8 0845  0.7 1521  3.0 2128  0.8
 1  Th       1222 0357  2.8 0949  0.8 1628  2.9 2234  0.8
 2  Fr       1222 0506  2.7 1059  0.9 1734  2.9 2339  0.8
 3  Sa       1222 0611  2.8 1207  0.8 1835  2.9 9999  9.9
 4  Su       1222 0040  0.7 0710  2.9 1308  0.8 1929  3.0
 5  Mo       1222 0133  0.6 0802  3.0 1400  0.7 2018  3.0
 6  Tu       1222 0221  0.5 0849  3.1 1446  0.6 2104  3.1
 7  We       1222 0305  0.5 0932  3.1 1530  0.6 2146  3.1
 8  Th       1222 0346  0.5 1013  3.2 1610  0.6 2226  3.0
 9  Fr       1222 0425  0.5 1051  3.2 1649  0.6 2304  3.0
10  Sa       1222 0502  0.5 1127  3.1 1727  0.6 2341  2.9
11  Su       1222 0538  0.6 1202  3.1 1805  0.7 9999  9.9
12  Mo       1222 0017  2.9 0615  0.7 1237  3.0 1843  0.8
13  Tu       1222 0053  2.8 0652  0.7 1313  2.9 1922  0.9
14  We       1222 0131  2.7 0731  0.8 1352  2.8 2005  0.9
15  Th       1222 0214  2.7 0815  0.9 1436  2.8 2052  1.0
16  Fr       1222 0301  2.6 0904  1.0 1527  2.7 2144  1.0
17  Sa       1222 0357  2.6 1000  1.1 1625  2.7 2242  1.0
18  Su       1222 0502  2.6 1105  1.1 1730  2.7 2343  0.9
19  Mo       1222 0612  2.7 1212  1.0 1834  2.8 9999  9.9
20  Tu       1222 0044  0.8 0716  2.8 1314  0.8 1935  2.9
21  We       1222 0142  0.6 0813  3.0 1411  0.7 2031  3.0
22  Th       1222 0236  0.5 0906  3.2 1504  0.5 2125  3.2
23  Fr       1222 0327  0.3 0956  3.3 1556  0.4 2217  3.2
24  Sa       1222 0417  0.2 1045  3.4 1646  0.3 2308  3.3
25  Su       1222 0506  0.2 1134  3.5 1735  0.2 2358  3.3
26  Mo       1222 0554  0.2 1223  3.4 1825  0.3 9999  9.9
27  Tu       1222 0049  3.2 0643  0.3 1313  3.4 1916  0.4
28  We       1222 0140  3.1 0733  0.4 1404  3.2 2008  0.5
29  Th       1222 0234  3.0 0825  0.6 1458  3.1 2102  0.6
30  Fr       1222 0330  2.9 0921  0.7 1556  3.0 2159  0.7
31  Sa       1222 0431  2.8 1024  0.9 1657  2.9 2300  0.8
