370Sumner
Based on data from  1-Jan-2001
Local Std Time, tidal heights in metres.
 1  Sa        122 0230  2.3 0849  0.4 1452  2.3 2107  0.3
 2  Su        122 0328  2.4 0946  0.3 1550  2.3 2205  0.2
 3  Mo        122 0426  2.5 1043  0.3 1649  2.3 2303  0.2
 4  Tu        122 0523  2.5 1139  0.2 1747  2.3 9999  9.9
 5  We        122 0000  0.2 0619  2.5 1235  0.2 1845  2.3
 6  Th        122 0055  0.2 0714  2.5 1330  0.3 1942  2.3
 7  Fr        122 0150  0.3 0808  2.4 1425  0.3 2038  2.2
 8  Sa        122 0244  0.3 0903  2.3 1519  0.4 2133  2.2
 9  Su        122 0338  0.4 0957  2.2 1613  0.4 2227  2.1
10  Mo        122 0433  0.5 1051  2.2 1705  0.5 2320  2.1
11  Tu        122 0529  0.6 1143  2.1 1756  0.5 9999  9.9
12  We        122 0013  2.1 0624  0.6 1234  2.0 1846  0.6
13  Th        122 0105  2.0 0718  0.7 1324  2.0 1935  0.6
14  Fr        122 0155  2.0 0809  0.7 1411  2.0 2022  0.6
15  Sa        122 0243  2.0 0856  0.7 1456  2.0 2108  0.6
16  Su        122 0328  2.1 0941  0.6 1541  1.9 2152  0.6
17  Mo        122 0410  2.1 1023  0.6 1624  1.9 2234  0.6
18  Tu        122 0451  2.1 1105  0.6 1707  2.0 2316  0.6
19  We        122 0531  2.1 1146  0.6 1749  2.0 2357  0.6
20  Th        122 0611  2.1 1227  0.6 1832  2.0 9999  9.9
21  Fr        122 0038  0.5 0652  2.1 1309  0.6 1916  2.0
22  Sa        122 0121  0.5 0735  2.1 1353  0.6 2000  2.0
23  Su        122 0205  0.5 0820  2.1 1438  0.5 2046  2.0
24  Mo        122 0252  0.5 0907  2.1 1524  0.5 2135  2.1
25  Tu        122 0342  0.6 0958  2.1 1613  0.5 2225  2.1
26  We        122 0437  0.5 1050  2.1 1704  0.5 2319  2.2
27  Th        122 0534  0.5 1145  2.1 1758  0.4 9999  9.9
28  Fr        122 0016  2.2 0634  0.5 1241  2.2 1855  0.4
29  Sa        122 0115  2.3 0734  0.4 1339  2.2 1953  0.3
30  Su        122 0214  2.3 0833  0.4 1437  2.2 2052  0.3
31  Mo        122 0313  2.4 0930  0.3 1535  2.3 2150  0.2
 1  Tu        222 0410  2.5 1026  0.3 1632  2.3 2246  0.2
 2  We        222 0504  2.5 1120  0.3 1729  2.3 2341  0.2
 3  Th        222 0558  2.5 1213  0.3 1824  2.3 9999  9.9
 4  Fr        222 0034  0.2 0650  2.4 1305  0.3 1918  2.3
 5  Sa        222 0126  0.3 0742  2.3 1357  0.4 2011  2.2
 6  Su        222 0217  0.4 0834  2.3 1448  0.4 2103  2.2
 7  Mo        222 0309  0.5 0926  2.2 1539  0.5 2154  2.1
 8  Tu        222 0402  0.6 1018  2.1 1630  0.5 2246  2.1
 9  We        222 0456  0.6 1110  2.0 1720  0.6 2338  2.0
10  Th        222 0551  0.7 1201  2.0 1811  0.6 9999  9.9
11  Fr        222 0030  2.0 0645  0.7 1250  1.9 1900  0.6
12  Sa        222 0120  2.0 0736  0.7 1338  1.9 1948  0.6
13  Su        222 0208  2.0 0823  0.7 1424  1.9 2035  0.6
14  Mo        222 0253  2.1 0908  0.6 1508  2.0 2119  0.6
15  Tu        222 0336  2.1 0950  0.6 1551  2.0 2202  0.6
16  We        222 0416  2.1 1030  0.6 1633  2.0 2244  0.5
17  Th        222 0457  2.2 1111  0.5 1716  2.0 2326  0.5
18  Fr        222 0538  2.2 1153  0.5 1759  2.1 9999  9.9
19  Sa        222 0009  0.5 0620  2.2 1236  0.5 1844  2.1
20  Su        222 0053  0.5 0705  2.2 1321  0.5 1931  2.1
21  Mo        222 0140  0.5 0753  2.2 1408  0.5 2020  2.1
22  Tu        222 0230  0.5 0844  2.1 1458  0.5 2111  2.2
23  We        222 0323  0.5 0938  2.1 1550  0.5 2206  2.2
24  Th        222 0420  0.5 1033  2.1 1645  0.5 2303  2.2
25  Fr        222 0520  0.5 1131  2.1 1742  0.4 9999  9.9
26  Sa        222 0002  2.2 0621  0.5 1229  2.1 1841  0.4
27  Su        222 0102  2.3 0721  0.4 1327  2.2 1940  0.4
28  Mo        222 0201  2.3 0819  0.4 1424  2.2 2039  0.3
 1  Tu        322 0258  2.4 0914  0.3 1520  2.3 2135  0.3
 2  We        322 0352  2.4 1007  0.3 1616  2.3 2229  0.3
 3  Th        322 0444  2.4 1058  0.3 1709  2.3 2321  0.3
 4  Fr        322 0535  2.4 1148  0.3 1801  2.3 9999  9.9
 5  Sa        322 0011  0.3 0625  2.3 1238  0.4 1852  2.2
 6  Su        322 0101  0.4 0715  2.2 1327  0.4 1942  2.2
 7  Mo        322 0150  0.5 0804  2.2 1416  0.5 2031  2.1
 8  Tu        322 0239  0.5 0854  2.1 1505  0.5 2121  2.1
 9  We        322 0330  0.6 0945  2.0 1554  0.6 2210  2.0
10  Th        322 0422  0.7 1036  2.0 1643  0.6 2301  2.0
11  Fr        322 0516  0.7 1126  1.9 1732  0.7 2351  2.0
12  Sa        322 0609  0.7 1215  1.9 1822  0.7 9999  9.9
13  Su        322 0041  2.0 0659  0.7 1303  1.9 1911  0.7
14  Mo        322 0129  2.0 0746  0.7 1348  1.9 1958  0.6
15  Tu        322 0214  2.1 0829  0.6 1431  2.0 2043  0.6
16  We        322 0257  2.1 0911  0.6 1514  2.0 2127  0.5
17  Th        322 0338  2.1 0953  0.5 1557  2.1 2210  0.5
18  Fr        322 0420  2.2 1035  0.5 1641  2.1 2255  0.4
19  Sa        322 0504  2.2 1118  0.5 1727  2.2 2340  0.4
20  Su        322 0549  2.2 1204  0.4 1815  2.2 9999  9.9
21  Mo        322 0028  0.4 0638  2.2 1253  0.4 1905  2.2
22  Tu        322 0119  0.4 0730  2.2 1344  0.4 1958  2.3
23  We        322 0212  0.4 0825  2.2 1437  0.4 2053  2.3
24  Th        322 0308  0.4 0922  2.1 1532  0.4 2150  2.2
25  Fr        322 0407  0.5 1020  2.1 1629  0.4 2249  2.2
26  Sa        322 0508  0.5 1119  2.1 1728  0.4 2349  2.2
27  Su        322 0609  0.5 1218  2.1 1828  0.4 9999  9.9
28  Mo        322 0049  2.3 0707  0.4 1315  2.2 1927  0.4
29  Tu        322 0147  2.3 0803  0.4 1411  2.2 2025  0.4
30  We        322 0241  2.3 0856  0.4 1505  2.2 2119  0.4
31  Th        322 0333  2.3 0946  0.4 1558  2.3 2211  0.4
 1  Fr        422 0423  2.3 1035  0.4 1649  2.3 2301  0.4
 2  Sa        422 0511  2.2 1123  0.4 1738  2.2 2349  0.4
 3  Su        422 0559  2.2 1210  0.4 1826  2.2 9999  9.9
 4  Mo        422 0036  0.5 0646  2.1 1257  0.5 1913  2.2
 5  Tu        422 0123  0.5 0734  2.1 1344  0.5 2000  2.1
 6  We        422 0210  0.6 0823  2.0 1430  0.6 2047  2.1
 7  Th        422 0259  0.6 0912  1.9 1517  0.6 2134  2.0
 8  Fr        422 0349  0.7 1002  1.9 1605  0.7 2223  2.0
 9  Sa        422 0440  0.7 1051  1.9 1653  0.7 2311  2.0
10  Su        422 0530  0.7 1138  1.9 1742  0.7 9999  9.9
11  Mo        422 0000  2.0 0618  0.7 1224  1.9 1830  0.7
12  Tu        422 0046  2.0 0704  0.6 1309  2.0 1917  0.6
13  We        422 0132  2.1 0748  0.6 1352  2.0 2004  0.6
14  Th        422 0215  2.1 0830  0.5 1436  2.1 2051  0.5
15  Fr        422 0259  2.2 0914  0.5 1522  2.1 2138  0.5
16  Sa        422 0344  2.2 0958  0.4 1609  2.2 2225  0.4
17  Su        422 0431  2.2 1046  0.4 1659  2.3 2315  0.4
18  Mo        422 0521  2.2 1136  0.4 1750  2.3 9999  9.9
19  Tu        422 0006  0.3 0614  2.2 1228  0.3 1844  2.4
20  We        422 0100  0.3 0710  2.2 1322  0.3 1939  2.4
21  Th        422 0156  0.4 0808  2.2 1418  0.4 2036  2.3
22  Fr        422 0254  0.4 0908  2.2 1516  0.4 2135  2.3
23  Sa        422 0354  0.4 1007  2.2 1614  0.4 2235  2.3
24  Su        422 0454  0.4 1106  2.2 1714  0.4 2334  2.3
25  Mo        422 0553  0.4 1204  2.2 1814  0.4 9999  9.9
26  Tu        422 0033  2.3 0650  0.4 1301  2.2 1912  0.4
27  We        422 0129  2.2 0744  0.4 1355  2.2 2009  0.4
28  Th        422 0222  2.2 0835  0.4 1448  2.2 2102  0.4
29  Fr        422 0312  2.2 0923  0.4 1538  2.2 2152  0.4
30  Sa        422 0400  2.2 1011  0.4 1627  2.2 2240  0.5
 1  Su        522 0446  2.1 1057  0.5 1714  2.2 2326  0.5
 2  Mo        522 0533  2.1 1143  0.5 1800  2.2 9999  9.9
 3  Tu        522 0011  0.5 0619  2.0 1228  0.5 1845  2.1
 4  We        522 0056  0.6 0705  2.0 1312  0.6 1929  2.1
 5  Th        522 0142  0.6 0753  1.9 1357  0.6 2014  2.1
 6  Fr        522 0228  0.6 0840  1.9 1442  0.7 2059  2.0
 7  Sa        522 0316  0.7 0927  1.9 1528  0.7 2144  2.0
 8  Su        522 0403  0.7 1014  1.9 1614  0.7 2231  2.0
 9  Mo        522 0451  0.7 1059  1.9 1701  0.7 2317  2.0
10  Tu        522 0537  0.6 1144  1.9 1748  0.7 9999  9.9
11  We        522 0004  2.0 0621  0.6 1228  2.0 1837  0.6
12  Th        522 0049  2.1 0705  0.6 1313  2.1 1926  0.6
13  Fr        522 0136  2.1 0750  0.5 1400  2.1 2016  0.5
14  Sa        522 0223  2.2 0837  0.4 1449  2.2 2107  0.4
15  Su        522 0312  2.2 0926  0.4 1540  2.3 2159  0.4
16  Mo        522 0403  2.2 1017  0.3 1634  2.4 2252  0.3
17  Tu        522 0457  2.3 1111  0.3 1729  2.4 2347  0.3
18  We        522 0554  2.3 1207  0.3 1825  2.4 9999  9.9
19  Th        522 0043  0.3 0652  2.3 1303  0.3 1922  2.4
20  Fr        522 0140  0.3 0752  2.2 1401  0.3 2020  2.4
21  Sa        522 0238  0.3 0852  2.2 1458  0.3 2118  2.4
22  Su        522 0337  0.3 0951  2.2 1557  0.4 2217  2.3
23  Mo        522 0436  0.4 1049  2.2 1656  0.4 2315  2.3
24  Tu        522 0533  0.4 1146  2.2 1755  0.5 9999  9.9
25  We        522 0012  2.2 0628  0.4 1242  2.2 1854  0.5
26  Th        522 0107  2.2 0721  0.4 1336  2.2 1950  0.5
27  Fr        522 0159  2.1 0811  0.5 1428  2.2 2042  0.5
28  Sa        522 0248  2.1 0859  0.5 1518  2.2 2132  0.5
29  Su        522 0336  2.1 0946  0.5 1605  2.2 2218  0.6
30  Mo        522 0422  2.0 1031  0.5 1651  2.1 2303  0.6
31  Tu        522 0507  2.0 1116  0.6 1734  2.1 2347  0.6
 1  We        622 0552  2.0 1159  0.6 1817  2.1 9999  9.9
 2  Th        622 0030  0.6 0637  1.9 1242  0.6 1859  2.1
 3  Fr        622 0114  0.6 0722  1.9 1325  0.6 1941  2.1
 4  Sa        622 0158  0.6 0807  1.9 1408  0.7 2024  2.1
 5  Su        622 0242  0.6 0852  1.9 1452  0.7 2107  2.0
 6  Mo        622 0327  0.6 0936  1.9 1536  0.7 2152  2.0
 7  Tu        622 0411  0.6 1020  1.9 1622  0.7 2237  2.0
 8  We        622 0456  0.6 1105  2.0 1709  0.7 2324  2.0
 9  Th        622 0540  0.6 1150  2.0 1800  0.6 9999  9.9
10  Fr        622 0011  2.1 0626  0.5 1238  2.1 1852  0.6
11  Sa        622 0100  2.1 0714  0.5 1328  2.2 1946  0.5
12  Su        622 0151  2.2 0805  0.4 1421  2.3 2041  0.4
13  Mo        622 0244  2.2 0858  0.3 1517  2.3 2137  0.4
14  Tu        622 0339  2.2 0954  0.3 1613  2.4 2232  0.3
15  We        622 0436  2.3 1050  0.2 1710  2.5 2328  0.3
16  Th        622 0535  2.3 1148  0.2 1807  2.5 9999  9.9
17  Fr        622 0025  0.2 0635  2.3 1245  0.2 1904  2.5
18  Sa        622 0122  0.2 0734  2.3 1342  0.2 2000  2.5
19  Su        622 0219  0.3 0832  2.3 1439  0.3 2058  2.4
20  Mo        622 0316  0.3 0930  2.3 1536  0.4 2155  2.3
21  Tu        622 0412  0.3 1027  2.2 1634  0.4 2252  2.3
22  We        622 0508  0.4 1123  2.2 1732  0.5 2348  2.2
23  Th        622 0602  0.4 1218  2.2 1831  0.5 9999  9.9
24  Fr        622 0042  2.1 0655  0.5 1312  2.1 1927  0.6
25  Sa        622 0134  2.1 0745  0.5 1405  2.1 2020  0.6
26  Su        622 0223  2.0 0833  0.5 1454  2.1 2109  0.6
27  Mo        622 0310  2.0 0920  0.6 1541  2.1 2155  0.6
28  Tu        622 0356  2.0 1005  0.6 1625  2.1 2238  0.6
29  We        622 0441  2.0 1049  0.6 1707  2.1 2321  0.6
30  Th        622 0525  1.9 1131  0.6 1748  2.1 9999  9.9
 1  Fr        722 0002  0.6 0608  1.9 1213  0.6 1828  2.1
 2  Sa        722 0044  0.6 0651  1.9 1254  0.6 1908  2.1
 3  Su        722 0125  0.6 0734  1.9 1335  0.6 1949  2.1
 4  Mo        722 0207  0.6 0817  1.9 1417  0.6 2031  2.1
 5  Tu        722 0250  0.6 0900  1.9 1501  0.6 2115  2.0
 6  We        722 0334  0.6 0943  2.0 1547  0.6 2201  2.0
 7  Th        722 0418  0.6 1029  2.0 1636  0.6 2249  2.0
 8  Fr        722 0505  0.6 1117  2.1 1729  0.6 2340  2.1
 9  Sa        722 0553  0.5 1208  2.1 1825  0.6 9999  9.9
10  Su        722 0032  2.1 0645  0.5 1303  2.2 1922  0.5
11  Mo        722 0126  2.1 0739  0.4 1359  2.3 2020  0.4
12  Tu        722 0222  2.2 0836  0.3 1457  2.4 2117  0.4
13  We        722 0320  2.2 0934  0.3 1555  2.5 2214  0.3
14  Th        722 0418  2.3 1032  0.2 1652  2.5 2310  0.2
15  Fr        722 0517  2.3 1130  0.2 1748  2.5 9999  9.9
16  Sa        722 0005  0.2 0616  2.3 1226  0.2 1843  2.5
17  Su        722 0100  0.2 0713  2.3 1321  0.2 1939  2.5
18  Mo        722 0156  0.2 0810  2.3 1417  0.3 2034  2.4
19  Tu        722 0250  0.3 0906  2.3 1512  0.4 2130  2.3
20  We        722 0345  0.4 1001  2.2 1609  0.5 2225  2.2
21  Th        722 0439  0.4 1056  2.2 1706  0.5 2320  2.1
22  Fr        722 0532  0.5 1151  2.1 1804  0.6 9999  9.9
23  Sa        722 0014  2.0 0625  0.5 1245  2.1 1900  0.6
24  Su        722 0106  2.0 0715  0.6 1337  2.1 1953  0.6
25  Mo        722 0155  2.0 0805  0.6 1426  2.1 2042  0.6
26  Tu        722 0243  1.9 0852  0.6 1512  2.1 2127  0.6
27  We        722 0328  1.9 0937  0.6 1555  2.1 2210  0.6
28  Th        722 0412  1.9 1020  0.6 1636  2.1 2251  0.6
29  Fr        722 0454  1.9 1101  0.6 1716  2.1 2331  0.6
30  Sa        722 0536  2.0 1142  0.6 1755  2.1 9999  9.9
31  Su        722 0011  0.6 0618  2.0 1223  0.6 1834  2.1
 1  Mo        822 0051  0.6 0659  2.0 1303  0.6 1915  2.1
 2  Tu        822 0133  0.6 0742  2.0 1346  0.6 1958  2.1
 3  We        822 0215  0.6 0825  2.0 1431  0.6 2043  2.1
 4  Th        822 0300  0.6 0911  2.0 1518  0.6 2131  2.0
 5  Fr        822 0346  0.6 0959  2.1 1610  0.6 2222  2.0
 6  Sa        822 0435  0.5 1051  2.1 1706  0.6 2316  2.0
 7  Su        822 0527  0.5 1146  2.2 1804  0.6 9999  9.9
 8  Mo        822 0011  2.1 0622  0.5 1243  2.2 1904  0.5
 9  Tu        822 0108  2.1 0720  0.4 1342  2.3 2003  0.4
10  We        822 0206  2.2 0819  0.3 1441  2.4 2100  0.3
11  Th        822 0304  2.2 0918  0.3 1538  2.4 2156  0.3
12  Fr        822 0402  2.3 1016  0.2 1633  2.5 2250  0.2
13  Sa        822 0459  2.3 1112  0.2 1728  2.5 2344  0.2
14  Su        822 0556  2.4 1206  0.2 1821  2.5 9999  9.9
15  Mo        822 0037  0.2 0651  2.3 1300  0.3 1915  2.4
16  Tu        822 0130  0.3 0745  2.3 1353  0.3 2008  2.3
17  We        822 0223  0.3 0839  2.3 1446  0.4 2102  2.2
18  Th        822 0315  0.4 0932  2.2 1541  0.5 2156  2.1
19  Fr        822 0407  0.5 1025  2.1 1637  0.6 2250  2.0
20  Sa        822 0459  0.5 1119  2.1 1734  0.6 2343  2.0
21  Su        822 0551  0.6 1212  2.1 1829  0.7 9999  9.9
22  Mo        822 0035  1.9 0642  0.6 1304  2.0 1922  0.7
23  Tu        822 0124  1.9 0732  0.6 1353  2.0 2010  0.7
24  We        822 0211  1.9 0819  0.6 1438  2.1 2054  0.6
25  Th        822 0256  1.9 0905  0.6 1521  2.1 2136  0.6
26  Fr        822 0339  2.0 0948  0.6 1601  2.1 2216  0.6
27  Sa        822 0421  2.0 1029  0.6 1641  2.1 2256  0.6
28  Su        822 0502  2.0 1110  0.6 1720  2.1 2336  0.5
29  Mo        822 0543  2.0 1151  0.5 1800  2.1 9999  9.9
30  Tu        822 0016  0.5 0626  2.1 1234  0.5 1843  2.1
31  We        822 0059  0.5 0710  2.1 1318  0.5 1928  2.1
 1  Th        922 0144  0.5 0756  2.1 1406  0.5 2016  2.1
 2  Fr        922 0231  0.5 0845  2.1 1457  0.6 2108  2.1
 3  Sa        922 0321  0.5 0937  2.1 1552  0.6 2203  2.0
 4  Su        922 0413  0.5 1032  2.2 1650  0.6 2259  2.0
 5  Mo        922 0508  0.5 1129  2.2 1750  0.5 2357  2.1
 6  Tu        922 0606  0.5 1228  2.2 1850  0.5 9999  9.9
 7  We        922 0055  2.1 0706  0.4 1328  2.3 1947  0.4
 8  Th        922 0152  2.2 0805  0.4 1425  2.4 2043  0.3
 9  Fr        922 0249  2.2 0903  0.3 1520  2.4 2137  0.3
10  Sa        922 0345  2.3 0959  0.3 1614  2.4 2229  0.3
11  Su        922 0441  2.3 1053  0.3 1706  2.4 2321  0.3
12  Mo        922 0535  2.3 1146  0.3 1758  2.4 9999  9.9
13  Tu        922 0012  0.3 0627  2.3 1237  0.3 1849  2.3
14  We        922 0103  0.3 0719  2.3 1328  0.4 1941  2.2
15  Th        922 0153  0.4 0811  2.2 1420  0.5 2033  2.1
16  Fr        922 0244  0.5 0902  2.2 1512  0.6 2126  2.0
17  Sa        922 0334  0.5 0953  2.1 1606  0.6 2218  2.0
18  Su        922 0424  0.6 1044  2.1 1700  0.7 2310  1.9
19  Mo        922 0515  0.6 1136  2.0 1754  0.7 9999  9.9
20  Tu        922 0001  1.9 0605  0.7 1226  2.0 1845  0.7
21  We        922 0049  1.9 0655  0.7 1314  2.0 1932  0.6
22  Th        922 0135  1.9 0742  0.7 1359  2.1 2016  0.6
23  Fr        922 0219  2.0 0828  0.6 1442  2.1 2057  0.6
24  Sa        922 0302  2.0 0912  0.6 1522  2.1 2138  0.5
25  Su        922 0344  2.0 0955  0.6 1603  2.1 2218  0.5
26  Mo        922 0426  2.1 1037  0.5 1644  2.2 2259  0.5
27  Tu        922 0509  2.1 1121  0.5 1727  2.2 2343  0.5
28  We        922 0555  2.2 1207  0.5 1813  2.1 9999  9.9
29  Th        922 0028  0.5 0642  2.2 1255  0.5 1902  2.1
30  Fr        922 0117  0.5 0732  2.2 1346  0.5 1955  2.1
 1  Sa       1022 0207  0.5 0824  2.2 1440  0.5 2051  2.1
 2  Su       1022 0301  0.5 0919  2.2 1537  0.5 2148  2.1
 3  Mo       1022 0356  0.5 1017  2.2 1637  0.5 2247  2.1
 4  Tu       1022 0454  0.5 1115  2.2 1736  0.5 2345  2.1
 5  We       1022 0553  0.4 1215  2.3 1835  0.4 9999  9.9
 6  Th       1022 0042  2.1 0653  0.4 1313  2.3 1931  0.4
 7  Fr       1022 0139  2.2 0751  0.4 1409  2.3 2025  0.3
 8  Sa       1022 0234  2.2 0848  0.4 1502  2.3 2117  0.3
 9  Su       1022 0329  2.3 0943  0.3 1554  2.3 2208  0.3
10  Mo       1022 0422  2.3 1035  0.3 1644  2.3 2257  0.3
11  Tu       1022 0514  2.3 1125  0.4 1734  2.2 2347  0.4
12  We       1022 0604  2.3 1215  0.4 1824  2.2 9999  9.9
13  Th       1022 0035  0.4 0654  2.2 1304  0.5 1914  2.1
14  Fr       1022 0124  0.5 0742  2.2 1353  0.5 2004  2.0
15  Sa       1022 0212  0.5 0831  2.1 1443  0.6 2055  2.0
16  Su       1022 0300  0.6 0919  2.1 1534  0.6 2145  1.9
17  Mo       1022 0348  0.6 1007  2.0 1625  0.7 2235  1.9
18  Tu       1022 0436  0.7 1056  2.0 1716  0.7 2323  1.9
19  We       1022 0525  0.7 1144  2.0 1804  0.7 9999  9.9
20  Th       1022 0010  1.9 0613  0.7 1231  2.0 1850  0.6
21  Fr       1022 0055  1.9 0701  0.7 1316  2.0 1934  0.6
22  Sa       1022 0139  2.0 0748  0.6 1359  2.1 2015  0.6
23  Su       1022 0222  2.0 0834  0.6 1442  2.1 2057  0.5
24  Mo       1022 0306  2.1 0919  0.5 1525  2.1 2140  0.5
25  Tu       1022 0351  2.1 1006  0.5 1609  2.2 2224  0.4
26  We       1022 0438  2.2 1053  0.5 1656  2.2 2312  0.4
27  Th       1022 0527  2.3 1142  0.4 1747  2.2 9999  9.9
28  Fr       1022 0001  0.4 0618  2.3 1234  0.4 1841  2.2
29  Sa       1022 0054  0.4 0712  2.3 1328  0.4 1937  2.1
30  Su       1022 0148  0.4 0807  2.3 1425  0.4 2036  2.1
31  Mo       1022 0244  0.4 0904  2.3 1523  0.4 2134  2.1
 1  Tu       1122 0341  0.4 1002  2.3 1622  0.4 2233  2.1
 2  We       1122 0439  0.4 1101  2.3 1721  0.4 2331  2.2
 3  Th       1122 0538  0.4 1159  2.3 1818  0.4 9999  9.9
 4  Fr       1122 0028  2.2 0638  0.4 1256  2.3 1913  0.4
 5  Sa       1122 0124  2.2 0736  0.4 1350  2.3 2005  0.4
 6  Su       1122 0219  2.2 0832  0.4 1443  2.2 2056  0.4
 7  Mo       1122 0312  2.2 0926  0.4 1533  2.2 2146  0.4
 8  Tu       1122 0403  2.2 1016  0.4 1622  2.2 2234  0.4
 9  We       1122 0453  2.2 1105  0.5 1710  2.1 2322  0.4
10  Th       1122 0541  2.2 1152  0.5 1759  2.1 9999  9.9
11  Fr       1122 0009  0.5 0628  2.2 1239  0.5 1847  2.0
12  Sa       1122 0055  0.5 0714  2.1 1326  0.6 1935  2.0
13  Su       1122 0141  0.6 0759  2.1 1413  0.6 2023  1.9
14  Mo       1122 0226  0.6 0844  2.1 1501  0.7 2111  1.9
15  Tu       1122 0311  0.7 0930  2.0 1548  0.7 2158  1.9
16  We       1122 0357  0.7 1016  2.0 1635  0.7 2244  1.9
17  Th       1122 0443  0.7 1102  2.0 1721  0.7 2329  1.9
18  Fr       1122 0531  0.7 1147  2.0 1806  0.6 9999  9.9
19  Sa       1122 0013  1.9 0619  0.7 1232  2.0 1850  0.6
20  Su       1122 0057  2.0 0707  0.6 1317  2.1 1933  0.6
21  Mo       1122 0143  2.1 0756  0.6 1402  2.1 2017  0.5
22  Tu       1122 0230  2.1 0846  0.5 1449  2.1 2104  0.4
23  We       1122 0319  2.2 0936  0.5 1538  2.2 2153  0.4
24  Th       1122 0410  2.3 1028  0.4 1630  2.2 2245  0.3
25  Fr       1122 0503  2.3 1121  0.4 1724  2.2 2339  0.3
26  Sa       1122 0558  2.4 1215  0.3 1822  2.2 9999  9.9
27  Su       1122 0034  0.3 0653  2.4 1311  0.3 1920  2.2
28  Mo       1122 0130  0.3 0750  2.4 1408  0.3 2019  2.2
29  Tu       1122 0226  0.3 0847  2.4 1506  0.3 2118  2.2
30  We       1122 0324  0.3 0944  2.4 1604  0.4 2216  2.2
 1  Th       1222 0422  0.4 1043  2.3 1701  0.4 2313  2.2
 2  Fr       1222 0521  0.4 1140  2.3 1757  0.4 9999  9.9
 3  Sa       1222 0010  2.2 0621  0.5 1236  2.2 1852  0.4
 4  Su       1222 0106  2.2 0719  0.5 1330  2.2 1944  0.4
 5  Mo       1222 0201  2.2 0815  0.5 1422  2.1 2035  0.4
 6  Tu       1222 0254  2.2 0908  0.5 1512  2.1 2124  0.5
 7  We       1222 0344  2.2 0957  0.5 1600  2.1 2212  0.5
 8  Th       1222 0432  2.2 1044  0.6 1647  2.0 2258  0.5
 9  Fr       1222 0518  2.2 1130  0.6 1734  2.0 2343  0.5
10  Sa       1222 0602  2.2 1214  0.6 1820  2.0 9999  9.9
11  Su       1222 0027  0.6 0645  2.1 1258  0.6 1906  1.9
12  Mo       1222 0110  0.6 0727  2.1 1342  0.6 1951  1.9
13  Tu       1222 0152  0.6 0809  2.1 1426  0.6 2035  1.9
14  We       1222 0235  0.7 0852  2.1 1511  0.6 2120  1.9
15  Th       1222 0319  0.7 0936  2.0 1555  0.6 2203  1.9
16  Fr       1222 0403  0.7 1020  2.0 1639  0.6 2247  1.9
17  Sa       1222 0450  0.7 1106  2.0 1723  0.6 2332  2.0
18  Su       1222 0539  0.7 1152  2.0 1808  0.6 9999  9.9
19  Mo       1222 0018  2.0 0630  0.6 1239  2.0 1854  0.5
20  Tu       1222 0107  2.1 0723  0.6 1328  2.1 1942  0.5
21  We       1222 0158  2.2 0817  0.5 1418  2.1 2033  0.4
22  Th       1222 0252  2.3 0911  0.5 1512  2.2 2127  0.4
23  Fr       1222 0347  2.3 1006  0.4 1607  2.2 2223  0.3
24  Sa       1222 0443  2.4 1100  0.3 1705  2.2 2319  0.2
25  Su       1222 0538  2.5 1156  0.3 1803  2.3 9999  9.9
26  Mo       1222 0015  0.2 0634  2.5 1252  0.3 1902  2.3
27  Tu       1222 0111  0.2 0730  2.5 1348  0.3 2000  2.3
28  We       1222 0208  0.2 0827  2.4 1445  0.3 2058  2.3
29  Th       1222 0304  0.3 0924  2.4 1542  0.3 2155  2.3
30  Fr       1222 0402  0.4 1021  2.3 1638  0.4 2252  2.2
31  Sa       1222 0501  0.4 1118  2.2 1734  0.4 2349  2.2
