355Welcombe Bay
Based on data from  1-Jul-2014
Local Std Time, tidal heights in metres.
 1  Sa        122 0353  0.4 1004  2.3 1622  0.3 2238  2.3
 2  Su        122 0449  0.3 1058  2.4 1717  0.2 2333  2.4
 3  Mo        122 0543  0.3 1151  2.4 1810  0.1 9999  9.9
 4  Tu        122 0027  2.4 0635  0.3 1243  2.4 1903  0.1
 5  We        122 0119  2.4 0726  0.3 1334  2.4 1955  0.2
 6  Th        122 0211  2.3 0817  0.4 1425  2.3 2046  0.3
 7  Fr        122 0301  2.2 0907  0.4 1516  2.2 2138  0.4
 8  Sa        122 0352  2.1 0958  0.5 1609  2.1 2230  0.5
 9  Su        122 0443  2.0 1052  0.6 1704  2.0 2324  0.6
10  Mo        122 0536  1.9 1149  0.7 1802  1.9 9999  9.9
11  Tu        122 0020  0.7 0633  1.9 1249  0.8 1902  1.8
12  We        122 0117  0.8 0731  1.8 1349  0.8 2002  1.8
13  Th        122 0214  0.8 0828  1.9 1445  0.7 2058  1.8
14  Fr        122 0308  0.8 0920  1.9 1536  0.7 2148  1.9
15  Sa        122 0357  0.7 1005  1.9 1620  0.6 2232  1.9
16  Su        122 0440  0.7 1047  2.0 1701  0.6 2313  2.0
17  Mo        122 0520  0.6 1124  2.1 1739  0.5 2351  2.0
18  Tu        122 0557  0.6 1201  2.1 1815  0.5 9999  9.9
19  We        122 0028  2.1 0633  0.6 1236  2.1 1852  0.4
20  Th        122 0104  2.1 0709  0.5 1312  2.2 1929  0.4
21  Fr        122 0140  2.1 0745  0.5 1350  2.2 2007  0.4
22  Sa        122 0218  2.1 0823  0.5 1429  2.2 2048  0.4
23  Su        122 0259  2.1 0904  0.6 1513  2.1 2132  0.5
24  Mo        122 0342  2.1 0950  0.6 1602  2.1 2221  0.5
25  Tu        122 0431  2.0 1044  0.6 1659  2.0 2317  0.6
26  We        122 0528  2.0 1146  0.6 1803  2.0 9999  9.9
27  Th        122 0019  0.6 0632  2.0 1254  0.6 1912  2.0
28  Fr        122 0128  0.6 0741  2.0 1405  0.6 2022  2.0
29  Sa        122 0236  0.6 0849  2.1 1511  0.4 2129  2.1
30  Su        122 0341  0.5 0951  2.2 1612  0.3 2229  2.2
31  Mo        122 0439  0.4 1048  2.3 1708  0.2 2324  2.3
 1  Tu        222 0532  0.3 1140  2.4 1759  0.1 9999  9.9
 2  We        222 0015  2.4 0622  0.3 1229  2.4 1849  0.1
 3  Th        222 0103  2.4 0708  0.3 1316  2.4 1936  0.2
 4  Fr        222 0148  2.3 0753  0.3 1402  2.4 2021  0.3
 5  Sa        222 0232  2.3 0838  0.4 1447  2.3 2105  0.4
 6  Su        222 0315  2.1 0922  0.5 1532  2.1 2150  0.5
 7  Mo        222 0359  2.0 1008  0.6 1620  2.0 2236  0.7
 8  Tu        222 0445  1.9 1059  0.7 1712  1.9 2326  0.8
 9  We        222 0537  1.8 1156  0.8 1810  1.8 9999  9.9
10  Th        222 0024  0.9 0637  1.8 1301  0.8 1916  1.7
11  Fr        222 0129  0.9 0744  1.8 1407  0.8 2022  1.7
12  Sa        222 0234  0.9 0846  1.8 1506  0.8 2120  1.8
13  Su        222 0330  0.8 0939  1.9 1555  0.7 2209  1.9
14  Mo        222 0417  0.7 1023  2.0 1637  0.6 2251  2.0
15  Tu        222 0457  0.7 1101  2.1 1715  0.5 2328  2.1
16  We        222 0534  0.6 1137  2.1 1752  0.4 9999  9.9
17  Th        222 0004  2.1 0609  0.5 1213  2.2 1828  0.3
18  Fr        222 0039  2.2 0644  0.4 1249  2.3 1904  0.3
19  Sa        222 0115  2.2 0720  0.4 1326  2.3 1942  0.3
20  Su        222 0152  2.2 0758  0.4 1407  2.3 2023  0.3
21  Mo        222 0232  2.2 0839  0.4 1450  2.2 2107  0.4
22  Tu        222 0315  2.1 0925  0.5 1540  2.1 2155  0.5
23  We        222 0404  2.1 1019  0.6 1636  2.0 2252  0.6
24  Th        222 0501  2.0 1123  0.6 1743  2.0 2358  0.7
25  Fr        222 0610  1.9 1238  0.6 1858  1.9 9999  9.9
26  Sa        222 0113  0.7 0726  1.9 1354  0.6 2014  2.0
27  Su        222 0227  0.7 0839  2.0 1503  0.5 2122  2.1
28  Mo        222 0332  0.6 0943  2.2 1603  0.4 2221  2.2
 1  Tu        322 0429  0.5 1037  2.3 1656  0.3 2312  2.3
 2  We        322 0518  0.4 1126  2.4 1744  0.2 2358  2.3
 3  Th        322 0603  0.3 1211  2.4 1829  0.2 9999  9.9
 4  Fr        322 0040  2.3 0646  0.3 1254  2.4 1911  0.2
 5  Sa        322 0120  2.3 0726  0.3 1335  2.3 1951  0.3
 6  Su        322 0159  2.2 0805  0.4 1415  2.2 2030  0.4
 7  Mo        322 0237  2.1 0845  0.5 1455  2.1 2109  0.6
 8  Tu        322 0315  2.0 0926  0.6 1537  2.0 2150  0.7
 9  We        322 0356  1.9 1012  0.7 1624  1.8 2236  0.8
10  Th        322 0444  1.8 1106  0.8 1721  1.7 2333  0.9
11  Fr        322 0545  1.7 1213  0.9 1829  1.7 9999  9.9
12  Sa        322 0043  1.0 0657  1.7 1325  0.9 1942  1.7
13  Su        322 0156  0.9 0807  1.7 1429  0.8 2046  1.8
14  Mo        322 0257  0.9 0905  1.8 1521  0.7 2137  1.9
15  Tu        322 0346  0.8 0950  2.0 1605  0.6 2219  2.0
16  We        322 0426  0.6 1030  2.1 1644  0.5 2256  2.1
17  Th        322 0503  0.5 1107  2.2 1721  0.4 2333  2.2
18  Fr        322 0539  0.4 1144  2.3 1759  0.3 9999  9.9
19  Sa        322 0009  2.3 0616  0.3 1223  2.3 1837  0.3
20  Su        322 0046  2.3 0654  0.3 1303  2.4 1918  0.3
21  Mo        322 0126  2.3 0734  0.3 1346  2.3 2000  0.3
22  Tu        322 0208  2.3 0818  0.3 1432  2.3 2046  0.4
23  We        322 0253  2.2 0908  0.4 1525  2.2 2138  0.5
24  Th        322 0345  2.1 1005  0.5 1625  2.0 2238  0.7
25  Fr        322 0447  2.0 1114  0.6 1736  2.0 2348  0.7
26  Sa        322 0600  1.9 1231  0.6 1853  1.9 9999  9.9
27  Su        322 0106  0.8 0719  1.9 1347  0.6 2008  2.0
28  Mo        322 0219  0.7 0831  2.0 1454  0.5 2112  2.1
29  Tu        322 0321  0.6 0931  2.1 1550  0.4 2206  2.2
30  We        322 0413  0.5 1022  2.2 1639  0.3 2252  2.2
31  Th        322 0459  0.4 1107  2.3 1723  0.3 2334  2.3
 1  Fr        422 0540  0.3 1149  2.3 1804  0.3 9999  9.9
 2  Sa        422 0013  2.3 0620  0.3 1229  2.3 1842  0.3
 3  Su        422 0050  2.3 0657  0.3 1306  2.3 1919  0.4
 4  Mo        422 0125  2.2 0734  0.4 1344  2.2 1955  0.5
 5  Tu        422 0200  2.1 0810  0.5 1421  2.1 2031  0.6
 6  We        422 0236  2.0 0849  0.6 1501  1.9 2110  0.7
 7  Th        422 0315  1.9 0933  0.7 1547  1.8 2155  0.8
 8  Fr        422 0402  1.8 1026  0.8 1641  1.7 2251  0.9
 9  Sa        422 0501  1.7 1130  0.9 1747  1.7 2359  1.0
10  Su        422 0611  1.7 1239  0.9 1857  1.7 9999  9.9
11  Mo        422 0111  0.9 0721  1.7 1344  0.8 2001  1.8
12  Tu        422 0214  0.9 0820  1.8 1438  0.7 2053  1.9
13  We        422 0304  0.7 0909  2.0 1524  0.6 2138  2.0
14  Th        422 0347  0.6 0952  2.1 1606  0.5 2218  2.1
15  Fr        422 0427  0.5 1033  2.2 1647  0.4 2258  2.2
16  Sa        422 0507  0.4 1114  2.3 1728  0.3 2338  2.3
17  Su        422 0547  0.3 1157  2.4 1810  0.2 9999  9.9
18  Mo        422 0019  2.4 0629  0.2 1241  2.4 1855  0.3
19  Tu        422 0102  2.4 0714  0.2 1329  2.4 1941  0.3
20  We        422 0148  2.3 0803  0.3 1420  2.3 2032  0.4
21  Th        422 0238  2.2 0858  0.4 1517  2.2 2128  0.5
22  Fr        422 0335  2.1 0959  0.5 1620  2.1 2231  0.6
23  Sa        422 0440  2.0 1109  0.5 1731  2.0 2342  0.7
24  Su        422 0554  2.0 1223  0.6 1844  2.0 9999  9.9
25  Mo        422 0055  0.7 0708  2.0 1334  0.6 1953  2.0
26  Tu        422 0203  0.7 0815  2.0 1436  0.5 2053  2.0
27  We        422 0302  0.6 0912  2.1 1529  0.4 2143  2.1
28  Th        422 0351  0.5 1000  2.2 1616  0.4 2227  2.2
29  Fr        422 0435  0.4 1044  2.2 1658  0.4 2307  2.2
30  Sa        422 0515  0.4 1124  2.2 1737  0.4 2344  2.2
 1  Su        522 0553  0.4 1202  2.2 1813  0.4 9999  9.9
 2  Mo        522 0019  2.2 0629  0.4 1239  2.2 1849  0.5
 3  Tu        522 0054  2.1 0705  0.5 1316  2.1 1924  0.6
 4  We        522 0128  2.1 0742  0.5 1353  2.0 2001  0.7
 5  Th        522 0205  2.0 0821  0.6 1433  1.9 2040  0.7
 6  Fr        522 0245  1.9 0904  0.7 1519  1.9 2125  0.8
 7  Sa        522 0331  1.8 0955  0.7 1610  1.8 2218  0.9
 8  Su        522 0425  1.8 1052  0.8 1709  1.8 2319  0.9
 9  Mo        522 0528  1.8 1154  0.8 1811  1.8 9999  9.9
10  Tu        522 0023  0.9 0632  1.8 1254  0.8 1910  1.8
11  We        522 0123  0.8 0731  1.9 1349  0.7 2004  1.9
12  Th        522 0216  0.7 0824  2.0 1439  0.6 2052  2.0
13  Fr        522 0304  0.6 0912  2.1 1526  0.5 2138  2.1
14  Sa        522 0350  0.5 0959  2.2 1613  0.4 2223  2.2
15  Su        522 0435  0.3 1046  2.3 1659  0.3 2308  2.3
16  Mo        522 0521  0.2 1134  2.4 1747  0.3 2355  2.4
17  Tu        522 0609  0.2 1224  2.4 1836  0.3 9999  9.9
18  We        522 0043  2.4 0659  0.2 1316  2.4 1927  0.3
19  Th        522 0134  2.3 0753  0.2 1411  2.3 2021  0.4
20  Fr        522 0228  2.3 0850  0.3 1510  2.2 2119  0.5
21  Sa        522 0327  2.2 0953  0.4 1613  2.1 2221  0.6
22  Su        522 0431  2.1 1059  0.5 1718  2.0 2327  0.7
23  Mo        522 0539  2.0 1205  0.5 1824  2.0 9999  9.9
24  Tu        522 0034  0.7 0647  2.0 1310  0.5 1927  2.0
25  We        522 0138  0.6 0750  2.0 1408  0.5 2024  2.0
26  Th        522 0234  0.6 0845  2.1 1501  0.5 2114  2.1
27  Fr        522 0324  0.5 0935  2.1 1548  0.5 2158  2.1
28  Sa        522 0409  0.5 1019  2.1 1630  0.5 2239  2.1
29  Su        522 0449  0.5 1100  2.1 1710  0.5 2316  2.1
30  Mo        522 0528  0.5 1138  2.1 1747  0.6 2353  2.1
31  Tu        522 0605  0.5 1216  2.1 1824  0.6 9999  9.9
 1  We        622 0028  2.1 0642  0.5 1253  2.0 1900  0.6
 2  Th        622 0104  2.1 0720  0.5 1332  2.0 1938  0.7
 3  Fr        622 0141  2.0 0759  0.6 1412  2.0 2018  0.7
 4  Sa        622 0221  2.0 0841  0.6 1455  1.9 2100  0.8
 5  Su        622 0305  1.9 0927  0.7 1542  1.9 2147  0.8
 6  Mo        622 0354  1.9 1017  0.7 1632  1.9 2239  0.8
 7  Tu        622 0448  1.9 1111  0.7 1725  1.9 2335  0.8
 8  We        622 0545  1.9 1206  0.7 1820  1.9 9999  9.9
 9  Th        622 0033  0.8 0643  1.9 1301  0.6 1915  1.9
10  Fr        622 0130  0.7 0740  2.0 1356  0.6 2009  2.0
11  Sa        622 0224  0.6 0835  2.1 1450  0.5 2102  2.1
12  Su        622 0317  0.5 0929  2.2 1543  0.4 2153  2.2
13  Mo        622 0409  0.3 1023  2.3 1635  0.4 2245  2.3
14  Tu        622 0501  0.2 1116  2.4 1728  0.3 2336  2.4
15  We        622 0554  0.2 1211  2.4 1821  0.3 9999  9.9
16  Th        622 0029  2.4 0648  0.1 1306  2.4 1915  0.3
17  Fr        622 0122  2.4 0743  0.2 1401  2.3 2009  0.4
18  Sa        622 0217  2.3 0840  0.2 1458  2.3 2105  0.4
19  Su        622 0314  2.3 0938  0.3 1555  2.2 2202  0.5
20  Mo        622 0413  2.2 1037  0.4 1653  2.1 2302  0.6
21  Tu        622 0514  2.1 1137  0.5 1752  2.0 9999  9.9
22  We        622 0003  0.6 0616  2.0 1236  0.6 1851  2.0
23  Th        622 0104  0.7 0717  2.0 1334  0.6 1948  2.0
24  Fr        622 0202  0.6 0814  2.0 1428  0.6 2040  2.0
25  Sa        622 0254  0.6 0906  2.0 1518  0.7 2128  2.0
26  Su        622 0342  0.6 0954  2.0 1604  0.7 2212  2.0
27  Mo        622 0426  0.6 1038  2.0 1646  0.6 2253  2.0
28  Tu        622 0507  0.5 1118  2.0 1726  0.6 2331  2.1
29  We        622 0545  0.5 1157  2.0 1804  0.6 9999  9.9
30  Th        622 0008  2.1 0623  0.5 1235  2.0 1841  0.6
 1  Fr        722 0044  2.1 0700  0.5 1313  2.0 1918  0.6
 2  Sa        722 0121  2.1 0738  0.5 1351  2.0 1955  0.6
 3  Su        722 0159  2.0 0817  0.5 1430  2.0 2034  0.7
 4  Mo        722 0239  2.0 0859  0.6 1511  2.0 2116  0.7
 5  Tu        722 0322  2.0 0943  0.6 1555  2.0 2201  0.7
 6  We        722 0410  2.0 1031  0.6 1642  1.9 2252  0.7
 7  Th        722 0504  2.0 1123  0.6 1735  1.9 2349  0.7
 8  Fr        722 0602  2.0 1219  0.6 1832  1.9 9999  9.9
 9  Sa        722 0049  0.7 0704  2.0 1319  0.6 1932  2.0
10  Su        722 0152  0.6 0806  2.1 1420  0.6 2033  2.1
11  Mo        722 0252  0.5 0908  2.1 1521  0.5 2132  2.2
12  Tu        722 0351  0.3 1007  2.2 1619  0.4 2228  2.3
13  We        722 0448  0.2 1104  2.3 1715  0.3 2323  2.4
14  Th        722 0543  0.1 1200  2.4 1808  0.3 9999  9.9
15  Fr        722 0016  2.4 0636  0.1 1253  2.4 1901  0.3
16  Sa        722 0108  2.5 0729  0.1 1345  2.4 1952  0.3
17  Su        722 0201  2.4 0822  0.2 1437  2.3 2043  0.4
18  Mo        722 0253  2.3 0914  0.3 1528  2.2 2135  0.4
19  Tu        722 0346  2.2 1007  0.4 1619  2.1 2228  0.5
20  We        722 0441  2.1 1101  0.5 1712  2.0 2324  0.6
21  Th        722 0539  2.0 1156  0.6 1808  1.9 9999  9.9
22  Fr        722 0024  0.7 0639  1.9 1254  0.7 1906  1.9
23  Sa        722 0125  0.7 0739  1.9 1352  0.8 2005  1.9
24  Su        722 0224  0.7 0838  1.9 1448  0.8 2100  1.9
25  Mo        722 0317  0.7 0931  1.9 1540  0.8 2149  1.9
26  Tu        722 0405  0.6 1018  1.9 1625  0.7 2232  2.0
27  We        722 0447  0.6 1100  2.0 1706  0.7 2311  2.0
28  Th        722 0526  0.5 1138  2.0 1744  0.6 2348  2.1
29  Fr        722 0602  0.5 1215  2.1 1820  0.6 9999  9.9
30  Sa        722 0023  2.1 0638  0.4 1250  2.1 1855  0.6
31  Su        722 0058  2.1 0714  0.4 1325  2.1 1930  0.5
 1  Mo        822 0134  2.2 0751  0.4 1401  2.1 2006  0.5
 2  Tu        822 0212  2.1 0829  0.5 1439  2.1 2044  0.6
 3  We        822 0252  2.1 0910  0.5 1519  2.0 2127  0.6
 4  Th        822 0338  2.1 0955  0.6 1605  2.0 2216  0.6
 5  Fr        822 0430  2.0 1047  0.6 1657  2.0 2313  0.7
 6  Sa        822 0530  2.0 1146  0.7 1757  1.9 9999  9.9
 7  Su        822 0019  0.7 0638  2.0 1252  0.7 1905  2.0
 8  Mo        822 0130  0.6 0748  2.0 1402  0.6 2014  2.0
 9  Tu        822 0238  0.5 0856  2.1 1508  0.6 2119  2.2
10  We        822 0340  0.4 0958  2.2 1608  0.4 2217  2.3
11  Th        822 0438  0.2 1054  2.3 1703  0.3 2311  2.4
12  Fr        822 0531  0.1 1147  2.4 1754  0.3 9999  9.9
13  Sa        822 0002  2.5 0621  0.1 1236  2.4 1842  0.2
14  Su        822 0051  2.5 0710  0.1 1323  2.4 1929  0.2
15  Mo        822 0138  2.5 0757  0.2 1409  2.3 2015  0.3
16  Tu        822 0226  2.4 0844  0.3 1454  2.2 2102  0.4
17  We        822 0313  2.2 0931  0.4 1540  2.1 2150  0.5
18  Th        822 0403  2.1 1019  0.6 1628  2.0 2242  0.6
19  Fr        822 0456  1.9 1111  0.7 1721  1.9 2340  0.7
20  Sa        822 0556  1.8 1209  0.8 1822  1.8 9999  9.9
21  Su        822 0045  0.8 0702  1.8 1314  0.9 1928  1.8
22  Mo        822 0152  0.8 0808  1.8 1419  0.9 2031  1.8
23  Tu        822 0251  0.7 0907  1.8 1516  0.8 2124  1.9
24  We        822 0341  0.7 0955  1.9 1603  0.7 2209  2.0
25  Th        822 0423  0.6 1037  2.0 1643  0.6 2247  2.1
26  Fr        822 0501  0.5 1113  2.1 1719  0.6 2323  2.1
27  Sa        822 0536  0.4 1148  2.1 1753  0.5 2357  2.2
28  Su        822 0611  0.4 1222  2.2 1827  0.5 9999  9.9
29  Mo        822 0031  2.2 0646  0.3 1256  2.2 1901  0.4
30  Tu        822 0107  2.3 0722  0.3 1331  2.2 1937  0.4
31  We        822 0145  2.2 0800  0.4 1408  2.2 2015  0.5
 1  Th        922 0226  2.2 0841  0.4 1448  2.1 2058  0.5
 2  Fr        922 0312  2.1 0927  0.5 1534  2.0 2149  0.6
 3  Sa        922 0406  2.0 1020  0.6 1629  2.0 2250  0.6
 4  Su        922 0510  2.0 1124  0.7 1735  1.9 9999  9.9
 5  Mo        922 0002  0.6 0624  1.9 1237  0.7 1851  1.9
 6  Tu        922 0119  0.6 0740  2.0 1352  0.7 2005  2.0
 7  We        922 0230  0.5 0849  2.1 1500  0.6 2110  2.2
 8  Th        922 0332  0.4 0949  2.2 1557  0.4 2206  2.3
 9  Fr        922 0426  0.2 1041  2.3 1649  0.3 2257  2.4
10  Sa        922 0515  0.1 1129  2.4 1736  0.2 2344  2.5
11  Su        922 0602  0.1 1214  2.4 1820  0.2 9999  9.9
12  Mo        922 0029  2.5 0646  0.1 1256  2.4 1903  0.2
13  Tu        922 0113  2.4 0729  0.2 1337  2.3 1945  0.3
14  We        922 0156  2.3 0811  0.3 1418  2.2 2027  0.4
15  Th        922 0239  2.2 0852  0.5 1459  2.1 2111  0.5
16  Fr        922 0324  2.0 0936  0.6 1542  2.0 2159  0.7
17  Sa        922 0414  1.9 1025  0.8 1633  1.8 2256  0.8
18  Su        922 0512  1.8 1124  0.9 1735  1.8 9999  9.9
19  Mo        922 0003  0.8 0621  1.7 1233  0.9 1847  1.7
20  Tu        922 0114  0.8 0733  1.7 1345  0.9 1957  1.8
21  We        922 0217  0.8 0835  1.8 1445  0.8 2053  1.9
22  Th        922 0309  0.7 0924  1.9 1533  0.7 2138  2.0
23  Fr        922 0351  0.6 1005  2.0 1612  0.6 2216  2.1
24  Sa        922 0429  0.5 1041  2.1 1648  0.5 2252  2.2
25  Su        922 0505  0.4 1116  2.2 1722  0.4 2327  2.3
26  Mo        922 0540  0.3 1150  2.2 1757  0.4 9999  9.9
27  Tu        922 0003  2.3 0616  0.3 1225  2.3 1832  0.3
28  We        922 0040  2.3 0654  0.3 1302  2.3 1910  0.3
29  Th        922 0121  2.3 0734  0.3 1341  2.2 1952  0.4
30  Fr        922 0205  2.3 0818  0.4 1424  2.2 2038  0.4
 1  Sa       1022 0255  2.2 0907  0.5 1513  2.1 2133  0.5
 2  Su       1022 0353  2.0 1005  0.6 1613  2.0 2239  0.6
 3  Mo       1022 0501  2.0 1113  0.7 1724  1.9 2355  0.6
 4  Tu       1022 0618  1.9 1230  0.8 1843  1.9 9999  9.9
 5  We       1022 0112  0.6 0733  2.0 1344  0.7 1956  2.0
 6  Th       1022 0220  0.5 0839  2.1 1448  0.6 2059  2.2
 7  Fr       1022 0319  0.4 0934  2.2 1543  0.4 2152  2.3
 8  Sa       1022 0409  0.3 1023  2.3 1630  0.3 2240  2.4
 9  Su       1022 0456  0.2 1107  2.3 1714  0.3 2324  2.4
10  Mo       1022 0539  0.2 1148  2.4 1756  0.2 9999  9.9
11  Tu       1022 0006  2.4 0620  0.2 1228  2.3 1836  0.2
12  We       1022 0047  2.3 0659  0.3 1306  2.3 1915  0.3
13  Th       1022 0127  2.2 0738  0.4 1343  2.2 1955  0.4
14  Fr       1022 0207  2.1 0817  0.6 1421  2.1 2036  0.5
15  Sa       1022 0249  2.0 0858  0.7 1503  2.0 2121  0.7
16  Su       1022 0336  1.9 0944  0.8 1551  1.8 2215  0.8
17  Mo       1022 0432  1.8 1041  0.9 1650  1.8 2319  0.8
18  Tu       1022 0537  1.7 1149  0.9 1801  1.7 9999  9.9
19  We       1022 0028  0.8 0647  1.7 1300  0.9 1911  1.8
20  Th       1022 0132  0.8 0749  1.8 1402  0.9 2009  1.8
21  Fr       1022 0225  0.7 0841  1.9 1452  0.7 2057  1.9
22  Sa       1022 0310  0.6 0924  2.0 1534  0.6 2138  2.1
23  Su       1022 0351  0.5 1003  2.1 1612  0.5 2217  2.2
24  Mo       1022 0430  0.4 1040  2.2 1649  0.4 2256  2.3
25  Tu       1022 0508  0.3 1117  2.3 1727  0.3 2335  2.3
26  We       1022 0548  0.3 1156  2.3 1806  0.3 9999  9.9
27  Th       1022 0017  2.4 0630  0.3 1237  2.3 1849  0.2
28  Fr       1022 0102  2.3 0714  0.3 1320  2.3 1935  0.3
29  Sa       1022 0151  2.3 0802  0.4 1408  2.2 2027  0.3
30  Su       1022 0245  2.2 0855  0.5 1502  2.1 2125  0.4
31  Mo       1022 0346  2.1 0956  0.6 1604  2.0 2233  0.5
 1  Tu       1122 0455  2.0 1105  0.7 1716  2.0 2346  0.6
 2  We       1122 0607  2.0 1218  0.7 1831  2.0 9999  9.9
 3  Th       1122 0058  0.5 0717  2.0 1328  0.7 1940  2.1
 4  Fr       1122 0202  0.5 0820  2.1 1430  0.6 2041  2.1
 5  Sa       1122 0259  0.4 0913  2.1 1523  0.5 2133  2.2
 6  Su       1122 0348  0.4 1001  2.2 1609  0.4 2220  2.3
 7  Mo       1122 0433  0.3 1043  2.3 1652  0.3 2303  2.3
 8  Tu       1122 0515  0.3 1123  2.3 1733  0.3 2344  2.3
 9  We       1122 0555  0.4 1201  2.3 1812  0.3 9999  9.9
10  Th       1122 0023  2.2 0633  0.4 1238  2.2 1850  0.4
11  Fr       1122 0102  2.1 0710  0.5 1314  2.1 1928  0.5
12  Sa       1122 0141  2.1 0748  0.6 1352  2.1 2008  0.5
13  Su       1122 0221  2.0 0827  0.7 1432  2.0 2051  0.6
14  Mo       1122 0306  1.9 0911  0.8 1517  1.9 2140  0.7
15  Tu       1122 0356  1.8 1003  0.9 1610  1.8 2236  0.8
16  We       1122 0453  1.8 1102  0.9 1711  1.8 2337  0.8
17  Th       1122 0553  1.8 1206  0.9 1815  1.8 9999  9.9
18  Fr       1122 0037  0.8 0653  1.8 1307  0.9 1915  1.8
19  Sa       1122 0132  0.7 0748  1.9 1401  0.8 2008  1.9
20  Su       1122 0223  0.6 0836  2.0 1449  0.7 2056  2.0
21  Mo       1122 0309  0.5 0921  2.1 1533  0.5 2141  2.1
22  Tu       1122 0354  0.5 1004  2.2 1616  0.4 2226  2.2
23  We       1122 0438  0.4 1047  2.3 1700  0.3 2312  2.3
24  Th       1122 0524  0.3 1132  2.3 1746  0.2 2359  2.4
25  Fr       1122 0611  0.3 1218  2.4 1834  0.2 9999  9.9
26  Sa       1122 0049  2.4 0700  0.3 1306  2.3 1924  0.2
27  Su       1122 0142  2.3 0751  0.4 1358  2.3 2019  0.3
28  Mo       1122 0238  2.2 0846  0.5 1454  2.2 2118  0.3
29  Tu       1122 0338  2.2 0946  0.5 1555  2.1 2222  0.4
30  We       1122 0441  2.1 1049  0.6 1701  2.1 2328  0.5
 1  Th       1222 0546  2.0 1156  0.6 1809  2.0 9999  9.9
 2  Fr       1222 0033  0.5 0651  2.0 1302  0.6 1915  2.1
 3  Sa       1222 0136  0.5 0752  2.0 1403  0.6 2016  2.1
 4  Su       1222 0233  0.5 0847  2.1 1458  0.5 2110  2.1
 5  Mo       1222 0324  0.5 0936  2.1 1547  0.5 2159  2.1
 6  Tu       1222 0411  0.5 1020  2.1 1632  0.4 2243  2.1
 7  We       1222 0454  0.5 1101  2.1 1713  0.4 2325  2.1
 8  Th       1222 0534  0.5 1139  2.2 1752  0.4 9999  9.9
 9  Fr       1222 0004  2.1 0612  0.6 1216  2.1 1830  0.4
10  Sa       1222 0043  2.1 0649  0.6 1252  2.1 1908  0.5
11  Su       1222 0121  2.0 0726  0.6 1329  2.1 1947  0.5
12  Mo       1222 0159  2.0 0804  0.7 1408  2.0 2027  0.6
13  Tu       1222 0240  1.9 0844  0.7 1449  2.0 2109  0.6
14  We       1222 0323  1.9 0928  0.8 1534  1.9 2156  0.7
15  Th       1222 0409  1.9 1016  0.8 1624  1.9 2246  0.7
16  Fr       1222 0500  1.8 1110  0.8 1720  1.8 2340  0.7
17  Sa       1222 0554  1.8 1208  0.8 1818  1.9 9999  9.9
18  Su       1222 0036  0.7 0650  1.9 1306  0.8 1916  1.9
19  Mo       1222 0132  0.7 0745  1.9 1402  0.7 2013  2.0
20  Tu       1222 0227  0.6 0839  2.0 1456  0.6 2108  2.1
21  We       1222 0321  0.5 0932  2.1 1548  0.4 2201  2.2
22  Th       1222 0413  0.4 1023  2.2 1639  0.3 2254  2.3
23  Fr       1222 0505  0.4 1113  2.3 1731  0.2 2347  2.3
24  Sa       1222 0557  0.3 1204  2.4 1823  0.1 9999  9.9
25  Su       1222 0039  2.4 0648  0.3 1255  2.4 1915  0.1
26  Mo       1222 0133  2.4 0740  0.3 1348  2.4 2009  0.2
27  Tu       1222 0227  2.3 0833  0.4 1442  2.3 2105  0.2
28  We       1222 0321  2.3 0928  0.4 1538  2.3 2202  0.3
29  Th       1222 0417  2.2 1025  0.5 1638  2.2 2301  0.4
30  Fr       1222 0515  2.1 1126  0.6 1740  2.1 9999  9.9
31  Sa       1222 0001  0.5 0615  2.0 1229  0.6 1844  2.0
