108Whangarei
Based on data from  1-Jul-2003
Local Std Time, tidal heights in metres.
 1  Sa        122 0610  2.9 1205  0.8 1823  3.0 9999  9.9
 2  Su        122 0032  0.5 0709  3.1 1303  0.7 1922  3.0
 3  Mo        122 0128  0.4 0805  3.2 1359  0.6 2019  3.0
 4  Tu        122 0221  0.4 0858  3.2 1454  0.5 2114  3.1
 5  We        122 0312  0.4 0950  3.3 1547  0.5 2207  3.1
 6  Th        122 0403  0.4 1041  3.2 1638  0.6 2258  3.0
 7  Fr        122 0452  0.5 1131  3.2 1729  0.6 2349  2.9
 8  Sa        122 0542  0.6 1221  3.1 1819  0.7 9999  9.9
 9  Su        122 0039  2.8 0633  0.8 1310  3.0 1910  0.7
10  Mo        122 0131  2.7 0725  0.9 1359  2.9 2001  0.8
11  Tu        122 0224  2.7 0819  1.0 1449  2.8 2052  0.9
12  We        122 0321  2.6 0916  1.1 1540  2.7 2145  0.9
13  Th        122 0419  2.6 1014  1.1 1632  2.6 2238  0.9
14  Fr        122 0515  2.6 1109  1.1 1724  2.6 2329  0.9
15  Sa        122 0607  2.6 1200  1.1 1814  2.6 9999  9.9
16  Su        122 0018  0.9 0656  2.7 1248  1.1 1902  2.6
17  Mo        122 0103  0.9 0740  2.8 1333  1.0 1947  2.6
18  Tu        122 0146  0.8 0821  2.8 1416  1.0 2029  2.7
19  We        122 0227  0.8 0900  2.9 1458  0.9 2110  2.7
20  Th        122 0307  0.7 0938  2.9 1539  0.9 2150  2.8
21  Fr        122 0347  0.7 1016  2.9 1620  0.8 2231  2.8
22  Sa        122 0428  0.7 1055  3.0 1702  0.8 2312  2.8
23  Su        122 0510  0.7 1136  3.0 1745  0.8 2356  2.8
24  Mo        122 0554  0.7 1219  2.9 1830  0.8 9999  9.9
25  Tu        122 0043  2.8 0642  0.8 1304  2.9 1918  0.8
26  We        122 0134  2.8 0735  0.8 1354  2.9 2011  0.8
27  Th        122 0231  2.7 0834  0.9 1450  2.8 2108  0.8
28  Fr        122 0336  2.7 0938  0.9 1552  2.8 2210  0.7
29  Sa        122 0445  2.8 1043  0.9 1658  2.8 2311  0.7
30  Su        122 0551  2.9 1146  0.8 1804  2.9 9999  9.9
31  Mo        122 0011  0.6 0651  3.0 1245  0.7 1906  2.9
 1  Tu        222 0108  0.5 0748  3.1 1342  0.6 2004  3.0
 2  We        222 0203  0.5 0841  3.2 1436  0.6 2058  3.0
 3  Th        222 0254  0.4 0931  3.2 1527  0.5 2149  3.0
 4  Fr        222 0343  0.5 1020  3.2 1616  0.5 2238  3.0
 5  Sa        222 0431  0.5 1106  3.2 1704  0.6 2325  3.0
 6  Su        222 0518  0.6 1152  3.1 1750  0.6 9999  9.9
 7  Mo        222 0010  2.9 0604  0.8 1236  2.9 1836  0.7
 8  Tu        222 0056  2.8 0652  0.9 1320  2.8 1922  0.8
 9  We        222 0144  2.7 0742  1.0 1405  2.7 2011  0.9
10  Th        222 0237  2.6 0836  1.1 1452  2.6 2102  1.0
11  Fr        222 0334  2.5 0933  1.2 1545  2.5 2156  1.0
12  Sa        222 0434  2.5 1031  1.2 1641  2.5 2250  1.0
13  Su        222 0531  2.6 1126  1.2 1737  2.5 2343  1.0
14  Mo        222 0622  2.6 1217  1.1 1830  2.6 9999  9.9
15  Tu        222 0032  0.9 0709  2.7 1304  1.1 1918  2.6
16  We        222 0117  0.9 0751  2.8 1348  1.0 2003  2.7
17  Th        222 0200  0.8 0832  2.9 1430  0.9 2046  2.8
18  Fr        222 0242  0.7 0911  3.0 1512  0.8 2128  2.9
19  Sa        222 0324  0.6 0951  3.0 1554  0.7 2210  2.9
20  Su        222 0406  0.6 1032  3.0 1637  0.6 2253  2.9
21  Mo        222 0449  0.6 1113  3.0 1721  0.6 2337  2.9
22  Tu        222 0535  0.7 1157  3.0 1806  0.6 9999  9.9
23  We        222 0024  2.9 0624  0.7 1243  3.0 1854  0.7
24  Th        222 0115  2.8 0717  0.8 1334  2.9 1947  0.7
25  Fr        222 0213  2.8 0816  0.9 1430  2.8 2045  0.8
26  Sa        222 0319  2.8 0920  0.9 1534  2.8 2148  0.8
27  Su        222 0428  2.8 1025  0.9 1643  2.7 2251  0.8
28  Mo        222 0534  2.9 1129  0.9 1750  2.8 2353  0.7
 1  Tu        322 0634  3.0 1228  0.8 1852  2.9 9999  9.9
 2  We        322 0051  0.6 0729  3.1 1324  0.7 1948  2.9
 3  Th        322 0144  0.6 0820  3.1 1415  0.6 2040  3.0
 4  Fr        322 0234  0.5 0909  3.2 1504  0.5 2128  3.0
 5  Sa        322 0321  0.5 0954  3.1 1550  0.5 2214  3.0
 6  Su        322 0407  0.6 1038  3.1 1635  0.6 2257  3.0
 7  Mo        322 0451  0.7 1119  3.0 1718  0.6 2339  2.9
 8  Tu        322 0535  0.8 1200  2.9 1800  0.7 9999  9.9
 9  We        322 0020  2.8 0619  0.9 1239  2.8 1843  0.8
10  Th        322 0103  2.7 0706  1.0 1319  2.7 1928  0.9
11  Fr        322 0150  2.6 0757  1.1 1404  2.6 2016  1.0
12  Sa        322 0245  2.5 0852  1.2 1455  2.5 2110  1.1
13  Su        322 0346  2.5 0951  1.2 1554  2.5 2208  1.1
14  Mo        322 0447  2.5 1048  1.2 1656  2.5 2304  1.1
15  Tu        322 0542  2.6 1141  1.1 1754  2.5 2356  1.0
16  We        322 0631  2.7 1230  1.0 1846  2.6 9999  9.9
17  Th        322 0045  0.9 0716  2.8 1316  0.9 1934  2.8
18  Fr        322 0130  0.8 0759  2.9 1400  0.8 2019  2.9
19  Sa        322 0215  0.7 0841  3.0 1444  0.7 2104  3.0
20  Su        322 0259  0.6 0924  3.1 1528  0.6 2148  3.0
21  Mo        322 0344  0.6 1007  3.1 1612  0.5 2233  3.1
22  Tu        322 0430  0.6 1051  3.1 1657  0.5 2319  3.0
23  We        322 0517  0.6 1138  3.0 1744  0.5 9999  9.9
24  Th        322 0008  3.0 0608  0.7 1226  3.0 1834  0.6
25  Fr        322 0102  2.9 0703  0.8 1319  2.9 1927  0.7
26  Sa        322 0201  2.8 0803  0.9 1418  2.8 2026  0.8
27  Su        322 0307  2.8 0906  0.9 1523  2.7 2129  0.8
28  Mo        322 0413  2.8 1010  0.9 1631  2.7 2234  0.8
29  Tu        322 0516  2.9 1112  0.8 1736  2.8 2335  0.8
30  We        322 0614  2.9 1209  0.8 1836  2.8 9999  9.9
31  Th        322 0032  0.7 0707  3.0 1302  0.7 1930  2.9
 1  Fr        422 0124  0.7 0756  3.0 1352  0.6 2019  3.0
 2  Sa        422 0212  0.6 0842  3.1 1438  0.6 2105  3.0
 3  Su        422 0258  0.6 0926  3.0 1522  0.6 2148  3.0
 4  Mo        422 0341  0.7 1007  3.0 1604  0.6 2228  2.9
 5  Tu        422 0423  0.8 1046  2.9 1644  0.7 2308  2.9
 6  We        422 0505  0.9 1123  2.8 1724  0.8 2346  2.8
 7  Th        422 0548  1.0 1201  2.7 1805  0.9 9999  9.9
 8  Fr        422 0026  2.7 0632  1.0 1239  2.6 1847  1.0
 9  Sa        422 0109  2.6 0720  1.1 1323  2.5 1934  1.0
10  Su        422 0159  2.6 0813  1.2 1413  2.5 2026  1.1
11  Mo        422 0256  2.5 0910  1.2 1511  2.5 2124  1.1
12  Tu        422 0357  2.5 1007  1.2 1614  2.5 2222  1.1
13  We        422 0454  2.6 1101  1.1 1715  2.6 2318  1.0
14  Th        422 0546  2.7 1152  1.0 1811  2.7 9999  9.9
15  Fr        422 0010  0.9 0635  2.8 1241  0.8 1902  2.8
16  Sa        422 0059  0.8 0722  2.9 1328  0.7 1951  2.9
17  Su        422 0147  0.7 0809  3.0 1414  0.6 2038  3.1
18  Mo        422 0234  0.6 0856  3.1 1501  0.5 2126  3.1
19  Tu        422 0322  0.5 0943  3.1 1548  0.4 2214  3.2
20  We        422 0411  0.6 1031  3.1 1635  0.4 2303  3.1
21  Th        422 0502  0.6 1121  3.0 1724  0.5 2355  3.1
22  Fr        422 0555  0.7 1213  2.9 1815  0.6 9999  9.9
23  Sa        422 0051  3.0 0651  0.8 1308  2.8 1910  0.7
24  Su        422 0150  2.9 0751  0.8 1408  2.8 2009  0.8
25  Mo        422 0253  2.9 0852  0.9 1512  2.7 2112  0.9
26  Tu        422 0355  2.9 0953  0.9 1618  2.7 2216  0.9
27  We        422 0455  2.9 1052  0.8 1720  2.7 2316  0.9
28  Th        422 0549  2.9 1147  0.7 1816  2.8 9999  9.9
29  Fr        422 0011  0.8 0640  2.9 1238  0.7 1908  2.9
30  Sa        422 0101  0.8 0728  2.9 1325  0.6 1955  2.9
 1  Su        522 0148  0.8 0813  2.9 1410  0.6 2040  3.0
 2  Mo        522 0232  0.8 0855  2.9 1452  0.6 2121  2.9
 3  Tu        522 0315  0.8 0935  2.8 1533  0.7 2200  2.9
 4  We        522 0356  0.9 1013  2.8 1612  0.7 2238  2.9
 5  Th        522 0438  0.9 1050  2.7 1651  0.8 2315  2.8
 6  Fr        522 0519  1.0 1127  2.7 1730  0.9 2354  2.7
 7  Sa        522 0603  1.0 1207  2.6 1812  0.9 9999  9.9
 8  Su        522 0036  2.7 0649  1.1 1251  2.5 1857  1.0
 9  Mo        522 0122  2.6 0738  1.1 1340  2.5 1947  1.1
10  Tu        522 0214  2.6 0831  1.1 1434  2.5 2042  1.1
11  We        522 0309  2.6 0926  1.1 1535  2.5 2141  1.1
12  Th        522 0405  2.7 1021  1.0 1636  2.6 2239  1.0
13  Fr        522 0501  2.7 1114  0.9 1735  2.7 2334  0.9
14  Sa        522 0554  2.8 1206  0.7 1830  2.9 9999  9.9
15  Su        522 0028  0.8 0646  2.9 1256  0.6 1923  3.0
16  Mo        522 0119  0.7 0738  3.0 1346  0.5 2014  3.1
17  Tu        522 0210  0.6 0829  3.1 1435  0.4 2105  3.2
18  We        522 0302  0.5 0921  3.1 1525  0.4 2156  3.2
19  Th        522 0354  0.5 1013  3.1 1615  0.4 2248  3.2
20  Fr        522 0447  0.6 1106  3.0 1705  0.5 2342  3.1
21  Sa        522 0541  0.6 1200  2.9 1758  0.6 9999  9.9
22  Su        522 0038  3.1 0637  0.7 1256  2.8 1853  0.7
23  Mo        522 0135  3.0 0735  0.8 1355  2.8 1951  0.8
24  Tu        522 0234  2.9 0833  0.8 1457  2.7 2052  0.9
25  We        522 0332  2.9 0931  0.8 1558  2.7 2154  0.9
26  Th        522 0428  2.9 1027  0.8 1658  2.7 2252  0.9
27  Fr        522 0521  2.8 1120  0.8 1753  2.8 2346  0.9
28  Sa        522 0611  2.8 1210  0.7 1843  2.8 9999  9.9
29  Su        522 0036  0.9 0658  2.8 1257  0.7 1930  2.9
30  Mo        522 0123  0.9 0743  2.8 1341  0.7 2014  2.9
31  Tu        522 0207  0.9 0826  2.8 1423  0.7 2055  2.9
 1  We        622 0250  0.9 0906  2.7 1504  0.7 2134  2.9
 2  Th        622 0331  0.9 0944  2.7 1543  0.8 2212  2.8
 3  Fr        622 0412  1.0 1022  2.7 1621  0.8 2249  2.8
 4  Sa        622 0453  1.0 1100  2.6 1701  0.9 2327  2.8
 5  Su        622 0536  1.0 1140  2.6 1741  0.9 9999  9.9
 6  Mo        622 0007  2.7 0620  1.0 1224  2.6 1825  1.0
 7  Tu        622 0051  2.7 0706  1.0 1311  2.6 1912  1.0
 8  We        622 0138  2.7 0755  1.0 1402  2.6 2005  1.0
 9  Th        622 0229  2.7 0847  1.0 1459  2.6 2103  1.0
10  Fr        622 0323  2.7 0942  0.9 1559  2.6 2202  1.0
11  Sa        622 0419  2.8 1037  0.8 1701  2.7 2301  0.9
12  Su        622 0517  2.9 1133  0.7 1801  2.9 2359  0.8
13  Mo        622 0614  2.9 1227  0.6 1858  3.0 9999  9.9
14  Tu        622 0055  0.7 0711  3.0 1320  0.5 1953  3.1
15  We        622 0149  0.6 0807  3.0 1413  0.4 2047  3.2
16  Th        622 0243  0.6 0902  3.1 1504  0.4 2140  3.2
17  Fr        622 0337  0.5 0957  3.1 1556  0.4 2233  3.2
18  Sa        622 0431  0.6 1051  3.0 1647  0.5 2326  3.2
19  Su        622 0525  0.6 1145  3.0 1740  0.6 9999  9.9
20  Mo        622 0020  3.1 0619  0.6 1239  2.9 1833  0.7
21  Tu        622 0114  3.0 0714  0.7 1336  2.8 1930  0.8
22  We        622 0209  3.0 0808  0.8 1433  2.7 2028  0.9
23  Th        622 0303  2.9 0903  0.8 1532  2.7 2127  1.0
24  Fr        622 0356  2.8 0957  0.8 1630  2.7 2224  1.0
25  Sa        622 0448  2.8 1050  0.8 1725  2.7 2319  1.0
26  Su        622 0539  2.7 1140  0.8 1816  2.8 9999  9.9
27  Mo        622 0010  1.0 0627  2.7 1228  0.8 1904  2.8
28  Tu        622 0057  1.0 0714  2.7 1313  0.8 1949  2.8
29  We        622 0142  1.0 0758  2.7 1356  0.8 2030  2.8
30  Th        622 0225  1.0 0839  2.7 1437  0.8 2110  2.8
 1  Fr        722 0307  1.0 0919  2.7 1516  0.8 2147  2.8
 2  Sa        722 0348  1.0 0958  2.7 1555  0.8 2224  2.8
 3  Su        722 0428  0.9 1036  2.7 1634  0.8 2302  2.8
 4  Mo        722 0509  0.9 1116  2.7 1714  0.8 2341  2.8
 5  Tu        722 0551  0.9 1158  2.7 1757  0.9 9999  9.9
 6  We        722 0022  2.8 0635  0.9 1243  2.6 1843  0.9
 7  Th        722 0106  2.8 0721  0.9 1333  2.6 1933  1.0
 8  Fr        722 0154  2.8 0812  0.9 1427  2.7 2030  1.0
 9  Sa        722 0247  2.8 0906  0.8 1528  2.7 2131  1.0
10  Su        722 0344  2.8 1004  0.8 1632  2.8 2233  0.9
11  Mo        722 0445  2.8 1103  0.7 1736  2.9 2334  0.8
12  Tu        722 0548  2.9 1202  0.6 1837  3.0 9999  9.9
13  We        722 0034  0.7 0650  2.9 1258  0.5 1935  3.1
14  Th        722 0131  0.6 0749  3.0 1352  0.4 2029  3.2
15  Fr        722 0226  0.6 0846  3.1 1445  0.4 2123  3.3
16  Sa        722 0320  0.5 0941  3.1 1537  0.4 2215  3.3
17  Su        722 0412  0.5 1033  3.1 1628  0.5 2306  3.2
18  Mo        722 0504  0.5 1125  3.0 1719  0.6 2356  3.1
19  Tu        722 0555  0.6 1217  2.9 1810  0.7 9999  9.9
20  We        722 0047  3.0 0646  0.7 1309  2.8 1903  0.8
21  Th        722 0137  2.9 0737  0.7 1403  2.8 1958  0.9
22  Fr        722 0228  2.8 0829  0.8 1459  2.7 2055  1.0
23  Sa        722 0319  2.7 0922  0.9 1557  2.6 2153  1.1
24  Su        722 0412  2.6 1016  0.9 1654  2.6 2249  1.1
25  Mo        722 0505  2.6 1108  0.9 1747  2.7 2342  1.1
26  Tu        722 0556  2.6 1159  0.9 1837  2.7 9999  9.9
27  We        722 0031  1.1 0645  2.6 1246  0.9 1923  2.8
28  Th        722 0117  1.0 0732  2.6 1329  0.8 2005  2.8
29  Fr        722 0200  1.0 0815  2.7 1411  0.8 2044  2.8
30  Sa        722 0242  0.9 0855  2.7 1450  0.8 2122  2.9
31  Su        722 0322  0.9 0934  2.7 1530  0.8 2158  2.9
 1  Mo        822 0402  0.9 1013  2.8 1609  0.8 2235  2.9
 2  Tu        822 0442  0.8 1053  2.8 1649  0.8 2314  2.9
 3  We        822 0523  0.8 1134  2.8 1732  0.8 2354  2.9
 4  Th        822 0605  0.8 1218  2.8 1817  0.8 9999  9.9
 5  Fr        822 0038  2.9 0651  0.8 1307  2.7 1907  0.9
 6  Sa        822 0125  2.8 0741  0.8 1401  2.7 2004  0.9
 7  Su        822 0218  2.8 0836  0.8 1502  2.7 2106  1.0
 8  Mo        822 0317  2.8 0936  0.8 1610  2.8 2211  0.9
 9  Tu        822 0423  2.8 1039  0.7 1717  2.8 2315  0.9
10  We        822 0530  2.8 1140  0.6 1820  3.0 9999  9.9
11  Th        822 0016  0.8 0635  2.9 1239  0.6 1917  3.1
12  Fr        822 0114  0.6 0735  3.0 1334  0.5 2012  3.2
13  Sa        822 0208  0.5 0830  3.1 1427  0.4 2103  3.3
14  Su        822 0300  0.5 0923  3.1 1518  0.4 2153  3.3
15  Mo        822 0351  0.5 1013  3.1 1607  0.5 2241  3.2
16  Tu        822 0439  0.5 1102  3.0 1655  0.6 2328  3.1
17  We        822 0527  0.6 1150  3.0 1744  0.7 9999  9.9
18  Th        822 0014  3.0 0614  0.6 1238  2.9 1833  0.8
19  Fr        822 0101  2.9 0701  0.8 1327  2.7 1924  1.0
20  Sa        822 0148  2.7 0750  0.9 1421  2.7 2019  1.1
21  Su        822 0237  2.6 0842  1.0 1519  2.6 2117  1.2
22  Mo        822 0331  2.5 0937  1.0 1618  2.6 2216  1.2
23  Tu        822 0428  2.5 1033  1.0 1715  2.6 2311  1.2
24  We        822 0524  2.5 1127  1.0 1806  2.6 9999  9.9
25  Th        822 0003  1.1 0617  2.5 1217  1.0 1853  2.7
26  Fr        822 0049  1.0 0705  2.6 1302  0.9 1935  2.8
27  Sa        822 0133  1.0 0749  2.7 1344  0.8 2015  2.9
28  Su        822 0214  0.9 0830  2.8 1424  0.8 2052  2.9
29  Mo        822 0254  0.8 0910  2.8 1504  0.7 2130  3.0
30  Tu        822 0334  0.7 0949  2.9 1545  0.7 2208  3.0
31  We        822 0414  0.7 1030  2.9 1626  0.7 2248  3.0
 1  Th        922 0456  0.7 1112  2.9 1710  0.7 2329  2.9
 2  Fr        922 0539  0.7 1157  2.9 1756  0.8 9999  9.9
 3  Sa        922 0014  2.9 0625  0.7 1246  2.8 1847  0.9
 4  Su        922 0102  2.8 0715  0.8 1341  2.8 1944  0.9
 5  Mo        922 0157  2.8 0812  0.8 1444  2.7 2048  1.0
 6  Tu        922 0259  2.7 0914  0.8 1553  2.8 2154  0.9
 7  We        922 0408  2.7 1019  0.8 1701  2.8 2259  0.9
 8  Th        922 0518  2.8 1122  0.7 1803  3.0 2359  0.8
 9  Fr        922 0622  2.9 1222  0.6 1859  3.1 9999  9.9
10  Sa        922 0056  0.6 0720  3.0 1317  0.5 1952  3.2
11  Su        922 0149  0.5 0814  3.1 1408  0.5 2041  3.2
12  Mo        922 0238  0.5 0904  3.1 1457  0.5 2128  3.2
13  Tu        922 0326  0.4 0951  3.1 1544  0.5 2214  3.1
14  We        922 0411  0.5 1036  3.1 1630  0.6 2257  3.0
15  Th        922 0456  0.6 1120  3.0 1715  0.7 2340  2.9
16  Fr        922 0539  0.7 1204  2.9 1802  0.9 9999  9.9
17  Sa        922 0022  2.8 0623  0.8 1249  2.7 1850  1.0
18  Su        922 0105  2.7 0709  0.9 1338  2.6 1942  1.1
19  Mo        922 0152  2.5 0759  1.0 1434  2.6 2039  1.2
20  Tu        922 0245  2.5 0854  1.1 1535  2.5 2139  1.2
21  We        922 0346  2.4 0952  1.1 1635  2.5 2236  1.2
22  Th        922 0447  2.4 1050  1.1 1729  2.6 2329  1.1
23  Fr        922 0544  2.5 1143  1.0 1817  2.7 9999  9.9
24  Sa        922 0016  1.0 0634  2.6 1230  0.9 1900  2.8
25  Su        922 0100  0.9 0720  2.7 1314  0.8 1940  2.9
26  Mo        922 0142  0.8 0802  2.8 1356  0.7 2020  2.9
27  Tu        922 0224  0.7 0844  2.9 1438  0.7 2100  3.0
28  We        922 0305  0.6 0925  3.0 1521  0.6 2141  3.0
29  Th        922 0347  0.6 1008  3.0 1605  0.6 2224  3.0
30  Fr        922 0430  0.5 1052  3.0 1651  0.7 2308  3.0
 1  Sa       1022 0515  0.6 1139  3.0 1739  0.7 2355  2.9
 2  Su       1022 0603  0.6 1230  2.9 1833  0.8 9999  9.9
 3  Mo       1022 0046  2.8 0655  0.7 1327  2.8 1931  0.9
 4  Tu       1022 0144  2.7 0752  0.8 1431  2.8 2034  0.9
 5  We       1022 0248  2.7 0855  0.8 1539  2.8 2139  0.9
 6  Th       1022 0358  2.7 1001  0.8 1644  2.9 2242  0.8
 7  Fr       1022 0506  2.7 1105  0.8 1744  2.9 2341  0.7
 8  Sa       1022 0608  2.8 1204  0.7 1838  3.0 9999  9.9
 9  Su       1022 0036  0.6 0704  2.9 1258  0.6 1929  3.1
10  Mo       1022 0126  0.5 0755  3.0 1348  0.6 2016  3.1
11  Tu       1022 0214  0.5 0842  3.1 1435  0.6 2102  3.1
12  We       1022 0259  0.5 0927  3.1 1520  0.6 2145  3.0
13  Th       1022 0343  0.5 1010  3.0 1604  0.7 2226  2.9
14  Fr       1022 0424  0.6 1051  3.0 1648  0.8 2306  2.8
15  Sa       1022 0505  0.7 1131  2.9 1732  0.9 2345  2.7
16  Su       1022 0547  0.8 1212  2.8 1817  1.0 9999  9.9
17  Mo       1022 0025  2.6 0629  0.9 1257  2.7 1906  1.1
18  Tu       1022 0109  2.5 0716  1.0 1347  2.6 2000  1.2
19  We       1022 0159  2.4 0808  1.1 1444  2.5 2057  1.2
20  Th       1022 0259  2.4 0907  1.2 1545  2.5 2154  1.2
21  Fr       1022 0403  2.4 1006  1.1 1641  2.6 2248  1.1
22  Sa       1022 0504  2.5 1102  1.1 1731  2.7 2337  1.0
23  Su       1022 0558  2.6 1153  1.0 1818  2.8 9999  9.9
24  Mo       1022 0024  0.9 0647  2.7 1241  0.9 1902  2.9
25  Tu       1022 0109  0.7 0733  2.9 1326  0.8 1946  3.0
26  We       1022 0153  0.6 0818  3.0 1412  0.7 2031  3.0
27  Th       1022 0237  0.5 0903  3.1 1458  0.6 2116  3.1
28  Fr       1022 0322  0.5 0948  3.1 1545  0.6 2203  3.0
29  Sa       1022 0408  0.5 1036  3.1 1634  0.6 2251  3.0
30  Su       1022 0455  0.5 1126  3.1 1726  0.7 2341  2.9
31  Mo       1022 0545  0.6 1219  3.0 1821  0.8 9999  9.9
 1  Tu       1122 0035  2.8 0638  0.7 1316  2.9 1919  0.8
 2  We       1122 0134  2.7 0735  0.8 1418  2.9 2020  0.9
 3  Th       1122 0238  2.7 0838  0.9 1522  2.9 2122  0.8
 4  Fr       1122 0345  2.7 0942  0.9 1623  2.9 2222  0.8
 5  Sa       1122 0450  2.7 1045  0.9 1720  2.9 2319  0.7
 6  Su       1122 0549  2.8 1143  0.8 1813  3.0 9999  9.9
 7  Mo       1122 0012  0.6 0644  2.9 1237  0.8 1903  3.0
 8  Tu       1122 0102  0.6 0733  3.0 1326  0.7 1950  3.0
 9  We       1122 0148  0.6 0820  3.0 1412  0.7 2034  2.9
10  Th       1122 0232  0.6 0903  3.0 1457  0.8 2117  2.9
11  Fr       1122 0314  0.6 0945  3.0 1540  0.8 2157  2.8
12  Sa       1122 0355  0.7 1024  2.9 1622  0.9 2235  2.7
13  Su       1122 0434  0.7 1103  2.8 1705  1.0 2313  2.7
14  Mo       1122 0514  0.8 1141  2.8 1748  1.0 2352  2.6
15  Tu       1122 0555  0.9 1222  2.7 1834  1.1 9999  9.9
16  We       1122 0034  2.5 0638  1.0 1306  2.6 1922  1.1
17  Th       1122 0121  2.5 0726  1.1 1355  2.6 2014  1.1
18  Fr       1122 0215  2.4 0820  1.1 1449  2.6 2108  1.1
19  Sa       1122 0314  2.5 0919  1.1 1544  2.6 2202  1.1
20  Su       1122 0417  2.5 1017  1.1 1639  2.7 2254  1.0
21  Mo       1122 0516  2.6 1113  1.0 1731  2.8 2345  0.8
22  Tu       1122 0611  2.7 1206  0.9 1823  2.8 9999  9.9
23  We       1122 0035  0.7 0702  2.9 1257  0.8 1913  2.9
24  Th       1122 0123  0.6 0752  3.0 1347  0.7 2004  3.0
25  Fr       1122 0211  0.5 0842  3.1 1437  0.6 2054  3.0
26  Sa       1122 0300  0.4 0931  3.2 1528  0.6 2145  3.1
27  Su       1122 0348  0.4 1022  3.2 1620  0.6 2237  3.0
28  Mo       1122 0438  0.4 1113  3.2 1713  0.6 2329  3.0
29  Tu       1122 0529  0.5 1207  3.1 1808  0.7 9999  9.9
30  We       1122 0024  2.9 0622  0.6 1303  3.0 1904  0.7
 1  Th       1222 0121  2.8 0718  0.7 1400  3.0 2002  0.8
 2  Fr       1222 0222  2.7 0818  0.8 1459  2.9 2100  0.8
 3  Sa       1222 0325  2.7 0920  0.9 1556  2.9 2157  0.8
 4  Su       1222 0428  2.7 1022  0.9 1652  2.9 2253  0.7
 5  Mo       1222 0526  2.8 1119  0.9 1745  2.8 2346  0.7
 6  Tu       1222 0621  2.8 1213  0.9 1835  2.8 9999  9.9
 7  We       1222 0035  0.7 0711  2.9 1302  0.9 1923  2.8
 8  Th       1222 0122  0.7 0757  2.9 1349  0.9 2008  2.8
 9  Fr       1222 0206  0.7 0841  2.9 1434  0.9 2051  2.8
10  Sa       1222 0248  0.7 0922  2.9 1517  0.9 2131  2.7
11  Su       1222 0328  0.7 1001  2.9 1559  0.9 2210  2.7
12  Mo       1222 0407  0.8 1038  2.9 1640  1.0 2247  2.7
13  Tu       1222 0446  0.8 1115  2.8 1721  1.0 2325  2.6
14  We       1222 0525  0.9 1152  2.8 1804  1.0 9999  9.9
15  Th       1222 0006  2.6 0606  0.9 1232  2.7 1847  1.0
16  Fr       1222 0050  2.6 0651  1.0 1316  2.7 1934  1.0
17  Sa       1222 0138  2.5 0740  1.1 1403  2.7 2023  1.0
18  Su       1222 0232  2.5 0835  1.1 1454  2.7 2116  1.0
19  Mo       1222 0331  2.6 0934  1.1 1549  2.7 2211  0.9
20  Tu       1222 0434  2.6 1034  1.0 1647  2.8 2307  0.8
21  We       1222 0536  2.7 1133  0.9 1746  2.8 9999  9.9
22  Th       1222 0002  0.7 0634  2.9 1230  0.8 1844  2.9
23  Fr       1222 0056  0.6 0729  3.0 1325  0.7 1941  3.0
24  Sa       1222 0148  0.5 0823  3.1 1419  0.6 2036  3.0
25  Su       1222 0239  0.4 0915  3.2 1512  0.6 2130  3.1
26  Mo       1222 0330  0.4 1007  3.3 1605  0.5 2223  3.1
27  Tu       1222 0421  0.4 1059  3.3 1658  0.5 2316  3.0
28  We       1222 0512  0.5 1151  3.2 1751  0.6 9999  9.9
29  Th       1222 0009  3.0 0604  0.6 1243  3.1 1844  0.6
30  Fr       1222 0104  2.9 0659  0.7 1337  3.0 1938  0.7
31  Sa       1222 0201  2.8 0755  0.8 1431  2.9 2032  0.7
