075Whanganui River Entrance
Based on data from 12-Oct-2020
Local Std Time, tidal heights in metres.
 1  Sa        723 0221  0.9 0825  2.7 1452  0.8 2051  2.8
 2  Su        723 0303  0.7 0911  2.9 1535  0.6 2131  3.0
 3  Mo        723 0344  0.6 0957  3.0 1613  0.4 2211  3.1
 4  Tu        723 0423  0.5 1041  3.1 1650  0.4 2250  3.2
 5  We        723 0504  0.5 1124  3.1 1727  0.4 2331  3.1
 6  Th        723 0546  0.5 1206  3.0 1804  0.5 9999  9.9
 7  Fr        723 0012  3.0 0631  0.7 1246  2.9 1844  0.7
 8  Sa        723 0055  2.8 0722  0.8 1327  2.7 1930  0.9
 9  Su        723 0142  2.6 0819  1.0 1412  2.5 2033  1.2
10  Mo        723 0239  2.4 0925  1.2 1510  2.2 2204  1.3
11  Tu        723 0400  2.2 1039  1.3 1709  2.1 2341  1.3
12  We        723 0541  2.2 1213  1.3 1902  2.2 9999  9.9
13  Th        723 0101  1.2 0656  2.3 1348  1.2 1955  2.4
14  Fr        723 0158  1.1 0749  2.4 1444  1.0 2033  2.6
15  Sa        723 0242  0.9 0833  2.5 1522  0.9 2106  2.7
16  Su        723 0318  0.8 0912  2.7 1552  0.8 2137  2.8
17  Mo        723 0351  0.7 0949  2.8 1619  0.7 2208  2.9
18  Tu        723 0422  0.7 1024  2.8 1643  0.6 2238  2.9
19  We        723 0452  0.7 1057  2.8 1705  0.7 2309  2.9
20  Th        723 0521  0.7 1129  2.8 1726  0.7 2339  2.8
21  Fr        723 0550  0.8 1200  2.8 1746  0.8 9999  9.9
22  Sa        723 0009  2.7 0620  0.8 1230  2.7 1808  0.9
23  Su        723 0041  2.6 0653  0.9 1300  2.6 1833  1.0
24  Mo        723 0115  2.5 0732  1.0 1332  2.5 1906  1.1
25  Tu        723 0157  2.4 0820  1.2 1411  2.3 1959  1.3
26  We        723 0256  2.2 0921  1.2 1508  2.2 2144  1.4
27  Th        723 0428  2.2 1034  1.3 1706  2.1 2338  1.4
28  Fr        723 0602  2.2 1204  1.2 1850  2.3 9999  9.9
29  Sa        723 0059  1.2 0711  2.4 1333  1.1 1946  2.5
30  Su        723 0158  1.0 0806  2.6 1433  0.8 2031  2.8
31  Mo        723 0247  0.8 0856  2.8 1519  0.6 2112  3.0
 1  Tu        823 0331  0.6 0942  3.0 1558  0.5 2153  3.1
 2  We        823 0413  0.5 1027  3.1 1636  0.4 2234  3.2
 3  Th        823 0454  0.4 1110  3.1 1712  0.4 2315  3.2
 4  Fr        823 0536  0.5 1151  3.1 1749  0.5 2357  3.0
 5  Sa        823 0620  0.6 1230  2.9 1829  0.7 9999  9.9
 6  Su        823 0040  2.9 0706  0.8 1310  2.8 1913  0.9
 7  Mo        823 0125  2.7 0756  0.9 1350  2.5 2010  1.1
 8  Tu        823 0215  2.4 0852  1.1 1439  2.3 2132  1.3
 9  We        823 0317  2.2 0958  1.3 1605  2.1 2304  1.4
10  Th        823 0447  2.1 1128  1.4 1833  2.1 9999  9.9
11  Fr        823 0025  1.3 0621  2.2 1321  1.3 1933  2.3
12  Sa        823 0129  1.2 0725  2.3 1426  1.2 2011  2.4
13  Su        823 0218  1.1 0812  2.4 1503  1.0 2043  2.6
14  Mo        823 0256  0.9 0851  2.5 1531  0.9 2112  2.7
15  Tu        823 0329  0.8 0927  2.6 1556  0.8 2142  2.8
16  We        823 0400  0.7 1000  2.8 1618  0.7 2212  2.9
17  Th        823 0429  0.7 1033  2.8 1640  0.7 2243  2.9
18  Fr        823 0458  0.6 1105  2.9 1701  0.7 2315  2.9
19  Sa        823 0528  0.7 1136  2.9 1724  0.7 2348  2.8
20  Su        823 0558  0.7 1207  2.8 1748  0.8 9999  9.9
21  Mo        823 0022  2.7 0631  0.8 1238  2.7 1816  0.9
22  Tu        823 0058  2.6 0707  0.9 1312  2.6 1851  1.0
23  We        823 0139  2.5 0751  1.0 1349  2.5 1942  1.2
24  Th        823 0229  2.3 0846  1.1 1440  2.3 2113  1.3
25  Fr        823 0341  2.2 0956  1.2 1613  2.2 2259  1.3
26  Sa        823 0520  2.2 1127  1.3 1817  2.3 9999  9.9
27  Su        823 0026  1.2 0645  2.3 1306  1.1 1923  2.5
28  Mo        823 0136  1.0 0749  2.5 1415  0.9 2011  2.7
29  Tu        823 0231  0.8 0842  2.7 1503  0.7 2054  2.9
30  We        823 0319  0.6 0929  2.9 1543  0.5 2136  3.1
31  Th        823 0403  0.5 1013  3.0 1621  0.4 2218  3.1
 1  Fr        923 0445  0.4 1055  3.1 1658  0.4 2300  3.1
 2  Sa        923 0526  0.5 1134  3.1 1735  0.5 2342  3.1
 3  Su        923 0606  0.5 1213  3.0 1813  0.6 9999  9.9
 4  Mo        923 0024  2.9 0648  0.7 1250  2.8 1855  0.8
 5  Tu        923 0107  2.7 0731  0.9 1328  2.6 1946  1.1
 6  We        923 0151  2.5 0817  1.1 1409  2.3 2057  1.3
 7  Th        923 0240  2.3 0911  1.3 1507  2.1 2220  1.4
 8  Fr        923 0344  2.1 1026  1.4 1737  2.0 2339  1.4
 9  Sa        923 0522  2.0 1233  1.5 1904  2.1 9999  9.9
10  Su        923 0049  1.3 0653  2.1 1402  1.3 1944  2.3
11  Mo        923 0146  1.2 0748  2.2 1441  1.2 2016  2.4
12  Tu        923 0230  1.1 0828  2.4 1508  1.0 2045  2.6
13  We        923 0305  0.9 0902  2.5 1531  0.9 2114  2.7
14  Th        923 0336  0.8 0935  2.7 1553  0.8 2145  2.8
15  Fr        923 0406  0.7 1008  2.8 1615  0.7 2218  2.9
16  Sa        923 0436  0.6 1041  2.9 1639  0.6 2252  2.9
17  Su        923 0507  0.6 1113  2.9 1704  0.6 2327  2.9
18  Mo        923 0538  0.6 1146  2.9 1732  0.7 9999  9.9
19  Tu        923 0004  2.8 0611  0.7 1219  2.9 1803  0.8
20  We        923 0042  2.7 0647  0.8 1253  2.7 1840  0.9
21  Th        923 0123  2.6 0728  0.9 1331  2.6 1931  1.1
22  Fr        923 0209  2.5 0818  1.1 1419  2.4 2051  1.2
23  Sa        923 0309  2.3 0924  1.2 1536  2.2 2228  1.3
24  Su        923 0437  2.2 1055  1.3 1741  2.2 2355  1.2
25  Mo        923 0619  2.3 1240  1.2 1859  2.4 9999  9.9
26  Tu        923 0112  1.1 0733  2.4 1356  1.0 1951  2.7
27  We        923 0216  0.9 0828  2.7 1447  0.8 2036  2.9
28  Th        923 0308  0.7 0915  2.9 1528  0.6 2119  3.0
29  Fr        923 0353  0.5 0958  3.0 1606  0.4 2202  3.1
30  Sa        923 0434  0.5 1039  3.1 1643  0.4 2244  3.1
 1  Su       1023 0513  0.4 1117  3.1 1719  0.5 2326  3.0
 2  Mo       1023 0551  0.5 1154  3.0 1756  0.6 9999  9.9
 3  Tu       1023 0007  2.9 0628  0.6 1230  2.9 1836  0.8
 4  We       1023 0047  2.8 0704  0.8 1305  2.7 1921  1.0
 5  Th       1023 0127  2.6 0741  1.0 1341  2.4 2019  1.2
 6  Fr       1023 0207  2.4 0819  1.2 1423  2.2 2131  1.4
 7  Sa       1023 0252  2.2 0909  1.4 1538  2.0 2244  1.4
 8  Su       1023 0356  2.0 1051  1.5 1813  2.0 2353  1.4
 9  Mo       1023 0548  2.0 1321  1.5 1909  2.2 9999  9.9
10  Tu       1023 0059  1.3 0715  2.1 1412  1.3 1944  2.3
11  We       1023 0154  1.2 0801  2.2 1440  1.2 2015  2.5
12  Th       1023 0235  1.1 0836  2.4 1503  1.0 2046  2.6
13  Fr       1023 0310  0.9 0910  2.6 1526  0.9 2119  2.8
14  Sa       1023 0343  0.7 0943  2.8 1551  0.7 2154  2.9
15  Su       1023 0415  0.6 1017  2.9 1618  0.6 2231  3.0
16  Mo       1023 0447  0.5 1051  3.0 1647  0.6 2309  3.0
17  Tu       1023 0520  0.5 1125  3.0 1718  0.6 2348  2.9
18  We       1023 0554  0.6 1200  3.0 1751  0.7 9999  9.9
19  Th       1023 0027  2.8 0629  0.7 1236  2.9 1831  0.8
20  Fr       1023 0108  2.7 0708  0.8 1315  2.7 1922  1.0
21  Sa       1023 0152  2.6 0755  1.0 1402  2.5 2034  1.2
22  Su       1023 0245  2.4 0857  1.2 1509  2.3 2201  1.2
23  Mo       1023 0400  2.2 1027  1.3 1701  2.2 2325  1.2
24  Tu       1023 0551  2.2 1214  1.2 1833  2.4 9999  9.9
25  We       1023 0048  1.1 0717  2.4 1336  1.1 1931  2.6
26  Th       1023 0201  1.0 0815  2.6 1430  0.8 2019  2.8
27  Fr       1023 0257  0.8 0901  2.8 1513  0.6 2103  2.9
28  Sa       1023 0342  0.6 0943  3.0 1551  0.5 2145  3.0
29  Su       1023 0422  0.5 1022  3.1 1628  0.5 2228  3.0
30  Mo       1023 0459  0.5 1059  3.1 1704  0.5 2309  3.0
31  Tu       1023 0534  0.5 1134  3.0 1740  0.6 2349  2.9
 1  We       1123 0607  0.6 1209  2.9 1816  0.7 9999  9.9
 2  Th       1123 0027  2.8 0638  0.8 1242  2.7 1856  0.9
 3  Fr       1123 0103  2.6 0706  1.0 1314  2.5 1942  1.1
 4  Sa       1123 0137  2.4 0732  1.2 1348  2.3 2038  1.3
 5  Su       1123 0212  2.2 0757  1.4 1429  2.1 2141  1.4
 6  Mo       1123 0253  2.1 0837  1.5 1607  2.0 2245  1.4
 7  Tu       1123 0358  1.9 1107  1.6 1812  2.0 2351  1.4
 8  We       1123 0611  2.0 1322  1.5 1904  2.2 9999  9.9
 9  Th       1123 0100  1.3 0726  2.1 1403  1.3 1941  2.3
10  Fr       1123 0158  1.2 0808  2.3 1431  1.1 2017  2.5
11  Sa       1123 0242  1.0 0844  2.6 1459  0.9 2053  2.7
12  Su       1123 0320  0.8 0919  2.8 1528  0.8 2131  2.8
13  Mo       1123 0355  0.6 0954  2.9 1558  0.6 2211  3.0
14  Tu       1123 0429  0.5 1030  3.1 1631  0.5 2251  3.0
15  We       1123 0503  0.5 1106  3.1 1705  0.5 2332  3.0
16  Th       1123 0537  0.5 1143  3.1 1742  0.6 9999  9.9
17  Fr       1123 0013  2.9 0613  0.6 1220  3.0 1823  0.7
18  Sa       1123 0054  2.8 0651  0.7 1300  2.8 1913  0.9
19  Su       1123 0136  2.6 0736  0.9 1346  2.6 2018  1.1
20  Mo       1123 0224  2.4 0834  1.1 1446  2.4 2135  1.2
21  Tu       1123 0328  2.3 1001  1.3 1622  2.3 2255  1.2
22  We       1123 0517  2.2 1148  1.3 1804  2.3 9999  9.9
23  Th       1123 0021  1.2 0701  2.3 1313  1.1 1910  2.5
24  Fr       1123 0145  1.0 0801  2.5 1412  0.9 2001  2.6
25  Sa       1123 0245  0.9 0847  2.7 1456  0.7 2046  2.8
26  Su       1123 0331  0.7 0926  2.9 1535  0.6 2129  2.9
27  Mo       1123 0409  0.6 1003  3.0 1612  0.5 2211  3.0
28  Tu       1123 0443  0.5 1039  3.0 1647  0.5 2251  3.0
29  We       1123 0515  0.5 1113  3.0 1722  0.6 2329  2.9
30  Th       1123 0544  0.6 1146  2.9 1756  0.7 9999  9.9
 1  Fr       1223 0005  2.8 0611  0.7 1218  2.8 1831  0.9
 2  Sa       1223 0038  2.7 0634  0.9 1248  2.6 1908  1.0
 3  Su       1223 0109  2.5 0654  1.1 1319  2.4 1949  1.2
 4  Mo       1223 0139  2.4 0712  1.2 1352  2.2 2038  1.3
 5  Tu       1223 0211  2.2 0737  1.4 1439  2.1 2135  1.4
 6  We       1223 0253  2.0 0832  1.5 1625  2.0 2238  1.4
 7  Th       1223 0416  1.9 1127  1.6 1807  2.1 2350  1.4
 8  Fr       1223 0635  2.0 1307  1.4 1902  2.2 9999  9.9
 9  Sa       1223 0109  1.3 0736  2.3 1354  1.2 1947  2.4
10  Su       1223 0211  1.1 0817  2.5 1431  1.0 2028  2.6
11  Mo       1223 0256  0.9 0855  2.7 1506  0.8 2110  2.8
12  Tu       1223 0335  0.7 0932  2.9 1541  0.6 2152  2.9
13  We       1223 0411  0.5 1009  3.1 1616  0.5 2235  3.0
14  Th       1223 0446  0.4 1047  3.1 1653  0.5 2317  3.0
15  Fr       1223 0521  0.4 1126  3.1 1732  0.5 2358  3.0
16  Sa       1223 0557  0.5 1205  3.0 1815  0.7 9999  9.9
17  Su       1223 0039  2.9 0635  0.6 1246  2.9 1904  0.8
18  Mo       1223 0120  2.7 0718  0.8 1331  2.7 2002  1.0
19  Tu       1223 0205  2.5 0814  1.1 1426  2.5 2110  1.1
20  We       1223 0300  2.3 0937  1.3 1545  2.3 2225  1.2
21  Th       1223 0436  2.1 1120  1.3 1728  2.3 2351  1.2
22  Fr       1223 0641  2.2 1248  1.2 1846  2.4 9999  9.9
23  Sa       1223 0125  1.1 0746  2.4 1351  1.0 1942  2.5
24  Su       1223 0232  1.0 0830  2.6 1439  0.9 2029  2.7
25  Mo       1223 0318  0.8 0908  2.8 1519  0.7 2113  2.8
26  Tu       1223 0354  0.7 0943  2.9 1555  0.6 2153  2.9
27  We       1223 0426  0.6 1017  3.0 1629  0.6 2232  2.9
28  Th       1223 0455  0.6 1050  3.0 1703  0.6 2308  2.9
29  Fr       1223 0521  0.6 1122  2.9 1735  0.7 2342  2.8
30  Sa       1223 0545  0.7 1153  2.8 1807  0.8 9999  9.9
31  Su       1223 0014  2.7 0606  0.8 1223  2.7 1839  0.9
 1  Mo        124 0043  2.6 0624  1.0 1253  2.5 1912  1.1
 2  Tu        124 0112  2.5 0643  1.1 1324  2.4 1950  1.2
 3  We        124 0141  2.3 0707  1.3 1403  2.2 2037  1.3
 4  Th        124 0216  2.2 0749  1.4 1503  2.1 2136  1.4
 5  Fr        124 0309  2.1 0939  1.5 1648  2.1 2247  1.4
 6  Sa        124 0517  2.0 1155  1.4 1816  2.2 9999  9.9
 7  Su        124 0012  1.3 0659  2.2 1311  1.3 1915  2.4
 8  Mo        124 0135  1.1 0750  2.4 1401  1.0 2005  2.6
 9  Tu        124 0232  0.9 0832  2.7 1444  0.8 2051  2.7
10  We        124 0315  0.7 0911  2.9 1524  0.6 2136  2.9
11  Th        124 0354  0.5 0950  3.1 1603  0.5 2220  3.0
12  Fr        124 0430  0.4 1029  3.2 1643  0.5 2302  3.1
13  Sa        124 0506  0.4 1109  3.2 1723  0.5 2344  3.1
14  Su        124 0542  0.4 1150  3.1 1806  0.6 9999  9.9
15  Mo        124 0024  3.0 0620  0.6 1232  2.9 1853  0.7
16  Tu        124 0104  2.8 0702  0.8 1317  2.7 1945  0.9
17  We        124 0146  2.6 0755  1.0 1407  2.5 2044  1.1
18  Th        124 0235  2.4 0913  1.2 1513  2.3 2152  1.2
19  Fr        124 0352  2.2 1050  1.3 1644  2.2 2316  1.3
20  Sa        124 0614  2.1 1218  1.3 1816  2.3 9999  9.9
21  Su        124 0101  1.2 0728  2.3 1327  1.1 1922  2.4
22  Mo        124 0217  1.1 0812  2.5 1419  1.0 2012  2.5
23  Tu        124 0303  0.9 0849  2.7 1501  0.8 2056  2.6
24  We        124 0338  0.8 0922  2.8 1537  0.7 2135  2.7
25  Th        124 0407  0.7 0954  2.9 1611  0.7 2212  2.8
26  Fr        124 0433  0.6 1026  2.9 1643  0.6 2246  2.8
27  Sa        124 0457  0.6 1057  2.9 1713  0.7 2318  2.8
28  Su        124 0520  0.7 1128  2.9 1743  0.7 2349  2.8
29  Mo        124 0540  0.8 1159  2.8 1813  0.8 9999  9.9
30  Tu        124 0019  2.7 0600  0.9 1230  2.6 1843  0.9
31  We        124 0047  2.6 0621  1.0 1303  2.5 1916  1.0
 1  Th        224 0117  2.5 0648  1.1 1339  2.4 1957  1.1
 2  Fr        224 0150  2.3 0728  1.3 1427  2.2 2049  1.2
 3  Sa        224 0235  2.2 0850  1.4 1541  2.1 2156  1.3
 4  Su        224 0401  2.1 1055  1.4 1722  2.1 2321  1.3
 5  Mo        224 0616  2.2 1225  1.3 1842  2.3 9999  9.9
 6  Tu        224 0058  1.2 0722  2.4 1331  1.1 1942  2.5
 7  We        224 0208  1.0 0808  2.7 1423  0.9 2033  2.7
 8  Th        224 0256  0.7 0850  2.9 1508  0.7 2120  2.9
 9  Fr        224 0337  0.5 0931  3.1 1551  0.5 2205  3.0
10  Sa        224 0414  0.4 1012  3.2 1632  0.5 2247  3.1
11  Su        224 0451  0.4 1053  3.2 1714  0.4 2328  3.1
12  Mo        224 0528  0.4 1135  3.1 1756  0.5 9999  9.9
13  Tu        224 0008  3.0 0605  0.5 1217  3.0 1839  0.6
14  We        224 0047  2.9 0647  0.7 1301  2.8 1926  0.8
15  Th        224 0127  2.7 0737  1.0 1348  2.6 2017  1.0
16  Fr        224 0211  2.4 0848  1.2 1443  2.4 2117  1.2
17  Sa        224 0312  2.2 1017  1.3 1556  2.2 2234  1.3
18  Su        224 0530  2.1 1143  1.3 1735  2.1 9999  9.9
19  Mo        224 0026  1.4 0705  2.2 1257  1.2 1858  2.2
20  Tu        224 0159  1.2 0752  2.4 1355  1.1 1954  2.3
21  We        224 0247  1.1 0827  2.5 1441  1.0 2038  2.5
22  Th        224 0320  0.9 0859  2.7 1518  0.9 2115  2.6
23  Fr        224 0347  0.8 0930  2.8 1551  0.8 2150  2.7
24  Sa        224 0411  0.7 1001  2.9 1622  0.7 2223  2.8
25  Su        224 0433  0.7 1032  2.9 1651  0.7 2254  2.8
26  Mo        224 0455  0.7 1104  2.9 1720  0.7 2325  2.9
27  Tu        224 0517  0.7 1136  2.8 1749  0.7 2355  2.8
28  We        224 0539  0.8 1209  2.8 1819  0.8 9999  9.9
29  Th        224 0025  2.7 0603  0.9 1243  2.6 1851  0.9
 1  Fr        324 0056  2.6 0633  1.0 1321  2.5 1928  1.0
 2  Sa        324 0129  2.5 0714  1.2 1404  2.4 2014  1.1
 3  Su        324 0211  2.3 0825  1.3 1502  2.2 2116  1.2
 4  Mo        324 0318  2.2 1012  1.4 1628  2.2 2238  1.3
 5  Tu        324 0527  2.2 1144  1.3 1806  2.2 9999  9.9
 6  We        324 0020  1.2 0653  2.4 1300  1.1 1920  2.4
 7  Th        324 0143  1.0 0745  2.6 1402  0.9 2016  2.6
 8  Fr        324 0238  0.8 0830  2.8 1454  0.7 2105  2.8
 9  Sa        324 0320  0.6 0912  3.0 1539  0.6 2150  3.0
10  Su        324 0359  0.4 0954  3.1 1622  0.5 2232  3.1
11  Mo        324 0436  0.4 1037  3.2 1703  0.4 2312  3.1
12  Tu        324 0513  0.4 1119  3.1 1743  0.5 2351  3.1
13  We        324 0551  0.5 1202  3.0 1824  0.6 9999  9.9
14  Th        324 0030  2.9 0631  0.7 1245  2.8 1905  0.8
15  Fr        324 0108  2.7 0719  0.9 1329  2.6 1949  1.0
16  Sa        324 0147  2.5 0821  1.1 1415  2.4 2039  1.2
17  Su        324 0236  2.2 0941  1.3 1511  2.2 2145  1.4
18  Mo        324 0413  2.1 1102  1.4 1632  2.1 2332  1.5
19  Tu        324 0632  2.1 1217  1.3 1821  2.1 9999  9.9
20  We        324 0134  1.4 0727  2.3 1324  1.2 1933  2.2
21  Th        324 0227  1.2 0803  2.4 1416  1.1 2018  2.3
22  Fr        324 0259  1.1 0834  2.5 1456  1.0 2054  2.5
23  Sa        324 0324  0.9 0904  2.7 1529  0.9 2127  2.6
24  Su        324 0347  0.8 0935  2.8 1600  0.7 2158  2.8
25  Mo        324 0409  0.7 1007  2.9 1629  0.7 2229  2.9
26  Tu        324 0431  0.7 1040  2.9 1658  0.6 2301  2.9
27  We        324 0455  0.7 1115  2.9 1727  0.6 2332  2.9
28  Th        324 0520  0.7 1150  2.8 1757  0.7 9999  9.9
29  Fr        324 0003  2.9 0549  0.8 1226  2.8 1830  0.7
30  Sa        324 0036  2.8 0621  0.9 1304  2.6 1905  0.9
31  Su        324 0111  2.6 0704  1.0 1346  2.5 1948  1.0
 1  Mo        424 0152  2.5 0809  1.2 1435  2.4 2044  1.2
 2  Tu        424 0251  2.3 0939  1.3 1545  2.2 2203  1.3
 3  We        424 0437  2.2 1107  1.3 1727  2.2 2346  1.3
 4  Th        424 0621  2.3 1228  1.2 1858  2.3 9999  9.9
 5  Fr        424 0119  1.1 0722  2.6 1341  1.0 2000  2.5
 6  Sa        424 0218  0.9 0810  2.8 1440  0.8 2050  2.8
 7  Su        424 0304  0.7 0854  2.9 1528  0.6 2135  3.0
 8  Mo        424 0344  0.5 0938  3.1 1611  0.5 2216  3.1
 9  Tu        424 0421  0.4 1021  3.1 1651  0.4 2255  3.1
10  We        424 0458  0.4 1104  3.1 1729  0.4 2334  3.1
11  Th        424 0536  0.5 1147  3.0 1807  0.5 9999  9.9
12  Fr        424 0011  3.0 0616  0.7 1228  2.9 1844  0.7
13  Sa        424 0047  2.8 0700  0.9 1308  2.7 1921  0.9
14  Su        424 0124  2.6 0754  1.1 1349  2.5 1959  1.1
15  Mo        424 0205  2.3 0901  1.3 1432  2.3 2046  1.4
16  Tu        424 0302  2.1 1014  1.4 1526  2.1 2210  1.5
17  We        424 0529  2.0 1126  1.4 1704  2.0 9999  9.9
18  Th        424 0047  1.5 0652  2.1 1238  1.4 1902  2.0
19  Fr        424 0200  1.4 0733  2.3 1342  1.3 1955  2.2
20  Sa        424 0234  1.2 0805  2.4 1429  1.1 2030  2.4
21  Su        424 0259  1.1 0836  2.6 1505  1.0 2102  2.5
22  Mo        424 0321  0.9 0908  2.7 1536  0.8 2133  2.7
23  Tu        424 0344  0.8 0942  2.8 1606  0.7 2205  2.9
24  We        424 0409  0.7 1017  2.9 1636  0.6 2237  3.0
25  Th        424 0435  0.6 1054  2.9 1707  0.5 2310  3.0
26  Fr        424 0504  0.6 1132  2.9 1738  0.6 2343  3.0
27  Sa        424 0536  0.7 1210  2.9 1811  0.6 9999  9.9
28  Su        424 0018  2.9 0611  0.8 1248  2.8 1846  0.7
29  Mo        424 0055  2.8 0655  0.9 1329  2.6 1927  0.9
30  Tu        424 0136  2.6 0755  1.1 1415  2.5 2018  1.1
 1  We        524 0230  2.4 0913  1.2 1513  2.3 2133  1.2
 2  Th        524 0357  2.3 1035  1.2 1646  2.2 2316  1.3
 3  Fr        524 0546  2.3 1157  1.2 1835  2.3 9999  9.9
 4  Sa        524 0053  1.2 0658  2.5 1319  1.1 1945  2.5
 5  Su        524 0159  0.9 0751  2.7 1426  0.9 2036  2.7
 6  Mo        524 0247  0.7 0837  2.8 1517  0.7 2119  2.9
 7  Tu        524 0328  0.6 0922  3.0 1600  0.5 2159  3.0
 8  We        524 0407  0.5 1005  3.0 1638  0.5 2238  3.1
 9  Th        524 0444  0.4 1048  3.0 1714  0.5 2315  3.1
10  Fr        524 0521  0.5 1130  3.0 1749  0.5 2351  3.0
11  Sa        524 0559  0.6 1210  2.9 1822  0.7 9999  9.9
12  Su        524 0026  2.8 0640  0.8 1247  2.7 1853  0.9
13  Mo        524 0101  2.6 0726  1.0 1323  2.5 1922  1.1
14  Tu        524 0136  2.4 0820  1.2 1359  2.3 1950  1.3
15  We        524 0217  2.2 0921  1.3 1437  2.1 2026  1.5
16  Th        524 0328  2.0 1025  1.4 1530  2.0 2238  1.6
17  Fr        524 0549  2.0 1132  1.4 1741  1.9 9999  9.9
18  Sa        524 0112  1.5 0652  2.1 1246  1.4 1921  2.0
19  Su        524 0159  1.4 0731  2.3 1350  1.3 2001  2.2
20  Mo        524 0227  1.2 0806  2.4 1435  1.1 2034  2.5
21  Tu        524 0253  1.0 0841  2.6 1511  0.9 2107  2.7
22  We        524 0319  0.8 0917  2.8 1544  0.7 2140  2.8
23  Th        524 0347  0.7 0955  2.9 1615  0.6 2214  3.0
24  Fr        524 0417  0.6 1035  3.0 1647  0.5 2249  3.1
25  Sa        524 0449  0.6 1114  3.0 1720  0.5 2324  3.1
26  Su        524 0524  0.6 1154  3.0 1753  0.5 9999  9.9
27  Mo        524 0001  3.0 0602  0.7 1233  2.9 1829  0.6
28  Tu        524 0039  2.9 0646  0.8 1313  2.7 1908  0.8
29  We        524 0121  2.7 0742  1.0 1356  2.6 1957  1.0
30  Th        524 0212  2.5 0850  1.1 1448  2.4 2108  1.2
31  Fr        524 0325  2.3 1006  1.2 1607  2.2 2248  1.3
 1  Sa        624 0509  2.3 1126  1.2 1810  2.2 9999  9.9
 2  Su        624 0026  1.2 0632  2.4 1256  1.1 1929  2.4
 3  Mo        624 0138  1.0 0731  2.6 1412  1.0 2021  2.6
 4  Tu        624 0230  0.8 0820  2.7 1506  0.8 2103  2.8
 5  We        624 0313  0.7 0906  2.9 1548  0.6 2142  3.0
 6  Th        624 0352  0.5 0950  2.9 1624  0.5 2219  3.1
 7  Fr        624 0429  0.5 1032  3.0 1658  0.5 2255  3.1
 8  Sa        624 0505  0.5 1113  3.0 1730  0.5 2330  3.0
 9  Su        624 0542  0.6 1150  2.9 1759  0.7 9999  9.9
10  Mo        624 0004  2.9 0619  0.8 1225  2.8 1826  0.8
11  Tu        624 0037  2.7 0658  0.9 1258  2.6 1849  1.0
12  We        624 0109  2.5 0740  1.1 1329  2.4 1908  1.2
13  Th        624 0143  2.3 0827  1.3 1400  2.2 1927  1.4
14  Fr        624 0225  2.1 0920  1.4 1436  2.1 2003  1.5
15  Sa        624 0347  2.0 1019  1.4 1536  1.9 2305  1.6
16  Su        624 0545  2.0 1128  1.4 1816  2.0 9999  9.9
17  Mo        624 0100  1.5 0648  2.2 1251  1.4 1926  2.1
18  Tu        624 0146  1.3 0733  2.3 1358  1.2 2005  2.4
19  We        624 0220  1.1 0814  2.5 1443  1.0 2040  2.6
20  Th        624 0253  0.9 0854  2.7 1521  0.8 2116  2.8
21  Fr        624 0326  0.7 0935  2.8 1555  0.6 2151  3.0
22  Sa        624 0400  0.6 1016  3.0 1629  0.5 2228  3.1
23  Su        624 0435  0.5 1058  3.0 1702  0.4 2306  3.1
24  Mo        624 0513  0.5 1138  3.0 1737  0.4 2344  3.1
25  Tu        624 0553  0.6 1218  3.0 1813  0.6 9999  9.9
26  We        624 0024  3.0 0637  0.7 1257  2.8 1852  0.7
27  Th        624 0107  2.8 0728  0.9 1339  2.6 1939  0.9
28  Fr        624 0155  2.6 0828  1.0 1426  2.4 2046  1.2
29  Sa        624 0258  2.4 0937  1.2 1532  2.2 2222  1.3
30  Su        624 0428  2.3 1055  1.2 1739  2.2 2359  1.3
