015Flour  Cask Bay
Based on data from 14-Feb-1999
Local Std Time, tidal heights in metres.
 1  Su        117 0220  2.6 0816  0.9 1431  2.6 2035  0.7
 2  Mo        117 0301  2.6 0857  0.9 1513  2.6 2118  0.8
 3  Tu        117 0344  2.6 0942  0.9 1559  2.5 2205  0.8
 4  We        117 0431  2.5 1031  0.9 1650  2.5 2257  0.8
 5  Th        117 0523  2.5 1126  0.9 1747  2.5 2355  0.9
 6  Fr        117 0621  2.5 1226  0.9 1849  2.5 9999  9.9
 7  Sa        117 0058  0.9 0723  2.5 1330  0.9 1956  2.5
 8  Su        117 0202  0.8 0827  2.6 1434  0.8 2101  2.6
 9  Mo        117 0305  0.8 0929  2.6 1535  0.7 2204  2.7
10  Tu        117 0405  0.7 1028  2.7 1633  0.5 2302  2.8
11  We        117 0501  0.6 1124  2.8 1727  0.4 2357  2.9
12  Th        117 0554  0.5 1216  2.9 1819  0.4 9999  9.9
13  Fr        117 0048  2.9 0644  0.5 1306  2.9 1909  0.4
14  Sa        117 0137  2.9 0733  0.5 1354  2.9 1957  0.4
15  Su        117 0225  2.9 0821  0.6 1441  2.9 2045  0.5
16  Mo        117 0311  2.8 0909  0.6 1528  2.8 2132  0.6
17  Tu        117 0356  2.7 0957  0.7 1615  2.7 2220  0.7
18  We        117 0443  2.6 1046  0.9 1703  2.5 2310  0.9
19  Th        117 0530  2.5 1137  1.0 1753  2.4 9999  9.9
20  Fr        117 0002  1.0 0621  2.4 1231  1.0 1847  2.3
21  Sa        117 0057  1.1 0714  2.3 1327  1.1 1944  2.3
22  Su        117 0154  1.1 0810  2.3 1424  1.1 2041  2.3
23  Mo        117 0250  1.1 0904  2.3 1517  1.0 2136  2.3
24  Tu        117 0342  1.1 0956  2.4 1606  1.0 2227  2.4
25  We        117 0429  1.0 1043  2.5 1651  0.9 2313  2.5
26  Th        117 0513  0.9 1127  2.5 1733  0.8 2356  2.6
27  Fr        117 0554  0.9 1209  2.6 1814  0.7 9999  9.9
28  Sa        117 0037  2.6 0634  0.8 1250  2.7 1853  0.7
29  Su        117 0117  2.7 0714  0.8 1330  2.7 1933  0.6
30  Mo        117 0157  2.7 0754  0.7 1411  2.7 2014  0.6
31  Tu        117 0238  2.7 0835  0.7 1453  2.7 2057  0.6
 1  We        217 0321  2.7 0920  0.7 1539  2.7 2144  0.7
 2  Th        217 0408  2.6 1008  0.8 1629  2.6 2236  0.7
 3  Fr        217 0459  2.6 1103  0.8 1726  2.6 2333  0.8
 4  Sa        217 0558  2.5 1204  0.8 1830  2.5 9999  9.9
 5  Su        217 0037  0.9 0702  2.5 1310  0.8 1940  2.5
 6  Mo        217 0144  0.9 0810  2.5 1417  0.8 2049  2.6
 7  Tu        217 0250  0.9 0916  2.6 1521  0.7 2155  2.7
 8  We        217 0352  0.8 1018  2.7 1621  0.6 2253  2.7
 9  Th        217 0448  0.7 1113  2.8 1715  0.5 2346  2.8
10  Fr        217 0540  0.6 1203  2.8 1804  0.4 9999  9.9
11  Sa        217 0034  2.9 0628  0.6 1250  2.9 1851  0.4
12  Su        217 0118  2.9 0713  0.6 1334  2.9 1936  0.5
13  Mo        217 0200  2.8 0757  0.6 1416  2.8 2019  0.5
14  Tu        217 0240  2.8 0839  0.6 1457  2.8 2101  0.6
15  We        217 0320  2.7 0922  0.7 1538  2.6 2144  0.8
16  Th        217 0401  2.6 1006  0.8 1620  2.5 2228  0.9
17  Fr        217 0444  2.5 1052  1.0 1706  2.4 2316  1.0
18  Sa        217 0530  2.4 1143  1.0 1758  2.3 9999  9.9
19  Su        217 0009  1.1 0623  2.3 1239  1.1 1855  2.3
20  Mo        217 0107  1.2 0721  2.3 1338  1.1 1957  2.3
21  Tu        217 0208  1.2 0822  2.3 1437  1.1 2058  2.3
22  We        217 0305  1.1 0920  2.3 1531  1.0 2153  2.4
23  Th        217 0357  1.0 1012  2.4 1620  0.9 2243  2.5
24  Fr        217 0443  0.9 1059  2.5 1704  0.8 2327  2.6
25  Sa        217 0526  0.8 1142  2.6 1746  0.7 9999  9.9
26  Su        217 0010  2.7 0607  0.7 1224  2.7 1828  0.6
27  Mo        217 0051  2.8 0648  0.6 1306  2.8 1909  0.5
28  Tu        217 0132  2.8 0730  0.6 1349  2.8 1952  0.5
 1  We        317 0214  2.8 0813  0.6 1433  2.8 2037  0.5
 2  Th        317 0259  2.8 0859  0.6 1520  2.8 2125  0.6
 3  Fr        317 0347  2.7 0949  0.6 1613  2.7 2217  0.7
 4  Sa        317 0440  2.6 1044  0.7 1711  2.6 2316  0.8
 5  Su        317 0540  2.6 1146  0.8 1817  2.5 9999  9.9
 6  Mo        317 0021  0.9 0647  2.5 1254  0.8 1929  2.5
 7  Tu        317 0131  0.9 0758  2.5 1404  0.8 2041  2.5
 8  We        317 0239  0.9 0907  2.5 1510  0.8 2146  2.6
 9  Th        317 0341  0.8 1008  2.6 1609  0.7 2243  2.7
10  Fr        317 0436  0.7 1101  2.7 1701  0.6 2332  2.8
11  Sa        317 0524  0.7 1148  2.8 1747  0.5 9999  9.9
12  Su        317 0015  2.8 0609  0.6 1231  2.8 1830  0.5
13  Mo        317 0055  2.8 0650  0.6 1310  2.8 1911  0.5
14  Tu        317 0132  2.8 0730  0.6 1348  2.8 1950  0.6
15  We        317 0208  2.7 0809  0.7 1425  2.7 2029  0.7
16  Th        317 0244  2.7 0848  0.7 1503  2.6 2108  0.8
17  Fr        317 0321  2.6 0928  0.8 1542  2.5 2149  0.9
18  Sa        317 0401  2.5 1010  0.9 1626  2.4 2234  1.0
19  Su        317 0446  2.4 1058  1.0 1715  2.3 2324  1.1
20  Mo        317 0537  2.3 1152  1.1 1812  2.3 9999  9.9
21  Tu        317 0022  1.2 0637  2.2 1252  1.1 1915  2.3
22  We        317 0125  1.2 0740  2.3 1355  1.1 2019  2.3
23  Th        317 0226  1.1 0841  2.3 1453  1.0 2117  2.4
24  Fr        317 0321  1.0 0936  2.4 1544  0.9 2208  2.5
25  Sa        317 0409  0.9 1026  2.6 1632  0.8 2255  2.6
26  Su        317 0455  0.8 1112  2.7 1717  0.6 2339  2.8
27  Mo        317 0538  0.6 1157  2.8 1800  0.5 9999  9.9
28  Tu        317 0023  2.8 0621  0.5 1241  2.9 1845  0.4
29  We        317 0106  2.9 0706  0.5 1327  3.0 1930  0.4
30  Th        317 0151  2.9 0751  0.4 1414  2.9 2017  0.5
31  Fr        317 0238  2.9 0840  0.5 1504  2.9 2107  0.5
 1  Sa        417 0328  2.8 0932  0.5 1559  2.8 2201  0.7
 2  Su        417 0424  2.7 1029  0.6 1659  2.7 2301  0.8
 3  Mo        417 0526  2.6 1132  0.7 1806  2.6 9999  9.9
 4  Tu        417 0007  0.9 0634  2.5 1240  0.8 1918  2.5
 5  We        417 0117  0.9 0746  2.5 1350  0.8 2028  2.5
 6  Th        417 0225  0.9 0853  2.5 1455  0.8 2131  2.6
 7  Fr        417 0326  0.9 0953  2.6 1552  0.7 2225  2.6
 8  Sa        417 0418  0.8 1044  2.7 1642  0.7 2311  2.7
 9  Su        417 0504  0.7 1129  2.7 1726  0.6 2352  2.7
10  Mo        417 0546  0.7 1208  2.7 1807  0.6 9999  9.9
11  Tu        417 0028  2.7 0625  0.7 1245  2.7 1845  0.7
12  We        417 0102  2.7 0703  0.7 1320  2.7 1922  0.7
13  Th        417 0136  2.7 0740  0.7 1355  2.7 1959  0.8
14  Fr        417 0211  2.6 0817  0.8 1432  2.6 2036  0.8
15  Sa        417 0247  2.5 0855  0.8 1510  2.5 2115  0.9
16  Su        417 0326  2.5 0935  0.9 1553  2.4 2158  1.0
17  Mo        417 0409  2.4 1019  1.0 1640  2.4 2246  1.1
18  Tu        417 0459  2.3 1110  1.1 1735  2.3 2341  1.2
19  We        417 0556  2.3 1209  1.1 1836  2.3 9999  9.9
20  Th        417 0042  1.2 0659  2.3 1311  1.1 1938  2.3
21  Fr        417 0144  1.1 0801  2.3 1411  1.0 2037  2.4
22  Sa        417 0241  1.0 0858  2.4 1506  0.9 2131  2.5
23  Su        417 0333  0.9 0952  2.6 1558  0.7 2220  2.7
24  Mo        417 0422  0.7 1041  2.7 1646  0.6 2308  2.8
25  Tu        417 0509  0.6 1130  2.9 1734  0.5 2354  2.9
26  We        417 0556  0.4 1218  3.0 1821  0.4 9999  9.9
27  Th        417 0041  2.9 0643  0.4 1307  3.0 1909  0.4
28  Fr        417 0129  3.0 0732  0.3 1357  3.0 1959  0.4
29  Sa        417 0219  2.9 0823  0.4 1450  2.9 2051  0.5
30  Su        417 0312  2.8 0916  0.5 1546  2.8 2146  0.6
 1  Mo        517 0409  2.7 1014  0.6 1646  2.7 2246  0.8
 2  Tu        517 0511  2.6 1116  0.7 1751  2.6 2351  0.9
 3  We        517 0617  2.6 1223  0.8 1859  2.6 9999  9.9
 4  Th        517 0058  0.9 0726  2.5 1330  0.8 2006  2.6
 5  Fr        517 0204  0.9 0831  2.5 1433  0.8 2107  2.6
 6  Sa        517 0303  0.9 0930  2.6 1529  0.8 2159  2.6
 7  Su        517 0354  0.8 1020  2.6 1618  0.8 2244  2.6
 8  Mo        517 0440  0.8 1104  2.6 1701  0.8 2324  2.6
 9  Tu        517 0521  0.8 1143  2.6 1741  0.8 2359  2.6
10  We        517 0559  0.7 1219  2.6 1818  0.8 9999  9.9
11  Th        517 0033  2.6 0636  0.7 1254  2.6 1855  0.8
12  Fr        517 0108  2.6 0713  0.7 1330  2.6 1932  0.8
13  Sa        517 0143  2.6 0749  0.8 1406  2.6 2009  0.9
14  Su        517 0220  2.5 0827  0.8 1445  2.5 2048  1.0
15  Mo        517 0258  2.5 0906  0.9 1527  2.5 2129  1.0
16  Tu        517 0341  2.4 0949  1.0 1613  2.4 2214  1.1
17  We        517 0428  2.3 1036  1.0 1703  2.4 2305  1.1
18  Th        517 0521  2.3 1130  1.0 1759  2.3 9999  9.9
19  Fr        517 0001  1.1 0619  2.3 1229  1.0 1858  2.4
20  Sa        517 0102  1.1 0720  2.4 1330  1.0 1956  2.4
21  Su        517 0201  1.0 0820  2.5 1429  0.9 2053  2.5
22  Mo        517 0257  0.9 0918  2.6 1524  0.7 2147  2.7
23  Tu        517 0351  0.7 1012  2.7 1617  0.6 2239  2.8
24  We        517 0442  0.5 1105  2.9 1709  0.5 2329  2.9
25  Th        517 0533  0.4 1158  3.0 1800  0.4 9999  9.9
26  Fr        517 0020  3.0 0624  0.3 1250  3.0 1851  0.4
27  Sa        517 0111  3.0 0715  0.3 1342  3.0 1942  0.4
28  Su        517 0203  3.0 0807  0.3 1436  3.0 2035  0.5
29  Mo        517 0257  2.9 0901  0.4 1531  2.9 2130  0.6
30  Tu        517 0352  2.8 0957  0.5 1629  2.8 2228  0.7
31  We        517 0451  2.7 1056  0.6 1729  2.7 2328  0.8
 1  Th        617 0553  2.6 1158  0.7 1831  2.6 9999  9.9
 2  Fr        617 0031  0.9 0656  2.5 1301  0.8 1933  2.5
 3  Sa        617 0133  0.9 0758  2.5 1401  0.9 2031  2.5
 4  Su        617 0231  0.9 0857  2.5 1457  0.9 2124  2.5
 5  Mo        617 0324  0.9 0949  2.5 1547  0.9 2211  2.5
 6  Tu        617 0411  0.9 1034  2.5 1632  0.9 2252  2.5
 7  We        617 0453  0.8 1115  2.5 1713  0.9 2330  2.5
 8  Th        617 0533  0.8 1153  2.6 1753  0.9 9999  9.9
 9  Fr        617 0006  2.6 0611  0.8 1230  2.6 1831  0.9
10  Sa        617 0043  2.6 0649  0.8 1308  2.6 1908  0.9
11  Su        617 0120  2.5 0726  0.8 1346  2.6 1946  0.9
12  Mo        617 0158  2.5 0804  0.8 1425  2.5 2024  0.9
13  Tu        617 0236  2.5 0842  0.8 1505  2.5 2104  1.0
14  We        617 0317  2.5 0923  0.9 1548  2.5 2146  1.0
15  Th        617 0401  2.4 1007  0.9 1634  2.4 2233  1.0
16  Fr        617 0449  2.4 1057  0.9 1724  2.4 2325  1.0
17  Sa        617 0544  2.4 1153  0.9 1820  2.4 9999  9.9
18  Su        617 0023  1.0 0643  2.4 1253  0.9 1918  2.5
19  Mo        617 0124  0.9 0746  2.5 1354  0.9 2018  2.5
20  Tu        617 0225  0.8 0848  2.6 1455  0.8 2117  2.6
21  We        617 0324  0.7 0948  2.7 1553  0.7 2214  2.7
22  Th        617 0420  0.6 1046  2.8 1648  0.6 2309  2.8
23  Fr        617 0514  0.4 1142  2.9 1742  0.5 9999  9.9
24  Sa        617 0003  2.9 0607  0.3 1235  3.0 1834  0.4
25  Su        617 0055  3.0 0700  0.3 1328  3.0 1926  0.4
26  Mo        617 0147  3.0 0751  0.3 1421  3.0 2018  0.5
27  Tu        617 0240  2.9 0844  0.4 1513  2.9 2111  0.6
28  We        617 0332  2.9 0936  0.5 1606  2.8 2204  0.7
29  Th        617 0426  2.7 1031  0.6 1659  2.7 2259  0.8
30  Fr        617 0521  2.6 1126  0.7 1754  2.6 2356  0.9
 1  Sa        717 0618  2.5 1224  0.9 1850  2.5 9999  9.9
 2  Su        717 0054  0.9 0717  2.4 1322  0.9 1947  2.4
 3  Mo        717 0152  1.0 0815  2.4 1419  1.0 2041  2.4
 4  Tu        717 0247  1.0 0910  2.4 1512  1.0 2132  2.4
 5  We        717 0338  1.0 1000  2.4 1601  1.0 2218  2.4
 6  Th        717 0424  0.9 1046  2.4 1646  1.0 2301  2.5
 7  Fr        717 0507  0.9 1128  2.5 1728  0.9 2341  2.5
 8  Sa        717 0547  0.8 1208  2.5 1807  0.9 9999  9.9
 9  Su        717 0020  2.5 0626  0.8 1247  2.6 1846  0.9
10  Mo        717 0059  2.6 0704  0.8 1326  2.6 1924  0.9
11  Tu        717 0137  2.6 0741  0.7 1404  2.6 2001  0.9
12  We        717 0215  2.6 0819  0.8 1443  2.6 2040  0.9
13  Th        717 0255  2.6 0859  0.8 1524  2.6 2121  0.9
14  Fr        717 0336  2.5 0942  0.8 1606  2.5 2205  0.9
15  Sa        717 0422  2.5 1029  0.8 1654  2.5 2255  0.9
16  Su        717 0514  2.5 1123  0.9 1747  2.5 2352  0.9
17  Mo        717 0613  2.5 1222  0.9 1846  2.5 9999  9.9
18  Tu        717 0054  0.9 0718  2.5 1327  0.9 1950  2.5
19  We        717 0159  0.8 0826  2.5 1432  0.8 2055  2.6
20  Th        717 0302  0.7 0931  2.6 1534  0.8 2157  2.7
21  Fr        717 0403  0.6 1033  2.8 1632  0.7 2255  2.8
22  Sa        717 0500  0.5 1129  2.9 1727  0.6 2349  2.9
23  Su        717 0553  0.4 1223  2.9 1819  0.5 9999  9.9
24  Mo        717 0041  3.0 0644  0.3 1313  3.0 1910  0.5
25  Tu        717 0131  3.0 0734  0.3 1402  3.0 1959  0.5
26  We        717 0220  2.9 0823  0.4 1450  2.9 2047  0.5
27  Th        717 0308  2.9 0911  0.5 1537  2.8 2136  0.6
28  Fr        717 0355  2.8 1000  0.6 1624  2.7 2225  0.8
29  Sa        717 0444  2.6 1050  0.8 1712  2.6 2316  0.9
30  Su        717 0535  2.5 1143  0.9 1803  2.5 9999  9.9
31  Mo        717 0011  1.0 0629  2.4 1238  1.0 1857  2.4
 1  Tu        817 0108  1.0 0727  2.3 1336  1.1 1953  2.3
 2  We        817 0206  1.1 0826  2.3 1433  1.1 2049  2.3
 3  Th        817 0302  1.0 0923  2.3 1528  1.1 2143  2.4
 4  Fr        817 0353  1.0 1014  2.4 1617  1.0 2231  2.4
 5  Sa        817 0439  0.9 1101  2.5 1701  1.0 2315  2.5
 6  Su        817 0521  0.8 1143  2.5 1742  0.9 2356  2.6
 7  Mo        817 0601  0.8 1223  2.6 1821  0.8 9999  9.9
 8  Tu        817 0036  2.6 0640  0.7 1302  2.7 1859  0.8
 9  We        817 0114  2.7 0717  0.7 1340  2.7 1937  0.8
10  Th        817 0153  2.7 0756  0.7 1419  2.7 2015  0.8
11  Fr        817 0232  2.7 0836  0.7 1459  2.7 2056  0.8
12  Sa        817 0314  2.7 0919  0.7 1541  2.6 2141  0.8
13  Su        817 0400  2.6 1006  0.8 1628  2.6 2231  0.8
14  Mo        817 0452  2.6 1059  0.8 1721  2.5 2327  0.9
15  Tu        817 0552  2.5 1200  0.9 1823  2.5 9999  9.9
16  We        817 0032  0.9 0700  2.5 1307  0.9 1931  2.5
17  Th        817 0140  0.9 0812  2.5 1415  0.9 2040  2.5
18  Fr        817 0247  0.8 0921  2.6 1520  0.8 2145  2.6
19  Sa        817 0350  0.7 1023  2.7 1620  0.7 2244  2.7
20  Su        817 0447  0.5 1118  2.8 1714  0.6 2337  2.9
21  Mo        817 0539  0.4 1209  2.9 1804  0.5 9999  9.9
22  Tu        817 0026  2.9 0628  0.4 1256  2.9 1851  0.5
23  We        817 0113  2.9 0714  0.4 1340  2.9 1936  0.5
24  Th        817 0157  2.9 0759  0.4 1422  2.9 2020  0.5
25  Fr        817 0240  2.8 0843  0.5 1504  2.8 2104  0.6
26  Sa        817 0322  2.7 0927  0.7 1546  2.7 2149  0.8
27  Su        817 0406  2.6 1012  0.8 1629  2.5 2236  0.9
28  Mo        817 0452  2.5 1100  1.0 1715  2.4 2326  1.0
29  Tu        817 0543  2.4 1153  1.1 1807  2.3 9999  9.9
30  We        817 0021  1.1 0639  2.3 1251  1.2 1905  2.3
31  Th        817 0121  1.1 0741  2.3 1352  1.2 2006  2.3
 1  Fr        917 0222  1.1 0843  2.3 1451  1.2 2105  2.3
 2  Sa        917 0318  1.0 0939  2.4 1544  1.1 2158  2.4
 3  Su        917 0407  0.9 1029  2.5 1631  1.0 2245  2.5
 4  Mo        917 0451  0.8 1113  2.6 1713  0.9 2328  2.6
 5  Tu        917 0532  0.7 1154  2.6 1753  0.8 9999  9.9
 6  We        917 0008  2.7 0612  0.6 1234  2.7 1831  0.7
 7  Th        917 0048  2.7 0651  0.6 1313  2.8 1911  0.7
 8  Fr        917 0129  2.8 0731  0.6 1353  2.8 1951  0.6
 9  Sa        917 0210  2.8 0813  0.6 1434  2.8 2034  0.6
10  Su        917 0254  2.8 0858  0.6 1518  2.7 2120  0.7
11  Mo        917 0342  2.7 0947  0.7 1608  2.6 2212  0.7
12  Tu        917 0437  2.6 1042  0.8 1704  2.5 2310  0.8
13  We        917 0539  2.5 1144  0.9 1808  2.5 9999  9.9
14  Th        917 0016  0.8 0650  2.5 1253  0.9 1919  2.5
15  Fr        917 0127  0.8 0803  2.5 1403  0.9 2030  2.5
16  Sa        917 0235  0.8 0912  2.6 1509  0.9 2135  2.6
17  Su        917 0338  0.7 1012  2.7 1607  0.8 2233  2.7
18  Mo        917 0433  0.6 1105  2.8 1659  0.7 2323  2.8
19  Tu        917 0523  0.5 1152  2.8 1746  0.6 9999  9.9
20  We        917 0009  2.9 0609  0.5 1234  2.9 1830  0.5
21  Th        917 0052  2.9 0652  0.5 1314  2.8 1912  0.5
22  Fr        917 0132  2.8 0733  0.5 1353  2.8 1952  0.6
23  Sa        917 0211  2.8 0814  0.6 1430  2.7 2033  0.7
24  Su        917 0250  2.7 0854  0.7 1508  2.6 2114  0.8
25  Mo        917 0330  2.6 0936  0.9 1548  2.5 2157  0.9
26  Tu        917 0413  2.5 1020  1.0 1632  2.4 2244  1.0
27  We        917 0501  2.4 1110  1.1 1722  2.3 2336  1.1
28  Th        917 0556  2.3 1206  1.2 1819  2.2 9999  9.9
29  Fr        917 0036  1.1 0658  2.3 1309  1.2 1922  2.2
30  Sa        917 0138  1.1 0801  2.3 1410  1.2 2024  2.3
 1  Su       1017 0237  1.1 0900  2.3 1506  1.1 2120  2.4
 2  Mo       1017 0329  1.0 0952  2.5 1555  1.0 2210  2.5
 3  Tu       1017 0416  0.8 1038  2.6 1639  0.9 2255  2.6
 4  We       1017 0500  0.7 1121  2.7 1721  0.7 2339  2.7
 5  Th       1017 0542  0.6 1203  2.8 1802  0.6 9999  9.9
 6  Fr       1017 0021  2.8 0624  0.5 1245  2.8 1844  0.5
 7  Sa       1017 0105  2.9 0707  0.5 1327  2.8 1928  0.5
 8  Su       1017 0149  2.9 0752  0.5 1412  2.8 2014  0.5
 9  Mo       1017 0237  2.9 0840  0.6 1500  2.8 2103  0.6
10  Tu       1017 0329  2.8 0931  0.7 1552  2.7 2157  0.6
11  We       1017 0426  2.7 1028  0.8 1651  2.6 2257  0.7
12  Th       1017 0530  2.6 1132  0.9 1757  2.5 9999  9.9
13  Fr       1017 0004  0.8 0640  2.5 1240  0.9 1908  2.5
14  Sa       1017 0114  0.8 0751  2.5 1350  0.9 2018  2.5
15  Su       1017 0221  0.8 0858  2.6 1454  0.9 2121  2.6
16  Mo       1017 0322  0.7 0956  2.7 1550  0.8 2217  2.7
17  Tu       1017 0416  0.7 1046  2.7 1640  0.7 2306  2.7
18  We       1017 0504  0.6 1130  2.7 1725  0.6 2349  2.8
19  Th       1017 0547  0.6 1210  2.8 1807  0.6 9999  9.9
20  Fr       1017 0029  2.8 0628  0.6 1247  2.7 1846  0.6
21  Sa       1017 0106  2.8 0707  0.7 1323  2.7 1925  0.6
22  Su       1017 0143  2.7 0745  0.7 1358  2.6 2003  0.7
23  Mo       1017 0220  2.6 0823  0.8 1435  2.6 2042  0.8
24  Tu       1017 0259  2.5 0903  0.9 1513  2.5 2123  0.9
25  We       1017 0340  2.5 0946  1.0 1556  2.4 2207  1.0
26  Th       1017 0427  2.4 1032  1.1 1644  2.3 2256  1.1
27  Fr       1017 0519  2.3 1125  1.2 1739  2.3 2352  1.1
28  Sa       1017 0617  2.3 1225  1.2 1839  2.2 9999  9.9
29  Su       1017 0052  1.1 0718  2.3 1325  1.2 1940  2.3
30  Mo       1017 0152  1.1 0816  2.4 1422  1.1 2038  2.4
31  Tu       1017 0247  1.0 0910  2.5 1514  1.0 2131  2.5
 1  We       1117 0338  0.8 1000  2.6 1602  0.8 2221  2.6
 2  Th       1117 0426  0.7 1047  2.7 1648  0.7 2308  2.8
 3  Fr       1117 0512  0.6 1132  2.8 1734  0.6 2355  2.9
 4  Sa       1117 0558  0.5 1218  2.9 1820  0.5 9999  9.9
 5  Su       1117 0043  2.9 0645  0.5 1304  2.9 1907  0.4
 6  Mo       1117 0132  3.0 0733  0.5 1353  2.9 1956  0.4
 7  Tu       1117 0223  2.9 0824  0.5 1444  2.8 2048  0.5
 8  We       1117 0317  2.9 0917  0.6 1539  2.8 2144  0.5
 9  Th       1117 0415  2.8 1015  0.7 1638  2.7 2244  0.6
10  Fr       1117 0518  2.7 1118  0.8 1743  2.6 2348  0.7
11  Sa       1117 0624  2.6 1224  0.9 1850  2.6 9999  9.9
12  Su       1117 0055  0.8 0731  2.6 1330  0.9 1957  2.5
13  Mo       1117 0201  0.8 0835  2.6 1432  0.9 2100  2.6
14  Tu       1117 0300  0.8 0932  2.6 1528  0.8 2155  2.6
15  We       1117 0353  0.8 1022  2.6 1617  0.8 2243  2.6
16  Th       1117 0440  0.7 1105  2.6 1702  0.7 2326  2.7
17  Fr       1117 0523  0.7 1144  2.6 1743  0.7 9999  9.9
18  Sa       1117 0005  2.7 0603  0.8 1220  2.6 1821  0.7
19  Su       1117 0042  2.6 0641  0.8 1255  2.6 1859  0.7
20  Mo       1117 0118  2.6 0719  0.8 1331  2.6 1937  0.8
21  Tu       1117 0155  2.6 0757  0.9 1407  2.5 2015  0.8
22  We       1117 0233  2.5 0836  0.9 1446  2.5 2054  0.9
23  Th       1117 0314  2.5 0916  1.0 1527  2.4 2136  0.9
24  Fr       1117 0358  2.4 1000  1.1 1612  2.4 2221  1.0
25  Sa       1117 0446  2.4 1048  1.1 1702  2.3 2312  1.0
26  Su       1117 0538  2.3 1142  1.1 1757  2.3 9999  9.9
27  Mo       1117 0007  1.0 0634  2.3 1239  1.1 1856  2.3
28  Tu       1117 0106  1.0 0732  2.4 1337  1.1 1955  2.4
29  We       1117 0204  1.0 0828  2.5 1433  1.0 2052  2.5
30  Th       1117 0259  0.9 0921  2.6 1526  0.8 2147  2.6
 1  Fr       1217 0353  0.7 1014  2.7 1618  0.7 2240  2.8
 2  Sa       1217 0444  0.6 1104  2.8 1709  0.5 2332  2.9
 3  Su       1217 0535  0.5 1155  2.9 1759  0.4 9999  9.9
 4  Mo       1217 0024  3.0 0625  0.5 1245  2.9 1849  0.3
 5  Tu       1217 0116  3.0 0717  0.5 1337  2.9 1941  0.3
 6  We       1217 0210  3.0 0809  0.5 1430  2.9 2034  0.4
 7  Th       1217 0304  2.9 0903  0.6 1525  2.9 2129  0.4
 8  Fr       1217 0401  2.8 0959  0.6 1622  2.8 2227  0.6
 9  Sa       1217 0459  2.8 1058  0.7 1722  2.7 2327  0.7
10  Su       1217 0600  2.7 1200  0.8 1825  2.6 9999  9.9
11  Mo       1217 0030  0.8 0702  2.6 1302  0.9 1928  2.5
12  Tu       1217 0132  0.8 0803  2.5 1403  0.9 2030  2.5
13  We       1217 0231  0.9 0900  2.5 1459  0.9 2126  2.5
14  Th       1217 0325  0.9 0951  2.5 1550  0.9 2217  2.5
15  Fr       1217 0414  0.9 1036  2.5 1636  0.8 2301  2.5
16  Sa       1217 0458  0.9 1117  2.5 1718  0.8 2342  2.6
17  Su       1217 0539  0.9 1154  2.5 1758  0.8 9999  9.9
18  Mo       1217 0019  2.6 0618  0.9 1231  2.6 1836  0.8
19  Tu       1217 0057  2.6 0656  0.9 1308  2.6 1914  0.8
20  We       1217 0134  2.6 0734  0.9 1345  2.5 1952  0.8
21  Th       1217 0212  2.5 0812  0.9 1423  2.5 2030  0.8
22  Fr       1217 0251  2.5 0851  1.0 1502  2.5 2109  0.9
23  Sa       1217 0332  2.5 0931  1.0 1544  2.4 2151  0.9
24  Su       1217 0415  2.4 1014  1.0 1629  2.4 2236  0.9
25  Mo       1217 0502  2.4 1102  1.1 1719  2.4 2327  1.0
26  Tu       1217 0553  2.4 1156  1.1 1814  2.4 9999  9.9
27  We       1217 0024  1.0 0649  2.4 1255  1.0 1915  2.4
28  Th       1217 0124  0.9 0748  2.4 1355  0.9 2017  2.5
29  Fr       1217 0225  0.9 0847  2.5 1455  0.8 2119  2.6
30  Sa       1217 0324  0.8 0945  2.6 1552  0.7 2218  2.7
31  Su       1217 0421  0.7 1042  2.8 1648  0.5 2314  2.8
