017Havelock
Based on data from 17-Aug-2009
Local Std Time, tidal heights in metres.
 1  Mo        118 0144  0.7 0855  3.0 1428  0.5 2059  3.0
 2  Tu        118 0240  0.6 0942  3.2 1515  0.4 2151  3.1
 3  We        118 0332  0.5 1025  3.3 1601  0.4 2240  3.2
 4  Th        118 0420  0.4 1108  3.3 1647  0.4 2327  3.2
 5  Fr        118 0506  0.5 1149  3.3 1733  0.4 9999  9.9
 6  Sa        118 0013  3.1 0550  0.5 1232  3.2 1820  0.6
 7  Su        118 0058  3.0 0633  0.6 1316  3.0 1910  0.7
 8  Mo        118 0142  2.9 0717  0.8 1405  2.8 2002  0.8
 9  Tu        118 0227  2.8 0805  1.0 1459  2.6 2057  1.0
10  We        118 0317  2.6 0901  1.1 1603  2.5 2154  1.0
11  Th        118 0417  2.5 1012  1.2 1710  2.5 2253  1.1
12  Fr        118 0529  2.4 1132  1.2 1813  2.5 2352  1.1
13  Sa        118 0642  2.5 1237  1.1 1910  2.5 9999  9.9
14  Su        118 0050  1.1 0744  2.6 1327  1.0 2003  2.6
15  Mo        118 0144  1.0 0834  2.8 1410  0.9 2052  2.7
16  Tu        118 0234  0.9 0918  2.9 1450  0.8 2138  2.8
17  We        118 0318  0.8 0957  3.0 1527  0.7 2221  2.8
18  Th        118 0358  0.7 1035  3.1 1603  0.6 2300  2.9
19  Fr        118 0434  0.7 1109  3.1 1639  0.6 2337  2.9
20  Sa        118 0508  0.6 1142  3.1 1716  0.6 9999  9.9
21  Su        118 0010  2.9 0542  0.6 1214  3.1 1754  0.6
22  Mo        118 0040  2.9 0618  0.6 1247  3.0 1834  0.6
23  Tu        118 0110  2.8 0656  0.7 1323  2.9 1918  0.7
24  We        118 0143  2.8 0740  0.8 1406  2.8 2006  0.8
25  Th        118 0222  2.7 0833  0.9 1458  2.7 2100  0.8
26  Fr        118 0311  2.6 0939  1.0 1606  2.6 2201  0.9
27  Sa        118 0427  2.5 1058  1.0 1724  2.6 2307  0.9
28  Su        118 0621  2.5 1214  0.9 1839  2.7 9999  9.9
29  Mo        118 0017  0.9 0740  2.7 1317  0.8 1945  2.8
30  Tu        118 0125  0.8 0838  2.9 1411  0.6 2044  2.9
31  We        118 0226  0.7 0926  3.1 1500  0.5 2138  3.1
 1  Th        218 0320  0.6 1010  3.3 1547  0.4 2228  3.2
 2  Fr        218 0408  0.5 1051  3.3 1632  0.4 2313  3.2
 3  Sa        218 0451  0.4 1131  3.3 1716  0.4 2355  3.2
 4  Su        218 0531  0.5 1211  3.2 1759  0.5 9999  9.9
 5  Mo        218 0036  3.1 0610  0.6 1252  3.1 1843  0.6
 6  Tu        218 0115  3.0 0650  0.7 1334  2.9 1927  0.8
 7  We        218 0155  2.8 0732  0.9 1420  2.7 2013  0.9
 8  Th        218 0237  2.7 0819  1.0 1514  2.5 2103  1.0
 9  Fr        218 0327  2.5 0919  1.2 1618  2.4 2159  1.1
10  Sa        218 0437  2.4 1038  1.3 1729  2.3 2305  1.2
11  Su        218 0603  2.4 1159  1.2 1837  2.4 9999  9.9
12  Mo        218 0016  1.2 0715  2.5 1300  1.1 1938  2.5
13  Tu        218 0122  1.1 0811  2.7 1348  1.0 2033  2.6
14  We        218 0218  1.0 0856  2.9 1430  0.8 2122  2.7
15  Th        218 0304  0.8 0937  3.0 1508  0.7 2205  2.8
16  Fr        218 0342  0.7 1013  3.1 1544  0.6 2243  2.9
17  Sa        218 0416  0.6 1048  3.2 1619  0.5 2318  3.0
18  Su        218 0448  0.5 1120  3.2 1655  0.5 2349  3.0
19  Mo        218 0521  0.5 1152  3.2 1732  0.5 9999  9.9
20  Tu        218 0018  3.0 0556  0.5 1224  3.1 1811  0.5
21  We        218 0047  3.0 0634  0.6 1300  3.0 1853  0.6
22  Th        218 0120  2.9 0716  0.7 1342  2.9 1939  0.6
23  Fr        218 0158  2.8 0807  0.8 1431  2.8 2030  0.8
24  Sa        218 0245  2.7 0910  1.0 1534  2.6 2128  0.9
25  Su        218 0356  2.5 1029  1.0 1652  2.5 2238  1.0
26  Mo        218 0557  2.5 1152  1.0 1815  2.6 2356  1.0
27  Tu        218 0723  2.7 1300  0.8 1929  2.7 9999  9.9
28  We        218 0112  0.9 0822  2.9 1356  0.7 2032  2.8
 1  Th        318 0218  0.8 0910  3.1 1445  0.5 2125  3.0
 2  Fr        318 0310  0.6 0952  3.3 1530  0.4 2212  3.1
 3  Sa        318 0353  0.5 1031  3.3 1613  0.4 2254  3.2
 4  Su        318 0431  0.4 1109  3.3 1654  0.4 2333  3.2
 5  Mo        318 0508  0.4 1147  3.2 1733  0.5 9999  9.9
 6  Tu        318 0010  3.2 0544  0.5 1225  3.1 1813  0.6
 7  We        318 0046  3.1 0621  0.6 1303  2.9 1852  0.7
 8  Th        318 0122  2.9 0658  0.8 1344  2.7 1933  0.8
 9  Fr        318 0159  2.7 0741  1.0 1429  2.5 2017  1.0
10  Sa        318 0242  2.6 0832  1.2 1526  2.4 2108  1.2
11  Su        318 0343  2.4 0945  1.3 1642  2.3 2215  1.3
12  Mo        318 0521  2.3 1116  1.3 1801  2.3 2338  1.3
13  Tu        318 0644  2.4 1229  1.2 1912  2.4 9999  9.9
14  We        318 0059  1.2 0744  2.6 1321  1.0 2011  2.5
15  Th        318 0159  1.0 0831  2.8 1405  0.9 2101  2.7
16  Fr        318 0244  0.9 0911  3.0 1443  0.7 2143  2.9
17  Sa        318 0320  0.7 0948  3.1 1519  0.6 2220  3.0
18  Su        318 0352  0.5 1022  3.2 1555  0.5 2254  3.1
19  Mo        318 0425  0.4 1055  3.3 1632  0.4 2325  3.1
20  Tu        318 0458  0.4 1128  3.2 1709  0.4 2355  3.1
21  We        318 0534  0.4 1203  3.2 1749  0.4 9999  9.9
22  Th        318 0027  3.1 0613  0.5 1241  3.1 1831  0.5
23  Fr        318 0101  3.0 0656  0.6 1323  2.9 1916  0.6
24  Sa        318 0140  2.9 0746  0.8 1413  2.8 2005  0.8
25  Su        318 0229  2.7 0849  1.0 1514  2.6 2104  0.9
26  Mo        318 0343  2.5 1009  1.1 1631  2.5 2215  1.1
27  Tu        318 0542  2.5 1136  1.0 1757  2.5 2340  1.1
28  We        318 0706  2.7 1246  0.9 1914  2.6 9999  9.9
29  Th        318 0105  1.0 0803  2.9 1340  0.7 2017  2.8
30  Fr        318 0208  0.8 0849  3.1 1427  0.6 2108  3.0
31  Sa        318 0254  0.7 0929  3.2 1510  0.5 2152  3.1
 1  Su        418 0332  0.5 1007  3.3 1550  0.4 2231  3.2
 2  Mo        418 0408  0.5 1044  3.3 1628  0.4 2308  3.2
 3  Tu        418 0442  0.5 1121  3.2 1706  0.5 2344  3.2
 4  We        418 0517  0.5 1158  3.1 1743  0.6 9999  9.9
 5  Th        418 0018  3.1 0552  0.6 1235  2.9 1820  0.7
 6  Fr        418 0053  3.0 0628  0.8 1313  2.7 1858  0.8
 7  Sa        418 0127  2.8 0708  0.9 1353  2.5 1939  1.0
 8  Su        418 0205  2.6 0755  1.1 1441  2.4 2026  1.1
 9  Mo        418 0256  2.4 0900  1.2 1550  2.2 2127  1.3
10  Tu        418 0432  2.3 1027  1.3 1718  2.2 2253  1.3
11  We        418 0605  2.4 1147  1.2 1837  2.3 9999  9.9
12  Th        418 0025  1.2 0709  2.6 1245  1.1 1941  2.5
13  Fr        418 0129  1.1 0758  2.8 1330  0.9 2032  2.7
14  Sa        418 0213  0.9 0839  3.0 1411  0.7 2115  2.8
15  Su        418 0251  0.7 0918  3.1 1450  0.6 2153  3.0
16  Mo        418 0325  0.5 0954  3.2 1528  0.5 2228  3.1
17  Tu        418 0359  0.4 1029  3.3 1607  0.4 2301  3.2
18  We        418 0435  0.3 1106  3.3 1647  0.4 2335  3.2
19  Th        418 0513  0.3 1144  3.2 1729  0.4 9999  9.9
20  Fr        418 0009  3.2 0554  0.4 1225  3.1 1812  0.5
21  Sa        418 0047  3.1 0639  0.6 1310  2.9 1857  0.6
22  Su        418 0129  2.9 0731  0.8 1402  2.8 1947  0.8
23  Mo        418 0222  2.7 0834  1.0 1502  2.6 2045  1.0
24  Tu        418 0338  2.5 0954  1.1 1615  2.5 2156  1.1
25  We        418 0523  2.5 1120  1.0 1736  2.5 2327  1.2
26  Th        418 0642  2.6 1226  0.9 1852  2.6 9999  9.9
27  Fr        418 0054  1.0 0738  2.8 1318  0.8 1955  2.7
28  Sa        418 0151  0.9 0823  3.0 1403  0.7 2046  2.9
29  Su        418 0232  0.7 0903  3.1 1444  0.6 2128  3.0
30  Mo        418 0308  0.6 0942  3.1 1524  0.5 2207  3.1
 1  Tu        518 0342  0.5 1019  3.1 1602  0.5 2243  3.2
 2  We        518 0416  0.5 1056  3.1 1639  0.5 2319  3.2
 3  Th        518 0451  0.5 1134  3.0 1716  0.6 2354  3.1
 4  Fr        518 0526  0.6 1211  2.9 1753  0.7 9999  9.9
 5  Sa        518 0028  3.0 0602  0.7 1249  2.7 1830  0.8
 6  Su        518 0102  2.8 0641  0.9 1328  2.6 1909  0.9
 7  Mo        518 0139  2.7 0727  1.0 1410  2.4 1953  1.1
 8  Tu        518 0223  2.5 0824  1.2 1502  2.3 2047  1.2
 9  We        518 0336  2.4 0936  1.2 1618  2.2 2201  1.3
10  Th        518 0514  2.4 1052  1.2 1746  2.3 2333  1.2
11  Fr        518 0624  2.5 1155  1.1 1858  2.4 9999  9.9
12  Sa        518 0045  1.1 0717  2.7 1246  0.9 1955  2.6
13  Su        518 0135  0.9 0803  2.9 1333  0.8 2042  2.8
14  Mo        518 0217  0.7 0845  3.0 1417  0.6 2124  3.0
15  Tu        518 0256  0.5 0925  3.1 1501  0.5 2202  3.1
16  We        518 0335  0.4 1005  3.2 1544  0.4 2240  3.2
17  Th        518 0414  0.3 1046  3.2 1628  0.4 2317  3.3
18  Fr        518 0455  0.3 1129  3.2 1711  0.4 2355  3.2
19  Sa        518 0538  0.4 1214  3.1 1756  0.5 9999  9.9
20  Su        518 0036  3.1 0625  0.6 1301  3.0 1843  0.6
21  Mo        518 0121  3.0 0718  0.7 1353  2.8 1932  0.8
22  Tu        518 0215  2.8 0821  0.9 1449  2.7 2028  1.0
23  We        518 0326  2.6 0935  1.0 1554  2.5 2137  1.1
24  Th        518 0453  2.6 1052  1.0 1707  2.5 2304  1.2
25  Fr        518 0608  2.6 1155  1.0 1821  2.5 9999  9.9
26  Sa        518 0028  1.1 0706  2.7 1247  0.9 1926  2.7
27  Su        518 0123  1.0 0753  2.8 1333  0.8 2019  2.8
28  Mo        518 0205  0.8 0836  2.9 1417  0.7 2103  2.9
29  Tu        518 0242  0.7 0916  3.0 1458  0.7 2143  3.0
30  We        518 0317  0.6 0956  3.0 1538  0.6 2221  3.1
31  Th        518 0352  0.6 1036  3.0 1617  0.6 2257  3.1
 1  Fr        618 0428  0.6 1115  2.9 1654  0.6 2333  3.1
 2  Sa        618 0503  0.6 1154  2.8 1731  0.7 9999  9.9
 3  Su        618 0008  3.0 0541  0.7 1232  2.7 1808  0.8
 4  Mo        618 0042  2.9 0620  0.8 1309  2.6 1846  0.9
 5  Tu        618 0117  2.8 0704  0.9 1346  2.5 1927  1.0
 6  We        618 0157  2.6 0754  1.0 1425  2.5 2014  1.1
 7  Th        618 0249  2.5 0852  1.1 1512  2.4 2114  1.2
 8  Fr        618 0405  2.5 0956  1.1 1623  2.3 2232  1.2
 9  Sa        618 0525  2.5 1059  1.0 1757  2.4 2352  1.1
10  Su        618 0629  2.6 1158  0.9 1910  2.5 9999  9.9
11  Mo        618 0054  0.9 0722  2.8 1253  0.8 2008  2.7
12  Tu        618 0144  0.7 0811  2.9 1345  0.7 2056  2.9
13  We        618 0229  0.6 0858  3.0 1435  0.6 2140  3.1
14  Th        618 0312  0.4 0944  3.1 1524  0.5 2221  3.2
15  Fr        618 0355  0.4 1031  3.2 1611  0.4 2302  3.3
16  Sa        618 0439  0.4 1117  3.2 1658  0.4 2343  3.3
17  Su        618 0525  0.4 1204  3.1 1743  0.5 9999  9.9
18  Mo        618 0026  3.2 0613  0.5 1252  3.0 1829  0.6
19  Tu        618 0111  3.0 0705  0.7 1340  2.9 1917  0.7
20  We        618 0203  2.9 0803  0.8 1430  2.8 2009  0.9
21  Th        618 0303  2.7 0906  0.9 1526  2.6 2109  1.1
22  Fr        618 0415  2.6 1012  1.0 1629  2.5 2225  1.2
23  Sa        618 0526  2.6 1113  1.0 1741  2.5 2347  1.2
24  Su        618 0627  2.6 1208  1.0 1851  2.5 9999  9.9
25  Mo        618 0049  1.1 0720  2.7 1300  1.0 1950  2.7
26  Tu        618 0136  0.9 0808  2.7 1349  0.9 2039  2.8
27  We        618 0217  0.8 0854  2.8 1435  0.8 2122  2.9
28  Th        618 0255  0.7 0937  2.8 1519  0.8 2201  3.0
29  Fr        618 0332  0.7 1020  2.9 1559  0.7 2238  3.1
30  Sa        618 0408  0.6 1101  2.9 1637  0.7 2315  3.1
 1  Su        718 0445  0.6 1140  2.8 1714  0.7 2349  3.1
 2  Mo        718 0522  0.7 1217  2.8 1749  0.7 9999  9.9
 3  Tu        718 0023  3.0 0600  0.7 1251  2.7 1825  0.8
 4  We        718 0056  2.9 0641  0.8 1322  2.7 1903  0.8
 5  Th        718 0132  2.8 0725  0.8 1354  2.6 1945  0.9
 6  Fr        718 0213  2.7 0814  0.9 1430  2.6 2036  1.0
 7  Sa        718 0307  2.6 0909  0.9 1517  2.5 2142  1.1
 8  Su        718 0416  2.5 1008  1.0 1629  2.4 2300  1.1
 9  Mo        718 0533  2.6 1111  0.9 1819  2.5 9999  9.9
10  Tu        718 0013  1.0 0641  2.7 1215  0.9 1935  2.7
11  We        718 0113  0.8 0740  2.8 1317  0.8 2033  2.9
12  Th        718 0205  0.6 0836  2.9 1415  0.7 2121  3.1
13  Fr        718 0253  0.5 0928  3.0 1509  0.6 2205  3.2
14  Sa        718 0339  0.4 1019  3.1 1559  0.5 2248  3.3
15  Su        718 0425  0.4 1107  3.2 1645  0.4 2329  3.3
16  Mo        718 0512  0.4 1153  3.2 1730  0.4 9999  9.9
17  Tu        718 0011  3.3 0559  0.5 1237  3.1 1813  0.5
18  We        718 0055  3.1 0647  0.6 1321  3.0 1857  0.7
19  Th        718 0141  2.9 0737  0.7 1405  2.9 1943  0.8
20  Fr        718 0232  2.8 0830  0.9 1452  2.7 2035  1.0
21  Sa        718 0332  2.6 0925  1.0 1546  2.5 2139  1.2
22  Su        718 0438  2.5 1024  1.1 1655  2.4 2258  1.2
23  Mo        718 0544  2.4 1124  1.1 1812  2.4 9999  9.9
24  Tu        718 0012  1.2 0646  2.5 1226  1.1 1921  2.5
25  We        718 0108  1.1 0742  2.5 1324  1.1 2016  2.7
26  Th        718 0154  1.0 0834  2.6 1418  1.0 2101  2.9
27  Fr        718 0235  0.8 0922  2.7 1505  0.9 2142  3.0
28  Sa        718 0314  0.7 1006  2.8 1546  0.8 2220  3.1
29  Su        718 0351  0.7 1047  2.9 1622  0.7 2256  3.1
30  Mo        718 0427  0.6 1124  2.9 1656  0.6 2330  3.1
31  Tu        718 0503  0.6 1158  2.9 1729  0.6 9999  9.9
 1  We        818 0002  3.1 0539  0.6 1229  2.9 1803  0.6
 2  Th        818 0033  3.0 0617  0.6 1257  2.8 1838  0.7
 3  Fr        818 0106  2.9 0658  0.7 1326  2.8 1918  0.8
 4  Sa        818 0143  2.8 0742  0.7 1359  2.7 2005  0.9
 5  Su        818 0229  2.7 0831  0.8 1440  2.6 2103  1.0
 6  Mo        818 0327  2.6 0927  0.9 1537  2.5 2218  1.1
 7  Tu        818 0441  2.5 1031  1.0 1727  2.5 2339  1.0
 8  We        818 0603  2.6 1142  1.0 1909  2.6 9999  9.9
 9  Th        818 0048  0.9 0715  2.7 1254  0.9 2014  2.8
10  Fr        818 0146  0.7 0819  2.8 1400  0.8 2104  3.1
11  Sa        818 0237  0.5 0915  3.0 1457  0.6 2149  3.2
12  Su        818 0325  0.4 1006  3.1 1547  0.5 2231  3.4
13  Mo        818 0411  0.4 1053  3.2 1631  0.4 2312  3.4
14  Tu        818 0455  0.4 1136  3.3 1713  0.4 2352  3.3
15  We        818 0539  0.4 1217  3.2 1752  0.5 9999  9.9
16  Th        818 0032  3.2 0623  0.5 1256  3.1 1832  0.6
17  Fr        818 0114  3.0 0707  0.7 1336  3.0 1913  0.8
18  Sa        818 0159  2.8 0752  0.8 1417  2.8 1958  1.0
19  Su        818 0249  2.6 0839  1.0 1503  2.6 2053  1.1
20  Mo        818 0349  2.4 0933  1.1 1606  2.4 2206  1.3
21  Tu        818 0459  2.3 1037  1.2 1731  2.3 2333  1.3
22  We        818 0611  2.3 1150  1.3 1851  2.4 9999  9.9
23  Th        818 0041  1.2 0717  2.4 1303  1.2 1952  2.6
24  Fr        818 0132  1.0 0816  2.5 1404  1.1 2040  2.8
25  Sa        818 0216  0.9 0906  2.7 1452  0.9 2121  3.0
26  Su        818 0255  0.8 0950  2.8 1530  0.8 2158  3.1
27  Mo        818 0331  0.7 1029  2.9 1604  0.6 2233  3.2
28  Tu        818 0406  0.6 1104  3.0 1636  0.6 2306  3.2
29  We        818 0440  0.5 1136  3.0 1707  0.5 2338  3.2
30  Th        818 0516  0.5 1205  3.0 1739  0.5 9999  9.9
31  Fr        818 0009  3.1 0552  0.5 1232  3.0 1814  0.5
 1  Sa        918 0041  3.0 0632  0.6 1301  2.9 1853  0.6
 2  Su        918 0118  2.9 0714  0.6 1334  2.8 1938  0.8
 3  Mo        918 0202  2.8 0801  0.7 1414  2.7 2035  0.9
 4  Tu        918 0257  2.6 0854  0.9 1509  2.6 2148  1.1
 5  We        918 0407  2.5 0959  1.0 1655  2.4 2313  1.1
 6  Th        918 0534  2.5 1116  1.1 1849  2.6 9999  9.9
 7  Fr        918 0029  0.9 0656  2.6 1238  1.0 1956  2.8
 8  Sa        918 0130  0.7 0804  2.8 1350  0.8 2047  3.0
 9  Su        918 0222  0.6 0902  3.0 1447  0.6 2130  3.2
10  Mo        918 0308  0.4 0951  3.1 1533  0.5 2211  3.3
11  Tu        918 0352  0.4 1034  3.2 1613  0.4 2250  3.4
12  We        918 0434  0.4 1114  3.3 1651  0.4 2328  3.3
13  Th        918 0515  0.4 1152  3.3 1728  0.4 9999  9.9
14  Fr        918 0007  3.2 0555  0.5 1229  3.2 1804  0.6
15  Sa        918 0046  3.0 0635  0.6 1306  3.0 1842  0.7
16  Su        918 0126  2.8 0715  0.8 1343  2.8 1923  0.9
17  Mo        918 0211  2.6 0758  1.0 1424  2.6 2012  1.1
18  Tu        918 0304  2.4 0847  1.1 1519  2.4 2118  1.3
19  We        918 0413  2.3 0949  1.3 1648  2.3 2249  1.3
20  Th        918 0534  2.2 1111  1.3 1818  2.4 9999  9.9
21  Fr        918 0009  1.2 0649  2.3 1239  1.3 1923  2.6
22  Sa        918 0106  1.1 0752  2.5 1344  1.1 2013  2.8
23  Su        918 0150  0.9 0844  2.6 1431  0.9 2054  3.0
24  Mo        918 0229  0.8 0928  2.8 1508  0.7 2132  3.1
25  Tu        918 0305  0.6 1006  3.0 1540  0.6 2207  3.2
26  We        918 0340  0.5 1040  3.1 1611  0.5 2240  3.2
27  Th        918 0415  0.5 1111  3.1 1642  0.4 2313  3.2
28  Fr        918 0451  0.4 1141  3.1 1716  0.4 2345  3.2
29  Sa        918 0529  0.4 1210  3.1 1752  0.5 9999  9.9
30  Su        918 0020  3.1 0608  0.5 1240  3.0 1832  0.6
 1  Mo       1018 0059  2.9 0651  0.6 1316  2.9 1918  0.7
 2  Tu       1018 0144  2.8 0737  0.7 1358  2.8 2015  0.9
 3  We       1018 0239  2.6 0831  0.9 1457  2.6 2128  1.0
 4  Th       1018 0348  2.5 0936  1.0 1643  2.5 2255  1.1
 5  Fr       1018 0514  2.5 1058  1.1 1829  2.6 9999  9.9
 6  Sa       1018 0012  0.9 0638  2.6 1227  1.1 1935  2.8
 7  Su       1018 0112  0.8 0748  2.7 1340  0.9 2025  3.0
 8  Mo       1018 0202  0.6 0844  2.9 1431  0.7 2108  3.2
 9  Tu       1018 0247  0.5 0931  3.1 1513  0.5 2147  3.3
10  We       1018 0329  0.4 1012  3.2 1550  0.4 2226  3.3
11  Th       1018 0410  0.4 1050  3.3 1626  0.4 2303  3.2
12  Fr       1018 0448  0.4 1127  3.2 1701  0.5 2341  3.1
13  Sa       1018 0527  0.5 1203  3.2 1737  0.6 9999  9.9
14  Su       1018 0019  3.0 0605  0.6 1238  3.0 1813  0.7
15  Mo       1018 0058  2.8 0643  0.8 1314  2.9 1853  0.9
16  Tu       1018 0140  2.6 0723  0.9 1352  2.7 1939  1.1
17  We       1018 0227  2.4 0808  1.1 1441  2.5 2038  1.2
18  Th       1018 0329  2.3 0905  1.3 1602  2.3 2201  1.3
19  Fr       1018 0450  2.2 1026  1.3 1737  2.4 2326  1.2
20  Sa       1018 0611  2.3 1203  1.3 1846  2.5 9999  9.9
21  Su       1018 0027  1.1 0719  2.4 1312  1.1 1938  2.7
22  Mo       1018 0114  1.0 0814  2.6 1359  0.9 2022  2.9
23  Tu       1018 0155  0.8 0859  2.8 1437  0.7 2101  3.0
24  We       1018 0234  0.7 0938  2.9 1511  0.6 2138  3.1
25  Th       1018 0311  0.6 1013  3.1 1544  0.5 2213  3.2
26  Fr       1018 0349  0.5 1046  3.1 1618  0.4 2248  3.2
27  Sa       1018 0428  0.4 1118  3.2 1654  0.4 2325  3.2
28  Su       1018 0507  0.4 1151  3.2 1732  0.4 9999  9.9
29  Mo       1018 0004  3.1 0549  0.5 1226  3.1 1815  0.5
30  Tu       1018 0046  3.0 0633  0.6 1305  3.0 1903  0.7
31  We       1018 0134  2.8 0720  0.7 1351  2.8 2001  0.9
 1  Th       1118 0229  2.7 0814  0.9 1454  2.6 2113  1.0
 2  Fr       1118 0335  2.5 0919  1.1 1631  2.5 2236  1.0
 3  Sa       1118 0454  2.5 1041  1.1 1804  2.6 2351  0.9
 4  Su       1118 0615  2.5 1213  1.1 1908  2.8 9999  9.9
 5  Mo       1118 0048  0.8 0724  2.7 1321  0.9 1958  2.9
 6  Tu       1118 0138  0.7 0821  2.9 1409  0.7 2041  3.1
 7  We       1118 0222  0.6 0907  3.0 1449  0.6 2122  3.1
 8  Th       1118 0304  0.5 0948  3.1 1525  0.5 2201  3.1
 9  Fr       1118 0344  0.5 1027  3.2 1600  0.5 2240  3.1
10  Sa       1118 0423  0.5 1103  3.2 1636  0.5 2318  3.0
11  Su       1118 0501  0.6 1139  3.1 1711  0.6 2357  2.9
12  Mo       1118 0539  0.7 1214  3.0 1748  0.7 9999  9.9
13  Tu       1118 0037  2.8 0617  0.8 1250  2.9 1828  0.8
14  We       1118 0117  2.6 0656  0.9 1328  2.7 1912  1.0
15  Th       1118 0200  2.5 0738  1.0 1412  2.6 2006  1.1
16  Fr       1118 0250  2.4 0829  1.2 1515  2.4 2113  1.2
17  Sa       1118 0355  2.3 0936  1.3 1645  2.4 2228  1.2
18  Su       1118 0517  2.3 1106  1.3 1759  2.5 2333  1.1
19  Mo       1118 0633  2.4 1225  1.2 1856  2.6 9999  9.9
20  Tu       1118 0026  1.0 0734  2.5 1319  1.0 1944  2.8
21  We       1118 0114  0.9 0825  2.7 1401  0.8 2026  2.9
22  Th       1118 0158  0.7 0908  2.9 1440  0.6 2107  3.0
23  Fr       1118 0241  0.6 0946  3.0 1517  0.5 2147  3.1
24  Sa       1118 0324  0.5 1023  3.2 1555  0.4 2227  3.1
25  Su       1118 0407  0.4 1059  3.2 1635  0.4 2309  3.1
26  Mo       1118 0450  0.4 1136  3.2 1716  0.4 2352  3.1
27  Tu       1118 0534  0.5 1215  3.1 1802  0.5 9999  9.9
28  We       1118 0038  3.0 0619  0.6 1257  3.0 1852  0.7
29  Th       1118 0127  2.9 0707  0.7 1346  2.9 1949  0.8
30  Fr       1118 0220  2.8 0800  0.9 1448  2.7 2057  0.9
 1  Sa       1218 0319  2.6 0901  1.0 1608  2.6 2211  1.0
 2  Su       1218 0427  2.5 1018  1.1 1729  2.6 2319  0.9
 3  Mo       1218 0543  2.5 1146  1.1 1834  2.7 9999  9.9
 4  Tu       1218 0017  0.9 0654  2.6 1254  1.0 1927  2.8
 5  We       1218 0107  0.8 0754  2.8 1343  0.9 2014  2.9
 6  Th       1218 0154  0.8 0843  2.9 1423  0.7 2057  2.9
 7  Fr       1218 0239  0.7 0926  3.0 1501  0.7 2139  3.0
 8  Sa       1218 0321  0.7 1005  3.1 1537  0.6 2220  3.0
 9  Su       1218 0402  0.6 1042  3.1 1613  0.6 2300  2.9
10  Mo       1218 0441  0.7 1119  3.1 1650  0.6 2341  2.9
11  Tu       1218 0518  0.7 1155  3.0 1728  0.7 9999  9.9
12  We       1218 0020  2.8 0556  0.7 1230  2.9 1807  0.8
13  Th       1218 0059  2.7 0633  0.8 1307  2.8 1849  0.9
14  Fr       1218 0137  2.6 0713  0.9 1346  2.7 1937  1.0
15  Sa       1218 0215  2.5 0757  1.0 1433  2.6 2031  1.1
16  Su       1218 0257  2.4 0851  1.1 1538  2.5 2130  1.1
17  Mo       1218 0354  2.3 1002  1.2 1656  2.5 2232  1.1
18  Tu       1218 0523  2.3 1124  1.2 1803  2.5 2332  1.0
19  We       1218 0645  2.4 1231  1.0 1900  2.7 9999  9.9
20  Th       1218 0028  0.9 0747  2.6 1324  0.9 1950  2.8
21  Fr       1218 0122  0.8 0838  2.8 1409  0.7 2038  2.9
22  Sa       1218 0213  0.7 0922  3.0 1453  0.5 2125  3.0
23  Su       1218 0302  0.6 1003  3.2 1535  0.4 2211  3.1
24  Mo       1218 0350  0.5 1043  3.2 1618  0.4 2257  3.1
25  Tu       1218 0436  0.4 1123  3.3 1703  0.4 2343  3.1
26  We       1218 0522  0.4 1205  3.2 1750  0.5 9999  9.9
27  Th       1218 0029  3.1 0607  0.5 1248  3.1 1840  0.6
28  Fr       1218 0116  3.0 0653  0.6 1336  3.0 1934  0.7
29  Sa       1218 0204  2.9 0743  0.8 1431  2.8 2033  0.8
30  Su       1218 0255  2.7 0838  1.0 1536  2.7 2136  0.9
31  Mo       1218 0354  2.6 0946  1.1 1648  2.6 2238  1.0
