028Dunedin
Based on data from  1-Jan-2008
Local Std Time, tidal heights in metres.
 1  Mo        118 0233  2.3 0929  0.0 1459  2.2 2152  0.0
 2  Tu        118 0328  2.3 1024  0.0 1552  2.3 2246 -0.1
 3  We        118 0422  2.4 1117  0.0 1646  2.3 2341 -0.1
 4  Th        118 0517  2.4 1211  0.0 1740  2.2 9999  9.9
 5  Fr        118 0035 -0.1 0612  2.3 1304  0.0 1836  2.2
 6  Sa        118 0130  0.0 0707  2.2 1359  0.0 1933  2.1
 7  Su        118 0224  0.0 0804  2.2 1454  0.1 2032  2.1
 8  Mo        118 0319  0.1 0902  2.1 1550  0.2 2132  2.0
 9  Tu        118 0415  0.2 1000  2.0 1645  0.2 2229  2.0
10  We        118 0510  0.2 1057  1.9 1739  0.3 2325  2.0
11  Th        118 0604  0.3 1151  1.9 1830  0.3 9999  9.9
12  Fr        118 0016  1.9 0656  0.3 1241  1.9 1919  0.3
13  Sa        118 0105  1.9 0746  0.3 1328  1.9 2005  0.3
14  Su        118 0150  1.9 0832  0.3 1411  1.9 2049  0.3
15  Mo        118 0233  1.9 0916  0.3 1451  1.9 2131  0.3
16  Tu        118 0314  2.0 0957  0.3 1530  1.9 2213  0.3
17  We        118 0353  2.0 1037  0.3 1607  1.9 2253  0.3
18  Th        118 0431  2.0 1117  0.3 1645  1.9 2334  0.3
19  Fr        118 0509  2.0 1157  0.3 1723  1.9 9999  9.9
20  Sa        118 0014  0.3 0548  1.9 1237  0.4 1804  1.9
21  Su        118 0056  0.3 0629  1.9 1319  0.4 1848  1.9
22  Mo        118 0140  0.3 0713  1.9 1405  0.4 1935  1.9
23  Tu        118 0226  0.4 0801  1.9 1454  0.4 2027  1.9
24  We        118 0317  0.4 0854  1.9 1547  0.4 2123  1.9
25  Th        118 0413  0.4 0951  1.9 1645  0.4 2222  1.9
26  Fr        118 0513  0.4 1052  1.9 1744  0.3 2322  2.0
27  Sa        118 0616  0.3 1152  2.0 1844  0.2 9999  9.9
28  Su        118 0021  2.1 0717  0.2 1251  2.1 1942  0.1
29  Mo        118 0120  2.2 0816  0.1 1347  2.2 2039  0.0
30  Tu        118 0216  2.3 0912  0.0 1441  2.2 2134  0.0
31  We        118 0311  2.3 1005  0.0 1534  2.3 2228 -0.1
 1  Th        218 0404  2.4 1057 -0.1 1627  2.3 2321 -0.1
 2  Fr        218 0457  2.3 1149  0.0 1720  2.3 9999  9.9
 3  Sa        218 0014 -0.1 0550  2.3 1240  0.0 1813  2.2
 4  Su        218 0105  0.0 0642  2.2 1332  0.1 1908  2.1
 5  Mo        218 0157  0.1 0736  2.1 1424  0.2 2003  2.0
 6  Tu        218 0250  0.2 0831  2.0 1517  0.2 2100  2.0
 7  We        218 0342  0.3 0927  1.9 1611  0.3 2157  1.9
 8  Th        218 0436  0.3 1024  1.9 1704  0.3 2253  1.9
 9  Fr        218 0531  0.4 1120  1.8 1756  0.4 2346  1.9
10  Sa        218 0624  0.4 1212  1.8 1846  0.4 9999  9.9
11  Su        218 0036  1.9 0714  0.4 1259  1.8 1933  0.4
12  Mo        218 0122  1.9 0801  0.4 1343  1.9 2019  0.3
13  Tu        218 0205  1.9 0846  0.3 1423  1.9 2102  0.3
14  We        218 0245  1.9 0928  0.3 1501  1.9 2144  0.3
15  Th        218 0323  2.0 1008  0.3 1538  1.9 2225  0.3
16  Fr        218 0401  2.0 1048  0.3 1616  1.9 2306  0.2
17  Sa        218 0439  2.0 1128  0.3 1655  2.0 2348  0.3
18  Su        218 0519  2.0 1209  0.3 1737  2.0 9999  9.9
19  Mo        218 0030  0.3 0601  2.0 1252  0.3 1821  2.0
20  Tu        218 0115  0.3 0646  2.0 1338  0.3 1909  2.0
21  We        218 0203  0.3 0735  1.9 1428  0.4 2002  1.9
22  Th        218 0255  0.3 0829  1.9 1524  0.4 2059  2.0
23  Fr        218 0353  0.3 0928  1.9 1623  0.4 2200  2.0
24  Sa        218 0456  0.3 1031  1.9 1725  0.3 2302  2.0
25  Su        218 0559  0.3 1134  2.0 1826  0.2 9999  9.9
26  Mo        218 0004  2.1 0701  0.2 1234  2.1 1925  0.1
27  Tu        218 0103  2.2 0759  0.1 1330  2.2 2022  0.0
28  We        218 0159  2.2 0854  0.0 1424  2.2 2117  0.0
 1  Th        318 0253  2.3 0946  0.0 1516  2.3 2209 -0.1
 2  Fr        318 0345  2.3 1036  0.0 1607  2.3 2300 -0.1
 3  Sa        318 0436  2.3 1125  0.0 1657  2.3 2350  0.0
 4  Su        318 0525  2.2 1213  0.0 1748  2.2 9999  9.9
 5  Mo        318 0039  0.0 0614  2.2 1302  0.1 1839  2.1
 6  Tu        318 0128  0.1 0704  2.0 1351  0.2 1931  2.0
 7  We        318 0217  0.2 0756  1.9 1442  0.3 2024  1.9
 8  Th        318 0307  0.3 0850  1.8 1533  0.4 2120  1.9
 9  Fr        318 0359  0.4 0947  1.8 1625  0.4 2215  1.8
10  Sa        318 0453  0.5 1044  1.7 1718  0.4 2310  1.8
11  Su        318 0547  0.5 1138  1.8 1809  0.4 9999  9.9
12  Mo        318 0001  1.8 0638  0.4 1226  1.8 1858  0.4
13  Tu        318 0048  1.8 0727  0.4 1310  1.8 1944  0.4
14  We        318 0131  1.9 0812  0.3 1350  1.9 2029  0.3
15  Th        318 0212  1.9 0855  0.3 1429  1.9 2113  0.3
16  Fr        318 0251  2.0 0936  0.3 1507  2.0 2156  0.2
17  Sa        318 0330  2.0 1017  0.2 1547  2.0 2238  0.2
18  Su        318 0410  2.1 1059  0.2 1628  2.0 2322  0.2
19  Mo        318 0452  2.1 1142  0.2 1712  2.1 9999  9.9
20  Tu        318 0007  0.2 0536  2.1 1227  0.3 1758  2.1
21  We        318 0054  0.2 0623  2.0 1316  0.3 1848  2.1
22  Th        318 0144  0.2 0714  2.0 1409  0.3 1942  2.0
23  Fr        318 0239  0.3 0810  1.9 1506  0.3 2041  2.0
24  Sa        318 0338  0.3 0911  1.9 1607  0.3 2143  2.0
25  Su        318 0441  0.3 1015  1.9 1709  0.3 2246  2.0
26  Mo        318 0544  0.3 1118  2.0 1810  0.2 2348  2.1
27  Tu        318 0645  0.2 1218  2.1 1909  0.1 9999  9.9
28  We        318 0047  2.2 0741  0.1 1314  2.1 2005  0.1
29  Th        318 0142  2.2 0834  0.0 1406  2.2 2058  0.0
30  Fr        318 0234  2.2 0924  0.0 1457  2.2 2149  0.0
31  Sa        318 0324  2.3 1012  0.0 1546  2.2 2238  0.0
 1  Su        418 0412  2.2 1059  0.0 1634  2.2 2325  0.0
 2  Mo        418 0458  2.2 1145  0.1 1721  2.2 9999  9.9
 3  Tu        418 0012  0.1 0545  2.1 1231  0.2 1809  2.1
 4  We        418 0058  0.2 0631  2.0 1317  0.3 1857  2.0
 5  Th        418 0144  0.3 0719  1.9 1405  0.4 1947  1.9
 6  Fr        418 0231  0.4 0810  1.8 1454  0.4 2039  1.8
 7  Sa        418 0320  0.5 0905  1.7 1544  0.5 2132  1.8
 8  Su        418 0412  0.5 1001  1.7 1636  0.5 2226  1.8
 9  Mo        418 0506  0.5 1056  1.7 1727  0.5 2318  1.8
10  Tu        418 0558  0.5 1146  1.7 1818  0.4 9999  9.9
11  We        418 0007  1.8 0648  0.4 1231  1.8 1906  0.4
12  Th        418 0052  1.9 0735  0.3 1313  1.9 1953  0.3
13  Fr        418 0135  1.9 0819  0.3 1354  1.9 2039  0.3
14  Sa        418 0217  2.0 0903  0.2 1436  2.0 2125  0.2
15  Su        418 0259  2.1 0946  0.2 1518  2.1 2211  0.2
16  Mo        418 0342  2.1 1031  0.2 1603  2.1 2257  0.1
17  Tu        418 0427  2.1 1117  0.2 1649  2.2 2345  0.1
18  We        418 0514  2.1 1206  0.2 1739  2.2 9999  9.9
19  Th        418 0036  0.1 0603  2.1 1257  0.2 1831  2.1
20  Fr        418 0128  0.2 0656  2.0 1353  0.2 1927  2.1
21  Sa        418 0225  0.2 0754  2.0 1451  0.2 2026  2.1
22  Su        418 0325  0.2 0856  2.0 1552  0.2 2128  2.1
23  Mo        418 0426  0.2 1001  2.0 1653  0.2 2231  2.1
24  Tu        418 0528  0.2 1103  2.0 1753  0.2 2333  2.1
25  We        418 0626  0.2 1202  2.1 1851  0.1 9999  9.9
26  Th        418 0030  2.1 0721  0.1 1257  2.1 1946  0.1
27  Fr        418 0124  2.2 0813  0.1 1348  2.2 2038  0.1
28  Sa        418 0214  2.2 0902  0.1 1436  2.2 2127  0.1
29  Su        418 0302  2.2 0948  0.1 1524  2.2 2215  0.1
30  Mo        418 0347  2.1 1033  0.1 1609  2.2 2300  0.1
 1  Tu        518 0432  2.1 1117  0.2 1655  2.1 2344  0.2
 2  We        518 0515  2.0 1200  0.2 1739  2.0 9999  9.9
 3  Th        518 0027  0.3 0559  1.9 1244  0.3 1824  1.9
 4  Fr        518 0110  0.4 0643  1.8 1329  0.4 1910  1.9
 5  Sa        518 0155  0.4 0730  1.8 1414  0.4 1957  1.8
 6  Su        518 0241  0.5 0820  1.7 1502  0.5 2046  1.8
 7  Mo        518 0331  0.5 0913  1.7 1552  0.5 2137  1.8
 8  Tu        518 0422  0.5 1007  1.7 1643  0.5 2229  1.8
 9  We        518 0515  0.5 1059  1.7 1734  0.5 2320  1.8
10  Th        518 0606  0.4 1147  1.8 1825  0.4 9999  9.9
11  Fr        518 0009  1.9 0655  0.4 1233  1.9 1916  0.3
12  Sa        518 0056  1.9 0743  0.3 1319  2.0 2006  0.3
13  Su        518 0143  2.0 0830  0.2 1405  2.1 2056  0.2
14  Mo        518 0229  2.1 0917  0.2 1451  2.2 2145  0.1
15  Tu        518 0316  2.1 1005  0.1 1540  2.2 2235  0.1
16  We        518 0404  2.2 1055  0.1 1629  2.2 2326  0.1
17  Th        518 0454  2.2 1147  0.1 1721  2.3 9999  9.9
18  Fr        518 0019  0.1 0546  2.1 1241  0.1 1815  2.2
19  Sa        518 0113  0.1 0641  2.1 1337  0.1 1912  2.2
20  Su        518 0209  0.1 0739  2.1 1435  0.1 2011  2.2
21  Mo        518 0308  0.1 0841  2.0 1534  0.1 2112  2.1
22  Tu        518 0408  0.2 0944  2.0 1634  0.1 2214  2.1
23  We        518 0508  0.2 1046  2.0 1733  0.1 2314  2.1
24  Th        518 0605  0.1 1144  2.1 1830  0.1 9999  9.9
25  Fr        518 0011  2.1 0659  0.1 1237  2.1 1924  0.1
26  Sa        518 0104  2.1 0750  0.1 1328  2.1 2016  0.1
27  Su        518 0153  2.1 0838  0.1 1415  2.1 2105  0.2
28  Mo        518 0239  2.1 0923  0.2 1501  2.1 2151  0.2
29  Tu        518 0323  2.0 1007  0.2 1546  2.1 2235  0.2
30  We        518 0405  2.0 1050  0.2 1629  2.0 2317  0.3
31  Th        518 0447  1.9 1131  0.3 1711  2.0 2358  0.3
 1  Fr        618 0528  1.9 1213  0.3 1753  1.9 9999  9.9
 2  Sa        618 0039  0.4 0610  1.8 1255  0.4 1835  1.9
 3  Su        618 0121  0.4 0653  1.8 1338  0.4 1918  1.8
 4  Mo        618 0204  0.4 0739  1.7 1423  0.5 2003  1.8
 5  Tu        618 0251  0.5 0828  1.7 1510  0.5 2051  1.8
 6  We        618 0340  0.5 0919  1.7 1559  0.5 2141  1.8
 7  Th        618 0431  0.5 1011  1.7 1651  0.5 2234  1.8
 8  Fr        618 0523  0.4 1103  1.8 1745  0.4 2327  1.9
 9  Sa        618 0616  0.4 1154  1.9 1840  0.4 9999  9.9
10  Su        618 0020  1.9 0707  0.3 1245  2.0 1935  0.3
11  Mo        618 0111  2.0 0759  0.2 1336  2.1 2029  0.2
12  Tu        618 0202  2.1 0850  0.1 1427  2.2 2122  0.1
13  We        618 0253  2.2 0942  0.1 1519  2.3 2215  0.1
14  Th        618 0344  2.2 1035  0.0 1611  2.3 2308  0.0
15  Fr        618 0436  2.2 1129  0.0 1705  2.3 9999  9.9
16  Sa        618 0001  0.0 0529  2.2 1224  0.0 1759  2.3
17  Su        618 0055  0.0 0625  2.2 1320  0.0 1856  2.3
18  Mo        618 0151  0.0 0723  2.1 1416  0.0 1954  2.2
19  Tu        618 0248  0.1 0823  2.1 1514  0.1 2053  2.2
20  We        618 0346  0.1 0924  2.1 1612  0.1 2153  2.1
21  Th        618 0444  0.1 1025  2.1 1709  0.2 2252  2.1
22  Fr        618 0540  0.2 1122  2.1 1806  0.2 2349  2.0
23  Sa        618 0634  0.2 1216  2.1 1901  0.2 9999  9.9
24  Su        618 0041  2.0 0724  0.2 1306  2.1 1953  0.2
25  Mo        618 0130  2.0 0812  0.2 1354  2.1 2041  0.3
26  Tu        618 0216  2.0 0858  0.2 1439  2.0 2126  0.3
27  We        618 0259  2.0 0941  0.2 1522  2.0 2209  0.3
28  Th        618 0340  1.9 1023  0.3 1604  2.0 2250  0.3
29  Fr        618 0421  1.9 1104  0.3 1644  2.0 2330  0.3
30  Sa        618 0500  1.9 1145  0.3 1724  2.0 9999  9.9
 1  Su        718 0010  0.3 0539  1.8 1225  0.4 1803  1.9
 2  Mo        718 0049  0.4 0620  1.8 1306  0.4 1843  1.9
 3  Tu        718 0131  0.4 0702  1.8 1348  0.4 1925  1.9
 4  We        718 0214  0.4 0748  1.8 1433  0.4 2010  1.8
 5  Th        718 0301  0.4 0837  1.8 1521  0.4 2100  1.8
 6  Fr        718 0351  0.4 0930  1.8 1613  0.4 2154  1.8
 7  Sa        718 0445  0.4 1024  1.8 1709  0.4 2250  1.9
 8  Su        718 0540  0.4 1120  1.9 1809  0.4 2348  1.9
 9  Mo        718 0636  0.3 1216  2.0 1908  0.3 9999  9.9
10  Tu        718 0044  2.0 0732  0.2 1311  2.1 2006  0.2
11  We        718 0138  2.1 0827  0.1 1406  2.2 2102  0.1
12  Th        718 0232  2.2 0922  0.0 1500  2.3 2156  0.0
13  Fr        718 0325  2.2 1017  0.0 1554  2.4 2249  0.0
14  Sa        718 0418  2.3 1111 -0.1 1648  2.4 2342 -0.1
15  Su        718 0512  2.3 1206 -0.1 1742  2.4 9999  9.9
16  Mo        718 0035 -0.1 0606  2.2 1300 -0.1 1836  2.3
17  Tu        718 0129  0.0 0703  2.2 1355  0.0 1932  2.2
18  We        718 0224  0.0 0801  2.1 1450  0.0 2029  2.1
19  Th        718 0320  0.1 0900  2.1 1546  0.1 2128  2.1
20  Fr        718 0416  0.2 1000  2.0 1643  0.2 2227  2.0
21  Sa        718 0512  0.2 1057  2.0 1739  0.3 2324  1.9
22  Su        718 0606  0.2 1152  2.0 1834  0.3 9999  9.9
23  Mo        718 0017  1.9 0657  0.3 1243  2.0 1927  0.3
24  Tu        718 0106  1.9 0745  0.3 1331  2.0 2015  0.3
25  We        718 0152  1.9 0831  0.3 1416  2.0 2100  0.3
26  Th        718 0235  1.9 0915  0.3 1459  2.0 2142  0.3
27  Fr        718 0316  1.9 0956  0.3 1539  2.0 2223  0.3
28  Sa        718 0354  1.9 1037  0.3 1617  2.0 2302  0.3
29  Su        718 0432  1.9 1117  0.3 1655  2.0 2341  0.3
30  Mo        718 0510  1.9 1157  0.3 1732  2.0 9999  9.9
31  Tu        718 0020  0.3 0549  1.9 1237  0.3 1811  1.9
 1  We        818 0100  0.4 0630  1.9 1319  0.4 1852  1.9
 2  Th        818 0142  0.4 0715  1.8 1402  0.4 1937  1.9
 3  Fr        818 0228  0.4 0803  1.8 1450  0.4 2026  1.9
 4  Sa        818 0318  0.4 0856  1.9 1543  0.4 2121  1.9
 5  Su        818 0413  0.4 0953  1.9 1642  0.4 2221  1.9
 6  Mo        818 0512  0.4 1052  2.0 1745  0.4 2322  1.9
 7  Tu        818 0612  0.3 1152  2.0 1847  0.3 9999  9.9
 8  We        818 0021  2.0 0711  0.2 1251  2.1 1947  0.2
 9  Th        818 0118  2.1 0808  0.1 1348  2.2 2043  0.1
10  Fr        818 0213  2.2 0904  0.0 1443  2.3 2137  0.0
11  Sa        818 0307  2.3 0959 -0.1 1537  2.4 2230 -0.1
12  Su        818 0400  2.3 1053 -0.1 1629  2.4 2321 -0.1
13  Mo        818 0453  2.3 1146 -0.1 1722  2.4 9999  9.9
14  Tu        818 0013 -0.1 0546  2.3 1238 -0.1 1814  2.3
15  We        818 0105  0.0 0640  2.2 1331  0.0 1907  2.2
16  Th        818 0157  0.1 0736  2.1 1424  0.1 2002  2.1
17  Fr        818 0251  0.1 0833  2.1 1518  0.2 2059  2.0
18  Sa        818 0346  0.2 0931  2.0 1613  0.3 2158  1.9
19  Su        818 0441  0.3 1029  1.9 1709  0.3 2256  1.9
20  Mo        818 0534  0.3 1124  1.9 1805  0.4 2350  1.8
21  Tu        818 0626  0.3 1217  1.9 1857  0.4 9999  9.9
22  We        818 0041  1.8 0715  0.3 1305  1.9 1946  0.4
23  Th        818 0127  1.9 0802  0.3 1351  1.9 2031  0.3
24  Fr        818 0209  1.9 0846  0.3 1432  2.0 2113  0.3
25  Sa        818 0249  1.9 0928  0.3 1511  2.0 2154  0.3
26  Su        818 0327  1.9 1009  0.3 1549  2.0 2233  0.3
27  Mo        818 0404  1.9 1049  0.3 1625  2.0 2311  0.3
28  Tu        818 0441  1.9 1130  0.3 1703  2.0 2351  0.3
29  We        818 0520  1.9 1210  0.3 1742  2.0 9999  9.9
30  Th        818 0031  0.3 0602  1.9 1253  0.3 1824  2.0
31  Fr        818 0115  0.3 0647  1.9 1338  0.3 1909  1.9
 1  Sa        918 0202  0.4 0736  1.9 1428  0.4 2000  1.9
 2  Su        918 0254  0.4 0831  1.9 1523  0.4 2057  1.9
 3  Mo        918 0351  0.4 0929  1.9 1623  0.4 2158  1.9
 4  Tu        918 0452  0.3 1031  2.0 1727  0.3 2301  1.9
 5  We        918 0553  0.3 1133  2.1 1830  0.3 9999  9.9
 6  Th        918 0003  2.0 0653  0.2 1233  2.1 1929  0.2
 7  Fr        918 0101  2.1 0751  0.1 1331  2.2 2025  0.1
 8  Sa        918 0156  2.2 0847  0.0 1425  2.3 2118  0.0
 9  Su        918 0249  2.3 0941 -0.1 1518  2.4 2209 -0.1
10  Mo        918 0341  2.3 1033 -0.1 1609  2.4 2259 -0.1
11  Tu        918 0432  2.3 1124 -0.1 1659  2.3 2349 -0.1
12  We        918 0523  2.3 1215  0.0 1750  2.3 9999  9.9
13  Th        918 0039  0.0 0615  2.2 1305  0.0 1840  2.2
14  Fr        918 0129  0.1 0708  2.1 1356  0.1 1932  2.0
15  Sa        918 0220  0.2 0803  2.0 1448  0.3 2027  1.9
16  Su        918 0313  0.3 0859  1.9 1541  0.3 2125  1.8
17  Mo        918 0407  0.3 0956  1.9 1636  0.4 2224  1.8
18  Tu        918 0500  0.4 1053  1.9 1731  0.4 2320  1.8
19  We        918 0552  0.4 1146  1.9 1824  0.4 9999  9.9
20  Th        918 0012  1.8 0642  0.4 1235  1.9 1913  0.4
21  Fr        918 0058  1.8 0729  0.3 1320  1.9 1958  0.3
22  Sa        918 0139  1.9 0814  0.3 1401  2.0 2041  0.3
23  Su        918 0218  1.9 0857  0.3 1440  2.0 2122  0.3
24  Mo        918 0256  1.9 0939  0.2 1517  2.0 2202  0.2
25  Tu        918 0334  2.0 1021  0.2 1555  2.0 2242  0.2
26  We        918 0413  2.0 1103  0.2 1634  2.0 2323  0.2
27  Th        918 0454  2.0 1146  0.2 1716  2.0 9999  9.9
28  Fr        918 0006  0.3 0538  2.0 1231  0.3 1759  2.0
29  Sa        918 0052  0.3 0625  2.0 1319  0.3 1847  2.0
30  Su        918 0142  0.3 0716  2.0 1411  0.3 1940  1.9
 1  Mo       1018 0236  0.3 0812  2.0 1508  0.3 2038  1.9
 2  Tu       1018 0335  0.3 0912  2.0 1609  0.3 2141  1.9
 3  We       1018 0436  0.3 1014  2.0 1712  0.3 2245  1.9
 4  Th       1018 0537  0.2 1117  2.1 1814  0.2 2347  2.0
 5  Fr       1018 0637  0.1 1217  2.2 1912  0.1 9999  9.9
 6  Sa       1018 0044  2.1 0734  0.1 1314  2.2 2006  0.1
 7  Su       1018 0139  2.2 0829  0.0 1407  2.3 2058  0.0
 8  Mo       1018 0231  2.3 0922  0.0 1458  2.3 2148  0.0
 9  Tu       1018 0321  2.3 1013 -0.1 1548  2.3 2236  0.0
10  We       1018 0411  2.3 1102  0.0 1636  2.3 2324  0.0
11  Th       1018 0500  2.2 1151  0.0 1724  2.2 9999  9.9
12  Fr       1018 0012  0.1 0550  2.2 1239  0.1 1812  2.1
13  Sa       1018 0100  0.2 0640  2.1 1327  0.2 1901  2.0
14  Su       1018 0149  0.3 0731  2.0 1416  0.3 1953  1.9
15  Mo       1018 0239  0.3 0825  1.9 1507  0.4 2049  1.8
16  Tu       1018 0330  0.4 0920  1.8 1559  0.5 2147  1.7
17  We       1018 0422  0.4 1015  1.8 1653  0.5 2243  1.7
18  Th       1018 0513  0.4 1108  1.8 1745  0.4 2335  1.7
19  Fr       1018 0603  0.4 1158  1.8 1835  0.4 9999  9.9
20  Sa       1018 0021  1.8 0651  0.4 1243  1.9 1922  0.4
21  Su       1018 0103  1.8 0738  0.3 1325  1.9 2006  0.3
22  Mo       1018 0143  1.9 0824  0.3 1405  2.0 2048  0.3
23  Tu       1018 0223  2.0 0908  0.2 1445  2.0 2131  0.2
24  We       1018 0303  2.0 0953  0.2 1526  2.1 2213  0.2
25  Th       1018 0345  2.1 1038  0.2 1608  2.1 2257  0.2
26  Fr       1018 0430  2.1 1124  0.2 1652  2.1 2344  0.2
27  Sa       1018 0516  2.1 1212  0.2 1739  2.0 9999  9.9
28  Su       1018 0033  0.2 0606  2.1 1303  0.2 1829  2.0
29  Mo       1018 0125  0.2 0659  2.1 1357  0.2 1924  2.0
30  Tu       1018 0221  0.2 0756  2.1 1454  0.3 2023  1.9
31  We       1018 0320  0.2 0857  2.1 1555  0.3 2126  1.9
 1  Th       1118 0420  0.2 0959  2.1 1656  0.2 2230  2.0
 2  Fr       1118 0520  0.2 1101  2.1 1756  0.2 2331  2.0
 3  Sa       1118 0619  0.1 1200  2.1 1853  0.1 9999  9.9
 4  Su       1118 0027  2.1 0716  0.1 1256  2.2 1946  0.1
 5  Mo       1118 0121  2.2 0810  0.0 1348  2.2 2037  0.0
 6  Tu       1118 0212  2.2 0902  0.0 1438  2.2 2126  0.0
 7  We       1118 0301  2.2 0952  0.0 1526  2.2 2213  0.0
 8  Th       1118 0349  2.2 1040  0.1 1612  2.1 2259  0.1
 9  Fr       1118 0437  2.2 1127  0.1 1658  2.1 2345  0.2
10  Sa       1118 0524  2.1 1212  0.2 1743  2.0 9999  9.9
11  Su       1118 0031  0.2 0611  2.0 1258  0.3 1830  1.9
12  Mo       1118 0117  0.3 0659  1.9 1344  0.4 1918  1.8
13  Tu       1118 0204  0.4 0748  1.9 1431  0.4 2009  1.7
14  We       1118 0252  0.4 0838  1.8 1520  0.5 2103  1.7
15  Th       1118 0340  0.4 0930  1.8 1611  0.5 2157  1.7
16  Fr       1118 0430  0.5 1022  1.8 1703  0.5 2249  1.7
17  Sa       1118 0520  0.4 1112  1.8 1753  0.4 2337  1.8
18  Su       1118 0610  0.4 1159  1.8 1841  0.4 9999  9.9
19  Mo       1118 0022  1.8 0700  0.4 1244  1.9 1928  0.3
20  Tu       1118 0105  1.9 0749  0.3 1328  2.0 2014  0.3
21  We       1118 0149  2.0 0837  0.3 1413  2.0 2059  0.2
22  Th       1118 0234  2.0 0926  0.2 1457  2.1 2146  0.2
23  Fr       1118 0320  2.1 1014  0.2 1543  2.1 2234  0.1
24  Sa       1118 0408  2.2 1104  0.1 1630  2.1 2324  0.1
25  Su       1118 0458  2.2 1154  0.1 1720  2.1 9999  9.9
26  Mo       1118 0016  0.1 0550  2.2 1247  0.1 1813  2.1
27  Tu       1118 0110  0.1 0644  2.2 1341  0.2 1909  2.0
28  We       1118 0206  0.1 0741  2.2 1438  0.2 2008  2.0
29  Th       1118 0304  0.1 0841  2.1 1537  0.2 2111  2.0
30  Fr       1118 0402  0.1 0942  2.1 1637  0.2 2213  2.0
 1  Sa       1218 0501  0.1 1043  2.1 1735  0.1 2313  2.1
 2  Su       1218 0600  0.1 1142  2.1 1832  0.1 9999  9.9
 3  Mo       1218 0009  2.1 0656  0.1 1237  2.1 1925  0.1
 4  Tu       1218 0102  2.1 0751  0.1 1329  2.1 2015  0.1
 5  We       1218 0152  2.1 0842  0.1 1417  2.1 2104  0.1
 6  Th       1218 0241  2.1 0931  0.2 1504  2.1 2150  0.1
 7  Fr       1218 0328  2.1 1018  0.2 1549  2.0 2235  0.2
 8  Sa       1218 0414  2.1 1102  0.2 1632  2.0 2319  0.2
 9  Su       1218 0459  2.0 1146  0.3 1716  1.9 9999  9.9
10  Mo       1218 0003  0.3 0543  2.0 1228  0.3 1759  1.9
11  Tu       1218 0046  0.3 0626  1.9 1311  0.4 1843  1.8
12  We       1218 0129  0.4 0710  1.9 1354  0.4 1929  1.7
13  Th       1218 0213  0.4 0755  1.8 1440  0.5 2017  1.7
14  Fr       1218 0258  0.4 0842  1.8 1527  0.5 2107  1.7
15  Sa       1218 0345  0.5 0930  1.8 1617  0.5 2158  1.7
16  Su       1218 0435  0.5 1021  1.8 1708  0.5 2248  1.7
17  Mo       1218 0527  0.4 1112  1.8 1759  0.4 2338  1.8
18  Tu       1218 0621  0.4 1203  1.9 1850  0.4 9999  9.9
19  We       1218 0027  1.9 0715  0.4 1253  1.9 1940  0.3
20  Th       1218 0116  2.0 0808  0.3 1342  2.0 2030  0.2
21  Fr       1218 0206  2.1 0900  0.2 1431  2.1 2121  0.2
22  Sa       1218 0257  2.2 0952  0.1 1520  2.1 2212  0.1
23  Su       1218 0348  2.2 1044  0.1 1611  2.2 2305  0.0
24  Mo       1218 0440  2.3 1136  0.1 1703  2.2 2358  0.0
25  Tu       1218 0533  2.3 1229  0.0 1756  2.2 9999  9.9
26  We       1218 0053  0.0 0628  2.3 1323  0.1 1852  2.1
27  Th       1218 0148  0.0 0724  2.2 1419  0.1 1951  2.1
28  Fr       1218 0244  0.0 0823  2.2 1516  0.1 2052  2.1
29  Sa       1218 0342  0.1 0922  2.1 1614  0.1 2153  2.1
30  Su       1218 0440  0.1 1023  2.1 1712  0.2 2252  2.1
31  Mo       1218 0538  0.1 1121  2.0 1809  0.2 2349  2.1
