028Dunedin
Based on data from  1-Jul-2007
Local Std Time, tidal heights in metres.
 1  Su        117 0007  0.3 0539  2.0 1233  0.3 1757  1.9
 2  Mo        117 0052  0.3 0624  2.0 1318  0.3 1844  1.9
 3  Tu        117 0139  0.3 0711  2.0 1406  0.3 1934  1.9
 4  We        117 0228  0.3 0802  2.0 1457  0.3 2028  1.9
 5  Th        117 0321  0.3 0857  2.0 1552  0.3 2126  2.0
 6  Fr        117 0417  0.3 0955  2.0 1650  0.3 2226  2.0
 7  Sa        117 0517  0.3 1056  2.0 1749  0.2 2326  2.1
 8  Su        117 0619  0.2 1156  2.1 1848  0.2 9999  9.9
 9  Mo        117 0024  2.1 0719  0.2 1254  2.1 1945  0.1
10  Tu        117 0122  2.2 0817  0.1 1349  2.2 2041  0.0
11  We        117 0217  2.3 0913  0.0 1443  2.2 2135  0.0
12  Th        117 0312  2.3 1006  0.0 1535  2.2 2228 -0.1
13  Fr        117 0405  2.3 1058  0.0 1627  2.2 2320 -0.1
14  Sa        117 0457  2.3 1148  0.0 1719  2.2 9999  9.9
15  Su        117 0011  0.0 0548  2.2 1238  0.1 1810  2.1
16  Mo        117 0102  0.1 0639  2.1 1328  0.1 1903  2.0
17  Tu        117 0151  0.1 0731  2.0 1417  0.2 1957  2.0
18  We        117 0241  0.2 0823  2.0 1508  0.3 2051  1.9
19  Th        117 0330  0.3 0917  1.9 1558  0.4 2146  1.8
20  Fr        117 0421  0.4 1011  1.8 1649  0.4 2239  1.8
21  Sa        117 0512  0.4 1104  1.8 1739  0.4 2330  1.8
22  Su        117 0604  0.4 1155  1.8 1829  0.4 9999  9.9
23  Mo        117 0018  1.8 0654  0.4 1242  1.8 1916  0.4
24  Tu        117 0103  1.8 0743  0.4 1325  1.8 2002  0.3
25  We        117 0146  1.9 0830  0.3 1406  1.9 2047  0.3
26  Th        117 0228  1.9 0914  0.3 1445  1.9 2131  0.3
27  Fr        117 0308  2.0 0958  0.3 1525  2.0 2215  0.2
28  Sa        117 0349  2.0 1040  0.2 1606  2.0 2259  0.2
29  Su        117 0431  2.1 1123  0.2 1649  2.0 2343  0.2
30  Mo        117 0515  2.1 1207  0.2 1734  2.0 9999  9.9
31  Tu        117 0029  0.2 0600  2.1 1253  0.2 1821  2.0
 1  We        217 0117  0.2 0648  2.1 1342  0.3 1912  2.0
 2  Th        217 0207  0.2 0740  2.0 1435  0.3 2007  2.0
 3  Fr        217 0301  0.2 0835  2.0 1531  0.3 2105  2.0
 4  Sa        217 0359  0.2 0935  2.0 1630  0.3 2206  2.0
 5  Su        217 0500  0.2 1037  2.0 1731  0.2 2308  2.1
 6  Mo        217 0603  0.2 1139  2.0 1831  0.2 9999  9.9
 7  Tu        217 0008  2.1 0704  0.2 1238  2.1 1929  0.1
 8  We        217 0106  2.2 0802  0.1 1333  2.1 2025  0.0
 9  Th        217 0202  2.2 0856  0.1 1426  2.2 2118  0.0
10  Fr        217 0255  2.2 0948  0.0 1517  2.2 2210  0.0
11  Sa        217 0346  2.2 1037  0.0 1607  2.2 2259  0.0
12  Su        217 0435  2.2 1124  0.1 1655  2.2 2347  0.0
13  Mo        217 0523  2.2 1210  0.1 1743  2.1 9999  9.9
14  Tu        217 0033  0.1 0609  2.1 1256  0.2 1832  2.0
15  We        217 0119  0.2 0656  2.0 1341  0.3 1920  1.9
16  Th        217 0204  0.3 0744  1.9 1428  0.4 2010  1.9
17  Fr        217 0251  0.4 0833  1.8 1516  0.4 2101  1.8
18  Sa        217 0339  0.4 0925  1.7 1605  0.5 2154  1.8
19  Su        217 0430  0.5 1019  1.7 1657  0.5 2246  1.7
20  Mo        217 0523  0.5 1113  1.7 1748  0.5 2337  1.8
21  Tu        217 0617  0.5 1203  1.7 1839  0.4 9999  9.9
22  We        217 0025  1.8 0708  0.4 1249  1.8 1927  0.4
23  Th        217 0110  1.9 0757  0.4 1332  1.9 2015  0.3
24  Fr        217 0154  1.9 0843  0.3 1414  1.9 2101  0.2
25  Sa        217 0238  2.0 0928  0.2 1456  2.0 2147  0.2
26  Su        217 0321  2.1 1012  0.2 1540  2.1 2233  0.1
27  Mo        217 0405  2.1 1056  0.1 1624  2.1 2319  0.1
28  Tu        217 0450  2.2 1142  0.1 1711  2.2 9999  9.9
 1  We        317 0006  0.1 0537  2.2 1230  0.1 1800  2.2
 2  Th        317 0056  0.1 0627  2.1 1320  0.2 1852  2.1
 3  Fr        317 0148  0.1 0720  2.1 1415  0.2 1948  2.1
 4  Sa        317 0244  0.2 0816  2.0 1513  0.2 2047  2.1
 5  Su        317 0343  0.2 0918  2.0 1613  0.2 2149  2.1
 6  Mo        317 0446  0.2 1021  2.0 1715  0.2 2252  2.1
 7  Tu        317 0548  0.2 1124  2.0 1815  0.2 2354  2.1
 8  We        317 0649  0.2 1223  2.0 1913  0.1 9999  9.9
 9  Th        317 0052  2.1 0745  0.1 1318  2.1 2008  0.1
10  Fr        317 0146  2.2 0838  0.1 1410  2.1 2100  0.1
11  Sa        317 0237  2.2 0927  0.1 1458  2.2 2149  0.0
12  Su        317 0325  2.2 1013  0.1 1545  2.2 2235  0.1
13  Mo        317 0411  2.1 1057  0.1 1630  2.1 2320  0.1
14  Tu        317 0455  2.1 1140  0.2 1715  2.1 9999  9.9
15  We        317 0003  0.2 0538  2.0 1222  0.2 1759  2.0
16  Th        317 0046  0.3 0620  1.9 1304  0.3 1843  1.9
17  Fr        317 0128  0.3 0703  1.8 1347  0.4 1928  1.8
18  Sa        317 0211  0.4 0748  1.8 1433  0.4 2015  1.8
19  Su        317 0257  0.5 0837  1.7 1521  0.5 2105  1.7
20  Mo        317 0347  0.5 0931  1.7 1613  0.5 2157  1.7
21  Tu        317 0441  0.5 1026  1.7 1706  0.5 2250  1.7
22  We        317 0537  0.5 1119  1.7 1759  0.4 2342  1.8
23  Th        317 0631  0.4 1209  1.8 1851  0.4 9999  9.9
24  Fr        317 0032  1.9 0721  0.4 1256  1.9 1941  0.3
25  Sa        317 0120  2.0 0809  0.3 1342  2.0 2030  0.2
26  Su        317 0206  2.1 0856  0.2 1427  2.1 2118  0.1
27  Mo        317 0253  2.1 0942  0.1 1513  2.2 2206  0.1
28  Tu        317 0339  2.2 1029  0.1 1601  2.2 2255  0.0
29  We        317 0427  2.2 1117  0.1 1650  2.3 2345  0.0
30  Th        317 0516  2.2 1208  0.1 1741  2.3 9999  9.9
31  Fr        317 0037  0.0 0607  2.2 1301  0.1 1834  2.2
 1  Sa        417 0131  0.1 0701  2.1 1357  0.1 1931  2.2
 2  Su        417 0228  0.1 0800  2.1 1456  0.2 2031  2.1
 3  Mo        417 0328  0.2 0902  2.0 1556  0.2 2134  2.1
 4  Tu        417 0430  0.2 1006  2.0 1658  0.2 2237  2.1
 5  We        417 0532  0.2 1109  2.0 1757  0.2 2338  2.1
 6  Th        417 0631  0.2 1208  2.0 1854  0.1 9999  9.9
 7  Fr        417 0035  2.1 0725  0.1 1301  2.1 1948  0.1
 8  Sa        417 0128  2.1 0816  0.1 1351  2.1 2038  0.1
 9  Su        417 0216  2.1 0902  0.1 1437  2.1 2125  0.1
10  Mo        417 0302  2.1 0946  0.1 1521  2.1 2210  0.2
11  Tu        417 0345  2.1 1028  0.2 1604  2.1 2252  0.2
12  We        417 0426  2.0 1109  0.2 1646  2.0 2333  0.2
13  Th        417 0506  2.0 1149  0.3 1727  2.0 9999  9.9
14  Fr        417 0013  0.3 0545  1.9 1229  0.3 1808  1.9
15  Sa        417 0053  0.4 0626  1.8 1310  0.4 1849  1.9
16  Su        417 0135  0.4 0708  1.8 1354  0.5 1933  1.8
17  Mo        417 0220  0.5 0754  1.7 1441  0.5 2021  1.8
18  Tu        417 0309  0.5 0845  1.7 1531  0.5 2112  1.8
19  We        417 0402  0.5 0940  1.7 1625  0.5 2205  1.8
20  Th        417 0457  0.5 1035  1.7 1719  0.4 2300  1.8
21  Fr        417 0552  0.4 1129  1.8 1813  0.4 2353  1.9
22  Sa        417 0645  0.3 1220  1.9 1906  0.3 9999  9.9
23  Su        417 0045  2.0 0735  0.3 1310  2.0 1958  0.2
24  Mo        417 0135  2.1 0825  0.2 1359  2.1 2050  0.1
25  Tu        417 0225  2.2 0914  0.1 1448  2.2 2141  0.0
26  We        417 0314  2.2 1004  0.0 1538  2.3 2233  0.0
27  Th        417 0404  2.3 1055  0.0 1629  2.3 2325  0.0
28  Fr        417 0455  2.3 1147  0.0 1722  2.3 9999  9.9
29  Sa        417 0019  0.0 0548  2.2 1242  0.0 1817  2.3
30  Su        417 0114  0.0 0644  2.2 1339  0.0 1915  2.2
 1  Mo        517 0211  0.1 0743  2.1 1438  0.1 2015  2.2
 2  Tu        517 0311  0.1 0845  2.0 1538  0.1 2117  2.1
 3  We        517 0411  0.2 0949  2.0 1637  0.1 2219  2.1
 4  Th        517 0511  0.2 1051  2.0 1736  0.2 2319  2.0
 5  Fr        517 0608  0.2 1148  2.0 1831  0.2 9999  9.9
 6  Sa        517 0014  2.0 0701  0.2 1240  2.0 1924  0.2
 7  Su        517 0105  2.0 0750  0.2 1328  2.1 2013  0.2
 8  Mo        517 0152  2.0 0835  0.2 1414  2.1 2059  0.2
 9  Tu        517 0236  2.0 0918  0.2 1456  2.1 2143  0.2
10  We        517 0317  2.0 0959  0.2 1538  2.0 2224  0.3
11  Th        517 0357  2.0 1038  0.3 1618  2.0 2304  0.3
12  Fr        517 0435  1.9 1118  0.3 1657  2.0 2344  0.3
13  Sa        517 0514  1.9 1158  0.3 1736  1.9 9999  9.9
14  Su        517 0024  0.4 0553  1.8 1239  0.4 1816  1.9
15  Mo        517 0105  0.4 0634  1.8 1322  0.4 1859  1.8
16  Tu        517 0148  0.4 0718  1.7 1407  0.5 1944  1.8
17  We        517 0236  0.5 0807  1.7 1456  0.5 2033  1.8
18  Th        517 0326  0.5 0901  1.7 1547  0.5 2126  1.8
19  Fr        517 0420  0.4 0956  1.8 1642  0.4 2222  1.9
20  Sa        517 0515  0.4 1052  1.9 1737  0.4 2318  1.9
21  Su        517 0610  0.3 1146  2.0 1834  0.3 9999  9.9
22  Mo        517 0013  2.0 0703  0.2 1240  2.1 1930  0.2
23  Tu        517 0107  2.1 0756  0.1 1333  2.2 2025  0.1
24  We        517 0200  2.2 0849  0.1 1425  2.3 2119  0.0
25  Th        517 0252  2.3 0941  0.0 1518  2.4 2213  0.0
26  Fr        517 0344  2.3 1035  0.0 1611  2.4 2307 -0.1
27  Sa        517 0436  2.3 1129 -0.1 1705  2.4 9999  9.9
28  Su        517 0001 -0.1 0530  2.2 1224  0.0 1801  2.3
29  Mo        517 0056  0.0 0626  2.2 1320  0.0 1857  2.3
30  Tu        517 0152  0.0 0725  2.1 1417  0.0 1956  2.2
31  We        517 0249  0.1 0825  2.1 1515  0.1 2056  2.1
 1  Th        617 0347  0.1 0927  2.0 1612  0.1 2156  2.1
 2  Fr        617 0444  0.2 1027  2.0 1709  0.2 2254  2.0
 3  Sa        617 0539  0.2 1124  2.0 1803  0.2 2349  2.0
 4  Su        617 0631  0.2 1215  2.0 1855  0.3 9999  9.9
 5  Mo        617 0039  2.0 0720  0.2 1303  2.0 1945  0.3
 6  Tu        617 0126  2.0 0805  0.2 1348  2.0 2031  0.3
 7  We        617 0209  1.9 0848  0.2 1431  2.0 2114  0.3
 8  Th        617 0250  1.9 0929  0.3 1511  2.0 2156  0.3
 9  Fr        617 0329  1.9 1010  0.3 1551  2.0 2237  0.3
10  Sa        617 0407  1.9 1050  0.3 1629  2.0 2317  0.3
11  Su        617 0445  1.9 1131  0.3 1708  2.0 2357  0.3
12  Mo        617 0524  1.8 1212  0.3 1748  1.9 9999  9.9
13  Tu        617 0038  0.4 0605  1.8 1255  0.4 1829  1.9
14  We        617 0121  0.4 0649  1.8 1339  0.4 1913  1.9
15  Th        617 0206  0.4 0736  1.8 1426  0.4 2001  1.9
16  Fr        617 0255  0.4 0828  1.8 1516  0.4 2053  1.9
17  Sa        617 0347  0.4 0923  1.8 1610  0.4 2149  1.9
18  Su        617 0442  0.4 1020  1.9 1707  0.3 2247  2.0
19  Mo        617 0539  0.3 1117  2.0 1806  0.3 2345  2.0
20  Tu        617 0636  0.2 1214  2.1 1905  0.2 9999  9.9
21  We        617 0042  2.1 0732  0.1 1310  2.2 2004  0.1
22  Th        617 0138  2.2 0827  0.1 1405  2.3 2100  0.0
23  Fr        617 0232  2.2 0922  0.0 1500  2.4 2155  0.0
24  Sa        617 0325  2.3 1017 -0.1 1554  2.4 2249 -0.1
25  Su        617 0418  2.3 1111 -0.1 1648  2.4 2343 -0.1
26  Mo        617 0512  2.3 1206 -0.1 1742  2.3 9999  9.9
27  Tu        617 0036  0.0 0607  2.2 1300  0.0 1837  2.3
28  We        617 0130  0.0 0703  2.1 1354  0.0 1933  2.2
29  Th        617 0224  0.1 0801  2.1 1449  0.1 2029  2.1
30  Fr        617 0318  0.2 0900  2.0 1543  0.2 2127  2.0
 1  Sa        717 0413  0.2 0958  2.0 1637  0.3 2224  1.9
 2  Su        717 0506  0.3 1054  1.9 1731  0.3 2318  1.9
 3  Mo        717 0558  0.3 1146  1.9 1823  0.3 9999  9.9
 4  Tu        717 0010  1.9 0646  0.3 1235  1.9 1913  0.4
 5  We        717 0057  1.9 0733  0.3 1320  1.9 2000  0.3
 6  Th        717 0141  1.9 0817  0.3 1403  1.9 2045  0.3
 7  Fr        717 0222  1.9 0900  0.3 1444  2.0 2128  0.3
 8  Sa        717 0302  1.9 0942  0.3 1524  2.0 2210  0.3
 9  Su        717 0340  1.9 1024  0.3 1602  2.0 2251  0.3
10  Mo        717 0418  1.9 1105  0.3 1641  2.0 2331  0.3
11  Tu        717 0457  1.9 1147  0.3 1721  2.0 9999  9.9
12  We        717 0013  0.3 0539  1.9 1230  0.3 1803  2.0
13  Th        717 0055  0.3 0622  1.9 1314  0.3 1847  2.0
14  Fr        717 0140  0.3 0709  1.9 1401  0.3 1934  2.0
15  Sa        717 0228  0.3 0800  1.9 1450  0.3 2026  2.0
16  Su        717 0320  0.3 0855  1.9 1545  0.3 2122  2.0
17  Mo        717 0416  0.3 0953  2.0 1643  0.3 2222  2.0
18  Tu        717 0514  0.3 1053  2.0 1745  0.3 2322  2.0
19  We        717 0614  0.2 1153  2.1 1847  0.2 9999  9.9
20  Th        717 0022  2.1 0712  0.1 1251  2.2 1947  0.1
21  Fr        717 0119  2.1 0809  0.1 1348  2.3 2044  0.1
22  Sa        717 0214  2.2 0905  0.0 1443  2.3 2138  0.0
23  Su        717 0308  2.3 1000 -0.1 1537  2.4 2231 -0.1
24  Mo        717 0401  2.3 1053 -0.1 1630  2.4 2323 -0.1
25  Tu        717 0453  2.3 1145 -0.1 1722  2.3 9999  9.9
26  We        717 0013  0.0 0545  2.2 1237  0.0 1814  2.2
27  Th        717 0104  0.0 0639  2.1 1328  0.1 1906  2.2
28  Fr        717 0154  0.1 0733  2.1 1419  0.1 1958  2.0
29  Sa        717 0245  0.2 0828  2.0 1510  0.2 2053  2.0
30  Su        717 0337  0.3 0924  1.9 1602  0.3 2148  1.9
31  Mo        717 0429  0.3 1019  1.9 1654  0.4 2243  1.8
 1  Tu        817 0520  0.4 1112  1.9 1747  0.4 2336  1.8
 2  We        817 0610  0.4 1202  1.9 1838  0.4 9999  9.9
 3  Th        817 0026  1.8 0659  0.4 1250  1.9 1928  0.4
 4  Fr        817 0111  1.8 0745  0.3 1334  1.9 2015  0.4
 5  Sa        817 0153  1.9 0830  0.3 1415  1.9 2059  0.3
 6  Su        817 0233  1.9 0914  0.3 1455  2.0 2142  0.3
 7  Mo        817 0312  1.9 0957  0.2 1535  2.0 2223  0.2
 8  Tu        817 0351  2.0 1039  0.2 1614  2.1 2305  0.2
 9  We        817 0431  2.0 1122  0.2 1655  2.1 2347  0.2
10  Th        817 0514  2.0 1206  0.2 1738  2.1 9999  9.9
11  Fr        817 0030  0.2 0558  2.0 1251  0.2 1823  2.1
12  Sa        817 0116  0.3 0646  2.0 1339  0.2 1911  2.0
13  Su        817 0205  0.3 0738  2.0 1430  0.3 2003  2.0
14  Mo        817 0258  0.3 0833  2.0 1526  0.3 2100  2.0
15  Tu        817 0355  0.3 0933  2.0 1626  0.3 2202  2.0
16  We        817 0456  0.3 1034  2.1 1729  0.3 2304  2.0
17  Th        817 0557  0.2 1136  2.1 1832  0.2 9999  9.9
18  Fr        817 0006  2.0 0656  0.1 1236  2.2 1932  0.1
19  Sa        817 0104  2.1 0754  0.1 1333  2.2 2028  0.1
20  Su        817 0159  2.2 0849  0.0 1428  2.3 2121  0.0
21  Mo        817 0251  2.2 0942  0.0 1520  2.3 2212  0.0
22  Tu        817 0342  2.2 1034 -0.1 1610  2.3 2300  0.0
23  We        817 0432  2.2 1123  0.0 1659  2.3 2348  0.0
24  Th        817 0522  2.2 1212  0.0 1748  2.2 9999  9.9
25  Fr        817 0035  0.1 0611  2.1 1259  0.1 1836  2.1
26  Sa        817 0122  0.2 0701  2.0 1347  0.2 1924  2.0
27  Su        817 0210  0.3 0753  1.9 1434  0.3 2015  1.9
28  Mo        817 0259  0.3 0845  1.9 1524  0.4 2108  1.8
29  Tu        817 0349  0.4 0939  1.8 1615  0.4 2203  1.8
30  We        817 0440  0.4 1033  1.8 1708  0.5 2258  1.7
31  Th        817 0531  0.4 1125  1.8 1802  0.5 2350  1.7
 1  Fr        917 0622  0.4 1214  1.8 1853  0.4 9999  9.9
 2  Sa        917 0037  1.8 0711  0.4 1300  1.9 1942  0.4
 3  Su        917 0120  1.8 0758  0.3 1343  1.9 2028  0.3
 4  Mo        917 0202  1.9 0843  0.3 1424  2.0 2111  0.2
 5  Tu        917 0242  2.0 0928  0.2 1505  2.1 2154  0.2
 6  We        917 0323  2.0 1012  0.2 1547  2.1 2237  0.2
 7  Th        917 0405  2.1 1057  0.1 1630  2.1 2320  0.2
 8  Fr        917 0450  2.1 1143  0.1 1714  2.1 9999  9.9
 9  Sa        917 0006  0.2 0536  2.1 1230  0.1 1801  2.1
10  Su        917 0054  0.2 0626  2.1 1320  0.2 1850  2.1
11  Mo        917 0145  0.2 0719  2.1 1414  0.2 1944  2.0
12  Tu        917 0240  0.2 0816  2.1 1511  0.2 2043  2.0
13  We        917 0339  0.2 0916  2.1 1613  0.2 2146  2.0
14  Th        917 0441  0.2 1019  2.1 1716  0.2 2250  2.0
15  Fr        917 0542  0.2 1122  2.1 1818  0.2 2352  2.0
16  Sa        917 0641  0.1 1222  2.2 1916  0.1 9999  9.9
17  Su        917 0049  2.1 0738  0.1 1318  2.2 2011  0.1
18  Mo        917 0143  2.2 0832  0.0 1411  2.2 2102  0.0
19  Tu        917 0234  2.2 0924  0.0 1501  2.3 2150  0.0
20  We        917 0322  2.2 1013  0.0 1549  2.2 2236  0.0
21  Th        917 0410  2.2 1100  0.0 1635  2.2 2321  0.1
22  Fr        917 0456  2.1 1145  0.1 1719  2.1 9999  9.9
23  Sa        917 0005  0.1 0543  2.1 1230  0.2 1804  2.0
24  Su        917 0050  0.2 0629  2.0 1314  0.3 1849  1.9
25  Mo        917 0134  0.3 0716  1.9 1359  0.4 1935  1.8
26  Tu        917 0220  0.4 0805  1.8 1445  0.4 2025  1.8
27  We        917 0308  0.4 0856  1.8 1535  0.5 2119  1.7
28  Th        917 0359  0.5 0948  1.8 1628  0.5 2214  1.7
29  Fr        917 0451  0.5 1041  1.8 1723  0.5 2308  1.7
30  Sa        917 0543  0.4 1132  1.8 1816  0.4 2358  1.8
 1  Su       1017 0633  0.4 1221  1.9 1906  0.4 9999  9.9
 2  Mo       1017 0043  1.8 0723  0.3 1306  1.9 1953  0.3
 3  Tu       1017 0127  1.9 0811  0.3 1351  2.0 2039  0.2
 4  We       1017 0211  2.0 0858  0.2 1435  2.1 2124  0.2
 5  Th       1017 0255  2.1 0945  0.1 1519  2.2 2209  0.1
 6  Fr       1017 0340  2.2 1032  0.1 1604  2.2 2255  0.1
 7  Sa       1017 0427  2.2 1121  0.1 1651  2.2 2343  0.1
 8  Su       1017 0516  2.2 1211  0.1 1740  2.2 9999  9.9
 9  Mo       1017 0034  0.1 0608  2.2 1303  0.1 1832  2.1
10  Tu       1017 0128  0.1 0702  2.2 1359  0.1 1928  2.1
11  We       1017 0225  0.1 0801  2.1 1457  0.2 2028  2.0
12  Th       1017 0325  0.2 0902  2.1 1559  0.2 2132  2.0
13  Fr       1017 0425  0.2 1005  2.1 1701  0.2 2236  2.0
14  Sa       1017 0526  0.1 1107  2.1 1801  0.2 2337  2.0
15  Su       1017 0624  0.1 1207  2.1 1858  0.1 9999  9.9
16  Mo       1017 0033  2.1 0720  0.1 1301  2.2 1951  0.1
17  Tu       1017 0126  2.1 0813  0.1 1352  2.2 2040  0.1
18  We       1017 0215  2.2 0903  0.1 1440  2.2 2127  0.1
19  Th       1017 0301  2.2 0950  0.1 1525  2.1 2211  0.1
20  Fr       1017 0347  2.1 1035  0.1 1609  2.1 2254  0.1
21  Sa       1017 0431  2.1 1118  0.2 1651  2.0 2336  0.2
22  Su       1017 0514  2.0 1200  0.3 1732  2.0 9999  9.9
23  Mo       1017 0018  0.3 0557  2.0 1242  0.3 1814  1.9
24  Tu       1017 0100  0.3 0641  1.9 1325  0.4 1858  1.8
25  We       1017 0144  0.4 0726  1.8 1409  0.4 1944  1.7
26  Th       1017 0230  0.4 0813  1.8 1457  0.5 2034  1.7
27  Fr       1017 0318  0.5 0902  1.8 1549  0.5 2128  1.7
28  Sa       1017 0409  0.5 0954  1.8 1642  0.5 2222  1.7
29  Su       1017 0502  0.4 1047  1.8 1736  0.4 2314  1.8
30  Mo       1017 0554  0.4 1139  1.9 1828  0.4 9999  9.9
31  Tu       1017 0004  1.8 0646  0.3 1228  1.9 1917  0.3
 1  We       1117 0052  1.9 0737  0.3 1317  2.0 2006  0.2
 2  Th       1117 0139  2.0 0828  0.2 1405  2.1 2054  0.1
 3  Fr       1117 0227  2.1 0919  0.1 1452  2.2 2142  0.1
 4  Sa       1117 0315  2.2 1009  0.1 1541  2.2 2231  0.0
 5  Su       1117 0405  2.3 1101  0.0 1630  2.2 2323  0.0
 6  Mo       1117 0457  2.3 1153  0.0 1722  2.2 9999  9.9
 7  Tu       1117 0016  0.0 0551  2.3 1247  0.0 1815  2.2
 8  We       1117 0111  0.0 0647  2.2 1343  0.1 1913  2.1
 9  Th       1117 0209  0.1 0746  2.2 1441  0.1 2013  2.1
10  Fr       1117 0308  0.1 0847  2.1 1542  0.1 2117  2.0
11  Sa       1117 0407  0.1 0949  2.1 1642  0.2 2220  2.0
12  Su       1117 0506  0.1 1050  2.1 1741  0.1 2319  2.0
13  Mo       1117 0604  0.1 1148  2.1 1836  0.1 9999  9.9
14  Tu       1117 0015  2.1 0659  0.1 1242  2.1 1928  0.1
15  We       1117 0106  2.1 0751  0.1 1331  2.1 2016  0.1
16  Th       1117 0154  2.1 0840  0.2 1417  2.1 2101  0.1
17  Fr       1117 0239  2.1 0926  0.2 1501  2.1 2144  0.2
18  Sa       1117 0323  2.1 1009  0.2 1543  2.0 2226  0.2
19  Su       1117 0405  2.0 1051  0.3 1623  2.0 2307  0.3
20  Mo       1117 0446  2.0 1132  0.3 1703  1.9 2348  0.3
21  Tu       1117 0527  1.9 1213  0.3 1742  1.9 9999  9.9
22  We       1117 0029  0.3 0608  1.9 1254  0.4 1823  1.8
23  Th       1117 0111  0.4 0650  1.9 1337  0.4 1907  1.7
24  Fr       1117 0155  0.4 0734  1.8 1422  0.5 1954  1.7
25  Sa       1117 0242  0.4 0821  1.8 1511  0.5 2044  1.7
26  Su       1117 0330  0.4 0911  1.8 1603  0.5 2138  1.7
27  Mo       1117 0422  0.4 1004  1.8 1656  0.4 2232  1.8
28  Tu       1117 0515  0.4 1058  1.9 1749  0.4 2325  1.9
29  We       1117 0610  0.3 1152  1.9 1842  0.3 9999  9.9
30  Th       1117 0018  2.0 0705  0.3 1245  2.0 1934  0.2
 1  Fr       1217 0109  2.1 0800  0.2 1337  2.1 2026  0.1
 2  Sa       1217 0201  2.2 0855  0.1 1428  2.2 2118  0.1
 3  Su       1217 0253  2.3 0948  0.0 1519  2.2 2210  0.0
 4  Mo       1217 0346  2.3 1042  0.0 1611  2.3 2304  0.0
 5  Tu       1217 0440  2.3 1135  0.0 1704  2.3 2359 -0.1
 6  We       1217 0534  2.3 1230  0.0 1759  2.2 9999  9.9
 7  Th       1217 0054  0.0 0631  2.3 1325  0.0 1856  2.2
 8  Fr       1217 0151  0.0 0728  2.2 1422  0.1 1955  2.1
 9  Sa       1217 0248  0.0 0828  2.2 1520  0.1 2057  2.1
10  Su       1217 0345  0.1 0928  2.1 1618  0.1 2158  2.0
11  Mo       1217 0443  0.1 1028  2.1 1715  0.2 2257  2.0
12  Tu       1217 0539  0.2 1125  2.0 1810  0.2 2352  2.0
13  We       1217 0634  0.2 1218  2.0 1901  0.2 9999  9.9
14  Th       1217 0043  2.0 0725  0.2 1307  2.0 1949  0.2
15  Fr       1217 0130  2.0 0814  0.3 1353  2.0 2034  0.2
16  Sa       1217 0215  2.0 0900  0.3 1436  2.0 2117  0.2
17  Su       1217 0259  2.0 0943  0.3 1517  2.0 2159  0.3
18  Mo       1217 0340  2.0 1025  0.3 1556  1.9 2240  0.3
19  Tu       1217 0420  2.0 1105  0.3 1635  1.9 2320  0.3
20  We       1217 0459  1.9 1145  0.3 1713  1.9 9999  9.9
21  Th       1217 0001  0.3 0538  1.9 1225  0.4 1753  1.8
22  Fr       1217 0042  0.4 0618  1.9 1307  0.4 1834  1.8
23  Sa       1217 0125  0.4 0700  1.9 1350  0.4 1919  1.8
24  Su       1217 0209  0.4 0744  1.9 1436  0.4 2007  1.8
25  Mo       1217 0256  0.4 0833  1.8 1526  0.4 2059  1.8
26  Tu       1217 0346  0.4 0926  1.9 1619  0.4 2154  1.8
27  We       1217 0441  0.4 1022  1.9 1714  0.4 2251  1.9
28  Th       1217 0539  0.3 1119  1.9 1810  0.3 2347  2.0
29  Fr       1217 0638  0.3 1216  2.0 1906  0.2 9999  9.9
30  Sa       1217 0043  2.1 0737  0.2 1312  2.1 2002  0.1
31  Su       1217 0139  2.2 0834  0.1 1406  2.2 2057  0.0
