030Port Chalmers
Based on data from  1-Jul-2007
Local Std Time, tidal heights in metres.
 1  Su        117 0529  2.0 1141  0.4 1748  1.9 2359  0.4
 2  Mo        117 0613  2.0 1226  0.4 1835  1.9 9999  9.9
 3  Tu        117 0045  0.4 0701  1.9 1313  0.4 1926  1.9
 4  We        117 0135  0.4 0751  1.9 1404  0.4 2019  1.9
 5  Th        117 0227  0.4 0846  1.9 1459  0.4 2116  1.9
 6  Fr        117 0324  0.4 0944  1.9 1555  0.4 2214  1.9
 7  Sa        117 0423  0.3 1044  1.9 1653  0.3 2313  2.0
 8  Su        117 0523  0.3 1143  2.0 1751  0.2 9999  9.9
 9  Mo        117 0012  2.1 0623  0.2 1240  2.1 1847  0.2
10  Tu        117 0109  2.2 0722  0.2 1335  2.1 1943  0.1
11  We        117 0204  2.2 0817  0.1 1429  2.2 2038  0.1
12  Th        117 0258  2.3 0911  0.1 1521  2.2 2132  0.0
13  Fr        117 0351  2.3 1004  0.1 1614  2.2 2225  0.0
14  Sa        117 0443  2.3 1056  0.1 1706  2.1 2318  0.1
15  Su        117 0535  2.2 1147  0.2 1758  2.1 9999  9.9
16  Mo        117 0010  0.2 0626  2.1 1238  0.2 1851  2.0
17  Tu        117 0102  0.2 0717  2.0 1330  0.3 1944  1.9
18  We        117 0154  0.3 0809  1.9 1423  0.4 2038  1.9
19  Th        117 0247  0.4 0902  1.8 1517  0.4 2132  1.8
20  Fr        117 0341  0.5 0956  1.8 1610  0.5 2225  1.8
21  Sa        117 0435  0.5 1050  1.7 1702  0.5 2317  1.8
22  Su        117 0528  0.5 1141  1.7 1751  0.5 9999  9.9
23  Mo        117 0006  1.8 0619  0.5 1228  1.8 1837  0.4
24  Tu        117 0052  1.8 0706  0.5 1312  1.8 1921  0.4
25  We        117 0135  1.9 0750  0.4 1354  1.8 2003  0.4
26  Th        117 0217  1.9 0832  0.4 1434  1.9 2043  0.4
27  Fr        117 0258  2.0 0911  0.4 1514  1.9 2124  0.3
28  Sa        117 0339  2.0 0951  0.3 1555  1.9 2205  0.3
29  Su        117 0420  2.0 1031  0.3 1638  1.9 2249  0.3
30  Mo        117 0503  2.0 1114  0.3 1723  2.0 2334  0.3
31  Tu        117 0548  2.0 1159  0.3 1811  2.0 9999  9.9
 1  We        217 0021  0.3 0636  2.0 1247  0.3 1902  2.0
 2  Th        217 0112  0.3 0728  2.0 1340  0.3 1957  2.0
 3  Fr        217 0206  0.3 0824  1.9 1436  0.3 2055  2.0
 4  Sa        217 0304  0.3 0924  1.9 1535  0.3 2156  2.0
 5  Su        217 0406  0.3 1026  1.9 1636  0.3 2257  2.0
 6  Mo        217 0510  0.3 1127  2.0 1736  0.3 2357  2.1
 7  Tu        217 0611  0.3 1225  2.0 1834  0.2 9999  9.9
 8  We        217 0055  2.1 0709  0.2 1321  2.1 1930  0.1
 9  Th        217 0150  2.2 0804  0.2 1413  2.1 2024  0.1
10  Fr        217 0243  2.2 0855  0.1 1504  2.1 2116  0.1
11  Sa        217 0333  2.2 0945  0.1 1554  2.1 2206  0.1
12  Su        217 0422  2.2 1033  0.2 1643  2.1 2255  0.1
13  Mo        217 0509  2.1 1120  0.2 1731  2.0 2343  0.2
14  Tu        217 0556  2.0 1206  0.3 1820  2.0 9999  9.9
15  We        217 0030  0.3 0643  1.9 1254  0.4 1908  1.9
16  Th        217 0118  0.4 0730  1.9 1343  0.4 1958  1.8
17  Fr        217 0207  0.5 0820  1.8 1433  0.5 2049  1.8
18  Sa        217 0258  0.5 0913  1.7 1526  0.5 2142  1.7
19  Su        217 0353  0.6 1008  1.7 1620  0.5 2235  1.7
20  Mo        217 0448  0.6 1101  1.7 1711  0.5 2327  1.7
21  Tu        217 0542  0.6 1152  1.7 1800  0.5 9999  9.9
22  We        217 0016  1.8 0632  0.5 1238  1.8 1846  0.4
23  Th        217 0101  1.8 0717  0.5 1321  1.8 1930  0.4
24  Fr        217 0145  1.9 0759  0.4 1403  1.9 2012  0.3
25  Sa        217 0227  2.0 0839  0.3 1445  1.9 2054  0.3
26  Su        217 0310  2.0 0920  0.3 1528  2.0 2138  0.2
27  Mo        217 0353  2.1 1002  0.2 1612  2.0 2223  0.2
28  Tu        217 0438  2.1 1047  0.2 1659  2.1 2310  0.2
 1  We        317 0525  2.1 1134  0.2 1748  2.1 9999  9.9
 2  Th        317 0000  0.2 0614  2.1 1224  0.2 1841  2.1
 3  Fr        317 0052  0.2 0708  2.0 1319  0.3 1938  2.0
 4  Sa        317 0149  0.3 0806  2.0 1417  0.3 2037  2.0
 5  Su        317 0250  0.3 0908  1.9 1519  0.3 2140  2.0
 6  Mo        317 0354  0.3 1012  1.9 1622  0.3 2243  2.0
 7  Tu        317 0459  0.3 1114  2.0 1724  0.3 2344  2.1
 8  We        317 0600  0.3 1212  2.0 1822  0.2 9999  9.9
 9  Th        317 0041  2.1 0657  0.2 1306  2.1 1917  0.2
10  Fr        317 0135  2.1 0749  0.2 1357  2.1 2009  0.2
11  Sa        317 0225  2.2 0837  0.2 1446  2.1 2058  0.1
12  Su        317 0313  2.1 0923  0.2 1533  2.1 2145  0.2
13  Mo        317 0358  2.1 1007  0.2 1618  2.1 2230  0.2
14  Tu        317 0442  2.0 1050  0.3 1703  2.0 2314  0.3
15  We        317 0525  2.0 1133  0.3 1747  1.9 2357  0.4
16  Th        317 0607  1.9 1217  0.4 1832  1.9 9999  9.9
17  Fr        317 0041  0.4 0651  1.8 1302  0.5 1917  1.8
18  Sa        317 0127  0.5 0737  1.7 1350  0.5 2005  1.7
19  Su        317 0216  0.6 0828  1.7 1441  0.6 2057  1.7
20  Mo        317 0309  0.6 0923  1.6 1535  0.6 2150  1.7
21  Tu        317 0406  0.6 1019  1.6 1628  0.6 2244  1.7
22  We        317 0501  0.6 1112  1.7 1719  0.5 2335  1.8
23  Th        317 0553  0.5 1200  1.7 1808  0.5 9999  9.9
24  Fr        317 0024  1.8 0639  0.4 1246  1.8 1854  0.4
25  Sa        317 0110  1.9 0723  0.4 1330  1.9 1939  0.3
26  Su        317 0155  2.0 0806  0.3 1414  2.0 2024  0.2
27  Mo        317 0240  2.1 0849  0.2 1500  2.1 2110  0.2
28  Tu        317 0326  2.1 0934  0.2 1547  2.1 2158  0.1
29  We        317 0413  2.2 1021  0.1 1636  2.2 2248  0.1
30  Th        317 0502  2.2 1110  0.1 1728  2.2 2340  0.1
31  Fr        317 0554  2.1 1204  0.2 1823  2.2 9999  9.9
 1  Sa        417 0035  0.2 0650  2.1 1301  0.2 1921  2.1
 2  Su        417 0134  0.2 0749  2.0 1401  0.2 2022  2.1
 3  Mo        417 0236  0.3 0853  2.0 1505  0.3 2125  2.1
 4  Tu        417 0341  0.3 0957  1.9 1608  0.3 2228  2.0
 5  We        417 0446  0.3 1059  2.0 1710  0.3 2328  2.0
 6  Th        417 0546  0.3 1156  2.0 1807  0.2 9999  9.9
 7  Fr        417 0025  2.1 0640  0.3 1249  2.0 1901  0.2
 8  Sa        417 0117  2.1 0730  0.2 1339  2.1 1951  0.2
 9  Su        417 0205  2.1 0815  0.2 1425  2.1 2037  0.2
10  Mo        417 0250  2.1 0859  0.2 1510  2.0 2122  0.2
11  Tu        417 0332  2.0 0940  0.3 1553  2.0 2204  0.3
12  We        417 0413  2.0 1021  0.3 1635  2.0 2245  0.3
13  Th        417 0453  1.9 1101  0.4 1716  1.9 2326  0.4
14  Fr        417 0533  1.8 1142  0.4 1757  1.9 9999  9.9
15  Sa        417 0007  0.5 0614  1.8 1224  0.5 1840  1.8
16  Su        417 0051  0.5 0658  1.7 1310  0.5 1925  1.8
17  Mo        417 0138  0.6 0747  1.7 1359  0.6 2014  1.7
18  Tu        417 0229  0.6 0840  1.6 1451  0.6 2106  1.7
19  We        417 0323  0.6 0935  1.6 1544  0.6 2200  1.7
20  Th        417 0418  0.6 1030  1.7 1636  0.5 2254  1.8
21  Fr        417 0510  0.5 1121  1.8 1727  0.5 2345  1.9
22  Sa        417 0559  0.4 1210  1.9 1817  0.4 9999  9.9
23  Su        417 0035  1.9 0646  0.3 1257  2.0 1906  0.3
24  Mo        417 0123  2.0 0732  0.2 1345  2.1 1955  0.2
25  Tu        417 0211  2.1 0819  0.2 1434  2.2 2045  0.1
26  We        417 0300  2.2 0907  0.1 1524  2.2 2136  0.1
27  Th        417 0350  2.2 0957  0.1 1615  2.3 2228  0.1
28  Fr        417 0441  2.2 1050  0.1 1709  2.3 2322  0.1
29  Sa        417 0535  2.2 1145  0.1 1805  2.2 9999  9.9
30  Su        417 0019  0.1 0632  2.1 1244  0.1 1904  2.2
 1  Mo        517 0118  0.2 0733  2.0 1345  0.2 2005  2.1
 2  Tu        517 0221  0.2 0835  2.0 1448  0.2 2107  2.1
 3  We        517 0325  0.3 0939  2.0 1551  0.3 2209  2.0
 4  Th        517 0427  0.3 1040  2.0 1651  0.3 2308  2.0
 5  Fr        517 0525  0.3 1136  2.0 1748  0.3 9999  9.9
 6  Sa        517 0003  2.0 0618  0.3 1228  2.0 1840  0.3
 7  Su        517 0054  2.0 0706  0.3 1317  2.0 1929  0.3
 8  Mo        517 0141  2.0 0751  0.3 1402  2.0 2014  0.3
 9  Tu        517 0224  2.0 0833  0.3 1445  2.0 2057  0.3
10  We        517 0306  1.9 0913  0.3 1527  2.0 2138  0.3
11  Th        517 0345  1.9 0952  0.3 1607  1.9 2218  0.4
12  Fr        517 0424  1.9 1031  0.4 1647  1.9 2258  0.4
13  Sa        517 0502  1.8 1111  0.4 1726  1.9 2338  0.5
14  Su        517 0542  1.8 1153  0.5 1807  1.8 9999  9.9
15  Mo        517 0020  0.5 0625  1.7 1237  0.5 1851  1.8
16  Tu        517 0105  0.5 0712  1.7 1323  0.5 1937  1.8
17  We        517 0153  0.5 0802  1.7 1413  0.5 2027  1.8
18  Th        517 0244  0.5 0855  1.7 1504  0.5 2120  1.8
19  Fr        517 0337  0.5 0950  1.7 1556  0.5 2214  1.8
20  Sa        517 0430  0.5 1043  1.8 1649  0.4 2308  1.9
21  Su        517 0521  0.4 1135  1.9 1742  0.4 9999  9.9
22  Mo        517 0002  1.9 0611  0.3 1227  2.0 1835  0.3
23  Tu        517 0054  2.0 0701  0.2 1318  2.1 1929  0.2
24  We        517 0145  2.1 0752  0.1 1410  2.2 2022  0.1
25  Th        517 0237  2.2 0843  0.1 1503  2.3 2116  0.1
26  Fr        517 0329  2.2 0936  0.0 1557  2.3 2210  0.0
27  Sa        517 0422  2.2 1031  0.0 1652  2.3 2305  0.0
28  Su        517 0517  2.2 1128  0.0 1748  2.3 9999  9.9
29  Mo        517 0002  0.1 0614  2.1 1226  0.1 1845  2.2
30  Tu        517 0100  0.1 0713  2.1 1326  0.1 1944  2.2
31  We        517 0201  0.2 0814  2.0 1427  0.2 2044  2.1
 1  Th        617 0302  0.3 0916  2.0 1527  0.3 2144  2.0
 2  Fr        617 0402  0.3 1015  2.0 1626  0.3 2242  2.0
 3  Sa        617 0459  0.3 1111  2.0 1722  0.3 2337  2.0
 4  Su        617 0551  0.3 1203  1.9 1814  0.3 9999  9.9
 5  Mo        617 0028  1.9 0639  0.3 1251  1.9 1903  0.4
 6  Tu        617 0114  1.9 0723  0.3 1336  1.9 1949  0.4
 7  We        617 0157  1.9 0805  0.3 1419  1.9 2032  0.4
 8  Th        617 0238  1.9 0846  0.3 1501  1.9 2113  0.4
 9  Fr        617 0318  1.9 0925  0.4 1540  1.9 2153  0.4
10  Sa        617 0356  1.8 1004  0.4 1620  1.9 2232  0.4
11  Su        617 0435  1.8 1044  0.4 1659  1.9 2311  0.4
12  Mo        617 0514  1.8 1125  0.4 1739  1.9 2352  0.4
13  Tu        617 0556  1.8 1207  0.4 1821  1.9 9999  9.9
14  We        617 0035  0.5 0641  1.8 1252  0.5 1906  1.9
15  Th        617 0120  0.5 0729  1.7 1339  0.5 1954  1.8
16  Fr        617 0209  0.5 0821  1.8 1429  0.5 2045  1.8
17  Sa        617 0300  0.5 0914  1.8 1521  0.4 2140  1.9
18  Su        617 0354  0.4 1010  1.8 1616  0.4 2236  1.9
19  Mo        617 0448  0.4 1105  1.9 1713  0.3 2333  1.9
20  Tu        617 0542  0.3 1201  2.0 1810  0.3 9999  9.9
21  We        617 0029  2.0 0636  0.2 1256  2.1 1907  0.2
22  Th        617 0123  2.1 0730  0.1 1351  2.2 2003  0.1
23  Fr        617 0217  2.2 0824  0.1 1446  2.3 2058  0.1
24  Sa        617 0310  2.2 0919  0.0 1540  2.3 2153  0.0
25  Su        617 0404  2.2 1014  0.0 1635  2.3 2248  0.0
26  Mo        617 0459  2.2 1110  0.0 1729  2.3 2343  0.1
27  Tu        617 0554  2.2 1207  0.1 1825  2.3 9999  9.9
28  We        617 0038  0.1 0651  2.1 1304  0.1 1920  2.2
29  Th        617 0135  0.2 0749  2.0 1401  0.2 2017  2.1
30  Fr        617 0233  0.3 0847  2.0 1458  0.3 2114  2.0
 1  Sa        717 0330  0.3 0945  1.9 1555  0.3 2211  1.9
 2  Su        717 0426  0.4 1040  1.9 1651  0.4 2306  1.9
 3  Mo        717 0519  0.4 1133  1.9 1744  0.4 2357  1.8
 4  Tu        717 0608  0.4 1222  1.9 1834  0.4 9999  9.9
 5  We        717 0045  1.8 0654  0.4 1308  1.9 1922  0.4
 6  Th        717 0129  1.8 0737  0.4 1352  1.9 2006  0.4
 7  Fr        717 0211  1.8 0819  0.4 1434  1.9 2047  0.4
 8  Sa        717 0250  1.9 0859  0.4 1514  1.9 2127  0.4
 9  Su        717 0329  1.9 0938  0.4 1553  1.9 2205  0.4
10  Mo        717 0408  1.9 1018  0.4 1632  2.0 2244  0.4
11  Tu        717 0448  1.9 1058  0.4 1712  2.0 2324  0.4
12  We        717 0529  1.8 1140  0.4 1754  1.9 9999  9.9
13  Th        717 0006  0.4 0613  1.8 1224  0.4 1838  1.9
14  Fr        717 0050  0.4 0701  1.8 1310  0.4 1925  1.9
15  Sa        717 0138  0.4 0751  1.8 1400  0.4 2016  1.9
16  Su        717 0229  0.4 0845  1.9 1453  0.4 2112  1.9
17  Mo        717 0324  0.4 0942  1.9 1550  0.4 2211  1.9
18  Tu        717 0421  0.3 1041  2.0 1650  0.3 2311  1.9
19  We        717 0519  0.3 1140  2.0 1751  0.3 9999  9.9
20  Th        717 0009  2.0 0616  0.2 1238  2.1 1850  0.2
21  Fr        717 0106  2.1 0713  0.1 1335  2.2 1948  0.1
22  Sa        717 0200  2.2 0808  0.1 1430  2.3 2043  0.1
23  Su        717 0254  2.2 0903  0.0 1524  2.3 2136  0.0
24  Mo        717 0346  2.2 0957  0.0 1616  2.3 2229  0.0
25  Tu        717 0439  2.2 1051  0.0 1709  2.3 2321  0.1
26  We        717 0532  2.2 1144  0.1 1800  2.2 9999  9.9
27  Th        717 0013  0.1 0625  2.1 1238  0.1 1853  2.1
28  Fr        717 0106  0.2 0720  2.0 1331  0.2 1945  2.0
29  Sa        717 0159  0.3 0815  1.9 1425  0.3 2040  1.9
30  Su        717 0254  0.4 0910  1.9 1519  0.4 2135  1.8
31  Mo        717 0349  0.4 1005  1.8 1615  0.5 2230  1.8
 1  Tu        817 0442  0.4 1058  1.8 1710  0.5 2323  1.8
 2  We        817 0533  0.4 1149  1.8 1802  0.5 9999  9.9
 3  Th        817 0013  1.8 0622  0.4 1237  1.8 1851  0.5
 4  Fr        817 0059  1.8 0707  0.4 1322  1.9 1937  0.4
 5  Sa        817 0141  1.8 0750  0.4 1404  1.9 2019  0.4
 6  Su        817 0221  1.9 0830  0.4 1445  1.9 2058  0.4
 7  Mo        817 0301  1.9 0910  0.3 1524  2.0 2136  0.3
 8  Tu        817 0340  1.9 0950  0.3 1604  2.0 2215  0.3
 9  We        817 0420  1.9 1031  0.3 1644  2.0 2255  0.3
10  Th        817 0503  1.9 1113  0.3 1727  2.0 2337  0.3
11  Fr        817 0547  1.9 1158  0.3 1812  2.0 9999  9.9
12  Sa        817 0022  0.3 0635  1.9 1246  0.3 1900  2.0
13  Su        817 0111  0.3 0727  1.9 1337  0.3 1953  1.9
14  Mo        817 0204  0.4 0822  1.9 1432  0.3 2050  1.9
15  Tu        817 0301  0.4 0922  2.0 1532  0.4 2152  1.9
16  We        817 0401  0.3 1023  2.0 1635  0.3 2254  1.9
17  Th        817 0502  0.3 1124  2.0 1737  0.3 2354  2.0
18  Fr        817 0602  0.2 1223  2.1 1837  0.2 9999  9.9
19  Sa        817 0051  2.1 0659  0.1 1320  2.2 1934  0.2
20  Su        817 0145  2.1 0754  0.1 1414  2.2 2027  0.1
21  Mo        817 0237  2.2 0848  0.0 1506  2.3 2118  0.1
22  Tu        817 0328  2.2 0940  0.0 1557  2.3 2207  0.1
23  We        817 0418  2.2 1030  0.1 1646  2.2 2256  0.1
24  Th        817 0508  2.1 1120  0.1 1734  2.2 2344  0.2
25  Fr        817 0558  2.1 1209  0.2 1822  2.0 9999  9.9
26  Sa        817 0033  0.3 0648  2.0 1258  0.3 1911  1.9
27  Su        817 0123  0.3 0739  1.9 1349  0.4 2002  1.8
28  Mo        817 0215  0.4 0831  1.8 1441  0.5 2055  1.8
29  Tu        817 0308  0.5 0925  1.8 1536  0.5 2151  1.7
30  We        817 0402  0.5 1019  1.8 1632  0.5 2246  1.7
31  Th        817 0456  0.5 1112  1.8 1727  0.5 2338  1.7
 1  Fr        917 0546  0.5 1202  1.8 1818  0.5 9999  9.9
 2  Sa        917 0025  1.8 0633  0.4 1248  1.8 1904  0.4
 3  Su        917 0108  1.8 0717  0.4 1331  1.9 1946  0.4
 4  Mo        917 0150  1.9 0759  0.3 1413  2.0 2026  0.3
 5  Tu        917 0230  1.9 0840  0.3 1454  2.0 2105  0.3
 6  We        917 0311  2.0 0921  0.3 1535  2.1 2144  0.3
 7  Th        917 0353  2.0 1004  0.2 1617  2.1 2226  0.2
 8  Fr        917 0437  2.0 1048  0.2 1701  2.1 2310  0.2
 9  Sa        917 0523  2.1 1135  0.2 1748  2.1 2357  0.2
10  Su        917 0613  2.1 1225  0.2 1839  2.0 9999  9.9
11  Mo        917 0049  0.3 0707  2.0 1318  0.3 1934  2.0
12  Tu        917 0145  0.3 0804  2.0 1416  0.3 2033  1.9
13  We        917 0244  0.3 0905  2.0 1518  0.3 2137  1.9
14  Th        917 0347  0.3 1008  2.0 1623  0.3 2240  1.9
15  Fr        917 0449  0.3 1110  2.1 1726  0.3 2340  2.0
16  Sa        917 0549  0.2 1210  2.1 1825  0.2 9999  9.9
17  Su        917 0036  2.1 0646  0.2 1305  2.2 1919  0.2
18  Mo        917 0129  2.1 0740  0.1 1358  2.2 2010  0.1
19  Tu        917 0220  2.2 0831  0.1 1447  2.2 2058  0.1
20  We        917 0308  2.2 0921  0.1 1535  2.2 2144  0.1
21  Th        917 0356  2.2 1008  0.1 1621  2.1 2229  0.2
22  Fr        917 0443  2.1 1054  0.2 1706  2.1 2314  0.2
23  Sa        917 0529  2.0 1140  0.3 1751  2.0 9999  9.9
24  Su        917 0000  0.3 0616  2.0 1226  0.3 1836  1.9
25  Mo        917 0046  0.4 0703  1.9 1313  0.4 1923  1.8
26  Tu        917 0135  0.5 0752  1.8 1402  0.5 2014  1.7
27  We        917 0226  0.5 0843  1.8 1455  0.5 2109  1.7
28  Th        917 0320  0.5 0936  1.7 1551  0.6 2205  1.7
29  Fr        917 0414  0.5 1030  1.7 1647  0.5 2258  1.7
30  Sa        917 0506  0.5 1121  1.8 1739  0.5 2347  1.7
 1  Su       1017 0554  0.5 1210  1.8 1826  0.4 9999  9.9
 2  Mo       1017 0032  1.8 0640  0.4 1255  1.9 1909  0.4
 3  Tu       1017 0115  1.9 0724  0.3 1339  2.0 1950  0.3
 4  We       1017 0158  2.0 0807  0.3 1422  2.0 2031  0.3
 5  Th       1017 0241  2.0 0851  0.2 1505  2.1 2113  0.2
 6  Fr       1017 0325  2.1 0937  0.2 1550  2.1 2158  0.2
 7  Sa       1017 0412  2.1 1024  0.1 1637  2.1 2245  0.2
 8  Su       1017 0502  2.2 1114  0.1 1727  2.1 2336  0.2
 9  Mo       1017 0554  2.2 1207  0.2 1820  2.1 9999  9.9
10  Tu       1017 0030  0.2 0650  2.1 1303  0.2 1917  2.0
11  We       1017 0128  0.2 0749  2.1 1403  0.3 2019  2.0
12  Th       1017 0230  0.3 0851  2.1 1506  0.3 2122  2.0
13  Fr       1017 0333  0.3 0953  2.1 1611  0.3 2225  2.0
14  Sa       1017 0436  0.2 1055  2.1 1713  0.3 2325  2.0
15  Su       1017 0535  0.2 1154  2.1 1810  0.2 9999  9.9
16  Mo       1017 0020  2.1 0631  0.2 1248  2.1 1902  0.2
17  Tu       1017 0112  2.1 0724  0.2 1339  2.1 1950  0.2
18  We       1017 0201  2.1 0813  0.2 1427  2.1 2036  0.2
19  Th       1017 0248  2.1 0900  0.2 1512  2.1 2120  0.2
20  Fr       1017 0333  2.1 0945  0.2 1555  2.0 2203  0.2
21  Sa       1017 0417  2.0 1029  0.3 1638  2.0 2245  0.3
22  Su       1017 0501  2.0 1112  0.3 1720  1.9 2328  0.4
23  Mo       1017 0544  1.9 1155  0.4 1802  1.8 9999  9.9
24  Tu       1017 0012  0.4 0628  1.9 1239  0.5 1847  1.8
25  We       1017 0058  0.5 0713  1.8 1326  0.5 1935  1.7
26  Th       1017 0146  0.5 0801  1.8 1416  0.5 2027  1.7
27  Fr       1017 0237  0.5 0852  1.7 1509  0.6 2121  1.7
28  Sa       1017 0330  0.5 0945  1.7 1604  0.5 2215  1.7
29  Su       1017 0421  0.5 1037  1.8 1656  0.5 2305  1.7
30  Mo       1017 0512  0.5 1128  1.8 1744  0.5 2353  1.8
31  Tu       1017 0600  0.4 1217  1.9 1829  0.4 9999  9.9
 1  We       1117 0039  1.9 0648  0.3 1304  2.0 1914  0.3
 2  Th       1117 0125  2.0 0735  0.3 1350  2.0 1958  0.2
 3  Fr       1117 0212  2.1 0823  0.2 1437  2.1 2044  0.2
 4  Sa       1117 0300  2.2 0912  0.1 1526  2.2 2132  0.1
 5  Su       1117 0350  2.2 1003  0.1 1615  2.2 2223  0.1
 6  Mo       1117 0443  2.2 1055  0.1 1708  2.2 2317  0.1
 7  Tu       1117 0537  2.2 1150  0.1 1803  2.1 9999  9.9
 8  We       1117 0014  0.1 0634  2.2 1248  0.2 1901  2.1
 9  Th       1117 0113  0.2 0733  2.2 1348  0.2 2003  2.0
10  Fr       1117 0215  0.2 0834  2.1 1451  0.2 2106  2.0
11  Sa       1117 0317  0.2 0936  2.1 1554  0.3 2208  2.0
12  Su       1117 0419  0.2 1037  2.1 1654  0.3 2306  2.0
13  Mo       1117 0518  0.2 1135  2.1 1750  0.2 9999  9.9
14  Tu       1117 0001  2.0 0613  0.2 1228  2.0 1841  0.2
15  We       1117 0052  2.0 0705  0.2 1318  2.0 1928  0.2
16  Th       1117 0140  2.1 0753  0.3 1404  2.0 2013  0.2
17  Fr       1117 0226  2.0 0839  0.3 1448  2.0 2055  0.3
18  Sa       1117 0310  2.0 0922  0.3 1530  1.9 2137  0.3
19  Su       1117 0353  2.0 1004  0.3 1610  1.9 2218  0.3
20  Mo       1117 0434  1.9 1045  0.4 1651  1.8 2259  0.4
21  Tu       1117 0515  1.9 1126  0.4 1731  1.8 2341  0.4
22  We       1117 0556  1.9 1208  0.5 1813  1.7 9999  9.9
23  Th       1117 0024  0.5 0639  1.8 1252  0.5 1859  1.7
24  Fr       1117 0110  0.5 0723  1.8 1339  0.5 1947  1.7
25  Sa       1117 0158  0.5 0811  1.8 1428  0.5 2038  1.7
26  Su       1117 0247  0.5 0901  1.8 1520  0.5 2131  1.7
27  Mo       1117 0338  0.5 0954  1.8 1611  0.5 2223  1.8
28  Tu       1117 0429  0.5 1047  1.8 1702  0.4 2314  1.8
29  We       1117 0521  0.4 1140  1.9 1751  0.4 9999  9.9
30  Th       1117 0005  1.9 0613  0.3 1231  2.0 1839  0.3
 1  Fr       1217 0055  2.0 0705  0.3 1322  2.0 1928  0.2
 2  Sa       1217 0146  2.1 0758  0.2 1412  2.1 2019  0.1
 3  Su       1217 0238  2.2 0850  0.1 1503  2.2 2110  0.1
 4  Mo       1217 0331  2.3 0944  0.1 1556  2.2 2204  0.0
 5  Tu       1217 0425  2.3 1038  0.1 1650  2.2 2300  0.0
 6  We       1217 0520  2.3 1134  0.1 1745  2.2 2357  0.1
 7  Th       1217 0617  2.3 1231  0.1 1843  2.1 9999  9.9
 8  Fr       1217 0056  0.1 0715  2.2 1330  0.2 1944  2.1
 9  Sa       1217 0156  0.1 0814  2.2 1431  0.2 2045  2.0
10  Su       1217 0257  0.2 0914  2.1 1532  0.3 2145  2.0
11  Mo       1217 0357  0.2 1014  2.0 1631  0.3 2244  2.0
12  Tu       1217 0455  0.3 1111  2.0 1726  0.3 2338  2.0
13  We       1217 0551  0.3 1205  2.0 1817  0.3 9999  9.9
14  Th       1217 0030  2.0 0643  0.3 1254  1.9 1904  0.3
15  Fr       1217 0118  2.0 0731  0.4 1340  1.9 1949  0.3
16  Sa       1217 0203  2.0 0817  0.4 1424  1.9 2031  0.3
17  Su       1217 0247  2.0 0900  0.4 1505  1.9 2112  0.3
18  Mo       1217 0328  1.9 0941  0.4 1544  1.9 2152  0.4
19  Tu       1217 0408  1.9 1020  0.4 1623  1.8 2232  0.4
20  We       1217 0448  1.9 1100  0.4 1703  1.8 2313  0.4
21  Th       1217 0527  1.9 1139  0.4 1743  1.8 2354  0.4
22  Fr       1217 0607  1.9 1221  0.5 1826  1.7 9999  9.9
23  Sa       1217 0037  0.5 0649  1.8 1304  0.5 1912  1.7
24  Su       1217 0122  0.5 0735  1.8 1350  0.5 2000  1.7
25  Mo       1217 0209  0.5 0823  1.8 1439  0.5 2051  1.7
26  Tu       1217 0259  0.5 0915  1.8 1531  0.5 2145  1.8
27  We       1217 0352  0.5 1011  1.8 1623  0.4 2240  1.8
28  Th       1217 0447  0.4 1107  1.9 1717  0.4 2335  1.9
29  Fr       1217 0544  0.4 1203  1.9 1810  0.3 9999  9.9
30  Sa       1217 0030  2.0 0640  0.3 1257  2.0 1903  0.2
31  Su       1217 0124  2.1 0737  0.2 1351  2.1 1957  0.1
