031Whakatane
Based on data from  1-Jul-2005
Local Std Time, tidal heights in metres.
 1  Su        117 0251  0.4 0858  2.0 1522  0.5 2110  1.8
 2  Mo        117 0331  0.4 0938  2.0 1605  0.5 2152  1.8
 3  Tu        117 0413  0.4 1020  2.0 1648  0.5 2236  1.9
 4  We        117 0457  0.4 1104  2.0 1734  0.4 2324  1.9
 5  Th        117 0544  0.4 1151  2.0 1822  0.4 9999  9.9
 6  Fr        117 0015  1.9 0636  0.5 1243  2.0 1913  0.4
 7  Sa        117 0110  1.9 0732  0.5 1338  2.0 2008  0.4
 8  Su        117 0210  1.9 0832  0.5 1436  2.0 2107  0.4
 9  Mo        117 0313  1.9 0935  0.5 1537  2.0 2207  0.3
10  Tu        117 0416  1.9 1038  0.5 1637  2.0 2307  0.3
11  We        117 0517  2.0 1139  0.4 1737  2.0 9999  9.9
12  Th        117 0005  0.3 0615  2.1 1238  0.4 1835  2.0
13  Fr        117 0101  0.2 0709  2.1 1334  0.3 1930  2.0
14  Sa        117 0154  0.2 0801  2.1 1428  0.3 2023  2.0
15  Su        117 0245  0.2 0852  2.1 1519  0.3 2114  2.0
16  Mo        117 0334  0.2 0941  2.1 1609  0.3 2203  2.0
17  Tu        117 0421  0.3 1028  2.1 1657  0.4 2252  1.9
18  We        117 0509  0.4 1116  2.0 1744  0.4 2341  1.9
19  Th        117 0556  0.4 1203  1.9 1831  0.5 9999  9.9
20  Fr        117 0030  1.8 0644  0.5 1250  1.9 1918  0.5
21  Sa        117 0121  1.7 0734  0.6 1339  1.8 2006  0.5
22  Su        117 0215  1.7 0826  0.6 1429  1.8 2056  0.6
23  Mo        117 0309  1.7 0919  0.7 1520  1.7 2147  0.6
24  Tu        117 0403  1.7 1012  0.7 1611  1.7 2238  0.6
25  We        117 0454  1.7 1104  0.7 1701  1.7 2327  0.5
26  Th        117 0542  1.8 1154  0.6 1749  1.7 9999  9.9
27  Fr        117 0014  0.5 0626  1.8 1241  0.6 1835  1.8
28  Sa        117 0059  0.5 0708  1.9 1327  0.5 1919  1.8
29  Su        117 0142  0.4 0750  2.0 1412  0.5 2003  1.9
30  Mo        117 0225  0.4 0831  2.0 1456  0.4 2046  1.9
31  Tu        117 0308  0.4 0913  2.0 1540  0.4 2130  1.9
 1  We        217 0352  0.4 0957  2.0 1625  0.4 2216  1.9
 2  Th        217 0438  0.4 1042  2.0 1711  0.4 2304  1.9
 3  Fr        217 0526  0.4 1131  2.0 1800  0.4 2355  1.9
 4  Sa        217 0619  0.4 1223  2.0 1852  0.4 9999  9.9
 5  Su        217 0051  1.9 0715  0.5 1318  2.0 1948  0.4
 6  Mo        217 0151  1.9 0816  0.5 1418  1.9 2048  0.4
 7  Tu        217 0255  1.9 0920  0.5 1520  1.9 2150  0.4
 8  We        217 0359  1.9 1023  0.5 1622  1.9 2251  0.4
 9  Th        217 0501  2.0 1125  0.5 1723  1.9 2350  0.3
10  Fr        217 0559  2.0 1223  0.4 1821  1.9 9999  9.9
11  Sa        217 0045  0.3 0653  2.0 1318  0.4 1915  2.0
12  Su        217 0136  0.3 0743  2.1 1409  0.4 2005  2.0
13  Mo        217 0225  0.3 0831  2.1 1457  0.3 2053  2.0
14  Tu        217 0311  0.3 0916  2.1 1543  0.4 2139  2.0
15  We        217 0356  0.3 1001  2.0 1627  0.4 2223  1.9
16  Th        217 0440  0.4 1044  2.0 1711  0.4 2308  1.9
17  Fr        217 0524  0.5 1128  1.9 1754  0.5 2353  1.8
18  Sa        217 0610  0.5 1212  1.8 1838  0.5 9999  9.9
19  Su        217 0041  1.8 0657  0.6 1258  1.8 1924  0.6
20  Mo        217 0131  1.7 0747  0.6 1346  1.7 2013  0.6
21  Tu        217 0224  1.7 0839  0.7 1437  1.7 2104  0.6
22  We        217 0319  1.7 0932  0.7 1530  1.7 2157  0.6
23  Th        217 0412  1.7 1026  0.7 1623  1.7 2249  0.6
24  Fr        217 0502  1.8 1118  0.6 1714  1.7 2339  0.5
25  Sa        217 0549  1.8 1208  0.6 1803  1.8 9999  9.9
26  Su        217 0027  0.5 0634  1.9 1255  0.5 1850  1.9
27  Mo        217 0114  0.4 0719  2.0 1342  0.4 1936  1.9
28  Tu        217 0159  0.3 0803  2.0 1428  0.4 2022  2.0
 1  We        317 0245  0.3 0848  2.1 1514  0.3 2108  2.0
 2  Th        317 0331  0.3 0934  2.1 1601  0.3 2156  2.0
 3  Fr        317 0419  0.3 1022  2.1 1649  0.3 2245  2.0
 4  Sa        317 0510  0.3 1112  2.0 1739  0.3 2337  2.0
 5  Su        317 0604  0.4 1205  2.0 1833  0.3 9999  9.9
 6  Mo        317 0034  1.9 0702  0.4 1302  1.9 1930  0.4
 7  Tu        317 0134  1.9 0803  0.5 1402  1.9 2031  0.4
 8  We        317 0239  1.9 0906  0.5 1506  1.9 2134  0.4
 9  Th        317 0344  1.9 1010  0.5 1610  1.8 2235  0.4
10  Fr        317 0445  1.9 1110  0.5 1711  1.9 2334  0.4
11  Sa        317 0542  1.9 1207  0.5 1807  1.9 9999  9.9
12  Su        317 0027  0.4 0634  2.0 1259  0.4 1858  1.9
13  Mo        317 0117  0.4 0721  2.0 1347  0.4 1945  1.9
14  Tu        317 0203  0.4 0806  2.0 1432  0.4 2030  1.9
15  We        317 0247  0.4 0849  2.0 1514  0.4 2112  1.9
16  Th        317 0329  0.4 0930  2.0 1555  0.4 2154  1.9
17  Fr        317 0411  0.4 1011  1.9 1636  0.4 2235  1.9
18  Sa        317 0453  0.5 1052  1.9 1716  0.5 2317  1.8
19  Su        317 0536  0.6 1134  1.8 1758  0.5 9999  9.9
20  Mo        317 0001  1.8 0621  0.6 1218  1.7 1842  0.6
21  Tu        317 0048  1.7 0709  0.6 1304  1.7 1929  0.6
22  We        317 0139  1.7 0800  0.7 1355  1.7 2020  0.6
23  Th        317 0232  1.7 0853  0.7 1448  1.7 2114  0.6
24  Fr        317 0326  1.7 0946  0.6 1543  1.7 2209  0.6
25  Sa        317 0419  1.8 1040  0.6 1638  1.7 2302  0.5
26  Su        317 0510  1.8 1131  0.5 1730  1.8 2354  0.5
27  Mo        317 0559  1.9 1222  0.4 1821  1.9 9999  9.9
28  Tu        317 0044  0.4 0647  2.0 1311  0.4 1910  2.0
29  We        317 0132  0.3 0734  2.1 1359  0.3 1958  2.1
30  Th        317 0221  0.3 0822  2.1 1448  0.2 2047  2.1
31  Fr        317 0311  0.3 0911  2.1 1537  0.2 2136  2.1
 1  Sa        417 0402  0.3 1002  2.1 1628  0.2 2227  2.1
 2  Su        417 0455  0.3 1054  2.1 1720  0.3 2321  2.1
 3  Mo        417 0550  0.4 1149  2.0 1814  0.3 9999  9.9
 4  Tu        417 0018  2.0 0649  0.4 1247  1.9 1912  0.4
 5  We        417 0118  1.9 0749  0.5 1348  1.9 2013  0.5
 6  Th        417 0222  1.9 0851  0.5 1452  1.8 2116  0.5
 7  Fr        417 0325  1.9 0953  0.5 1556  1.8 2217  0.5
 8  Sa        417 0426  1.9 1051  0.5 1656  1.8 2314  0.5
 9  Su        417 0520  1.9 1146  0.5 1750  1.8 9999  9.9
10  Mo        417 0006  0.5 0610  1.9 1235  0.5 1838  1.9
11  Tu        417 0054  0.5 0656  1.9 1320  0.4 1923  1.9
12  We        417 0138  0.5 0739  1.9 1403  0.4 2005  1.9
13  Th        417 0221  0.5 0820  1.9 1443  0.4 2045  1.9
14  Fr        417 0302  0.5 0900  1.9 1522  0.4 2124  1.9
15  Sa        417 0343  0.5 0939  1.8 1601  0.5 2203  1.9
16  Su        417 0424  0.5 1019  1.8 1640  0.5 2243  1.8
17  Mo        417 0506  0.6 1059  1.8 1720  0.5 2325  1.8
18  Tu        417 0549  0.6 1141  1.7 1802  0.6 9999  9.9
19  We        417 0009  1.8 0635  0.6 1226  1.7 1847  0.6
20  Th        417 0056  1.7 0723  0.6 1315  1.7 1937  0.6
21  Fr        417 0147  1.7 0814  0.6 1408  1.7 2032  0.6
22  Sa        417 0241  1.8 0907  0.6 1505  1.7 2128  0.6
23  Su        417 0336  1.8 1001  0.5 1602  1.8 2225  0.5
24  Mo        417 0430  1.9 1055  0.5 1658  1.9 2320  0.5
25  Tu        417 0523  1.9 1148  0.4 1752  2.0 9999  9.9
26  We        417 0014  0.4 0615  2.0 1240  0.3 1844  2.1
27  Th        417 0107  0.3 0707  2.1 1332  0.2 1935  2.1
28  Fr        417 0159  0.3 0758  2.1 1424  0.2 2026  2.2
29  Sa        417 0252  0.2 0850  2.1 1515  0.2 2117  2.2
30  Su        417 0345  0.2 0943  2.1 1607  0.2 2210  2.2
 1  Mo        517 0440  0.3 1037  2.0 1700  0.2 2304  2.1
 2  Tu        517 0536  0.3 1132  2.0 1755  0.3 9999  9.9
 3  We        517 0001  2.0 0633  0.4 1230  1.9 1853  0.4
 4  Th        517 0100  2.0 0732  0.4 1331  1.8 1952  0.5
 5  Fr        517 0201  1.9 0831  0.5 1434  1.8 2053  0.5
 6  Sa        517 0301  1.9 0930  0.5 1536  1.8 2152  0.6
 7  Su        517 0359  1.8 1026  0.5 1634  1.8 2248  0.6
 8  Mo        517 0452  1.8 1118  0.5 1727  1.8 2340  0.6
 9  Tu        517 0541  1.8 1206  0.5 1814  1.8 9999  9.9
10  We        517 0027  0.5 0626  1.8 1250  0.5 1858  1.9
11  Th        517 0111  0.5 0709  1.8 1332  0.5 1938  1.9
12  Fr        517 0153  0.5 0749  1.8 1412  0.5 2018  1.9
13  Sa        517 0235  0.5 0829  1.8 1451  0.5 2056  1.9
14  Su        517 0316  0.5 0908  1.8 1529  0.5 2134  1.9
15  Mo        517 0356  0.5 0947  1.8 1607  0.5 2213  1.9
16  Tu        517 0438  0.6 1027  1.7 1646  0.5 2252  1.8
17  We        517 0520  0.6 1108  1.7 1727  0.6 2334  1.8
18  Th        517 0603  0.6 1152  1.7 1811  0.6 9999  9.9
19  Fr        517 0019  1.8 0649  0.6 1240  1.7 1859  0.6
20  Sa        517 0109  1.8 0738  0.6 1333  1.7 1953  0.6
21  Su        517 0202  1.8 0830  0.5 1430  1.8 2051  0.6
22  Mo        517 0257  1.8 0925  0.5 1528  1.8 2150  0.5
23  Tu        517 0354  1.9 1021  0.4 1627  1.9 2249  0.5
24  We        517 0451  2.0 1117  0.3 1724  2.0 2346  0.4
25  Th        517 0546  2.0 1213  0.3 1820  2.1 9999  9.9
26  Fr        517 0043  0.3 0642  2.1 1307  0.2 1914  2.2
27  Sa        517 0138  0.3 0736  2.1 1401  0.2 2007  2.2
28  Su        517 0233  0.2 0830  2.1 1454  0.2 2059  2.2
29  Mo        517 0328  0.2 0924  2.1 1547  0.2 2152  2.2
30  Tu        517 0423  0.3 1019  2.0 1640  0.2 2246  2.1
31  We        517 0518  0.3 1114  2.0 1734  0.3 2341  2.1
 1  Th        617 0613  0.4 1210  1.9 1830  0.4 9999  9.9
 2  Fr        617 0037  2.0 0709  0.4 1309  1.8 1926  0.5
 3  Sa        617 0134  1.9 0805  0.5 1408  1.8 2024  0.6
 4  Su        617 0230  1.8 0859  0.5 1508  1.8 2121  0.6
 5  Mo        617 0326  1.8 0953  0.5 1604  1.7 2216  0.6
 6  Tu        617 0418  1.8 1044  0.5 1657  1.8 2307  0.6
 7  We        617 0507  1.8 1132  0.5 1745  1.8 2356  0.6
 8  Th        617 0553  1.8 1217  0.5 1829  1.8 9999  9.9
 9  Fr        617 0041  0.6 0637  1.8 1300  0.5 1910  1.9
10  Sa        617 0125  0.6 0719  1.8 1341  0.5 1950  1.9
11  Su        617 0208  0.6 0800  1.8 1421  0.5 2028  1.9
12  Mo        617 0249  0.5 0839  1.8 1500  0.5 2106  1.9
13  Tu        617 0330  0.5 0919  1.8 1538  0.5 2144  1.9
14  We        617 0411  0.5 0959  1.8 1617  0.5 2223  1.9
15  Th        617 0452  0.5 1040  1.8 1657  0.5 2304  1.9
16  Fr        617 0534  0.5 1123  1.8 1741  0.5 2348  1.9
17  Sa        617 0618  0.5 1210  1.8 1828  0.6 9999  9.9
18  Su        617 0036  1.9 0706  0.5 1302  1.8 1921  0.6
19  Mo        617 0129  1.9 0758  0.5 1359  1.8 2019  0.6
20  Tu        617 0225  1.9 0853  0.4 1459  1.9 2120  0.5
21  We        617 0323  1.9 0951  0.4 1600  1.9 2222  0.5
22  Th        617 0423  2.0 1050  0.3 1700  2.0 2323  0.4
23  Fr        617 0522  2.0 1149  0.3 1758  2.1 9999  9.9
24  Sa        617 0022  0.4 0620  2.0 1246  0.2 1854  2.1
25  Su        617 0120  0.3 0717  2.1 1341  0.2 1948  2.2
26  Mo        617 0216  0.3 0812  2.1 1435  0.2 2041  2.2
27  Tu        617 0311  0.3 0906  2.1 1528  0.2 2133  2.2
28  We        617 0404  0.3 1000  2.0 1619  0.2 2225  2.1
29  Th        617 0457  0.3 1053  2.0 1711  0.3 2317  2.1
30  Fr        617 0549  0.3 1146  1.9 1803  0.4 9999  9.9
 1  Sa        717 0009  2.0 0640  0.4 1240  1.8 1856  0.5
 2  Su        717 0101  1.9 0732  0.5 1335  1.8 1950  0.6
 3  Mo        717 0154  1.8 0823  0.5 1432  1.7 2044  0.6
 4  Tu        717 0246  1.8 0914  0.5 1527  1.7 2138  0.7
 5  We        717 0338  1.7 1004  0.6 1621  1.7 2231  0.7
 6  Th        717 0429  1.7 1054  0.6 1711  1.8 2321  0.7
 7  Fr        717 0518  1.7 1141  0.5 1757  1.8 9999  9.9
 8  Sa        717 0009  0.6 0604  1.7 1227  0.5 1840  1.8
 9  Su        717 0055  0.6 0648  1.7 1310  0.5 1921  1.9
10  Mo        717 0139  0.6 0731  1.8 1351  0.5 2000  1.9
11  Tu        717 0222  0.5 0812  1.8 1432  0.5 2038  1.9
12  We        717 0303  0.5 0852  1.8 1511  0.5 2117  1.9
13  Th        717 0344  0.5 0933  1.8 1551  0.5 2156  1.9
14  Fr        717 0425  0.5 1014  1.8 1632  0.5 2238  1.9
15  Sa        717 0507  0.5 1058  1.8 1716  0.5 2322  1.9
16  Su        717 0551  0.4 1145  1.8 1804  0.5 9999  9.9
17  Mo        717 0010  1.9 0639  0.4 1237  1.8 1857  0.5
18  Tu        717 0102  1.9 0731  0.4 1334  1.9 1955  0.5
19  We        717 0158  1.9 0827  0.4 1434  1.9 2057  0.5
20  Th        717 0258  1.9 0927  0.4 1537  1.9 2201  0.5
21  Fr        717 0400  1.9 1028  0.3 1640  2.0 2304  0.4
22  Sa        717 0502  2.0 1129  0.3 1740  2.1 9999  9.9
23  Su        717 0005  0.4 0602  2.0 1228  0.3 1836  2.1
24  Mo        717 0103  0.3 0700  2.0 1323  0.2 1930  2.2
25  Tu        717 0159  0.3 0755  2.0 1416  0.2 2022  2.2
26  We        717 0252  0.3 0848  2.0 1507  0.2 2113  2.2
27  Th        717 0343  0.3 0939  2.0 1557  0.3 2202  2.1
28  Fr        717 0432  0.3 1028  2.0 1646  0.3 2250  2.1
29  Sa        717 0520  0.3 1118  1.9 1734  0.4 2338  2.0
30  Su        717 0607  0.4 1207  1.9 1823  0.5 9999  9.9
31  Mo        717 0026  1.9 0654  0.5 1258  1.8 1913  0.6
 1  Tu        817 0115  1.8 0742  0.5 1351  1.7 2005  0.6
 2  We        817 0205  1.8 0831  0.6 1446  1.7 2058  0.7
 3  Th        817 0257  1.7 0922  0.6 1540  1.7 2152  0.7
 4  Fr        817 0349  1.7 1014  0.6 1632  1.7 2244  0.7
 5  Sa        817 0441  1.7 1104  0.6 1721  1.8 2335  0.6
 6  Su        817 0530  1.7 1153  0.5 1807  1.8 9999  9.9
 7  Mo        817 0023  0.6 0617  1.7 1238  0.5 1849  1.9
 8  Tu        817 0109  0.6 0702  1.8 1322  0.5 1930  1.9
 9  We        817 0153  0.5 0745  1.8 1404  0.4 2010  2.0
10  Th        817 0235  0.5 0826  1.9 1446  0.4 2050  2.0
11  Fr        817 0317  0.4 0908  1.9 1528  0.4 2131  2.0
12  Sa        817 0359  0.4 0951  1.9 1611  0.4 2214  2.0
13  Su        817 0442  0.4 1036  1.9 1656  0.4 2259  2.0
14  Mo        817 0527  0.4 1125  1.9 1746  0.4 2348  2.0
15  Tu        817 0616  0.4 1217  1.9 1839  0.5 9999  9.9
16  We        817 0041  1.9 0709  0.4 1313  1.9 1938  0.5
17  Th        817 0138  1.9 0807  0.4 1415  1.9 2041  0.5
18  Fr        817 0240  1.9 0908  0.4 1519  1.9 2145  0.5
19  Sa        817 0343  1.9 1011  0.4 1622  2.0 2249  0.5
20  Su        817 0447  1.9 1113  0.4 1723  2.0 2350  0.4
21  Mo        817 0548  1.9 1211  0.3 1819  2.1 9999  9.9
22  Tu        817 0047  0.4 0645  2.0 1306  0.3 1912  2.1
23  We        817 0140  0.3 0738  2.0 1357  0.3 2002  2.1
24  Th        817 0231  0.3 0828  2.0 1446  0.3 2050  2.1
25  Fr        817 0318  0.3 0916  2.0 1533  0.3 2136  2.1
26  Sa        817 0404  0.3 1002  2.0 1619  0.4 2220  2.0
27  Su        817 0448  0.4 1047  1.9 1704  0.4 2305  1.9
28  Mo        817 0532  0.4 1133  1.9 1750  0.5 2350  1.9
29  Tu        817 0616  0.5 1221  1.8 1838  0.6 9999  9.9
30  We        817 0036  1.8 0701  0.5 1310  1.8 1927  0.6
31  Th        817 0124  1.7 0749  0.6 1403  1.7 2019  0.7
 1  Fr        917 0215  1.7 0839  0.6 1457  1.7 2113  0.7
 2  Sa        917 0309  1.7 0932  0.6 1551  1.7 2207  0.7
 3  Su        917 0403  1.7 1026  0.6 1642  1.8 2259  0.6
 4  Mo        917 0455  1.7 1117  0.6 1729  1.8 2348  0.6
 5  Tu        917 0545  1.7 1205  0.5 1814  1.9 9999  9.9
 6  We        917 0036  0.5 0632  1.8 1251  0.5 1857  1.9
 7  Th        917 0121  0.4 0717  1.9 1336  0.4 1940  2.0
 8  Fr        917 0205  0.4 0801  1.9 1421  0.4 2023  2.0
 9  Sa        917 0249  0.3 0845  2.0 1505  0.3 2107  2.1
10  Su        917 0333  0.3 0930  2.0 1551  0.3 2152  2.1
11  Mo        917 0419  0.3 1017  2.0 1640  0.4 2240  2.0
12  Tu        917 0507  0.3 1107  2.0 1731  0.4 2331  2.0
13  We        917 0557  0.3 1200  2.0 1827  0.4 9999  9.9
14  Th        917 0025  1.9 0652  0.4 1257  2.0 1926  0.5
15  Fr        917 0123  1.9 0750  0.4 1359  1.9 2029  0.5
16  Sa        917 0226  1.9 0853  0.4 1503  1.9 2133  0.5
17  Su        917 0331  1.8 0956  0.4 1607  1.9 2235  0.5
18  Mo        917 0435  1.9 1057  0.4 1706  2.0 2334  0.4
19  Tu        917 0535  1.9 1155  0.4 1801  2.0 9999  9.9
20  We        917 0029  0.4 0630  1.9 1248  0.4 1852  2.0
21  Th        917 0120  0.3 0720  2.0 1337  0.3 1939  2.0
22  Fr        917 0207  0.3 0807  2.0 1423  0.3 2024  2.0
23  Sa        917 0251  0.3 0852  2.0 1508  0.4 2108  2.0
24  Su        917 0334  0.3 0935  2.0 1551  0.4 2150  2.0
25  Mo        917 0415  0.4 1018  1.9 1635  0.5 2232  1.9
26  Tu        917 0457  0.4 1101  1.9 1719  0.5 2315  1.8
27  We        917 0538  0.5 1145  1.8 1805  0.6 9999  9.9
28  Th        917 0000  1.8 0622  0.5 1232  1.8 1853  0.6
29  Fr        917 0046  1.7 0708  0.6 1321  1.8 1943  0.6
30  Sa        917 0136  1.7 0758  0.6 1414  1.7 2036  0.7
 1  Su       1017 0229  1.7 0851  0.6 1507  1.8 2129  0.6
 2  Mo       1017 0324  1.7 0946  0.6 1559  1.8 2221  0.6
 3  Tu       1017 0419  1.7 1039  0.6 1649  1.8 2312  0.5
 4  We       1017 0511  1.8 1131  0.5 1737  1.9 9999  9.9
 5  Th       1017 0001  0.5 0601  1.9 1220  0.4 1823  2.0
 6  Fr       1017 0048  0.4 0649  1.9 1308  0.4 1910  2.0
 7  Sa       1017 0135  0.3 0736  2.0 1356  0.3 1956  2.1
 8  Su       1017 0222  0.2 0823  2.1 1444  0.3 2043  2.1
 9  Mo       1017 0310  0.2 0911  2.1 1534  0.3 2132  2.1
10  Tu       1017 0358  0.2 1000  2.1 1625  0.3 2223  2.1
11  We       1017 0448  0.2 1051  2.1 1719  0.3 2316  2.0
12  Th       1017 0541  0.3 1146  2.1 1816  0.4 9999  9.9
13  Fr       1017 0012  1.9 0637  0.3 1244  2.0 1916  0.4
14  Sa       1017 0111  1.9 0736  0.4 1345  2.0 2017  0.5
15  Su       1017 0215  1.8 0838  0.4 1448  1.9 2119  0.5
16  Mo       1017 0319  1.8 0940  0.5 1550  1.9 2219  0.5
17  Tu       1017 0422  1.8 1040  0.5 1647  1.9 2316  0.4
18  We       1017 0520  1.9 1136  0.5 1740  1.9 9999  9.9
19  Th       1017 0008  0.4 0613  1.9 1227  0.4 1829  2.0
20  Fr       1017 0057  0.4 0701  1.9 1315  0.4 1915  2.0
21  Sa       1017 0141  0.4 0745  1.9 1400  0.4 1958  2.0
22  Su       1017 0224  0.4 0828  2.0 1443  0.4 2040  1.9
23  Mo       1017 0304  0.4 0909  2.0 1526  0.5 2121  1.9
24  Tu       1017 0344  0.4 0950  1.9 1608  0.5 2202  1.9
25  We       1017 0424  0.4 1031  1.9 1651  0.5 2244  1.8
26  Th       1017 0505  0.5 1113  1.9 1736  0.6 2326  1.7
27  Fr       1017 0547  0.5 1157  1.8 1822  0.6 9999  9.9
28  Sa       1017 0011  1.7 0631  0.6 1244  1.8 1910  0.6
29  Su       1017 0100  1.7 0719  0.6 1333  1.8 1959  0.6
30  Mo       1017 0151  1.7 0811  0.6 1424  1.8 2051  0.6
31  Tu       1017 0246  1.7 0906  0.6 1517  1.8 2143  0.6
 1  We       1117 0342  1.7 1001  0.6 1609  1.9 2235  0.5
 2  Th       1117 0437  1.8 1056  0.5 1700  1.9 2326  0.4
 3  Fr       1117 0530  1.9 1149  0.4 1751  2.0 9999  9.9
 4  Sa       1117 0017  0.3 0621  2.0 1241  0.4 1841  2.1
 5  Su       1117 0108  0.2 0712  2.1 1333  0.3 1931  2.1
 6  Mo       1117 0158  0.2 0802  2.1 1425  0.3 2022  2.1
 7  Tu       1117 0248  0.2 0852  2.2 1518  0.3 2114  2.1
 8  We       1117 0339  0.2 0944  2.2 1612  0.3 2207  2.1
 9  Th       1117 0431  0.2 1037  2.2 1707  0.3 2302  2.0
10  Fr       1117 0525  0.2 1132  2.1 1804  0.3 2358  2.0
11  Sa       1117 0621  0.3 1229  2.0 1902  0.4 9999  9.9
12  Su       1117 0058  1.9 0719  0.4 1329  2.0 2002  0.4
13  Mo       1117 0200  1.8 0820  0.5 1430  1.9 2101  0.4
14  Tu       1117 0304  1.8 0920  0.5 1528  1.9 2158  0.5
15  We       1117 0405  1.8 1018  0.5 1624  1.9 2253  0.5
16  Th       1117 0501  1.8 1113  0.5 1716  1.9 2344  0.4
17  Fr       1117 0552  1.9 1204  0.5 1803  1.9 9999  9.9
18  Sa       1117 0031  0.4 0639  1.9 1251  0.5 1848  1.9
19  Su       1117 0114  0.4 0722  1.9 1335  0.5 1931  1.9
20  Mo       1117 0156  0.4 0804  1.9 1419  0.5 2013  1.9
21  Tu       1117 0236  0.4 0844  1.9 1501  0.5 2054  1.8
22  We       1117 0316  0.4 0924  1.9 1544  0.5 2134  1.8
23  Th       1117 0355  0.4 1003  1.9 1626  0.5 2215  1.8
24  Fr       1117 0435  0.5 1044  1.9 1709  0.6 2256  1.7
25  Sa       1117 0515  0.5 1125  1.9 1753  0.6 2340  1.7
26  Su       1117 0558  0.6 1209  1.8 1838  0.6 9999  9.9
27  Mo       1117 0026  1.7 0644  0.6 1255  1.8 1924  0.6
28  Tu       1117 0116  1.7 0734  0.6 1345  1.8 2014  0.6
29  We       1117 0210  1.7 0828  0.6 1437  1.9 2106  0.5
30  Th       1117 0306  1.8 0925  0.6 1531  1.9 2159  0.4
 1  Fr       1217 0404  1.8 1023  0.5 1626  1.9 2254  0.4
 2  Sa       1217 0501  1.9 1120  0.4 1721  2.0 2348  0.3
 3  Su       1217 0556  2.0 1216  0.4 1815  2.1 9999  9.9
 4  Mo       1217 0042  0.2 0650  2.1 1312  0.3 1909  2.1
 5  Tu       1217 0136  0.2 0743  2.2 1407  0.3 2003  2.1
 6  We       1217 0229  0.1 0835  2.2 1502  0.2 2057  2.1
 7  Th       1217 0321  0.1 0928  2.2 1557  0.2 2152  2.1
 8  Fr       1217 0415  0.2 1021  2.2 1652  0.3 2247  2.0
 9  Sa       1217 0508  0.2 1116  2.1 1748  0.3 2343  2.0
10  Su       1217 0603  0.3 1212  2.1 1844  0.4 9999  9.9
11  Mo       1217 0041  1.9 0659  0.4 1308  2.0 1940  0.4
12  Tu       1217 0140  1.8 0757  0.5 1405  1.9 2036  0.4
13  We       1217 0241  1.8 0855  0.5 1502  1.9 2131  0.5
14  Th       1217 0340  1.8 0951  0.6 1556  1.8 2224  0.5
15  Fr       1217 0436  1.8 1046  0.6 1647  1.8 2315  0.5
16  Sa       1217 0527  1.8 1137  0.6 1735  1.8 9999  9.9
17  Su       1217 0002  0.5 0614  1.8 1225  0.6 1821  1.8
18  Mo       1217 0047  0.5 0658  1.9 1311  0.6 1905  1.8
19  Tu       1217 0129  0.4 0740  1.9 1355  0.6 1947  1.8
20  We       1217 0210  0.4 0820  1.9 1437  0.5 2028  1.8
21  Th       1217 0249  0.4 0859  1.9 1520  0.5 2108  1.8
22  Fr       1217 0329  0.4 0937  1.9 1601  0.5 2148  1.8
23  Sa       1217 0408  0.5 1016  1.9 1642  0.5 2228  1.8
24  Su       1217 0447  0.5 1056  1.9 1724  0.5 2310  1.7
25  Mo       1217 0528  0.5 1137  1.9 1806  0.5 2355  1.7
26  Tu       1217 0612  0.5 1222  1.9 1851  0.5 9999  9.9
27  We       1217 0043  1.7 0701  0.6 1310  1.9 1940  0.5
28  Th       1217 0137  1.8 0755  0.6 1402  1.9 2032  0.5
29  Fr       1217 0234  1.8 0853  0.5 1458  1.9 2128  0.4
30  Sa       1217 0334  1.9 0954  0.5 1556  1.9 2225  0.4
31  Su       1217 0434  1.9 1054  0.5 1655  2.0 2323  0.3
