034Timaru
Based on data from  1-Jan-2012
Local Std Time, tidal heights in metres.
 1  Fr        121 0441  2.3 1054  0.8 1655  2.2 2310  0.7
 2  Sa        121 0525  2.3 1140  0.7 1743  2.2 2358  0.7
 3  Su        121 0612  2.3 1228  0.7 1834  2.2 9999  9.9
 4  Mo        121 0047  0.7 0703  2.3 1319  0.7 1929  2.2
 5  Tu        121 0139  0.7 0758  2.3 1413  0.7 2026  2.2
 6  We        121 0234  0.7 0854  2.3 1510  0.7 2122  2.2
 7  Th        121 0332  0.7 0952  2.3 1608  0.7 2219  2.3
 8  Fr        121 0434  0.7 1050  2.3 1705  0.6 2316  2.3
 9  Sa        121 0534  0.6 1148  2.3 1800  0.6 9999  9.9
10  Su        121 0015  2.4 0633  0.6 1244  2.4 1853  0.5
11  Mo        121 0114  2.4 0728  0.6 1339  2.4 1946  0.5
12  Tu        121 0210  2.5 0822  0.5 1432  2.4 2039  0.5
13  We        121 0304  2.5 0914  0.5 1523  2.4 2133  0.5
14  Th        121 0355  2.5 1006  0.5 1613  2.4 2226  0.5
15  Fr        121 0445  2.5 1057  0.6 1704  2.3 2318  0.5
16  Sa        121 0534  2.4 1147  0.6 1756  2.3 9999  9.9
17  Su        121 0008  0.6 0623  2.4 1236  0.7 1848  2.2
18  Mo        121 0056  0.7 0714  2.3 1326  0.8 1941  2.2
19  Tu        121 0145  0.8 0805  2.2 1416  0.8 2033  2.1
20  We        121 0235  0.8 0857  2.1 1508  0.9 2124  2.1
21  Th        121 0327  0.9 0949  2.1 1601  0.9 2214  2.1
22  Fr        121 0423  0.9 1040  2.1 1652  0.9 2303  2.1
23  Sa        121 0517  0.9 1129  2.0 1739  0.9 2352  2.1
24  Su        121 0608  0.9 1217  2.1 1823  0.8 9999  9.9
25  Mo        121 0041  2.1 0653  0.9 1301  2.1 1905  0.8
26  Tu        121 0126  2.2 0736  0.8 1343  2.1 1946  0.8
27  We        121 0210  2.2 0817  0.8 1423  2.2 2028  0.7
28  Th        121 0251  2.3 0858  0.7 1503  2.2 2111  0.7
29  Fr        121 0332  2.3 0941  0.7 1545  2.3 2156  0.6
30  Sa        121 0414  2.4 1025  0.7 1629  2.3 2244  0.6
31  Su        121 0458  2.4 1112  0.6 1716  2.3 2333  0.6
 1  Mo        221 0545  2.4 1201  0.6 1808  2.3 9999  9.9
 2  Tu        221 0023  0.6 0636  2.4 1252  0.7 1904  2.3
 3  We        221 0116  0.6 0733  2.3 1348  0.7 2003  2.3
 4  Th        221 0213  0.6 0833  2.3 1447  0.7 2103  2.3
 5  Fr        221 0315  0.7 0935  2.3 1548  0.7 2204  2.3
 6  Sa        221 0420  0.7 1037  2.2 1649  0.7 2305  2.3
 7  Su        221 0525  0.7 1137  2.3 1747  0.6 9999  9.9
 8  Mo        221 0006  2.4 0624  0.6 1234  2.3 1842  0.6
 9  Tu        221 0105  2.4 0718  0.6 1328  2.3 1935  0.5
10  We        221 0200  2.4 0809  0.6 1419  2.4 2025  0.5
11  Th        221 0250  2.5 0857  0.6 1507  2.4 2115  0.5
12  Fr        221 0337  2.5 0944  0.6 1553  2.3 2204  0.6
13  Sa        221 0421  2.4 1030  0.6 1638  2.3 2251  0.6
14  Su        221 0505  2.4 1115  0.7 1724  2.3 2336  0.7
15  Mo        221 0548  2.3 1200  0.7 1811  2.2 9999  9.9
16  Tu        221 0021  0.7 0633  2.2 1245  0.8 1859  2.1
17  We        221 0106  0.8 0721  2.1 1332  0.9 1949  2.1
18  Th        221 0153  0.9 0812  2.0 1422  0.9 2040  2.0
19  Fr        221 0245  0.9 0907  2.0 1515  1.0 2132  2.0
20  Sa        221 0342  1.0 1001  2.0 1610  1.0 2224  2.0
21  Su        221 0440  1.0 1053  2.0 1701  0.9 2315  2.1
22  Mo        221 0534  0.9 1141  2.0 1749  0.9 9999  9.9
23  Tu        221 0005  2.1 0622  0.9 1227  2.1 1833  0.8
24  We        221 0052  2.2 0705  0.8 1310  2.1 1915  0.7
25  Th        221 0136  2.3 0746  0.7 1351  2.2 1958  0.7
26  Fr        221 0219  2.3 0827  0.7 1433  2.3 2042  0.6
27  Sa        221 0302  2.4 0909  0.6 1517  2.4 2129  0.5
28  Su        221 0345  2.5 0954  0.6 1602  2.4 2217  0.5
 1  Mo        321 0430  2.5 1043  0.5 1651  2.4 2308  0.5
 2  Tu        321 0519  2.5 1134  0.6 1744  2.4 9999  9.9
 3  We        321 0001  0.5 0612  2.4 1228  0.6 1841  2.4
 4  Th        321 0056  0.6 0711  2.3 1325  0.6 1943  2.4
 5  Fr        321 0156  0.6 0815  2.3 1427  0.7 2047  2.3
 6  Sa        321 0301  0.7 0922  2.2 1531  0.7 2151  2.3
 7  Su        321 0409  0.7 1026  2.2 1635  0.7 2255  2.3
 8  Mo        321 0515  0.7 1126  2.2 1735  0.7 2356  2.3
 9  Tu        321 0614  0.7 1223  2.3 1830  0.6 9999  9.9
10  We        321 0053  2.4 0705  0.6 1314  2.3 1921  0.6
11  Th        321 0145  2.4 0752  0.6 1402  2.3 2009  0.6
12  Fr        321 0231  2.4 0836  0.6 1447  2.3 2054  0.6
13  Sa        321 0314  2.4 0918  0.6 1529  2.3 2139  0.6
14  Su        321 0354  2.3 0959  0.7 1611  2.3 2222  0.7
15  Mo        321 0433  2.3 1041  0.7 1652  2.2 2304  0.7
16  Tu        321 0511  2.2 1122  0.8 1734  2.2 2346  0.8
17  We        321 0552  2.1 1206  0.8 1818  2.1 9999  9.9
18  Th        321 0029  0.9 0637  2.1 1251  0.9 1906  2.1
19  Fr        321 0115  0.9 0728  2.0 1339  1.0 1958  2.0
20  Sa        321 0206  1.0 0825  1.9 1432  1.0 2051  2.0
21  Su        321 0302  1.0 0922  1.9 1526  1.0 2144  2.0
22  Mo        321 0402  1.0 1015  2.0 1620  1.0 2236  2.1
23  Tu        321 0458  0.9 1104  2.0 1710  0.9 2326  2.1
24  We        321 0547  0.9 1149  2.1 1757  0.8 9999  9.9
25  Th        321 0014  2.2 0630  0.8 1233  2.2 1842  0.7
26  Fr        321 0100  2.3 0712  0.7 1317  2.3 1927  0.6
27  Sa        321 0146  2.4 0754  0.6 1402  2.4 2013  0.5
28  Su        321 0231  2.5 0838  0.5 1449  2.5 2102  0.5
29  Mo        321 0317  2.5 0925  0.5 1537  2.5 2153  0.4
30  Tu        321 0405  2.5 1015  0.5 1628  2.5 2246  0.4
31  We        321 0455  2.5 1109  0.5 1723  2.5 2341  0.5
 1  Th        421 0551  2.4 1206  0.5 1822  2.5 9999  9.9
 2  Fr        421 0039  0.5 0652  2.3 1306  0.6 1926  2.4
 3  Sa        421 0141  0.6 0759  2.3 1409  0.6 2032  2.4
 4  Su        421 0247  0.7 0907  2.2 1514  0.7 2137  2.3
 5  Mo        421 0356  0.7 1012  2.2 1619  0.7 2240  2.3
 6  Tu        421 0500  0.7 1111  2.2 1719  0.7 2340  2.3
 7  We        421 0557  0.7 1205  2.2 1813  0.7 9999  9.9
 8  Th        421 0034  2.3 0646  0.7 1255  2.3 1902  0.6
 9  Fr        421 0123  2.3 0729  0.7 1341  2.3 1947  0.6
10  Sa        421 0207  2.3 0809  0.7 1423  2.3 2030  0.7
11  Su        421 0247  2.3 0848  0.7 1503  2.3 2111  0.7
12  Mo        421 0324  2.3 0927  0.7 1542  2.2 2152  0.7
13  Tu        421 0401  2.2 1006  0.8 1621  2.2 2233  0.8
14  We        421 0437  2.2 1047  0.8 1701  2.2 2314  0.8
15  Th        421 0516  2.1 1129  0.9 1743  2.1 2357  0.9
16  Fr        421 0559  2.0 1214  0.9 1829  2.1 9999  9.9
17  Sa        421 0043  0.9 0649  2.0 1302  1.0 1919  2.0
18  Su        421 0132  1.0 0745  1.9 1352  1.0 2011  2.0
19  Mo        421 0226  1.0 0843  1.9 1445  1.0 2105  2.0
20  Tu        421 0323  1.0 0936  2.0 1538  0.9 2157  2.1
21  We        421 0418  0.9 1025  2.0 1631  0.9 2247  2.2
22  Th        421 0509  0.8 1112  2.1 1721  0.8 2336  2.2
23  Fr        421 0554  0.7 1158  2.2 1809  0.7 9999  9.9
24  Sa        421 0025  2.3 0639  0.6 1245  2.3 1857  0.6
25  Su        421 0113  2.4 0723  0.5 1333  2.4 1947  0.5
26  Mo        421 0202  2.5 0809  0.5 1423  2.5 2038  0.4
27  Tu        421 0251  2.5 0859  0.4 1515  2.6 2131  0.4
28  We        421 0342  2.5 0951  0.4 1609  2.6 2226  0.4
29  Th        421 0434  2.5 1048  0.4 1705  2.6 2324  0.5
30  Fr        421 0532  2.4 1147  0.5 1805  2.5 9999  9.9
 1  Sa        521 0023  0.5 0634  2.3 1248  0.6 1908  2.5
 2  Su        521 0125  0.6 0741  2.3 1350  0.6 2013  2.4
 3  Mo        521 0229  0.7 0849  2.2 1453  0.7 2117  2.3
 4  Tu        521 0335  0.7 0951  2.2 1556  0.7 2218  2.3
 5  We        521 0437  0.7 1048  2.2 1655  0.7 2315  2.3
 6  Th        521 0531  0.7 1140  2.2 1748  0.7 9999  9.9
 7  Fr        521 0007  2.3 0619  0.7 1228  2.2 1837  0.7
 8  Sa        521 0055  2.3 0701  0.7 1314  2.2 1921  0.7
 9  Su        521 0138  2.2 0740  0.7 1356  2.2 2003  0.7
10  Mo        521 0217  2.2 0818  0.7 1436  2.2 2044  0.8
11  Tu        521 0255  2.2 0855  0.8 1515  2.2 2124  0.8
12  We        521 0331  2.2 0934  0.8 1554  2.2 2205  0.8
13  Th        521 0408  2.1 1015  0.8 1633  2.2 2246  0.9
14  Fr        521 0446  2.1 1058  0.9 1714  2.1 2329  0.9
15  Sa        521 0528  2.0 1143  0.9 1757  2.1 9999  9.9
16  Su        521 0014  0.9 0616  2.0 1230  0.9 1844  2.1
17  Mo        521 0101  0.9 0709  2.0 1318  0.9 1935  2.1
18  Tu        521 0152  0.9 0804  2.0 1408  0.9 2027  2.1
19  We        521 0245  0.9 0857  2.0 1459  0.9 2119  2.1
20  Th        521 0339  0.9 0947  2.1 1553  0.8 2210  2.2
21  Fr        521 0431  0.8 1036  2.2 1646  0.8 2301  2.3
22  Sa        521 0520  0.7 1125  2.3 1739  0.7 2353  2.3
23  Su        521 0608  0.6 1216  2.4 1832  0.6 9999  9.9
24  Mo        521 0045  2.4 0656  0.5 1308  2.5 1924  0.5
25  Tu        521 0137  2.5 0745  0.4 1402  2.5 2018  0.4
26  We        521 0229  2.5 0837  0.4 1457  2.6 2113  0.4
27  Th        521 0322  2.5 0932  0.4 1553  2.6 2209  0.4
28  Fr        521 0417  2.5 1029  0.4 1650  2.6 2307  0.5
29  Sa        521 0514  2.4 1129  0.5 1748  2.5 9999  9.9
30  Su        521 0005  0.5 0615  2.3 1228  0.5 1848  2.5
31  Mo        521 0104  0.6 0719  2.3 1327  0.6 1950  2.4
 1  Tu        621 0205  0.7 0823  2.2 1426  0.7 2050  2.3
 2  We        621 0306  0.7 0923  2.2 1525  0.7 2148  2.3
 3  Th        621 0404  0.7 1017  2.2 1623  0.8 2243  2.2
 4  Fr        621 0458  0.7 1108  2.2 1717  0.8 2334  2.2
 5  Sa        621 0546  0.8 1157  2.2 1807  0.8 9999  9.9
 6  Su        621 0021  2.2 0629  0.8 1243  2.2 1853  0.8
 7  Mo        621 0105  2.2 0709  0.8 1327  2.2 1935  0.8
 8  Tu        621 0147  2.1 0747  0.8 1409  2.2 2017  0.8
 9  We        621 0226  2.1 0826  0.8 1450  2.2 2057  0.8
10  Th        621 0303  2.1 0906  0.8 1529  2.2 2138  0.8
11  Fr        621 0341  2.1 0947  0.8 1608  2.2 2220  0.8
12  Sa        621 0420  2.1 1030  0.8 1648  2.2 2303  0.8
13  Su        621 0501  2.1 1115  0.8 1729  2.2 2346  0.8
14  Mo        621 0547  2.0 1200  0.8 1814  2.2 9999  9.9
15  Tu        621 0032  0.9 0636  2.0 1247  0.8 1901  2.2
16  We        621 0119  0.9 0728  2.0 1335  0.8 1952  2.2
17  Th        621 0210  0.8 0822  2.1 1426  0.8 2045  2.2
18  Fr        621 0302  0.8 0914  2.1 1520  0.8 2138  2.2
19  Sa        621 0356  0.8 1006  2.2 1617  0.7 2232  2.3
20  Su        621 0450  0.7 1058  2.3 1715  0.7 2327  2.3
21  Mo        621 0542  0.6 1153  2.4 1812  0.6 9999  9.9
22  Tu        621 0023  2.4 0634  0.5 1250  2.5 1907  0.5
23  We        621 0118  2.4 0726  0.5 1347  2.5 2002  0.5
24  Th        621 0212  2.4 0820  0.4 1444  2.6 2058  0.5
25  Fr        621 0306  2.5 0915  0.4 1539  2.6 2153  0.5
26  Sa        621 0401  2.4 1012  0.4 1634  2.6 2249  0.5
27  Su        621 0456  2.4 1110  0.5 1728  2.6 2344  0.5
28  Mo        621 0553  2.4 1206  0.5 1824  2.5 9999  9.9
29  Tu        621 0039  0.6 0652  2.3 1301  0.6 1920  2.4
30  We        621 0134  0.7 0751  2.2 1355  0.7 2016  2.3
 1  Th        721 0230  0.7 0848  2.2 1449  0.7 2112  2.2
 2  Fr        721 0325  0.8 0941  2.2 1545  0.8 2205  2.2
 3  Sa        721 0419  0.8 1032  2.1 1640  0.9 2256  2.1
 4  Su        721 0509  0.8 1121  2.1 1733  0.9 2345  2.1
 5  Mo        721 0555  0.8 1209  2.1 1822  0.9 9999  9.9
 6  Tu        721 0032  2.1 0637  0.8 1256  2.1 1908  0.9
 7  We        721 0116  2.1 0718  0.8 1341  2.2 1950  0.8
 8  Th        721 0157  2.1 0758  0.8 1424  2.2 2031  0.8
 9  Fr        721 0237  2.1 0839  0.8 1504  2.2 2112  0.8
10  Sa        721 0315  2.1 0920  0.8 1542  2.3 2153  0.8
11  Su        721 0354  2.1 1003  0.7 1621  2.3 2234  0.8
12  Mo        721 0435  2.1 1047  0.7 1701  2.3 2317  0.8
13  Tu        721 0518  2.1 1132  0.7 1744  2.3 9999  9.9
14  We        721 0002  0.8 0606  2.1 1219  0.7 1831  2.3
15  Th        721 0049  0.8 0657  2.2 1307  0.7 1921  2.3
16  Fr        721 0138  0.8 0751  2.2 1359  0.7 2016  2.2
17  Sa        721 0232  0.8 0846  2.2 1455  0.7 2113  2.2
18  Su        721 0329  0.7 0942  2.3 1555  0.7 2211  2.2
19  Mo        721 0426  0.7 1039  2.3 1658  0.7 2309  2.3
20  Tu        721 0523  0.6 1138  2.4 1758  0.6 9999  9.9
21  We        721 0008  2.3 0618  0.6 1238  2.4 1856  0.6
22  Th        721 0104  2.3 0713  0.5 1336  2.5 1951  0.5
23  Fr        721 0159  2.4 0807  0.5 1432  2.6 2044  0.5
24  Sa        721 0252  2.4 0901  0.4 1525  2.6 2136  0.5
25  Su        721 0344  2.4 0955  0.4 1616  2.6 2228  0.5
26  Mo        721 0436  2.4 1048  0.5 1705  2.5 2319  0.5
27  Tu        721 0528  2.4 1140  0.5 1755  2.4 9999  9.9
28  We        721 0009  0.6 0621  2.3 1231  0.6 1846  2.3
29  Th        721 0100  0.7 0715  2.2 1320  0.7 1938  2.2
30  Fr        721 0151  0.8 0809  2.2 1411  0.8 2031  2.2
31  Sa        721 0243  0.8 0902  2.1 1505  0.9 2125  2.1
 1  Su        821 0336  0.9 0953  2.1 1601  0.9 2218  2.0
 2  Mo        821 0429  0.9 1044  2.1 1658  0.9 2310  2.0
 3  Tu        821 0519  0.9 1135  2.1 1752  0.9 2359  2.0
 4  We        821 0605  0.8 1224  2.1 1839  0.9 9999  9.9
 5  Th        821 0045  2.1 0648  0.8 1311  2.2 1923  0.8
 6  Fr        821 0128  2.1 0730  0.8 1354  2.2 2003  0.8
 7  Sa        821 0208  2.1 0811  0.7 1435  2.3 2042  0.7
 8  Su        821 0247  2.2 0852  0.7 1514  2.3 2122  0.7
 9  Mo        821 0326  2.2 0935  0.7 1553  2.4 2203  0.7
10  Tu        821 0407  2.2 1019  0.6 1633  2.4 2247  0.7
11  We        821 0451  2.3 1105  0.6 1716  2.4 2332  0.7
12  Th        821 0538  2.3 1153  0.6 1803  2.4 9999  9.9
13  Fr        821 0020  0.7 0630  2.3 1243  0.6 1855  2.3
14  Sa        821 0112  0.7 0726  2.3 1337  0.7 1953  2.3
15  Su        821 0208  0.7 0825  2.3 1436  0.7 2054  2.2
16  Mo        821 0308  0.7 0926  2.3 1541  0.7 2157  2.2
17  Tu        821 0410  0.7 1027  2.3 1647  0.7 2259  2.2
18  We        821 0510  0.6 1129  2.4 1750  0.7 2358  2.3
19  Th        821 0608  0.6 1229  2.4 1847  0.6 9999  9.9
20  Fr        821 0054  2.3 0702  0.5 1327  2.5 1939  0.6
21  Sa        821 0147  2.4 0754  0.5 1420  2.5 2029  0.5
22  Su        821 0238  2.4 0845  0.5 1509  2.5 2117  0.5
23  Mo        821 0326  2.4 0936  0.5 1555  2.5 2204  0.5
24  Tu        821 0413  2.4 1025  0.5 1640  2.5 2250  0.6
25  We        821 0501  2.3 1113  0.6 1724  2.4 2337  0.7
26  Th        821 0548  2.3 1159  0.7 1809  2.3 9999  9.9
27  Fr        821 0024  0.7 0638  2.2 1246  0.8 1858  2.2
28  Sa        821 0111  0.8 0729  2.1 1334  0.8 1950  2.1
29  Su        821 0201  0.9 0822  2.1 1426  0.9 2045  2.0
30  Mo        821 0254  0.9 0915  2.1 1523  1.0 2141  2.0
31  Tu        821 0349  0.9 1008  2.1 1623  1.0 2235  2.0
 1  We        921 0442  0.9 1100  2.1 1719  0.9 2325  2.0
 2  Th        921 0531  0.9 1150  2.1 1808  0.9 9999  9.9
 3  Fr        921 0011  2.1 0616  0.8 1237  2.2 1851  0.8
 4  Sa        921 0055  2.1 0659  0.8 1321  2.2 1931  0.8
 5  Su        921 0135  2.2 0740  0.7 1402  2.3 2010  0.7
 6  Mo        921 0216  2.2 0822  0.6 1442  2.4 2050  0.6
 7  Tu        921 0257  2.3 0906  0.6 1523  2.4 2132  0.6
 8  We        921 0339  2.4 0952  0.5 1605  2.5 2216  0.6
 9  Th        921 0425  2.4 1040  0.5 1650  2.5 2304  0.6
10  Fr        921 0514  2.4 1131  0.5 1739  2.4 2356  0.6
11  Sa        921 0608  2.4 1224  0.6 1834  2.3 9999  9.9
12  Su        921 0051  0.6 0707  2.4 1321  0.6 1935  2.3
13  Mo        921 0150  0.7 0810  2.3 1423  0.7 2041  2.2
14  Tu        921 0252  0.7 0914  2.3 1531  0.7 2147  2.2
15  We        921 0357  0.7 1018  2.3 1639  0.7 2250  2.2
16  Th        921 0459  0.6 1120  2.4 1741  0.7 2348  2.3
17  Fr        921 0557  0.6 1219  2.4 1835  0.6 9999  9.9
18  Sa        921 0043  2.3 0650  0.6 1314  2.4 1924  0.6
19  Su        921 0133  2.3 0740  0.5 1403  2.5 2010  0.6
20  Mo        921 0221  2.4 0828  0.5 1449  2.5 2054  0.6
21  Tu        921 0306  2.4 0914  0.5 1531  2.4 2137  0.6
22  We        921 0350  2.4 1000  0.6 1612  2.4 2220  0.6
23  Th        921 0433  2.3 1045  0.7 1653  2.3 2304  0.7
24  Fr        921 0517  2.3 1129  0.7 1734  2.2 2349  0.8
25  Sa        921 0603  2.2 1214  0.8 1820  2.1 9999  9.9
26  Su        921 0035  0.8 0651  2.1 1300  0.9 1910  2.0
27  Mo        921 0123  0.9 0743  2.1 1351  0.9 2007  2.0
28  Tu        921 0215  0.9 0837  2.1 1447  1.0 2105  2.0
29  We        921 0309  0.9 0931  2.1 1547  1.0 2159  2.0
30  Th        921 0403  0.9 1023  2.1 1643  0.9 2249  2.0
 1  Fr       1021 0454  0.9 1112  2.1 1733  0.9 2335  2.1
 2  Sa       1021 0541  0.8 1159  2.2 1816  0.8 9999  9.9
 3  Su       1021 0018  2.1 0625  0.7 1244  2.3 1856  0.7
 4  Mo       1021 0100  2.2 0708  0.7 1327  2.4 1936  0.6
 5  Tu       1021 0143  2.3 0752  0.6 1410  2.4 2017  0.6
 6  We       1021 0227  2.4 0838  0.5 1453  2.5 2101  0.5
 7  Th       1021 0313  2.5 0926  0.5 1539  2.5 2149  0.5
 8  Fr       1021 0402  2.5 1018  0.5 1626  2.5 2240  0.5
 9  Sa       1021 0454  2.5 1111  0.5 1719  2.4 2335  0.5
10  Su       1021 0551  2.5 1208  0.5 1817  2.4 9999  9.9
11  Mo       1021 0033  0.6 0652  2.4 1308  0.6 1921  2.3
12  Tu       1021 0134  0.6 0757  2.4 1412  0.7 2030  2.2
13  We       1021 0238  0.6 0903  2.4 1520  0.7 2136  2.2
14  Th       1021 0343  0.6 1006  2.4 1626  0.7 2237  2.2
15  Fr       1021 0445  0.6 1107  2.4 1726  0.7 2334  2.3
16  Sa       1021 0542  0.6 1204  2.4 1819  0.6 9999  9.9
17  Su       1021 0026  2.3 0634  0.6 1255  2.4 1905  0.6
18  Mo       1021 0115  2.3 0722  0.6 1343  2.4 1948  0.6
19  Tu       1021 0201  2.3 0808  0.6 1426  2.4 2029  0.6
20  We       1021 0244  2.3 0852  0.6 1506  2.3 2110  0.6
21  Th       1021 0327  2.3 0935  0.7 1545  2.3 2151  0.7
22  Fr       1021 0408  2.3 1018  0.7 1623  2.2 2233  0.7
23  Sa       1021 0449  2.2 1101  0.8 1703  2.1 2317  0.8
24  Su       1021 0533  2.2 1145  0.9 1747  2.1 9999  9.9
25  Mo       1021 0003  0.9 0619  2.1 1231  0.9 1836  2.0
26  Tu       1021 0050  0.9 0708  2.1 1320  0.9 1931  2.0
27  We       1021 0139  0.9 0801  2.1 1413  1.0 2028  1.9
28  Th       1021 0230  0.9 0853  2.1 1509  1.0 2122  2.0
29  Fr       1021 0322  0.9 0944  2.1 1603  0.9 2210  2.0
30  Sa       1021 0414  0.9 1032  2.1 1653  0.9 2256  2.1
31  Su       1021 0503  0.8 1120  2.2 1739  0.8 2340  2.2
 1  Mo       1121 0550  0.7 1206  2.3 1821  0.7 9999  9.9
 2  Tu       1121 0025  2.3 0637  0.6 1252  2.4 1903  0.6
 3  We       1121 0111  2.4 0724  0.6 1339  2.4 1947  0.5
 4  Th       1121 0200  2.4 0813  0.5 1426  2.5 2034  0.5
 5  Fr       1121 0250  2.5 0904  0.4 1515  2.5 2125  0.4
 6  Sa       1121 0343  2.6 0958  0.4 1606  2.5 2219  0.4
 7  Su       1121 0438  2.6 1055  0.5 1701  2.4 2317  0.5
 8  Mo       1121 0536  2.5 1153  0.5 1801  2.4 9999  9.9
 9  Tu       1121 0017  0.5 0638  2.5 1254  0.6 1907  2.3
10  We       1121 0119  0.5 0742  2.5 1357  0.6 2014  2.3
11  Th       1121 0221  0.6 0846  2.4 1502  0.7 2118  2.3
12  Fr       1121 0323  0.6 0948  2.4 1606  0.7 2218  2.3
13  Sa       1121 0424  0.6 1047  2.4 1704  0.7 2312  2.3
14  Su       1121 0521  0.6 1141  2.3 1755  0.7 9999  9.9
15  Mo       1121 0004  2.3 0613  0.7 1232  2.3 1841  0.7
16  Tu       1121 0052  2.3 0701  0.7 1318  2.3 1923  0.7
17  We       1121 0139  2.3 0746  0.7 1401  2.3 2003  0.7
18  Th       1121 0222  2.3 0829  0.7 1441  2.2 2043  0.7
19  Fr       1121 0304  2.3 0911  0.8 1520  2.2 2124  0.7
20  Sa       1121 0345  2.2 0953  0.8 1558  2.1 2206  0.8
21  Su       1121 0425  2.2 1036  0.8 1637  2.1 2249  0.8
22  Mo       1121 0507  2.2 1119  0.9 1719  2.0 2334  0.8
23  Tu       1121 0550  2.1 1204  0.9 1805  2.0 9999  9.9
24  We       1121 0020  0.9 0636  2.1 1250  0.9 1856  2.0
25  Th       1121 0106  0.9 0724  2.1 1339  0.9 1950  2.0
26  Fr       1121 0153  0.9 0814  2.1 1429  0.9 2041  2.0
27  Sa       1121 0242  0.9 0904  2.1 1521  0.9 2130  2.0
28  Su       1121 0333  0.8 0953  2.2 1612  0.9 2217  2.1
29  Mo       1121 0425  0.8 1042  2.2 1701  0.8 2304  2.2
30  Tu       1121 0517  0.7 1131  2.3 1747  0.7 2353  2.3
 1  We       1221 0608  0.6 1221  2.3 1834  0.6 9999  9.9
 2  Th       1221 0044  2.4 0700  0.6 1312  2.4 1922  0.5
 3  Fr       1221 0137  2.5 0752  0.5 1404  2.5 2012  0.4
 4  Sa       1221 0232  2.5 0846  0.5 1456  2.5 2105  0.4
 5  Su       1221 0327  2.6 0942  0.4 1550  2.5 2202  0.4
 6  Mo       1221 0423  2.6 1039  0.5 1646  2.5 2301  0.4
 7  Tu       1221 0521  2.6 1137  0.5 1745  2.4 9999  9.9
 8  We       1221 0001  0.4 0620  2.5 1236  0.5 1848  2.4
 9  Th       1221 0100  0.5 0721  2.5 1336  0.6 1952  2.3
10  Fr       1221 0159  0.6 0823  2.4 1437  0.6 2054  2.3
11  Sa       1221 0258  0.6 0922  2.4 1538  0.7 2151  2.3
12  Su       1221 0357  0.7 1020  2.3 1635  0.7 2245  2.2
13  Mo       1221 0454  0.7 1114  2.3 1727  0.7 2337  2.2
14  Tu       1221 0548  0.7 1204  2.2 1814  0.7 9999  9.9
15  We       1221 0027  2.2 0638  0.8 1252  2.2 1857  0.7
16  Th       1221 0114  2.2 0723  0.8 1336  2.2 1938  0.7
17  Fr       1221 0200  2.2 0806  0.8 1417  2.2 2018  0.8
18  Sa       1221 0242  2.2 0848  0.8 1456  2.1 2059  0.8
19  Su       1221 0323  2.2 0930  0.8 1534  2.1 2140  0.8
20  Mo       1221 0402  2.2 1011  0.8 1613  2.1 2223  0.8
21  Tu       1221 0441  2.2 1053  0.8 1653  2.1 2306  0.8
22  We       1221 0521  2.2 1135  0.9 1735  2.0 2349  0.8
23  Th       1221 0603  2.2 1218  0.9 1821  2.0 9999  9.9
24  Fr       1221 0033  0.8 0648  2.2 1304  0.9 1910  2.0
25  Sa       1221 0118  0.8 0735  2.2 1351  0.9 2001  2.0
26  Su       1221 0206  0.8 0825  2.2 1441  0.9 2051  2.1
27  Mo       1221 0256  0.8 0916  2.2 1533  0.8 2142  2.1
28  Tu       1221 0351  0.8 1009  2.2 1626  0.8 2233  2.2
29  We       1221 0448  0.7 1102  2.2 1718  0.7 2327  2.3
30  Th       1221 0545  0.7 1157  2.3 1810  0.6 9999  9.9
31  Fr       1221 0023  2.4 0641  0.6 1252  2.4 1902  0.5
