043Picton
Based on data from 25-May-2007
Local Std Time, tidal heights in metres.
 1  Su        117 0425  0.1 1113  1.5 1633  0.0 2329  1.3
 2  Mo        117 0459  0.1 1147  1.5 1710  0.0 9999  9.9
 3  Tu        117 0004  1.3 0535  0.1 1223  1.5 1748  0.0
 4  We        117 0040  1.3 0613  0.1 1301  1.4 1830  0.1
 5  Th        117 0118  1.2 0655  0.2 1344  1.3 1917  0.1
 6  Fr        117 0159  1.2 0744  0.3 1435  1.3 2009  0.2
 7  Sa        117 0251  1.1 0845  0.3 1539  1.2 2110  0.3
 8  Su        117 0408  1.0 1002  0.4 1653  1.1 2217  0.3
 9  Mo        117 0554  1.0 1123  0.4 1810  1.1 2325  0.3
10  Tu        117 0725  1.1 1234  0.3 1921  1.2 9999  9.9
11  We        117 0030  0.3 0828  1.2 1333  0.2 2023  1.3
12  Th        117 0130  0.2 0918  1.4 1423  0.1 2117  1.3
13  Fr        117 0225  0.2 1001  1.5 1508  0.1 2204  1.4
14  Sa        117 0314  0.1 1039  1.5 1551  0.0 2247  1.4
15  Su        117 0359  0.1 1115  1.5 1631  0.0 2325  1.4
16  Mo        117 0440  0.0 1148  1.5 1711  0.0 9999  9.9
17  Tu        117 0001  1.4 0520  0.0 1219  1.4 1750  0.0
18  We        117 0034  1.3 0559  0.1 1248  1.4 1830  0.1
19  Th        117 0106  1.3 0638  0.2 1317  1.3 1912  0.2
20  Fr        117 0139  1.2 0719  0.3 1350  1.2 1958  0.3
21  Sa        117 0217  1.1 0806  0.4 1432  1.1 2052  0.4
22  Su        117 0305  1.0 0909  0.5 1533  1.0 2157  0.4
23  Mo        117 0417  1.0 1032  0.5 1702  1.0 2310  0.5
24  Tu        117 0611  1.0 1155  0.5 1844  1.0 9999  9.9
25  We        117 0022  0.5 0745  1.1 1301  0.4 2002  1.0
26  Th        117 0127  0.4 0838  1.2 1351  0.3 2055  1.1
27  Fr        117 0222  0.3 0918  1.3 1433  0.2 2138  1.2
28  Sa        117 0304  0.3 0954  1.4 1509  0.1 2215  1.3
29  Su        117 0340  0.2 1029  1.5 1544  0.1 2251  1.3
30  Mo        117 0413  0.1 1102  1.5 1619  0.0 2325  1.4
31  Tu        117 0446  0.1 1136  1.6 1654  0.0 2358  1.4
 1  We        217 0520  0.0 1211  1.5 1732  0.0 9999  9.9
 2  Th        217 0031  1.4 0556  0.1 1247  1.5 1811  0.0
 3  Fr        217 0103  1.3 0635  0.1 1326  1.4 1853  0.1
 4  Sa        217 0137  1.2 0719  0.2 1410  1.3 1940  0.1
 5  Su        217 0214  1.2 0813  0.3 1502  1.2 2034  0.2
 6  Mo        217 0303  1.1 0924  0.4 1609  1.1 2137  0.3
 7  Tu        217 0450  1.0 1050  0.4 1732  1.1 2250  0.4
 8  We        217 0704  1.0 1210  0.4 1859  1.1 9999  9.9
 9  Th        217 0004  0.4 0817  1.2 1315  0.3 2013  1.2
10  Fr        217 0112  0.3 0908  1.3 1408  0.2 2110  1.3
11  Sa        217 0212  0.2 0950  1.4 1455  0.1 2157  1.3
12  Su        217 0302  0.2 1028  1.5 1536  0.0 2237  1.4
13  Mo        217 0346  0.1 1102  1.5 1615  0.0 2312  1.4
14  Tu        217 0425  0.0 1133  1.5 1652  0.0 2343  1.4
15  We        217 0501  0.0 1200  1.5 1728  0.0 9999  9.9
16  Th        217 0012  1.4 0536  0.1 1225  1.4 1803  0.1
17  Fr        217 0039  1.3 0610  0.1 1249  1.3 1839  0.2
18  Sa        217 0107  1.3 0645  0.2 1316  1.2 1917  0.2
19  Su        217 0138  1.2 0723  0.3 1349  1.1 1959  0.3
20  Mo        217 0215  1.1 0811  0.4 1433  1.0 2053  0.4
21  Tu        217 0305  1.0 0925  0.5 1541  0.9 2210  0.5
22  We        217 0438  0.9 1105  0.5 1734  0.9 2338  0.5
23  Th        217 0703  1.0 1225  0.5 1938  1.0 9999  9.9
24  Fr        217 0058  0.5 0813  1.1 1323  0.4 2041  1.1
25  Sa        217 0201  0.4 0857  1.3 1409  0.3 2124  1.2
26  Su        217 0246  0.3 0935  1.4 1447  0.2 2202  1.3
27  Mo        217 0322  0.2 1010  1.5 1523  0.1 2237  1.4
28  Tu        217 0355  0.1 1045  1.6 1559  0.0 2310  1.4
 1  We        317 0428  0.0 1119  1.6 1635  0.0 2343  1.5
 2  Th        317 0502  0.0 1154  1.6 1712 -0.1 9999  9.9
 3  Fr        317 0014  1.4 0537  0.0 1229  1.5 1750  0.0
 4  Sa        317 0045  1.4 0615  0.0 1306  1.4 1831  0.0
 5  Su        317 0115  1.3 0657  0.1 1346  1.3 1915  0.1
 6  Mo        317 0147  1.2 0747  0.2 1433  1.2 2005  0.2
 7  Tu        317 0224  1.1 0855  0.3 1534  1.1 2107  0.3
 8  We        317 0339  1.0 1023  0.4 1701  1.0 2222  0.4
 9  Th        317 0643  1.0 1146  0.4 1843  1.0 2342  0.4
10  Fr        317 0801  1.1 1254  0.3 2002  1.1 9999  9.9
11  Sa        317 0055  0.4 0852  1.3 1349  0.2 2058  1.2
12  Su        317 0157  0.3 0933  1.4 1436  0.1 2142  1.3
13  Mo        317 0247  0.2 1009  1.5 1516  0.1 2219  1.4
14  Tu        317 0328  0.1 1041  1.5 1554  0.0 2251  1.4
15  We        317 0405  0.0 1110  1.5 1629  0.0 2320  1.4
16  Th        317 0439  0.0 1135  1.4 1703  0.0 2346  1.4
17  Fr        317 0511  0.0 1158  1.4 1736  0.1 9999  9.9
18  Sa        317 0012  1.4 0542  0.1 1221  1.3 1808  0.1
19  Su        317 0038  1.3 0615  0.2 1247  1.2 1842  0.2
20  Mo        317 0108  1.3 0649  0.2 1317  1.2 1919  0.3
21  Tu        317 0142  1.2 0731  0.3 1357  1.1 2006  0.4
22  We        317 0226  1.1 0832  0.5 1454  1.0 2117  0.5
23  Th        317 0339  1.0 1011  0.5 1639  0.9 2253  0.5
24  Fr        317 0559  1.0 1140  0.5 1900  1.0 9999  9.9
25  Sa        317 0020  0.5 0733  1.1 1245  0.4 2013  1.1
26  Su        317 0126  0.4 0825  1.2 1335  0.3 2059  1.2
27  Mo        317 0215  0.3 0906  1.4 1417  0.2 2138  1.3
28  Tu        317 0254  0.2 0944  1.5 1456  0.1 2214  1.4
29  We        317 0330  0.1 1021  1.6 1534  0.0 2249  1.5
30  Th        317 0405  0.0 1057  1.6 1611  0.0 2322  1.5
31  Fr        317 0440 -0.1 1133  1.6 1649 -0.1 2355  1.5
 1  Sa        417 0517 -0.1 1209  1.5 1728  0.0 9999  9.9
 2  Su        417 0026  1.4 0556  0.0 1246  1.4 1809  0.0
 3  Mo        417 0057  1.4 0639  0.1 1326  1.3 1854  0.1
 4  Tu        417 0129  1.3 0729  0.2 1412  1.2 1944  0.2
 5  We        417 0206  1.1 0835  0.3 1512  1.1 2045  0.4
 6  Th        417 0316  1.0 0959  0.4 1639  1.0 2201  0.4
 7  Fr        417 0611  1.0 1120  0.4 1822  1.0 2321  0.4
 8  Sa        417 0733  1.1 1227  0.3 1940  1.1 9999  9.9
 9  Su        417 0034  0.4 0825  1.2 1323  0.3 2035  1.2
10  Mo        417 0135  0.3 0907  1.3 1409  0.2 2118  1.3
11  Tu        417 0224  0.2 0943  1.4 1450  0.1 2154  1.4
12  We        417 0305  0.1 1014  1.4 1528  0.1 2226  1.4
13  Th        417 0341  0.1 1042  1.4 1603  0.1 2254  1.4
14  Fr        417 0413  0.0 1107  1.4 1636  0.1 2321  1.4
15  Sa        417 0445  0.1 1130  1.3 1708  0.1 2347  1.4
16  Su        417 0516  0.1 1154  1.3 1741  0.2 9999  9.9
17  Mo        417 0015  1.4 0549  0.1 1222  1.2 1814  0.2
18  Tu        417 0046  1.3 0624  0.2 1255  1.2 1852  0.3
19  We        417 0121  1.2 0706  0.3 1336  1.1 1938  0.4
20  Th        417 0206  1.1 0803  0.4 1432  1.0 2043  0.5
21  Fr        417 0313  1.0 0925  0.4 1605  0.9 2212  0.5
22  Sa        417 0503  1.0 1051  0.4 1808  1.0 2337  0.5
23  Su        417 0639  1.1 1159  0.4 1931  1.1 9999  9.9
24  Mo        417 0045  0.4 0742  1.2 1253  0.3 2024  1.2
25  Tu        417 0138  0.3 0830  1.4 1340  0.2 2108  1.3
26  We        417 0222  0.1 0913  1.5 1424  0.1 2148  1.4
27  Th        417 0302  0.0 0953  1.5 1505  0.0 2225  1.5
28  Fr        417 0341  0.0 1032  1.5 1546  0.0 2301  1.5
29  Sa        417 0419 -0.1 1111  1.5 1627  0.0 2336  1.5
30  Su        417 0458 -0.1 1150  1.5 1708  0.0 9999  9.9
 1  Mo        517 0010  1.4 0539  0.0 1229  1.4 1751  0.1
 2  Tu        517 0043  1.4 0623  0.1 1311  1.3 1837  0.2
 3  We        517 0119  1.3 0715  0.2 1359  1.2 1928  0.2
 4  Th        517 0202  1.2 0818  0.3 1458  1.1 2028  0.3
 5  Fr        517 0315  1.1 0934  0.4 1616  1.0 2140  0.4
 6  Sa        517 0523  1.0 1049  0.4 1747  1.0 2257  0.4
 7  Su        517 0650  1.1 1153  0.3 1905  1.1 9999  9.9
 8  Mo        517 0008  0.4 0748  1.2 1248  0.3 2002  1.2
 9  Tu        517 0108  0.3 0832  1.3 1337  0.2 2048  1.3
10  We        517 0157  0.2 0910  1.3 1420  0.2 2126  1.4
11  Th        517 0238  0.2 0943  1.3 1500  0.1 2159  1.4
12  Fr        517 0315  0.1 1012  1.3 1536  0.1 2229  1.4
13  Sa        517 0349  0.1 1039  1.3 1611  0.1 2258  1.4
14  Su        517 0421  0.1 1106  1.3 1645  0.2 2326  1.4
15  Mo        517 0454  0.1 1134  1.3 1718  0.2 2357  1.4
16  Tu        517 0528  0.1 1206  1.2 1754  0.2 9999  9.9
17  We        517 0030  1.3 0605  0.2 1243  1.2 1833  0.3
18  Th        517 0108  1.3 0649  0.2 1326  1.1 1919  0.4
19  Fr        517 0155  1.2 0742  0.3 1421  1.0 2018  0.4
20  Sa        517 0257  1.1 0850  0.3 1538  1.0 2134  0.4
21  Su        517 0421  1.1 1004  0.4 1714  1.0 2253  0.4
22  Mo        517 0546  1.1 1111  0.3 1840  1.1 9999  9.9
23  Tu        517 0003  0.4 0654  1.2 1210  0.3 1945  1.2
24  We        517 0101  0.3 0750  1.3 1302  0.2 2036  1.3
25  Th        517 0151  0.1 0840  1.4 1351  0.1 2121  1.4
26  Fr        517 0235  0.1 0925  1.4 1437  0.1 2203  1.5
27  Sa        517 0318  0.0 1009  1.5 1522  0.0 2242  1.5
28  Su        517 0359  0.0 1051  1.5 1606  0.0 2320  1.5
29  Mo        517 0441  0.0 1133  1.4 1650  0.1 2357  1.5
30  Tu        517 0523  0.0 1216  1.3 1735  0.1 9999  9.9
31  We        517 0034  1.4 0609  0.1 1259  1.3 1822  0.2
 1  Th        617 0113  1.3 0659  0.2 1346  1.2 1912  0.2
 2  Fr        617 0157  1.2 0757  0.2 1439  1.1 2008  0.3
 3  Sa        617 0257  1.1 0902  0.3 1542  1.1 2113  0.4
 4  Su        617 0423  1.1 1010  0.3 1656  1.1 2225  0.4
 5  Mo        617 0549  1.1 1112  0.3 1814  1.1 2335  0.4
 6  Tu        617 0657  1.1 1209  0.3 1921  1.1 9999  9.9
 7  We        617 0036  0.3 0750  1.2 1301  0.3 2013  1.2
 8  Th        617 0128  0.3 0833  1.2 1349  0.3 2056  1.3
 9  Fr        617 0212  0.2 0911  1.2 1432  0.2 2133  1.4
10  Sa        617 0251  0.2 0945  1.2 1512  0.2 2207  1.4
11  Su        617 0326  0.1 1017  1.3 1550  0.2 2239  1.4
12  Mo        617 0401  0.1 1050  1.3 1626  0.2 2311  1.4
13  Tu        617 0435  0.1 1123  1.2 1701  0.2 2344  1.4
14  We        617 0511  0.1 1159  1.2 1737  0.2 9999  9.9
15  Th        617 0019  1.4 0549  0.1 1237  1.2 1817  0.2
16  Fr        617 0059  1.3 0632  0.2 1319  1.2 1901  0.3
17  Sa        617 0144  1.3 0721  0.2 1408  1.1 1953  0.3
18  Su        617 0239  1.2 0817  0.2 1507  1.1 2057  0.4
19  Mo        617 0345  1.2 0921  0.3 1622  1.1 2211  0.4
20  Tu        617 0458  1.2 1026  0.3 1746  1.1 2324  0.3
21  We        617 0608  1.2 1128  0.3 1904  1.2 9999  9.9
22  Th        617 0027  0.3 0712  1.2 1226  0.2 2007  1.3
23  Fr        617 0123  0.2 0809  1.3 1320  0.2 2059  1.4
24  Sa        617 0212  0.1 0901  1.4 1412  0.1 2145  1.4
25  Su        617 0258  0.0 0950  1.4 1501  0.1 2227  1.5
26  Mo        617 0342  0.0 1036  1.4 1548  0.1 2307  1.5
27  Tu        617 0424  0.0 1120  1.4 1634  0.1 2345  1.5
28  We        617 0507  0.0 1203  1.4 1719  0.1 9999  9.9
29  Th        617 0022  1.4 0552  0.0 1244  1.3 1804  0.1
30  Fr        617 0059  1.4 0638  0.1 1325  1.3 1850  0.2
 1  Sa        717 0139  1.3 0728  0.2 1409  1.2 1940  0.3
 2  Su        717 0224  1.2 0824  0.3 1457  1.1 2037  0.3
 3  Mo        717 0321  1.1 0924  0.3 1554  1.1 2144  0.4
 4  Tu        717 0432  1.0 1026  0.4 1706  1.1 2256  0.4
 5  We        717 0548  1.0 1127  0.4 1827  1.1 9999  9.9
 6  Th        717 0003  0.4 0657  1.1 1225  0.4 1937  1.1
 7  Fr        717 0100  0.3 0755  1.1 1319  0.3 2029  1.2
 8  Sa        717 0148  0.3 0843  1.1 1409  0.3 2111  1.3
 9  Su        717 0229  0.2 0925  1.2 1453  0.3 2148  1.4
10  Mo        717 0307  0.1 1004  1.2 1533  0.2 2223  1.4
11  Tu        717 0342  0.1 1040  1.3 1609  0.2 2257  1.4
12  We        717 0417  0.1 1116  1.3 1645  0.2 2331  1.5
13  Th        717 0453  0.0 1152  1.3 1720  0.2 9999  9.9
14  Fr        717 0007  1.4 0531  0.0 1228  1.3 1758  0.2
15  Sa        717 0045  1.4 0612  0.1 1305  1.2 1838  0.2
16  Su        717 0127  1.4 0656  0.1 1346  1.2 1925  0.2
17  Mo        717 0214  1.3 0746  0.2 1431  1.2 2021  0.3
18  Tu        717 0311  1.2 0842  0.2 1530  1.1 2130  0.3
19  We        717 0416  1.2 0944  0.3 1651  1.1 2248  0.3
20  Th        717 0527  1.2 1050  0.3 1827  1.1 2359  0.3
21  Fr        717 0638  1.2 1155  0.3 1945  1.2 9999  9.9
22  Sa        717 0100  0.2 0745  1.2 1256  0.2 2044  1.3
23  Su        717 0153  0.1 0844  1.3 1353  0.2 2132  1.4
24  Mo        717 0241  0.1 0937  1.3 1445  0.1 2214  1.5
25  Tu        717 0325  0.0 1024  1.4 1533  0.1 2253  1.5
26  We        717 0407  0.0 1106  1.4 1618  0.0 2330  1.5
27  Th        717 0449  0.0 1145  1.4 1700  0.0 9999  9.9
28  Fr        717 0004  1.5 0530  0.0 1221  1.4 1741  0.1
29  Sa        717 0036  1.4 0611  0.1 1256  1.3 1823  0.1
30  Su        717 0108  1.3 0655  0.1 1331  1.3 1906  0.2
31  Mo        717 0143  1.2 0741  0.2 1408  1.2 1954  0.3
 1  Tu        817 0224  1.1 0833  0.3 1452  1.1 2053  0.4
 2  We        817 0318  1.0 0934  0.4 1551  1.1 2210  0.5
 3  Th        817 0431  1.0 1041  0.4 1718  1.0 2328  0.4
 4  Fr        817 0559  1.0 1149  0.4 1859  1.1 9999  9.9
 5  Sa        817 0033  0.4 0723  1.0 1253  0.4 2006  1.2
 6  Su        817 0125  0.3 0825  1.1 1350  0.3 2052  1.3
 7  Mo        817 0209  0.2 0913  1.2 1437  0.3 2130  1.4
 8  Tu        817 0247  0.1 0953  1.3 1517  0.2 2206  1.4
 9  We        817 0323  0.1 1029  1.3 1552  0.1 2240  1.5
10  Th        817 0358  0.0 1104  1.3 1626  0.1 2314  1.5
11  Fr        817 0434  0.0 1137  1.4 1700  0.1 2349  1.5
12  Sa        817 0510  0.0 1211  1.4 1736  0.1 9999  9.9
13  Su        817 0025  1.5 0549  0.0 1244  1.3 1814  0.1
14  Mo        817 0104  1.4 0630  0.0 1319  1.3 1857  0.1
15  Tu        817 0147  1.3 0716  0.1 1356  1.2 1947  0.2
16  We        817 0237  1.2 0807  0.2 1442  1.1 2053  0.3
17  Th        817 0338  1.2 0907  0.3 1554  1.1 2216  0.4
18  Fr        817 0453  1.1 1017  0.3 1757  1.1 2336  0.3
19  Sa        817 0614  1.1 1129  0.3 1932  1.2 9999  9.9
20  Su        817 0042  0.3 0731  1.2 1237  0.3 2032  1.3
21  Mo        817 0137  0.2 0835  1.2 1338  0.2 2118  1.4
22  Tu        817 0225  0.1 0926  1.3 1431  0.1 2159  1.5
23  We        817 0308  0.0 1010  1.4 1517  0.1 2235  1.5
24  Th        817 0348  0.0 1048  1.4 1559  0.0 2309  1.5
25  Fr        817 0427  0.0 1122  1.4 1638  0.0 2339  1.5
26  Sa        817 0505  0.0 1154  1.4 1716  0.0 9999  9.9
27  Su        817 0006  1.4 0542  0.0 1223  1.4 1752  0.1
28  Mo        817 0033  1.3 0620  0.1 1253  1.3 1830  0.2
29  Tu        817 0101  1.2 0659  0.2 1324  1.3 1910  0.3
30  We        817 0135  1.1 0742  0.3 1401  1.2 1959  0.4
31  Th        817 0219  1.1 0836  0.4 1450  1.1 2111  0.5
 1  Fr        917 0323  1.0 0950  0.5 1607  1.0 2246  0.5
 2  Sa        917 0502  0.9 1113  0.5 1813  1.0 9999  9.9
 3  Su        917 0003  0.4 0700  1.0 1229  0.5 1939  1.1
 4  Mo        917 0101  0.3 0811  1.1 1330  0.4 2028  1.3
 5  Tu        917 0146  0.2 0857  1.2 1418  0.3 2108  1.4
 6  We        917 0225  0.1 0936  1.3 1457  0.2 2144  1.5
 7  Th        917 0301  0.0 1011  1.4 1531  0.1 2218  1.5
 8  Fr        917 0336  0.0 1045  1.4 1604  0.0 2253  1.6
 9  Sa        917 0411 -0.1 1117  1.5 1638  0.0 2327  1.6
10  Su        917 0447 -0.1 1149  1.5 1713  0.0 9999  9.9
11  Mo        917 0003  1.5 0525 -0.1 1221  1.4 1751  0.0
12  Tu        917 0039  1.4 0605  0.0 1252  1.4 1832  0.1
13  We        917 0120  1.3 0648  0.1 1325  1.3 1920  0.2
14  Th        917 0206  1.2 0737  0.2 1404  1.2 2023  0.3
15  Fr        917 0306  1.1 0836  0.3 1505  1.1 2148  0.4
16  Sa        917 0426  1.0 0949  0.4 1737  1.0 2315  0.4
17  Su        917 0600  1.0 1109  0.4 1918  1.1 9999  9.9
18  Mo        917 0024  0.3 0723  1.1 1222  0.3 2016  1.3
19  Tu        917 0119  0.2 0824  1.2 1324  0.3 2101  1.4
20  We        917 0206  0.1 0911  1.3 1416  0.2 2139  1.5
21  Th        917 0248  0.0 0951  1.4 1500  0.1 2213  1.5
22  Fr        917 0327  0.0 1026  1.5 1539  0.0 2243  1.5
23  Sa        917 0403  0.0 1057  1.5 1615  0.0 2310  1.5
24  Su        917 0438  0.0 1125  1.5 1650  0.0 2335  1.4
25  Mo        917 0513  0.0 1152  1.4 1723  0.0 2358  1.3
26  Tu        917 0547  0.1 1220  1.4 1757  0.1 9999  9.9
27  We        917 0024  1.3 0622  0.2 1249  1.3 1833  0.2
28  Th        917 0055  1.2 0700  0.3 1324  1.2 1914  0.3
29  Fr        917 0134  1.1 0746  0.4 1407  1.1 2014  0.4
30  Sa        917 0230  1.0 0855  0.5 1514  1.0 2152  0.5
 1  Su       1017 0411  0.9 1032  0.5 1719  1.0 2324  0.5
 2  Mo       1017 0632  0.9 1159  0.5 1901  1.1 9999  9.9
 3  Tu       1017 0028  0.4 0748  1.1 1304  0.4 1957  1.2
 4  We       1017 0116  0.3 0834  1.2 1353  0.3 2039  1.4
 5  Th       1017 0157  0.1 0913  1.3 1432  0.2 2117  1.5
 6  Fr       1017 0234  0.0 0949  1.4 1507  0.1 2153  1.6
 7  Sa       1017 0311  0.0 1023  1.5 1542  0.0 2229  1.6
 8  Su       1017 0347 -0.1 1056  1.5 1616 -0.1 2304  1.6
 9  Mo       1017 0424 -0.1 1128  1.5 1652 -0.1 2340  1.5
10  Tu       1017 0502 -0.1 1200  1.5 1730  0.0 9999  9.9
11  We       1017 0017  1.4 0542  0.0 1231  1.4 1811  0.1
12  Th       1017 0056  1.3 0625  0.1 1304  1.3 1859  0.2
13  Fr       1017 0142  1.2 0714  0.2 1341  1.2 2000  0.3
14  Sa       1017 0240  1.1 0812  0.3 1438  1.1 2123  0.4
15  Su       1017 0404  1.0 0926  0.4 1714  1.0 2250  0.4
16  Mo       1017 0546  1.0 1049  0.4 1854  1.1 9999  9.9
17  Tu       1017 0001  0.3 0708  1.1 1204  0.4 1953  1.2
18  We       1017 0057  0.2 0806  1.2 1307  0.3 2037  1.3
19  Th       1017 0144  0.1 0851  1.3 1358  0.2 2115  1.4
20  Fr       1017 0225  0.1 0930  1.4 1440  0.1 2148  1.5
21  Sa       1017 0304  0.0 1003  1.5 1518  0.0 2217  1.4
22  Su       1017 0340  0.0 1033  1.5 1553  0.0 2243  1.4
23  Mo       1017 0414  0.0 1101  1.5 1626  0.0 2306  1.4
24  Tu       1017 0447  0.1 1127  1.5 1658  0.0 2330  1.3
25  We       1017 0520  0.1 1155  1.4 1731  0.1 2357  1.2
26  Th       1017 0554  0.2 1225  1.3 1806  0.2 9999  9.9
27  Fr       1017 0028  1.2 0630  0.3 1259  1.3 1845  0.3
28  Sa       1017 0106  1.1 0712  0.4 1341  1.2 1938  0.4
29  Su       1017 0157  1.0 0812  0.5 1442  1.1 2057  0.5
30  Mo       1017 0327  0.9 0943  0.5 1626  1.0 2230  0.5
31  Tu       1017 0542  0.9 1116  0.5 1809  1.1 2342  0.4
 1  We       1117 0710  1.0 1227  0.4 1916  1.2 9999  9.9
 2  Th       1117 0037  0.3 0804  1.2 1321  0.3 2005  1.3
 3  Fr       1117 0123  0.2 0847  1.3 1404  0.2 2047  1.4
 4  Sa       1117 0205  0.1 0925  1.4 1443  0.1 2127  1.5
 5  Su       1117 0245  0.0 1002  1.5 1520  0.0 2206  1.6
 6  Mo       1117 0324  0.0 1037  1.5 1557 -0.1 2244  1.5
 7  Tu       1117 0403 -0.1 1111  1.5 1635 -0.1 2321  1.5
 8  We       1117 0443  0.0 1145  1.5 1714  0.0 9999  9.9
 9  Th       1117 0000  1.4 0525  0.0 1218  1.4 1756  0.0
10  Fr       1117 0041  1.3 0608  0.1 1253  1.3 1844  0.1
11  Sa       1117 0126  1.2 0657  0.2 1333  1.2 1942  0.3
12  Su       1117 0223  1.1 0753  0.3 1431  1.1 2056  0.4
13  Mo       1117 0340  1.0 0902  0.4 1632  1.0 2216  0.4
14  Tu       1117 0514  1.0 1022  0.4 1815  1.1 2327  0.3
15  We       1117 0638  1.1 1139  0.4 1920  1.2 9999  9.9
16  Th       1117 0026  0.3 0740  1.2 1244  0.3 2008  1.3
17  Fr       1117 0116  0.2 0828  1.3 1336  0.2 2048  1.3
18  Sa       1117 0201  0.2 0908  1.4 1420  0.1 2123  1.4
19  Su       1117 0242  0.1 0943  1.4 1458  0.1 2154  1.4
20  Mo       1117 0319  0.1 1014  1.5 1533  0.1 2221  1.3
21  Tu       1117 0354  0.1 1042  1.5 1606  0.0 2246  1.3
22  We       1117 0428  0.1 1110  1.4 1639  0.1 2313  1.3
23  Th       1117 0501  0.1 1139  1.4 1712  0.1 2342  1.2
24  Fr       1117 0535  0.2 1210  1.4 1747  0.2 9999  9.9
25  Sa       1117 0015  1.2 0611  0.2 1245  1.3 1827  0.2
26  Su       1117 0053  1.1 0652  0.3 1327  1.2 1914  0.3
27  Mo       1117 0141  1.0 0743  0.4 1422  1.1 2016  0.4
28  Tu       1117 0250  1.0 0854  0.5 1541  1.1 2132  0.4
29  We       1117 0435  1.0 1021  0.5 1712  1.1 2246  0.4
30  Th       1117 0616  1.0 1141  0.4 1827  1.2 2349  0.3
 1  Fr       1217 0726  1.1 1244  0.3 1927  1.3 9999  9.9
 2  Sa       1217 0044  0.2 0819  1.3 1335  0.2 2017  1.4
 3  Su       1217 0134  0.1 0904  1.4 1419  0.1 2103  1.4
 4  Mo       1217 0219  0.1 0945  1.5 1501  0.0 2146  1.5
 5  Tu       1217 0303  0.0 1023  1.5 1541  0.0 2228  1.5
 6  We       1217 0346  0.0 1101  1.5 1621 -0.1 2310  1.4
 7  Th       1217 0429  0.0 1137  1.5 1702  0.0 2351  1.4
 8  Fr       1217 0512  0.0 1213  1.5 1745  0.0 9999  9.9
 9  Sa       1217 0033  1.3 0556  0.1 1249  1.4 1831  0.1
10  Su       1217 0117  1.2 0642  0.2 1329  1.3 1923  0.2
11  Mo       1217 0206  1.1 0734  0.3 1420  1.2 2025  0.3
12  Tu       1217 0305  1.1 0834  0.3 1537  1.1 2134  0.3
13  We       1217 0421  1.0 0946  0.4 1713  1.1 2243  0.4
14  Th       1217 0548  1.0 1104  0.4 1833  1.1 2347  0.3
15  Fr       1217 0705  1.1 1214  0.4 1933  1.1 9999  9.9
16  Sa       1217 0044  0.3 0803  1.2 1313  0.3 2021  1.2
17  Su       1217 0136  0.3 0849  1.3 1400  0.2 2102  1.2
18  Mo       1217 0222  0.2 0927  1.4 1441  0.2 2137  1.3
19  Tu       1217 0304  0.2 1000  1.4 1517  0.1 2209  1.3
20  We       1217 0342  0.2 1031  1.4 1551  0.1 2239  1.3
21  Th       1217 0416  0.2 1100  1.4 1624  0.1 2309  1.3
22  Fr       1217 0449  0.2 1131  1.4 1658  0.1 2340  1.2
23  Sa       1217 0523  0.2 1203  1.4 1733  0.1 9999  9.9
24  Su       1217 0013  1.2 0557  0.2 1237  1.4 1811  0.1
25  Mo       1217 0049  1.2 0635  0.2 1317  1.3 1854  0.2
26  Tu       1217 0130  1.1 0719  0.3 1404  1.2 1944  0.2
27  We       1217 0220  1.1 0813  0.4 1504  1.2 2044  0.3
28  Th       1217 0328  1.0 0926  0.4 1618  1.1 2151  0.3
29  Fr       1217 0504  1.0 1050  0.4 1736  1.1 2259  0.3
30  Sa       1217 0642  1.1 1205  0.4 1847  1.2 9999  9.9
31  Su       1217 0003  0.3 0753  1.2 1307  0.3 1949  1.3
