043Picton
Based on data from 25-May-2007
Local Std Time, tidal heights in metres.
 1  Tu        119 0416  1.1 0946  0.4 1702  1.1 2234  0.4
 2  We        119 0542  1.1 1103  0.4 1823  1.1 2340  0.4
 3  Th        119 0705  1.1 1215  0.4 1931  1.1 9999  9.9
 4  Fr        119 0041  0.3 0809  1.2 1316  0.3 2027  1.2
 5  Sa        119 0138  0.3 0858  1.3 1406  0.2 2114  1.2
 6  Su        119 0230  0.2 0939  1.4 1449  0.2 2155  1.2
 7  Mo        119 0316  0.2 1014  1.4 1527  0.1 2230  1.2
 8  Tu        119 0356  0.2 1045  1.4 1603  0.1 2301  1.2
 9  We        119 0432  0.2 1114  1.4 1637  0.1 2329  1.2
10  Th        119 0505  0.2 1143  1.4 1711  0.1 2357  1.2
11  Fr        119 0538  0.2 1214  1.4 1745  0.1 9999  9.9
12  Sa        119 0026  1.2 0610  0.2 1247  1.4 1822  0.1
13  Su        119 0058  1.2 0645  0.3 1324  1.3 1902  0.2
14  Mo        119 0134  1.1 0726  0.3 1409  1.2 1949  0.3
15  Tu        119 0216  1.1 0817  0.4 1505  1.2 2043  0.3
16  We        119 0313  1.0 0930  0.5 1614  1.1 2147  0.4
17  Th        119 0449  1.0 1059  0.5 1731  1.1 2257  0.4
18  Fr        119 0646  1.0 1216  0.4 1846  1.1 9999  9.9
19  Sa        119 0005  0.4 0803  1.1 1318  0.3 1953  1.2
20  Su        119 0109  0.3 0857  1.3 1409  0.2 2052  1.3
21  Mo        119 0205  0.2 0941  1.4 1453  0.1 2143  1.3
22  Tu        119 0256  0.2 1021  1.5 1535  0.0 2230  1.4
23  We        119 0342  0.1 1100  1.5 1616  0.0 2313  1.4
24  Th        119 0425  0.0 1137  1.6 1656  0.0 2353  1.4
25  Fr        119 0506  0.0 1212  1.5 1736  0.0 9999  9.9
26  Sa        119 0031  1.4 0547  0.0 1248  1.5 1818  0.0
27  Su        119 0108  1.3 0629  0.1 1324  1.4 1902  0.1
28  Mo        119 0145  1.3 0713  0.1 1403  1.3 1950  0.2
29  Tu        119 0224  1.2 0803  0.3 1448  1.2 2044  0.3
30  We        119 0312  1.1 0905  0.4 1550  1.0 2147  0.4
31  Th        119 0425  1.0 1023  0.4 1719  1.0 2258  0.4
 1  Fr        219 0624  1.0 1145  0.4 1902  1.0 9999  9.9
 2  Sa        219 0011  0.4 0754  1.1 1256  0.4 2018  1.0
 3  Su        219 0121  0.4 0848  1.2 1351  0.3 2112  1.1
 4  Mo        219 0223  0.3 0929  1.3 1437  0.2 2154  1.2
 5  Tu        219 0311  0.3 1004  1.4 1515  0.2 2228  1.2
 6  We        219 0350  0.2 1034  1.4 1549  0.1 2258  1.3
 7  Th        219 0422  0.2 1102  1.5 1621  0.1 2324  1.3
 8  Fr        219 0451  0.1 1130  1.5 1652  0.1 2349  1.3
 9  Sa        219 0519  0.1 1159  1.5 1725  0.1 9999  9.9
10  Su        219 0014  1.3 0549  0.1 1230  1.4 1758  0.1
11  Mo        219 0042  1.3 0620  0.2 1304  1.4 1835  0.1
12  Tu        219 0111  1.2 0655  0.2 1342  1.3 1915  0.2
13  We        219 0143  1.2 0738  0.3 1428  1.2 2002  0.2
14  Th        219 0220  1.1 0836  0.4 1527  1.1 2058  0.3
15  Fr        219 0316  1.0 1006  0.5 1643  1.1 2209  0.4
16  Sa        219 0547  1.0 1140  0.4 1811  1.0 2328  0.4
17  Su        219 0745  1.1 1252  0.4 1936  1.1 9999  9.9
18  Mo        219 0043  0.4 0844  1.2 1349  0.2 2043  1.2
19  Tu        219 0148  0.3 0929  1.4 1437  0.1 2135  1.3
20  We        219 0242  0.2 1009  1.5 1519  0.0 2220  1.4
21  Th        219 0328  0.1 1046  1.6 1559  0.0 2300  1.5
22  Fr        219 0410  0.0 1122  1.6 1638 -0.1 2337  1.5
23  Sa        219 0449  0.0 1156  1.6 1717  0.0 9999  9.9
24  Su        219 0011  1.5 0528  0.0 1228  1.5 1756  0.0
25  Mo        219 0043  1.4 0606  0.0 1300  1.4 1836  0.1
26  Tu        219 0114  1.3 0646  0.1 1331  1.3 1918  0.2
27  We        219 0146  1.3 0730  0.2 1404  1.2 2006  0.3
28  Th        219 0221  1.1 0824  0.4 1447  1.0 2104  0.4
 1  Fr        319 0310  1.0 0941  0.5 1558  0.9 2218  0.5
 2  Sa        319 0505  0.9 1114  0.5 1834  0.9 2343  0.5
 3  Su        319 0736  1.0 1233  0.5 2012  1.0 9999  9.9
 4  Mo        319 0106  0.5 0833  1.1 1333  0.4 2103  1.1
 5  Tu        319 0214  0.4 0912  1.3 1419  0.3 2141  1.2
 6  We        319 0301  0.3 0944  1.4 1456  0.2 2213  1.3
 7  Th        319 0335  0.2 1013  1.4 1528  0.1 2240  1.3
 8  Fr        319 0403  0.1 1041  1.5 1559  0.1 2306  1.4
 9  Sa        319 0430  0.1 1109  1.5 1629  0.0 2331  1.4
10  Su        319 0456  0.1 1138  1.5 1701  0.0 2356  1.4
11  Mo        319 0525  0.1 1209  1.5 1733  0.0 9999  9.9
12  Tu        319 0022  1.4 0555  0.1 1242  1.4 1809  0.1
13  We        319 0049  1.3 0630  0.1 1318  1.3 1847  0.1
14  Th        319 0117  1.2 0710  0.2 1400  1.2 1931  0.2
15  Fr        319 0148  1.2 0804  0.3 1453  1.1 2025  0.3
16  Sa        319 0229  1.1 0928  0.4 1608  1.0 2135  0.4
17  Su        319 0444  1.0 1108  0.4 1746  1.0 2300  0.5
18  Mo        319 0721  1.1 1225  0.4 1921  1.1 9999  9.9
19  Tu        319 0021  0.4 0823  1.2 1325  0.3 2029  1.2
20  We        319 0128  0.3 0909  1.4 1414  0.1 2119  1.3
21  Th        319 0223  0.2 0949  1.5 1457  0.1 2202  1.4
22  Fr        319 0308  0.1 1025  1.6 1537  0.0 2240  1.5
23  Sa        319 0349  0.0 1100  1.6 1615  0.0 2314  1.5
24  Su        319 0427 -0.1 1133  1.5 1653  0.0 2346  1.5
25  Mo        319 0505 -0.1 1203  1.5 1731  0.0 9999  9.9
26  Tu        319 0016  1.5 0542  0.0 1232  1.4 1809  0.1
27  We        319 0045  1.4 0620  0.1 1259  1.3 1849  0.2
28  Th        319 0114  1.3 0700  0.2 1328  1.1 1933  0.3
29  Fr        319 0146  1.2 0749  0.3 1404  1.0 2028  0.4
30  Sa        319 0228  1.1 0901  0.5 1501  0.9 2144  0.5
31  Su        319 0345  0.9 1037  0.5 1751  0.9 2315  0.5
 1  Mo        419 0653  1.0 1200  0.5 1949  1.0 9999  9.9
 2  Tu        419 0040  0.5 0759  1.1 1302  0.4 2038  1.1
 3  We        419 0147  0.4 0839  1.2 1348  0.3 2114  1.2
 4  Th        419 0233  0.3 0912  1.3 1426  0.2 2145  1.3
 5  Fr        419 0307  0.2 0943  1.4 1459  0.1 2213  1.4
 6  Sa        419 0335  0.1 1013  1.5 1531  0.1 2240  1.4
 7  Su        419 0403  0.1 1043  1.5 1602  0.0 2307  1.4
 8  Mo        419 0431  0.0 1114  1.5 1635  0.0 2334  1.4
 9  Tu        419 0501  0.0 1146  1.5 1709  0.0 9999  9.9
10  We        419 0002  1.4 0534  0.0 1221  1.4 1745  0.1
11  Th        419 0030  1.4 0610  0.1 1258  1.3 1825  0.1
12  Fr        419 0100  1.3 0653  0.2 1341  1.2 1910  0.2
13  Sa        419 0133  1.2 0748  0.3 1434  1.1 2005  0.3
14  Su        419 0217  1.1 0907  0.4 1549  1.0 2115  0.4
15  Mo        419 0425  1.0 1039  0.4 1728  1.0 2238  0.4
16  Tu        419 0645  1.1 1154  0.4 1859  1.1 2357  0.4
17  We        419 0752  1.2 1253  0.3 2004  1.2 9999  9.9
18  Th        419 0103  0.3 0840  1.3 1343  0.2 2054  1.3
19  Fr        419 0158  0.2 0921  1.4 1428  0.1 2137  1.4
20  Sa        419 0244  0.1 0959  1.5 1510  0.0 2215  1.5
21  Su        419 0325  0.0 1034  1.5 1549  0.0 2249  1.5
22  Mo        419 0404  0.0 1106  1.5 1628  0.0 2321  1.5
23  Tu        419 0441  0.0 1137  1.4 1706  0.1 2351  1.5
24  We        419 0518  0.0 1204  1.3 1745  0.1 9999  9.9
25  Th        419 0020  1.4 0555  0.1 1232  1.2 1825  0.2
26  Fr        419 0050  1.3 0635  0.2 1302  1.1 1908  0.3
27  Sa        419 0123  1.2 0722  0.3 1339  1.0 2001  0.4
28  Su        419 0206  1.1 0826  0.4 1434  0.9 2113  0.5
29  Mo        419 0314  1.0 0953  0.5 1634  0.9 2240  0.5
30  Tu        419 0525  1.0 1113  0.5 1854  0.9 9999  9.9
 1  We        519 0000  0.5 0658  1.1 1215  0.4 1953  1.1
 2  Th        519 0105  0.4 0749  1.2 1304  0.3 2034  1.2
 3  Fr        519 0153  0.3 0829  1.3 1345  0.2 2109  1.3
 4  Sa        519 0230  0.2 0905  1.4 1422  0.2 2141  1.3
 5  Su        519 0303  0.1 0940  1.4 1458  0.1 2213  1.4
 6  Mo        519 0334  0.1 1014  1.5 1534  0.1 2243  1.4
 7  Tu        519 0406  0.0 1050  1.5 1610  0.1 2314  1.4
 8  We        519 0440  0.0 1126  1.4 1647  0.1 2346  1.4
 9  Th        519 0516  0.0 1204  1.4 1727  0.1 9999  9.9
10  Fr        519 0018  1.4 0556  0.1 1245  1.3 1809  0.1
11  Sa        519 0053  1.3 0642  0.2 1331  1.2 1857  0.2
12  Su        519 0132  1.2 0738  0.3 1427  1.1 1952  0.3
13  Mo        519 0229  1.1 0850  0.3 1539  1.1 2100  0.4
14  Tu        519 0414  1.1 1008  0.4 1703  1.1 2216  0.4
15  We        519 0600  1.1 1118  0.3 1825  1.1 2330  0.4
16  Th        519 0710  1.2 1217  0.3 1931  1.2 9999  9.9
17  Fr        519 0035  0.3 0804  1.3 1309  0.2 2024  1.3
18  Sa        519 0130  0.2 0849  1.3 1356  0.1 2109  1.4
19  Su        519 0218  0.1 0930  1.4 1441  0.1 2149  1.5
20  Mo        519 0301  0.0 1007  1.4 1523  0.1 2225  1.5
21  Tu        519 0341  0.0 1041  1.4 1604  0.1 2259  1.5
22  We        519 0419  0.0 1113  1.3 1644  0.1 2330  1.4
23  Th        519 0456  0.1 1143  1.2 1724  0.2 9999  9.9
24  Fr        519 0001  1.4 0535  0.1 1212  1.2 1805  0.2
25  Sa        519 0032  1.3 0615  0.2 1245  1.1 1848  0.3
26  Su        519 0108  1.2 0700  0.3 1325  1.0 1937  0.4
27  Mo        519 0152  1.1 0754  0.4 1419  1.0 2039  0.5
28  Tu        519 0252  1.1 0903  0.4 1537  1.0 2155  0.5
29  We        519 0415  1.0 1015  0.4 1720  1.0 2311  0.5
30  Th        519 0539  1.1 1117  0.4 1845  1.0 9999  9.9
31  Fr        519 0016  0.4 0645  1.1 1211  0.3 1943  1.1
 1  Sa        619 0108  0.3 0738  1.2 1259  0.3 2029  1.2
 2  Su        619 0152  0.2 0823  1.3 1343  0.2 2109  1.3
 3  Mo        619 0231  0.2 0906  1.4 1426  0.2 2147  1.4
 4  Tu        619 0308  0.1 0948  1.4 1507  0.1 2223  1.4
 5  We        619 0345  0.0 1029  1.4 1548  0.1 2259  1.4
 6  Th        619 0422  0.0 1111  1.4 1629  0.1 2335  1.4
 7  Fr        619 0502  0.0 1153  1.3 1712  0.1 9999  9.9
 8  Sa        619 0012  1.4 0545  0.1 1238  1.3 1757  0.1
 9  Su        619 0051  1.3 0632  0.1 1326  1.2 1845  0.2
10  Mo        619 0136  1.3 0725  0.2 1419  1.2 1938  0.3
11  Tu        619 0232  1.2 0827  0.3 1519  1.1 2040  0.3
12  We        619 0347  1.1 0934  0.3 1627  1.1 2149  0.3
13  Th        619 0510  1.1 1039  0.3 1741  1.1 2301  0.3
14  Fr        619 0623  1.1 1139  0.3 1852  1.2 9999  9.9
15  Sa        619 0006  0.3 0724  1.2 1234  0.2 1953  1.3
16  Su        619 0104  0.2 0816  1.2 1326  0.2 2044  1.3
17  Mo        619 0154  0.2 0902  1.3 1415  0.2 2127  1.4
18  Tu        619 0239  0.1 0944  1.3 1501  0.2 2206  1.4
19  We        619 0321  0.1 1023  1.3 1545  0.2 2242  1.4
20  Th        619 0400  0.1 1058  1.2 1628  0.2 2314  1.4
21  Fr        619 0438  0.1 1130  1.2 1708  0.2 2346  1.4
22  Sa        619 0516  0.1 1202  1.2 1747  0.2 9999  9.9
23  Su        619 0019  1.3 0554  0.2 1235  1.1 1827  0.3
24  Mo        619 0054  1.3 0636  0.2 1313  1.1 1909  0.3
25  Tu        619 0135  1.2 0722  0.3 1356  1.1 1958  0.4
26  We        619 0225  1.2 0814  0.3 1449  1.0 2059  0.4
27  Th        619 0326  1.1 0914  0.3 1556  1.0 2212  0.5
28  Fr        619 0436  1.1 1017  0.4 1720  1.0 2324  0.4
29  Sa        619 0545  1.1 1117  0.3 1844  1.1 9999  9.9
30  Su        619 0026  0.4 0647  1.2 1214  0.3 1950  1.2
 1  Mo        719 0118  0.3 0745  1.2 1307  0.3 2042  1.3
 2  Tu        719 0204  0.2 0837  1.3 1357  0.2 2127  1.4
 3  We        719 0246  0.1 0927  1.3 1445  0.2 2208  1.4
 4  Th        719 0327  0.0 1014  1.4 1531  0.1 2248  1.5
 5  Fr        719 0407  0.0 1100  1.4 1615  0.1 2326  1.5
 6  Sa        719 0449  0.0 1145  1.4 1659  0.1 9999  9.9
 7  Su        719 0005  1.5 0531  0.0 1229  1.3 1743  0.1
 8  Mo        719 0045  1.4 0616  0.1 1313  1.3 1829  0.1
 9  Tu        719 0127  1.3 0705  0.1 1358  1.3 1918  0.2
10  We        719 0215  1.3 0758  0.2 1446  1.2 2013  0.2
11  Th        719 0311  1.2 0856  0.2 1542  1.1 2116  0.3
12  Fr        719 0418  1.1 0958  0.3 1650  1.1 2228  0.3
13  Sa        719 0532  1.1 1100  0.3 1809  1.1 2338  0.3
14  Su        719 0643  1.1 1201  0.3 1925  1.2 9999  9.9
15  Mo        719 0041  0.3 0748  1.1 1300  0.3 2024  1.3
16  Tu        719 0135  0.2 0844  1.2 1355  0.3 2112  1.3
17  We        719 0222  0.2 0933  1.2 1447  0.2 2153  1.4
18  Th        719 0304  0.1 1014  1.2 1533  0.2 2228  1.4
19  Fr        719 0343  0.1 1050  1.2 1614  0.2 2300  1.4
20  Sa        719 0420  0.1 1122  1.2 1651  0.2 2331  1.4
21  Su        719 0456  0.1 1151  1.2 1726  0.2 9999  9.9
22  Mo        719 0002  1.4 0532  0.1 1220  1.2 1801  0.2
23  Tu        719 0035  1.4 0608  0.1 1251  1.2 1836  0.3
24  We        719 0111  1.3 0648  0.2 1325  1.2 1915  0.3
25  Th        719 0154  1.2 0731  0.2 1405  1.1 2003  0.4
26  Fr        719 0244  1.2 0821  0.3 1453  1.1 2107  0.4
27  Sa        719 0344  1.1 0919  0.3 1600  1.0 2230  0.4
28  Su        719 0453  1.1 1025  0.4 1739  1.0 2347  0.4
29  Mo        719 0605  1.1 1132  0.4 1916  1.1 9999  9.9
30  Tu        719 0049  0.3 0714  1.2 1236  0.3 2022  1.2
31  We        719 0142  0.2 0818  1.2 1335  0.3 2112  1.3
 1  Th        819 0228  0.1 0914  1.3 1428  0.2 2155  1.4
 2  Fr        819 0310  0.0 1004  1.4 1516  0.1 2235  1.5
 3  Sa        819 0352  0.0 1049  1.4 1601  0.1 2313  1.5
 4  Su        819 0432 -0.1 1131  1.4 1643  0.0 2351  1.5
 5  Mo        819 0513  0.0 1211  1.4 1725  0.0 9999  9.9
 6  Tu        819 0028  1.5 0555  0.0 1249  1.4 1807  0.0
 7  We        819 0105  1.4 0639  0.1 1327  1.3 1851  0.1
 8  Th        819 0145  1.3 0725  0.1 1407  1.3 1940  0.2
 9  Fr        819 0229  1.2 0817  0.2 1451  1.2 2039  0.3
10  Sa        819 0324  1.1 0916  0.3 1550  1.1 2152  0.4
11  Su        819 0437  1.0 1023  0.4 1719  1.1 2312  0.4
12  Mo        819 0608  1.0 1133  0.4 1903  1.1 9999  9.9
13  Tu        819 0022  0.4 0735  1.0 1242  0.4 2012  1.2
14  We        819 0120  0.3 0839  1.1 1344  0.3 2100  1.3
15  Th        819 0208  0.2 0927  1.2 1437  0.3 2139  1.4
16  Fr        819 0249  0.2 1006  1.2 1521  0.2 2212  1.4
17  Sa        819 0326  0.1 1038  1.3 1558  0.2 2242  1.5
18  Su        819 0400  0.1 1106  1.3 1631  0.1 2310  1.5
19  Mo        819 0433  0.0 1132  1.3 1702  0.1 2339  1.5
20  Tu        819 0506  0.0 1157  1.3 1732  0.1 9999  9.9
21  We        819 0010  1.4 0539  0.1 1224  1.3 1803  0.2
22  Th        819 0043  1.4 0615  0.1 1254  1.3 1837  0.2
23  Fr        819 0121  1.3 0654  0.1 1326  1.2 1918  0.3
24  Sa        819 0205  1.2 0738  0.2 1403  1.2 2012  0.4
25  Su        819 0300  1.1 0831  0.3 1453  1.1 2136  0.4
26  Mo        819 0410  1.1 0939  0.4 1632  1.0 2312  0.4
27  Tu        819 0532  1.0 1057  0.4 1852  1.1 9999  9.9
28  We        819 0025  0.3 0656  1.1 1212  0.4 2007  1.2
29  Th        819 0122  0.2 0807  1.2 1317  0.3 2057  1.3
30  Fr        819 0209  0.1 0904  1.3 1412  0.2 2139  1.5
31  Sa        819 0252  0.0 0951  1.4 1500  0.1 2217  1.5
 1  Su        919 0332 -0.1 1033  1.5 1543  0.0 2254  1.6
 2  Mo        919 0411 -0.1 1111  1.5 1623  0.0 2329  1.6
 3  Tu        919 0450 -0.1 1147  1.5 1703 -0.1 9999  9.9
 4  We        919 0003  1.5 0530 -0.1 1221  1.5 1742  0.0
 5  Th        919 0036  1.4 0610  0.0 1254  1.4 1823  0.1
 6  Fr        919 0109  1.3 0652  0.1 1327  1.3 1907  0.2
 7  Sa        919 0145  1.2 0739  0.2 1404  1.2 2000  0.3
 8  Su        919 0229  1.1 0835  0.3 1451  1.1 2113  0.4
 9  Mo        919 0337  1.0 0948  0.4 1617  1.0 2245  0.5
10  Tu        919 0543  0.9 1110  0.5 1846  1.0 9999  9.9
11  We        919 0004  0.4 0735  1.0 1228  0.4 1958  1.1
12  Th        919 0104  0.3 0833  1.1 1335  0.4 2043  1.3
13  Fr        919 0152  0.2 0915  1.2 1426  0.3 2118  1.4
14  Sa        919 0231  0.2 0949  1.3 1505  0.2 2148  1.4
15  Su        919 0305  0.1 1017  1.3 1538  0.1 2217  1.5
16  Mo        919 0337  0.0 1043  1.4 1607  0.1 2244  1.5
17  Tu        919 0408  0.0 1107  1.4 1635  0.1 2313  1.5
18  We        919 0439  0.0 1132  1.4 1704  0.1 2343  1.5
19  Th        919 0511  0.0 1158  1.4 1734  0.1 9999  9.9
20  Fr        919 0015  1.4 0545  0.0 1225  1.3 1807  0.1
21  Sa        919 0051  1.3 0622  0.1 1255  1.3 1845  0.2
22  Su        919 0132  1.2 0704  0.2 1327  1.2 1935  0.3
23  Mo        919 0224  1.1 0755  0.3 1409  1.1 2053  0.4
24  Tu        919 0335  1.0 0903  0.4 1534  1.0 2239  0.4
25  We        919 0510  1.0 1029  0.4 1832  1.0 9999  9.9
26  Th        919 0000  0.4 0644  1.1 1151  0.4 1947  1.2
27  Fr        919 0059  0.2 0755  1.2 1259  0.3 2036  1.4
28  Sa        919 0147  0.1 0848  1.3 1354  0.2 2117  1.5
29  Su        919 0230  0.0 0932  1.4 1441  0.1 2155  1.6
30  Mo        919 0309 -0.1 1011  1.5 1522  0.0 2230  1.6
 1  Tu       1019 0348 -0.1 1047  1.6 1601 -0.1 2303  1.6
 2  We       1019 0426 -0.1 1121  1.6 1639 -0.1 2335  1.5
 3  Th       1019 0504 -0.1 1152  1.5 1717 -0.1 9999  9.9
 4  Fr       1019 0005  1.4 0542  0.0 1223  1.4 1756  0.0
 5  Sa       1019 0034  1.3 0622  0.1 1253  1.3 1837  0.2
 6  Su       1019 0104  1.2 0706  0.2 1326  1.2 1925  0.3
 7  Mo       1019 0141  1.0 0800  0.4 1408  1.1 2034  0.4
 8  Tu       1019 0238  0.9 0914  0.5 1520  1.0 2211  0.5
 9  We       1019 0524  0.9 1046  0.5 1811  1.0 2337  0.5
10  Th       1019 0721  1.0 1211  0.5 1929  1.1 9999  9.9
11  Fr       1019 0040  0.4 0814  1.1 1318  0.4 2013  1.2
12  Sa       1019 0127  0.3 0852  1.2 1406  0.3 2048  1.3
13  Su       1019 0205  0.2 0923  1.3 1442  0.2 2118  1.4
14  Mo       1019 0239  0.1 0951  1.4 1513  0.1 2148  1.5
15  Tu       1019 0310  0.0 1017  1.4 1542  0.1 2217  1.5
16  We       1019 0341  0.0 1043  1.4 1610  0.0 2247  1.5
17  Th       1019 0413  0.0 1110  1.4 1639  0.0 2318  1.5
18  Fr       1019 0445  0.0 1137  1.4 1711  0.0 2351  1.4
19  Sa       1019 0520  0.0 1205  1.4 1745  0.1 9999  9.9
20  Su       1019 0027  1.3 0558  0.1 1234  1.3 1825  0.2
21  Mo       1019 0108  1.2 0641  0.2 1307  1.2 1915  0.3
22  Tu       1019 0159  1.1 0732  0.3 1348  1.1 2028  0.4
23  We       1019 0312  1.0 0839  0.4 1515  1.0 2206  0.4
24  Th       1019 0452  1.0 1004  0.4 1800  1.1 2328  0.4
25  Fr       1019 0626  1.1 1128  0.4 1917  1.2 9999  9.9
26  Sa       1019 0029  0.3 0735  1.2 1237  0.3 2009  1.3
27  Su       1019 0120  0.2 0826  1.3 1332  0.2 2051  1.4
28  Mo       1019 0204  0.1 0910  1.4 1419  0.1 2130  1.5
29  Tu       1019 0245  0.0 0949  1.5 1501  0.0 2205  1.5
30  We       1019 0324  0.0 1025  1.6 1540 -0.1 2239  1.5
31  Th       1019 0403  0.0 1058  1.6 1618 -0.1 2310  1.4
 1  Fr       1119 0441  0.0 1129  1.5 1655  0.0 2338  1.3
 2  Sa       1119 0519  0.1 1159  1.5 1733  0.0 9999  9.9
 3  Su       1119 0006  1.2 0559  0.1 1229  1.4 1813  0.2
 4  Mo       1119 0035  1.1 0642  0.3 1302  1.3 1859  0.3
 5  Tu       1119 0110  1.0 0732  0.4 1343  1.1 1959  0.4
 6  We       1119 0201  0.9 0841  0.5 1446  1.0 2125  0.5
 7  Th       1119 0411  0.9 1011  0.5 1653  1.0 2251  0.5
 8  Fr       1119 0639  0.9 1138  0.5 1834  1.1 2358  0.4
 9  Sa       1119 0739  1.0 1246  0.4 1928  1.2 9999  9.9
10  Su       1119 0049  0.3 0820  1.2 1336  0.3 2008  1.3
11  Mo       1119 0130  0.2 0853  1.3 1415  0.2 2043  1.4
12  Tu       1119 0207  0.2 0924  1.3 1447  0.1 2117  1.4
13  We       1119 0242  0.1 0954  1.4 1518  0.1 2150  1.5
14  Th       1119 0316  0.1 1023  1.5 1549  0.0 2224  1.5
15  Fr       1119 0350  0.0 1053  1.5 1621  0.0 2259  1.4
16  Sa       1119 0425  0.0 1123  1.4 1655  0.0 2335  1.4
17  Su       1119 0503  0.1 1154  1.4 1732  0.1 9999  9.9
18  Mo       1119 0014  1.3 0543  0.1 1226  1.3 1814  0.1
19  Tu       1119 0057  1.2 0627  0.2 1303  1.3 1904  0.2
20  We       1119 0149  1.1 0717  0.3 1350  1.2 2009  0.3
21  Th       1119 0257  1.0 0820  0.4 1514  1.1 2130  0.4
22  Fr       1119 0424  1.0 0937  0.4 1715  1.1 2247  0.3
23  Sa       1119 0552  1.1 1057  0.4 1837  1.2 2352  0.3
24  Su       1119 0704  1.2 1208  0.3 1935  1.3 9999  9.9
25  Mo       1119 0046  0.2 0801  1.3 1307  0.2 2023  1.3
26  Tu       1119 0135  0.1 0848  1.4 1357  0.1 2105  1.4
27  We       1119 0220  0.1 0929  1.5 1441  0.0 2144  1.4
28  Th       1119 0303  0.0 1007  1.5 1522  0.0 2219  1.4
29  Fr       1119 0344  0.0 1041  1.5 1600  0.0 2252  1.3
30  Sa       1119 0424  0.1 1114  1.5 1638  0.0 2323  1.3
 1  Su       1219 0504  0.1 1145  1.4 1717  0.1 2352  1.2
 2  Mo       1219 0544  0.2 1216  1.4 1756  0.2 9999  9.9
 3  Tu       1219 0022  1.1 0625  0.3 1249  1.3 1839  0.2
 4  We       1219 0058  1.1 0710  0.3 1329  1.2 1929  0.3
 5  Th       1219 0143  1.0 0805  0.4 1422  1.1 2032  0.4
 6  Fr       1219 0252  0.9 0919  0.5 1540  1.0 2146  0.4
 7  Sa       1219 0452  0.9 1044  0.5 1711  1.0 2256  0.4
 8  Su       1219 0636  1.0 1159  0.5 1824  1.1 2355  0.4
 9  Mo       1219 0737  1.1 1258  0.4 1919  1.2 9999  9.9
10  Tu       1219 0046  0.3 0821  1.2 1343  0.3 2005  1.3
11  We       1219 0131  0.3 0859  1.3 1422  0.2 2048  1.3
12  Th       1219 0213  0.2 0935  1.4 1458  0.1 2129  1.4
13  Fr       1219 0253  0.1 1009  1.4 1532  0.1 2209  1.4
14  Sa       1219 0333  0.1 1043  1.5 1607  0.0 2249  1.4
15  Su       1219 0412  0.1 1117  1.5 1644  0.0 2329  1.4
16  Mo       1219 0452  0.1 1152  1.4 1723  0.0 9999  9.9
17  Tu       1219 0011  1.3 0533  0.1 1228  1.4 1806  0.1
18  We       1219 0055  1.3 0617  0.1 1307  1.3 1854  0.2
19  Th       1219 0143  1.2 0705  0.2 1354  1.2 1949  0.2
20  Fr       1219 0237  1.1 0800  0.3 1458  1.2 2053  0.3
21  Sa       1219 0344  1.1 0906  0.3 1622  1.1 2202  0.3
22  Su       1219 0503  1.1 1021  0.4 1746  1.1 2308  0.3
23  Mo       1219 0624  1.1 1136  0.4 1857  1.2 9999  9.9
24  Tu       1219 0009  0.3 0733  1.2 1241  0.3 1955  1.2
25  We       1219 0106  0.3 0829  1.3 1337  0.2 2046  1.3
26  Th       1219 0159  0.2 0915  1.4 1424  0.1 2131  1.3
27  Fr       1219 0247  0.2 0956  1.4 1507  0.1 2212  1.3
28  Sa       1219 0333  0.1 1033  1.5 1547  0.1 2249  1.3
29  Su       1219 0415  0.1 1106  1.5 1626  0.1 2322  1.2
30  Mo       1219 0454  0.1 1137  1.4 1703  0.1 2352  1.2
31  Tu       1219 0532  0.2 1208  1.4 1740  0.1 9999  9.9
