054Leigh
Based on data from 15-Mar-1986
Local Std Time, tidal heights in metres.
 1  Su        117 0307  0.5 0927  2.5 1536  0.6 2137  2.4
 2  Mo        117 0348  0.5 1007  2.5 1618  0.5 2219  2.4
 3  Tu        117 0429  0.5 1048  2.5 1701  0.5 2303  2.4
 4  We        117 0513  0.5 1131  2.5 1746  0.5 2350  2.3
 5  Th        117 0600  0.5 1217  2.5 1834  0.5 9999  9.9
 6  Fr        117 0041  2.3 0651  0.6 1307  2.5 1927  0.5
 7  Sa        117 0136  2.3 0746  0.6 1402  2.4 2023  0.5
 8  Su        117 0236  2.3 0847  0.6 1501  2.4 2121  0.5
 9  Mo        117 0338  2.4 0950  0.6 1602  2.4 2222  0.4
10  Tu        117 0441  2.4 1053  0.6 1703  2.5 2321  0.4
11  We        117 0541  2.5 1154  0.5 1803  2.5 9999  9.9
12  Th        117 0018  0.3 0639  2.6 1252  0.4 1900  2.5
13  Fr        117 0113  0.3 0734  2.7 1348  0.4 1955  2.6
14  Sa        117 0206  0.2 0826  2.7 1440  0.4 2048  2.6
15  Su        117 0257  0.2 0916  2.7 1531  0.4 2138  2.5
16  Mo        117 0347  0.3 1004  2.7 1620  0.4 2228  2.5
17  Tu        117 0435  0.4 1051  2.6 1708  0.4 2317  2.4
18  We        117 0523  0.5 1138  2.5 1756  0.5 9999  9.9
19  Th        117 0006  2.3 0611  0.6 1225  2.4 1844  0.6
20  Fr        117 0056  2.3 0701  0.7 1313  2.3 1933  0.7
21  Sa        117 0148  2.2 0752  0.8 1403  2.2 2024  0.7
22  Su        117 0242  2.2 0845  0.8 1454  2.2 2116  0.7
23  Mo        117 0336  2.1 0940  0.9 1547  2.1 2208  0.7
24  Tu        117 0430  2.2 1034  0.8 1640  2.1 2300  0.7
25  We        117 0521  2.2 1126  0.8 1731  2.2 2348  0.6
26  Th        117 0610  2.3 1215  0.7 1819  2.2 9999  9.9
27  Fr        117 0034  0.6 0655  2.4 1302  0.7 1904  2.3
28  Sa        117 0118  0.5 0738  2.4 1346  0.6 1948  2.4
29  Su        117 0201  0.5 0819  2.5 1428  0.5 2031  2.4
30  Mo        117 0243  0.4 0900  2.5 1510  0.5 2114  2.4
31  Tu        117 0325  0.4 0941  2.6 1553  0.4 2157  2.5
 1  We        217 0407  0.4 1024  2.6 1637  0.4 2242  2.5
 2  Th        217 0452  0.4 1108  2.6 1722  0.4 2330  2.5
 3  Fr        217 0540  0.5 1155  2.5 1811  0.4 9999  9.9
 4  Sa        217 0021  2.4 0631  0.5 1246  2.5 1904  0.4
 5  Su        217 0116  2.4 0727  0.6 1341  2.4 2001  0.5
 6  Mo        217 0216  2.4 0829  0.6 1442  2.4 2101  0.5
 7  Tu        217 0320  2.4 0933  0.6 1545  2.4 2203  0.5
 8  We        217 0424  2.4 1039  0.6 1649  2.4 2305  0.4
 9  Th        217 0526  2.5 1141  0.6 1750  2.4 9999  9.9
10  Fr        217 0003  0.4 0624  2.5 1239  0.5 1847  2.5
11  Sa        217 0058  0.4 0718  2.6 1332  0.4 1940  2.5
12  Su        217 0150  0.3 0807  2.6 1422  0.4 2030  2.5
13  Mo        217 0238  0.3 0854  2.6 1509  0.4 2117  2.5
14  Tu        217 0324  0.4 0939  2.6 1554  0.4 2203  2.5
15  We        217 0409  0.4 1022  2.5 1637  0.4 2247  2.4
16  Th        217 0453  0.5 1105  2.5 1721  0.5 2332  2.4
17  Fr        217 0538  0.6 1148  2.4 1805  0.6 9999  9.9
18  Sa        217 0018  2.3 0623  0.7 1232  2.3 1850  0.7
19  Su        217 0106  2.2 0711  0.8 1319  2.2 1939  0.7
20  Mo        217 0157  2.2 0803  0.8 1410  2.1 2031  0.8
21  Tu        217 0251  2.1 0858  0.9 1504  2.1 2125  0.8
22  We        217 0347  2.1 0954  0.9 1600  2.1 2219  0.7
23  Th        217 0442  2.2 1049  0.8 1655  2.2 2312  0.7
24  Fr        217 0533  2.3 1141  0.7 1746  2.2 9999  9.9
25  Sa        217 0001  0.6 0621  2.3 1229  0.6 1834  2.3
26  Su        217 0048  0.5 0706  2.4 1315  0.5 1920  2.4
27  Mo        217 0133  0.4 0749  2.5 1359  0.4 2005  2.5
28  Tu        217 0217  0.4 0832  2.6 1443  0.4 2050  2.5
 1  We        317 0301  0.3 0915  2.7 1527  0.3 2135  2.6
 2  Th        317 0346  0.3 0959  2.7 1612  0.3 2222  2.6
 3  Fr        317 0432  0.3 1046  2.6 1700  0.3 2311  2.6
 4  Sa        317 0522  0.4 1134  2.6 1750  0.3 9999  9.9
 5  Su        317 0003  2.5 0615  0.5 1227  2.5 1844  0.4
 6  Mo        317 0059  2.5 0713  0.6 1325  2.4 1942  0.5
 7  Tu        317 0200  2.4 0815  0.6 1428  2.4 2044  0.5
 8  We        317 0305  2.4 0921  0.6 1533  2.3 2148  0.5
 9  Th        317 0410  2.4 1027  0.6 1638  2.3 2251  0.5
10  Fr        317 0512  2.4 1128  0.6 1739  2.4 2349  0.5
11  Sa        317 0608  2.5 1224  0.5 1834  2.4 9999  9.9
12  Su        317 0042  0.5 0659  2.5 1314  0.5 1924  2.5
13  Mo        317 0131  0.4 0746  2.5 1400  0.4 2011  2.5
14  Tu        317 0217  0.4 0830  2.5 1443  0.4 2054  2.5
15  We        317 0300  0.4 0911  2.5 1525  0.4 2136  2.5
16  Th        317 0342  0.5 0952  2.5 1605  0.5 2217  2.4
17  Fr        317 0424  0.5 1031  2.4 1645  0.5 2259  2.4
18  Sa        317 0505  0.6 1112  2.3 1726  0.6 2341  2.3
19  Su        317 0549  0.7 1154  2.3 1809  0.6 9999  9.9
20  Mo        317 0026  2.3 0634  0.7 1239  2.2 1856  0.7
21  Tu        317 0115  2.2 0724  0.8 1329  2.1 1946  0.8
22  We        317 0208  2.2 0818  0.8 1423  2.1 2041  0.8
23  Th        317 0303  2.2 0915  0.8 1520  2.1 2137  0.8
24  Fr        317 0359  2.2 1011  0.8 1617  2.1 2233  0.7
25  Sa        317 0453  2.3 1104  0.7 1711  2.2 2325  0.6
26  Su        317 0543  2.4 1154  0.6 1803  2.3 9999  9.9
27  Mo        317 0015  0.5 0631  2.5 1242  0.5 1851  2.5
28  Tu        317 0103  0.4 0717  2.6 1329  0.4 1938  2.6
29  We        317 0150  0.4 0803  2.6 1415  0.3 2026  2.6
30  Th        317 0237  0.3 0849  2.7 1501  0.2 2113  2.7
31  Fr        317 0325  0.3 0936  2.7 1549  0.2 2202  2.7
 1  Sa        417 0414  0.3 1025  2.7 1638  0.2 2253  2.7
 2  Su        417 0506  0.4 1116  2.6 1730  0.3 2346  2.6
 3  Mo        417 0601  0.4 1212  2.5 1826  0.4 9999  9.9
 4  Tu        417 0044  2.5 0700  0.5 1311  2.4 1925  0.5
 5  We        417 0145  2.4 0804  0.6 1416  2.3 2028  0.5
 6  Th        417 0249  2.4 0909  0.6 1522  2.3 2132  0.6
 7  Fr        417 0353  2.4 1013  0.6 1626  2.3 2234  0.6
 8  Sa        417 0453  2.4 1112  0.6 1725  2.3 2332  0.6
 9  Su        417 0548  2.4 1205  0.6 1817  2.4 9999  9.9
10  Mo        417 0023  0.6 0637  2.4 1252  0.5 1905  2.4
11  Tu        417 0110  0.5 0721  2.4 1335  0.5 1948  2.4
12  We        417 0154  0.5 0803  2.5 1416  0.5 2030  2.5
13  Th        417 0235  0.5 0842  2.4 1455  0.5 2109  2.5
14  Fr        417 0315  0.5 0921  2.4 1534  0.5 2149  2.4
15  Sa        417 0355  0.6 1000  2.4 1612  0.5 2228  2.4
16  Su        417 0436  0.6 1039  2.3 1652  0.6 2309  2.4
17  Mo        417 0518  0.7 1120  2.2 1734  0.6 2352  2.3
18  Tu        417 0602  0.7 1204  2.2 1818  0.7 9999  9.9
19  We        417 0038  2.2 0650  0.8 1252  2.1 1907  0.7
20  Th        417 0128  2.2 0742  0.8 1345  2.1 1959  0.8
21  Fr        417 0221  2.2 0836  0.8 1441  2.1 2055  0.8
22  Sa        417 0316  2.2 0932  0.7 1539  2.2 2152  0.7
23  Su        417 0411  2.3 1026  0.6 1636  2.3 2248  0.6
24  Mo        417 0504  2.4 1119  0.5 1730  2.4 2341  0.5
25  Tu        417 0555  2.5 1209  0.4 1822  2.5 9999  9.9
26  We        417 0033  0.4 0645  2.6 1259  0.3 1912  2.6
27  Th        417 0123  0.4 0734  2.7 1348  0.2 2002  2.7
28  Fr        417 0214  0.3 0824  2.7 1437  0.1 2052  2.8
29  Sa        417 0305  0.3 0914  2.7 1527  0.1 2143  2.8
30  Su        417 0357  0.3 1006  2.7 1619  0.2 2236  2.7
 1  Mo        517 0451  0.3 1100  2.6 1712  0.3 2331  2.7
 2  Tu        517 0547  0.4 1157  2.5 1808  0.4 9999  9.9
 3  We        517 0028  2.6 0647  0.5 1257  2.4 1907  0.5
 4  Th        517 0128  2.5 0749  0.6 1401  2.3 2009  0.6
 5  Fr        517 0230  2.4 0851  0.6 1505  2.3 2112  0.6
 6  Sa        517 0331  2.4 0952  0.6 1607  2.3 2212  0.7
 7  Su        517 0429  2.3 1049  0.6 1704  2.3 2308  0.7
 8  Mo        517 0522  2.3 1140  0.6 1755  2.3 2359  0.6
 9  Tu        517 0610  2.3 1226  0.5 1841  2.4 9999  9.9
10  We        517 0045  0.6 0653  2.4 1308  0.5 1924  2.4
11  Th        517 0128  0.6 0734  2.4 1348  0.5 2004  2.4
12  Fr        517 0210  0.6 0814  2.4 1427  0.5 2044  2.4
13  Sa        517 0250  0.6 0853  2.4 1505  0.5 2123  2.4
14  Su        517 0330  0.6 0931  2.3 1544  0.5 2202  2.4
15  Mo        517 0410  0.6 1011  2.3 1623  0.5 2242  2.4
16  Tu        517 0452  0.7 1052  2.2 1703  0.6 2323  2.4
17  We        517 0535  0.7 1135  2.2 1746  0.6 9999  9.9
18  Th        517 0006  2.3 0620  0.7 1221  2.2 1832  0.7
19  Fr        517 0053  2.3 0708  0.7 1311  2.2 1922  0.7
20  Sa        517 0142  2.3 0800  0.7 1406  2.2 2017  0.7
21  Su        517 0236  2.3 0854  0.7 1503  2.2 2114  0.7
22  Mo        517 0331  2.3 0950  0.6 1601  2.3 2212  0.6
23  Tu        517 0426  2.4 1044  0.5 1658  2.4 2309  0.6
24  We        517 0521  2.5 1138  0.4 1754  2.5 9999  9.9
25  Th        517 0005  0.5 0615  2.6 1231  0.3 1848  2.6
26  Fr        517 0059  0.4 0708  2.6 1323  0.2 1941  2.7
27  Sa        517 0153  0.3 0801  2.7 1415  0.1 2033  2.8
28  Su        517 0247  0.3 0855  2.7 1507  0.1 2126  2.8
29  Mo        517 0341  0.3 0948  2.6 1600  0.2 2219  2.8
30  Tu        517 0435  0.3 1043  2.6 1654  0.2 2313  2.7
31  We        517 0531  0.4 1140  2.5 1749  0.4 9999  9.9
 1  Th        617 0009  2.6 0629  0.5 1239  2.4 1847  0.5
 2  Fr        617 0106  2.5 0727  0.5 1339  2.3 1945  0.6
 3  Sa        617 0204  2.4 0826  0.6 1440  2.3 2045  0.7
 4  Su        617 0301  2.3 0924  0.6 1540  2.2 2143  0.7
 5  Mo        617 0357  2.3 1018  0.6 1635  2.2 2238  0.7
 6  Tu        617 0449  2.3 1109  0.6 1727  2.3 2330  0.7
 7  We        617 0538  2.3 1155  0.6 1814  2.3 9999  9.9
 8  Th        617 0017  0.7 0623  2.3 1238  0.6 1857  2.3
 9  Fr        617 0101  0.7 0705  2.3 1319  0.5 1939  2.4
10  Sa        617 0144  0.7 0746  2.3 1359  0.5 2019  2.4
11  Su        617 0225  0.6 0826  2.3 1439  0.5 2058  2.4
12  Mo        617 0306  0.6 0906  2.3 1518  0.5 2137  2.4
13  Tu        617 0346  0.6 0946  2.3 1557  0.5 2217  2.4
14  We        617 0427  0.6 1027  2.3 1637  0.6 2257  2.4
15  Th        617 0509  0.6 1109  2.3 1719  0.6 2338  2.4
16  Fr        617 0552  0.6 1153  2.2 1803  0.6 9999  9.9
17  Sa        617 0022  2.4 0638  0.6 1241  2.2 1851  0.7
18  Su        617 0109  2.4 0728  0.6 1334  2.2 1943  0.7
19  Mo        617 0200  2.4 0821  0.6 1431  2.3 2040  0.7
20  Tu        617 0256  2.4 0917  0.5 1530  2.3 2140  0.6
21  We        617 0354  2.4 1014  0.4 1630  2.4 2241  0.6
22  Th        617 0452  2.5 1111  0.4 1729  2.5 2340  0.5
23  Fr        617 0550  2.5 1207  0.3 1826  2.6 9999  9.9
24  Sa        617 0039  0.4 0647  2.6 1302  0.2 1922  2.7
25  Su        617 0135  0.4 0743  2.6 1356  0.2 2016  2.8
26  Mo        617 0230  0.3 0838  2.6 1450  0.1 2109  2.8
27  Tu        617 0324  0.3 0932  2.6 1542  0.2 2201  2.8
28  We        617 0418  0.3 1026  2.6 1635  0.3 2254  2.7
29  Th        617 0511  0.4 1120  2.5 1728  0.4 2346  2.6
30  Fr        617 0605  0.4 1215  2.4 1821  0.5 9999  9.9
 1  Sa        717 0038  2.5 0659  0.5 1311  2.3 1916  0.6
 2  Su        717 0132  2.4 0753  0.6 1407  2.3 2011  0.7
 3  Mo        717 0225  2.3 0847  0.6 1504  2.2 2107  0.8
 4  Tu        717 0319  2.2 0941  0.7 1600  2.2 2203  0.8
 5  We        717 0412  2.2 1032  0.7 1653  2.2 2256  0.8
 6  Th        717 0502  2.2 1121  0.7 1742  2.2 2346  0.8
 7  Fr        717 0550  2.2 1207  0.6 1828  2.3 9999  9.9
 8  Sa        717 0033  0.7 0636  2.2 1251  0.6 1912  2.4
 9  Su        717 0117  0.7 0719  2.3 1333  0.5 1953  2.4
10  Mo        717 0200  0.6 0801  2.3 1414  0.5 2033  2.4
11  Tu        717 0241  0.6 0842  2.3 1454  0.5 2113  2.5
12  We        717 0322  0.6 0922  2.3 1533  0.5 2152  2.5
13  Th        717 0402  0.6 1003  2.3 1613  0.5 2231  2.5
14  Fr        717 0443  0.5 1044  2.3 1654  0.5 2311  2.5
15  Sa        717 0525  0.5 1128  2.3 1737  0.5 2354  2.5
16  Su        717 0610  0.5 1215  2.3 1824  0.6 9999  9.9
17  Mo        717 0040  2.4 0659  0.5 1307  2.3 1916  0.6
18  Tu        717 0131  2.4 0752  0.5 1403  2.3 2013  0.6
19  We        717 0228  2.4 0849  0.5 1504  2.3 2115  0.6
20  Th        717 0328  2.4 0948  0.5 1607  2.4 2219  0.6
21  Fr        717 0430  2.4 1049  0.4 1709  2.5 2322  0.6
22  Sa        717 0531  2.5 1148  0.3 1809  2.6 9999  9.9
23  Su        717 0022  0.5 0631  2.5 1245  0.3 1905  2.7
24  Mo        717 0120  0.4 0728  2.6 1340  0.2 1959  2.7
25  Tu        717 0214  0.3 0822  2.6 1433  0.2 2051  2.7
26  We        717 0306  0.3 0915  2.6 1524  0.2 2141  2.7
27  Th        717 0357  0.3 1006  2.6 1613  0.3 2230  2.7
28  Fr        717 0446  0.4 1056  2.5 1703  0.4 2318  2.6
29  Sa        717 0535  0.4 1146  2.4 1752  0.5 9999  9.9
30  Su        717 0006  2.5 0624  0.5 1237  2.3 1842  0.6
31  Mo        717 0055  2.4 0714  0.6 1329  2.3 1934  0.7
 1  Tu        817 0145  2.3 0806  0.7 1423  2.2 2028  0.8
 2  We        817 0237  2.2 0858  0.7 1519  2.2 2123  0.8
 3  Th        817 0331  2.1 0952  0.7 1614  2.2 2218  0.9
 4  Fr        817 0425  2.1 1044  0.7 1706  2.2 2312  0.8
 5  Sa        817 0517  2.2 1134  0.7 1756  2.3 9999  9.9
 6  Su        817 0001  0.8 0605  2.2 1221  0.6 1841  2.3
 7  Mo        817 0048  0.7 0651  2.3 1305  0.6 1924  2.4
 8  Tu        817 0132  0.6 0735  2.3 1347  0.5 2005  2.5
 9  We        817 0214  0.6 0817  2.4 1428  0.5 2045  2.5
10  Th        817 0254  0.5 0858  2.4 1508  0.4 2124  2.5
11  Fr        817 0335  0.5 0939  2.4 1549  0.4 2204  2.6
12  Sa        817 0416  0.4 1021  2.4 1631  0.4 2245  2.5
13  Su        817 0459  0.4 1105  2.4 1715  0.5 2329  2.5
14  Mo        817 0544  0.4 1153  2.4 1803  0.5 9999  9.9
15  Tu        817 0016  2.5 0634  0.5 1245  2.4 1855  0.6
16  We        817 0109  2.4 0727  0.5 1342  2.4 1954  0.6
17  Th        817 0207  2.4 0826  0.5 1444  2.4 2057  0.6
18  Fr        817 0310  2.4 0928  0.5 1549  2.4 2203  0.6
19  Sa        817 0415  2.4 1032  0.5 1653  2.4 2308  0.6
20  Su        817 0518  2.4 1133  0.4 1753  2.5 9999  9.9
21  Mo        817 0009  0.5 0618  2.5 1230  0.4 1850  2.6
22  Tu        817 0105  0.4 0714  2.5 1324  0.3 1942  2.6
23  We        817 0157  0.4 0806  2.6 1415  0.3 2031  2.7
24  Th        817 0246  0.3 0856  2.6 1503  0.3 2118  2.7
25  Fr        817 0333  0.3 0943  2.6 1550  0.3 2203  2.6
26  Sa        817 0418  0.4 1029  2.5 1636  0.4 2247  2.5
27  Su        817 0503  0.4 1115  2.4 1721  0.5 2332  2.4
28  Mo        817 0548  0.5 1201  2.4 1808  0.6 9999  9.9
29  Tu        817 0017  2.3 0634  0.6 1249  2.3 1856  0.7
30  We        817 0104  2.2 0722  0.7 1341  2.2 1947  0.8
31  Th        817 0155  2.2 0814  0.7 1435  2.2 2042  0.9
 1  Fr        917 0249  2.1 0909  0.8 1531  2.1 2139  0.9
 2  Sa        917 0345  2.1 1004  0.8 1626  2.2 2235  0.8
 3  Su        917 0441  2.1 1057  0.7 1718  2.2 2327  0.8
 4  Mo        917 0533  2.2 1147  0.7 1806  2.3 9999  9.9
 5  Tu        917 0015  0.7 0621  2.3 1234  0.6 1851  2.4
 6  We        917 0100  0.6 0706  2.3 1317  0.5 1933  2.5
 7  Th        917 0143  0.5 0749  2.4 1400  0.4 2014  2.5
 8  Fr        917 0225  0.4 0832  2.5 1442  0.4 2056  2.6
 9  Sa        917 0307  0.4 0914  2.5 1525  0.4 2137  2.6
10  Su        917 0350  0.3 0958  2.6 1609  0.4 2221  2.6
11  Mo        917 0434  0.3 1044  2.6 1655  0.4 2307  2.6
12  Tu        917 0521  0.3 1134  2.5 1745  0.5 2357  2.5
13  We        917 0612  0.4 1227  2.5 1840  0.5 9999  9.9
14  Th        917 0052  2.4 0708  0.5 1325  2.4 1940  0.6
15  Fr        917 0152  2.4 0809  0.5 1428  2.4 2045  0.6
16  Sa        917 0257  2.3 0913  0.5 1534  2.4 2152  0.6
17  Su        917 0404  2.3 1017  0.5 1638  2.4 2256  0.6
18  Mo        917 0508  2.4 1119  0.5 1738  2.5 2355  0.5
19  Tu        917 0606  2.4 1215  0.4 1832  2.5 9999  9.9
20  We        917 0048  0.5 0659  2.5 1307  0.4 1922  2.6
21  Th        917 0137  0.4 0749  2.5 1356  0.4 2008  2.6
22  Fr        917 0223  0.4 0835  2.5 1441  0.4 2052  2.6
23  Sa        917 0306  0.4 0918  2.5 1525  0.4 2134  2.5
24  Su        917 0348  0.4 1001  2.5 1608  0.5 2216  2.5
25  Mo        917 0429  0.5 1044  2.4 1651  0.6 2257  2.4
26  Tu        917 0511  0.5 1127  2.4 1735  0.6 2340  2.3
27  We        917 0555  0.6 1212  2.3 1821  0.7 9999  9.9
28  Th        917 0025  2.2 0641  0.7 1300  2.2 1910  0.8
29  Fr        917 0114  2.1 0731  0.8 1352  2.2 2003  0.8
30  Sa        917 0208  2.1 0825  0.8 1447  2.2 2059  0.8
 1  Su       1017 0305  2.1 0921  0.8 1543  2.2 2155  0.8
 2  Mo       1017 0402  2.1 1017  0.8 1636  2.2 2248  0.7
 3  Tu       1017 0456  2.2 1109  0.7 1726  2.3 2338  0.6
 4  We       1017 0546  2.3 1158  0.6 1813  2.4 9999  9.9
 5  Th       1017 0025  0.5 0634  2.4 1245  0.5 1858  2.5
 6  Fr       1017 0110  0.4 0720  2.5 1330  0.4 1942  2.6
 7  Sa       1017 0154  0.3 0805  2.6 1415  0.4 2026  2.6
 8  Su       1017 0239  0.3 0850  2.6 1501  0.3 2112  2.6
 9  Mo       1017 0324  0.2 0937  2.7 1549  0.3 2158  2.6
10  Tu       1017 0412  0.2 1026  2.7 1638  0.4 2248  2.6
11  We       1017 0501  0.3 1117  2.6 1731  0.4 2341  2.5
12  Th       1017 0555  0.4 1212  2.5 1828  0.5 9999  9.9
13  Fr       1017 0038  2.4 0652  0.4 1311  2.5 1930  0.6
14  Sa       1017 0141  2.3 0754  0.5 1414  2.4 2034  0.6
15  Su       1017 0247  2.3 0858  0.6 1519  2.4 2139  0.6
16  Mo       1017 0353  2.3 1002  0.6 1621  2.4 2241  0.6
17  Tu       1017 0455  2.3 1102  0.6 1719  2.4 2337  0.5
18  We       1017 0551  2.4 1157  0.5 1811  2.4 9999  9.9
19  Th       1017 0028  0.5 0642  2.4 1248  0.5 1859  2.5
20  Fr       1017 0114  0.4 0728  2.5 1334  0.5 1943  2.5
21  Sa       1017 0157  0.4 0812  2.5 1418  0.5 2025  2.5
22  Su       1017 0238  0.4 0853  2.5 1500  0.5 2105  2.4
23  Mo       1017 0318  0.4 0934  2.5 1541  0.5 2145  2.4
24  Tu       1017 0358  0.5 1015  2.4 1622  0.6 2225  2.3
25  We       1017 0438  0.5 1056  2.4 1705  0.6 2307  2.3
26  Th       1017 0520  0.6 1139  2.3 1749  0.7 2351  2.2
27  Fr       1017 0604  0.7 1224  2.3 1836  0.8 9999  9.9
28  Sa       1017 0038  2.1 0651  0.7 1313  2.2 1927  0.8
29  Su       1017 0130  2.1 0743  0.8 1404  2.2 2020  0.8
30  Mo       1017 0225  2.1 0837  0.8 1458  2.2 2114  0.8
31  Tu       1017 0321  2.1 0933  0.8 1551  2.2 2207  0.7
 1  We       1117 0417  2.2 1028  0.7 1643  2.3 2259  0.6
 2  Th       1117 0510  2.3 1120  0.6 1734  2.4 2348  0.5
 3  Fr       1117 0601  2.4 1211  0.5 1822  2.5 9999  9.9
 4  Sa       1117 0037  0.4 0650  2.5 1300  0.4 1911  2.6
 5  Su       1117 0125  0.3 0739  2.6 1350  0.4 1959  2.6
 6  Mo       1117 0213  0.2 0828  2.7 1440  0.3 2048  2.7
 7  Tu       1117 0301  0.2 0918  2.7 1531  0.3 2139  2.6
 8  We       1117 0352  0.2 1009  2.7 1623  0.3 2231  2.6
 9  Th       1117 0444  0.2 1102  2.7 1718  0.4 2327  2.5
10  Fr       1117 0538  0.3 1158  2.6 1816  0.5 9999  9.9
11  Sa       1117 0026  2.4 0636  0.4 1256  2.5 1917  0.5
12  Su       1117 0128  2.3 0737  0.5 1357  2.5 2019  0.6
13  Mo       1117 0232  2.3 0840  0.6 1459  2.4 2121  0.6
14  Tu       1117 0336  2.3 0942  0.6 1559  2.4 2220  0.6
15  We       1117 0436  2.3 1041  0.6 1655  2.4 2315  0.6
16  Th       1117 0531  2.3 1135  0.6 1746  2.4 9999  9.9
17  Fr       1117 0004  0.5 0621  2.4 1225  0.6 1833  2.4
18  Sa       1117 0049  0.5 0706  2.4 1310  0.6 1916  2.4
19  Su       1117 0131  0.5 0748  2.4 1353  0.6 1958  2.4
20  Mo       1117 0211  0.5 0829  2.5 1435  0.6 2038  2.4
21  Tu       1117 0250  0.5 0909  2.5 1516  0.6 2117  2.3
22  We       1117 0329  0.5 0948  2.4 1557  0.6 2158  2.3
23  Th       1117 0409  0.5 1029  2.4 1638  0.6 2239  2.3
24  Fr       1117 0450  0.6 1110  2.4 1721  0.7 2321  2.2
25  Sa       1117 0532  0.6 1152  2.3 1805  0.7 9999  9.9
26  Su       1117 0006  2.2 0617  0.7 1237  2.3 1852  0.7
27  Mo       1117 0054  2.1 0704  0.7 1324  2.3 1942  0.7
28  Tu       1117 0146  2.1 0756  0.8 1415  2.3 2034  0.7
29  We       1117 0241  2.2 0851  0.7 1508  2.3 2127  0.6
30  Th       1117 0338  2.2 0947  0.7 1601  2.3 2220  0.5
 1  Fr       1217 0434  2.3 1043  0.6 1655  2.4 2313  0.4
 2  Sa       1217 0529  2.4 1139  0.6 1749  2.5 9999  9.9
 3  Su       1217 0006  0.3 0622  2.5 1233  0.5 1842  2.6
 4  Mo       1217 0058  0.2 0715  2.7 1327  0.4 1935  2.6
 5  Tu       1217 0149  0.2 0807  2.7 1420  0.3 2028  2.7
 6  We       1217 0241  0.1 0900  2.8 1514  0.3 2121  2.6
 7  Th       1217 0333  0.2 0953  2.8 1608  0.3 2216  2.6
 8  Fr       1217 0427  0.2 1046  2.7 1703  0.4 2312  2.5
 9  Sa       1217 0522  0.3 1141  2.7 1800  0.4 9999  9.9
10  Su       1217 0010  2.5 0618  0.4 1237  2.6 1858  0.5
11  Mo       1217 0110  2.4 0716  0.5 1335  2.5 1957  0.5
12  Tu       1217 0211  2.3 0816  0.6 1433  2.4 2056  0.6
13  We       1217 0312  2.3 0916  0.7 1531  2.3 2153  0.6
14  Th       1217 0410  2.3 1014  0.7 1626  2.3 2246  0.6
15  Fr       1217 0505  2.3 1108  0.7 1717  2.3 2335  0.6
16  Sa       1217 0555  2.3 1158  0.7 1805  2.3 9999  9.9
17  Su       1217 0021  0.6 0641  2.3 1245  0.7 1849  2.3
18  Mo       1217 0104  0.5 0724  2.4 1329  0.7 1931  2.3
19  Tu       1217 0145  0.5 0805  2.4 1411  0.6 2012  2.3
20  We       1217 0225  0.5 0845  2.4 1452  0.6 2053  2.3
21  Th       1217 0304  0.5 0924  2.4 1533  0.6 2133  2.3
22  Fr       1217 0344  0.5 1003  2.4 1613  0.6 2213  2.3
23  Sa       1217 0423  0.6 1043  2.4 1654  0.6 2254  2.3
24  Su       1217 0504  0.6 1123  2.4 1736  0.6 2337  2.2
25  Mo       1217 0546  0.6 1204  2.4 1820  0.7 9999  9.9
26  Tu       1217 0022  2.2 0631  0.7 1248  2.3 1906  0.6
27  We       1217 0111  2.2 0719  0.7 1336  2.3 1956  0.6
28  Th       1217 0204  2.2 0813  0.7 1429  2.3 2050  0.6
29  Fr       1217 0302  2.3 0911  0.7 1524  2.4 2145  0.5
30  Sa       1217 0401  2.3 1011  0.6 1622  2.4 2242  0.4
31  Su       1217 0500  2.4 1111  0.6 1721  2.5 2339  0.3
