056Oban
Based on data from 15-Jan-2009
Local Std Time, tidal heights in metres.
 1  Su        117 0326  2.5 0927  0.8 1543  2.5 2148  0.8
 2  Mo        117 0409  2.5 1013  0.8 1627  2.4 2236  0.8
 3  Tu        117 0454  2.4 1102  0.8 1716  2.4 2327  0.8
 4  We        117 0546  2.4 1154  0.9 1813  2.4 9999  9.9
 5  Th        117 0021  0.8 0646  2.3 1248  0.9 1918  2.3
 6  Fr        117 0117  0.9 0752  2.3 1347  0.9 2025  2.4
 7  Sa        117 0218  0.9 0855  2.4 1449  0.8 2127  2.4
 8  Su        117 0323  0.8 0954  2.5 1553  0.8 2224  2.5
 9  Mo        117 0426  0.7 1050  2.5 1654  0.6 2320  2.6
10  Tu        117 0524  0.6 1144  2.6 1748  0.5 9999  9.9
11  We        117 0014  2.7 0616  0.5 1238  2.7 1839  0.5
12  Th        117 0107  2.8 0706  0.5 1330  2.7 1928  0.4
13  Fr        117 0158  2.8 0755  0.5 1420  2.8 2018  0.4
14  Sa        117 0248  2.8 0845  0.5 1509  2.7 2108  0.5
15  Su        117 0336  2.7 0936  0.6 1558  2.7 2201  0.6
16  Mo        117 0425  2.6 1029  0.7 1647  2.5 2255  0.7
17  Tu        117 0516  2.5 1123  0.8 1740  2.4 2349  0.8
18  We        117 0611  2.3 1217  0.9 1839  2.3 9999  9.9
19  Th        117 0043  0.9 0713  2.2 1311  1.0 1944  2.2
20  Fr        117 0139  1.1 0816  2.1 1406  1.1 2046  2.1
21  Sa        117 0237  1.1 0911  2.1 1503  1.1 2138  2.1
22  Su        117 0335  1.2 0957  2.1 1558  1.1 2221  2.1
23  Mo        117 0428  1.2 1036  2.1 1645  1.1 2259  2.2
24  Tu        117 0511  1.1 1112  2.1 1725  1.0 2336  2.2
25  We        117 0548  1.0 1149  2.2 1801  0.9 9999  9.9
26  Th        117 0014  2.3 0622  0.9 1229  2.3 1837  0.8
27  Fr        117 0054  2.4 0658  0.9 1310  2.4 1914  0.7
28  Sa        117 0136  2.5 0736  0.8 1353  2.5 1954  0.7
29  Su        117 0219  2.5 0816  0.7 1437  2.5 2037  0.7
30  Mo        117 0302  2.6 0900  0.7 1521  2.6 2123  0.7
31  Tu        117 0346  2.6 0948  0.7 1607  2.6 2213  0.7
 1  We        217 0433  2.5 1039  0.7 1657  2.5 2305  0.7
 2  Th        217 0524  2.5 1132  0.8 1753  2.5 9999  9.9
 3  Fr        217 0000  0.8 0623  2.4 1227  0.8 1856  2.4
 4  Sa        217 0057  0.8 0728  2.4 1325  0.8 2004  2.4
 5  Su        217 0158  0.8 0834  2.4 1427  0.8 2108  2.5
 6  Mo        217 0302  0.8 0935  2.4 1532  0.8 2207  2.5
 7  Tu        217 0407  0.8 1032  2.5 1634  0.7 2302  2.6
 8  We        217 0506  0.7 1126  2.6 1731  0.6 2357  2.7
 9  Th        217 0600  0.6 1220  2.6 1822  0.5 9999  9.9
10  Fr        217 0049  2.7 0649  0.5 1312  2.7 1911  0.5
11  Sa        217 0140  2.8 0737  0.5 1402  2.7 1959  0.5
12  Su        217 0229  2.7 0825  0.5 1450  2.7 2048  0.5
13  Mo        217 0316  2.7 0914  0.6 1537  2.6 2138  0.6
14  Tu        217 0402  2.6 1005  0.7 1623  2.5 2230  0.7
15  We        217 0448  2.5 1056  0.8 1711  2.4 2322  0.9
16  Th        217 0537  2.3 1147  0.9 1803  2.3 9999  9.9
17  Fr        217 0013  1.0 0630  2.2 1237  1.0 1901  2.2
18  Sa        217 0104  1.1 0728  2.1 1326  1.1 2002  2.1
19  Su        217 0155  1.2 0825  2.0 1416  1.2 2056  2.1
20  Mo        217 0248  1.2 0913  2.0 1508  1.2 2140  2.1
21  Tu        217 0341  1.2 0953  2.0 1558  1.2 2219  2.1
22  We        217 0428  1.2 1032  2.1 1644  1.1 2258  2.2
23  Th        217 0510  1.1 1112  2.2 1725  1.0 2339  2.3
24  Fr        217 0549  1.0 1155  2.3 1806  0.8 9999  9.9
25  Sa        217 0022  2.4 0628  0.8 1241  2.4 1846  0.7
26  Su        217 0108  2.5 0709  0.7 1328  2.5 1929  0.6
27  Mo        217 0154  2.6 0752  0.6 1414  2.6 2013  0.6
28  Tu        217 0240  2.7 0837  0.6 1501  2.7 2101  0.6
 1  We        317 0326  2.7 0926  0.6 1549  2.7 2152  0.6
 2  Th        317 0413  2.6 1018  0.6 1639  2.6 2245  0.6
 3  Fr        317 0504  2.6 1112  0.7 1734  2.5 2341  0.7
 4  Sa        317 0601  2.5 1208  0.7 1836  2.5 9999  9.9
 5  Su        317 0038  0.8 0706  2.4 1305  0.7 1943  2.5
 6  Mo        317 0138  0.8 0813  2.4 1406  0.8 2049  2.5
 7  Tu        317 0241  0.8 0916  2.4 1511  0.8 2149  2.5
 8  We        317 0347  0.8 1014  2.5 1614  0.7 2245  2.6
 9  Th        317 0448  0.7 1109  2.5 1713  0.7 2339  2.6
10  Fr        317 0543  0.7 1202  2.6 1805  0.6 9999  9.9
11  Sa        317 0031  2.6 0632  0.6 1254  2.6 1854  0.5
12  Su        317 0121  2.7 0719  0.6 1343  2.6 1940  0.5
13  Mo        317 0209  2.7 0804  0.6 1430  2.6 2027  0.6
14  Tu        317 0254  2.6 0851  0.6 1514  2.6 2114  0.7
15  We        317 0337  2.5 0938  0.7 1558  2.5 2202  0.8
16  Th        317 0419  2.4 1026  0.8 1641  2.4 2251  0.9
17  Fr        317 0501  2.3 1113  0.9 1725  2.3 2339  1.0
18  Sa        317 0545  2.2 1159  1.0 1813  2.2 9999  9.9
19  Su        317 0025  1.1 0633  2.1 1243  1.1 1907  2.1
20  Mo        317 0110  1.2 0726  2.0 1327  1.2 2002  2.0
21  Tu        317 0156  1.2 0819  2.0 1414  1.2 2053  2.1
22  We        317 0245  1.2 0907  2.0 1505  1.2 2138  2.1
23  Th        317 0338  1.2 0953  2.1 1558  1.1 2221  2.2
24  Fr        317 0428  1.1 1038  2.2 1649  1.0 2306  2.3
25  Sa        317 0515  1.0 1125  2.3 1736  0.8 2353  2.4
26  Su        317 0600  0.8 1214  2.5 1821  0.7 9999  9.9
27  Mo        317 0041  2.5 0644  0.7 1304  2.6 1906  0.6
28  Tu        317 0130  2.6 0729  0.6 1354  2.7 1952  0.5
29  We        317 0218  2.7 0816  0.5 1443  2.7 2041  0.5
30  Th        317 0306  2.7 0905  0.5 1531  2.7 2132  0.5
31  Fr        317 0355  2.7 0958  0.5 1622  2.7 2226  0.6
 1  Sa        417 0446  2.6 1052  0.6 1716  2.6 2322  0.7
 2  Su        417 0541  2.5 1149  0.6 1816  2.5 9999  9.9
 3  Mo        417 0020  0.7 0644  2.5 1246  0.7 1922  2.5
 4  Tu        417 0119  0.8 0751  2.4 1346  0.8 2029  2.5
 5  We        417 0221  0.8 0856  2.4 1450  0.8 2131  2.5
 6  Th        417 0326  0.8 0956  2.4 1554  0.8 2228  2.5
 7  Fr        417 0429  0.8 1051  2.5 1655  0.7 2321  2.5
 8  Sa        417 0525  0.8 1144  2.5 1748  0.7 9999  9.9
 9  Su        417 0012  2.6 0614  0.7 1234  2.5 1836  0.6
10  Mo        417 0100  2.6 0659  0.7 1322  2.6 1921  0.6
11  Tu        417 0146  2.6 0743  0.7 1407  2.6 2004  0.7
12  We        417 0229  2.5 0826  0.7 1450  2.5 2048  0.7
13  Th        417 0309  2.5 0909  0.8 1530  2.5 2133  0.8
14  Fr        417 0348  2.4 0953  0.8 1609  2.4 2217  0.9
15  Sa        417 0425  2.3 1036  0.9 1648  2.3 2301  1.0
16  Su        417 0502  2.2 1119  1.0 1728  2.2 2344  1.1
17  Mo        417 0542  2.1 1200  1.1 1814  2.1 9999  9.9
18  Tu        417 0026  1.2 0629  2.0 1242  1.1 1907  2.1
19  We        417 0108  1.2 0725  2.0 1327  1.1 2004  2.1
20  Th        417 0156  1.2 0823  2.1 1418  1.1 2057  2.1
21  Fr        417 0250  1.2 0917  2.1 1516  1.1 2148  2.2
22  Sa        417 0348  1.1 1008  2.3 1614  1.0 2237  2.3
23  Su        417 0443  0.9 1059  2.4 1708  0.8 2326  2.5
24  Mo        417 0533  0.8 1150  2.5 1757  0.7 9999  9.9
25  Tu        417 0017  2.6 0621  0.6 1242  2.6 1845  0.6
26  We        417 0108  2.7 0708  0.5 1334  2.7 1933  0.5
27  Th        417 0158  2.7 0756  0.4 1424  2.8 2022  0.5
28  Fr        417 0248  2.8 0846  0.4 1514  2.8 2114  0.5
29  Sa        417 0337  2.8 0938  0.5 1605  2.8 2207  0.5
30  Su        417 0428  2.7 1033  0.5 1658  2.7 2303  0.6
 1  Mo        517 0522  2.6 1129  0.6 1756  2.6 9999  9.9
 2  Tu        517 0001  0.7 0623  2.5 1227  0.7 1900  2.5
 3  We        517 0059  0.8 0729  2.4 1326  0.8 2008  2.4
 4  Th        517 0200  0.9 0836  2.4 1428  0.8 2111  2.4
 5  Fr        517 0304  0.9 0937  2.4 1533  0.8 2209  2.4
 6  Sa        517 0408  0.9 1033  2.4 1635  0.8 2302  2.4
 7  Su        517 0505  0.8 1125  2.4 1729  0.8 2351  2.4
 8  Mo        517 0554  0.8 1214  2.4 1817  0.8 9999  9.9
 9  Tu        517 0038  2.5 0638  0.8 1300  2.5 1900  0.7
10  We        517 0121  2.5 0719  0.7 1343  2.5 1941  0.8
11  Th        517 0202  2.5 0759  0.7 1423  2.5 2021  0.8
12  Fr        517 0239  2.4 0838  0.8 1500  2.5 2101  0.8
13  Sa        517 0315  2.4 0918  0.8 1537  2.4 2142  0.9
14  Su        517 0350  2.3 0958  0.9 1613  2.3 2222  1.0
15  Mo        517 0426  2.3 1039  1.0 1651  2.3 2303  1.0
16  Tu        517 0504  2.2 1120  1.0 1732  2.2 2345  1.1
17  We        517 0547  2.1 1203  1.0 1821  2.2 9999  9.9
18  Th        517 0029  1.1 0641  2.1 1250  1.1 1919  2.1
19  Fr        517 0117  1.1 0744  2.1 1341  1.1 2020  2.2
20  Sa        517 0211  1.1 0845  2.2 1440  1.0 2117  2.2
21  Su        517 0312  1.0 0941  2.3 1542  0.9 2210  2.4
22  Mo        517 0412  0.9 1035  2.4 1641  0.8 2302  2.5
23  Tu        517 0508  0.7 1129  2.5 1735  0.7 2355  2.6
24  We        517 0600  0.6 1222  2.7 1826  0.6 9999  9.9
25  Th        517 0047  2.7 0649  0.5 1315  2.8 1915  0.5
26  Fr        517 0139  2.8 0738  0.4 1407  2.8 2004  0.4
27  Sa        517 0230  2.8 0828  0.4 1457  2.8 2055  0.5
28  Su        517 0319  2.8 0920  0.4 1548  2.8 2149  0.5
29  Mo        517 0410  2.7 1014  0.5 1639  2.7 2244  0.6
30  Tu        517 0503  2.6 1110  0.6 1735  2.6 2341  0.7
31  We        517 0601  2.5 1207  0.7 1837  2.5 9999  9.9
 1  Th        617 0038  0.8 0706  2.4 1305  0.8 1944  2.4
 2  Fr        617 0137  0.9 0814  2.3 1406  0.9 2049  2.3
 3  Sa        617 0240  0.9 0917  2.3 1510  0.9 2147  2.3
 4  Su        617 0343  1.0 1013  2.3 1613  0.9 2240  2.3
 5  Mo        617 0442  0.9 1104  2.3 1709  0.9 2328  2.3
 6  Tu        617 0532  0.9 1151  2.4 1756  0.9 9999  9.9
 7  We        617 0012  2.3 0615  0.9 1234  2.4 1837  0.9
 8  Th        617 0052  2.4 0654  0.8 1314  2.4 1915  0.8
 9  Fr        617 0130  2.4 0730  0.8 1352  2.4 1952  0.8
10  Sa        617 0207  2.4 0807  0.8 1429  2.4 2028  0.9
11  Su        617 0242  2.4 0844  0.8 1505  2.4 2106  0.9
12  Mo        617 0318  2.4 0922  0.8 1541  2.4 2145  0.9
13  Tu        617 0354  2.3 1002  0.9 1619  2.4 2226  1.0
14  We        617 0433  2.3 1045  0.9 1700  2.3 2310  1.0
15  Th        617 0517  2.3 1131  1.0 1747  2.3 2356  1.0
16  Fr        617 0609  2.2 1220  1.0 1844  2.2 9999  9.9
17  Sa        617 0046  1.0 0711  2.2 1313  1.0 1947  2.2
18  Su        617 0141  1.0 0817  2.3 1411  1.0 2049  2.3
19  Mo        617 0242  0.9 0918  2.3 1514  0.9 2146  2.4
20  Tu        617 0345  0.9 1014  2.4 1617  0.8 2240  2.5
21  We        617 0445  0.7 1109  2.6 1715  0.7 2334  2.6
22  Th        617 0540  0.6 1203  2.7 1807  0.6 9999  9.9
23  Fr        617 0028  2.7 0631  0.5 1257  2.8 1857  0.5
24  Sa        617 0120  2.8 0720  0.4 1349  2.8 1947  0.4
25  Su        617 0212  2.8 0810  0.4 1440  2.8 2037  0.4
26  Mo        617 0302  2.8 0901  0.4 1530  2.8 2130  0.5
27  Tu        617 0352  2.7 0954  0.5 1620  2.7 2224  0.6
28  We        617 0443  2.6 1050  0.6 1714  2.6 2320  0.7
29  Th        617 0538  2.5 1146  0.7 1812  2.5 9999  9.9
30  Fr        617 0016  0.8 0640  2.4 1243  0.8 1916  2.4
 1  Sa        717 0113  0.9 0748  2.3 1342  0.9 2023  2.3
 2  Su        717 0213  1.0 0852  2.3 1444  1.0 2122  2.2
 3  Mo        717 0315  1.0 0950  2.2 1547  1.0 2215  2.2
 4  Tu        717 0415  1.0 1039  2.2 1644  1.0 2300  2.2
 5  We        717 0506  1.0 1124  2.3 1732  1.0 2341  2.2
 6  Th        717 0548  1.0 1204  2.3 1811  1.0 9999  9.9
 7  Fr        717 0019  2.3 0625  0.9 1242  2.3 1846  0.9
 8  Sa        717 0056  2.3 0700  0.8 1319  2.4 1921  0.9
 9  Su        717 0132  2.3 0735  0.8 1356  2.4 1955  0.9
10  Mo        717 0210  2.4 0811  0.8 1433  2.5 2032  0.8
11  Tu        717 0248  2.4 0849  0.8 1511  2.5 2111  0.8
12  We        717 0327  2.4 0930  0.8 1551  2.4 2154  0.9
13  Th        717 0408  2.4 1015  0.8 1633  2.4 2240  0.9
14  Fr        717 0453  2.4 1104  0.9 1720  2.4 2329  0.9
15  Sa        717 0544  2.3 1155  0.9 1815  2.3 9999  9.9
16  Su        717 0021  0.9 0645  2.3 1249  0.9 1918  2.3
17  Mo        717 0116  0.9 0752  2.3 1347  0.9 2023  2.3
18  Tu        717 0216  0.9 0856  2.4 1450  0.9 2124  2.4
19  We        717 0320  0.8 0955  2.5 1554  0.8 2220  2.5
20  Th        717 0423  0.7 1051  2.6 1655  0.7 2315  2.6
21  Fr        717 0520  0.6 1145  2.7 1750  0.6 9999  9.9
22  Sa        717 0009  2.7 0613  0.5 1239  2.7 1840  0.5
23  Su        717 0102  2.7 0703  0.4 1332  2.8 1930  0.5
24  Mo        717 0154  2.8 0752  0.4 1423  2.8 2019  0.5
25  Tu        717 0244  2.8 0842  0.4 1512  2.8 2110  0.5
26  We        717 0334  2.7 0934  0.5 1601  2.7 2203  0.6
27  Th        717 0423  2.6 1029  0.6 1651  2.6 2257  0.7
28  Fr        717 0515  2.5 1123  0.7 1745  2.5 2352  0.8
29  Sa        717 0613  2.4 1219  0.9 1845  2.3 9999  9.9
30  Su        717 0046  0.9 0717  2.3 1315  1.0 1950  2.2
31  Mo        717 0142  1.0 0822  2.2 1413  1.1 2051  2.1
 1  Tu        817 0241  1.1 0921  2.2 1515  1.1 2144  2.1
 2  We        817 0340  1.1 1010  2.2 1613  1.1 2227  2.1
 3  Th        817 0432  1.1 1052  2.2 1701  1.1 2306  2.1
 4  Fr        817 0516  1.0 1129  2.2 1740  1.1 2342  2.2
 5  Sa        817 0553  1.0 1206  2.3 1815  1.0 9999  9.9
 6  Su        817 0019  2.3 0628  0.9 1244  2.3 1849  0.9
 7  Mo        817 0058  2.3 0703  0.8 1323  2.4 1924  0.8
 8  Tu        817 0138  2.4 0740  0.7 1403  2.5 2001  0.8
 9  We        817 0220  2.5 0820  0.7 1444  2.5 2042  0.8
10  Th        817 0302  2.5 0903  0.7 1526  2.5 2126  0.7
11  Fr        817 0346  2.5 0950  0.7 1610  2.5 2214  0.8
12  Sa        817 0432  2.5 1040  0.8 1657  2.5 2305  0.8
13  Su        817 0523  2.4 1133  0.8 1751  2.4 2359  0.8
14  Mo        817 0622  2.4 1228  0.8 1853  2.4 9999  9.9
15  Tu        817 0054  0.8 0729  2.4 1326  0.9 1959  2.4
16  We        817 0154  0.8 0835  2.4 1428  0.9 2103  2.4
17  Th        817 0257  0.8 0936  2.5 1533  0.8 2201  2.5
18  Fr        817 0401  0.7 1033  2.6 1635  0.7 2257  2.5
19  Sa        817 0501  0.6 1128  2.6 1732  0.6 2351  2.6
20  Su        817 0555  0.5 1222  2.7 1823  0.6 9999  9.9
21  Mo        817 0045  2.7 0646  0.5 1314  2.8 1912  0.5
22  Tu        817 0137  2.7 0735  0.4 1404  2.8 2001  0.5
23  We        817 0226  2.7 0824  0.5 1453  2.8 2050  0.5
24  Th        817 0315  2.7 0914  0.5 1540  2.7 2140  0.6
25  Fr        817 0402  2.6 1006  0.6 1627  2.6 2232  0.7
26  Sa        817 0451  2.5 1059  0.8 1716  2.4 2325  0.8
27  Su        817 0543  2.4 1152  0.9 1809  2.3 9999  9.9
28  Mo        817 0017  0.9 0640  2.2 1245  1.0 1909  2.2
29  Tu        817 0108  1.0 0744  2.1 1338  1.1 2010  2.1
30  We        817 0201  1.1 0843  2.1 1434  1.2 2103  2.0
31  Th        817 0255  1.2 0932  2.1 1530  1.2 2147  2.0
 1  Fr        917 0348  1.2 1013  2.1 1620  1.2 2225  2.1
 2  Sa        917 0435  1.1 1050  2.2 1702  1.1 2303  2.1
 3  Su        917 0516  1.0 1128  2.2 1740  1.0 2342  2.2
 4  Mo        917 0555  0.9 1208  2.3 1816  0.9 9999  9.9
 5  Tu        917 0025  2.4 0633  0.8 1251  2.4 1854  0.8
 6  We        917 0109  2.5 0712  0.7 1335  2.5 1934  0.7
 7  Th        917 0154  2.5 0754  0.6 1419  2.6 2016  0.7
 8  Fr        917 0240  2.6 0839  0.6 1503  2.6 2102  0.6
 9  Sa        917 0326  2.6 0927  0.6 1549  2.6 2152  0.6
10  Su        917 0413  2.6 1018  0.7 1637  2.6 2244  0.7
11  Mo        917 0505  2.6 1112  0.7 1730  2.5 2338  0.7
12  Tu        917 0602  2.5 1208  0.8 1830  2.4 9999  9.9
13  We        917 0034  0.7 0707  2.4 1306  0.8 1937  2.4
14  Th        917 0133  0.8 0814  2.4 1407  0.8 2042  2.4
15  Fr        917 0236  0.8 0917  2.5 1512  0.8 2143  2.4
16  Sa        917 0341  0.7 1016  2.5 1616  0.8 2240  2.5
17  Su        917 0443  0.7 1111  2.6 1714  0.7 2334  2.6
18  Mo        917 0538  0.6 1204  2.6 1806  0.6 9999  9.9
19  Tu        917 0027  2.6 0629  0.5 1256  2.7 1855  0.6
20  We        917 0118  2.7 0717  0.5 1345  2.7 1942  0.5
21  Th        917 0208  2.7 0804  0.5 1432  2.7 2029  0.6
22  Fr        917 0254  2.7 0852  0.6 1518  2.6 2117  0.6
23  Sa        917 0340  2.6 0942  0.7 1602  2.5 2206  0.7
24  Su        917 0425  2.5 1032  0.8 1646  2.4 2255  0.8
25  Mo        917 0510  2.4 1122  0.9 1731  2.3 2344  1.0
26  Tu        917 0600  2.2 1211  1.0 1821  2.1 9999  9.9
27  We        917 0031  1.1 0655  2.1 1259  1.2 1915  2.0
28  Th        917 0118  1.1 0753  2.1 1347  1.2 2010  2.0
29  Fr        917 0205  1.2 0845  2.0 1437  1.3 2059  2.0
30  Sa        917 0255  1.2 0929  2.1 1528  1.2 2142  2.1
 1  Su       1017 0346  1.1 1010  2.1 1617  1.2 2224  2.1
 2  Mo       1017 0435  1.0 1051  2.2 1702  1.0 2308  2.3
 3  Tu       1017 0521  0.9 1135  2.3 1744  0.9 2354  2.4
 4  We       1017 0604  0.8 1221  2.5 1826  0.8 9999  9.9
 5  Th       1017 0042  2.5 0647  0.7 1308  2.6 1909  0.7
 6  Fr       1017 0131  2.6 0731  0.6 1355  2.6 1953  0.6
 7  Sa       1017 0219  2.7 0817  0.6 1442  2.7 2041  0.5
 8  Su       1017 0307  2.7 0906  0.6 1530  2.7 2131  0.5
 9  Mo       1017 0356  2.7 0958  0.6 1618  2.6 2224  0.6
10  Tu       1017 0447  2.6 1053  0.6 1711  2.6 2319  0.6
11  We       1017 0543  2.6 1149  0.7 1809  2.5 9999  9.9
12  Th       1017 0015  0.7 0646  2.5 1247  0.8 1915  2.4
13  Fr       1017 0114  0.7 0754  2.5 1347  0.8 2022  2.4
14  Sa       1017 0215  0.8 0858  2.5 1451  0.8 2125  2.4
15  Su       1017 0320  0.8 0958  2.5 1556  0.8 2222  2.5
16  Mo       1017 0424  0.7 1053  2.5 1656  0.8 2317  2.5
17  Tu       1017 0521  0.7 1146  2.6 1749  0.7 9999  9.9
18  We       1017 0009  2.6 0612  0.6 1236  2.6 1837  0.6
19  Th       1017 0100  2.6 0659  0.6 1325  2.6 1922  0.6
20  Fr       1017 0147  2.6 0745  0.6 1410  2.6 2006  0.6
21  Sa       1017 0233  2.6 0830  0.7 1453  2.5 2051  0.7
22  Su       1017 0315  2.5 0916  0.7 1534  2.5 2136  0.8
23  Mo       1017 0357  2.5 1002  0.8 1614  2.4 2222  0.9
24  Tu       1017 0437  2.4 1049  1.0 1653  2.3 2307  1.0
25  We       1017 0519  2.2 1134  1.1 1734  2.1 2351  1.0
26  Th       1017 0604  2.1 1217  1.1 1819  2.1 9999  9.9
27  Fr       1017 0033  1.1 0655  2.1 1300  1.2 1911  2.0
28  Sa       1017 0116  1.2 0750  2.0 1344  1.2 2007  2.0
29  Su       1017 0204  1.2 0842  2.1 1434  1.2 2100  2.1
30  Mo       1017 0257  1.1 0931  2.1 1528  1.1 2149  2.2
31  Tu       1017 0353  1.0 1017  2.2 1622  1.0 2238  2.3
 1  We       1117 0447  0.9 1105  2.3 1713  0.9 2328  2.4
 2  Th       1117 0537  0.8 1153  2.5 1800  0.7 9999  9.9
 3  Fr       1117 0018  2.5 0624  0.7 1243  2.6 1846  0.6
 4  Sa       1117 0109  2.7 0710  0.6 1333  2.7 1932  0.5
 5  Su       1117 0159  2.7 0758  0.5 1422  2.7 2021  0.5
 6  Mo       1117 0249  2.8 0847  0.5 1511  2.7 2111  0.5
 7  Tu       1117 0339  2.8 0939  0.5 1600  2.7 2204  0.5
 8  We       1117 0429  2.7 1034  0.6 1652  2.6 2300  0.6
 9  Th       1117 0524  2.6 1130  0.7 1749  2.5 2356  0.6
10  Fr       1117 0625  2.5 1228  0.7 1853  2.4 9999  9.9
11  Sa       1117 0054  0.7 0732  2.5 1327  0.8 2001  2.4
12  Su       1117 0155  0.8 0838  2.4 1429  0.9 2106  2.4
13  Mo       1117 0259  0.8 0939  2.4 1534  0.9 2205  2.4
14  Tu       1117 0404  0.8 1034  2.4 1636  0.8 2259  2.4
15  We       1117 0503  0.8 1126  2.5 1730  0.8 2350  2.5
16  Th       1117 0554  0.7 1216  2.5 1817  0.7 9999  9.9
17  Fr       1117 0039  2.5 0641  0.7 1302  2.5 1901  0.7
18  Sa       1117 0125  2.5 0724  0.7 1346  2.5 1943  0.7
19  Su       1117 0208  2.5 0806  0.7 1427  2.5 2024  0.7
20  Mo       1117 0249  2.5 0848  0.8 1505  2.4 2105  0.8
21  Tu       1117 0327  2.4 0930  0.9 1541  2.4 2147  0.8
22  We       1117 0404  2.4 1012  1.0 1617  2.3 2229  0.9
23  Th       1117 0441  2.3 1054  1.0 1653  2.2 2310  1.0
24  Fr       1117 0520  2.2 1135  1.1 1734  2.1 2352  1.1
25  Sa       1117 0605  2.1 1216  1.1 1822  2.1 9999  9.9
26  Su       1117 0035  1.1 0658  2.1 1300  1.2 1920  2.1
27  Mo       1117 0122  1.1 0757  2.1 1350  1.1 2021  2.1
28  Tu       1117 0216  1.1 0854  2.2 1446  1.1 2118  2.2
29  We       1117 0316  1.0 0946  2.3 1546  1.0 2211  2.3
30  Th       1117 0416  0.9 1037  2.4 1643  0.9 2303  2.4
 1  Fr       1217 0511  0.8 1129  2.5 1736  0.7 2356  2.6
 2  Sa       1217 0602  0.7 1221  2.6 1825  0.6 9999  9.9
 3  Su       1217 0049  2.7 0651  0.5 1312  2.7 1913  0.5
 4  Mo       1217 0141  2.8 0739  0.5 1403  2.8 2002  0.4
 5  Tu       1217 0231  2.8 0829  0.5 1453  2.8 2052  0.4
 6  We       1217 0321  2.8 0921  0.5 1543  2.7 2145  0.4
 7  Th       1217 0412  2.8 1015  0.6 1634  2.7 2240  0.5
 8  Fr       1217 0505  2.7 1111  0.6 1729  2.6 2337  0.6
 9  Sa       1217 0603  2.6 1208  0.7 1831  2.5 9999  9.9
10  Su       1217 0035  0.7 0708  2.5 1306  0.8 1939  2.4
11  Mo       1217 0134  0.8 0815  2.4 1407  0.9 2045  2.4
12  Tu       1217 0237  0.9 0918  2.4 1511  0.9 2145  2.3
13  We       1217 0342  0.9 1014  2.4 1614  0.9 2240  2.4
14  Th       1217 0443  0.9 1105  2.4 1709  0.9 2330  2.4
15  Fr       1217 0535  0.9 1153  2.4 1756  0.8 9999  9.9
16  Sa       1217 0017  2.4 0620  0.8 1237  2.4 1838  0.8
17  Su       1217 0100  2.4 0701  0.8 1318  2.4 1917  0.8
18  Mo       1217 0141  2.4 0740  0.8 1357  2.4 1955  0.8
19  Tu       1217 0219  2.5 0818  0.8 1433  2.4 2033  0.8
20  We       1217 0256  2.4 0856  0.9 1508  2.4 2112  0.8
21  Th       1217 0331  2.4 0935  0.9 1544  2.3 2151  0.9
22  Fr       1217 0407  2.3 1015  1.0 1620  2.3 2232  0.9
23  Sa       1217 0445  2.3 1056  1.0 1700  2.2 2315  1.0
24  Su       1217 0527  2.2 1139  1.1 1746  2.2 9999  9.9
25  Mo       1217 0000  1.0 0618  2.2 1225  1.1 1843  2.2
26  Tu       1217 0049  1.0 0718  2.2 1316  1.1 1947  2.2
27  We       1217 0144  1.0 0820  2.2 1413  1.0 2050  2.3
28  Th       1217 0244  1.0 0918  2.3 1514  0.9 2147  2.4
29  Fr       1217 0347  0.9 1013  2.4 1616  0.8 2242  2.5
30  Sa       1217 0447  0.8 1106  2.5 1713  0.7 2336  2.6
31  Su       1217 0541  0.7 1200  2.6 1805  0.5 9999  9.9
