056Oban
Based on data from 15-Jan-2009
Local Std Time, tidal heights in metres.
 1  We        120 0607  2.2 1217  1.1 1827  2.1 9999  9.9
 2  Th        120 0038  1.1 0701  2.1 1303  1.2 1924  2.0
 3  Fr        120 0125  1.2 0757  2.0 1350  1.2 2020  2.0
 4  Sa        120 0214  1.2 0847  2.0 1438  1.2 2109  2.0
 5  Su        120 0306  1.2 0930  2.0 1529  1.2 2153  2.1
 6  Mo        120 0359  1.2 1011  2.1 1619  1.1 2236  2.2
 7  Tu        120 0447  1.1 1054  2.2 1705  1.0 2320  2.3
 8  We        120 0531  1.0 1138  2.3 1749  0.8 9999  9.9
 9  Th        120 0006  2.4 0613  0.8 1225  2.4 1832  0.7
10  Fr        120 0054  2.5 0656  0.7 1313  2.5 1915  0.6
11  Sa        120 0142  2.6 0740  0.6 1401  2.6 2001  0.5
12  Su        120 0230  2.7 0827  0.6 1449  2.7 2049  0.5
13  Mo        120 0317  2.7 0916  0.6 1537  2.7 2140  0.5
14  Tu        120 0405  2.7 1008  0.6 1627  2.6 2234  0.6
15  We        120 0456  2.6 1102  0.7 1721  2.5 2329  0.7
16  Th        120 0553  2.5 1158  0.7 1822  2.5 9999  9.9
17  Fr        120 0027  0.7 0656  2.4 1256  0.8 1929  2.4
18  Sa        120 0127  0.8 0804  2.4 1357  0.8 2037  2.4
19  Su        120 0230  0.8 0907  2.4 1501  0.8 2139  2.4
20  Mo        120 0336  0.8 1006  2.4 1605  0.8 2236  2.5
21  Tu        120 0439  0.8 1100  2.5 1704  0.7 2330  2.5
22  We        120 0535  0.7 1153  2.5 1756  0.7 9999  9.9
23  Th        120 0022  2.6 0624  0.7 1243  2.5 1844  0.6
24  Fr        120 0111  2.6 0710  0.7 1331  2.5 1929  0.6
25  Sa        120 0158  2.6 0754  0.7 1416  2.5 2013  0.6
26  Su        120 0242  2.6 0839  0.7 1458  2.5 2058  0.7
27  Mo        120 0323  2.5 0923  0.8 1539  2.4 2143  0.8
28  Tu        120 0403  2.4 1009  0.9 1618  2.3 2229  0.9
29  We        120 0442  2.3 1054  1.0 1658  2.2 2314  1.0
30  Th        120 0522  2.2 1137  1.1 1740  2.1 2358  1.1
31  Fr        120 0605  2.1 1219  1.1 1828  2.1 9999  9.9
 1  Sa        220 0041  1.2 0655  2.0 1300  1.2 1924  2.0
 2  Su        220 0125  1.2 0750  2.0 1345  1.2 2021  2.0
 3  Mo        220 0214  1.2 0843  2.0 1436  1.2 2113  2.1
 4  Tu        220 0310  1.2 0932  2.1 1533  1.1 2202  2.2
 5  We        220 0406  1.1 1020  2.2 1628  1.0 2250  2.3
 6  Th        220 0459  1.0 1109  2.3 1719  0.8 2340  2.4
 7  Fr        220 0547  0.8 1159  2.5 1807  0.7 9999  9.9
 8  Sa        220 0030  2.6 0633  0.7 1250  2.6 1854  0.6
 9  Su        220 0120  2.7 0719  0.6 1341  2.7 1941  0.5
10  Mo        220 0209  2.7 0807  0.5 1431  2.7 2030  0.5
11  Tu        220 0258  2.8 0856  0.5 1520  2.7 2121  0.5
12  We        220 0347  2.7 0948  0.6 1610  2.7 2215  0.5
13  Th        220 0438  2.7 1043  0.6 1703  2.6 2311  0.6
14  Fr        220 0532  2.6 1139  0.7 1802  2.5 9999  9.9
15  Sa        220 0008  0.7 0634  2.5 1236  0.7 1908  2.4
16  Su        220 0107  0.8 0741  2.4 1336  0.8 2017  2.4
17  Mo        220 0210  0.9 0847  2.4 1439  0.8 2120  2.4
18  Tu        220 0315  0.9 0947  2.4 1543  0.8 2218  2.4
19  We        220 0420  0.9 1041  2.4 1644  0.8 2312  2.5
20  Th        220 0517  0.8 1133  2.4 1737  0.8 9999  9.9
21  Fr        220 0002  2.5 0606  0.8 1222  2.4 1824  0.7
22  Sa        220 0050  2.5 0650  0.8 1308  2.5 1908  0.7
23  Su        220 0135  2.5 0732  0.8 1351  2.5 1949  0.7
24  Mo        220 0216  2.5 0813  0.8 1432  2.4 2031  0.7
25  Tu        220 0255  2.5 0853  0.8 1510  2.4 2112  0.8
26  We        220 0331  2.4 0934  0.9 1547  2.4 2154  0.9
27  Th        220 0407  2.3 1015  1.0 1623  2.3 2236  1.0
28  Fr        220 0442  2.2 1056  1.0 1701  2.2 2318  1.1
29  Sa        220 0520  2.1 1136  1.1 1744  2.1 9999  9.9
 1  Su        320 0000  1.1 0604  2.1 1218  1.1 1836  2.1
 2  Mo        320 0043  1.2 0658  2.1 1303  1.1 1936  2.1
 3  Tu        320 0132  1.2 0759  2.1 1354  1.1 2036  2.1
 4  We        320 0228  1.1 0857  2.1 1453  1.0 2132  2.2
 5  Th        320 0329  1.1 0951  2.2 1554  0.9 2224  2.3
 6  Fr        320 0428  0.9 1044  2.4 1652  0.8 2315  2.5
 7  Sa        320 0522  0.8 1136  2.5 1744  0.7 9999  9.9
 8  Su        320 0007  2.6 0611  0.7 1229  2.6 1834  0.5
 9  Mo        320 0059  2.7 0659  0.6 1322  2.7 1922  0.5
10  Tu        320 0150  2.8 0748  0.5 1413  2.8 2011  0.4
11  We        320 0240  2.8 0837  0.5 1503  2.8 2103  0.5
12  Th        320 0329  2.8 0929  0.5 1553  2.7 2156  0.5
13  Fr        320 0419  2.7 1023  0.6 1646  2.7 2252  0.6
14  Sa        320 0512  2.6 1119  0.6 1742  2.6 2349  0.7
15  Su        320 0611  2.5 1216  0.7 1846  2.5 9999  9.9
16  Mo        320 0048  0.8 0717  2.4 1314  0.8 1955  2.4
17  Tu        320 0148  0.9 0824  2.3 1415  0.9 2100  2.4
18  We        320 0253  1.0 0926  2.3 1520  0.9 2159  2.4
19  Th        320 0358  1.0 1021  2.3 1622  0.9 2252  2.4
20  Fr        320 0456  0.9 1112  2.3 1717  0.9 2341  2.4
21  Sa        320 0546  0.9 1159  2.3 1804  0.8 9999  9.9
22  Su        320 0026  2.4 0628  0.9 1243  2.4 1845  0.8
23  Mo        320 0108  2.4 0707  0.8 1324  2.4 1924  0.8
24  Tu        320 0147  2.4 0745  0.8 1403  2.4 2002  0.8
25  We        320 0223  2.4 0821  0.8 1439  2.4 2040  0.8
26  Th        320 0258  2.4 0859  0.9 1515  2.4 2119  0.9
27  Fr        320 0333  2.3 0937  0.9 1551  2.3 2159  0.9
28  Sa        320 0407  2.3 1016  0.9 1629  2.3 2240  1.0
29  Su        320 0445  2.2 1058  1.0 1710  2.2 2323  1.1
30  Mo        320 0527  2.2 1142  1.0 1759  2.2 9999  9.9
31  Tu        320 0009  1.1 0619  2.1 1230  1.0 1859  2.2
 1  We        420 0059  1.1 0721  2.1 1322  1.0 2003  2.2
 2  Th        420 0155  1.1 0826  2.2 1421  1.0 2103  2.3
 3  Fr        420 0257  1.0 0925  2.3 1525  0.9 2159  2.4
 4  Sa        420 0400  0.9 1021  2.4 1627  0.8 2253  2.5
 5  Su        420 0458  0.8 1116  2.5 1723  0.7 2346  2.6
 6  Mo        420 0551  0.7 1210  2.6 1815  0.5 9999  9.9
 7  Tu        420 0039  2.7 0641  0.5 1303  2.7 1905  0.5
 8  We        420 0131  2.8 0729  0.5 1356  2.8 1954  0.4
 9  Th        420 0222  2.8 0819  0.4 1447  2.8 2045  0.4
10  Fr        420 0311  2.8 0910  0.5 1537  2.8 2138  0.5
11  Sa        420 0400  2.7 1003  0.5 1628  2.7 2233  0.6
12  Su        420 0452  2.6 1058  0.6 1722  2.6 2329  0.7
13  Mo        420 0548  2.5 1155  0.7 1823  2.5 9999  9.9
14  Tu        420 0027  0.8 0650  2.3 1252  0.8 1930  2.4
15  We        420 0125  0.9 0758  2.3 1351  0.9 2036  2.3
16  Th        420 0227  1.0 0902  2.2 1454  1.0 2136  2.3
17  Fr        420 0332  1.0 0958  2.2 1557  1.0 2229  2.3
18  Sa        420 0432  1.0 1048  2.2 1653  1.0 2316  2.3
19  Su        420 0522  1.0 1133  2.2 1740  0.9 2358  2.3
20  Mo        420 0604  1.0 1214  2.3 1821  0.9 9999  9.9
21  Tu        420 0037  2.3 0640  0.9 1253  2.3 1857  0.9
22  We        420 0114  2.3 0715  0.9 1331  2.4 1932  0.9
23  Th        420 0149  2.4 0749  0.9 1408  2.4 2008  0.9
24  Fr        420 0225  2.4 0824  0.8 1445  2.4 2045  0.9
25  Sa        420 0301  2.4 0902  0.8 1522  2.4 2124  0.9
26  Su        420 0338  2.4 0942  0.8 1601  2.4 2207  0.9
27  Mo        420 0417  2.3 1026  0.9 1644  2.4 2252  1.0
28  Tu        420 0500  2.3 1113  0.9 1731  2.3 2341  1.0
29  We        420 0551  2.3 1203  0.9 1828  2.3 9999  9.9
30  Th        420 0032  1.0 0652  2.2 1257  0.9 1933  2.3
 1  Fr        520 0128  1.0 0759  2.2 1355  0.9 2037  2.3
 2  Sa        520 0229  1.0 0902  2.3 1459  0.9 2137  2.4
 3  Su        520 0333  0.9 1001  2.4 1603  0.8 2232  2.5
 4  Mo        520 0435  0.8 1057  2.5 1703  0.7 2326  2.6
 5  Tu        520 0531  0.7 1152  2.6 1757  0.6 9999  9.9
 6  We        520 0020  2.7 0622  0.5 1246  2.7 1848  0.5
 7  Th        520 0112  2.7 0712  0.5 1339  2.8 1937  0.5
 8  Fr        520 0203  2.8 0801  0.4 1430  2.8 2027  0.5
 9  Sa        520 0253  2.8 0851  0.5 1520  2.8 2119  0.5
10  Su        520 0342  2.7 0943  0.5 1609  2.7 2213  0.6
11  Mo        520 0431  2.6 1037  0.6 1701  2.6 2308  0.7
12  Tu        520 0523  2.5 1132  0.7 1757  2.5 9999  9.9
13  We        520 0004  0.9 0622  2.3 1228  0.8 1901  2.3
14  Th        520 0100  1.0 0727  2.2 1324  1.0 2007  2.2
15  Fr        520 0158  1.1 0833  2.2 1424  1.0 2109  2.2
16  Sa        520 0300  1.1 0931  2.1 1526  1.1 2201  2.2
17  Su        520 0401  1.1 1020  2.1 1624  1.1 2246  2.2
18  Mo        520 0452  1.1 1103  2.2 1713  1.1 2325  2.2
19  Tu        520 0534  1.1 1141  2.2 1752  1.0 9999  9.9
20  We        520 0001  2.2 0609  1.0 1219  2.3 1828  1.0
21  Th        520 0037  2.3 0643  0.9 1257  2.3 1902  0.9
22  Fr        520 0114  2.3 0716  0.8 1336  2.4 1937  0.9
23  Sa        520 0152  2.4 0752  0.8 1415  2.5 2014  0.8
24  Su        520 0231  2.4 0831  0.8 1455  2.5 2054  0.8
25  Mo        520 0311  2.4 0913  0.7 1537  2.5 2138  0.8
26  Tu        520 0353  2.4 0958  0.8 1620  2.5 2226  0.9
27  We        520 0437  2.4 1048  0.8 1708  2.4 2316  0.9
28  Th        520 0528  2.4 1140  0.8 1803  2.4 9999  9.9
29  Fr        520 0009  0.9 0627  2.3 1235  0.8 1906  2.3
30  Sa        520 0105  0.9 0734  2.3 1333  0.9 2013  2.3
31  Su        520 0205  0.9 0841  2.4 1436  0.8 2115  2.4
 1  Mo        620 0309  0.9 0942  2.4 1541  0.8 2212  2.5
 2  Tu        620 0413  0.8 1039  2.5 1644  0.7 2307  2.5
 3  We        620 0512  0.7 1135  2.6 1740  0.6 9999  9.9
 4  Th        620 0001  2.6 0605  0.6 1229  2.7 1831  0.5
 5  Fr        620 0054  2.7 0654  0.5 1322  2.7 1921  0.5
 6  Sa        620 0145  2.7 0743  0.5 1412  2.8 2009  0.5
 7  Su        620 0234  2.7 0832  0.5 1502  2.8 2100  0.6
 8  Mo        620 0322  2.7 0922  0.5 1550  2.7 2151  0.6
 9  Tu        620 0410  2.6 1014  0.6 1638  2.6 2245  0.8
10  We        620 0458  2.4 1108  0.7 1730  2.4 2338  0.9
11  Th        620 0551  2.3 1201  0.9 1827  2.3 9999  9.9
12  Fr        620 0032  1.0 0651  2.2 1255  1.0 1930  2.2
13  Sa        620 0126  1.1 0756  2.1 1350  1.1 2032  2.1
14  Su        620 0221  1.2 0856  2.1 1448  1.2 2125  2.1
15  Mo        620 0319  1.2 0945  2.1 1546  1.2 2208  2.1
16  Tu        620 0412  1.2 1027  2.1 1637  1.2 2246  2.1
17  We        620 0456  1.1 1104  2.2 1718  1.1 2321  2.2
18  Th        620 0534  1.0 1142  2.2 1755  1.0 2358  2.2
19  Fr        620 0609  0.9 1222  2.3 1830  0.9 9999  9.9
20  Sa        620 0039  2.3 0645  0.8 1304  2.4 1907  0.8
21  Su        620 0121  2.4 0723  0.7 1347  2.5 1946  0.8
22  Mo        620 0204  2.5 0804  0.7 1430  2.6 2028  0.7
23  Tu        620 0247  2.5 0847  0.7 1514  2.6 2113  0.7
24  We        620 0332  2.5 0935  0.7 1559  2.6 2202  0.7
25  Th        620 0418  2.5 1026  0.7 1647  2.5 2254  0.8
26  Fr        620 0509  2.5 1119  0.7 1741  2.5 2348  0.8
27  Sa        620 0606  2.4 1215  0.8 1842  2.4 9999  9.9
28  Su        620 0044  0.8 0713  2.4 1313  0.8 1949  2.4
29  Mo        620 0143  0.9 0821  2.4 1415  0.8 2054  2.4
30  Tu        620 0247  0.8 0924  2.4 1521  0.8 2153  2.4
 1  We        720 0352  0.8 1022  2.5 1625  0.8 2249  2.5
 2  Th        720 0452  0.7 1118  2.6 1723  0.7 2343  2.6
 3  Fr        720 0547  0.6 1212  2.6 1815  0.6 9999  9.9
 4  Sa        720 0035  2.6 0637  0.5 1304  2.7 1904  0.6
 5  Su        720 0126  2.7 0725  0.5 1354  2.7 1951  0.6
 6  Mo        720 0215  2.7 0812  0.5 1442  2.7 2039  0.6
 7  Tu        720 0302  2.6 0900  0.6 1529  2.6 2128  0.7
 8  We        720 0347  2.5 0950  0.7 1614  2.5 2219  0.8
 9  Th        720 0432  2.4 1041  0.8 1700  2.4 2310  0.9
10  Fr        720 0519  2.3 1132  0.9 1749  2.3 9999  9.9
11  Sa        720 0000  1.0 0611  2.2 1222  1.0 1844  2.1
12  Su        720 0048  1.1 0709  2.1 1312  1.1 1943  2.0
13  Mo        720 0137  1.2 0809  2.0 1403  1.2 2037  2.0
14  Tu        720 0227  1.2 0902  2.0 1456  1.2 2123  2.0
15  We        720 0319  1.2 0945  2.1 1549  1.2 2202  2.0
16  Th        720 0408  1.2 1026  2.1 1637  1.2 2241  2.1
17  Fr        720 0453  1.1 1106  2.2 1719  1.1 2322  2.2
18  Sa        720 0534  0.9 1149  2.3 1759  0.9 9999  9.9
19  Su        720 0006  2.3 0615  0.8 1234  2.4 1839  0.8
20  Mo        720 0052  2.4 0657  0.7 1321  2.5 1921  0.7
21  Tu        720 0139  2.5 0740  0.6 1407  2.6 2004  0.7
22  We        720 0226  2.6 0825  0.6 1453  2.7 2051  0.6
23  Th        720 0312  2.6 0914  0.6 1540  2.7 2140  0.6
24  Fr        720 0400  2.6 1005  0.6 1628  2.6 2233  0.7
25  Sa        720 0451  2.6 1100  0.7 1721  2.5 2328  0.7
26  Su        720 0547  2.5 1156  0.7 1820  2.5 9999  9.9
27  Mo        720 0024  0.8 0652  2.4 1254  0.8 1926  2.4
28  Tu        720 0123  0.8 0801  2.4 1355  0.8 2032  2.4
29  We        720 0225  0.8 0906  2.4 1500  0.8 2134  2.4
30  Th        720 0330  0.8 1005  2.5 1606  0.8 2231  2.5
31  Fr        720 0433  0.7 1101  2.5 1706  0.8 2325  2.5
 1  Sa        820 0529  0.7 1155  2.6 1759  0.7 9999  9.9
 2  Su        820 0017  2.5 0619  0.6 1246  2.6 1847  0.7
 3  Mo        820 0107  2.6 0706  0.6 1335  2.6 1932  0.6
 4  Tu        820 0155  2.6 0752  0.6 1422  2.6 2018  0.7
 5  We        820 0240  2.6 0838  0.6 1506  2.6 2104  0.7
 6  Th        820 0323  2.5 0924  0.7 1548  2.5 2150  0.8
 7  Fr        820 0405  2.4 1012  0.8 1629  2.4 2237  0.9
 8  Sa        820 0446  2.3 1100  0.9 1710  2.3 2324  1.0
 9  Su        820 0530  2.2 1146  1.0 1754  2.1 9999  9.9
10  Mo        820 0008  1.1 0617  2.1 1231  1.1 1843  2.0
11  Tu        820 0051  1.2 0712  2.0 1316  1.2 1937  2.0
12  We        820 0135  1.2 0809  2.0 1403  1.3 2029  2.0
13  Th        820 0222  1.2 0900  2.1 1455  1.2 2117  2.0
14  Fr        820 0316  1.2 0947  2.1 1550  1.2 2203  2.1
15  Sa        820 0410  1.1 1032  2.2 1641  1.1 2249  2.2
16  Su        820 0500  0.9 1119  2.3 1728  0.9 2337  2.4
17  Mo        820 0547  0.8 1207  2.5 1813  0.8 9999  9.9
18  Tu        820 0026  2.5 0632  0.7 1256  2.6 1857  0.7
19  We        820 0116  2.6 0718  0.6 1345  2.7 1943  0.6
20  Th        820 0205  2.7 0805  0.5 1433  2.7 2030  0.6
21  Fr        820 0254  2.7 0854  0.5 1521  2.7 2120  0.6
22  Sa        820 0343  2.7 0946  0.5 1610  2.7 2213  0.6
23  Su        820 0434  2.6 1041  0.6 1701  2.6 2308  0.6
24  Mo        820 0529  2.6 1137  0.7 1759  2.5 9999  9.9
25  Tu        820 0005  0.7 0632  2.5 1235  0.8 1903  2.4
26  We        820 0103  0.8 0740  2.4 1336  0.8 2011  2.4
27  Th        820 0204  0.8 0847  2.4 1440  0.9 2114  2.4
28  Fr        820 0308  0.8 0948  2.4 1546  0.9 2212  2.4
29  Sa        820 0412  0.8 1044  2.5 1647  0.8 2306  2.4
30  Su        820 0510  0.8 1136  2.5 1741  0.8 2357  2.5
31  Mo        820 0601  0.7 1227  2.5 1828  0.7 9999  9.9
 1  Tu        920 0047  2.5 0647  0.7 1314  2.5 1912  0.7
 2  We        920 0133  2.5 0731  0.7 1359  2.5 1955  0.7
 3  Th        920 0216  2.5 0814  0.7 1440  2.5 2037  0.8
 4  Fr        920 0257  2.5 0857  0.8 1519  2.4 2120  0.8
 5  Sa        920 0336  2.4 0941  0.8 1556  2.4 2202  0.9
 6  Su        920 0414  2.3 1025  0.9 1632  2.3 2245  1.0
 7  Mo        920 0452  2.2 1108  1.0 1709  2.2 2326  1.1
 8  Tu        920 0532  2.2 1150  1.1 1750  2.1 9999  9.9
 9  We        920 0007  1.1 0620  2.1 1232  1.2 1838  2.0
10  Th        920 0049  1.1 0716  2.1 1316  1.2 1936  2.0
11  Fr        920 0135  1.1 0816  2.1 1407  1.2 2034  2.1
12  Sa        920 0229  1.1 0910  2.2 1505  1.2 2128  2.1
13  Su        920 0329  1.0 1001  2.3 1604  1.1 2220  2.3
14  Mo        920 0427  0.9 1051  2.4 1658  0.9 2311  2.4
15  Tu        920 0521  0.8 1142  2.5 1748  0.8 9999  9.9
16  We        920 0003  2.5 0610  0.6 1233  2.6 1836  0.6
17  Th        920 0055  2.6 0658  0.5 1324  2.7 1923  0.5
18  Fr        920 0146  2.7 0746  0.5 1413  2.7 2011  0.5
19  Sa        920 0237  2.8 0836  0.5 1502  2.8 2101  0.5
20  Su        920 0327  2.8 0928  0.5 1551  2.7 2154  0.5
21  Mo        920 0417  2.7 1022  0.6 1642  2.6 2249  0.6
22  Tu        920 0511  2.6 1119  0.7 1738  2.5 2345  0.7
23  We        920 0611  2.5 1216  0.8 1840  2.4 9999  9.9
24  Th        920 0042  0.8 0718  2.4 1316  0.8 1948  2.3
25  Fr        920 0142  0.8 0826  2.4 1418  0.9 2053  2.3
26  Sa        920 0246  0.9 0929  2.4 1524  0.9 2153  2.3
27  Su        920 0351  0.9 1025  2.4 1627  0.9 2247  2.3
28  Mo        920 0451  0.8 1117  2.4 1722  0.9 2337  2.4
29  Tu        920 0542  0.8 1205  2.4 1809  0.8 9999  9.9
30  We        920 0024  2.4 0628  0.8 1251  2.4 1851  0.8
 1  Th       1020 0109  2.4 0709  0.8 1333  2.4 1930  0.8
 2  Fr       1020 0150  2.4 0749  0.8 1412  2.4 2009  0.8
 3  Sa       1020 0229  2.4 0828  0.8 1448  2.4 2047  0.8
 4  Su       1020 0306  2.4 0908  0.9 1523  2.4 2126  0.9
 5  Mo       1020 0342  2.4 0948  0.9 1557  2.3 2205  0.9
 6  Tu       1020 0418  2.3 1029  1.0 1632  2.2 2245  1.0
 7  We       1020 0456  2.2 1110  1.1 1710  2.2 2327  1.0
 8  Th       1020 0540  2.2 1153  1.1 1756  2.1 9999  9.9
 9  Fr       1020 0011  1.1 0633  2.1 1239  1.1 1852  2.1
10  Sa       1020 0059  1.1 0735  2.1 1330  1.1 1957  2.1
11  Su       1020 0154  1.0 0837  2.2 1427  1.1 2058  2.2
12  Mo       1020 0255  1.0 0933  2.3 1530  1.0 2154  2.3
13  Tu       1020 0358  0.9 1026  2.4 1630  0.9 2248  2.4
14  We       1020 0456  0.8 1119  2.5 1725  0.8 2342  2.5
15  Th       1020 0549  0.6 1211  2.6 1815  0.6 9999  9.9
16  Fr       1020 0036  2.6 0639  0.5 1303  2.7 1903  0.5
17  Sa       1020 0128  2.7 0728  0.5 1354  2.8 1952  0.5
18  Su       1020 0220  2.8 0818  0.5 1444  2.8 2042  0.4
19  Mo       1020 0310  2.8 0910  0.5 1533  2.7 2134  0.5
20  Tu       1020 0401  2.7 1004  0.6 1624  2.7 2229  0.6
21  We       1020 0453  2.7 1100  0.7 1717  2.5 2325  0.6
22  Th       1020 0550  2.5 1156  0.8 1816  2.4 9999  9.9
23  Fr       1020 0022  0.7 0654  2.4 1255  0.9 1923  2.3
24  Sa       1020 0120  0.8 0803  2.4 1355  1.0 2030  2.3
25  Su       1020 0221  0.9 0907  2.3 1459  1.0 2131  2.3
26  Mo       1020 0326  1.0 1004  2.3 1603  1.0 2225  2.3
27  Tu       1020 0428  1.0 1055  2.3 1700  1.0 2314  2.3
28  We       1020 0521  0.9 1141  2.3 1746  0.9 9999  9.9
29  Th       1020 0000  2.3 0606  0.9 1223  2.3 1827  0.9
30  Fr       1020 0041  2.3 0645  0.9 1303  2.3 1903  0.9
31  Sa       1020 0121  2.4 0722  0.9 1339  2.4 1939  0.8
 1  Su       1120 0158  2.4 0758  0.9 1415  2.4 2014  0.8
 2  Mo       1120 0235  2.4 0835  0.9 1450  2.4 2050  0.8
 3  Tu       1120 0311  2.4 0913  0.9 1525  2.3 2129  0.9
 4  We       1120 0348  2.4 0952  1.0 1601  2.3 2209  0.9
 5  Th       1120 0426  2.3 1035  1.0 1640  2.3 2253  0.9
 6  Fr       1120 0510  2.3 1120  1.0 1725  2.2 2340  1.0
 7  Sa       1120 0600  2.2 1208  1.0 1820  2.2 9999  9.9
 8  Su       1120 0031  1.0 0701  2.2 1300  1.0 1925  2.2
 9  Mo       1120 0126  1.0 0806  2.2 1358  1.0 2031  2.2
10  Tu       1120 0226  0.9 0907  2.3 1500  1.0 2131  2.3
11  We       1120 0331  0.9 1003  2.4 1604  0.9 2228  2.4
12  Th       1120 0433  0.8 1057  2.5 1702  0.7 2323  2.5
13  Fr       1120 0530  0.7 1151  2.6 1755  0.6 9999  9.9
14  Sa       1120 0017  2.7 0622  0.6 1244  2.7 1845  0.5
15  Su       1120 0111  2.7 0711  0.5 1336  2.7 1934  0.4
16  Mo       1120 0203  2.8 0801  0.5 1426  2.8 2024  0.4
17  Tu       1120 0253  2.8 0851  0.5 1515  2.7 2115  0.5
18  We       1120 0343  2.8 0944  0.6 1605  2.7 2208  0.5
19  Th       1120 0434  2.7 1039  0.7 1656  2.5 2304  0.6
20  Fr       1120 0528  2.5 1135  0.8 1752  2.4 9999  9.9
21  Sa       1120 0000  0.8 0628  2.4 1232  0.9 1855  2.3
22  Su       1120 0056  0.9 0735  2.3 1330  1.0 2002  2.2
23  Mo       1120 0155  1.0 0840  2.2 1430  1.1 2106  2.2
24  Tu       1120 0258  1.0 0939  2.2 1534  1.1 2201  2.2
25  We       1120 0401  1.1 1029  2.2 1632  1.1 2248  2.2
26  Th       1120 0456  1.0 1112  2.2 1719  1.0 2331  2.2
27  Fr       1120 0541  1.0 1151  2.2 1759  1.0 9999  9.9
28  Sa       1120 0010  2.3 0618  1.0 1228  2.3 1834  0.9
29  Su       1120 0048  2.3 0653  0.9 1304  2.3 1907  0.9
30  Mo       1120 0125  2.4 0727  0.9 1340  2.3 1941  0.8
 1  Tu       1220 0203  2.4 0803  0.9 1417  2.4 2017  0.8
 2  We       1220 0241  2.4 0840  0.9 1455  2.4 2056  0.8
 3  Th       1220 0320  2.5 0920  0.9 1534  2.4 2139  0.8
 4  Fr       1220 0401  2.4 1005  0.9 1616  2.4 2225  0.8
 5  Sa       1220 0444  2.4 1052  0.9 1702  2.3 2314  0.9
 6  Su       1220 0534  2.3 1142  0.9 1755  2.3 9999  9.9
 7  Mo       1220 0007  0.9 0632  2.3 1236  1.0 1859  2.3
 8  Tu       1220 0102  0.9 0738  2.3 1333  0.9 2007  2.3
 9  We       1220 0202  0.9 0842  2.3 1435  0.9 2110  2.4
10  Th       1220 0307  0.9 0942  2.4 1539  0.8 2209  2.5
11  Fr       1220 0412  0.8 1037  2.5 1641  0.7 2305  2.6
12  Sa       1220 0511  0.7 1131  2.6 1736  0.6 9999  9.9
13  Su       1220 0000  2.6 0605  0.6 1225  2.6 1828  0.5
14  Mo       1220 0054  2.7 0655  0.5 1317  2.7 1917  0.4
15  Tu       1220 0146  2.8 0744  0.5 1408  2.7 2006  0.4
16  We       1220 0236  2.8 0833  0.5 1457  2.7 2056  0.5
17  Th       1220 0325  2.7 0925  0.6 1545  2.6 2148  0.6
18  Fr       1220 0414  2.7 1018  0.7 1634  2.5 2241  0.7
19  Sa       1220 0504  2.5 1112  0.8 1726  2.4 2336  0.8
20  Su       1220 0600  2.4 1206  0.9 1824  2.3 9999  9.9
21  Mo       1220 0031  0.9 0702  2.3 1301  1.0 1929  2.2
22  Tu       1220 0127  1.0 0807  2.2 1358  1.1 2034  2.1
23  We       1220 0225  1.1 0906  2.1 1457  1.2 2130  2.1
24  Th       1220 0327  1.2 0956  2.1 1555  1.2 2217  2.1
25  Fr       1220 0423  1.2 1037  2.1 1645  1.1 2257  2.1
26  Sa       1220 0509  1.1 1114  2.1 1725  1.1 2335  2.2
27  Su       1220 0547  1.1 1149  2.2 1800  1.0 9999  9.9
28  Mo       1220 0012  2.3 0622  1.0 1227  2.3 1835  0.9
29  Tu       1220 0051  2.4 0656  0.9 1306  2.3 1910  0.8
30  We       1220 0132  2.4 0732  0.8 1347  2.4 1948  0.7
31  Th       1220 0213  2.5 0811  0.8 1428  2.5 2028  0.7
