070Auckland
Based on data from  1-Jan-2006
Local Std Time, tidal heights in metres.
 1  Mo        118 0612  3.3 1212  0.6 1834  3.3 9999  9.9
 2  Tu        118 0039  0.3 0708  3.4 1308  0.4 1932  3.4
 3  We        118 0134  0.2 0802  3.6 1403  0.4 2028  3.4
 4  Th        118 0226  0.1 0855  3.6 1457  0.3 2122  3.5
 5  Fr        118 0318  0.1 0947  3.6 1551  0.3 2214  3.5
 6  Sa        118 0409  0.2 1039  3.6 1644  0.4 2306  3.4
 7  Su        118 0500  0.3 1130  3.5 1737  0.5 2358  3.3
 8  Mo        118 0553  0.5 1222  3.3 1830  0.6 9999  9.9
 9  Tu        118 0051  3.1 0647  0.7 1315  3.2 1924  0.7
10  We        118 0145  3.0 0744  0.8 1408  3.0 2018  0.8
11  Th        118 0242  2.9 0843  0.9 1501  2.9 2114  0.9
12  Fr        118 0341  2.8 0941  1.0 1555  2.9 2209  0.9
13  Sa        118 0438  2.8 1035  1.0 1649  2.8 2302  0.9
14  Su        118 0531  2.9 1126  1.0 1741  2.8 2352  0.9
15  Mo        118 0620  2.9 1213  1.0 1830  2.8 9999  9.9
16  Tu        118 0037  0.8 0705  3.0 1257  0.9 1916  2.9
17  We        118 0119  0.8 0747  3.1 1339  0.9 1959  2.9
18  Th        118 0157  0.7 0826  3.1 1419  0.8 2039  3.0
19  Fr        118 0235  0.7 0904  3.1 1459  0.8 2118  3.0
20  Sa        118 0312  0.7 0942  3.1 1539  0.7 2156  3.0
21  Su        118 0350  0.7 1020  3.1 1619  0.7 2234  3.0
22  Mo        118 0428  0.7 1100  3.1 1700  0.7 2314  3.0
23  Tu        118 0509  0.7 1141  3.1 1743  0.7 2357  3.0
24  We        118 0554  0.8 1225  3.1 1829  0.7 9999  9.9
25  Th        118 0044  3.0 0644  0.8 1314  3.1 1919  0.7
26  Fr        118 0137  2.9 0742  0.9 1407  3.0 2015  0.7
27  Sa        118 0238  3.0 0845  0.9 1505  3.0 2116  0.7
28  Su        118 0344  3.0 0949  0.8 1608  3.1 2219  0.6
29  Mo        118 0449  3.1 1052  0.7 1713  3.1 2321  0.5
30  Tu        118 0551  3.3 1153  0.6 1816  3.2 9999  9.9
31  We        118 0020  0.4 0649  3.4 1250  0.5 1915  3.3
 1  Th        218 0116  0.3 0744  3.5 1346  0.4 2011  3.4
 2  Fr        218 0209  0.2 0837  3.6 1440  0.4 2104  3.5
 3  Sa        218 0259  0.2 0928  3.6 1532  0.3 2155  3.5
 4  Su        218 0349  0.3 1017  3.6 1622  0.4 2244  3.4
 5  Mo        218 0438  0.4 1106  3.5 1711  0.5 2333  3.3
 6  Tu        218 0527  0.6 1155  3.3 1759  0.6 9999  9.9
 7  We        218 0021  3.2 0617  0.7 1243  3.2 1848  0.7
 8  Th        218 0112  3.0 0710  0.9 1332  3.0 1938  0.8
 9  Fr        218 0205  2.9 0805  1.0 1422  2.9 2032  0.9
10  Sa        218 0302  2.8 0902  1.1 1516  2.8 2128  1.0
11  Su        218 0400  2.8 0959  1.1 1611  2.7 2225  1.0
12  Mo        218 0456  2.8 1052  1.1 1706  2.7 2319  1.0
13  Tu        218 0547  2.9 1142  1.0 1759  2.8 9999  9.9
14  We        218 0007  0.9 0634  3.0 1228  1.0 1847  2.8
15  Th        218 0050  0.8 0717  3.0 1311  0.9 1932  2.9
16  Fr        218 0130  0.8 0757  3.1 1352  0.8 2013  3.0
17  Sa        218 0209  0.7 0836  3.2 1432  0.8 2052  3.1
18  Su        218 0247  0.7 0915  3.2 1512  0.7 2131  3.1
19  Mo        218 0325  0.6 0954  3.2 1553  0.6 2210  3.2
20  Tu        218 0405  0.6 1034  3.2 1634  0.6 2251  3.2
21  We        218 0447  0.7 1117  3.2 1717  0.6 2335  3.1
22  Th        218 0533  0.7 1202  3.2 1803  0.6 9999  9.9
23  Fr        218 0023  3.1 0624  0.8 1251  3.1 1854  0.7
24  Sa        218 0116  3.1 0721  0.9 1345  3.1 1951  0.7
25  Su        218 0217  3.0 0824  0.9 1445  3.0 2053  0.7
26  Mo        218 0324  3.1 0930  0.9 1550  3.1 2159  0.7
27  Tu        218 0430  3.1 1035  0.8 1657  3.1 2303  0.6
28  We        218 0533  3.3 1136  0.7 1800  3.2 9999  9.9
 1  Th        318 0003  0.5 0631  3.4 1234  0.6 1859  3.3
 2  Fr        318 0058  0.4 0725  3.5 1328  0.5 1954  3.4
 3  Sa        318 0150  0.3 0816  3.5 1420  0.4 2045  3.5
 4  Su        318 0239  0.3 0905  3.5 1509  0.4 2133  3.5
 5  Mo        318 0326  0.4 0953  3.5 1556  0.4 2220  3.4
 6  Tu        318 0412  0.5 1039  3.4 1641  0.5 2305  3.3
 7  We        318 0458  0.6 1124  3.3 1726  0.6 2350  3.2
 8  Th        318 0545  0.8 1209  3.1 1810  0.8 9999  9.9
 9  Fr        318 0037  3.0 0634  0.9 1255  3.0 1857  0.9
10  Sa        318 0126  2.9 0726  1.0 1342  2.9 1948  1.0
11  Su        318 0221  2.8 0822  1.1 1434  2.8 2044  1.1
12  Mo        318 0318  2.8 0919  1.1 1530  2.7 2144  1.1
13  Tu        318 0416  2.8 1014  1.1 1628  2.7 2241  1.1
14  We        318 0509  2.8 1106  1.1 1723  2.8 2332  1.0
15  Th        318 0557  2.9 1153  1.0 1814  2.8 9999  9.9
16  Fr        318 0017  0.9 0642  3.0 1238  0.9 1900  3.0
17  Sa        318 0059  0.8 0724  3.1 1321  0.8 1943  3.1
18  Su        318 0139  0.7 0804  3.2 1402  0.7 2024  3.2
19  Mo        318 0219  0.6 0845  3.3 1444  0.6 2105  3.3
20  Tu        318 0300  0.6 0927  3.3 1526  0.5 2147  3.3
21  We        318 0343  0.6 1010  3.3 1610  0.5 2230  3.3
22  Th        318 0427  0.6 1056  3.3 1655  0.5 2316  3.3
23  Fr        318 0516  0.7 1143  3.2 1743  0.6 9999  9.9
24  Sa        318 0006  3.2 0609  0.8 1235  3.2 1835  0.6
25  Su        318 0102  3.2 0707  0.8 1331  3.1 1933  0.7
26  Mo        318 0203  3.1 0811  0.9 1432  3.1 2037  0.8
27  Tu        318 0308  3.1 0916  0.9 1537  3.0 2143  0.8
28  We        318 0413  3.2 1020  0.8 1643  3.1 2247  0.7
29  Th        318 0514  3.2 1120  0.7 1745  3.2 2346  0.6
30  Fr        318 0610  3.3 1216  0.6 1842  3.3 9999  9.9
31  Sa        318 0040  0.5 0703  3.4 1308  0.5 1935  3.4
 1  Su        418 0129  0.5 0753  3.4 1358  0.5 2023  3.4
 2  Mo        418 0216  0.5 0841  3.4 1444  0.5 2109  3.4
 3  Tu        418 0301  0.5 0927  3.4 1528  0.5 2153  3.4
 4  We        418 0345  0.6 1010  3.3 1610  0.6 2236  3.3
 5  Th        418 0429  0.7 1053  3.2 1651  0.7 2318  3.2
 6  Fr        418 0513  0.8 1135  3.1 1733  0.8 9999  9.9
 7  Sa        418 0002  3.1 0559  0.9 1218  2.9 1817  0.9
 8  Su        418 0048  2.9 0649  1.0 1304  2.8 1905  1.0
 9  Mo        418 0140  2.9 0742  1.1 1353  2.8 1959  1.1
10  Tu        418 0235  2.8 0838  1.1 1447  2.7 2059  1.1
11  We        418 0331  2.8 0933  1.1 1545  2.7 2158  1.1
12  Th        418 0425  2.8 1025  1.1 1642  2.8 2252  1.1
13  Fr        418 0515  2.9 1115  1.0 1736  2.9 2340  1.0
14  Sa        418 0601  3.0 1201  0.9 1824  3.0 9999  9.9
15  Su        418 0024  0.8 0646  3.1 1247  0.7 1910  3.1
16  Mo        418 0108  0.7 0730  3.2 1331  0.6 1955  3.3
17  Tu        418 0151  0.6 0815  3.3 1416  0.5 2039  3.4
18  We        418 0235  0.6 0901  3.4 1501  0.4 2125  3.4
19  Th        418 0322  0.6 0948  3.4 1547  0.4 2211  3.4
20  Fr        418 0410  0.6 1037  3.4 1635  0.4 2301  3.4
21  Sa        418 0502  0.6 1128  3.3 1725  0.5 2353  3.3
22  Su        418 0557  0.7 1222  3.2 1819  0.6 9999  9.9
23  Mo        418 0050  3.3 0657  0.8 1319  3.1 1918  0.7
24  Tu        418 0151  3.2 0800  0.8 1420  3.1 2022  0.8
25  We        418 0253  3.2 0903  0.8 1524  3.1 2128  0.8
26  Th        418 0355  3.2 1004  0.8 1628  3.1 2230  0.8
27  Fr        418 0453  3.2 1102  0.7 1728  3.2 2327  0.7
28  Sa        418 0548  3.3 1156  0.7 1823  3.2 9999  9.9
29  Su        418 0019  0.7 0640  3.3 1246  0.6 1913  3.3
30  Mo        418 0107  0.6 0728  3.3 1333  0.6 2000  3.3
 1  Tu        518 0152  0.6 0815  3.3 1417  0.6 2044  3.3
 2  We        518 0236  0.7 0859  3.2 1459  0.6 2127  3.3
 3  Th        518 0318  0.7 0941  3.2 1539  0.7 2207  3.2
 4  Fr        518 0400  0.8 1023  3.1 1618  0.7 2248  3.2
 5  Sa        518 0443  0.9 1103  3.0 1658  0.8 2330  3.1
 6  Su        518 0528  1.0 1145  2.9 1740  0.9 9999  9.9
 7  Mo        518 0014  3.0 0615  1.0 1228  2.8 1826  1.0
 8  Tu        518 0101  2.9 0705  1.1 1315  2.8 1917  1.1
 9  We        518 0153  2.9 0757  1.1 1406  2.7 2014  1.1
10  Th        518 0246  2.8 0850  1.1 1502  2.7 2112  1.1
11  Fr        518 0338  2.9 0943  1.0 1559  2.8 2208  1.1
12  Sa        518 0429  2.9 1034  0.9 1655  2.9 2300  1.0
13  Su        518 0519  3.0 1124  0.8 1748  3.0 2349  0.8
14  Mo        518 0608  3.1 1213  0.7 1838  3.2 9999  9.9
15  Tu        518 0036  0.7 0657  3.2 1301  0.5 1926  3.3
16  We        518 0124  0.6 0746  3.3 1349  0.4 2015  3.4
17  Th        518 0212  0.5 0837  3.4 1438  0.3 2104  3.5
18  Fr        518 0302  0.5 0928  3.4 1527  0.3 2154  3.5
19  Sa        518 0354  0.5 1021  3.4 1617  0.3 2246  3.5
20  Su        518 0449  0.6 1114  3.3 1709  0.4 2340  3.4
21  Mo        518 0546  0.6 1209  3.3 1804  0.6 9999  9.9
22  Tu        518 0037  3.4 0645  0.7 1306  3.2 1904  0.7
23  We        518 0135  3.3 0746  0.7 1406  3.1 2006  0.8
24  Th        518 0235  3.2 0846  0.8 1508  3.1 2110  0.8
25  Fr        518 0334  3.2 0945  0.8 1609  3.1 2210  0.8
26  Sa        518 0430  3.2 1041  0.7 1707  3.1 2306  0.8
27  Su        518 0524  3.2 1133  0.7 1801  3.2 2356  0.8
28  Mo        518 0614  3.1 1222  0.7 1850  3.2 9999  9.9
29  Tu        518 0043  0.8 0703  3.1 1308  0.7 1936  3.2
30  We        518 0128  0.8 0748  3.1 1351  0.7 2019  3.2
31  Th        518 0210  0.8 0832  3.1 1431  0.7 2100  3.2
 1  Fr        618 0252  0.8 0914  3.1 1510  0.7 2140  3.2
 2  Sa        618 0333  0.8 0954  3.0 1549  0.8 2220  3.1
 3  Su        618 0415  0.9 1034  3.0 1628  0.8 2300  3.1
 4  Mo        618 0459  0.9 1114  2.9 1708  0.9 2342  3.0
 5  Tu        618 0543  1.0 1156  2.9 1751  1.0 9999  9.9
 6  We        618 0026  3.0 0630  1.0 1240  2.8 1839  1.0
 7  Th        618 0113  2.9 0718  1.0 1328  2.8 1931  1.1
 8  Fr        618 0202  2.9 0809  1.0 1421  2.8 2028  1.1
 9  Sa        618 0253  2.9 0901  0.9 1517  2.8 2125  1.0
10  Su        618 0345  3.0 0954  0.9 1615  2.9 2221  1.0
11  Mo        618 0439  3.0 1048  0.7 1713  3.0 2315  0.8
12  Tu        618 0532  3.1 1141  0.6 1808  3.2 9999  9.9
13  We        618 0007  0.7 0627  3.2 1233  0.5 1901  3.4
14  Th        618 0059  0.6 0721  3.3 1325  0.3 1953  3.5
15  Fr        618 0152  0.5 0816  3.4 1417  0.3 2044  3.6
16  Sa        618 0245  0.5 0910  3.5 1508  0.2 2137  3.6
17  Su        618 0339  0.4 1004  3.4 1600  0.3 2230  3.6
18  Mo        618 0434  0.5 1058  3.4 1653  0.4 2324  3.5
19  Tu        618 0531  0.5 1153  3.3 1748  0.5 9999  9.9
20  We        618 0019  3.4 0628  0.6 1249  3.2 1845  0.6
21  Th        618 0116  3.3 0726  0.7 1346  3.1 1946  0.8
22  Fr        618 0212  3.2 0823  0.7 1445  3.1 2047  0.8
23  Sa        618 0308  3.1 0920  0.8 1545  3.0 2146  0.9
24  Su        618 0403  3.1 1016  0.8 1642  3.0 2241  0.9
25  Mo        618 0456  3.0 1108  0.8 1736  3.1 2332  0.9
26  Tu        618 0548  3.0 1157  0.8 1826  3.1 9999  9.9
27  We        618 0019  0.9 0636  3.0 1243  0.7 1912  3.1
28  Th        618 0104  0.9 0723  3.0 1326  0.7 1954  3.2
29  Fr        618 0146  0.9 0807  3.0 1406  0.7 2035  3.2
30  Sa        618 0228  0.8 0848  3.0 1444  0.7 2115  3.2
 1  Su        718 0308  0.8 0928  3.0 1522  0.7 2153  3.1
 2  Mo        718 0349  0.9 1007  3.0 1600  0.8 2232  3.1
 3  Tu        718 0430  0.9 1046  2.9 1639  0.8 2312  3.1
 4  We        718 0512  0.9 1126  2.9 1720  0.9 2354  3.0
 5  Th        718 0556  0.9 1208  2.9 1804  0.9 9999  9.9
 6  Fr        718 0037  3.0 0641  0.9 1253  2.8 1853  1.0
 7  Sa        718 0124  3.0 0730  0.9 1344  2.8 1948  1.0
 8  Su        718 0214  3.0 0822  0.9 1440  2.9 2047  1.0
 9  Mo        718 0307  3.0 0918  0.8 1541  2.9 2147  0.9
10  Tu        718 0404  3.0 1016  0.7 1642  3.1 2245  0.8
11  We        718 0503  3.1 1113  0.6 1742  3.2 2342  0.7
12  Th        718 0603  3.2 1210  0.4 1838  3.4 9999  9.9
13  Fr        718 0038  0.6 0701  3.3 1305  0.3 1933  3.5
14  Sa        718 0133  0.5 0758  3.4 1358  0.2 2026  3.6
15  Su        718 0228  0.4 0853  3.5 1450  0.2 2119  3.6
16  Mo        718 0323  0.4 0947  3.5 1542  0.2 2212  3.6
17  Tu        718 0417  0.4 1040  3.4 1634  0.3 2304  3.5
18  We        718 0511  0.4 1133  3.4 1727  0.4 2357  3.4
19  Th        718 0605  0.5 1226  3.2 1822  0.6 9999  9.9
20  Fr        718 0051  3.3 0659  0.6 1321  3.1 1920  0.8
21  Sa        718 0144  3.2 0754  0.7 1418  3.0 2019  0.9
22  Su        718 0238  3.0 0850  0.8 1516  2.9 2118  0.9
23  Mo        718 0333  3.0 0946  0.8 1614  2.9 2214  1.0
24  Tu        718 0427  2.9 1040  0.9 1709  2.9 2306  1.0
25  We        718 0520  2.9 1131  0.8 1759  3.0 2354  0.9
26  Th        718 0610  2.9 1218  0.8 1846  3.0 9999  9.9
27  Fr        718 0039  0.9 0658  2.9 1302  0.8 1929  3.1
28  Sa        718 0122  0.9 0742  2.9 1342  0.7 2009  3.1
29  Su        718 0203  0.8 0824  3.0 1420  0.7 2048  3.1
30  Mo        718 0243  0.8 0903  3.0 1457  0.7 2126  3.1
31  Tu        718 0323  0.8 0941  3.0 1534  0.7 2204  3.1
 1  We        818 0402  0.8 1019  3.0 1612  0.7 2243  3.1
 2  Th        818 0442  0.8 1057  3.0 1652  0.8 2323  3.1
 3  Fr        818 0524  0.8 1138  3.0 1734  0.8 9999  9.9
 4  Sa        818 0006  3.0 0608  0.8 1223  2.9 1822  0.9
 5  Su        818 0051  3.0 0655  0.8 1313  2.9 1916  0.9
 6  Mo        818 0142  3.0 0748  0.8 1410  2.9 2016  0.9
 7  Tu        818 0237  3.0 0847  0.7 1513  2.9 2119  0.9
 8  We        818 0337  3.0 0949  0.7 1618  3.0 2222  0.8
 9  Th        818 0441  3.1 1051  0.6 1720  3.2 2322  0.7
10  Fr        818 0544  3.2 1151  0.4 1819  3.4 9999  9.9
11  Sa        818 0020  0.5 0644  3.3 1247  0.3 1914  3.5
12  Su        818 0116  0.4 0742  3.4 1340  0.2 2007  3.6
13  Mo        818 0211  0.3 0836  3.5 1432  0.2 2059  3.6
14  Tu        818 0304  0.3 0928  3.5 1522  0.2 2151  3.6
15  We        818 0355  0.3 1019  3.5 1613  0.3 2241  3.5
16  Th        818 0446  0.4 1109  3.4 1703  0.4 2331  3.4
17  Fr        818 0536  0.5 1159  3.2 1755  0.6 9999  9.9
18  Sa        818 0022  3.2 0626  0.6 1251  3.1 1849  0.8
19  Su        818 0112  3.1 0718  0.7 1345  3.0 1946  0.9
20  Mo        818 0205  2.9 0813  0.8 1443  2.9 2045  1.0
21  Tu        818 0259  2.8 0911  0.9 1541  2.8 2142  1.0
22  We        818 0354  2.8 1009  0.9 1638  2.8 2236  1.0
23  Th        818 0450  2.7 1103  0.9 1730  2.9 2327  1.0
24  Fr        818 0543  2.8 1152  0.9 1817  2.9 9999  9.9
25  Sa        818 0013  0.9 0632  2.8 1236  0.8 1901  3.0
26  Su        818 0056  0.8 0717  2.9 1316  0.7 1941  3.1
27  Mo        818 0137  0.8 0758  3.0 1354  0.7 2020  3.1
28  Tu        818 0216  0.7 0836  3.0 1431  0.6 2058  3.1
29  We        818 0255  0.7 0914  3.1 1508  0.6 2136  3.1
30  Th        818 0334  0.6 0952  3.1 1546  0.6 2214  3.1
31  Fr        818 0414  0.6 1031  3.1 1626  0.7 2255  3.1
 1  Sa        918 0455  0.6 1112  3.0 1709  0.7 2338  3.1
 2  Su        918 0539  0.6 1158  3.0 1757  0.8 9999  9.9
 3  Mo        918 0025  3.0 0627  0.7 1248  3.0 1852  0.8
 4  Tu        918 0117  3.0 0721  0.7 1347  2.9 1954  0.9
 5  We        918 0215  3.0 0822  0.7 1452  3.0 2059  0.8
 6  Th        918 0319  3.0 0928  0.7 1558  3.0 2204  0.8
 7  Fr        918 0425  3.0 1033  0.6 1701  3.2 2306  0.6
 8  Sa        918 0529  3.1 1134  0.5 1800  3.3 9999  9.9
 9  Su        918 0004  0.5 0629  3.3 1230  0.3 1855  3.4
10  Mo        918 0100  0.4 0725  3.4 1323  0.2 1948  3.5
11  Tu        918 0152  0.3 0818  3.5 1413  0.2 2038  3.6
12  We        918 0243  0.2 0907  3.5 1501  0.2 2127  3.5
13  Th        918 0331  0.3 0955  3.5 1549  0.3 2216  3.4
14  Fr        918 0418  0.3 1043  3.4 1637  0.5 2303  3.3
15  Sa        918 0504  0.5 1130  3.2 1725  0.6 2350  3.1
16  Su        918 0551  0.6 1218  3.1 1816  0.8 9999  9.9
17  Mo        918 0038  3.0 0639  0.8 1309  2.9 1910  0.9
18  Tu        918 0128  2.8 0732  0.9 1405  2.8 2007  1.0
19  We        918 0221  2.7 0830  1.0 1504  2.8 2106  1.0
20  Th        918 0318  2.7 0931  1.0 1601  2.8 2202  1.0
21  Fr        918 0416  2.7 1029  1.0 1655  2.8 2254  1.0
22  Sa        918 0511  2.7 1121  0.9 1744  2.9 2342  0.9
23  Su        918 0602  2.8 1206  0.8 1828  3.0 9999  9.9
24  Mo        918 0026  0.8 0647  2.9 1247  0.8 1909  3.0
25  Tu        918 0107  0.7 0729  3.0 1325  0.7 1949  3.1
26  We        918 0147  0.6 0808  3.1 1403  0.6 2028  3.1
27  Th        918 0226  0.6 0847  3.1 1442  0.6 2107  3.2
28  Fr        918 0306  0.5 0926  3.2 1522  0.6 2148  3.2
29  Sa        918 0347  0.5 1007  3.2 1604  0.6 2231  3.2
30  Su        918 0430  0.5 1051  3.2 1649  0.6 2317  3.1
 1  Mo       1018 0515  0.5 1138  3.1 1740  0.7 9999  9.9
 2  Tu       1018 0006  3.1 0605  0.6 1231  3.1 1836  0.8
 3  We       1018 0100  3.0 0701  0.6 1330  3.0 1938  0.8
 4  Th       1018 0200  2.9 0803  0.7 1435  3.0 2044  0.8
 5  Fr       1018 0305  2.9 0911  0.7 1541  3.1 2149  0.7
 6  Sa       1018 0411  3.0 1016  0.6 1643  3.2 2250  0.6
 7  Su       1018 0515  3.1 1117  0.5 1741  3.3 2348  0.5
 8  Mo       1018 0614  3.2 1213  0.4 1835  3.4 9999  9.9
 9  Tu       1018 0042  0.4 0708  3.3 1304  0.3 1927  3.4
10  We       1018 0132  0.3 0758  3.4 1353  0.3 2016  3.4
11  Th       1018 0220  0.3 0846  3.4 1439  0.3 2103  3.4
12  Fr       1018 0306  0.3 0931  3.4 1525  0.4 2149  3.3
13  Sa       1018 0350  0.4 1016  3.3 1610  0.5 2234  3.2
14  Su       1018 0433  0.5 1100  3.2 1656  0.7 2318  3.0
15  Mo       1018 0516  0.6 1145  3.1 1743  0.8 9999  9.9
16  Tu       1018 0003  2.9 0600  0.8 1233  2.9 1834  0.9
17  We       1018 0050  2.8 0650  0.9 1325  2.8 1928  1.0
18  Th       1018 0141  2.7 0745  1.0 1422  2.7 2025  1.0
19  Fr       1018 0237  2.6 0846  1.1 1519  2.7 2122  1.0
20  Sa       1018 0335  2.6 0947  1.0 1613  2.8 2215  1.0
21  Su       1018 0433  2.7 1042  1.0 1703  2.8 2304  0.9
22  Mo       1018 0526  2.7 1130  0.9 1749  2.9 2350  0.8
23  Tu       1018 0613  2.9 1213  0.8 1832  3.0 9999  9.9
24  We       1018 0033  0.7 0657  3.0 1254  0.7 1915  3.1
25  Th       1018 0115  0.6 0739  3.1 1335  0.6 1957  3.2
26  Fr       1018 0157  0.5 0821  3.2 1416  0.5 2040  3.2
27  Sa       1018 0240  0.4 0903  3.3 1500  0.5 2124  3.2
28  Su       1018 0324  0.3 0947  3.3 1545  0.5 2211  3.2
29  Mo       1018 0409  0.4 1034  3.3 1634  0.6 2300  3.2
30  Tu       1018 0456  0.4 1123  3.2 1727  0.6 2351  3.1
31  We       1018 0548  0.5 1218  3.2 1824  0.7 9999  9.9
 1  Th       1118 0047  3.0 0645  0.6 1317  3.1 1926  0.7
 2  Fr       1118 0147  3.0 0747  0.7 1420  3.1 2030  0.7
 3  Sa       1118 0251  2.9 0854  0.7 1523  3.1 2133  0.7
 4  Su       1118 0356  3.0 0959  0.7 1623  3.1 2233  0.6
 5  Mo       1118 0459  3.1 1059  0.6 1720  3.2 2329  0.5
 6  Tu       1118 0556  3.2 1154  0.5 1814  3.2 9999  9.9
 7  We       1118 0022  0.4 0649  3.3 1244  0.5 1905  3.3
 8  Th       1118 0111  0.4 0738  3.3 1332  0.5 1953  3.3
 9  Fr       1118 0157  0.4 0824  3.4 1417  0.5 2039  3.2
10  Sa       1118 0241  0.4 0908  3.3 1501  0.5 2124  3.2
11  Su       1118 0322  0.5 0950  3.3 1544  0.6 2207  3.1
12  Mo       1118 0403  0.5 1032  3.2 1628  0.7 2249  3.0
13  Tu       1118 0443  0.6 1115  3.1 1713  0.8 2331  2.9
14  We       1118 0525  0.8 1159  2.9 1800  0.9 9999  9.9
15  Th       1118 0015  2.8 0610  0.9 1247  2.9 1850  1.0
16  Fr       1118 0101  2.7 0701  1.0 1338  2.8 1942  1.0
17  Sa       1118 0152  2.6 0758  1.1 1431  2.7 2036  1.0
18  Su       1118 0248  2.6 0858  1.1 1525  2.8 2130  1.0
19  Mo       1118 0346  2.6 0955  1.0 1616  2.8 2221  0.9
20  Tu       1118 0442  2.7 1047  1.0 1705  2.9 2310  0.8
21  We       1118 0534  2.8 1135  0.9 1753  3.0 2357  0.7
22  Th       1118 0623  3.0 1221  0.7 1840  3.1 9999  9.9
23  Fr       1118 0044  0.5 0709  3.1 1306  0.6 1927  3.2
24  Sa       1118 0130  0.4 0755  3.3 1352  0.5 2015  3.2
25  Su       1118 0216  0.3 0841  3.4 1440  0.5 2104  3.3
26  Mo       1118 0303  0.2 0929  3.4 1529  0.5 2154  3.3
27  Tu       1118 0351  0.3 1018  3.4 1621  0.5 2245  3.3
28  We       1118 0441  0.3 1110  3.4 1715  0.5 2338  3.2
29  Th       1118 0533  0.4 1205  3.3 1812  0.6 9999  9.9
30  Fr       1118 0034  3.1 0630  0.5 1302  3.2 1911  0.6
 1  Sa       1218 0132  3.0 0731  0.6 1402  3.2 2012  0.7
 2  Su       1218 0234  3.0 0835  0.7 1502  3.1 2113  0.7
 3  Mo       1218 0337  3.0 0939  0.7 1600  3.1 2212  0.6
 4  Tu       1218 0439  3.0 1039  0.7 1657  3.1 2308  0.6
 5  We       1218 0536  3.1 1133  0.7 1751  3.1 9999  9.9
 6  Th       1218 0000  0.6 0629  3.2 1223  0.7 1842  3.1
 7  Fr       1218 0049  0.5 0717  3.2 1310  0.6 1930  3.1
 8  Sa       1218 0134  0.5 0802  3.2 1355  0.6 2016  3.1
 9  Su       1218 0217  0.5 0845  3.2 1438  0.7 2100  3.0
10  Mo       1218 0257  0.5 0926  3.2 1520  0.7 2141  3.0
11  Tu       1218 0336  0.6 1007  3.1 1602  0.7 2222  2.9
12  We       1218 0415  0.7 1047  3.1 1645  0.8 2301  2.9
13  Th       1218 0454  0.8 1128  3.0 1728  0.9 2342  2.8
14  Fr       1218 0536  0.8 1211  2.9 1813  0.9 9999  9.9
15  Sa       1218 0024  2.8 0621  0.9 1256  2.9 1900  0.9
16  Su       1218 0110  2.7 0712  1.0 1344  2.8 1950  1.0
17  Mo       1218 0201  2.7 0807  1.1 1434  2.8 2041  0.9
18  Tu       1218 0257  2.7 0905  1.1 1526  2.8 2134  0.9
19  We       1218 0356  2.7 1002  1.0 1619  2.9 2228  0.8
20  Th       1218 0453  2.8 1056  0.9 1712  2.9 2321  0.7
21  Fr       1218 0548  3.0 1148  0.8 1806  3.0 9999  9.9
22  Sa       1218 0013  0.5 0641  3.2 1239  0.7 1900  3.2
23  Su       1218 0104  0.4 0731  3.3 1330  0.5 1953  3.3
24  Mo       1218 0154  0.3 0822  3.5 1421  0.4 2046  3.3
25  Tu       1218 0244  0.2 0912  3.5 1514  0.4 2138  3.4
26  We       1218 0334  0.2 1003  3.5 1607  0.4 2231  3.4
27  Th       1218 0425  0.2 1055  3.5 1701  0.4 2323  3.3
28  Fr       1218 0518  0.4 1149  3.4 1756  0.5 9999  9.9
29  Sa       1218 0017  3.2 0613  0.5 1244  3.3 1852  0.5
30  Su       1218 0114  3.1 0712  0.6 1340  3.2 1950  0.6
31  Mo       1218 0213  3.0 0813  0.7 1437  3.1 2048  0.7
