071Wellington
Based on data from  1-Jul-2006
Local Std Time, tidal heights in metres.
 1  Mo        118 0319  1.8 0934  0.5 1553  1.7 2201  0.5
 2  Tu        118 0418  1.8 1037  0.5 1654  1.7 2303  0.5
 3  We        118 0517  1.9 1141  0.5 1754  1.7 9999  9.9
 4  Th        118 0003  0.5 0615  1.9 1244  0.5 1852  1.7
 5  Fr        118 0103  0.4 0714  1.9 1344  0.4 1949  1.8
 6  Sa        118 0201  0.4 0811  1.9 1441  0.4 2044  1.8
 7  Su        118 0258  0.4 0908  1.8 1536  0.4 2139  1.7
 8  Mo        118 0355  0.5 1004  1.8 1629  0.5 2233  1.7
 9  Tu        118 0450  0.5 1059  1.7 1719  0.5 2326  1.7
10  We        118 0544  0.5 1151  1.7 1807  0.6 9999  9.9
11  Th        118 0019  1.7 0636  0.6 1242  1.6 1854  0.6
12  Fr        118 0110  1.6 0725  0.6 1331  1.6 1939  0.7
13  Sa        118 0159  1.6 0813  0.7 1418  1.5 2024  0.7
14  Su        118 0246  1.6 0900  0.7 1505  1.5 2109  0.7
15  Mo        118 0331  1.6 0947  0.7 1553  1.5 2154  0.7
16  Tu        118 0415  1.5 1036  0.7 1640  1.4 2241  0.7
17  We        118 0459  1.5 1125  0.7 1727  1.4 2328  0.8
18  Th        118 0544  1.5 1215  0.7 1814  1.5 9999  9.9
19  Fr        118 0015  0.8 0629  1.5 1304  0.7 1859  1.5
20  Sa        118 0101  0.7 0714  1.5 1351  0.7 1943  1.5
21  Su        118 0147  0.7 0800  1.5 1435  0.7 2026  1.5
22  Mo        118 0232  0.7 0845  1.6 1517  0.7 2108  1.5
23  Tu        118 0317  0.7 0930  1.6 1557  0.7 2152  1.6
24  We        118 0402  0.7 1015  1.6 1638  0.6 2236  1.6
25  Th        118 0449  0.6 1101  1.6 1719  0.6 2323  1.6
26  Fr        118 0536  0.6 1149  1.6 1804  0.6 9999  9.9
27  Sa        118 0013  1.7 0626  0.6 1239  1.6 1851  0.5
28  Su        118 0105  1.7 0718  0.5 1333  1.7 1943  0.5
29  Mo        118 0201  1.8 0813  0.5 1430  1.7 2039  0.5
30  Tu        118 0257  1.8 0912  0.5 1530  1.7 2138  0.5
31  We        118 0355  1.8 1014  0.5 1630  1.7 2239  0.5
 1  Th        218 0454  1.8 1117  0.5 1730  1.7 2340  0.5
 2  Fr        218 0553  1.8 1220  0.5 1828  1.7 9999  9.9
 3  Sa        218 0040  0.5 0651  1.8 1320  0.5 1925  1.7
 4  Su        218 0139  0.5 0749  1.8 1418  0.5 2021  1.7
 5  Mo        218 0237  0.5 0846  1.8 1513  0.5 2115  1.7
 6  Tu        218 0334  0.5 0942  1.7 1605  0.5 2209  1.7
 7  We        218 0429  0.5 1035  1.7 1654  0.6 2302  1.7
 8  Th        218 0521  0.6 1126  1.6 1740  0.6 2352  1.6
 9  Fr        218 0610  0.6 1214  1.6 1825  0.6 9999  9.9
10  Sa        218 0041  1.6 0656  0.6 1300  1.5 1907  0.7
11  Su        218 0126  1.6 0740  0.7 1344  1.5 1949  0.7
12  Mo        218 0210  1.6 0822  0.7 1429  1.5 2030  0.7
13  Tu        218 0253  1.6 0906  0.7 1514  1.5 2113  0.7
14  We        218 0335  1.5 0952  0.7 1600  1.5 2159  0.7
15  Th        218 0419  1.5 1041  0.7 1648  1.5 2246  0.7
16  Fr        218 0504  1.5 1132  0.7 1735  1.5 2335  0.7
17  Sa        218 0552  1.5 1224  0.7 1822  1.5 9999  9.9
18  Su        218 0025  0.7 0640  1.5 1314  0.7 1908  1.5
19  Mo        218 0115  0.7 0729  1.5 1401  0.7 1954  1.5
20  Tu        218 0205  0.7 0818  1.6 1446  0.7 2040  1.6
21  We        218 0254  0.7 0906  1.6 1530  0.7 2127  1.6
22  Th        218 0344  0.6 0955  1.6 1614  0.6 2215  1.7
23  Fr        218 0433  0.6 1043  1.6 1659  0.6 2304  1.7
24  Sa        218 0522  0.5 1132  1.7 1745  0.6 2355  1.7
25  Su        218 0612  0.5 1223  1.7 1834  0.5 9999  9.9
26  Mo        218 0048  1.8 0703  0.5 1316  1.7 1926  0.5
27  Tu        218 0143  1.8 0756  0.5 1412  1.7 2021  0.5
28  We        218 0239  1.8 0852  0.5 1510  1.7 2119  0.5
 1  Th        318 0335  1.8 0952  0.5 1609  1.7 2218  0.5
 2  Fr        318 0433  1.8 1053  0.5 1707  1.7 2318  0.5
 3  Sa        318 0531  1.8 1155  0.6 1805  1.7 9999  9.9
 4  Su        318 0018  0.5 0629  1.7 1255  0.6 1901  1.7
 5  Mo        318 0118  0.5 0727  1.7 1352  0.6 1956  1.7
 6  Tu        318 0216  0.5 0823  1.7 1446  0.6 2050  1.7
 7  We        318 0312  0.6 0917  1.6 1537  0.6 2142  1.7
 8  Th        318 0405  0.6 1008  1.6 1625  0.6 2233  1.6
 9  Fr        318 0455  0.6 1057  1.6 1709  0.6 2322  1.6
10  Sa        318 0541  0.6 1142  1.6 1752  0.7 9999  9.9
11  Su        318 0007  1.6 0623  0.6 1225  1.5 1832  0.7
12  Mo        318 0051  1.6 0704  0.7 1307  1.5 1912  0.7
13  Tu        318 0132  1.6 0744  0.7 1350  1.5 1952  0.7
14  We        318 0213  1.6 0825  0.7 1433  1.5 2034  0.7
15  Th        318 0255  1.6 0908  0.7 1519  1.5 2118  0.7
16  Fr        318 0339  1.5 0956  0.7 1607  1.5 2206  0.7
17  Sa        318 0426  1.5 1047  0.7 1656  1.5 2257  0.7
18  Su        318 0516  1.5 1141  0.7 1745  1.5 2351  0.7
19  Mo        318 0608  1.5 1234  0.7 1834  1.5 9999  9.9
20  Tu        318 0045  0.7 0701  1.6 1326  0.7 1924  1.6
21  We        318 0140  0.7 0753  1.6 1416  0.7 2014  1.6
22  Th        318 0234  0.6 0845  1.6 1504  0.6 2104  1.7
23  Fr        318 0327  0.6 0936  1.6 1552  0.6 2155  1.7
24  Sa        318 0418  0.5 1026  1.7 1640  0.6 2247  1.8
25  Su        318 0509  0.5 1117  1.7 1729  0.5 2340  1.8
26  Mo        318 0559  0.5 1208  1.7 1820  0.5 9999  9.9
27  Tu        318 0033  1.8 0650  0.5 1301  1.7 1912  0.5
28  We        318 0127  1.8 0742  0.5 1356  1.7 2007  0.5
29  Th        318 0222  1.8 0836  0.5 1452  1.7 2103  0.5
30  Fr        318 0318  1.8 0932  0.6 1549  1.7 2201  0.5
31  Sa        318 0414  1.7 1031  0.6 1646  1.7 2300  0.5
 1  Su        418 0511  1.7 1130  0.6 1742  1.7 2358  0.6
 2  Mo        418 0607  1.7 1228  0.6 1837  1.6 9999  9.9
 3  Tu        418 0056  0.6 0703  1.6 1324  0.6 1930  1.6
 4  We        418 0153  0.6 0757  1.6 1416  0.6 2022  1.6
 5  Th        418 0247  0.6 0849  1.6 1505  0.7 2112  1.6
 6  Fr        418 0338  0.6 0938  1.6 1551  0.7 2201  1.6
 7  Sa        418 0425  0.6 1024  1.5 1635  0.7 2247  1.6
 8  Su        418 0509  0.6 1108  1.5 1716  0.7 2331  1.6
 9  Mo        418 0550  0.6 1149  1.5 1756  0.7 9999  9.9
10  Tu        418 0013  1.6 0629  0.7 1230  1.5 1835  0.7
11  We        418 0053  1.6 0707  0.7 1311  1.5 1915  0.7
12  Th        418 0133  1.6 0746  0.7 1354  1.5 1957  0.7
13  Fr        418 0216  1.6 0828  0.7 1440  1.5 2041  0.7
14  Sa        418 0302  1.6 0915  0.7 1528  1.5 2130  0.7
15  Su        418 0351  1.6 1006  0.7 1619  1.5 2223  0.7
16  Mo        418 0444  1.6 1101  0.7 1711  1.6 2320  0.7
17  Tu        418 0539  1.6 1157  0.7 1803  1.6 9999  9.9
18  We        418 0019  0.6 0634  1.6 1252  0.6 1856  1.7
19  Th        418 0117  0.6 0729  1.6 1346  0.6 1949  1.7
20  Fr        418 0214  0.6 0823  1.6 1438  0.6 2042  1.7
21  Sa        418 0310  0.5 0916  1.7 1530  0.5 2136  1.8
22  Su        418 0403  0.5 1009  1.7 1622  0.5 2231  1.8
23  Mo        418 0455  0.5 1101  1.7 1714  0.5 2325  1.8
24  Tu        418 0547  0.5 1154  1.7 1807  0.5 9999  9.9
25  We        418 0019  1.8 0637  0.5 1247  1.7 1900  0.5
26  Th        418 0113  1.8 0728  0.5 1342  1.7 1955  0.5
27  Fr        418 0208  1.8 0821  0.5 1437  1.7 2050  0.5
28  Sa        418 0302  1.7 0915  0.6 1532  1.7 2146  0.6
29  Su        418 0356  1.7 1010  0.6 1627  1.6 2243  0.6
30  Mo        418 0451  1.6 1106  0.7 1720  1.6 2339  0.6
 1  Tu        518 0545  1.6 1200  0.7 1811  1.6 9999  9.9
 2  We        518 0034  0.6 0638  1.6 1253  0.7 1902  1.6
 3  Th        518 0129  0.7 0729  1.5 1342  0.7 1951  1.6
 4  Fr        518 0220  0.7 0818  1.5 1430  0.7 2039  1.6
 5  Sa        518 0309  0.7 0905  1.5 1514  0.7 2126  1.6
 6  Su        518 0354  0.7 0950  1.5 1557  0.7 2210  1.6
 7  Mo        518 0437  0.7 1032  1.5 1639  0.7 2253  1.6
 8  Tu        518 0517  0.7 1113  1.5 1719  0.7 2334  1.6
 9  We        518 0555  0.7 1153  1.5 1759  0.7 9999  9.9
10  Th        518 0015  1.6 0633  0.7 1235  1.5 1840  0.7
11  Fr        518 0056  1.6 0712  0.7 1318  1.5 1923  0.7
12  Sa        518 0140  1.6 0753  0.7 1404  1.5 2009  0.7
13  Su        518 0228  1.6 0840  0.7 1454  1.6 2059  0.6
14  Mo        518 0320  1.6 0931  0.7 1546  1.6 2154  0.6
15  Tu        518 0415  1.6 1026  0.6 1640  1.7 2253  0.6
16  We        518 0512  1.6 1124  0.6 1735  1.7 2354  0.6
17  Th        518 0609  1.6 1221  0.6 1830  1.8 9999  9.9
18  Fr        518 0055  0.5 0706  1.7 1318  0.5 1925  1.8
19  Sa        518 0154  0.5 0802  1.7 1413  0.5 2021  1.8
20  Su        518 0251  0.5 0856  1.7 1508  0.5 2117  1.8
21  Mo        518 0346  0.4 0950  1.7 1603  0.5 2213  1.8
22  Tu        518 0440  0.4 1044  1.7 1658  0.5 2309  1.8
23  We        518 0532  0.5 1138  1.7 1753  0.5 9999  9.9
24  Th        518 0005  1.8 0624  0.5 1233  1.7 1848  0.5
25  Fr        518 0059  1.7 0715  0.5 1328  1.7 1943  0.5
26  Sa        518 0153  1.7 0806  0.6 1422  1.7 2037  0.6
27  Su        518 0246  1.6 0857  0.6 1515  1.6 2131  0.6
28  Mo        518 0339  1.6 0949  0.7 1607  1.6 2225  0.6
29  Tu        518 0430  1.6 1041  0.7 1657  1.6 2318  0.7
30  We        518 0521  1.5 1131  0.7 1745  1.6 9999  9.9
31  Th        518 0010  0.7 0611  1.5 1220  0.7 1832  1.6
 1  Fr        618 0101  0.7 0700  1.5 1307  0.7 1919  1.6
 2  Sa        618 0151  0.7 0747  1.5 1353  0.7 2005  1.6
 3  Su        618 0238  0.7 0832  1.5 1437  0.7 2050  1.6
 4  Mo        618 0322  0.7 0915  1.5 1520  0.7 2133  1.6
 5  Tu        618 0404  0.7 0957  1.5 1602  0.7 2216  1.5
 6  We        618 0444  0.7 1038  1.5 1643  0.7 2258  1.5
 7  Th        618 0522  0.7 1119  1.5 1725  0.7 2340  1.6
 8  Fr        618 0600  0.7 1201  1.5 1808  0.7 9999  9.9
 9  Sa        618 0023  1.6 0640  0.7 1246  1.6 1853  0.7
10  Su        618 0109  1.6 0723  0.6 1333  1.6 1941  0.6
11  Mo        618 0159  1.6 0810  0.6 1425  1.6 2033  0.6
12  Tu        618 0252  1.6 0901  0.6 1518  1.7 2129  0.6
13  We        618 0349  1.6 0957  0.6 1614  1.7 2229  0.5
14  Th        618 0447  1.6 1056  0.5 1710  1.8 2331  0.5
15  Fr        618 0545  1.7 1155  0.5 1806  1.8 9999  9.9
16  Sa        618 0032  0.5 0643  1.7 1253  0.5 1903  1.9
17  Su        618 0133  0.5 0739  1.7 1350  0.5 2000  1.9
18  Mo        618 0231  0.4 0835  1.7 1447  0.5 2058  1.9
19  Tu        618 0327  0.4 0930  1.7 1544  0.5 2155  1.8
20  We        618 0422  0.4 1026  1.7 1641  0.5 2252  1.8
21  Th        618 0515  0.5 1121  1.7 1738  0.5 2348  1.8
22  Fr        618 0607  0.5 1217  1.7 1834  0.5 9999  9.9
23  Sa        618 0043  1.7 0658  0.6 1312  1.7 1928  0.6
24  Su        618 0136  1.6 0748  0.6 1405  1.6 2022  0.6
25  Mo        618 0228  1.6 0838  0.6 1456  1.6 2113  0.6
26  Tu        618 0318  1.5 0926  0.7 1545  1.6 2203  0.7
27  We        618 0407  1.5 1014  0.7 1632  1.6 2253  0.7
28  Th        618 0456  1.5 1101  0.7 1717  1.6 2343  0.7
29  Fr        618 0543  1.5 1147  0.7 1802  1.6 9999  9.9
30  Sa        618 0032  0.7 0629  1.5 1232  0.7 1846  1.6
 1  Su        718 0120  0.7 0715  1.5 1318  0.7 1931  1.6
 2  Mo        718 0206  0.7 0759  1.5 1402  0.7 2015  1.5
 3  Tu        718 0250  0.7 0841  1.5 1446  0.7 2059  1.5
 4  We        718 0332  0.7 0923  1.5 1529  0.7 2142  1.5
 5  Th        718 0413  0.7 1005  1.5 1612  0.7 2225  1.5
 6  Fr        718 0451  0.7 1047  1.5 1656  0.7 2309  1.5
 7  Sa        718 0530  0.7 1130  1.5 1740  0.7 2354  1.6
 8  Su        718 0611  0.6 1217  1.6 1827  0.6 9999  9.9
 9  Mo        718 0042  1.6 0655  0.6 1306  1.6 1917  0.6
10  Tu        718 0133  1.6 0744  0.6 1359  1.7 2010  0.6
11  We        718 0227  1.6 0836  0.6 1454  1.8 2106  0.5
12  Th        718 0325  1.7 0933  0.5 1550  1.8 2206  0.5
13  Fr        718 0424  1.7 1031  0.5 1647  1.8 2308  0.5
14  Sa        718 0523  1.7 1131  0.5 1744  1.9 9999  9.9
15  Su        718 0010  0.5 0620  1.7 1230  0.4 1842  1.9
16  Mo        718 0111  0.4 0717  1.7 1329  0.4 1940  1.9
17  Tu        718 0210  0.4 0814  1.8 1427  0.4 2038  1.8
18  We        718 0307  0.4 0909  1.8 1526  0.4 2136  1.8
19  Th        718 0402  0.5 1005  1.7 1623  0.5 2233  1.8
20  Fr        718 0455  0.5 1101  1.7 1720  0.5 2329  1.7
21  Sa        718 0547  0.5 1157  1.7 1816  0.5 9999  9.9
22  Su        718 0023  1.7 0637  0.6 1251  1.7 1909  0.6
23  Mo        718 0114  1.6 0725  0.6 1343  1.6 1959  0.6
24  Tu        718 0204  1.6 0813  0.7 1432  1.6 2048  0.7
25  We        718 0253  1.5 0859  0.7 1518  1.6 2135  0.7
26  Th        718 0340  1.5 0944  0.7 1603  1.6 2223  0.7
27  Fr        718 0427  1.5 1029  0.7 1646  1.6 2310  0.7
28  Sa        718 0513  1.5 1114  0.7 1730  1.6 2358  0.7
29  Su        718 0558  1.5 1159  0.7 1814  1.5 9999  9.9
30  Mo        718 0046  0.7 0643  1.5 1245  0.7 1858  1.5
31  Tu        718 0133  0.7 0726  1.5 1330  0.7 1943  1.5
 1  We        818 0218  0.7 0809  1.5 1415  0.7 2028  1.5
 2  Th        818 0301  0.7 0852  1.5 1501  0.7 2113  1.5
 3  Fr        818 0342  0.7 0935  1.5 1546  0.7 2158  1.5
 4  Sa        818 0422  0.7 1018  1.6 1631  0.7 2243  1.6
 5  Su        818 0503  0.7 1104  1.6 1718  0.6 2330  1.6
 6  Mo        818 0545  0.6 1152  1.6 1806  0.6 9999  9.9
 7  Tu        818 0018  1.6 0631  0.6 1243  1.7 1856  0.6
 8  We        818 0110  1.6 0721  0.6 1337  1.8 1949  0.5
 9  Th        818 0205  1.6 0814  0.5 1432  1.8 2045  0.5
10  Fr        818 0303  1.7 0911  0.5 1529  1.8 2145  0.5
11  Sa        818 0402  1.7 1010  0.5 1626  1.9 2246  0.5
12  Su        818 0501  1.7 1110  0.4 1724  1.9 2348  0.5
13  Mo        818 0559  1.7 1210  0.4 1822  1.9 9999  9.9
14  Tu        818 0049  0.5 0656  1.8 1309  0.4 1920  1.8
15  We        818 0148  0.5 0752  1.8 1408  0.4 2018  1.8
16  Th        818 0244  0.5 0848  1.8 1507  0.5 2115  1.8
17  Fr        818 0339  0.5 0943  1.7 1604  0.5 2211  1.7
18  Sa        818 0431  0.5 1038  1.7 1659  0.5 2305  1.7
19  Su        818 0521  0.6 1132  1.7 1752  0.6 2357  1.6
20  Mo        818 0610  0.6 1224  1.7 1842  0.6 9999  9.9
21  Tu        818 0047  1.6 0657  0.6 1314  1.6 1930  0.6
22  We        818 0134  1.5 0742  0.7 1401  1.6 2015  0.7
23  Th        818 0221  1.5 0826  0.7 1446  1.6 2100  0.7
24  Fr        818 0307  1.5 0910  0.7 1529  1.6 2146  0.7
25  Sa        818 0353  1.5 0954  0.7 1612  1.6 2233  0.7
26  Su        818 0439  1.5 1040  0.7 1656  1.5 2322  0.7
27  Mo        818 0525  1.5 1126  0.7 1741  1.5 9999  9.9
28  Tu        818 0011  0.7 0610  1.5 1213  0.7 1828  1.5
29  We        818 0059  0.7 0654  1.5 1301  0.7 1915  1.5
30  Th        818 0145  0.7 0738  1.5 1349  0.7 2002  1.5
31  Fr        818 0230  0.7 0823  1.5 1437  0.7 2048  1.5
 1  Sa        918 0312  0.7 0907  1.6 1525  0.7 2135  1.6
 2  Su        918 0355  0.7 0953  1.6 1612  0.6 2221  1.6
 3  Mo        918 0438  0.6 1041  1.7 1700  0.6 2309  1.6
 4  Tu        918 0523  0.6 1131  1.7 1748  0.6 2358  1.6
 5  We        918 0610  0.6 1223  1.7 1839  0.5 9999  9.9
 6  Th        918 0050  1.6 0701  0.5 1317  1.8 1931  0.5
 7  Fr        918 0145  1.7 0755  0.5 1412  1.8 2026  0.5
 8  Sa        918 0243  1.7 0852  0.5 1509  1.8 2124  0.5
 9  Su        918 0341  1.7 0951  0.5 1607  1.8 2225  0.5
10  Mo        918 0440  1.7 1051  0.5 1705  1.8 2326  0.5
11  Tu        918 0538  1.7 1151  0.5 1803  1.8 9999  9.9
12  We        918 0027  0.5 0635  1.7 1251  0.5 1901  1.8
13  Th        918 0125  0.5 0730  1.7 1350  0.5 1958  1.7
14  Fr        918 0220  0.5 0825  1.7 1447  0.5 2053  1.7
15  Sa        918 0313  0.5 0919  1.7 1542  0.5 2146  1.7
16  Su        918 0403  0.6 1012  1.7 1635  0.5 2238  1.6
17  Mo        918 0451  0.6 1103  1.7 1725  0.6 2326  1.6
18  Tu        918 0538  0.6 1153  1.6 1811  0.6 9999  9.9
19  We        918 0013  1.6 0622  0.7 1240  1.6 1855  0.6
20  Th        918 0058  1.5 0705  0.7 1324  1.6 1938  0.7
21  Fr        918 0143  1.5 0748  0.7 1408  1.6 2020  0.7
22  Sa        918 0229  1.5 0831  0.7 1451  1.5 2105  0.7
23  Su        918 0315  1.5 0916  0.7 1535  1.5 2152  0.7
24  Mo        918 0401  1.5 1003  0.7 1621  1.5 2242  0.7
25  Tu        918 0448  1.5 1052  0.7 1708  1.5 2332  0.7
26  We        918 0535  1.5 1142  0.7 1757  1.5 9999  9.9
27  Th        918 0023  0.7 0622  1.5 1234  0.7 1847  1.5
28  Fr        918 0111  0.7 0708  1.6 1325  0.7 1936  1.6
29  Sa        918 0158  0.7 0755  1.6 1415  0.6 2025  1.6
30  Su        918 0243  0.7 0842  1.6 1505  0.6 2113  1.6
 1  Mo       1018 0329  0.6 0931  1.7 1555  0.6 2201  1.6
 2  Tu       1018 0415  0.6 1021  1.7 1644  0.5 2250  1.6
 3  We       1018 0502  0.6 1112  1.8 1733  0.5 2340  1.7
 4  Th       1018 0552  0.5 1205  1.8 1823  0.5 9999  9.9
 5  Fr       1018 0032  1.7 0644  0.5 1259  1.8 1914  0.5
 6  Sa       1018 0127  1.7 0739  0.5 1354  1.8 2008  0.5
 7  Su       1018 0224  1.7 0836  0.5 1451  1.8 2105  0.5
 8  Mo       1018 0323  1.7 0935  0.5 1549  1.8 2205  0.5
 9  Tu       1018 0421  1.7 1035  0.5 1646  1.7 2305  0.6
10  We       1018 0518  1.7 1135  0.5 1744  1.7 9999  9.9
11  Th       1018 0004  0.6 0614  1.7 1234  0.5 1841  1.7
12  Fr       1018 0100  0.6 0708  1.7 1331  0.5 1936  1.7
13  Sa       1018 0154  0.6 0800  1.7 1426  0.5 2029  1.6
14  Su       1018 0244  0.6 0852  1.7 1519  0.6 2119  1.6
15  Mo       1018 0332  0.6 0942  1.7 1608  0.6 2207  1.6
16  Tu       1018 0418  0.6 1031  1.6 1654  0.6 2253  1.6
17  We       1018 0502  0.7 1117  1.6 1737  0.6 2336  1.5
18  Th       1018 0544  0.7 1201  1.6 1818  0.6 9999  9.9
19  Fr       1018 0019  1.5 0626  0.7 1244  1.6 1858  0.7
20  Sa       1018 0102  1.5 0707  0.7 1326  1.6 1939  0.7
21  Su       1018 0147  1.5 0750  0.7 1409  1.5 2022  0.7
22  Mo       1018 0233  1.5 0836  0.7 1455  1.5 2108  0.7
23  Tu       1018 0321  1.5 0924  0.7 1543  1.5 2158  0.7
24  We       1018 0410  1.5 1016  0.7 1634  1.5 2251  0.7
25  Th       1018 0459  1.5 1110  0.7 1726  1.5 2344  0.7
26  Fr       1018 0548  1.6 1205  0.7 1819  1.6 9999  9.9
27  Sa       1018 0036  0.7 0638  1.6 1300  0.6 1911  1.6
28  Su       1018 0126  0.6 0728  1.7 1354  0.6 2002  1.6
29  Mo       1018 0215  0.6 0819  1.7 1446  0.5 2052  1.6
30  Tu       1018 0304  0.6 0910  1.8 1537  0.5 2142  1.7
31  We       1018 0354  0.5 1002  1.8 1628  0.5 2232  1.7
 1  Th       1118 0444  0.5 1055  1.8 1718  0.5 2323  1.7
 2  Fr       1118 0536  0.5 1148  1.8 1808  0.5 9999  9.9
 3  Sa       1118 0016  1.7 0629  0.5 1243  1.8 1859  0.5
 4  Su       1118 0111  1.7 0724  0.5 1338  1.8 1952  0.5
 5  Mo       1118 0208  1.7 0822  0.5 1434  1.7 2047  0.6
 6  Tu       1118 0305  1.7 0920  0.5 1531  1.7 2145  0.6
 7  We       1118 0402  1.7 1019  0.6 1628  1.7 2243  0.6
 8  Th       1118 0458  1.7 1118  0.6 1724  1.6 2339  0.6
 9  Fr       1118 0551  1.7 1215  0.6 1819  1.6 9999  9.9
10  Sa       1118 0033  0.6 0643  1.7 1310  0.6 1912  1.6
11  Su       1118 0125  0.6 0734  1.7 1403  0.6 2002  1.6
12  Mo       1118 0213  0.6 0823  1.6 1453  0.6 2049  1.6
13  Tu       1118 0259  0.7 0910  1.6 1539  0.6 2135  1.6
14  We       1118 0343  0.7 0956  1.6 1622  0.6 2218  1.5
15  Th       1118 0425  0.7 1040  1.6 1703  0.6 2300  1.5
16  Fr       1118 0506  0.7 1122  1.6 1742  0.6 2341  1.5
17  Sa       1118 0547  0.7 1203  1.6 1821  0.7 9999  9.9
18  Su       1118 0022  1.5 0628  0.7 1245  1.5 1900  0.7
19  Mo       1118 0105  1.5 0710  0.7 1328  1.5 1941  0.7
20  Tu       1118 0151  1.5 0756  0.7 1414  1.5 2026  0.7
21  We       1118 0240  1.5 0845  0.7 1505  1.5 2116  0.7
22  Th       1118 0330  1.6 0939  0.7 1558  1.5 2210  0.7
23  Fr       1118 0423  1.6 1036  0.6 1654  1.6 2305  0.7
24  Sa       1118 0515  1.7 1135  0.6 1750  1.6 9999  9.9
25  Su       1118 0001  0.6 0609  1.7 1233  0.6 1844  1.6
26  Mo       1118 0055  0.6 0702  1.8 1330  0.5 1938  1.7
27  Tu       1118 0148  0.5 0756  1.8 1426  0.5 2030  1.7
28  We       1118 0241  0.5 0849  1.8 1519  0.5 2122  1.7
29  Th       1118 0334  0.5 0944  1.8 1611  0.4 2214  1.7
30  Fr       1118 0427  0.5 1038  1.8 1702  0.4 2307  1.7
 1  Sa       1218 0521  0.5 1133  1.8 1753  0.5 9999  9.9
 2  Su       1218 0001  1.7 0616  0.5 1228  1.8 1844  0.5
 3  Mo       1218 0056  1.7 0711  0.5 1323  1.7 1936  0.5
 4  Tu       1218 0152  1.7 0808  0.5 1418  1.7 2029  0.6
 5  We       1218 0248  1.7 0905  0.6 1513  1.6 2124  0.6
 6  Th       1218 0342  1.7 1001  0.6 1608  1.6 2218  0.7
 7  Fr       1218 0435  1.6 1058  0.6 1702  1.6 2312  0.7
 8  Sa       1218 0527  1.6 1153  0.6 1754  1.5 9999  9.9
 9  Su       1218 0003  0.7 0616  1.6 1246  0.7 1844  1.5
10  Mo       1218 0052  0.7 0704  1.6 1336  0.7 1932  1.5
11  Tu       1218 0139  0.7 0751  1.6 1424  0.7 2018  1.5
12  We       1218 0224  0.7 0837  1.6 1509  0.7 2102  1.5
13  Th       1218 0308  0.7 0921  1.6 1551  0.7 2144  1.5
14  Fr       1218 0350  0.7 1004  1.6 1631  0.7 2225  1.5
15  Sa       1218 0431  0.7 1045  1.6 1709  0.7 2305  1.5
16  Su       1218 0511  0.7 1126  1.5 1746  0.7 2346  1.5
17  Mo       1218 0553  0.7 1207  1.5 1824  0.7 9999  9.9
18  Tu       1218 0028  1.5 0635  0.7 1250  1.5 1905  0.7
19  We       1218 0114  1.6 0721  0.7 1337  1.5 1949  0.7
20  Th       1218 0203  1.6 0810  0.7 1429  1.5 2038  0.7
21  Fr       1218 0255  1.6 0904  0.6 1524  1.6 2132  0.6
22  Sa       1218 0349  1.7 1003  0.6 1622  1.6 2229  0.6
23  Su       1218 0444  1.7 1104  0.6 1720  1.6 2328  0.6
24  Mo       1218 0540  1.8 1206  0.5 1817  1.6 9999  9.9
25  Tu       1218 0025  0.5 0636  1.8 1306  0.5 1913  1.7
26  We       1218 0122  0.5 0733  1.8 1404  0.5 2008  1.7
27  Th       1218 0219  0.5 0829  1.9 1459  0.4 2102  1.7
28  Fr       1218 0315  0.5 0926  1.8 1553  0.4 2156  1.7
29  Sa       1218 0411  0.5 1022  1.8 1646  0.4 2250  1.7
30  Su       1218 0507  0.5 1117  1.8 1737  0.5 2345  1.7
31  Mo       1218 0602  0.5 1212  1.7 1828  0.5 9999  9.9
