071Wellington
Based on data from  1-Jul-2006
Local Std Time, tidal heights in metres.
 1  Su        117 0049  0.7 0702  1.6 1338  0.7 1932  1.5
 2  Mo        117 0136  0.7 0748  1.6 1424  0.7 2017  1.5
 3  Tu        117 0222  0.7 0835  1.6 1508  0.6 2101  1.6
 4  We        117 0309  0.6 0922  1.6 1551  0.6 2146  1.6
 5  Th        117 0356  0.6 1010  1.7 1634  0.6 2233  1.6
 6  Fr        117 0445  0.6 1059  1.7 1719  0.6 2323  1.7
 7  Sa        117 0535  0.5 1150  1.7 1806  0.5 9999  9.9
 8  Su        117 0014  1.7 0628  0.5 1243  1.7 1856  0.5
 9  Mo        117 0109  1.8 0722  0.5 1338  1.7 1949  0.5
10  Tu        117 0205  1.8 0819  0.5 1436  1.7 2046  0.5
11  We        117 0303  1.8 0919  0.5 1536  1.7 2145  0.5
12  Th        117 0401  1.8 1021  0.5 1636  1.7 2245  0.5
13  Fr        117 0459  1.8 1123  0.5 1734  1.7 2344  0.5
14  Sa        117 0556  1.8 1224  0.5 1831  1.7 9999  9.9
15  Su        117 0042  0.5 0652  1.8 1322  0.5 1926  1.7
16  Mo        117 0138  0.5 0747  1.8 1418  0.5 2020  1.7
17  Tu        117 0233  0.5 0842  1.7 1510  0.5 2112  1.7
18  We        117 0327  0.6 0935  1.7 1559  0.6 2203  1.6
19  Th        117 0418  0.6 1025  1.6 1646  0.6 2252  1.6
20  Fr        117 0508  0.6 1113  1.6 1729  0.6 2339  1.6
21  Sa        117 0554  0.6 1159  1.6 1810  0.7 9999  9.9
22  Su        117 0025  1.6 0639  0.7 1242  1.5 1850  0.7
23  Mo        117 0109  1.6 0721  0.7 1325  1.5 1930  0.7
24  Tu        117 0152  1.6 0804  0.7 1409  1.5 2012  0.7
25  We        117 0235  1.5 0848  0.7 1455  1.5 2055  0.7
26  Th        117 0318  1.6 0934  0.7 1543  1.5 2142  0.7
27  Fr        117 0403  1.6 1024  0.7 1632  1.5 2231  0.7
28  Sa        117 0450  1.6 1116  0.7 1721  1.5 2321  0.7
29  Su        117 0538  1.6 1209  0.7 1810  1.5 9999  9.9
30  Mo        117 0012  0.7 0628  1.6 1301  0.7 1859  1.5
31  Tu        117 0104  0.7 0719  1.6 1351  0.7 1947  1.6
 1  We        217 0156  0.6 0810  1.6 1440  0.6 2036  1.6
 2  Th        217 0248  0.6 0901  1.7 1527  0.6 2125  1.7
 3  Fr        217 0340  0.6 0953  1.7 1615  0.6 2215  1.7
 4  Sa        217 0432  0.5 1044  1.7 1702  0.5 2307  1.7
 5  Su        217 0524  0.5 1136  1.7 1751  0.5 9999  9.9
 6  Mo        217 0000  1.8 0617  0.5 1229  1.7 1842  0.5
 7  Tu        217 0054  1.8 0710  0.5 1324  1.7 1935  0.5
 8  We        217 0150  1.8 0805  0.5 1420  1.7 2030  0.5
 9  Th        217 0245  1.8 0901  0.5 1517  1.7 2126  0.5
10  Fr        217 0341  1.8 1000  0.5 1615  1.7 2224  0.5
11  Sa        217 0437  1.8 1059  0.6 1711  1.6 2321  0.5
12  Su        217 0532  1.7 1159  0.6 1807  1.6 9999  9.9
13  Mo        217 0018  0.6 0627  1.7 1256  0.6 1900  1.6
14  Tu        217 0114  0.6 0722  1.7 1350  0.6 1953  1.6
15  We        217 0208  0.6 0815  1.6 1442  0.6 2044  1.6
16  Th        217 0301  0.6 0906  1.6 1529  0.6 2133  1.6
17  Fr        217 0351  0.6 0955  1.6 1614  0.6 2220  1.6
18  Sa        217 0439  0.7 1041  1.6 1656  0.7 2306  1.6
19  Su        217 0523  0.7 1125  1.5 1736  0.7 2350  1.6
20  Mo        217 0605  0.7 1206  1.5 1815  0.7 9999  9.9
21  Tu        217 0031  1.6 0645  0.7 1248  1.5 1853  0.7
22  We        217 0112  1.6 0725  0.7 1329  1.5 1933  0.7
23  Th        217 0154  1.6 0806  0.7 1414  1.5 2015  0.7
24  Fr        217 0237  1.6 0851  0.7 1501  1.5 2101  0.7
25  Sa        217 0323  1.6 0939  0.7 1550  1.5 2150  0.7
26  Su        217 0411  1.6 1032  0.7 1642  1.5 2243  0.7
27  Mo        217 0503  1.6 1128  0.7 1734  1.6 2338  0.6
28  Tu        217 0557  1.6 1224  0.7 1827  1.6 9999  9.9
 1  We        317 0035  0.6 0652  1.6 1319  0.6 1919  1.6
 2  Th        317 0132  0.6 0747  1.7 1413  0.6 2012  1.7
 3  Fr        317 0229  0.5 0842  1.7 1504  0.6 2105  1.7
 4  Sa        317 0325  0.5 0936  1.7 1555  0.5 2158  1.8
 5  Su        317 0420  0.5 1030  1.7 1646  0.5 2252  1.8
 6  Mo        317 0513  0.5 1123  1.7 1737  0.5 2346  1.8
 7  Tu        317 0606  0.5 1216  1.7 1829  0.5 9999  9.9
 8  We        317 0041  1.8 0658  0.5 1310  1.7 1921  0.5
 9  Th        317 0135  1.8 0751  0.5 1404  1.7 2015  0.5
10  Fr        317 0229  1.8 0844  0.5 1459  1.6 2109  0.5
11  Sa        317 0322  1.7 0939  0.6 1554  1.6 2204  0.6
12  Su        317 0416  1.7 1035  0.6 1648  1.6 2259  0.6
13  Mo        317 0509  1.7 1131  0.7 1742  1.6 2354  0.6
14  Tu        317 0602  1.6 1227  0.7 1833  1.6 9999  9.9
15  We        317 0049  0.6 0655  1.6 1319  0.7 1924  1.6
16  Th        317 0142  0.7 0747  1.6 1409  0.7 2013  1.6
17  Fr        317 0234  0.7 0837  1.5 1456  0.7 2101  1.6
18  Sa        317 0323  0.7 0924  1.5 1540  0.7 2147  1.6
19  Su        317 0409  0.7 1008  1.5 1621  0.7 2231  1.6
20  Mo        317 0452  0.7 1051  1.5 1700  0.7 2313  1.6
21  Tu        317 0532  0.7 1131  1.5 1739  0.7 2353  1.6
22  We        317 0611  0.7 1211  1.5 1817  0.7 9999  9.9
23  Th        317 0033  1.6 0650  0.7 1252  1.5 1856  0.7
24  Fr        317 0115  1.6 0729  0.7 1335  1.5 1939  0.7
25  Sa        317 0159  1.6 0812  0.7 1422  1.5 2025  0.7
26  Su        317 0246  1.6 0900  0.7 1513  1.6 2115  0.6
27  Mo        317 0337  1.6 0953  0.6 1607  1.6 2210  0.6
28  Tu        317 0432  1.6 1050  0.6 1702  1.6 2309  0.6
29  We        317 0529  1.7 1150  0.6 1757  1.7 9999  9.9
30  Th        317 0010  0.6 0628  1.7 1249  0.6 1853  1.7
31  Fr        317 0111  0.5 0726  1.7 1346  0.5 1949  1.8
 1  Sa        417 0211  0.5 0823  1.7 1441  0.5 2045  1.8
 2  Su        417 0310  0.5 0919  1.7 1535  0.5 2140  1.8
 3  Mo        417 0406  0.4 1014  1.7 1629  0.5 2236  1.8
 4  Tu        417 0501  0.4 1108  1.7 1722  0.5 2331  1.8
 5  We        417 0553  0.5 1201  1.7 1814  0.5 9999  9.9
 6  Th        417 0026  1.8 0645  0.5 1255  1.7 1907  0.5
 7  Fr        417 0119  1.8 0735  0.5 1348  1.7 2000  0.5
 8  Sa        417 0212  1.7 0826  0.6 1441  1.6 2052  0.6
 9  Su        417 0303  1.7 0918  0.6 1534  1.6 2145  0.6
10  Mo        417 0355  1.6 1010  0.7 1626  1.6 2238  0.6
11  Tu        417 0446  1.6 1103  0.7 1716  1.6 2331  0.7
12  We        417 0537  1.5 1155  0.7 1805  1.5 9999  9.9
13  Th        417 0024  0.7 0628  1.5 1246  0.7 1853  1.5
14  Fr        417 0116  0.7 0717  1.5 1334  0.7 1941  1.5
15  Sa        417 0206  0.7 0806  1.5 1420  0.7 2026  1.5
16  Su        417 0254  0.7 0851  1.5 1503  0.7 2111  1.5
17  Mo        417 0339  0.7 0935  1.5 1545  0.7 2154  1.5
18  Tu        417 0421  0.7 1016  1.5 1624  0.7 2235  1.6
19  We        417 0501  0.7 1056  1.5 1703  0.7 2316  1.6
20  Th        417 0539  0.7 1136  1.5 1742  0.7 2357  1.6
21  Fr        417 0617  0.6 1218  1.5 1823  0.7 9999  9.9
22  Sa        417 0040  1.6 0657  0.6 1302  1.6 1907  0.6
23  Su        417 0126  1.6 0740  0.6 1350  1.6 1954  0.6
24  Mo        417 0215  1.6 0827  0.6 1442  1.6 2047  0.6
25  Tu        417 0309  1.7 0921  0.6 1537  1.7 2144  0.6
26  We        417 0406  1.7 1019  0.6 1634  1.7 2245  0.5
27  Th        417 0505  1.7 1120  0.6 1732  1.8 2349  0.5
28  Fr        417 0605  1.7 1221  0.5 1829  1.8 9999  9.9
29  Sa        417 0052  0.5 0705  1.7 1320  0.5 1927  1.8
30  Su        417 0153  0.4 0803  1.7 1418  0.5 2024  1.8
 1  Mo        517 0253  0.4 0900  1.7 1514  0.5 2121  1.9
 2  Tu        517 0350  0.4 0955  1.7 1609  0.5 2218  1.8
 3  We        517 0445  0.4 1050  1.7 1704  0.5 2314  1.8
 4  Th        517 0537  0.5 1144  1.7 1758  0.5 9999  9.9
 5  Fr        517 0008  1.8 0628  0.5 1237  1.7 1851  0.5
 6  Sa        517 0102  1.7 0718  0.5 1330  1.6 1943  0.6
 7  Su        517 0153  1.7 0806  0.6 1422  1.6 2035  0.6
 8  Mo        517 0243  1.6 0855  0.7 1513  1.6 2126  0.7
 9  Tu        517 0333  1.6 0944  0.7 1602  1.6 2216  0.7
10  We        517 0422  1.5 1033  0.7 1650  1.5 2306  0.7
11  Th        517 0510  1.5 1122  0.7 1736  1.5 2357  0.7
12  Fr        517 0559  1.5 1210  0.8 1822  1.5 9999  9.9
13  Sa        517 0047  0.7 0647  1.5 1257  0.8 1907  1.5
14  Su        517 0136  0.7 0734  1.5 1342  0.8 1951  1.5
15  Mo        517 0224  0.7 0819  1.5 1426  0.7 2035  1.5
16  Tu        517 0308  0.7 0902  1.5 1508  0.7 2118  1.5
17  We        517 0350  0.7 0943  1.5 1549  0.7 2200  1.6
18  Th        517 0430  0.7 1023  1.5 1629  0.7 2242  1.6
19  Fr        517 0508  0.7 1104  1.5 1710  0.7 2325  1.6
20  Sa        517 0547  0.6 1147  1.6 1754  0.7 9999  9.9
21  Su        517 0010  1.6 0628  0.6 1233  1.6 1840  0.6
22  Mo        517 0058  1.6 0712  0.6 1323  1.6 1930  0.6
23  Tu        517 0150  1.7 0801  0.6 1416  1.7 2025  0.5
24  We        517 0245  1.7 0856  0.6 1513  1.7 2123  0.5
25  Th        517 0344  1.7 0954  0.5 1611  1.8 2225  0.5
26  Fr        517 0444  1.7 1055  0.5 1709  1.8 2329  0.5
27  Sa        517 0544  1.7 1156  0.5 1807  1.9 9999  9.9
28  Su        517 0032  0.4 0644  1.7 1256  0.5 1905  1.9
29  Mo        517 0134  0.4 0742  1.7 1354  0.4 2003  1.9
30  Tu        517 0233  0.4 0838  1.8 1451  0.4 2100  1.9
31  We        517 0330  0.4 0934  1.7 1548  0.5 2157  1.8
 1  Th        617 0425  0.4 1029  1.7 1643  0.5 2254  1.8
 2  Fr        617 0517  0.5 1123  1.7 1738  0.5 2348  1.7
 3  Sa        617 0608  0.5 1217  1.7 1832  0.6 9999  9.9
 4  Su        617 0041  1.7 0656  0.6 1310  1.6 1924  0.6
 5  Mo        617 0131  1.6 0744  0.6 1400  1.6 2014  0.6
 6  Tu        617 0220  1.6 0830  0.7 1449  1.6 2103  0.7
 7  We        617 0308  1.5 0916  0.7 1536  1.6 2151  0.7
 8  Th        617 0355  1.5 1002  0.7 1621  1.5 2239  0.7
 9  Fr        617 0442  1.5 1048  0.7 1705  1.5 2327  0.7
10  Sa        617 0529  1.5 1134  0.7 1749  1.5 9999  9.9
11  Su        617 0016  0.7 0616  1.5 1220  0.8 1833  1.5
12  Mo        617 0105  0.7 0702  1.5 1305  0.7 1917  1.5
13  Tu        617 0152  0.7 0746  1.5 1349  0.7 2000  1.5
14  We        617 0237  0.7 0829  1.5 1433  0.7 2044  1.6
15  Th        617 0319  0.7 0911  1.5 1516  0.7 2128  1.6
16  Fr        617 0400  0.7 0953  1.5 1559  0.7 2213  1.6
17  Sa        617 0440  0.6 1036  1.5 1643  0.7 2258  1.6
18  Su        617 0521  0.6 1121  1.6 1730  0.6 2346  1.6
19  Mo        617 0604  0.6 1209  1.6 1819  0.6 9999  9.9
20  Tu        617 0036  1.6 0650  0.6 1301  1.7 1911  0.6
21  We        617 0129  1.7 0741  0.5 1356  1.7 2007  0.5
22  Th        617 0226  1.7 0835  0.5 1453  1.8 2106  0.5
23  Fr        617 0324  1.7 0934  0.5 1551  1.8 2207  0.5
24  Sa        617 0424  1.7 1034  0.5 1649  1.9 2310  0.5
25  Su        617 0524  1.7 1134  0.5 1746  1.9 9999  9.9
26  Mo        617 0012  0.4 0623  1.7 1233  0.4 1844  1.9
27  Tu        617 0113  0.4 0720  1.7 1331  0.4 1941  1.9
28  We        617 0212  0.4 0816  1.7 1429  0.5 2038  1.8
29  Th        617 0308  0.5 0911  1.7 1525  0.5 2135  1.8
30  Fr        617 0402  0.5 1005  1.7 1621  0.5 2230  1.7
 1  Sa        717 0454  0.5 1059  1.7 1716  0.6 2324  1.7
 2  Su        717 0543  0.6 1153  1.6 1809  0.6 9999  9.9
 3  Mo        717 0016  1.6 0631  0.6 1244  1.6 1859  0.6
 4  Tu        717 0105  1.6 0716  0.6 1334  1.6 1948  0.7
 5  We        717 0153  1.5 0800  0.7 1421  1.6 2034  0.7
 6  Th        717 0239  1.5 0844  0.7 1506  1.6 2120  0.7
 7  Fr        717 0325  1.5 0928  0.7 1549  1.6 2206  0.7
 8  Sa        717 0411  1.5 1013  0.7 1632  1.6 2254  0.7
 9  Su        717 0457  1.5 1059  0.7 1715  1.6 2342  0.7
10  Mo        717 0543  1.5 1144  0.7 1759  1.6 9999  9.9
11  Tu        717 0031  0.7 0629  1.5 1230  0.7 1843  1.6
12  We        717 0119  0.7 0713  1.5 1316  0.7 1929  1.6
13  Th        717 0205  0.7 0757  1.5 1401  0.7 2014  1.6
14  Fr        717 0249  0.7 0841  1.5 1448  0.7 2101  1.6
15  Sa        717 0332  0.7 0925  1.6 1535  0.7 2148  1.6
16  Su        717 0415  0.6 1011  1.6 1623  0.6 2236  1.6
17  Mo        717 0458  0.6 1059  1.6 1712  0.6 2326  1.6
18  Tu        717 0544  0.6 1150  1.7 1804  0.6 9999  9.9
19  We        717 0018  1.7 0632  0.5 1243  1.7 1857  0.5
20  Th        717 0112  1.7 0724  0.5 1339  1.8 1952  0.5
21  Fr        717 0209  1.7 0819  0.5 1435  1.8 2050  0.5
22  Sa        717 0307  1.7 0916  0.5 1532  1.8 2150  0.5
23  Su        717 0406  1.7 1015  0.5 1630  1.9 2251  0.5
24  Mo        717 0504  1.7 1114  0.5 1726  1.9 2352  0.5
25  Tu        717 0602  1.7 1212  0.5 1823  1.8 9999  9.9
26  We        717 0051  0.5 0658  1.7 1309  0.5 1920  1.8
27  Th        717 0149  0.5 0752  1.7 1406  0.5 2016  1.8
28  Fr        717 0244  0.5 0846  1.7 1502  0.5 2111  1.7
29  Sa        717 0337  0.5 0940  1.7 1557  0.6 2205  1.7
30  Su        717 0427  0.6 1032  1.6 1650  0.6 2257  1.6
31  Mo        717 0515  0.6 1124  1.6 1741  0.6 2346  1.6
 1  Tu        817 0600  0.6 1214  1.6 1830  0.6 9999  9.9
 2  We        817 0034  1.6 0644  0.7 1302  1.6 1915  0.7
 3  Th        817 0120  1.5 0726  0.7 1347  1.6 1959  0.7
 4  Fr        817 0204  1.5 0809  0.7 1430  1.6 2043  0.7
 5  Sa        817 0250  1.5 0852  0.7 1513  1.6 2128  0.7
 6  Su        817 0335  1.5 0936  0.7 1556  1.6 2215  0.7
 7  Mo        817 0422  1.5 1022  0.7 1640  1.6 2304  0.7
 8  Tu        817 0508  1.5 1109  0.7 1725  1.6 2354  0.7
 9  We        817 0555  1.5 1157  0.7 1812  1.6 9999  9.9
10  Th        817 0044  0.7 0641  1.5 1245  0.7 1900  1.6
11  Fr        817 0132  0.7 0727  1.5 1335  0.7 1949  1.6
12  Sa        817 0219  0.7 0814  1.6 1425  0.6 2038  1.6
13  Su        817 0305  0.6 0901  1.6 1516  0.6 2128  1.6
14  Mo        817 0351  0.6 0950  1.7 1607  0.6 2219  1.6
15  Tu        817 0438  0.6 1041  1.7 1659  0.5 2310  1.7
16  We        817 0526  0.5 1133  1.7 1751  0.5 9999  9.9
17  Th        817 0002  1.7 0616  0.5 1227  1.8 1844  0.5
18  Fr        817 0057  1.7 0708  0.5 1323  1.8 1938  0.5
19  Sa        817 0153  1.7 0803  0.5 1419  1.8 2035  0.5
20  Su        817 0250  1.7 0900  0.5 1515  1.8 2132  0.5
21  Mo        817 0348  1.7 0957  0.5 1611  1.8 2232  0.5
22  Tu        817 0445  1.7 1055  0.5 1707  1.8 2331  0.5
23  We        817 0541  1.7 1152  0.5 1803  1.8 9999  9.9
24  Th        817 0029  0.5 0635  1.7 1249  0.5 1858  1.7
25  Fr        817 0125  0.6 0729  1.7 1345  0.5 1953  1.7
26  Sa        817 0218  0.6 0821  1.7 1439  0.6 2046  1.7
27  Su        817 0309  0.6 0912  1.6 1532  0.6 2137  1.6
28  Mo        817 0357  0.6 1003  1.6 1623  0.6 2226  1.6
29  Tu        817 0442  0.6 1052  1.6 1711  0.6 2313  1.6
30  We        817 0526  0.7 1139  1.6 1756  0.7 2358  1.5
31  Th        817 0607  0.7 1224  1.6 1839  0.7 9999  9.9
 1  Fr        917 0042  1.5 0649  0.7 1308  1.6 1921  0.7
 2  Sa        917 0125  1.5 0730  0.7 1350  1.6 2003  0.7
 3  Su        917 0210  1.5 0812  0.7 1433  1.6 2047  0.7
 4  Mo        917 0255  1.5 0857  0.7 1517  1.6 2133  0.7
 5  Tu        917 0343  1.5 0944  0.7 1603  1.6 2223  0.7
 6  We        917 0431  1.5 1033  0.7 1651  1.6 2315  0.7
 7  Th        917 0520  1.5 1124  0.7 1741  1.6 9999  9.9
 8  Fr        917 0008  0.7 0609  1.6 1217  0.6 1833  1.6
 9  Sa        917 0100  0.7 0659  1.6 1311  0.6 1926  1.6
10  Su        917 0150  0.6 0749  1.6 1405  0.6 2018  1.7
11  Mo        917 0240  0.6 0839  1.7 1459  0.5 2110  1.7
12  Tu        917 0329  0.6 0931  1.7 1553  0.5 2202  1.7
13  We        917 0419  0.5 1024  1.8 1646  0.5 2255  1.7
14  Th        917 0509  0.5 1117  1.8 1738  0.5 2347  1.7
15  Fr        917 0601  0.5 1212  1.8 1831  0.5 9999  9.9
16  Sa        917 0041  1.7 0654  0.5 1307  1.8 1924  0.5
17  Su        917 0137  1.7 0748  0.5 1402  1.8 2018  0.5
18  Mo        917 0233  1.7 0844  0.5 1458  1.8 2114  0.5
19  Tu        917 0330  1.7 0941  0.5 1553  1.8 2212  0.6
20  We        917 0426  1.7 1037  0.5 1648  1.7 2309  0.6
21  Th        917 0520  1.6 1134  0.6 1742  1.7 9999  9.9
22  Fr        917 0005  0.6 0613  1.6 1229  0.6 1836  1.6
23  Sa        917 0059  0.6 0704  1.6 1324  0.6 1929  1.6
24  Su        917 0150  0.6 0755  1.6 1416  0.6 2019  1.6
25  Mo        917 0238  0.6 0843  1.6 1507  0.6 2108  1.6
26  Tu        917 0324  0.7 0931  1.6 1555  0.6 2154  1.6
27  We        917 0407  0.7 1017  1.6 1640  0.6 2238  1.5
28  Th        917 0449  0.7 1101  1.6 1722  0.7 2321  1.5
29  Fr        917 0529  0.7 1144  1.6 1802  0.7 9999  9.9
30  Sa        917 0002  1.5 0609  0.7 1226  1.6 1842  0.7
 1  Su       1017 0044  1.5 0649  0.7 1308  1.6 1922  0.7
 2  Mo       1017 0128  1.5 0732  0.7 1351  1.6 2005  0.7
 3  Tu       1017 0214  1.5 0817  0.7 1437  1.6 2051  0.7
 4  We       1017 0303  1.5 0906  0.7 1526  1.6 2142  0.7
 5  Th       1017 0354  1.6 0958  0.7 1618  1.6 2236  0.7
 6  Fr       1017 0446  1.6 1054  0.6 1712  1.6 2332  0.6
 7  Sa       1017 0539  1.6 1151  0.6 1808  1.6 9999  9.9
 8  Su       1017 0028  0.6 0632  1.7 1249  0.6 1903  1.7
 9  Mo       1017 0122  0.6 0725  1.7 1347  0.5 1958  1.7
10  Tu       1017 0215  0.5 0818  1.8 1443  0.5 2052  1.7
11  We       1017 0308  0.5 0912  1.8 1538  0.5 2145  1.7
12  Th       1017 0400  0.5 1006  1.8 1632  0.4 2238  1.7
13  Fr       1017 0452  0.5 1101  1.8 1724  0.4 2331  1.7
14  Sa       1017 0545  0.5 1156  1.8 1816  0.5 9999  9.9
15  Su       1017 0025  1.7 0638  0.5 1251  1.8 1908  0.5
16  Mo       1017 0120  1.7 0733  0.5 1346  1.8 2001  0.5
17  Tu       1017 0216  1.7 0828  0.5 1440  1.7 2055  0.6
18  We       1017 0311  1.6 0924  0.6 1534  1.7 2150  0.6
19  Th       1017 0405  1.6 1020  0.6 1628  1.6 2245  0.7
20  Fr       1017 0458  1.6 1115  0.6 1721  1.6 2339  0.7
21  Sa       1017 0549  1.6 1209  0.6 1813  1.6 9999  9.9
22  Su       1017 0030  0.7 0638  1.6 1301  0.6 1903  1.5
23  Mo       1017 0119  0.7 0726  1.6 1352  0.7 1952  1.5
24  Tu       1017 0206  0.7 0813  1.6 1440  0.7 2038  1.5
25  We       1017 0250  0.7 0858  1.6 1526  0.7 2122  1.5
26  Th       1017 0331  0.7 0941  1.6 1608  0.6 2204  1.5
27  Fr       1017 0412  0.7 1024  1.6 1649  0.6 2245  1.5
28  Sa       1017 0451  0.7 1105  1.6 1727  0.7 2324  1.5
29  Su       1017 0530  0.7 1145  1.6 1806  0.7 9999  9.9
30  Mo       1017 0005  1.5 0611  0.7 1227  1.6 1845  0.7
31  Tu       1017 0048  1.5 0653  0.7 1311  1.6 1926  0.7
 1  We       1117 0134  1.5 0739  0.7 1359  1.6 2012  0.6
 2  Th       1117 0225  1.6 0830  0.6 1451  1.6 2103  0.6
 3  Fr       1117 0318  1.6 0926  0.6 1546  1.6 2200  0.6
 4  Sa       1117 0414  1.7 1025  0.6 1644  1.6 2259  0.6
 5  Su       1117 0510  1.7 1126  0.5 1743  1.7 2358  0.6
 6  Mo       1117 0606  1.8 1228  0.5 1841  1.7 9999  9.9
 7  Tu       1117 0055  0.5 0702  1.8 1327  0.5 1937  1.7
 8  We       1117 0151  0.5 0757  1.8 1425  0.4 2032  1.7
 9  Th       1117 0245  0.5 0853  1.9 1521  0.4 2126  1.8
10  Fr       1117 0340  0.4 0948  1.9 1616  0.4 2220  1.8
11  Sa       1117 0434  0.4 1044  1.9 1708  0.4 2314  1.7
12  Su       1117 0528  0.5 1139  1.8 1800  0.5 9999  9.9
13  Mo       1117 0008  1.7 0622  0.5 1233  1.8 1851  0.5
14  Tu       1117 0102  1.7 0716  0.5 1327  1.7 1942  0.6
15  We       1117 0157  1.6 0811  0.6 1420  1.7 2033  0.6
16  Th       1117 0251  1.6 0905  0.6 1513  1.6 2125  0.7
17  Fr       1117 0343  1.6 0959  0.7 1605  1.6 2217  0.7
18  Sa       1117 0434  1.6 1052  0.7 1656  1.5 2308  0.7
19  Su       1117 0522  1.6 1144  0.7 1746  1.5 2358  0.7
20  Mo       1117 0610  1.6 1235  0.7 1835  1.5 9999  9.9
21  Tu       1117 0045  0.7 0655  1.6 1325  0.7 1922  1.5
22  We       1117 0131  0.7 0740  1.6 1412  0.7 2007  1.5
23  Th       1117 0214  0.7 0824  1.6 1456  0.7 2050  1.5
24  Fr       1117 0256  0.7 0906  1.6 1538  0.7 2131  1.5
25  Sa       1117 0336  0.7 0948  1.6 1617  0.7 2210  1.5
26  Su       1117 0416  0.7 1028  1.6 1655  0.7 2250  1.5
27  Mo       1117 0456  0.7 1109  1.6 1733  0.6 2331  1.5
28  Tu       1117 0537  0.7 1152  1.6 1811  0.6 9999  9.9
29  We       1117 0014  1.6 0621  0.7 1237  1.6 1853  0.6
30  Th       1117 0101  1.6 0708  0.6 1326  1.6 1939  0.6
 1  Fr       1217 0152  1.6 0800  0.6 1420  1.6 2031  0.6
 2  Sa       1217 0248  1.7 0857  0.6 1518  1.6 2128  0.6
 3  Su       1217 0345  1.7 0958  0.5 1618  1.7 2228  0.5
 4  Mo       1217 0443  1.8 1101  0.5 1718  1.7 2329  0.5
 5  Tu       1217 0541  1.8 1205  0.5 1817  1.7 9999  9.9
 6  We       1217 0029  0.5 0638  1.9 1306  0.4 1915  1.7
 7  Th       1217 0126  0.4 0736  1.9 1406  0.4 2011  1.8
 8  Fr       1217 0223  0.4 0832  1.9 1503  0.4 2106  1.8
 9  Sa       1217 0319  0.4 0929  1.9 1557  0.4 2200  1.8
10  Su       1217 0415  0.4 1025  1.8 1650  0.4 2254  1.7
11  Mo       1217 0510  0.5 1120  1.8 1741  0.5 2348  1.7
12  Tu       1217 0604  0.5 1214  1.7 1831  0.5 9999  9.9
13  We       1217 0042  1.7 0658  0.6 1306  1.7 1920  0.6
14  Th       1217 0135  1.6 0750  0.6 1358  1.6 2008  0.6
15  Fr       1217 0227  1.6 0842  0.7 1448  1.5 2057  0.7
16  Sa       1217 0317  1.6 0933  0.7 1538  1.5 2145  0.7
17  Su       1217 0405  1.6 1023  0.7 1627  1.5 2233  0.7
18  Mo       1217 0451  1.6 1114  0.7 1716  1.5 2321  0.7
19  Tu       1217 0536  1.5 1204  0.7 1803  1.5 9999  9.9
20  We       1217 0008  0.7 0621  1.5 1253  0.7 1850  1.5
21  Th       1217 0054  0.7 0705  1.5 1340  0.7 1934  1.5
22  Fr       1217 0138  0.7 0749  1.6 1425  0.7 2017  1.5
23  Sa       1217 0221  0.7 0832  1.6 1507  0.7 2058  1.5
24  Su       1217 0303  0.7 0915  1.6 1547  0.7 2139  1.5
25  Mo       1217 0344  0.7 0957  1.6 1625  0.7 2219  1.5
26  Tu       1217 0426  0.7 1039  1.6 1704  0.6 2301  1.6
27  We       1217 0509  0.7 1123  1.6 1743  0.6 2346  1.6
28  Th       1217 0555  0.6 1210  1.6 1826  0.6 9999  9.9
29  Fr       1217 0034  1.6 0644  0.6 1300  1.6 1912  0.6
30  Sa       1217 0126  1.7 0736  0.6 1354  1.6 2004  0.6
31  Su       1217 0222  1.7 0833  0.5 1452  1.7 2101  0.5
