072Bluff
Based on data from  1-Jul-2009
Local Std Time, tidal heights in metres.
 1  Fr        121 0308  2.7 0920  0.8 1522  2.6 2140  0.7
 2  Sa        121 0351  2.7 1003  0.8 1606  2.6 2225  0.7
 3  Su        121 0436  2.7 1048  0.8 1652  2.6 2313  0.7
 4  Mo        121 0523  2.7 1136  0.8 1743  2.6 9999  9.9
 5  Tu        121 0004  0.8 0615  2.6 1228  0.9 1839  2.6
 6  We        121 0059  0.8 0710  2.6 1326  0.9 1939  2.6
 7  Th        121 0158  0.8 0811  2.6 1428  0.9 2042  2.6
 8  Fr        121 0301  0.8 0914  2.6 1532  0.8 2146  2.7
 9  Sa        121 0405  0.8 1017  2.6 1634  0.8 2248  2.7
10  Su        121 0507  0.8 1117  2.7 1733  0.7 2347  2.8
11  Mo        121 0604  0.7 1213  2.7 1828  0.6 9999  9.9
12  Tu        121 0042  2.8 0658  0.7 1305  2.8 1920  0.6
13  We        121 0135  2.8 0749  0.7 1355  2.8 2011  0.5
14  Th        121 0225  2.8 0837  0.7 1443  2.8 2100  0.6
15  Fr        121 0314  2.8 0924  0.7 1530  2.8 2147  0.6
16  Sa        121 0400  2.7 1010  0.7 1617  2.7 2234  0.7
17  Su        121 0445  2.7 1055  0.8 1704  2.6 2321  0.8
18  Mo        121 0531  2.6 1141  0.9 1751  2.5 9999  9.9
19  Tu        121 0007  0.9 0617  2.5 1228  1.0 1841  2.5
20  We        121 0056  1.0 0705  2.4 1319  1.1 1933  2.4
21  Th        121 0146  1.1 0758  2.4 1413  1.1 2028  2.3
22  Fr        121 0241  1.2 0854  2.3 1511  1.1 2124  2.3
23  Sa        121 0338  1.2 0951  2.3 1606  1.1 2218  2.4
24  Su        121 0434  1.2 1044  2.4 1657  1.1 2309  2.4
25  Mo        121 0524  1.1 1132  2.4 1744  1.0 2356  2.5
26  Tu        121 0610  1.0 1216  2.5 1828  0.9 9999  9.9
27  We        121 0040  2.6 0654  0.9 1258  2.6 1910  0.8
28  Th        121 0123  2.6 0735  0.9 1339  2.6 1953  0.7
29  Fr        121 0205  2.7 0816  0.8 1420  2.7 2036  0.6
30  Sa        121 0248  2.8 0859  0.7 1502  2.8 2120  0.6
31  Su        121 0331  2.8 0942  0.7 1547  2.8 2206  0.6
 1  Mo        221 0415  2.8 1027  0.7 1633  2.8 2253  0.6
 2  Tu        221 0502  2.8 1115  0.7 1723  2.8 2343  0.7
 3  We        221 0552  2.7 1207  0.8 1818  2.7 9999  9.9
 4  Th        221 0038  0.8 0647  2.6 1304  0.8 1918  2.6
 5  Fr        221 0137  0.8 0748  2.6 1406  0.8 2023  2.6
 6  Sa        221 0241  0.9 0855  2.5 1513  0.9 2131  2.6
 7  Su        221 0348  0.9 1002  2.5 1618  0.8 2236  2.6
 8  Mo        221 0453  0.9 1104  2.6 1719  0.8 2337  2.7
 9  Tu        221 0551  0.8 1201  2.7 1815  0.7 9999  9.9
10  We        221 0032  2.7 0644  0.8 1252  2.7 1906  0.6
11  Th        221 0122  2.8 0733  0.7 1339  2.8 1954  0.6
12  Fr        221 0208  2.8 0818  0.7 1424  2.8 2040  0.6
13  Sa        221 0252  2.8 0901  0.7 1507  2.8 2123  0.6
14  Su        221 0333  2.7 0942  0.7 1548  2.7 2205  0.7
15  Mo        221 0412  2.7 1023  0.8 1629  2.6 2246  0.8
16  Tu        221 0451  2.6 1103  0.9 1711  2.6 2327  0.9
17  We        221 0531  2.5 1144  1.0 1753  2.5 9999  9.9
18  Th        221 0008  1.0 0613  2.4 1228  1.1 1840  2.4
19  Fr        221 0053  1.1 0701  2.3 1318  1.1 1933  2.3
20  Sa        221 0145  1.2 0757  2.3 1415  1.2 2032  2.3
21  Su        221 0244  1.2 0900  2.3 1517  1.2 2133  2.3
22  Mo        221 0348  1.2 1002  2.3 1616  1.1 2232  2.4
23  Tu        221 0447  1.2 1056  2.4 1709  1.0 2324  2.5
24  We        221 0538  1.0 1145  2.5 1757  0.9 9999  9.9
25  Th        221 0012  2.6 0624  0.9 1229  2.6 1843  0.8
26  Fr        221 0056  2.7 0708  0.8 1312  2.7 1928  0.6
27  Sa        221 0140  2.8 0751  0.7 1356  2.8 2013  0.5
28  Su        221 0224  2.9 0835  0.6 1440  2.9 2058  0.5
 1  Mo        321 0308  2.9 0919  0.5 1526  2.9 2145  0.5
 2  Tu        321 0353  2.9 1005  0.6 1614  2.9 2233  0.5
 3  We        321 0440  2.8 1054  0.6 1705  2.8 2324  0.6
 4  Th        321 0531  2.7 1147  0.7 1800  2.7 9999  9.9
 5  Fr        321 0018  0.7 0627  2.6 1245  0.8 1902  2.7
 6  Sa        321 0119  0.9 0730  2.5 1349  0.8 2010  2.6
 7  Su        321 0225  1.0 0841  2.5 1458  0.9 2120  2.5
 8  Mo        321 0335  1.0 0951  2.5 1605  0.9 2227  2.6
 9  Tu        321 0440  1.0 1054  2.6 1706  0.8 2327  2.6
10  We        321 0538  0.9 1148  2.6 1801  0.7 9999  9.9
11  Th        321 0019  2.7 0628  0.8 1237  2.7 1849  0.7
12  Fr        321 0105  2.7 0713  0.8 1320  2.7 1934  0.7
13  Sa        321 0146  2.7 0755  0.7 1401  2.7 2017  0.7
14  Su        321 0225  2.7 0835  0.7 1440  2.7 2056  0.7
15  Mo        321 0302  2.7 0913  0.7 1518  2.7 2135  0.8
16  Tu        321 0338  2.7 0950  0.8 1555  2.6 2212  0.8
17  We        321 0414  2.6 1027  0.9 1633  2.6 2249  0.9
18  Th        321 0450  2.5 1105  1.0 1712  2.5 2327  1.0
19  Fr        321 0529  2.4 1146  1.0 1756  2.4 9999  9.9
20  Sa        321 0009  1.1 0614  2.3 1233  1.1 1846  2.3
21  Su        321 0058  1.2 0707  2.3 1328  1.2 1945  2.3
22  Mo        321 0157  1.2 0811  2.2 1430  1.2 2049  2.3
23  Tu        321 0303  1.2 0918  2.3 1533  1.1 2152  2.4
24  We        321 0406  1.2 1018  2.4 1632  1.0 2249  2.5
25  Th        321 0502  1.0 1110  2.5 1724  0.9 2339  2.6
26  Fr        321 0552  0.9 1158  2.7 1813  0.7 9999  9.9
27  Sa        321 0026  2.7 0638  0.7 1244  2.8 1901  0.6
28  Su        321 0112  2.8 0724  0.6 1330  2.9 1948  0.5
29  Mo        321 0158  2.9 0810  0.5 1416  3.0 2035  0.4
30  Tu        321 0243  3.0 0856  0.5 1504  3.0 2124  0.4
31  We        321 0330  2.9 0945  0.5 1555  3.0 2213  0.5
 1  Th        421 0419  2.9 1035  0.5 1648  2.9 2305  0.6
 2  Fr        421 0512  2.8 1130  0.6 1745  2.8 9999  9.9
 3  Sa        421 0001  0.8 0610  2.6 1229  0.7 1849  2.6
 4  Su        421 0103  0.9 0716  2.5 1335  0.8 1958  2.6
 5  Mo        421 0210  1.0 0828  2.5 1443  0.9 2109  2.5
 6  Tu        421 0320  1.0 0938  2.5 1550  0.9 2214  2.6
 7  We        421 0424  1.0 1038  2.5 1649  0.8 2309  2.6
 8  Th        421 0519  0.9 1130  2.6 1741  0.8 2358  2.6
 9  Fr        421 0606  0.8 1215  2.7 1828  0.7 9999  9.9
10  Sa        421 0040  2.7 0649  0.8 1256  2.7 1910  0.7
11  Su        421 0119  2.7 0729  0.8 1335  2.7 1950  0.7
12  Mo        421 0156  2.7 0807  0.8 1412  2.7 2028  0.8
13  Tu        421 0231  2.7 0843  0.8 1448  2.7 2104  0.8
14  We        421 0306  2.6 0919  0.8 1524  2.6 2140  0.9
15  Th        421 0340  2.6 0955  0.9 1601  2.5 2216  1.0
16  Fr        421 0416  2.5 1032  0.9 1640  2.5 2254  1.0
17  Sa        421 0454  2.4 1113  1.0 1723  2.4 2336  1.1
18  Su        421 0539  2.3 1200  1.1 1813  2.4 9999  9.9
19  Mo        421 0024  1.2 0631  2.3 1253  1.1 1909  2.3
20  Tu        421 0120  1.2 0731  2.3 1352  1.1 2011  2.3
21  We        421 0223  1.2 0837  2.3 1454  1.0 2113  2.4
22  Th        421 0327  1.1 0939  2.4 1555  0.9 2212  2.5
23  Fr        421 0425  1.0 1034  2.6 1651  0.8 2305  2.6
24  Sa        421 0519  0.8 1126  2.7 1743  0.7 2355  2.8
25  Su        421 0609  0.7 1215  2.8 1834  0.6 9999  9.9
26  Mo        421 0044  2.9 0657  0.5 1305  2.9 1924  0.5
27  Tu        421 0132  2.9 0746  0.5 1354  3.0 2013  0.5
28  We        421 0220  3.0 0835  0.4 1445  3.0 2103  0.5
29  Th        421 0309  2.9 0925  0.4 1537  2.9 2155  0.6
30  Fr        421 0400  2.9 1018  0.5 1633  2.9 2248  0.7
 1  Sa        521 0455  2.7 1114  0.6 1732  2.7 2344  0.8
 2  Su        521 0555  2.6 1214  0.7 1835  2.6 9999  9.9
 3  Mo        521 0046  0.9 0701  2.5 1318  0.8 1942  2.6
 4  Tu        521 0151  1.0 0811  2.5 1424  0.9 2049  2.5
 5  We        521 0258  1.0 0916  2.5 1527  0.9 2150  2.5
 6  Th        521 0359  1.0 1014  2.5 1624  0.9 2243  2.6
 7  Fr        521 0452  0.9 1104  2.6 1715  0.8 2329  2.6
 8  Sa        521 0539  0.9 1148  2.6 1801  0.8 9999  9.9
 9  Su        521 0011  2.6 0622  0.8 1229  2.6 1843  0.8
10  Mo        521 0050  2.6 0701  0.8 1307  2.6 1922  0.8
11  Tu        521 0126  2.6 0738  0.8 1344  2.6 1959  0.9
12  We        521 0202  2.6 0815  0.8 1420  2.6 2036  0.9
13  Th        521 0236  2.6 0851  0.8 1457  2.6 2112  0.9
14  Fr        521 0312  2.5 0927  0.9 1535  2.5 2149  1.0
15  Sa        521 0348  2.5 1006  0.9 1615  2.5 2228  1.0
16  Su        521 0428  2.4 1048  1.0 1659  2.5 2311  1.1
17  Mo        521 0513  2.4 1134  1.0 1747  2.4 2358  1.1
18  Tu        521 0603  2.4 1225  1.0 1840  2.4 9999  9.9
19  We        521 0051  1.1 0700  2.4 1321  1.0 1937  2.4
20  Th        521 0149  1.1 0801  2.4 1420  1.0 2037  2.5
21  Fr        521 0251  1.0 0902  2.5 1520  0.9 2136  2.6
22  Sa        521 0351  0.9 1001  2.6 1619  0.8 2232  2.7
23  Su        521 0447  0.8 1056  2.7 1715  0.7 2326  2.8
24  Mo        521 0541  0.7 1149  2.8 1809  0.6 9999  9.9
25  Tu        521 0018  2.8 0633  0.5 1242  2.9 1902  0.5
26  We        521 0109  2.9 0725  0.5 1335  3.0 1954  0.5
27  Th        521 0159  2.9 0816  0.4 1428  3.0 2045  0.5
28  Fr        521 0251  2.9 0908  0.5 1522  2.9 2137  0.6
29  Sa        521 0343  2.8 1002  0.5 1618  2.8 2231  0.7
30  Su        521 0438  2.8 1057  0.6 1716  2.7 2326  0.8
31  Mo        521 0537  2.7 1155  0.7 1815  2.7 9999  9.9
 1  Tu        621 0024  0.9 0639  2.6 1255  0.8 1917  2.6
 2  We        621 0125  1.0 0743  2.5 1356  0.9 2018  2.5
 3  Th        621 0227  1.0 0845  2.5 1456  0.9 2116  2.5
 4  Fr        621 0326  1.0 0941  2.5 1552  0.9 2208  2.5
 5  Sa        621 0420  1.0 1031  2.5 1643  0.9 2255  2.5
 6  Su        621 0508  0.9 1116  2.5 1730  0.9 2339  2.5
 7  Mo        621 0551  0.9 1158  2.5 1813  0.9 9999  9.9
 8  Tu        621 0019  2.6 0632  0.9 1239  2.6 1854  0.9
 9  We        621 0058  2.6 0711  0.9 1318  2.6 1933  0.9
10  Th        621 0135  2.6 0748  0.9 1356  2.6 2010  0.9
11  Fr        621 0211  2.6 0826  0.8 1435  2.6 2048  0.9
12  Sa        621 0248  2.5 0904  0.9 1514  2.6 2126  1.0
13  Su        621 0326  2.5 0944  0.9 1555  2.5 2206  1.0
14  Mo        621 0407  2.5 1027  0.9 1638  2.5 2248  1.0
15  Tu        621 0450  2.5 1112  0.9 1724  2.5 2334  1.0
16  We        621 0539  2.5 1201  0.9 1813  2.5 9999  9.9
17  Th        621 0024  1.0 0632  2.5 1253  0.9 1906  2.5
18  Fr        621 0119  1.0 0730  2.5 1350  0.9 2004  2.5
19  Sa        621 0219  1.0 0830  2.6 1450  0.9 2104  2.6
20  Su        621 0320  0.9 0931  2.6 1550  0.8 2203  2.6
21  Mo        621 0420  0.8 1031  2.7 1650  0.8 2301  2.7
22  Tu        621 0518  0.7 1128  2.8 1748  0.7 2357  2.8
23  We        621 0614  0.6 1225  2.8 1843  0.6 9999  9.9
24  Th        621 0050  2.8 0707  0.5 1320  2.9 1937  0.6
25  Fr        621 0143  2.9 0800  0.5 1414  2.9 2029  0.6
26  Sa        621 0234  2.9 0853  0.5 1508  2.9 2120  0.6
27  Su        621 0326  2.8 0945  0.5 1601  2.8 2211  0.7
28  Mo        621 0419  2.8 1038  0.6 1654  2.7 2303  0.8
29  Tu        621 0513  2.7 1131  0.7 1748  2.7 2355  0.9
30  We        621 0609  2.6 1225  0.8 1842  2.6 9999  9.9
 1  Th        721 0050  0.9 0707  2.5 1321  0.9 1938  2.5
 2  Fr        721 0148  1.0 0804  2.5 1417  1.0 2033  2.5
 3  Sa        721 0245  1.0 0900  2.4 1512  1.0 2127  2.4
 4  Su        721 0341  1.0 0952  2.4 1606  1.1 2218  2.4
 5  Mo        721 0432  1.0 1042  2.4 1656  1.1 2305  2.4
 6  Tu        721 0519  1.0 1128  2.5 1743  1.0 2349  2.5
 7  We        721 0603  1.0 1211  2.5 1826  1.0 9999  9.9
 8  Th        721 0031  2.5 0644  0.9 1253  2.5 1907  1.0
 9  Fr        721 0110  2.5 0723  0.9 1333  2.6 1946  0.9
10  Sa        721 0148  2.6 0802  0.8 1413  2.6 2024  0.9
11  Su        721 0226  2.6 0842  0.8 1453  2.6 2103  0.9
12  Mo        721 0305  2.6 0923  0.8 1534  2.6 2143  0.9
13  Tu        721 0345  2.6 1005  0.8 1615  2.6 2225  0.9
14  We        721 0429  2.6 1050  0.8 1700  2.6 2310  0.9
15  Th        721 0515  2.6 1137  0.8 1747  2.6 2359  0.9
16  Fr        721 0607  2.6 1228  0.8 1838  2.6 9999  9.9
17  Sa        721 0053  0.9 0703  2.6 1324  0.8 1935  2.6
18  Su        721 0152  0.9 0804  2.6 1424  0.9 2037  2.5
19  Mo        721 0255  0.9 0908  2.6 1528  0.9 2141  2.6
20  Tu        721 0359  0.8 1012  2.6 1632  0.8 2243  2.6
21  We        721 0501  0.7 1114  2.7 1732  0.8 2342  2.7
22  Th        721 0559  0.6 1213  2.8 1829  0.7 9999  9.9
23  Fr        721 0037  2.8 0653  0.6 1308  2.8 1922  0.7
24  Sa        721 0129  2.8 0746  0.5 1401  2.8 2012  0.6
25  Su        721 0219  2.8 0836  0.5 1451  2.8 2101  0.6
26  Mo        721 0308  2.8 0926  0.5 1539  2.8 2148  0.7
27  Tu        721 0356  2.8 1014  0.6 1626  2.7 2235  0.8
28  We        721 0444  2.7 1102  0.7 1713  2.7 2322  0.8
29  Th        721 0533  2.6 1150  0.8 1801  2.6 9999  9.9
30  Fr        721 0011  0.9 0624  2.5 1239  0.9 1850  2.5
31  Sa        721 0102  1.0 0717  2.4 1330  1.0 1943  2.4
 1  Su        821 0158  1.1 0812  2.4 1425  1.1 2039  2.3
 2  Mo        821 0256  1.1 0909  2.3 1523  1.2 2137  2.3
 3  Tu        821 0353  1.1 1004  2.3 1619  1.2 2231  2.4
 4  We        821 0445  1.1 1056  2.4 1711  1.1 2320  2.4
 5  Th        821 0533  1.0 1143  2.4 1757  1.1 9999  9.9
 6  Fr        821 0003  2.5 0616  0.9 1227  2.5 1840  1.0
 7  Sa        821 0044  2.5 0657  0.9 1309  2.6 1919  0.9
 8  Su        821 0123  2.6 0737  0.8 1349  2.7 1959  0.8
 9  Mo        821 0202  2.7 0818  0.7 1429  2.7 2038  0.8
10  Tu        821 0241  2.7 0859  0.6 1509  2.7 2119  0.7
11  We        821 0323  2.8 0942  0.6 1551  2.7 2201  0.7
12  Th        821 0406  2.8 1027  0.6 1635  2.7 2247  0.7
13  Fr        821 0453  2.7 1114  0.7 1722  2.7 2336  0.8
14  Sa        821 0544  2.7 1205  0.8 1813  2.6 9999  9.9
15  Su        821 0030  0.8 0641  2.6 1301  0.8 1911  2.5
16  Mo        821 0130  0.9 0745  2.6 1404  0.9 2017  2.5
17  Tu        821 0236  0.9 0853  2.6 1511  0.9 2126  2.5
18  We        821 0344  0.9 1002  2.6 1618  0.9 2232  2.6
19  Th        821 0448  0.8 1106  2.6 1720  0.9 2331  2.7
20  Fr        821 0547  0.7 1204  2.7 1816  0.8 9999  9.9
21  Sa        821 0025  2.7 0640  0.6 1256  2.8 1907  0.7
22  Su        821 0115  2.8 0730  0.6 1345  2.8 1954  0.7
23  Mo        821 0201  2.8 0818  0.5 1430  2.8 2039  0.7
24  Tu        821 0246  2.8 0903  0.6 1513  2.8 2122  0.7
25  We        821 0329  2.8 0947  0.6 1555  2.7 2204  0.7
26  Th        821 0411  2.7 1030  0.7 1636  2.6 2246  0.8
27  Fr        821 0454  2.6 1112  0.9 1717  2.5 2329  0.9
28  Sa        821 0539  2.5 1155  1.0 1801  2.4 9999  9.9
29  Su        821 0015  1.0 0627  2.4 1241  1.1 1849  2.3
30  Mo        821 0106  1.1 0720  2.3 1333  1.2 1946  2.3
31  Tu        821 0205  1.2 0820  2.3 1433  1.2 2051  2.3
 1  We        921 0307  1.2 0923  2.3 1537  1.2 2153  2.3
 2  Th        921 0406  1.1 1021  2.3 1635  1.2 2246  2.4
 3  Fr        921 0458  1.1 1112  2.4 1725  1.1 2332  2.5
 4  Sa        921 0544  0.9 1158  2.5 1809  1.0 9999  9.9
 5  Su        921 0014  2.6 0628  0.8 1240  2.6 1850  0.9
 6  Mo        921 0055  2.7 0710  0.7 1321  2.7 1930  0.7
 7  Tu        921 0135  2.8 0752  0.6 1402  2.8 2011  0.7
 8  We        921 0216  2.8 0835  0.6 1443  2.8 2054  0.6
 9  Th        921 0259  2.9 0919  0.5 1526  2.8 2138  0.6
10  Fr        921 0344  2.9 1005  0.6 1611  2.8 2225  0.6
11  Sa        921 0433  2.8 1053  0.6 1659  2.7 2315  0.7
12  Su        921 0526  2.7 1146  0.7 1753  2.6 9999  9.9
13  Mo        921 0011  0.8 0625  2.6 1244  0.9 1854  2.5
14  Tu        921 0114  0.9 0732  2.6 1348  1.0 2003  2.5
15  We        921 0222  0.9 0844  2.5 1459  1.0 2116  2.5
16  Th        921 0332  0.9 0954  2.5 1607  1.0 2223  2.6
17  Fr        921 0437  0.8 1057  2.6 1708  0.9 2321  2.6
18  Sa        921 0534  0.7 1152  2.7 1801  0.8 9999  9.9
19  Su        921 0012  2.7 0625  0.6 1241  2.7 1849  0.7
20  Mo        921 0057  2.8 0712  0.6 1324  2.8 1933  0.7
21  Tu        921 0140  2.8 0756  0.6 1405  2.8 2014  0.7
22  We        921 0221  2.8 0838  0.6 1444  2.7 2054  0.7
23  Th        921 0300  2.8 0918  0.7 1522  2.7 2133  0.8
24  Fr        921 0339  2.7 0957  0.8 1559  2.6 2212  0.8
25  Sa        921 0418  2.6 1035  0.9 1636  2.5 2251  0.9
26  Su        921 0458  2.5 1115  1.0 1716  2.4 2333  1.0
27  Mo        921 0542  2.4 1157  1.1 1801  2.3 9999  9.9
28  Tu        921 0020  1.1 0632  2.3 1245  1.2 1855  2.3
29  We        921 0115  1.2 0731  2.3 1343  1.3 2000  2.2
30  Th        921 0218  1.2 0837  2.3 1448  1.3 2107  2.3
 1  Fr       1021 0321  1.2 0939  2.3 1552  1.2 2206  2.3
 2  Sa       1021 0418  1.1 1034  2.4 1646  1.1 2255  2.5
 3  Su       1021 0508  0.9 1122  2.5 1733  0.9 2340  2.6
 4  Mo       1021 0555  0.8 1207  2.7 1817  0.8 9999  9.9
 5  Tu       1021 0023  2.7 0640  0.7 1250  2.8 1901  0.7
 6  We       1021 0107  2.8 0725  0.6 1333  2.8 1945  0.6
 7  Th       1021 0151  2.9 0810  0.5 1417  2.9 2029  0.5
 8  Fr       1021 0236  3.0 0856  0.5 1502  2.9 2116  0.5
 9  Sa       1021 0325  2.9 0945  0.5 1549  2.8 2205  0.6
10  Su       1021 0416  2.9 1035  0.6 1640  2.7 2258  0.6
11  Mo       1021 0511  2.8 1129  0.8 1736  2.6 2356  0.7
12  Tu       1021 0613  2.7 1229  0.9 1840  2.5 9999  9.9
13  We       1021 0100  0.8 0721  2.6 1335  1.0 1952  2.5
14  Th       1021 0209  0.9 0834  2.5 1445  1.0 2105  2.5
15  Fr       1021 0318  0.9 0943  2.5 1552  1.0 2210  2.6
16  Sa       1021 0421  0.8 1042  2.6 1651  0.9 2305  2.6
17  Su       1021 0516  0.8 1134  2.6 1742  0.8 2353  2.7
18  Mo       1021 0605  0.7 1219  2.7 1827  0.8 9999  9.9
19  Tu       1021 0036  2.7 0650  0.7 1300  2.7 1909  0.7
20  We       1021 0116  2.8 0732  0.7 1338  2.7 1948  0.7
21  Th       1021 0155  2.7 0811  0.7 1415  2.7 2026  0.7
22  Fr       1021 0232  2.7 0849  0.8 1451  2.6 2103  0.8
23  Sa       1021 0309  2.6 0926  0.9 1526  2.6 2140  0.9
24  Su       1021 0347  2.6 1003  0.9 1602  2.5 2218  0.9
25  Mo       1021 0426  2.5 1041  1.0 1641  2.4 2259  1.0
26  Tu       1021 0508  2.4 1122  1.1 1724  2.3 2344  1.1
27  We       1021 0556  2.3 1208  1.2 1814  2.3 9999  9.9
28  Th       1021 0035  1.1 0650  2.3 1301  1.2 1914  2.3
29  Fr       1021 0133  1.2 0751  2.3 1402  1.2 2018  2.3
30  Sa       1021 0234  1.1 0853  2.4 1504  1.2 2119  2.4
31  Su       1021 0334  1.0 0950  2.4 1603  1.1 2214  2.5
 1  Mo       1121 0429  0.9 1043  2.5 1655  0.9 2304  2.6
 2  Tu       1121 0520  0.8 1132  2.7 1744  0.8 2352  2.8
 3  We       1121 0610  0.7 1219  2.8 1832  0.6 9999  9.9
 4  Th       1121 0039  2.9 0659  0.6 1306  2.9 1919  0.5
 5  Fr       1121 0127  2.9 0747  0.5 1353  2.9 2008  0.5
 6  Sa       1121 0217  3.0 0836  0.5 1441  2.9 2057  0.5
 7  Su       1121 0308  2.9 0927  0.6 1531  2.8 2149  0.5
 8  Mo       1121 0402  2.9 1019  0.6 1625  2.8 2243  0.6
 9  Tu       1121 0459  2.8 1114  0.7 1723  2.7 2342  0.7
10  We       1121 0601  2.7 1213  0.9 1827  2.6 9999  9.9
11  Th       1121 0045  0.8 0707  2.6 1317  0.9 1937  2.5
12  Fr       1121 0151  0.8 0815  2.6 1424  1.0 2046  2.5
13  Sa       1121 0257  0.9 0920  2.5 1529  1.0 2147  2.6
14  Su       1121 0358  0.8 1017  2.6 1626  0.9 2241  2.6
15  Mo       1121 0452  0.8 1108  2.6 1716  0.9 2328  2.6
16  Tu       1121 0541  0.8 1152  2.6 1802  0.8 9999  9.9
17  We       1121 0011  2.7 0625  0.8 1233  2.6 1843  0.8
18  Th       1121 0051  2.7 0707  0.8 1311  2.6 1923  0.8
19  Fr       1121 0130  2.7 0746  0.8 1348  2.6 2000  0.8
20  Sa       1121 0207  2.6 0823  0.9 1424  2.6 2037  0.8
21  Su       1121 0244  2.6 0900  0.9 1459  2.6 2114  0.9
22  Mo       1121 0322  2.6 0937  1.0 1536  2.5 2152  0.9
23  Tu       1121 0401  2.5 1014  1.0 1614  2.5 2233  1.0
24  We       1121 0442  2.5 1054  1.1 1656  2.4 2316  1.0
25  Th       1121 0527  2.4 1138  1.1 1743  2.4 9999  9.9
26  Fr       1121 0004  1.0 0616  2.4 1227  1.1 1836  2.3
27  Sa       1121 0056  1.1 0710  2.4 1322  1.1 1934  2.4
28  Su       1121 0153  1.0 0808  2.4 1421  1.1 2034  2.4
29  Mo       1121 0252  1.0 0906  2.5 1521  1.0 2133  2.5
30  Tu       1121 0350  0.9 1004  2.5 1619  0.9 2229  2.6
 1  We       1221 0447  0.8 1058  2.6 1713  0.8 2323  2.8
 2  Th       1221 0542  0.7 1151  2.7 1806  0.6 9999  9.9
 3  Fr       1221 0015  2.8 0635  0.6 1242  2.8 1858  0.5
 4  Sa       1221 0108  2.9 0728  0.6 1333  2.9 1949  0.5
 5  Su       1221 0201  2.9 0819  0.6 1424  2.9 2041  0.5
 6  Mo       1221 0255  2.9 0911  0.6 1516  2.9 2134  0.5
 7  Tu       1221 0349  2.9 1003  0.6 1610  2.8 2229  0.5
 8  We       1221 0446  2.8 1057  0.7 1707  2.7 2326  0.6
 9  Th       1221 0544  2.7 1154  0.8 1808  2.7 9999  9.9
10  Fr       1221 0025  0.7 0644  2.6 1253  0.9 1912  2.6
11  Sa       1221 0126  0.8 0746  2.6 1355  0.9 2015  2.6
12  Su       1221 0227  0.9 0847  2.5 1457  1.0 2115  2.5
13  Mo       1221 0326  0.9 0943  2.5 1554  1.0 2209  2.5
14  Tu       1221 0422  0.9 1035  2.5 1646  0.9 2259  2.5
15  We       1221 0512  0.9 1122  2.5 1734  0.9 2344  2.6
16  Th       1221 0559  0.9 1205  2.5 1817  0.9 9999  9.9
17  Fr       1221 0026  2.6 0642  0.9 1245  2.5 1858  0.9
18  Sa       1221 0107  2.6 0722  0.9 1324  2.6 1937  0.9
19  Su       1221 0146  2.6 0800  0.9 1401  2.6 2015  0.8
20  Mo       1221 0224  2.6 0837  0.9 1437  2.5 2052  0.9
21  Tu       1221 0302  2.6 0914  0.9 1514  2.5 2130  0.9
22  We       1221 0340  2.6 0951  1.0 1552  2.5 2210  0.9
23  Th       1221 0420  2.5 1030  1.0 1632  2.5 2251  0.9
24  Fr       1221 0501  2.5 1112  1.0 1716  2.5 2336  0.9
25  Sa       1221 0546  2.5 1158  1.0 1804  2.5 9999  9.9
26  Su       1221 0025  0.9 0635  2.5 1248  1.0 1858  2.5
27  Mo       1221 0118  0.9 0729  2.5 1344  1.0 1956  2.5
28  Tu       1221 0215  0.9 0827  2.5 1444  1.0 2057  2.5
29  We       1221 0317  0.9 0929  2.5 1547  0.9 2159  2.6
30  Th       1221 0419  0.9 1029  2.6 1647  0.8 2259  2.7
31  Fr       1221 0519  0.8 1128  2.7 1745  0.7 2357  2.8
