072Bluff
Based on data from  1-Jul-2007
Local Std Time, tidal heights in metres.
 1  Tu        119 0403  0.8 1020  2.6 1630  0.8 2247  2.6
 2  We        119 0500  0.8 1113  2.6 1724  0.8 2339  2.6
 3  Th        119 0552  0.8 1202  2.6 1813  0.8 9999  9.9
 4  Fr        119 0027  2.6 0640  0.8 1247  2.6 1859  0.7
 5  Sa        119 0111  2.6 0724  0.8 1328  2.6 1942  0.7
 6  Su        119 0153  2.6 0806  0.8 1408  2.6 2023  0.8
 7  Mo        119 0233  2.6 0845  0.8 1447  2.6 2103  0.8
 8  Tu        119 0311  2.6 0924  0.9 1524  2.6 2142  0.8
 9  We        119 0349  2.6 1001  0.9 1602  2.6 2220  0.9
10  Th        119 0427  2.6 1038  0.9 1640  2.5 2259  0.9
11  Fr        119 0505  2.5 1117  1.0 1721  2.5 2339  1.0
12  Sa        119 0546  2.5 1158  1.0 1805  2.4 9999  9.9
13  Su        119 0023  1.0 0630  2.4 1245  1.1 1853  2.4
14  Mo        119 0111  1.0 0720  2.4 1336  1.1 1948  2.4
15  Tu        119 0205  1.1 0816  2.4 1434  1.1 2047  2.4
16  We        119 0304  1.0 0917  2.4 1534  1.0 2148  2.5
17  Th        119 0405  1.0 1017  2.5 1634  0.9 2247  2.6
18  Fr        119 0505  0.9 1115  2.6 1731  0.8 2343  2.7
19  Sa        119 0601  0.8 1209  2.7 1825  0.6 9999  9.9
20  Su        119 0038  2.8 0654  0.7 1301  2.8 1917  0.5
21  Mo        119 0130  2.9 0746  0.6 1352  2.9 2009  0.4
22  Tu        119 0222  3.0 0836  0.5 1442  3.0 2101  0.4
23  We        119 0314  3.0 0927  0.5 1534  3.0 2153  0.4
24  Th        119 0405  3.0 1018  0.5 1627  2.9 2245  0.4
25  Fr        119 0458  2.9 1110  0.6 1721  2.9 2339  0.5
26  Sa        119 0552  2.8 1204  0.6 1819  2.8 9999  9.9
27  Su        119 0035  0.6 0650  2.7 1302  0.7 1921  2.7
28  Mo        119 0134  0.8 0751  2.6 1403  0.8 2024  2.6
29  Tu        119 0236  0.9 0854  2.5 1506  0.9 2127  2.6
30  We        119 0338  0.9 0955  2.5 1607  0.9 2226  2.5
31  Th        119 0437  1.0 1051  2.5 1702  0.9 2319  2.5
 1  Fr        219 0532  1.0 1141  2.5 1753  0.9 9999  9.9
 2  Sa        219 0007  2.6 0620  0.9 1226  2.6 1839  0.8
 3  Su        219 0051  2.6 0704  0.9 1307  2.6 1921  0.8
 4  Mo        219 0132  2.6 0744  0.9 1346  2.6 2001  0.8
 5  Tu        219 0210  2.6 0821  0.8 1422  2.6 2039  0.8
 6  We        219 0246  2.6 0857  0.8 1458  2.6 2115  0.8
 7  Th        219 0321  2.6 0932  0.8 1533  2.6 2151  0.8
 8  Fr        219 0356  2.6 1007  0.9 1609  2.6 2227  0.8
 9  Sa        219 0432  2.6 1044  0.9 1647  2.5 2306  0.9
10  Su        219 0510  2.5 1124  0.9 1729  2.5 2348  0.9
11  Mo        219 0552  2.5 1208  1.0 1815  2.5 9999  9.9
12  Tu        219 0034  1.0 0640  2.4 1259  1.0 1909  2.4
13  We        219 0127  1.0 0736  2.4 1357  1.0 2010  2.4
14  Th        219 0228  1.1 0840  2.4 1501  1.0 2116  2.5
15  Fr        219 0335  1.0 0947  2.5 1606  0.9 2222  2.6
16  Sa        219 0440  0.9 1050  2.6 1708  0.8 2323  2.7
17  Su        219 0540  0.8 1148  2.7 1805  0.6 9999  9.9
18  Mo        219 0019  2.8 0635  0.7 1242  2.8 1900  0.5
19  Tu        219 0113  2.9 0727  0.5 1334  3.0 1952  0.4
20  We        219 0204  3.0 0818  0.4 1424  3.0 2043  0.3
21  Th        219 0254  3.0 0907  0.4 1515  3.0 2133  0.3
22  Fr        219 0344  3.0 0956  0.4 1606  3.0 2224  0.4
23  Sa        219 0434  2.9 1047  0.5 1659  2.9 2315  0.5
24  Su        219 0526  2.8 1139  0.6 1754  2.8 9999  9.9
25  Mo        219 0009  0.7 0621  2.7 1234  0.8 1853  2.6
26  Tu        219 0105  0.8 0720  2.5 1334  0.9 1956  2.5
27  We        219 0206  1.0 0823  2.5 1437  0.9 2059  2.5
28  Th        219 0310  1.0 0927  2.4 1540  1.0 2200  2.5
 1  Fr        319 0412  1.1 1025  2.4 1638  1.0 2254  2.5
 2  Sa        319 0508  1.0 1117  2.5 1730  0.9 2343  2.5
 3  Su        319 0557  1.0 1202  2.5 1815  0.9 9999  9.9
 4  Mo        319 0026  2.5 0639  0.9 1243  2.6 1857  0.8
 5  Tu        319 0106  2.6 0718  0.9 1320  2.6 1935  0.8
 6  We        319 0143  2.6 0754  0.8 1356  2.6 2011  0.8
 7  Th        319 0218  2.7 0828  0.8 1430  2.7 2046  0.8
 8  Fr        319 0252  2.7 0903  0.8 1505  2.7 2122  0.8
 9  Sa        319 0326  2.7 0938  0.8 1541  2.6 2158  0.8
10  Su        319 0402  2.6 1015  0.8 1619  2.6 2237  0.8
11  Mo        319 0440  2.6 1055  0.9 1701  2.6 2320  0.9
12  Tu        319 0522  2.5 1140  0.9 1748  2.5 9999  9.9
13  We        319 0007  1.0 0611  2.5 1232  1.0 1843  2.5
14  Th        319 0101  1.0 0708  2.4 1331  1.0 1946  2.5
15  Fr        319 0204  1.0 0815  2.4 1437  0.9 2054  2.5
16  Sa        319 0312  1.0 0925  2.5 1545  0.9 2202  2.6
17  Su        319 0419  0.9 1030  2.6 1649  0.7 2304  2.7
18  Mo        319 0521  0.8 1129  2.7 1747  0.6 9999  9.9
19  Tu        319 0001  2.8 0616  0.6 1223  2.9 1841  0.5
20  We        319 0054  2.9 0708  0.5 1315  3.0 1933  0.4
21  Th        319 0144  3.0 0757  0.4 1405  3.0 2023  0.3
22  Fr        319 0233  3.0 0845  0.4 1454  3.0 2112  0.4
23  Sa        319 0321  3.0 0933  0.4 1544  3.0 2201  0.5
24  Su        319 0409  2.9 1022  0.5 1635  2.9 2250  0.6
25  Mo        319 0459  2.8 1112  0.6 1728  2.7 2341  0.8
26  Tu        319 0551  2.6 1206  0.8 1824  2.6 9999  9.9
27  We        319 0035  0.9 0647  2.5 1303  0.9 1924  2.5
28  Th        319 0135  1.0 0750  2.4 1406  1.0 2027  2.4
29  Fr        319 0239  1.1 0854  2.4 1509  1.0 2128  2.4
30  Sa        319 0342  1.1 0954  2.4 1608  1.0 2223  2.4
31  Su        319 0438  1.1 1046  2.4 1700  1.0 2312  2.5
 1  Mo        419 0527  1.0 1132  2.5 1745  0.9 2355  2.5
 2  Tu        419 0609  0.9 1212  2.5 1826  0.9 9999  9.9
 3  We        419 0035  2.6 0647  0.9 1250  2.6 1904  0.8
 4  Th        419 0112  2.6 0723  0.8 1325  2.6 1940  0.8
 5  Fr        419 0147  2.7 0757  0.8 1401  2.7 2016  0.7
 6  Sa        419 0222  2.7 0833  0.8 1437  2.7 2053  0.7
 7  Su        419 0257  2.7 0910  0.7 1515  2.7 2132  0.8
 8  Mo        419 0335  2.6 0949  0.8 1556  2.6 2213  0.8
 9  Tu        419 0415  2.6 1032  0.8 1640  2.6 2258  0.9
10  We        419 0500  2.5 1120  0.8 1730  2.6 2347  0.9
11  Th        419 0552  2.5 1213  0.9 1827  2.5 9999  9.9
12  Fr        419 0043  1.0 0651  2.5 1314  0.9 1931  2.5
13  Sa        419 0147  1.0 0758  2.5 1420  0.9 2038  2.5
14  Su        419 0255  1.0 0907  2.5 1527  0.8 2144  2.6
15  Mo        419 0401  0.9 1012  2.6 1630  0.7 2246  2.7
16  Tu        419 0501  0.7 1110  2.8 1728  0.6 2342  2.8
17  We        419 0556  0.6 1204  2.9 1822  0.5 9999  9.9
18  Th        419 0034  2.9 0647  0.5 1255  2.9 1913  0.4
19  Fr        419 0123  2.9 0735  0.4 1345  3.0 2002  0.4
20  Sa        419 0210  2.9 0823  0.4 1433  3.0 2049  0.5
21  Su        419 0257  2.9 0910  0.5 1521  2.9 2137  0.6
22  Mo        419 0343  2.8 0957  0.6 1610  2.8 2225  0.7
23  Tu        419 0430  2.7 1046  0.7 1701  2.7 2313  0.8
24  We        419 0520  2.6 1137  0.8 1753  2.5 9999  9.9
25  Th        419 0004  1.0 0613  2.5 1231  0.9 1849  2.5
26  Fr        419 0100  1.1 0712  2.4 1330  1.0 1949  2.4
27  Sa        419 0200  1.1 0814  2.3 1431  1.1 2048  2.4
28  Su        419 0302  1.2 0914  2.3 1529  1.1 2143  2.4
29  Mo        419 0359  1.1 1007  2.4 1621  1.0 2233  2.4
30  Tu        419 0448  1.1 1054  2.4 1707  1.0 2318  2.5
 1  We        519 0531  1.0 1136  2.5 1749  0.9 2359  2.6
 2  Th        519 0610  0.9 1214  2.6 1828  0.8 9999  9.9
 3  Fr        519 0037  2.6 0648  0.8 1252  2.6 1907  0.8
 4  Sa        519 0114  2.7 0725  0.8 1331  2.7 1946  0.8
 5  Su        519 0152  2.7 0804  0.7 1410  2.7 2026  0.7
 6  Mo        519 0231  2.7 0844  0.7 1452  2.7 2109  0.7
 7  Tu        519 0312  2.7 0928  0.7 1537  2.7 2153  0.8
 8  We        519 0356  2.7 1014  0.7 1625  2.7 2241  0.8
 9  Th        519 0444  2.6 1105  0.7 1718  2.6 2333  0.9
10  Fr        519 0538  2.6 1200  0.8 1815  2.6 9999  9.9
11  Sa        519 0029  0.9 0638  2.5 1300  0.8 1917  2.6
12  Su        519 0132  0.9 0744  2.5 1405  0.8 2023  2.6
13  Mo        519 0237  0.9 0851  2.6 1509  0.8 2127  2.6
14  Tu        519 0341  0.8 0954  2.7 1611  0.7 2227  2.7
15  We        519 0441  0.7 1052  2.8 1708  0.6 2322  2.8
16  Th        519 0535  0.6 1146  2.8 1802  0.6 9999  9.9
17  Fr        519 0013  2.8 0626  0.6 1236  2.9 1852  0.6
18  Sa        519 0102  2.8 0714  0.5 1325  2.9 1941  0.6
19  Su        519 0148  2.8 0801  0.5 1413  2.8 2028  0.6
20  Mo        519 0233  2.8 0848  0.6 1500  2.8 2114  0.7
21  Tu        519 0318  2.7 0934  0.6 1546  2.7 2159  0.8
22  We        519 0403  2.6 1021  0.7 1633  2.6 2245  0.9
23  Th        519 0449  2.5 1108  0.8 1722  2.5 2332  1.0
24  Fr        519 0538  2.5 1158  0.9 1812  2.4 9999  9.9
25  Sa        519 0022  1.1 0631  2.4 1250  1.0 1904  2.4
26  Su        519 0116  1.1 0727  2.3 1344  1.1 1959  2.4
27  Mo        519 0212  1.2 0824  2.3 1439  1.1 2054  2.4
28  Tu        519 0308  1.1 0918  2.4 1532  1.1 2146  2.4
29  We        519 0400  1.1 1008  2.4 1621  1.0 2234  2.5
30  Th        519 0447  1.0 1053  2.5 1706  1.0 2318  2.5
31  Fr        519 0530  0.9 1136  2.5 1751  0.9 9999  9.9
 1  Sa        619 0000  2.6 0612  0.8 1219  2.6 1834  0.8
 2  Su        619 0042  2.6 0654  0.8 1302  2.7 1918  0.8
 3  Mo        619 0124  2.7 0737  0.7 1347  2.7 2002  0.7
 4  Tu        619 0207  2.7 0822  0.6 1433  2.8 2048  0.7
 5  We        619 0252  2.7 0909  0.6 1521  2.8 2136  0.7
 6  Th        619 0340  2.7 0959  0.6 1612  2.8 2226  0.7
 7  Fr        619 0431  2.7 1051  0.6 1705  2.7 2318  0.8
 8  Sa        619 0525  2.7 1147  0.7 1802  2.7 9999  9.9
 9  Su        619 0014  0.8 0625  2.6 1245  0.7 1902  2.7
10  Mo        619 0115  0.8 0728  2.6 1347  0.7 2004  2.6
11  Tu        619 0218  0.8 0833  2.6 1449  0.7 2107  2.6
12  We        619 0320  0.8 0935  2.7 1550  0.7 2207  2.7
13  Th        619 0420  0.8 1034  2.7 1648  0.7 2303  2.7
14  Fr        619 0515  0.7 1128  2.7 1742  0.7 2354  2.7
15  Sa        619 0606  0.6 1219  2.8 1833  0.7 9999  9.9
16  Su        619 0042  2.7 0655  0.6 1307  2.8 1921  0.7
17  Mo        619 0128  2.7 0742  0.6 1354  2.7 2007  0.7
18  Tu        619 0212  2.7 0827  0.7 1439  2.7 2052  0.8
19  We        619 0255  2.7 0912  0.7 1523  2.6 2135  0.8
20  Th        619 0337  2.6 0956  0.8 1606  2.6 2217  0.9
21  Fr        619 0419  2.6 1039  0.8 1649  2.5 2300  1.0
22  Sa        619 0503  2.5 1123  0.9 1733  2.5 2343  1.0
23  Su        619 0548  2.4 1208  1.0 1818  2.4 9999  9.9
24  Mo        619 0029  1.1 0636  2.4 1255  1.0 1906  2.4
25  Tu        619 0118  1.1 0728  2.3 1344  1.1 1957  2.4
26  We        619 0210  1.1 0822  2.3 1436  1.1 2051  2.4
27  Th        619 0305  1.1 0916  2.4 1529  1.1 2145  2.4
28  Fr        619 0358  1.1 1008  2.4 1622  1.0 2236  2.5
29  Sa        619 0449  1.0 1058  2.5 1713  0.9 2325  2.5
30  Su        619 0538  0.9 1148  2.6 1803  0.9 9999  9.9
 1  Mo        719 0012  2.6 0626  0.8 1237  2.7 1852  0.8
 2  Tu        719 0059  2.7 0714  0.6 1325  2.8 1941  0.7
 3  We        719 0146  2.8 0803  0.6 1415  2.8 2029  0.6
 4  Th        719 0234  2.8 0852  0.5 1505  2.9 2119  0.6
 5  Fr        719 0324  2.8 0943  0.5 1556  2.9 2209  0.6
 6  Sa        719 0415  2.8 1036  0.5 1649  2.8 2301  0.6
 7  Su        719 0510  2.8 1130  0.5 1744  2.8 2356  0.7
 8  Mo        719 0607  2.8 1227  0.6 1842  2.7 9999  9.9
 9  Tu        719 0054  0.7 0709  2.7 1326  0.7 1943  2.7
10  We        719 0155  0.8 0813  2.7 1427  0.8 2046  2.6
11  Th        719 0258  0.8 0916  2.6 1529  0.8 2147  2.6
12  Fr        719 0359  0.8 1016  2.6 1629  0.8 2244  2.6
13  Sa        719 0456  0.8 1112  2.6 1724  0.8 2337  2.6
14  Su        719 0549  0.7 1203  2.6 1816  0.8 9999  9.9
15  Mo        719 0025  2.6 0638  0.7 1251  2.7 1903  0.8
16  Tu        719 0109  2.7 0724  0.7 1336  2.7 1948  0.8
17  We        719 0151  2.7 0807  0.7 1418  2.6 2030  0.8
18  Th        719 0232  2.6 0849  0.7 1458  2.6 2110  0.9
19  Fr        719 0311  2.6 0930  0.8 1537  2.6 2148  0.9
20  Sa        719 0349  2.6 1009  0.8 1616  2.6 2226  0.9
21  Su        719 0428  2.5 1048  0.9 1654  2.5 2305  1.0
22  Mo        719 0508  2.5 1127  0.9 1734  2.5 2345  1.0
23  Tu        719 0550  2.4 1209  1.0 1817  2.4 9999  9.9
24  We        719 0029  1.1 0637  2.4 1254  1.0 1904  2.4
25  Th        719 0118  1.1 0729  2.4 1344  1.1 1958  2.4
26  Fr        719 0213  1.1 0826  2.4 1440  1.1 2056  2.4
27  Sa        719 0312  1.1 0925  2.4 1540  1.1 2156  2.4
28  Su        719 0411  1.0 1024  2.5 1640  1.0 2252  2.5
29  Mo        719 0508  0.9 1120  2.6 1736  0.9 2346  2.6
30  Tu        719 0601  0.7 1214  2.7 1830  0.8 9999  9.9
31  We        719 0036  2.7 0653  0.6 1306  2.8 1921  0.7
 1  Th        819 0126  2.8 0744  0.5 1356  2.9 2010  0.6
 2  Fr        819 0216  2.9 0835  0.4 1447  3.0 2100  0.5
 3  Sa        819 0306  3.0 0926  0.4 1537  3.0 2150  0.5
 4  Su        819 0357  3.0 1017  0.4 1629  2.9 2241  0.5
 5  Mo        819 0450  2.9 1110  0.5 1722  2.8 2334  0.6
 6  Tu        819 0547  2.8 1205  0.6 1818  2.7 9999  9.9
 7  We        819 0030  0.7 0647  2.7 1302  0.7 1918  2.6
 8  Th        819 0131  0.8 0750  2.6 1403  0.8 2022  2.6
 9  Fr        819 0234  0.9 0855  2.6 1507  0.9 2126  2.5
10  Sa        819 0338  0.9 0958  2.6 1609  0.9 2226  2.5
11  Su        819 0438  0.9 1055  2.5 1707  0.9 2319  2.5
12  Mo        819 0532  0.8 1147  2.6 1759  0.9 9999  9.9
13  Tu        819 0007  2.6 0620  0.8 1233  2.6 1845  0.9
14  We        819 0050  2.6 0705  0.8 1316  2.6 1927  0.9
15  Th        819 0130  2.6 0746  0.8 1355  2.6 2006  0.8
16  Fr        819 0208  2.7 0825  0.7 1432  2.6 2043  0.8
17  Sa        819 0244  2.6 0902  0.8 1508  2.6 2118  0.8
18  Su        819 0319  2.6 0938  0.8 1543  2.6 2153  0.9
19  Mo        819 0354  2.6 1014  0.8 1618  2.6 2229  0.9
20  Tu        819 0431  2.5 1051  0.9 1655  2.5 2307  1.0
21  We        819 0511  2.5 1130  1.0 1735  2.4 2349  1.0
22  Th        819 0555  2.4 1214  1.0 1820  2.4 9999  9.9
23  Fr        819 0037  1.1 0646  2.4 1304  1.1 1914  2.3
24  Sa        819 0132  1.1 0745  2.4 1402  1.1 2016  2.3
25  Su        819 0235  1.1 0850  2.4 1506  1.1 2122  2.4
26  Mo        819 0340  1.0 0955  2.5 1612  1.0 2225  2.5
27  Tu        819 0442  0.9 1056  2.6 1713  0.9 2322  2.6
28  We        819 0540  0.7 1153  2.7 1808  0.7 9999  9.9
29  Th        819 0015  2.8 0634  0.5 1246  2.9 1900  0.6
30  Fr        819 0106  2.9 0725  0.4 1337  3.0 1950  0.5
31  Sa        819 0156  3.0 0816  0.3 1427  3.0 2039  0.4
 1  Su        919 0246  3.0 0906  0.3 1516  3.0 2128  0.4
 2  Mo        919 0337  3.0 0956  0.4 1606  3.0 2218  0.5
 3  Tu        919 0429  3.0 1047  0.5 1658  2.9 2310  0.6
 4  We        919 0524  2.8 1141  0.6 1752  2.7 9999  9.9
 5  Th        919 0005  0.7 0623  2.7 1237  0.8 1851  2.6
 6  Fr        919 0105  0.8 0726  2.6 1338  0.9 1956  2.5
 7  Sa        919 0209  0.9 0832  2.5 1443  1.0 2103  2.5
 8  Su        919 0316  0.9 0937  2.5 1548  1.0 2205  2.5
 9  Mo        919 0417  0.9 1035  2.5 1647  1.0 2259  2.5
10  Tu        919 0512  0.9 1126  2.5 1738  1.0 2346  2.5
11  We        919 0559  0.9 1211  2.5 1823  0.9 9999  9.9
12  Th        919 0027  2.6 0642  0.8 1251  2.6 1902  0.9
13  Fr        919 0106  2.6 0721  0.8 1328  2.6 1939  0.8
14  Sa        919 0141  2.7 0758  0.8 1404  2.7 2014  0.8
15  Su        919 0216  2.7 0833  0.8 1437  2.7 2048  0.8
16  Mo        919 0249  2.7 0907  0.8 1511  2.6 2121  0.8
17  Tu        919 0324  2.6 0942  0.8 1545  2.6 2157  0.9
18  We        919 0400  2.6 1019  0.9 1622  2.5 2235  0.9
19  Th        919 0440  2.5 1059  0.9 1702  2.5 2318  1.0
20  Fr        919 0525  2.5 1144  1.0 1747  2.4 9999  9.9
21  Sa        919 0006  1.0 0617  2.4 1234  1.1 1842  2.4
22  Su        919 0103  1.0 0717  2.4 1334  1.1 1946  2.4
23  Mo        919 0207  1.0 0824  2.4 1441  1.1 2055  2.4
24  Tu        919 0315  0.9 0932  2.5 1549  1.0 2201  2.5
25  We        919 0420  0.8 1035  2.6 1651  0.9 2301  2.7
26  Th        919 0519  0.7 1132  2.7 1747  0.7 2355  2.8
27  Fr        919 0614  0.5 1225  2.9 1839  0.5 9999  9.9
28  Sa        919 0046  3.0 0705  0.4 1316  3.0 1929  0.4
29  Su        919 0136  3.0 0756  0.3 1405  3.0 2018  0.4
30  Mo        919 0226  3.1 0845  0.3 1453  3.0 2106  0.4
 1  Tu       1019 0316  3.0 0934  0.4 1542  2.9 2155  0.5
 2  We       1019 0407  2.9 1024  0.5 1632  2.8 2246  0.6
 3  Th       1019 0500  2.8 1116  0.7 1725  2.7 2340  0.7
 4  Fr       1019 0557  2.7 1210  0.8 1823  2.5 9999  9.9
 5  Sa       1019 0038  0.9 0659  2.5 1310  1.0 1927  2.4
 6  Su       1019 0142  1.0 0804  2.5 1415  1.1 2034  2.4
 7  Mo       1019 0248  1.0 0908  2.4 1521  1.1 2137  2.4
 8  Tu       1019 0350  1.0 1007  2.4 1620  1.1 2231  2.4
 9  We       1019 0444  1.0 1057  2.5 1711  1.0 2318  2.5
10  Th       1019 0531  0.9 1142  2.5 1754  0.9 2359  2.6
11  Fr       1019 0613  0.9 1222  2.6 1833  0.9 9999  9.9
12  Sa       1019 0037  2.6 0652  0.8 1258  2.6 1909  0.8
13  Su       1019 0112  2.7 0728  0.8 1333  2.6 1943  0.8
14  Mo       1019 0147  2.7 0803  0.8 1407  2.7 2017  0.8
15  Tu       1019 0221  2.7 0838  0.8 1442  2.6 2052  0.8
16  We       1019 0257  2.7 0914  0.8 1517  2.6 2130  0.8
17  Th       1019 0336  2.6 0953  0.8 1555  2.6 2210  0.8
18  Fr       1019 0417  2.6 1035  0.9 1637  2.5 2255  0.9
19  Sa       1019 0504  2.5 1122  1.0 1725  2.5 2345  0.9
20  Su       1019 0557  2.5 1214  1.0 1820  2.4 9999  9.9
21  Mo       1019 0043  1.0 0657  2.5 1314  1.0 1925  2.4
22  Tu       1019 0147  0.9 0803  2.5 1420  1.0 2034  2.5
23  We       1019 0254  0.9 0911  2.5 1527  0.9 2140  2.6
24  Th       1019 0359  0.8 1014  2.6 1629  0.8 2240  2.7
25  Fr       1019 0458  0.6 1111  2.8 1726  0.7 2335  2.8
26  Sa       1019 0553  0.5 1205  2.9 1818  0.5 9999  9.9
27  Su       1019 0027  3.0 0645  0.4 1255  2.9 1908  0.4
28  Mo       1019 0117  3.0 0735  0.4 1344  3.0 1956  0.4
29  Tu       1019 0206  3.0 0824  0.4 1431  2.9 2044  0.4
30  We       1019 0256  3.0 0913  0.5 1519  2.9 2133  0.5
31  Th       1019 0346  2.9 1001  0.6 1608  2.8 2223  0.6
 1  Fr       1119 0437  2.8 1051  0.8 1658  2.6 2315  0.8
 2  Sa       1119 0531  2.6 1143  0.9 1753  2.5 9999  9.9
 3  Su       1119 0010  0.9 0628  2.5 1239  1.0 1852  2.4
 4  Mo       1119 0110  1.0 0728  2.4 1340  1.1 1956  2.4
 5  Tu       1119 0212  1.0 0830  2.4 1443  1.1 2059  2.4
 6  We       1119 0313  1.0 0928  2.4 1542  1.1 2154  2.4
 7  Th       1119 0407  1.0 1019  2.4 1634  1.0 2242  2.4
 8  Fr       1119 0455  1.0 1105  2.5 1718  1.0 2325  2.5
 9  Sa       1119 0538  0.9 1147  2.5 1758  0.9 9999  9.9
10  Su       1119 0004  2.6 0618  0.9 1225  2.6 1835  0.9
11  Mo       1119 0041  2.6 0655  0.8 1302  2.6 1911  0.8
12  Tu       1119 0118  2.7 0733  0.8 1338  2.6 1948  0.8
13  We       1119 0155  2.7 0811  0.8 1415  2.6 2026  0.7
14  Th       1119 0234  2.7 0850  0.8 1453  2.6 2107  0.7
15  Fr       1119 0316  2.7 0932  0.8 1535  2.6 2151  0.8
16  Sa       1119 0401  2.7 1017  0.8 1619  2.6 2238  0.8
17  Su       1119 0450  2.6 1105  0.9 1709  2.5 2330  0.8
18  Mo       1119 0543  2.6 1158  0.9 1805  2.5 9999  9.9
19  Tu       1119 0027  0.8 0641  2.6 1257  0.9 1907  2.5
20  We       1119 0129  0.8 0745  2.6 1400  0.9 2014  2.5
21  Th       1119 0234  0.8 0849  2.6 1505  0.9 2119  2.6
22  Fr       1119 0337  0.8 0952  2.6 1607  0.8 2220  2.7
23  Sa       1119 0437  0.7 1051  2.7 1704  0.7 2316  2.8
24  Su       1119 0533  0.6 1145  2.8 1757  0.6 9999  9.9
25  Mo       1119 0009  2.9 0626  0.6 1235  2.8 1848  0.5
26  Tu       1119 0100  2.9 0716  0.5 1324  2.9 1937  0.5
27  We       1119 0149  2.9 0805  0.6 1411  2.8 2025  0.5
28  Th       1119 0237  2.9 0852  0.6 1458  2.8 2113  0.6
29  Fr       1119 0326  2.8 0940  0.7 1544  2.7 2201  0.7
30  Sa       1119 0414  2.7 1027  0.8 1632  2.6 2250  0.8
 1  Su       1219 0503  2.6 1115  0.9 1721  2.5 2340  0.9
 2  Mo       1219 0553  2.5 1205  1.0 1814  2.4 9999  9.9
 3  Tu       1219 0033  1.0 0646  2.4 1258  1.1 1910  2.4
 4  We       1219 0128  1.0 0741  2.4 1355  1.1 2009  2.3
 5  Th       1219 0224  1.1 0837  2.4 1452  1.1 2105  2.4
 6  Fr       1219 0318  1.1 0931  2.4 1546  1.1 2156  2.4
 7  Sa       1219 0409  1.1 1021  2.4 1634  1.0 2243  2.4
 8  Su       1219 0456  1.0 1107  2.5 1718  1.0 2326  2.5
 9  Mo       1219 0540  1.0 1149  2.5 1759  0.9 9999  9.9
10  Tu       1219 0008  2.6 0622  0.9 1230  2.6 1840  0.8
11  We       1219 0049  2.6 0704  0.8 1310  2.6 1921  0.8
12  Th       1219 0131  2.7 0746  0.8 1351  2.7 2004  0.7
13  Fr       1219 0214  2.7 0829  0.8 1433  2.7 2048  0.7
14  Sa       1219 0259  2.7 0914  0.7 1517  2.7 2135  0.6
15  Su       1219 0346  2.7 1001  0.7 1604  2.7 2224  0.7
16  Mo       1219 0436  2.7 1050  0.8 1655  2.7 2316  0.7
17  Tu       1219 0528  2.7 1142  0.8 1750  2.6 9999  9.9
18  We       1219 0012  0.7 0624  2.7 1239  0.8 1850  2.6
19  Th       1219 0110  0.7 0724  2.6 1339  0.8 1954  2.6
20  Fr       1219 0212  0.8 0827  2.6 1442  0.8 2058  2.6
21  Sa       1219 0315  0.8 0931  2.6 1545  0.8 2200  2.7
22  Su       1219 0416  0.8 1031  2.7 1644  0.7 2259  2.7
23  Mo       1219 0514  0.7 1126  2.7 1739  0.7 2353  2.8
24  Tu       1219 0608  0.7 1218  2.7 1831  0.6 9999  9.9
25  We       1219 0044  2.8 0659  0.7 1307  2.7 1920  0.6
26  Th       1219 0133  2.8 0748  0.7 1353  2.7 2007  0.6
27  Fr       1219 0220  2.8 0834  0.7 1438  2.7 2054  0.6
28  Sa       1219 0306  2.7 0918  0.8 1522  2.7 2139  0.7
29  Su       1219 0350  2.7 1002  0.8 1605  2.6 2224  0.8
30  Mo       1219 0433  2.6 1045  0.9 1649  2.5 2308  0.9
31  Tu       1219 0517  2.5 1128  1.0 1734  2.5 2353  0.9
