073Tauranga
Based on data from  1-Jan-2007
Local Std Time, tidal heights in metres.
 1  Tu        119 0301  1.7 0859  0.4 1520  1.8 2134  0.3
 2  We        119 0401  1.7 0959  0.4 1616  1.8 2231  0.3
 3  Th        119 0458  1.7 1056  0.4 1710  1.7 2324  0.3
 4  Fr        119 0551  1.8 1150  0.4 1801  1.7 9999  9.9
 5  Sa        119 0015  0.3 0641  1.8 1241  0.4 1850  1.7
 6  Su        119 0102  0.3 0727  1.8 1328  0.4 1936  1.7
 7  Mo        119 0145  0.3 0810  1.8 1413  0.4 2019  1.7
 8  Tu        119 0227  0.3 0852  1.8 1456  0.4 2101  1.7
 9  We        119 0306  0.3 0932  1.8 1536  0.4 2141  1.7
10  Th        119 0345  0.3 1011  1.8 1616  0.4 2220  1.7
11  Fr        119 0423  0.4 1050  1.8 1655  0.4 2259  1.7
12  Sa        119 0502  0.4 1128  1.8 1735  0.4 2340  1.7
13  Su        119 0542  0.4 1208  1.7 1816  0.4 9999  9.9
14  Mo        119 0023  1.6 0626  0.5 1249  1.7 1900  0.5
15  Tu        119 0109  1.6 0713  0.5 1334  1.7 1948  0.4
16  We        119 0201  1.6 0805  0.5 1424  1.7 2040  0.4
17  Th        119 0258  1.6 0902  0.5 1518  1.7 2136  0.4
18  Fr        119 0359  1.7 1002  0.5 1616  1.8 2234  0.3
19  Sa        119 0459  1.8 1103  0.4 1716  1.8 2332  0.2
20  Su        119 0559  1.8 1202  0.4 1816  1.9 9999  9.9
21  Mo        119 0029  0.2 0655  1.9 1300  0.3 1914  1.9
22  Tu        119 0123  0.1 0750  2.0 1356  0.2 2010  2.0
23  We        119 0216  0.0 0844  2.1 1450  0.2 2105  2.0
24  Th        119 0309  0.0 0936  2.1 1544  0.1 2159  2.0
25  Fr        119 0401  0.0 1028  2.1 1636  0.1 2252  2.0
26  Sa        119 0453  0.1 1120  2.1 1729  0.1 2346  1.9
27  Su        119 0546  0.2 1212  2.0 1821  0.2 9999  9.9
28  Mo        119 0041  1.9 0640  0.3 1305  1.9 1915  0.3
29  Tu        119 0137  1.8 0737  0.4 1358  1.9 2010  0.3
30  We        119 0235  1.8 0834  0.4 1452  1.8 2106  0.4
31  Th        119 0333  1.7 0933  0.5 1547  1.7 2202  0.4
 1  Fr        219 0430  1.7 1030  0.5 1642  1.7 2257  0.4
 2  Sa        219 0524  1.7 1125  0.5 1734  1.7 2348  0.4
 3  Su        219 0614  1.7 1216  0.5 1824  1.7 9999  9.9
 4  Mo        219 0036  0.4 0701  1.8 1304  0.5 1911  1.7
 5  Tu        219 0120  0.4 0745  1.8 1348  0.5 1955  1.7
 6  We        219 0201  0.4 0826  1.8 1430  0.4 2036  1.7
 7  Th        219 0240  0.4 0905  1.8 1509  0.4 2116  1.7
 8  Fr        219 0318  0.4 0943  1.8 1547  0.4 2154  1.7
 9  Sa        219 0356  0.4 1020  1.8 1625  0.4 2232  1.7
10  Su        219 0434  0.4 1057  1.8 1704  0.4 2311  1.7
11  Mo        219 0514  0.4 1135  1.8 1744  0.4 2352  1.7
12  Tu        219 0556  0.5 1216  1.8 1827  0.4 9999  9.9
13  We        219 0037  1.7 0643  0.5 1300  1.8 1915  0.4
14  Th        219 0128  1.7 0735  0.5 1350  1.8 2007  0.4
15  Fr        219 0226  1.7 0833  0.5 1446  1.8 2105  0.4
16  Sa        219 0328  1.7 0935  0.5 1547  1.8 2206  0.3
17  Su        219 0432  1.8 1038  0.4 1652  1.8 2307  0.3
18  Mo        219 0534  1.9 1141  0.4 1755  1.9 9999  9.9
19  Tu        219 0006  0.2 0633  2.0 1240  0.3 1856  1.9
20  We        219 0103  0.1 0729  2.0 1337  0.2 1953  2.0
21  Th        219 0158  0.1 0823  2.1 1431  0.1 2048  2.0
22  Fr        219 0250  0.1 0916  2.1 1524  0.1 2141  2.0
23  Sa        219 0342  0.1 1007  2.1 1615  0.1 2233  2.0
24  Su        219 0434  0.1 1058  2.1 1706  0.1 2325  2.0
25  Mo        219 0525  0.2 1148  2.0 1756  0.2 9999  9.9
26  Tu        219 0017  1.9 0618  0.3 1238  1.9 1847  0.3
27  We        219 0111  1.8 0712  0.4 1329  1.8 1940  0.4
28  Th        219 0206  1.8 0807  0.5 1422  1.7 2034  0.4
 1  Fr        319 0302  1.7 0904  0.5 1516  1.7 2130  0.5
 2  Sa        319 0359  1.7 1001  0.6 1611  1.7 2226  0.5
 3  Su        319 0453  1.7 1056  0.6 1705  1.6 2318  0.5
 4  Mo        319 0543  1.7 1148  0.6 1757  1.7 9999  9.9
 5  Tu        319 0007  0.5 0630  1.7 1235  0.5 1844  1.7
 6  We        319 0052  0.4 0714  1.8 1319  0.5 1929  1.7
 7  Th        319 0133  0.4 0756  1.8 1400  0.5 2010  1.8
 8  Fr        319 0213  0.4 0835  1.8 1439  0.4 2050  1.8
 9  Sa        319 0251  0.4 0913  1.8 1517  0.4 2128  1.8
10  Su        319 0329  0.4 0951  1.8 1555  0.4 2207  1.8
11  Mo        319 0408  0.4 1028  1.8 1634  0.4 2246  1.8
12  Tu        319 0449  0.4 1107  1.8 1715  0.4 2327  1.8
13  We        319 0533  0.4 1149  1.8 1759  0.4 9999  9.9
14  Th        319 0013  1.8 0621  0.5 1234  1.8 1848  0.4
15  Fr        319 0105  1.8 0714  0.5 1326  1.8 1942  0.4
16  Sa        319 0203  1.8 0813  0.5 1424  1.8 2041  0.4
17  Su        319 0306  1.8 0915  0.5 1528  1.8 2143  0.3
18  Mo        319 0410  1.8 1019  0.4 1634  1.8 2246  0.3
19  Tu        319 0512  1.9 1121  0.4 1739  1.9 2346  0.2
20  We        319 0612  2.0 1221  0.3 1839  1.9 9999  9.9
21  Th        319 0044  0.2 0708  2.0 1317  0.2 1936  2.0
22  Fr        319 0138  0.1 0801  2.1 1410  0.1 2029  2.1
23  Sa        319 0231  0.1 0853  2.1 1501  0.1 2121  2.1
24  Su        319 0322  0.1 0943  2.1 1551  0.1 2211  2.0
25  Mo        319 0413  0.2 1032  2.0 1640  0.2 2301  2.0
26  Tu        319 0503  0.3 1121  2.0 1728  0.2 2351  1.9
27  We        319 0554  0.3 1210  1.9 1817  0.3 9999  9.9
28  Th        319 0042  1.8 0645  0.4 1259  1.8 1907  0.4
29  Fr        319 0134  1.8 0738  0.5 1350  1.7 1959  0.5
30  Sa        319 0228  1.7 0833  0.6 1443  1.7 2054  0.5
31  Su        319 0323  1.7 0928  0.6 1538  1.6 2149  0.6
 1  Mo        419 0416  1.7 1022  0.6 1632  1.6 2243  0.6
 2  Tu        419 0507  1.7 1113  0.6 1725  1.7 2333  0.5
 3  We        419 0554  1.7 1201  0.5 1813  1.7 9999  9.9
 4  Th        419 0018  0.5 0639  1.8 1245  0.5 1858  1.7
 5  Fr        419 0101  0.5 0721  1.8 1326  0.4 1941  1.8
 6  Sa        419 0142  0.4 0802  1.8 1406  0.4 2022  1.8
 7  Su        419 0222  0.4 0841  1.8 1446  0.4 2102  1.8
 8  Mo        419 0303  0.4 0921  1.8 1526  0.3 2142  1.8
 9  Tu        419 0344  0.4 1001  1.8 1607  0.3 2224  1.8
10  We        419 0428  0.4 1043  1.8 1651  0.3 2308  1.8
11  Th        419 0515  0.4 1128  1.8 1737  0.3 2356  1.8
12  Fr        419 0605  0.4 1217  1.8 1827  0.3 9999  9.9
13  Sa        419 0049  1.8 0659  0.4 1311  1.8 1922  0.4
14  Su        419 0148  1.8 0758  0.4 1411  1.8 2022  0.4
15  Mo        419 0249  1.8 0859  0.4 1515  1.8 2124  0.4
16  Tu        419 0351  1.9 1002  0.4 1620  1.8 2226  0.3
17  We        419 0452  1.9 1103  0.3 1723  1.9 2327  0.3
18  Th        419 0550  2.0 1201  0.3 1822  1.9 9999  9.9
19  Fr        419 0024  0.2 0645  2.0 1256  0.2 1917  2.0
20  Sa        419 0118  0.2 0738  2.0 1348  0.2 2009  2.0
21  Su        419 0210  0.2 0829  2.0 1438  0.1 2059  2.0
22  Mo        419 0301  0.2 0918  2.0 1526  0.2 2148  2.0
23  Tu        419 0350  0.3 1006  1.9 1613  0.2 2236  2.0
24  We        419 0439  0.3 1053  1.9 1659  0.3 2323  1.9
25  Th        419 0528  0.4 1140  1.8 1745  0.4 9999  9.9
26  Fr        419 0012  1.8 0617  0.5 1227  1.7 1833  0.4
27  Sa        419 0101  1.8 0707  0.5 1316  1.7 1922  0.5
28  Su        419 0152  1.7 0759  0.6 1407  1.6 2014  0.6
29  Mo        419 0243  1.7 0851  0.6 1501  1.6 2108  0.6
30  Tu        419 0334  1.7 0943  0.6 1555  1.6 2201  0.6
 1  We        519 0424  1.7 1033  0.6 1647  1.7 2252  0.6
 2  Th        519 0512  1.7 1121  0.5 1737  1.7 2340  0.5
 3  Fr        519 0558  1.8 1206  0.5 1824  1.7 9999  9.9
 4  Sa        519 0025  0.5 0642  1.8 1250  0.4 1909  1.8
 5  Su        519 0109  0.5 0725  1.8 1332  0.4 1952  1.8
 6  Mo        519 0153  0.4 0808  1.8 1415  0.3 2035  1.9
 7  Tu        519 0237  0.4 0852  1.9 1458  0.3 2119  1.9
 8  We        519 0322  0.4 0937  1.9 1543  0.3 2204  1.9
 9  Th        519 0410  0.4 1023  1.9 1629  0.3 2252  1.9
10  Fr        519 0459  0.4 1112  1.8 1718  0.3 2343  1.9
11  Sa        519 0552  0.4 1204  1.8 1810  0.3 9999  9.9
12  Su        519 0037  1.9 0647  0.4 1301  1.8 1906  0.3
13  Mo        519 0134  1.9 0745  0.4 1401  1.8 2005  0.4
14  Tu        519 0234  1.9 0844  0.4 1504  1.8 2107  0.4
15  We        519 0333  1.9 0945  0.3 1607  1.8 2208  0.4
16  Th        519 0431  1.9 1044  0.3 1707  1.9 2308  0.3
17  Fr        519 0528  1.9 1140  0.3 1804  1.9 9999  9.9
18  Sa        519 0004  0.3 0622  1.9 1234  0.2 1857  2.0
19  Su        519 0058  0.3 0714  1.9 1325  0.2 1948  2.0
20  Mo        519 0149  0.3 0804  1.9 1413  0.2 2037  2.0
21  Tu        519 0239  0.3 0852  1.9 1500  0.2 2124  2.0
22  We        519 0327  0.3 0939  1.9 1545  0.3 2210  1.9
23  Th        519 0415  0.4 1024  1.8 1629  0.3 2255  1.9
24  Fr        519 0501  0.4 1109  1.8 1713  0.4 2341  1.8
25  Sa        519 0548  0.5 1155  1.7 1758  0.5 9999  9.9
26  Su        519 0027  1.8 0634  0.5 1241  1.7 1844  0.5
27  Mo        519 0114  1.7 0722  0.5 1330  1.6 1933  0.6
28  Tu        519 0201  1.7 0810  0.6 1421  1.6 2023  0.6
29  We        519 0250  1.7 0859  0.6 1513  1.6 2115  0.6
30  Th        519 0338  1.7 0948  0.5 1606  1.6 2207  0.6
31  Fr        519 0426  1.7 1037  0.5 1657  1.7 2258  0.6
 1  Sa        619 0514  1.7 1125  0.4 1747  1.7 2347  0.5
 2  Su        619 0602  1.8 1213  0.4 1835  1.8 9999  9.9
 3  Mo        619 0036  0.5 0650  1.8 1259  0.3 1923  1.9
 4  Tu        619 0124  0.4 0737  1.8 1346  0.3 2010  1.9
 5  We        619 0213  0.4 0826  1.9 1433  0.2 2057  1.9
 6  Th        619 0302  0.3 0915  1.9 1521  0.2 2146  2.0
 7  Fr        619 0353  0.3 1006  1.9 1610  0.2 2237  2.0
 8  Sa        619 0444  0.3 1058  1.9 1701  0.2 2329  2.0
 9  Su        619 0538  0.3 1152  1.9 1755  0.3 9999  9.9
10  Mo        619 0023  2.0 0633  0.3 1249  1.8 1851  0.3
11  Tu        619 0119  1.9 0729  0.3 1349  1.8 1949  0.3
12  We        619 0216  1.9 0827  0.3 1450  1.8 2049  0.4
13  Th        619 0313  1.9 0926  0.3 1550  1.8 2150  0.4
14  Fr        619 0410  1.9 1023  0.3 1649  1.9 2249  0.4
15  Sa        619 0505  1.9 1119  0.3 1745  1.9 2345  0.4
16  Su        619 0559  1.9 1212  0.3 1837  1.9 9999  9.9
17  Mo        619 0038  0.4 0650  1.8 1302  0.3 1927  1.9
18  Tu        619 0129  0.4 0740  1.8 1349  0.3 2014  1.9
19  We        619 0217  0.4 0827  1.8 1434  0.3 2059  1.9
20  Th        619 0304  0.4 0912  1.8 1518  0.3 2143  1.9
21  Fr        619 0349  0.4 0956  1.8 1600  0.3 2226  1.9
22  Sa        619 0433  0.4 1039  1.7 1642  0.4 2309  1.8
23  Su        619 0516  0.5 1122  1.7 1724  0.5 2352  1.8
24  Mo        619 0559  0.5 1206  1.7 1807  0.5 9999  9.9
25  Tu        619 0035  1.7 0643  0.5 1251  1.6 1852  0.5
26  We        619 0119  1.7 0728  0.5 1339  1.6 1940  0.6
27  Th        619 0204  1.7 0814  0.5 1430  1.6 2031  0.6
28  Fr        619 0252  1.7 0903  0.5 1523  1.6 2123  0.6
29  Sa        619 0341  1.7 0954  0.5 1617  1.7 2217  0.6
30  Su        619 0432  1.7 1046  0.4 1710  1.7 2311  0.5
 1  Mo        719 0524  1.8 1138  0.3 1803  1.8 9999  9.9
 2  Tu        719 0005  0.5 0617  1.8 1229  0.3 1854  1.9
 3  We        719 0057  0.4 0710  1.8 1320  0.2 1945  1.9
 4  Th        719 0150  0.3 0803  1.9 1410  0.2 2036  2.0
 5  Fr        719 0243  0.3 0856  1.9 1501  0.1 2128  2.0
 6  Sa        719 0335  0.2 0949  1.9 1552  0.1 2219  2.0
 7  Su        719 0428  0.2 1043  1.9 1644  0.1 2312  2.0
 8  Mo        719 0521  0.2 1138  1.9 1738  0.2 9999  9.9
 9  Tu        719 0006  2.0 0615  0.2 1234  1.9 1833  0.3
10  We        719 0100  2.0 0710  0.2 1332  1.8 1931  0.3
11  Th        719 0156  1.9 0807  0.3 1431  1.8 2030  0.4
12  Fr        719 0252  1.9 0904  0.3 1531  1.8 2130  0.4
13  Sa        719 0348  1.8 1001  0.3 1629  1.8 2229  0.4
14  Su        719 0443  1.8 1056  0.3 1724  1.8 2325  0.4
15  Mo        719 0537  1.8 1149  0.3 1816  1.8 9999  9.9
16  Tu        719 0018  0.4 0628  1.8 1239  0.3 1905  1.8
17  We        719 0108  0.4 0717  1.8 1326  0.3 1950  1.9
18  Th        719 0155  0.4 0803  1.8 1410  0.3 2034  1.9
19  Fr        719 0240  0.4 0847  1.7 1452  0.3 2116  1.9
20  Sa        719 0322  0.4 0929  1.7 1532  0.4 2157  1.8
21  Su        719 0403  0.4 1010  1.7 1612  0.4 2237  1.8
22  Mo        719 0444  0.4 1050  1.7 1651  0.4 2316  1.8
23  Tu        719 0523  0.4 1131  1.7 1732  0.5 2356  1.7
24  We        719 0604  0.5 1213  1.6 1815  0.5 9999  9.9
25  Th        719 0037  1.7 0647  0.5 1259  1.6 1900  0.5
26  Fr        719 0121  1.7 0732  0.5 1348  1.6 1950  0.6
27  Sa        719 0208  1.7 0821  0.5 1441  1.6 2044  0.6
28  Su        719 0259  1.7 0914  0.4 1538  1.7 2141  0.5
29  Mo        719 0354  1.7 1010  0.4 1636  1.7 2239  0.5
30  Tu        719 0451  1.7 1106  0.3 1733  1.8 2337  0.4
31  We        719 0550  1.8 1202  0.2 1828  1.9 9999  9.9
 1  Th        819 0034  0.3 0647  1.9 1256  0.2 1922  2.0
 2  Fr        819 0129  0.3 0743  1.9 1349  0.1 2015  2.0
 3  Sa        819 0223  0.2 0838  2.0 1441  0.1 2107  2.1
 4  Su        819 0316  0.1 0932  2.0 1533  0.1 2159  2.1
 5  Mo        819 0408  0.1 1025  2.0 1626  0.1 2252  2.1
 6  Tu        819 0501  0.1 1119  2.0 1719  0.1 2344  2.0
 7  We        819 0553  0.1 1214  1.9 1814  0.2 9999  9.9
 8  Th        819 0038  1.9 0647  0.2 1311  1.9 1910  0.3
 9  Fr        819 0132  1.9 0742  0.3 1409  1.8 2009  0.4
10  Sa        819 0227  1.8 0838  0.3 1508  1.8 2108  0.4
11  Su        819 0323  1.7 0936  0.3 1606  1.8 2207  0.5
12  Mo        819 0420  1.7 1032  0.4 1701  1.8 2304  0.5
13  Tu        819 0514  1.7 1126  0.4 1753  1.8 2356  0.5
14  We        819 0606  1.7 1216  0.4 1840  1.8 9999  9.9
15  Th        819 0045  0.4 0654  1.7 1302  0.4 1925  1.8
16  Fr        819 0131  0.4 0739  1.7 1345  0.3 2007  1.8
17  Sa        819 0214  0.4 0822  1.7 1425  0.3 2048  1.8
18  Su        819 0254  0.4 0902  1.7 1504  0.3 2126  1.8
19  Mo        819 0333  0.4 0941  1.7 1542  0.4 2204  1.8
20  Tu        819 0410  0.4 1020  1.7 1620  0.4 2242  1.8
21  We        819 0448  0.4 1058  1.7 1700  0.4 2319  1.7
22  Th        819 0527  0.4 1139  1.7 1741  0.5 2359  1.7
23  Fr        819 0609  0.4 1222  1.7 1827  0.5 9999  9.9
24  Sa        819 0042  1.7 0654  0.4 1311  1.6 1916  0.5
25  Su        819 0130  1.7 0744  0.4 1405  1.6 2012  0.5
26  Mo        819 0224  1.7 0840  0.4 1504  1.7 2111  0.5
27  Tu        819 0323  1.7 0939  0.3 1606  1.7 2213  0.4
28  We        819 0425  1.7 1039  0.3 1706  1.8 2313  0.4
29  Th        819 0527  1.8 1138  0.2 1804  1.9 9999  9.9
30  Fr        819 0012  0.3 0627  1.9 1234  0.1 1859  2.0
31  Sa        819 0108  0.2 0724  1.9 1329  0.1 1953  2.0
 1  Su        919 0202  0.1 0819  2.0 1422  0.0 2045  2.1
 2  Mo        919 0255  0.0 0913  2.0 1514  0.0 2137  2.1
 3  Tu        919 0346  0.0 1005  2.0 1606  0.1 2228  2.0
 4  We        919 0437  0.1 1058  2.0 1659  0.1 2320  2.0
 5  Th        919 0528  0.1 1151  1.9 1752  0.2 9999  9.9
 6  Fr        919 0012  1.9 0620  0.2 1246  1.9 1847  0.3
 7  Sa        919 0105  1.8 0714  0.3 1342  1.8 1945  0.4
 8  Su        919 0200  1.7 0809  0.3 1440  1.7 2043  0.5
 9  Mo        919 0256  1.7 0907  0.4 1538  1.7 2142  0.5
10  Tu        919 0353  1.6 1004  0.4 1633  1.7 2239  0.5
11  We        919 0449  1.6 1059  0.4 1725  1.7 2331  0.5
12  Th        919 0541  1.6 1150  0.4 1812  1.7 9999  9.9
13  Fr        919 0020  0.4 0630  1.7 1236  0.4 1856  1.8
14  Sa        919 0104  0.4 0714  1.7 1318  0.4 1938  1.8
15  Su        919 0145  0.4 0756  1.7 1358  0.4 2017  1.8
16  Mo        919 0223  0.3 0835  1.7 1436  0.4 2055  1.8
17  Tu        919 0301  0.3 0913  1.7 1513  0.4 2132  1.8
18  We        919 0338  0.3 0951  1.7 1552  0.4 2209  1.8
19  Th        919 0416  0.3 1029  1.7 1631  0.4 2247  1.7
20  Fr        919 0455  0.3 1109  1.7 1713  0.4 2327  1.7
21  Sa        919 0537  0.3 1152  1.7 1759  0.4 9999  9.9
22  Su        919 0011  1.7 0623  0.3 1241  1.7 1850  0.5
23  Mo        919 0100  1.7 0714  0.4 1337  1.7 1947  0.5
24  Tu        919 0157  1.7 0811  0.4 1437  1.7 2048  0.4
25  We        919 0259  1.7 0912  0.3 1540  1.8 2150  0.4
26  Th        919 0405  1.7 1015  0.3 1642  1.8 2252  0.3
27  Fr        919 0509  1.8 1116  0.2 1740  1.9 2351  0.2
28  Sa        919 0609  1.9 1214  0.1 1836  2.0 9999  9.9
29  Su        919 0048  0.1 0706  1.9 1309  0.1 1930  2.0
30  Mo        919 0141  0.0 0801  2.0 1402  0.0 2022  2.1
 1  Tu       1019 0233  0.0 0853  2.0 1454  0.1 2113  2.0
 2  We       1019 0323  0.0 0944  2.0 1545  0.1 2203  2.0
 3  Th       1019 0412  0.0 1035  2.0 1637  0.2 2254  1.9
 4  Fr       1019 0502  0.1 1126  1.9 1729  0.2 2344  1.8
 5  Sa       1019 0551  0.2 1219  1.8 1823  0.3 9999  9.9
 6  Su       1019 0036  1.7 0643  0.3 1313  1.8 1918  0.4
 7  Mo       1019 0129  1.7 0737  0.4 1409  1.7 2015  0.5
 8  Tu       1019 0225  1.6 0833  0.4 1505  1.7 2112  0.5
 9  We       1019 0322  1.6 0931  0.5 1559  1.7 2208  0.5
10  Th       1019 0419  1.6 1026  0.5 1650  1.7 2300  0.5
11  Fr       1019 0512  1.6 1118  0.5 1738  1.7 2348  0.4
12  Sa       1019 0601  1.6 1204  0.4 1822  1.7 9999  9.9
13  Su       1019 0032  0.4 0645  1.7 1247  0.4 1904  1.7
14  Mo       1019 0112  0.3 0727  1.7 1327  0.4 1944  1.8
15  Tu       1019 0151  0.3 0807  1.7 1407  0.4 2022  1.8
16  We       1019 0229  0.3 0846  1.8 1446  0.4 2101  1.8
17  Th       1019 0307  0.3 0924  1.8 1525  0.4 2139  1.8
18  Fr       1019 0346  0.3 1004  1.8 1607  0.4 2219  1.7
19  Sa       1019 0427  0.3 1045  1.8 1651  0.4 2301  1.7
20  Su       1019 0511  0.3 1130  1.7 1739  0.4 2348  1.7
21  Mo       1019 0558  0.3 1220  1.7 1831  0.4 9999  9.9
22  Tu       1019 0040  1.7 0651  0.3 1316  1.7 1928  0.4
23  We       1019 0138  1.7 0748  0.3 1416  1.8 2028  0.4
24  Th       1019 0242  1.7 0850  0.3 1518  1.8 2130  0.3
25  Fr       1019 0347  1.7 0953  0.3 1619  1.8 2232  0.3
26  Sa       1019 0452  1.8 1055  0.2 1718  1.9 2331  0.2
27  Su       1019 0552  1.9 1153  0.2 1814  1.9 9999  9.9
28  Mo       1019 0026  0.1 0648  1.9 1249  0.1 1907  2.0
29  Tu       1019 0119  0.0 0742  2.0 1342  0.1 1959  2.0
30  We       1019 0210  0.0 0833  2.0 1434  0.1 2049  2.0
31  Th       1019 0259  0.0 0923  2.0 1525  0.2 2139  1.9
 1  Fr       1119 0347  0.1 1012  2.0 1615  0.2 2227  1.9
 2  Sa       1119 0435  0.1 1101  1.9 1705  0.3 2316  1.8
 3  Su       1119 0522  0.2 1150  1.8 1756  0.4 9999  9.9
 4  Mo       1119 0005  1.7 0611  0.3 1241  1.8 1848  0.4
 5  Tu       1119 0056  1.6 0701  0.4 1333  1.7 1941  0.5
 6  We       1119 0149  1.6 0754  0.5 1426  1.7 2035  0.5
 7  Th       1119 0245  1.5 0850  0.5 1518  1.6 2129  0.5
 8  Fr       1119 0341  1.5 0945  0.5 1609  1.6 2221  0.5
 9  Sa       1119 0435  1.6 1038  0.5 1657  1.7 2309  0.4
10  Su       1119 0525  1.6 1126  0.5 1743  1.7 2354  0.4
11  Mo       1119 0612  1.6 1212  0.5 1826  1.7 9999  9.9
12  Tu       1119 0036  0.3 0656  1.7 1254  0.4 1908  1.7
13  We       1119 0117  0.3 0738  1.7 1337  0.4 1950  1.7
14  Th       1119 0158  0.3 0819  1.8 1419  0.4 2031  1.8
15  Fr       1119 0239  0.2 0900  1.8 1502  0.4 2113  1.8
16  Sa       1119 0321  0.2 0943  1.8 1546  0.3 2157  1.8
17  Su       1119 0404  0.2 1027  1.8 1633  0.3 2242  1.7
18  Mo       1119 0450  0.2 1114  1.8 1723  0.3 2332  1.7
19  Tu       1119 0539  0.2 1205  1.8 1816  0.3 9999  9.9
20  We       1119 0025  1.7 0632  0.3 1300  1.8 1912  0.3
21  Th       1119 0124  1.7 0729  0.3 1357  1.8 2010  0.3
22  Fr       1119 0227  1.7 0830  0.3 1457  1.8 2111  0.3
23  Sa       1119 0331  1.7 0933  0.3 1557  1.8 2211  0.2
24  Su       1119 0434  1.8 1034  0.3 1655  1.9 2310  0.2
25  Mo       1119 0534  1.8 1133  0.3 1751  1.9 9999  9.9
26  Tu       1119 0005  0.1 0630  1.9 1230  0.2 1845  1.9
27  We       1119 0058  0.1 0723  1.9 1323  0.2 1937  1.9
28  Th       1119 0148  0.1 0813  2.0 1414  0.2 2027  1.9
29  Fr       1119 0236  0.1 0902  2.0 1504  0.2 2115  1.8
30  Sa       1119 0323  0.1 0949  1.9 1553  0.3 2202  1.8
 1  Su       1219 0408  0.2 1035  1.9 1641  0.3 2248  1.7
 2  Mo       1219 0453  0.3 1122  1.8 1729  0.4 2335  1.7
 3  Tu       1219 0539  0.3 1208  1.8 1816  0.4 9999  9.9
 4  We       1219 0022  1.6 0625  0.4 1255  1.7 1905  0.5
 5  Th       1219 0111  1.6 0713  0.5 1343  1.7 1953  0.5
 6  Fr       1219 0202  1.5 0804  0.5 1432  1.6 2043  0.5
 7  Sa       1219 0256  1.5 0857  0.6 1521  1.6 2134  0.5
 8  Su       1219 0351  1.5 0950  0.6 1609  1.6 2223  0.5
 9  Mo       1219 0444  1.6 1042  0.6 1658  1.7 2311  0.4
10  Tu       1219 0534  1.6 1132  0.5 1745  1.7 2358  0.4
11  We       1219 0622  1.7 1219  0.5 1832  1.7 9999  9.9
12  Th       1219 0043  0.3 0708  1.8 1306  0.4 1918  1.7
13  Fr       1219 0128  0.2 0753  1.8 1353  0.4 2004  1.8
14  Sa       1219 0213  0.2 0838  1.9 1440  0.3 2051  1.8
15  Su       1219 0258  0.2 0923  1.9 1528  0.3 2139  1.8
16  Mo       1219 0344  0.1 1010  1.9 1617  0.3 2228  1.8
17  Tu       1219 0432  0.2 1059  1.9 1708  0.3 2319  1.8
18  We       1219 0523  0.2 1150  1.9 1801  0.3 9999  9.9
19  Th       1219 0013  1.8 0616  0.2 1244  1.9 1855  0.3
20  Fr       1219 0110  1.8 0712  0.3 1339  1.9 1952  0.3
21  Sa       1219 0211  1.7 0812  0.3 1436  1.9 2050  0.3
22  Su       1219 0314  1.7 0913  0.3 1534  1.8 2150  0.3
23  Mo       1219 0416  1.8 1014  0.4 1632  1.8 2248  0.2
24  Tu       1219 0515  1.8 1114  0.4 1729  1.8 2344  0.2
25  We       1219 0612  1.8 1211  0.3 1824  1.8 9999  9.9
26  Th       1219 0037  0.2 0704  1.9 1305  0.3 1916  1.8
27  Fr       1219 0127  0.2 0754  1.9 1356  0.3 2006  1.8
28  Sa       1219 0214  0.2 0841  1.9 1444  0.3 2053  1.8
29  Su       1219 0300  0.2 0926  1.9 1531  0.3 2138  1.8
30  Mo       1219 0343  0.2 1010  1.9 1616  0.4 2222  1.7
31  Tu       1219 0426  0.3 1053  1.8 1700  0.4 2305  1.7
