077Nelson
Based on data from  1-Jan-2010
Local Std Time, tidal heights in metres.
 1  Fr        121 0453  0.8 1116  4.1 1711  0.7 2330  3.9
 2  Sa        121 0531  0.7 1153  4.1 1751  0.7 9999  9.9
 3  Su        121 0013  3.9 0610  0.7 1232  4.1 1835  0.8
 4  Mo        121 0057  3.8 0651  0.8 1314  4.0 1923  0.9
 5  Tu        121 0143  3.8 0735  0.9 1402  3.9 2015  0.9
 6  We        121 0232  3.7 0826  1.0 1457  3.7 2113  1.0
 7  Th        121 0327  3.6 0927  1.2 1601  3.6 2215  1.1
 8  Fr        121 0431  3.5 1041  1.3 1710  3.6 2321  1.1
 9  Sa        121 0543  3.5 1200  1.2 1817  3.6 9999  9.9
10  Su        121 0030  1.1 0657  3.6 1310  1.1 1922  3.7
11  Mo        121 0136  1.0 0804  3.8 1408  0.9 2021  3.8
12  Tu        121 0237  0.8 0859  4.0 1500  0.8 2116  3.9
13  We        121 0331  0.7 0948  4.2 1547  0.7 2208  3.9
14  Th        121 0419  0.6 1031  4.3 1631  0.7 2255  4.0
15  Fr        121 0502  0.6 1112  4.3 1713  0.7 2339  3.9
16  Sa        121 0542  0.6 1151  4.2 1753  0.8 9999  9.9
17  Su        121 0021  3.9 0619  0.7 1229  4.1 1832  0.9
18  Mo        121 0100  3.8 0655  0.9 1308  4.0 1911  1.0
19  Tu        121 0139  3.6 0732  1.0 1348  3.8 1952  1.1
20  We        121 0219  3.5 0813  1.2 1433  3.6 2037  1.3
21  Th        121 0303  3.3 0902  1.4 1523  3.4 2126  1.4
22  Fr        121 0355  3.2 1004  1.6 1620  3.3 2222  1.5
23  Sa        121 0501  3.1 1120  1.6 1722  3.2 2326  1.5
24  Su        121 0619  3.1 1231  1.6 1823  3.2 9999  9.9
25  Mo        121 0035  1.5 0730  3.3 1328  1.4 1922  3.3
26  Tu        121 0140  1.4 0824  3.5 1416  1.2 2016  3.5
27  We        121 0234  1.2 0908  3.7 1458  1.0 2105  3.6
28  Th        121 0319  1.0 0947  3.9 1537  0.8 2151  3.8
29  Fr        121 0400  0.8 1024  4.1 1617  0.7 2235  4.0
30  Sa        121 0439  0.6 1100  4.2 1656  0.6 2317  4.1
31  Su        121 0516  0.5 1138  4.3 1737  0.5 2359  4.1
 1  Mo        221 0555  0.5 1217  4.3 1819  0.5 9999  9.9
 2  Tu        221 0040  4.1 0634  0.6 1258  4.2 1904  0.6
 3  We        221 0123  4.0 0715  0.7 1343  4.0 1951  0.8
 4  Th        221 0208  3.9 0802  0.9 1434  3.8 2043  0.9
 5  Fr        221 0258  3.7 0859  1.1 1533  3.6 2142  1.1
 6  Sa        221 0358  3.5 1012  1.3 1640  3.5 2250  1.3
 7  Su        221 0514  3.4 1140  1.4 1753  3.4 9999  9.9
 8  Mo        221 0009  1.3 0640  3.4 1258  1.3 1906  3.5
 9  Tu        221 0126  1.2 0754  3.6 1400  1.1 2013  3.6
10  We        221 0230  1.0 0851  3.9 1451  0.9 2110  3.7
11  Th        221 0323  0.9 0937  4.1 1536  0.8 2200  3.8
12  Fr        221 0407  0.7 1017  4.2 1617  0.7 2243  3.9
13  Sa        221 0445  0.6 1054  4.3 1654  0.7 2321  4.0
14  Su        221 0520  0.6 1129  4.2 1729  0.7 2357  4.0
15  Mo        221 0552  0.6 1204  4.2 1803  0.8 9999  9.9
16  Tu        221 0031  3.9 0624  0.8 1238  4.0 1836  0.9
17  We        221 0104  3.8 0656  0.9 1313  3.9 1911  1.0
18  Th        221 0138  3.6 0730  1.1 1352  3.7 1948  1.2
19  Fr        221 0214  3.5 0811  1.3 1435  3.5 2030  1.3
20  Sa        221 0255  3.3 0903  1.5 1526  3.3 2119  1.5
21  Su        221 0351  3.1 1019  1.7 1627  3.1 2222  1.6
22  Mo        221 0515  3.0 1146  1.7 1736  3.1 2343  1.6
23  Tu        221 0650  3.1 1255  1.5 1846  3.2 9999  9.9
24  We        221 0106  1.5 0756  3.3 1348  1.3 1950  3.4
25  Th        221 0209  1.3 0843  3.6 1433  1.0 2044  3.6
26  Fr        221 0257  1.0 0923  3.9 1515  0.8 2132  3.9
27  Sa        221 0339  0.7 1001  4.2 1556  0.6 2216  4.1
28  Su        221 0418  0.5 1039  4.4 1637  0.4 2258  4.3
 1  Mo        321 0457  0.4 1118  4.5 1718  0.3 2339  4.3
 2  Tu        321 0535  0.3 1157  4.4 1800  0.4 9999  9.9
 3  We        321 0020  4.3 0614  0.4 1239  4.3 1843  0.5
 4  Th        321 0102  4.2 0655  0.6 1324  4.1 1929  0.7
 5  Fr        321 0145  4.0 0741  0.9 1414  3.8 2019  0.9
 6  Sa        321 0233  3.7 0837  1.2 1511  3.6 2117  1.2
 7  Su        321 0332  3.5 0955  1.4 1619  3.3 2229  1.4
 8  Mo        321 0452  3.3 1131  1.5 1738  3.2 2356  1.5
 9  Tu        321 0628  3.3 1249  1.4 1858  3.3 9999  9.9
10  We        321 0117  1.3 0744  3.5 1349  1.2 2007  3.5
11  Th        321 0219  1.1 0837  3.8 1438  1.0 2101  3.7
12  Fr        321 0308  0.9 0919  4.0 1519  0.9 2145  3.8
13  Sa        321 0347  0.8 0956  4.1 1556  0.8 2223  4.0
14  Su        321 0422  0.7 1030  4.2 1630  0.7 2257  4.0
15  Mo        321 0453  0.6 1103  4.2 1702  0.7 2330  4.0
16  Tu        321 0523  0.6 1135  4.1 1732  0.7 9999  9.9
17  We        321 0001  4.0 0552  0.7 1207  4.0 1803  0.8
18  Th        321 0031  3.9 0622  0.9 1240  3.9 1835  0.9
19  Fr        321 0102  3.7 0654  1.0 1316  3.7 1910  1.1
20  Sa        321 0134  3.6 0731  1.3 1357  3.5 1949  1.3
21  Su        321 0211  3.4 0819  1.5 1445  3.3 2035  1.4
22  Mo        321 0259  3.1 0930  1.7 1545  3.1 2136  1.6
23  Tu        321 0416  3.0 1102  1.7 1656  3.1 2257  1.7
24  We        321 0601  3.1 1218  1.5 1812  3.2 9999  9.9
25  Th        321 0027  1.6 0717  3.3 1315  1.3 1920  3.4
26  Fr        321 0136  1.3 0809  3.6 1403  1.0 2018  3.7
27  Sa        321 0228  1.0 0852  4.0 1447  0.7 2107  4.0
28  Su        321 0312  0.7 0933  4.2 1530  0.5 2152  4.2
29  Mo        321 0353  0.4 1013  4.4 1613  0.3 2235  4.4
30  Tu        321 0433  0.3 1054  4.5 1656  0.3 2317  4.5
31  We        321 0513  0.3 1136  4.5 1739  0.3 2359  4.4
 1  Th        421 0554  0.4 1219  4.3 1824  0.5 9999  9.9
 2  Fr        421 0041  4.3 0636  0.6 1306  4.0 1911  0.7
 3  Sa        421 0125  4.0 0725  0.9 1358  3.7 2002  1.0
 4  Su        421 0214  3.7 0825  1.2 1457  3.5 2101  1.3
 5  Mo        421 0314  3.4 0948  1.5 1607  3.3 2216  1.5
 6  Tu        421 0436  3.3 1121  1.5 1727  3.2 2342  1.5
 7  We        421 0610  3.3 1233  1.4 1846  3.3 9999  9.9
 8  Th        421 0058  1.4 0722  3.5 1329  1.2 1950  3.4
 9  Fr        421 0156  1.2 0812  3.7 1414  1.0 2039  3.6
10  Sa        421 0242  1.0 0852  3.9 1453  0.9 2120  3.8
11  Su        421 0320  0.8 0927  4.0 1528  0.8 2156  3.9
12  Mo        421 0353  0.7 1000  4.1 1601  0.8 2229  4.0
13  Tu        421 0423  0.7 1032  4.1 1632  0.7 2301  4.0
14  We        421 0452  0.7 1104  4.0 1702  0.8 2331  4.0
15  Th        421 0522  0.8 1137  3.9 1733  0.8 9999  9.9
16  Fr        421 0002  3.9 0552  0.9 1211  3.8 1806  0.9
17  Sa        421 0033  3.8 0625  1.0 1247  3.6 1842  1.1
18  Su        421 0105  3.6 0703  1.2 1329  3.5 1921  1.2
19  Mo        421 0142  3.4 0752  1.4 1417  3.3 2008  1.4
20  Tu        421 0229  3.3 0859  1.6 1516  3.2 2107  1.5
21  We        421 0340  3.1 1023  1.6 1625  3.2 2223  1.6
22  Th        421 0513  3.2 1137  1.4 1738  3.2 2347  1.5
23  Fr        421 0631  3.4 1236  1.2 1846  3.5 9999  9.9
24  Sa        421 0057  1.2 0728  3.7 1328  0.9 1946  3.7
25  Su        421 0153  0.9 0816  4.0 1415  0.6 2038  4.0
26  Mo        421 0241  0.6 0901  4.2 1502  0.4 2126  4.3
27  Tu        421 0326  0.4 0945  4.4 1548  0.3 2211  4.4
28  We        421 0409  0.3 1029  4.4 1634  0.3 2255  4.5
29  Th        421 0451  0.3 1114  4.3 1720  0.4 2339  4.4
30  Fr        421 0535  0.5 1201  4.2 1808  0.5 9999  9.9
 1  Sa        521 0023  4.3 0621  0.7 1251  3.9 1856  0.8
 2  Su        521 0108  4.0 0713  1.0 1345  3.7 1949  1.0
 3  Mo        521 0159  3.7 0817  1.2 1445  3.4 2048  1.3
 4  Tu        521 0259  3.5 0936  1.4 1553  3.3 2158  1.4
 5  We        521 0414  3.3 1056  1.4 1705  3.2 2315  1.5
 6  Th        521 0536  3.3 1201  1.4 1816  3.3 9999  9.9
 7  Fr        521 0025  1.4 0643  3.5 1254  1.2 1917  3.4
 8  Sa        521 0122  1.3 0733  3.6 1339  1.1 2006  3.6
 9  Su        521 0207  1.1 0815  3.8 1419  1.0 2048  3.7
10  Mo        521 0246  0.9 0852  3.9 1455  0.9 2126  3.9
11  Tu        521 0321  0.8 0926  3.9 1529  0.9 2200  4.0
12  We        521 0353  0.8 1001  3.9 1603  0.8 2233  4.0
13  Th        521 0424  0.8 1035  3.9 1636  0.9 2306  4.0
14  Fr        521 0455  0.8 1110  3.8 1709  0.9 2338  3.9
15  Sa        521 0528  0.9 1147  3.7 1745  1.0 9999  9.9
16  Su        521 0010  3.8 0604  1.0 1226  3.6 1822  1.1
17  Mo        521 0045  3.7 0645  1.2 1310  3.5 1903  1.2
18  Tu        521 0124  3.6 0735  1.3 1359  3.4 1950  1.3
19  We        521 0212  3.4 0837  1.4 1455  3.3 2046  1.4
20  Th        521 0315  3.3 0947  1.4 1556  3.3 2153  1.4
21  Fr        521 0431  3.4 1054  1.3 1702  3.4 2308  1.4
22  Sa        521 0544  3.5 1155  1.1 1809  3.5 9999  9.9
23  Su        521 0018  1.2 0646  3.7 1250  0.9 1911  3.8
24  Mo        521 0119  0.9 0739  3.9 1343  0.7 2008  4.0
25  Tu        521 0212  0.7 0829  4.1 1434  0.5 2100  4.2
26  We        521 0300  0.5 0918  4.2 1525  0.4 2149  4.4
27  Th        521 0347  0.4 1007  4.3 1615  0.4 2236  4.4
28  Fr        521 0433  0.4 1056  4.2 1705  0.5 2321  4.4
29  Sa        521 0520  0.6 1146  4.0 1754  0.6 9999  9.9
30  Su        521 0007  4.3 0608  0.7 1238  3.9 1843  0.8
31  Mo        521 0053  4.1 0701  1.0 1332  3.7 1934  1.0
 1  Tu        621 0143  3.8 0801  1.2 1428  3.5 2027  1.2
 2  We        621 0238  3.6 0908  1.3 1527  3.4 2127  1.3
 3  Th        621 0341  3.5 1014  1.4 1628  3.3 2233  1.4
 4  Fr        621 0449  3.4 1114  1.4 1731  3.3 2340  1.4
 5  Sa        621 0552  3.4 1207  1.3 1832  3.4 9999  9.9
 6  Su        621 0039  1.3 0645  3.5 1255  1.2 1926  3.5
 7  Mo        621 0129  1.2 0731  3.6 1339  1.2 2014  3.6
 8  Tu        621 0211  1.1 0813  3.7 1420  1.1 2055  3.7
 9  We        621 0250  1.0 0852  3.7 1459  1.0 2133  3.8
10  Th        621 0325  0.9 0931  3.7 1538  1.0 2209  3.9
11  Fr        621 0359  0.9 1009  3.8 1615  0.9 2244  3.9
12  Sa        621 0434  0.9 1048  3.7 1652  0.9 2318  3.9
13  Su        621 0510  0.9 1129  3.7 1729  0.9 2353  3.9
14  Mo        621 0549  1.0 1211  3.6 1807  1.0 9999  9.9
15  Tu        621 0030  3.8 0631  1.0 1255  3.6 1848  1.0
16  We        621 0110  3.7 0719  1.1 1341  3.5 1933  1.1
17  Th        621 0156  3.7 0813  1.1 1432  3.5 2023  1.2
18  Fr        621 0252  3.6 0912  1.1 1526  3.5 2123  1.3
19  Sa        621 0356  3.5 1013  1.1 1627  3.5 2231  1.3
20  Su        621 0503  3.6 1114  1.0 1732  3.6 2343  1.2
21  Mo        621 0607  3.7 1215  0.9 1839  3.7 9999  9.9
22  Tu        621 0049  1.0 0706  3.8 1314  0.8 1942  3.9
23  We        621 0148  0.8 0802  3.9 1412  0.7 2040  4.1
24  Th        621 0241  0.7 0857  4.0 1509  0.6 2132  4.2
25  Fr        621 0331  0.6 0950  4.1 1602  0.6 2220  4.3
26  Sa        621 0419  0.6 1042  4.0 1653  0.6 2306  4.3
27  Su        621 0506  0.6 1134  4.0 1740  0.6 2351  4.3
28  Mo        621 0554  0.7 1224  3.9 1826  0.7 9999  9.9
29  Tu        621 0035  4.1 0643  0.9 1313  3.7 1911  0.9
30  We        621 0121  3.9 0733  1.0 1401  3.6 1956  1.1
 1  Th        721 0208  3.7 0826  1.2 1449  3.5 2046  1.2
 2  Fr        721 0301  3.6 0919  1.3 1540  3.4 2142  1.4
 3  Sa        721 0357  3.4 1014  1.4 1636  3.3 2246  1.5
 4  Su        721 0455  3.4 1108  1.4 1738  3.3 2351  1.5
 5  Mo        721 0552  3.4 1202  1.4 1842  3.3 9999  9.9
 6  Tu        721 0049  1.4 0645  3.4 1256  1.3 1939  3.4
 7  We        721 0139  1.3 0735  3.5 1347  1.3 2028  3.6
 8  Th        721 0222  1.1 0821  3.5 1435  1.2 2110  3.7
 9  Fr        721 0302  1.0 0906  3.6 1518  1.1 2149  3.8
10  Sa        721 0339  0.9 0949  3.7 1558  1.0 2225  4.0
11  Su        721 0416  0.8 1032  3.7 1637  0.9 2300  4.0
12  Mo        721 0454  0.8 1114  3.8 1714  0.8 2336  4.0
13  Tu        721 0533  0.8 1155  3.8 1751  0.8 9999  9.9
14  We        721 0013  4.0 0614  0.8 1237  3.8 1830  0.8
15  Th        721 0053  4.0 0659  0.8 1320  3.8 1911  0.9
16  Fr        721 0137  3.9 0747  0.9 1406  3.7 1958  1.0
17  Sa        721 0227  3.8 0839  1.0 1455  3.7 2052  1.1
18  Su        721 0324  3.7 0936  1.0 1552  3.6 2158  1.2
19  Mo        721 0428  3.6 1038  1.1 1659  3.5 2315  1.2
20  Tu        721 0535  3.6 1145  1.1 1813  3.6 9999  9.9
21  We        721 0029  1.2 0641  3.6 1254  1.0 1925  3.7
22  Th        721 0134  1.0 0745  3.7 1400  0.9 2027  3.9
23  Fr        721 0230  0.8 0845  3.8 1500  0.8 2120  4.1
24  Sa        721 0320  0.7 0941  3.9 1553  0.7 2207  4.3
25  Su        721 0407  0.6 1032  4.0 1640  0.6 2251  4.3
26  Mo        721 0452  0.6 1120  4.0 1722  0.6 2332  4.3
27  Tu        721 0535  0.7 1204  3.9 1802  0.7 9999  9.9
28  We        721 0012  4.2 0616  0.8 1245  3.9 1840  0.8
29  Th        721 0052  4.0 0657  0.9 1325  3.7 1919  1.0
30  Fr        721 0133  3.8 0738  1.1 1406  3.6 1959  1.1
31  Sa        721 0217  3.6 0821  1.2 1448  3.4 2047  1.3
 1  Su        821 0306  3.5 0908  1.3 1537  3.3 2146  1.5
 2  Mo        821 0400  3.3 1002  1.5 1637  3.2 2300  1.6
 3  Tu        821 0500  3.2 1103  1.5 1752  3.1 9999  9.9
 4  We        821 0011  1.6 0601  3.2 1211  1.5 1906  3.2
 5  Th        821 0110  1.4 0700  3.3 1318  1.4 2004  3.4
 6  Fr        821 0158  1.3 0756  3.4 1414  1.3 2050  3.6
 7  Sa        821 0240  1.1 0846  3.5 1500  1.1 2128  3.8
 8  Su        821 0319  0.9 0932  3.7 1541  0.9 2205  4.0
 9  Mo        821 0357  0.7 1015  3.9 1618  0.8 2240  4.2
10  Tu        821 0435  0.6 1056  4.0 1655  0.6 2316  4.2
11  We        821 0514  0.6 1136  4.1 1731  0.6 2353  4.2
12  Th        821 0554  0.6 1216  4.1 1808  0.6 9999  9.9
13  Fr        821 0032  4.2 0636  0.6 1257  4.0 1848  0.7
14  Sa        821 0114  4.0 0720  0.7 1339  3.9 1932  0.9
15  Su        821 0202  3.9 0809  0.9 1426  3.8 2024  1.1
16  Mo        821 0257  3.7 0905  1.0 1522  3.6 2131  1.3
17  Tu        821 0402  3.5 1009  1.2 1631  3.4 2257  1.4
18  We        821 0514  3.4 1126  1.3 1756  3.4 9999  9.9
19  Th        821 0021  1.3 0628  3.4 1245  1.2 1916  3.6
20  Fr        821 0128  1.1 0739  3.5 1356  1.1 2019  3.8
21  Sa        821 0223  0.9 0840  3.7 1453  0.9 2109  4.1
22  Su        821 0310  0.7 0933  3.9 1541  0.7 2153  4.2
23  Mo        821 0353  0.6 1019  4.0 1622  0.6 2232  4.3
24  Tu        821 0433  0.6 1100  4.1 1659  0.5 2309  4.3
25  We        821 0510  0.6 1138  4.0 1734  0.6 2345  4.2
26  Th        821 0545  0.7 1214  4.0 1807  0.7 9999  9.9
27  Fr        821 0020  4.1 0619  0.8 1248  3.9 1839  0.9
28  Sa        821 0056  3.9 0654  0.9 1322  3.7 1914  1.1
29  Su        821 0135  3.7 0731  1.1 1359  3.5 1955  1.3
30  Mo        821 0218  3.5 0813  1.3 1441  3.3 2048  1.5
31  Tu        821 0310  3.3 0902  1.5 1536  3.1 2205  1.7
 1  We        921 0411  3.1 1005  1.6 1657  3.0 2334  1.7
 2  Th        921 0520  3.1 1126  1.7 1831  3.1 9999  9.9
 3  Fr        921 0042  1.5 0630  3.2 1249  1.6 1938  3.3
 4  Sa        921 0133  1.3 0732  3.3 1351  1.3 2025  3.6
 5  Su        921 0216  1.0 0826  3.6 1438  1.1 2103  3.9
 6  Mo        921 0256  0.8 0912  3.8 1518  0.8 2140  4.1
 7  Tu        921 0334  0.6 0954  4.0 1555  0.6 2215  4.3
 8  We        921 0412  0.4 1034  4.2 1631  0.5 2252  4.4
 9  Th        921 0451  0.4 1113  4.3 1708  0.4 2329  4.4
10  Fr        921 0531  0.4 1153  4.3 1745  0.4 9999  9.9
11  Sa        921 0009  4.3 0613  0.5 1233  4.2 1825  0.6
12  Su        921 0052  4.1 0657  0.6 1315  4.1 1909  0.8
13  Mo        921 0140  3.9 0745  0.9 1402  3.8 2002  1.1
14  Tu        921 0236  3.6 0841  1.1 1458  3.6 2114  1.4
15  We        921 0344  3.4 0951  1.3 1612  3.3 2252  1.5
16  Th        921 0503  3.3 1117  1.4 1747  3.3 9999  9.9
17  Fr        921 0018  1.4 0625  3.3 1242  1.3 1910  3.5
18  Sa        921 0121  1.2 0736  3.5 1348  1.1 2008  3.8
19  Su        921 0212  0.9 0833  3.7 1440  0.9 2054  4.0
20  Mo        921 0255  0.8 0920  3.9 1522  0.7 2132  4.2
21  Tu        921 0334  0.6 1000  4.0 1559  0.6 2208  4.3
22  We        921 0409  0.6 1036  4.1 1633  0.5 2242  4.3
23  Th        921 0442  0.6 1110  4.1 1703  0.6 2315  4.2
24  Fr        921 0514  0.6 1142  4.1 1733  0.7 2347  4.1
25  Sa        921 0545  0.7 1213  4.0 1804  0.8 9999  9.9
26  Su        921 0021  3.9 0617  0.9 1245  3.8 1836  1.0
27  Mo        921 0057  3.7 0652  1.1 1318  3.6 1914  1.3
28  Tu        921 0138  3.5 0731  1.2 1356  3.4 2002  1.5
29  We        921 0228  3.2 0818  1.5 1445  3.2 2115  1.7
30  Th        921 0329  3.1 0919  1.6 1602  3.0 2251  1.7
 1  Fr       1021 0442  3.0 1042  1.7 1745  3.1 9999  9.9
 2  Sa       1021 0006  1.5 0558  3.1 1211  1.6 1901  3.3
 3  Su       1021 0101  1.3 0704  3.3 1318  1.4 1950  3.6
 4  Mo       1021 0146  1.0 0759  3.6 1407  1.1 2031  3.9
 5  Tu       1021 0227  0.7 0846  3.9 1449  0.8 2110  4.2
 6  We       1021 0307  0.5 0929  4.2 1528  0.5 2147  4.4
 7  Th       1021 0347  0.3 1010  4.4 1606  0.3 2226  4.5
 8  Fr       1021 0428  0.2 1050  4.5 1645  0.3 2306  4.5
 9  Sa       1021 0510  0.3 1131  4.5 1724  0.4 2348  4.3
10  Su       1021 0553  0.4 1212  4.3 1806  0.5 9999  9.9
11  Mo       1021 0034  4.1 0639  0.6 1256  4.1 1852  0.8
12  Tu       1021 0124  3.8 0729  0.9 1344  3.8 1949  1.1
13  We       1021 0223  3.5 0827  1.2 1442  3.6 2108  1.4
14  Th       1021 0334  3.3 0939  1.4 1559  3.3 2246  1.5
15  Fr       1021 0455  3.2 1106  1.5 1734  3.3 9999  9.9
16  Sa       1021 0005  1.4 0616  3.3 1227  1.4 1852  3.5
17  Su       1021 0104  1.2 0723  3.5 1330  1.2 1946  3.8
18  Mo       1021 0152  1.0 0815  3.7 1418  1.0 2029  4.0
19  Tu       1021 0233  0.8 0858  3.9 1458  0.8 2106  4.1
20  We       1021 0309  0.7 0936  4.0 1533  0.7 2140  4.2
21  Th       1021 0343  0.7 1010  4.1 1605  0.6 2213  4.2
22  Fr       1021 0414  0.6 1043  4.1 1635  0.6 2245  4.1
23  Sa       1021 0445  0.7 1114  4.1 1704  0.7 2318  4.0
24  Su       1021 0517  0.8 1145  4.0 1735  0.8 2352  3.8
25  Mo       1021 0549  0.9 1216  3.9 1808  1.0 9999  9.9
26  Tu       1021 0028  3.7 0624  1.0 1249  3.7 1845  1.2
27  We       1021 0109  3.5 0703  1.2 1326  3.5 1932  1.4
28  Th       1021 0157  3.3 0748  1.4 1412  3.3 2038  1.6
29  Fr       1021 0256  3.1 0845  1.5 1518  3.1 2202  1.6
30  Sa       1021 0405  3.1 0959  1.6 1650  3.1 2319  1.5
31  Su       1021 0518  3.2 1124  1.6 1809  3.3 9999  9.9
 1  Mo       1121 0018  1.3 0626  3.4 1235  1.3 1906  3.6
 2  Tu       1121 0108  1.0 0724  3.6 1330  1.0 1953  3.9
 3  We       1121 0153  0.7 0815  3.9 1417  0.8 2036  4.2
 4  Th       1121 0238  0.5 0902  4.2 1501  0.5 2119  4.3
 5  Fr       1121 0322  0.3 0946  4.4 1543  0.3 2201  4.4
 6  Sa       1121 0407  0.3 1029  4.5 1625  0.3 2245  4.4
 7  Su       1121 0453  0.3 1112  4.5 1707  0.4 2332  4.2
 8  Mo       1121 0539  0.4 1156  4.4 1753  0.6 9999  9.9
 9  Tu       1121 0021  4.0 0627  0.6 1242  4.2 1842  0.8
10  We       1121 0114  3.8 0719  0.9 1331  3.9 1942  1.1
11  Th       1121 0214  3.5 0816  1.1 1429  3.6 2058  1.3
12  Fr       1121 0321  3.3 0923  1.3 1540  3.4 2223  1.4
13  Sa       1121 0434  3.3 1041  1.4 1702  3.4 2335  1.3
14  Su       1121 0548  3.3 1156  1.4 1815  3.5 9999  9.9
15  Mo       1121 0033  1.2 0653  3.4 1258  1.2 1911  3.6
16  Tu       1121 0121  1.1 0747  3.6 1348  1.1 1955  3.8
17  We       1121 0203  1.0 0831  3.8 1429  0.9 2034  3.9
18  Th       1121 0241  0.9 0910  3.9 1505  0.8 2110  4.0
19  Fr       1121 0317  0.8 0946  4.0 1539  0.8 2144  4.0
20  Sa       1121 0350  0.8 1019  4.0 1610  0.7 2219  3.9
21  Su       1121 0423  0.8 1051  4.0 1642  0.8 2254  3.9
22  Mo       1121 0456  0.8 1124  4.0 1714  0.9 2330  3.8
23  Tu       1121 0531  0.9 1156  3.9 1749  1.0 9999  9.9
24  We       1121 0009  3.6 0606  1.0 1230  3.8 1828  1.1
25  Th       1121 0050  3.5 0645  1.1 1307  3.6 1914  1.3
26  Fr       1121 0136  3.4 0728  1.2 1351  3.5 2010  1.4
27  Sa       1121 0228  3.3 0818  1.4 1447  3.4 2116  1.4
28  Su       1121 0327  3.2 0920  1.5 1558  3.3 2224  1.4
29  Mo       1121 0432  3.3 1033  1.5 1712  3.4 2327  1.2
30  Tu       1121 0540  3.4 1147  1.3 1817  3.6 9999  9.9
 1  We       1221 0024  1.0 0644  3.6 1252  1.1 1913  3.8
 2  Th       1221 0118  0.8 0743  3.8 1347  0.8 2004  4.0
 3  Fr       1221 0210  0.6 0837  4.1 1436  0.6 2053  4.2
 4  Sa       1221 0301  0.5 0926  4.3 1523  0.5 2141  4.2
 5  Su       1221 0351  0.4 1013  4.4 1610  0.4 2230  4.2
 6  Mo       1221 0441  0.4 1058  4.5 1656  0.5 2321  4.1
 7  Tu       1221 0530  0.5 1144  4.4 1744  0.6 9999  9.9
 8  We       1221 0012  4.0 0618  0.6 1230  4.2 1835  0.8
 9  Th       1221 0105  3.8 0707  0.8 1318  4.0 1931  1.0
10  Fr       1221 0200  3.6 0759  1.0 1411  3.8 2034  1.2
11  Sa       1221 0257  3.5 0855  1.2 1511  3.6 2141  1.3
12  Su       1221 0357  3.3 1000  1.4 1617  3.5 2246  1.3
13  Mo       1221 0502  3.3 1110  1.4 1724  3.4 2345  1.3
14  Tu       1221 0608  3.3 1216  1.4 1823  3.5 9999  9.9
15  We       1221 0038  1.3 0709  3.4 1312  1.3 1913  3.5
16  Th       1221 0127  1.2 0801  3.6 1359  1.1 1958  3.6
17  Fr       1221 0212  1.1 0845  3.7 1439  1.0 2040  3.7
18  Sa       1221 0253  1.0 0924  3.8 1516  0.9 2119  3.7
19  Su       1221 0332  1.0 1000  3.9 1551  0.9 2158  3.8
20  Mo       1221 0409  0.9 1034  4.0 1625  0.9 2237  3.8
21  Tu       1221 0444  0.9 1108  4.0 1659  0.9 2316  3.7
22  We       1221 0518  0.9 1141  4.0 1736  0.9 2355  3.7
23  Th       1221 0553  0.9 1215  3.9 1814  1.0 9999  9.9
24  Fr       1221 0036  3.7 0630  0.9 1252  3.8 1856  1.0
25  Sa       1221 0118  3.6 0709  1.0 1332  3.7 1944  1.1
26  Su       1221 0202  3.5 0753  1.1 1419  3.6 2036  1.2
27  Mo       1221 0251  3.5 0844  1.2 1516  3.5 2134  1.2
28  Tu       1221 0347  3.4 0947  1.3 1622  3.5 2236  1.2
29  We       1221 0452  3.4 1101  1.3 1730  3.5 2340  1.1
30  Th       1221 0604  3.5 1216  1.2 1834  3.7 9999  9.9
31  Fr       1221 0044  1.0 0714  3.7 1321  1.0 1935  3.8
