077Nelson
Based on data from  1-Jul-2008
Local Std Time, tidal heights in metres.
 1  We        120 0127  3.6 0720  1.1 1335  3.7 1938  1.2
 2  Th        120 0209  3.4 0801  1.2 1420  3.6 2026  1.3
 3  Fr        120 0255  3.3 0849  1.4 1511  3.4 2119  1.4
 4  Sa        120 0346  3.2 0948  1.5 1610  3.3 2216  1.4
 5  Su        120 0447  3.1 1058  1.6 1712  3.3 2316  1.4
 6  Mo        120 0557  3.2 1208  1.5 1811  3.3 9999  9.9
 7  Tu        120 0016  1.4 0704  3.3 1308  1.3 1907  3.5
 8  We        120 0115  1.3 0801  3.5 1357  1.1 1958  3.6
 9  Th        120 0209  1.1 0849  3.7 1442  0.9 2048  3.8
10  Fr        120 0259  0.9 0933  4.0 1525  0.7 2136  3.9
11  Sa        120 0346  0.7 1014  4.2 1608  0.6 2223  4.0
12  Su        120 0431  0.6 1055  4.3 1652  0.5 2311  4.1
13  Mo        120 0514  0.5 1137  4.4 1737  0.5 2357  4.1
14  Tu        120 0558  0.5 1220  4.3 1823  0.5 9999  9.9
15  We        120 0044  4.1 0642  0.6 1305  4.2 1913  0.6
16  Th        120 0132  4.0 0727  0.7 1354  4.1 2005  0.8
17  Fr        120 0222  3.9 0818  0.9 1448  3.8 2102  0.9
18  Sa        120 0315  3.7 0917  1.1 1549  3.7 2203  1.1
19  Su        120 0416  3.5 1030  1.3 1656  3.5 2309  1.2
20  Mo        120 0528  3.4 1150  1.3 1804  3.5 9999  9.9
21  Tu        120 0018  1.2 0644  3.5 1300  1.3 1909  3.5
22  We        120 0125  1.1 0751  3.6 1358  1.1 2008  3.6
23  Th        120 0224  1.0 0846  3.8 1447  1.0 2101  3.7
24  Fr        120 0315  0.9 0931  4.0 1529  0.9 2148  3.8
25  Sa        120 0359  0.8 1010  4.1 1608  0.8 2231  3.8
26  Su        120 0437  0.7 1046  4.2 1644  0.8 2310  3.9
27  Mo        120 0512  0.7 1121  4.2 1718  0.8 2347  3.9
28  Tu        120 0544  0.7 1155  4.1 1752  0.8 9999  9.9
29  We        120 0023  3.8 0616  0.8 1229  4.0 1827  0.9
30  Th        120 0057  3.7 0649  0.9 1305  3.9 1903  1.0
31  Fr        120 0132  3.6 0723  1.0 1343  3.7 1942  1.1
 1  Sa        220 0209  3.5 0803  1.2 1426  3.6 2024  1.2
 2  Su        220 0249  3.3 0850  1.4 1515  3.4 2112  1.4
 3  Mo        220 0339  3.2 0953  1.6 1613  3.3 2209  1.5
 4  Tu        220 0447  3.1 1113  1.6 1717  3.2 2317  1.5
 5  We        220 0613  3.1 1228  1.5 1824  3.3 9999  9.9
 6  Th        220 0033  1.4 0728  3.4 1328  1.3 1927  3.5
 7  Fr        220 0143  1.2 0825  3.7 1420  1.0 2026  3.7
 8  Sa        220 0241  1.0 0913  4.0 1507  0.7 2120  3.9
 9  Su        220 0332  0.7 0957  4.3 1552  0.5 2210  4.1
10  Mo        220 0417  0.5 1039  4.4 1637  0.4 2257  4.3
11  Tu        220 0501  0.3 1121  4.5 1722  0.3 2343  4.4
12  We        220 0543  0.3 1204  4.5 1807  0.3 9999  9.9
13  Th        220 0028  4.3 0625  0.4 1248  4.4 1854  0.5
14  Fr        220 0112  4.2 0708  0.6 1334  4.2 1942  0.7
15  Sa        220 0158  4.0 0754  0.8 1424  3.9 2033  0.9
16  Su        220 0246  3.7 0849  1.1 1520  3.6 2130  1.1
17  Mo        220 0343  3.5 1000  1.4 1624  3.4 2236  1.3
18  Tu        220 0455  3.3 1127  1.5 1736  3.3 2353  1.4
19  We        220 0621  3.3 1244  1.4 1849  3.3 9999  9.9
20  Th        220 0109  1.4 0737  3.4 1344  1.3 1956  3.4
21  Fr        220 0212  1.2 0832  3.6 1432  1.1 2051  3.5
22  Sa        220 0302  1.1 0915  3.8 1513  1.0 2136  3.7
23  Su        220 0342  0.9 0952  4.0 1550  0.9 2216  3.8
24  Mo        220 0417  0.8 1026  4.1 1623  0.8 2251  3.9
25  Tu        220 0449  0.7 1058  4.2 1655  0.7 2324  3.9
26  We        220 0519  0.7 1130  4.2 1726  0.7 2356  3.9
27  Th        220 0548  0.7 1202  4.1 1757  0.8 9999  9.9
28  Fr        220 0027  3.9 0618  0.8 1235  4.0 1830  0.9
29  Sa        220 0058  3.8 0649  0.9 1310  3.8 1905  1.0
 1  Su        320 0130  3.6 0724  1.1 1348  3.6 1943  1.1
 2  Mo        320 0204  3.5 0806  1.3 1432  3.5 2026  1.3
 3  Tu        320 0247  3.3 0904  1.5 1527  3.3 2121  1.4
 4  We        320 0349  3.2 1025  1.6 1633  3.2 2231  1.5
 5  Th        320 0523  3.1 1152  1.5 1748  3.2 2357  1.5
 6  Fr        320 0654  3.3 1301  1.3 1901  3.4 9999  9.9
 7  Sa        320 0118  1.3 0759  3.6 1356  1.0 2005  3.7
 8  Su        320 0221  1.0 0850  4.0 1446  0.7 2102  4.0
 9  Mo        320 0312  0.6 0935  4.3 1532  0.4 2152  4.2
10  Tu        320 0358  0.4 1018  4.5 1618  0.2 2239  4.4
11  We        320 0441  0.2 1101  4.6 1702  0.2 2323  4.5
12  Th        320 0522  0.2 1143  4.6 1747  0.2 9999  9.9
13  Fr        320 0006  4.5 0603  0.3 1227  4.4 1832  0.4
14  Sa        320 0049  4.3 0645  0.6 1312  4.2 1918  0.6
15  Su        320 0132  4.1 0730  0.9 1400  3.9 2006  0.9
16  Mo        320 0218  3.8 0823  1.2 1454  3.6 2100  1.2
17  Tu        320 0312  3.5 0934  1.4 1557  3.3 2206  1.4
18  We        320 0423  3.2 1105  1.6 1711  3.2 2327  1.5
19  Th        320 0554  3.2 1224  1.5 1830  3.2 9999  9.9
20  Fr        320 0047  1.5 0715  3.3 1323  1.4 1939  3.3
21  Sa        320 0150  1.3 0810  3.5 1410  1.2 2032  3.5
22  Su        320 0238  1.1 0851  3.8 1450  1.0 2115  3.7
23  Mo        320 0317  0.9 0926  3.9 1525  0.9 2152  3.8
24  Tu        320 0351  0.8 0959  4.1 1557  0.8 2226  3.9
25  We        320 0421  0.7 1031  4.1 1627  0.7 2257  4.0
26  Th        320 0450  0.7 1102  4.1 1658  0.7 2328  4.0
27  Fr        320 0519  0.7 1133  4.1 1728  0.8 2358  4.0
28  Sa        320 0548  0.7 1206  4.0 1800  0.8 9999  9.9
29  Su        320 0028  3.9 0619  0.9 1240  3.8 1834  0.9
30  Mo        320 0059  3.7 0654  1.0 1318  3.6 1912  1.1
31  Tu        320 0133  3.6 0737  1.2 1402  3.5 1956  1.2
 1  We        420 0216  3.4 0834  1.4 1457  3.3 2051  1.4
 2  Th        420 0316  3.2 0955  1.5 1605  3.2 2203  1.5
 3  Fr        420 0448  3.2 1122  1.4 1721  3.3 2330  1.4
 4  Sa        420 0621  3.4 1232  1.2 1836  3.5 9999  9.9
 5  Su        420 0052  1.2 0729  3.7 1329  0.9 1943  3.7
 6  Mo        420 0155  0.9 0822  4.0 1420  0.6 2040  4.0
 7  Tu        420 0248  0.6 0909  4.3 1508  0.4 2130  4.3
 8  We        420 0334  0.4 0953  4.5 1555  0.2 2217  4.5
 9  Th        420 0417  0.2 1037  4.5 1640  0.2 2301  4.5
10  Fr        420 0459  0.3 1120  4.5 1725  0.3 2344  4.5
11  Sa        420 0540  0.4 1204  4.3 1810  0.5 9999  9.9
12  Su        420 0026  4.3 0622  0.6 1250  4.0 1855  0.7
13  Mo        420 0108  4.1 0707  0.9 1338  3.7 1942  1.0
14  Tu        420 0153  3.8 0800  1.2 1432  3.5 2035  1.3
15  We        420 0245  3.5 0910  1.5 1534  3.2 2138  1.5
16  Th        420 0352  3.2 1037  1.6 1645  3.1 2256  1.6
17  Fr        420 0518  3.2 1152  1.5 1801  3.1 9999  9.9
18  Sa        420 0013  1.5 0637  3.3 1250  1.4 1908  3.3
19  Su        420 0116  1.4 0733  3.5 1337  1.2 2001  3.4
20  Mo        420 0204  1.2 0815  3.7 1416  1.1 2045  3.6
21  Tu        420 0244  1.0 0852  3.8 1452  0.9 2122  3.8
22  We        420 0318  0.9 0926  4.0 1525  0.8 2156  3.9
23  Th        420 0350  0.8 0959  4.0 1557  0.8 2229  4.0
24  Fr        420 0420  0.7 1031  4.0 1629  0.8 2300  4.0
25  Sa        420 0450  0.7 1105  4.0 1701  0.8 2332  4.0
26  Su        420 0522  0.8 1139  3.9 1735  0.8 9999  9.9
27  Mo        420 0003  3.9 0556  0.9 1216  3.8 1812  0.9
28  Tu        420 0037  3.8 0634  1.0 1257  3.6 1853  1.0
29  We        420 0115  3.7 0720  1.2 1345  3.5 1939  1.2
30  Th        420 0201  3.5 0820  1.3 1442  3.4 2036  1.3
 1  Fr        520 0303  3.4 0937  1.4 1548  3.3 2145  1.4
 2  Sa        520 0425  3.3 1055  1.3 1700  3.4 2307  1.3
 3  Su        520 0549  3.5 1202  1.1 1811  3.5 9999  9.9
 4  Mo        520 0024  1.2 0656  3.7 1300  0.9 1917  3.8
 5  Tu        520 0128  0.9 0751  4.0 1353  0.6 2015  4.0
 6  We        520 0221  0.7 0841  4.2 1443  0.5 2107  4.3
 7  Th        520 0309  0.5 0927  4.3 1531  0.4 2154  4.4
 8  Fr        520 0354  0.4 1012  4.4 1618  0.3 2239  4.5
 9  Sa        520 0437  0.4 1057  4.3 1704  0.4 2322  4.4
10  Su        520 0519  0.5 1143  4.1 1750  0.6 9999  9.9
11  Mo        520 0004  4.2 0601  0.7 1230  3.9 1835  0.8
12  Tu        520 0046  4.0 0647  1.0 1319  3.7 1921  1.0
13  We        520 0130  3.8 0739  1.2 1411  3.4 2011  1.2
14  Th        520 0220  3.5 0843  1.4 1509  3.3 2108  1.4
15  Fr        520 0320  3.3 0957  1.5 1612  3.2 2215  1.5
16  Sa        520 0432  3.3 1106  1.5 1719  3.2 2326  1.5
17  Su        520 0544  3.3 1203  1.4 1823  3.2 9999  9.9
18  Mo        520 0030  1.4 0643  3.4 1252  1.3 1919  3.4
19  Tu        520 0122  1.3 0730  3.6 1334  1.2 2007  3.5
20  We        520 0206  1.1 0811  3.7 1413  1.0 2048  3.7
21  Th        520 0243  1.0 0849  3.8 1450  1.0 2125  3.8
22  Fr        520 0318  0.9 0925  3.9 1526  0.9 2201  3.9
23  Sa        520 0352  0.8 1001  3.9 1602  0.8 2235  4.0
24  Su        520 0425  0.8 1039  3.9 1639  0.8 2310  4.0
25  Mo        520 0501  0.8 1118  3.8 1718  0.8 2345  4.0
26  Tu        520 0539  0.8 1200  3.8 1758  0.9 9999  9.9
27  We        520 0023  3.9 0622  0.9 1245  3.7 1841  1.0
28  Th        520 0104  3.8 0712  1.0 1335  3.6 1929  1.1
29  Fr        520 0153  3.7 0811  1.1 1431  3.5 2024  1.2
30  Sa        520 0253  3.6 0918  1.2 1531  3.5 2129  1.2
31  Su        520 0404  3.5 1026  1.1 1636  3.5 2242  1.2
 1  Mo        620 0517  3.6 1131  1.0 1744  3.6 2356  1.1
 2  Tu        620 0623  3.7 1230  0.9 1850  3.8 9999  9.9
 3  We        620 0101  1.0 0720  3.9 1326  0.7 1950  4.0
 4  Th        620 0157  0.8 0813  4.0 1419  0.6 2044  4.1
 5  Fr        620 0247  0.6 0902  4.1 1511  0.6 2134  4.3
 6  Sa        620 0333  0.6 0950  4.1 1600  0.5 2219  4.3
 7  Su        620 0417  0.6 1038  4.1 1647  0.6 2302  4.3
 8  Mo        620 0500  0.7 1125  3.9 1732  0.7 2344  4.2
 9  Tu        620 0543  0.8 1212  3.8 1816  0.8 9999  9.9
10  We        620 0025  4.0 0627  1.0 1259  3.6 1859  1.0
11  Th        620 0108  3.8 0714  1.1 1347  3.5 1943  1.2
12  Fr        620 0153  3.6 0807  1.3 1437  3.4 2031  1.3
13  Sa        620 0245  3.5 0906  1.4 1529  3.3 2127  1.4
14  Su        620 0343  3.4 1005  1.4 1626  3.2 2230  1.5
15  Mo        620 0446  3.3 1103  1.4 1727  3.2 2336  1.5
16  Tu        620 0545  3.4 1156  1.4 1828  3.3 9999  9.9
17  We        620 0035  1.4 0639  3.4 1245  1.3 1924  3.4
18  Th        620 0125  1.3 0726  3.5 1331  1.2 2013  3.6
19  Fr        620 0209  1.1 0810  3.6 1416  1.1 2056  3.7
20  Sa        620 0248  1.0 0853  3.7 1459  1.0 2135  3.9
21  Su        620 0327  0.9 0935  3.8 1541  0.9 2213  4.0
22  Mo        620 0405  0.8 1018  3.8 1623  0.8 2251  4.1
23  Tu        620 0445  0.7 1102  3.9 1705  0.8 2330  4.1
24  We        620 0527  0.7 1148  3.9 1747  0.8 9999  9.9
25  Th        620 0011  4.1 0612  0.8 1235  3.8 1831  0.8
26  Fr        620 0054  4.0 0701  0.8 1324  3.8 1918  0.9
27  Sa        620 0143  3.9 0756  0.9 1415  3.7 2009  1.0
28  Su        620 0238  3.8 0855  1.0 1510  3.7 2108  1.1
29  Mo        620 0340  3.7 0956  1.0 1610  3.6 2216  1.2
30  Tu        620 0446  3.6 1059  1.0 1715  3.6 2330  1.2
 1  We        720 0551  3.7 1201  1.0 1824  3.7 9999  9.9
 2  Th        720 0039  1.1 0653  3.7 1302  0.9 1929  3.8
 3  Fr        720 0138  1.0 0750  3.8 1401  0.9 2027  3.9
 4  Sa        720 0230  0.8 0843  3.9 1456  0.8 2118  4.1
 5  Su        720 0318  0.8 0934  3.9 1547  0.7 2203  4.2
 6  Mo        720 0402  0.7 1023  3.9 1633  0.7 2245  4.2
 7  Tu        720 0443  0.7 1109  3.9 1715  0.7 2325  4.2
 8  We        720 0524  0.8 1153  3.8 1754  0.8 9999  9.9
 9  Th        720 0004  4.1 0604  0.9 1236  3.7 1832  0.9
10  Fr        720 0042  3.9 0645  1.0 1317  3.6 1910  1.0
11  Sa        720 0123  3.8 0728  1.1 1359  3.5 1950  1.2
12  Su        720 0207  3.6 0813  1.2 1442  3.4 2036  1.3
13  Mo        720 0256  3.5 0902  1.3 1530  3.3 2131  1.5
14  Tu        720 0350  3.4 0955  1.4 1625  3.2 2236  1.5
15  We        720 0448  3.3 1051  1.4 1730  3.2 2345  1.5
16  Th        720 0546  3.3 1150  1.4 1837  3.3 9999  9.9
17  Fr        720 0046  1.4 0642  3.4 1248  1.3 1938  3.4
18  Sa        720 0137  1.2 0735  3.5 1345  1.2 2028  3.6
19  Su        720 0223  1.0 0825  3.6 1436  1.1 2113  3.8
20  Mo        720 0305  0.9 0914  3.8 1524  0.9 2154  4.0
21  Tu        720 0347  0.7 1001  3.9 1609  0.7 2234  4.2
22  We        720 0429  0.6 1048  4.0 1651  0.6 2314  4.3
23  Th        720 0512  0.5 1134  4.1 1734  0.5 2356  4.3
24  Fr        720 0557  0.5 1220  4.1 1816  0.6 9999  9.9
25  Sa        720 0039  4.2 0645  0.6 1306  4.0 1900  0.7
26  Su        720 0126  4.1 0734  0.7 1354  3.9 1948  0.8
27  Mo        720 0217  3.9 0828  0.8 1444  3.8 2043  1.0
28  Tu        720 0314  3.7 0925  1.0 1541  3.6 2149  1.2
29  We        720 0417  3.6 1028  1.1 1646  3.5 2307  1.3
30  Th        720 0524  3.5 1136  1.2 1801  3.5 9999  9.9
31  Fr        720 0023  1.3 0631  3.5 1246  1.1 1914  3.6
 1  Sa        820 0126  1.1 0734  3.6 1350  1.1 2015  3.8
 2  Su        820 0219  1.0 0832  3.7 1447  0.9 2106  3.9
 3  Mo        820 0305  0.9 0924  3.8 1535  0.8 2149  4.1
 4  Tu        820 0347  0.8 1011  3.8 1617  0.7 2227  4.2
 5  We        820 0426  0.7 1053  3.9 1654  0.7 2304  4.2
 6  Th        820 0502  0.7 1132  3.9 1729  0.7 2339  4.1
 7  Fr        820 0537  0.8 1208  3.8 1802  0.8 9999  9.9
 8  Sa        820 0014  4.1 0612  0.9 1244  3.8 1835  0.9
 9  Su        820 0050  3.9 0648  1.0 1319  3.7 1909  1.0
10  Mo        820 0128  3.8 0726  1.1 1355  3.5 1948  1.2
11  Tu        820 0210  3.6 0808  1.2 1435  3.4 2035  1.4
12  We        820 0258  3.4 0855  1.3 1523  3.2 2136  1.5
13  Th        820 0354  3.3 0949  1.5 1626  3.1 2254  1.6
14  Fr        820 0456  3.2 1054  1.5 1747  3.1 9999  9.9
15  Sa        820 0009  1.5 0601  3.3 1208  1.5 1904  3.3
16  Su        820 0109  1.3 0704  3.4 1318  1.3 2003  3.6
17  Mo        820 0159  1.1 0802  3.6 1416  1.1 2050  3.9
18  Tu        820 0244  0.8 0855  3.8 1506  0.8 2133  4.1
19  We        820 0328  0.6 0945  4.0 1551  0.6 2214  4.4
20  Th        820 0411  0.4 1031  4.2 1633  0.4 2255  4.5
21  Fr        820 0454  0.3 1116  4.3 1715  0.3 2336  4.5
22  Sa        820 0538  0.3 1200  4.3 1756  0.4 9999  9.9
23  Su        820 0019  4.4 0623  0.4 1244  4.3 1838  0.5
24  Mo        820 0104  4.2 0710  0.6 1329  4.1 1924  0.8
25  Tu        820 0153  4.0 0800  0.8 1417  3.9 2016  1.0
26  We        820 0248  3.7 0856  1.0 1511  3.6 2123  1.3
27  Th        820 0351  3.5 1000  1.2 1618  3.4 2250  1.4
28  Fr        820 0502  3.3 1116  1.4 1741  3.3 9999  9.9
29  Sa        820 0013  1.4 0617  3.3 1234  1.3 1903  3.5
30  Su        820 0117  1.3 0726  3.4 1342  1.2 2005  3.7
31  Mo        820 0208  1.1 0825  3.6 1435  1.0 2051  3.9
 1  Tu        920 0251  0.9 0913  3.7 1519  0.9 2130  4.0
 2  We        920 0329  0.8 0955  3.9 1557  0.7 2206  4.2
 3  Th        920 0404  0.7 1032  3.9 1630  0.7 2239  4.2
 4  Fr        920 0437  0.7 1106  4.0 1700  0.6 2311  4.2
 5  Sa        920 0508  0.7 1138  4.0 1730  0.7 2343  4.1
 6  Su        920 0539  0.7 1210  3.9 1800  0.8 9999  9.9
 7  Mo        920 0016  4.0 0612  0.8 1242  3.8 1832  0.9
 8  Tu        920 0051  3.8 0646  1.0 1314  3.7 1906  1.1
 9  We        920 0129  3.6 0724  1.1 1349  3.5 1948  1.3
10  Th        920 0214  3.4 0807  1.3 1430  3.3 2044  1.5
11  Fr        920 0308  3.3 0900  1.4 1529  3.2 2206  1.6
12  Sa        920 0414  3.2 1008  1.6 1658  3.1 2334  1.6
13  Su        920 0527  3.2 1132  1.5 1830  3.3 9999  9.9
14  Mo        920 0041  1.3 0638  3.3 1252  1.3 1936  3.6
15  Tu        920 0134  1.0 0741  3.6 1354  1.0 2025  3.9
16  We        920 0221  0.7 0836  3.9 1445  0.7 2109  4.2
17  Th        920 0306  0.4 0925  4.2 1529  0.4 2151  4.5
18  Fr        920 0349  0.2 1011  4.4 1612  0.3 2232  4.6
19  Sa        920 0433  0.2 1055  4.5 1653  0.2 2314  4.6
20  Su        920 0517  0.2 1138  4.5 1734  0.3 2356  4.5
21  Mo        920 0601  0.3 1221  4.4 1815  0.5 9999  9.9
22  Tu        920 0041  4.2 0647  0.5 1304  4.2 1900  0.7
23  We        920 0130  3.9 0735  0.8 1351  3.9 1952  1.1
24  Th        920 0224  3.6 0830  1.1 1444  3.6 2100  1.4
25  Fr        920 0328  3.4 0935  1.4 1552  3.3 2235  1.5
26  Sa        920 0443  3.2 1057  1.5 1721  3.2 2359  1.5
27  Su        920 0604  3.2 1219  1.5 1847  3.4 9999  9.9
28  Mo        920 0102  1.3 0715  3.3 1325  1.3 1946  3.6
29  Tu        920 0150  1.1 0810  3.5 1416  1.1 2029  3.8
30  We        920 0230  0.9 0855  3.7 1456  0.9 2106  4.0
 1  Th       1020 0306  0.8 0933  3.9 1531  0.8 2139  4.1
 2  Fr       1020 0339  0.7 1007  4.0 1602  0.7 2211  4.2
 3  Sa       1020 0409  0.7 1039  4.1 1631  0.6 2242  4.2
 4  Su       1020 0439  0.6 1110  4.1 1700  0.6 2313  4.1
 5  Mo       1020 0510  0.7 1140  4.0 1729  0.7 2346  4.0
 6  Tu       1020 0541  0.8 1210  3.9 1800  0.9 9999  9.9
 7  We       1020 0019  3.8 0615  0.9 1241  3.8 1834  1.0
 8  Th       1020 0057  3.6 0652  1.0 1315  3.6 1915  1.2
 9  Fr       1020 0140  3.4 0734  1.2 1355  3.4 2010  1.5
10  Sa       1020 0234  3.3 0826  1.4 1451  3.2 2129  1.6
11  Su       1020 0341  3.2 0935  1.5 1618  3.2 2259  1.5
12  Mo       1020 0457  3.2 1101  1.5 1753  3.3 9999  9.9
13  Tu       1020 0010  1.3 0611  3.4 1223  1.3 1903  3.6
14  We       1020 0106  1.0 0717  3.6 1328  1.0 1956  3.9
15  Th       1020 0155  0.7 0813  4.0 1420  0.7 2042  4.3
16  Fr       1020 0241  0.4 0903  4.3 1506  0.4 2125  4.5
17  Sa       1020 0326  0.2 0949  4.5 1549  0.2 2208  4.6
18  Su       1020 0411  0.1 1033  4.6 1631  0.2 2251  4.6
19  Mo       1020 0456  0.2 1116  4.6 1712  0.3 2335  4.4
20  Tu       1020 0541  0.3 1159  4.4 1755  0.5 9999  9.9
21  We       1020 0021  4.2 0627  0.6 1242  4.2 1840  0.8
22  Th       1020 0110  3.8 0715  0.8 1328  3.9 1932  1.1
23  Fr       1020 0205  3.5 0808  1.1 1420  3.6 2040  1.4
24  Sa       1020 0308  3.3 0911  1.4 1525  3.3 2210  1.5
25  Su       1020 0421  3.2 1029  1.5 1650  3.2 2332  1.5
26  Mo       1020 0539  3.2 1149  1.5 1813  3.3 9999  9.9
27  Tu       1020 0033  1.4 0649  3.3 1255  1.4 1913  3.5
28  We       1020 0121  1.2 0744  3.5 1346  1.2 1957  3.7
29  Th       1020 0201  1.0 0828  3.7 1427  1.0 2034  3.9
30  Fr       1020 0237  0.9 0906  3.8 1502  0.8 2108  4.0
31  Sa       1020 0311  0.8 0940  4.0 1534  0.7 2141  4.1
 1  Su       1120 0342  0.7 1013  4.0 1604  0.7 2213  4.1
 2  Mo       1120 0413  0.7 1044  4.1 1634  0.7 2246  4.0
 3  Tu       1120 0445  0.7 1115  4.0 1705  0.7 2320  3.9
 4  We       1120 0518  0.8 1146  4.0 1737  0.8 2356  3.8
 5  Th       1120 0553  0.9 1219  3.9 1814  1.0 9999  9.9
 6  Fr       1120 0035  3.6 0631  1.0 1254  3.7 1856  1.2
 7  Sa       1120 0120  3.5 0715  1.1 1336  3.6 1951  1.3
 8  Su       1120 0213  3.3 0806  1.3 1432  3.4 2103  1.4
 9  Mo       1120 0317  3.3 0911  1.4 1548  3.3 2222  1.4
10  Tu       1120 0428  3.3 1030  1.4 1714  3.4 2333  1.2
11  We       1120 0540  3.4 1150  1.3 1825  3.6 9999  9.9
12  Th       1120 0033  1.0 0648  3.7 1258  1.0 1923  3.9
13  Fr       1120 0126  0.7 0747  3.9 1354  0.7 2013  4.2
14  Sa       1120 0216  0.5 0840  4.2 1443  0.5 2100  4.3
15  Su       1120 0305  0.3 0928  4.4 1528  0.3 2145  4.4
16  Mo       1120 0352  0.3 1014  4.5 1612  0.3 2231  4.4
17  Tu       1120 0439  0.3 1058  4.5 1655  0.4 2317  4.2
18  We       1120 0525  0.4 1141  4.4 1738  0.6 9999  9.9
19  Th       1120 0004  4.0 0611  0.6 1224  4.2 1824  0.8
20  Fr       1120 0054  3.8 0658  0.8 1309  3.9 1915  1.1
21  Sa       1120 0147  3.5 0747  1.1 1358  3.7 2016  1.3
22  Su       1120 0244  3.3 0843  1.3 1456  3.4 2130  1.5
23  Mo       1120 0348  3.2 0948  1.5 1606  3.3 2243  1.5
24  Tu       1120 0456  3.2 1102  1.5 1720  3.3 2346  1.4
25  We       1120 0604  3.2 1211  1.5 1823  3.4 9999  9.9
26  Th       1120 0038  1.3 0704  3.4 1307  1.3 1914  3.6
27  Fr       1120 0123  1.2 0754  3.5 1352  1.2 1956  3.7
28  Sa       1120 0204  1.1 0836  3.7 1431  1.0 2035  3.8
29  Su       1120 0241  1.0 0914  3.8 1507  0.9 2111  3.9
30  Mo       1120 0317  0.9 0949  3.9 1540  0.8 2148  3.9
 1  Tu       1220 0352  0.8 1023  4.0 1613  0.8 2224  3.9
 2  We       1220 0427  0.8 1056  4.0 1647  0.8 2301  3.9
 3  Th       1220 0503  0.8 1130  4.0 1722  0.8 2341  3.8
 4  Fr       1220 0540  0.8 1205  4.0 1802  0.9 9999  9.9
 5  Sa       1220 0023  3.7 0620  0.9 1243  3.9 1846  1.0
 6  Su       1220 0108  3.6 0703  1.0 1326  3.7 1938  1.1
 7  Mo       1220 0159  3.5 0752  1.1 1418  3.6 2039  1.2
 8  Tu       1220 0255  3.5 0849  1.2 1523  3.5 2146  1.2
 9  We       1220 0358  3.4 0958  1.3 1636  3.5 2253  1.1
10  Th       1220 0506  3.5 1115  1.2 1746  3.6 2357  1.0
11  Fr       1220 0616  3.6 1227  1.1 1849  3.8 9999  9.9
12  Sa       1220 0057  0.8 0721  3.8 1329  0.9 1945  4.0
13  Su       1220 0153  0.7 0819  4.0 1423  0.7 2037  4.1
14  Mo       1220 0248  0.6 0911  4.2 1511  0.6 2127  4.2
15  Tu       1220 0339  0.5 0959  4.4 1557  0.5 2216  4.2
16  We       1220 0428  0.5 1044  4.4 1642  0.5 2305  4.1
17  Th       1220 0514  0.5 1126  4.3 1726  0.7 2352  4.0
18  Fr       1220 0558  0.6 1208  4.2 1810  0.8 9999  9.9
19  Sa       1220 0039  3.8 0641  0.8 1251  4.0 1856  1.0
20  Su       1220 0126  3.6 0724  1.0 1335  3.8 1946  1.2
21  Mo       1220 0214  3.5 0809  1.2 1423  3.6 2040  1.3
22  Tu       1220 0305  3.3 0900  1.4 1518  3.4 2139  1.4
23  We       1220 0400  3.2 1002  1.5 1620  3.3 2239  1.4
24  Th       1220 0503  3.2 1112  1.5 1722  3.3 2337  1.4
25  Fr       1220 0609  3.2 1218  1.5 1821  3.4 9999  9.9
26  Sa       1220 0032  1.4 0712  3.3 1314  1.4 1912  3.5
27  Su       1220 0124  1.3 0805  3.5 1400  1.2 1959  3.5
28  Mo       1220 0212  1.2 0849  3.6 1441  1.1 2043  3.6
29  Tu       1220 0255  1.1 0929  3.8 1519  0.9 2125  3.7
30  We       1220 0336  0.9 1005  4.0 1556  0.8 2207  3.8
31  Th       1220 0415  0.8 1041  4.1 1633  0.8 2248  3.9
