077Nelson
Based on data from  2-Jul-2006
Local Std Time, tidal heights in metres.
 1  Mo        118 0222  0.7 0858  4.1 1456  0.5 2106  4.2
 2  Tu        118 0319  0.5 0948  4.4 1545  0.3 2159  4.3
 3  We        118 0411  0.4 1035  4.5 1634  0.3 2251  4.3
 4  Th        118 0500  0.3 1121  4.5 1722  0.3 2341  4.3
 5  Fr        118 0546  0.4 1206  4.5 1810  0.4 9999  9.9
 6  Sa        118 0030  4.2 0631  0.5 1252  4.3 1900  0.6
 7  Su        118 0118  4.0 0716  0.7 1339  4.0 1951  0.8
 8  Mo        118 0205  3.8 0803  1.0 1429  3.8 2044  1.0
 9  Tu        118 0255  3.6 0854  1.2 1525  3.6 2141  1.2
10  We        118 0349  3.4 0957  1.4 1626  3.4 2241  1.3
11  Th        118 0451  3.3 1112  1.5 1730  3.3 2343  1.3
12  Fr        118 0600  3.3 1222  1.5 1831  3.3 9999  9.9
13  Sa        118 0044  1.3 0708  3.4 1320  1.4 1927  3.4
14  Su        118 0140  1.2 0805  3.5 1408  1.2 2017  3.5
15  Mo        118 0230  1.1 0851  3.7 1449  1.1 2103  3.6
16  Tu        118 0313  1.0 0930  3.9 1525  0.9 2144  3.7
17  We        118 0352  0.8 1007  4.0 1600  0.8 2223  3.8
18  Th        118 0428  0.7 1041  4.1 1633  0.8 2301  3.8
19  Fr        118 0502  0.7 1115  4.1 1707  0.7 2337  3.8
20  Sa        118 0535  0.7 1149  4.1 1742  0.7 9999  9.9
21  Su        118 0013  3.8 0608  0.7 1223  4.1 1818  0.8
22  Mo        118 0048  3.8 0642  0.8 1300  4.0 1857  0.8
23  Tu        118 0125  3.7 0720  0.9 1340  3.9 1940  0.9
24  We        118 0205  3.6 0804  1.0 1426  3.7 2029  1.0
25  Th        118 0252  3.5 0858  1.2 1522  3.6 2125  1.1
26  Fr        118 0351  3.4 1008  1.3 1627  3.5 2230  1.2
27  Sa        118 0507  3.4 1129  1.3 1737  3.5 2345  1.2
28  Su        118 0631  3.5 1244  1.1 1847  3.6 9999  9.9
29  Mo        118 0101  1.0 0744  3.7 1347  0.9 1953  3.8
30  Tu        118 0210  0.8 0844  4.0 1442  0.6 2053  4.0
31  We        118 0309  0.6 0935  4.3 1533  0.4 2149  4.2
 1  Th        218 0401  0.4 1022  4.5 1621  0.3 2240  4.3
 2  Fr        218 0447  0.3 1106  4.5 1708  0.3 2327  4.3
 3  Sa        218 0530  0.3 1149  4.5 1752  0.4 9999  9.9
 4  Su        218 0011  4.2 0611  0.4 1231  4.3 1836  0.5
 5  Mo        218 0053  4.1 0650  0.6 1313  4.1 1920  0.7
 6  Tu        218 0135  3.9 0730  0.9 1357  3.9 2004  0.9
 7  We        218 0217  3.7 0812  1.1 1444  3.6 2051  1.2
 8  Th        218 0303  3.5 0904  1.4 1537  3.4 2145  1.3
 9  Fr        218 0358  3.3 1014  1.6 1638  3.2 2248  1.5
10  Sa        218 0507  3.1 1137  1.6 1745  3.2 9999  9.9
11  Su        218 0000  1.5 0627  3.2 1247  1.5 1852  3.2
12  Mo        218 0109  1.4 0737  3.3 1341  1.4 1952  3.3
13  Tu        218 0206  1.3 0828  3.6 1426  1.2 2043  3.5
14  We        218 0253  1.1 0909  3.8 1504  1.0 2126  3.6
15  Th        218 0333  0.9 0946  4.0 1539  0.9 2206  3.8
16  Fr        218 0408  0.7 1020  4.1 1613  0.7 2242  3.9
17  Sa        218 0440  0.6 1053  4.2 1646  0.6 2317  4.0
18  Su        218 0512  0.6 1126  4.2 1720  0.6 2351  4.0
19  Mo        218 0545  0.6 1201  4.2 1756  0.6 9999  9.9
20  Tu        218 0025  4.0 0619  0.6 1237  4.1 1834  0.7
21  We        218 0101  3.9 0656  0.7 1317  4.0 1915  0.8
22  Th        218 0140  3.8 0738  0.9 1402  3.8 2001  0.9
23  Fr        218 0224  3.6 0831  1.1 1456  3.6 2055  1.1
24  Sa        218 0321  3.5 0941  1.3 1600  3.5 2201  1.2
25  Su        218 0439  3.3 1107  1.3 1713  3.5 2322  1.3
26  Mo        218 0611  3.4 1228  1.2 1829  3.5 9999  9.9
27  Tu        218 0048  1.2 0730  3.6 1333  0.9 1940  3.7
28  We        218 0200  0.9 0831  4.0 1429  0.7 2042  3.9
 1  Th        318 0258  0.7 0921  4.2 1519  0.5 2136  4.1
 2  Fr        318 0347  0.5 1006  4.4 1605  0.4 2224  4.3
 3  Sa        318 0430  0.4 1047  4.5 1648  0.3 2307  4.3
 4  Su        318 0509  0.4 1127  4.4 1729  0.4 2347  4.3
 5  Mo        318 0545  0.4 1206  4.3 1808  0.5 9999  9.9
 6  Tu        318 0025  4.2 0620  0.6 1244  4.1 1847  0.7
 7  We        318 0102  4.0 0655  0.8 1323  3.8 1925  0.9
 8  Th        318 0140  3.8 0732  1.1 1405  3.6 2007  1.1
 9  Fr        318 0221  3.5 0817  1.3 1454  3.4 2054  1.3
10  Sa        318 0309  3.3 0919  1.5 1551  3.2 2154  1.5
11  Su        318 0414  3.1 1046  1.7 1700  3.1 2311  1.6
12  Mo        318 0539  3.1 1208  1.6 1813  3.1 9999  9.9
13  Tu        318 0030  1.5 0659  3.2 1308  1.4 1921  3.2
14  We        318 0135  1.4 0756  3.4 1355  1.2 2016  3.4
15  Th        318 0224  1.2 0840  3.7 1435  1.0 2101  3.6
16  Fr        318 0305  0.9 0917  3.9 1511  0.8 2140  3.8
17  Sa        318 0340  0.7 0952  4.1 1546  0.7 2217  4.0
18  Su        318 0413  0.6 1026  4.2 1621  0.6 2252  4.1
19  Mo        318 0447  0.5 1101  4.3 1656  0.5 2327  4.2
20  Tu        318 0520  0.5 1137  4.3 1733  0.5 9999  9.9
21  We        318 0003  4.1 0556  0.5 1215  4.2 1813  0.6
22  Th        318 0040  4.1 0635  0.6 1257  4.0 1855  0.7
23  Fr        318 0120  3.9 0720  0.8 1345  3.8 1942  0.9
24  Sa        318 0207  3.7 0815  1.1 1440  3.6 2037  1.1
25  Su        318 0305  3.5 0928  1.3 1545  3.5 2145  1.3
26  Mo        318 0423  3.4 1056  1.3 1659  3.4 2310  1.3
27  Tu        318 0556  3.4 1214  1.2 1817  3.5 9999  9.9
28  We        318 0037  1.2 0714  3.6 1318  1.0 1928  3.6
29  Th        318 0147  1.0 0813  3.9 1411  0.7 2028  3.9
30  Fr        318 0241  0.8 0901  4.1 1459  0.6 2119  4.1
31  Sa        318 0326  0.6 0944  4.3 1543  0.4 2203  4.2
 1  Su        418 0407  0.5 1023  4.3 1624  0.4 2243  4.3
 2  Mo        418 0443  0.5 1101  4.3 1702  0.5 2321  4.2
 3  Tu        418 0517  0.5 1138  4.2 1739  0.6 2356  4.2
 4  We        418 0549  0.7 1214  4.0 1815  0.7 9999  9.9
 5  Th        418 0031  4.0 0622  0.8 1252  3.8 1851  0.9
 6  Fr        418 0107  3.8 0658  1.1 1332  3.6 1931  1.1
 7  Sa        418 0146  3.6 0741  1.3 1418  3.4 2016  1.3
 8  Su        418 0231  3.4 0837  1.5 1513  3.2 2111  1.5
 9  Mo        418 0330  3.2 0955  1.6 1618  3.1 2222  1.6
10  Tu        418 0447  3.1 1119  1.6 1731  3.1 2343  1.6
11  We        418 0609  3.2 1224  1.5 1841  3.2 9999  9.9
12  Th        418 0052  1.4 0712  3.4 1314  1.3 1939  3.4
13  Fr        418 0145  1.2 0759  3.6 1357  1.1 2027  3.6
14  Sa        418 0228  1.0 0840  3.9 1436  0.8 2108  3.8
15  Su        418 0307  0.8 0918  4.1 1514  0.7 2147  4.0
16  Mo        418 0343  0.6 0955  4.2 1553  0.5 2225  4.2
17  Tu        418 0420  0.4 1034  4.3 1632  0.4 2303  4.3
18  We        418 0457  0.4 1114  4.3 1713  0.4 2342  4.3
19  Th        418 0537  0.4 1156  4.2 1756  0.5 9999  9.9
20  Fr        418 0023  4.2 0620  0.6 1242  4.0 1841  0.7
21  Sa        418 0107  4.0 0709  0.8 1333  3.8 1931  0.9
22  Su        418 0156  3.8 0809  1.0 1431  3.6 2028  1.1
23  Mo        418 0257  3.6 0923  1.2 1536  3.5 2138  1.3
24  Tu        418 0413  3.4 1045  1.2 1648  3.4 2300  1.3
25  We        418 0539  3.5 1157  1.1 1802  3.5 9999  9.9
26  Th        418 0021  1.3 0652  3.6 1257  1.0 1910  3.6
27  Fr        418 0126  1.1 0748  3.8 1349  0.8 2007  3.8
28  Sa        418 0218  0.9 0835  4.0 1435  0.7 2056  4.0
29  Su        418 0302  0.7 0917  4.1 1518  0.6 2139  4.1
30  Mo        418 0340  0.6 0956  4.1 1558  0.6 2218  4.2
 1  Tu        518 0415  0.6 1033  4.1 1636  0.6 2254  4.2
 2  We        518 0448  0.7 1109  4.0 1711  0.7 2329  4.1
 3  Th        518 0521  0.7 1146  3.9 1747  0.8 9999  9.9
 4  Fr        518 0004  4.0 0554  0.9 1224  3.7 1824  0.9
 5  Sa        518 0039  3.9 0630  1.0 1305  3.5 1903  1.1
 6  Su        518 0118  3.7 0713  1.2 1350  3.4 1946  1.2
 7  Mo        518 0201  3.5 0805  1.4 1441  3.2 2037  1.4
 8  Tu        518 0254  3.3 0910  1.5 1540  3.1 2139  1.5
 9  We        518 0400  3.2 1023  1.5 1645  3.1 2250  1.5
10  Th        518 0513  3.2 1129  1.4 1751  3.2 9999  9.9
11  Fr        518 0000  1.4 0618  3.4 1224  1.3 1852  3.4
12  Sa        518 0059  1.3 0711  3.6 1312  1.1 1945  3.6
13  Su        518 0147  1.0 0758  3.8 1357  0.9 2033  3.8
14  Mo        518 0231  0.8 0841  4.0 1441  0.7 2117  4.0
15  Tu        518 0313  0.6 0924  4.2 1525  0.5 2159  4.2
16  We        518 0355  0.4 1008  4.2 1610  0.4 2242  4.3
17  Th        518 0437  0.4 1053  4.2 1656  0.4 2325  4.3
18  Fr        518 0521  0.4 1141  4.2 1744  0.5 9999  9.9
19  Sa        518 0009  4.3 0609  0.6 1231  4.0 1832  0.6
20  Su        518 0056  4.1 0702  0.7 1325  3.9 1924  0.8
21  Mo        518 0148  3.9 0803  0.9 1423  3.7 2021  1.0
22  Tu        518 0248  3.7 0913  1.1 1524  3.5 2127  1.2
23  We        518 0358  3.5 1025  1.1 1630  3.5 2242  1.3
24  Th        518 0513  3.5 1131  1.1 1738  3.5 2356  1.3
25  Fr        518 0621  3.6 1229  1.0 1843  3.6 9999  9.9
26  Sa        518 0059  1.1 0717  3.7 1321  0.9 1941  3.7
27  Su        518 0151  1.0 0805  3.8 1408  0.8 2030  3.8
28  Mo        518 0235  0.9 0848  3.9 1452  0.8 2114  4.0
29  Tu        518 0314  0.8 0928  3.9 1533  0.8 2153  4.0
30  We        518 0349  0.8 1007  3.9 1611  0.7 2230  4.1
31  Th        518 0423  0.8 1044  3.8 1648  0.8 2305  4.1
 1  Fr        618 0456  0.8 1122  3.8 1725  0.8 2340  4.0
 2  Sa        618 0531  0.9 1201  3.7 1801  0.9 9999  9.9
 3  Su        618 0016  3.9 0608  1.0 1242  3.6 1840  1.0
 4  Mo        618 0054  3.8 0649  1.1 1325  3.4 1920  1.1
 5  Tu        618 0135  3.6 0737  1.2 1411  3.3 2006  1.3
 6  We        618 0222  3.5 0830  1.3 1502  3.3 2058  1.4
 7  Th        618 0318  3.4 0930  1.4 1557  3.2 2159  1.4
 8  Fr        618 0420  3.4 1031  1.3 1658  3.2 2306  1.4
 9  Sa        618 0523  3.4 1129  1.2 1801  3.4 9999  9.9
10  Su        618 0011  1.3 0622  3.6 1224  1.1 1902  3.5
11  Mo        618 0108  1.1 0716  3.7 1318  0.9 1958  3.8
12  Tu        618 0159  0.8 0806  3.9 1411  0.7 2049  4.0
13  We        618 0247  0.6 0856  4.1 1502  0.6 2137  4.2
14  Th        618 0334  0.4 0946  4.2 1554  0.5 2224  4.4
15  Fr        618 0421  0.4 1037  4.2 1644  0.4 2310  4.4
16  Sa        618 0509  0.4 1129  4.2 1734  0.5 2357  4.4
17  Su        618 0559  0.5 1221  4.1 1823  0.6 9999  9.9
18  Mo        618 0045  4.2 0653  0.6 1314  4.0 1913  0.7
19  Tu        618 0136  4.0 0750  0.8 1408  3.8 2007  0.9
20  We        618 0232  3.8 0852  1.0 1504  3.7 2105  1.1
21  Th        618 0333  3.7 0955  1.1 1602  3.5 2212  1.3
22  Fr        618 0439  3.5 1057  1.1 1705  3.5 2323  1.3
23  Sa        618 0543  3.5 1155  1.1 1810  3.5 9999  9.9
24  Su        618 0028  1.3 0641  3.5 1250  1.1 1911  3.5
25  Mo        618 0123  1.2 0733  3.6 1340  1.0 2004  3.7
26  Tu        618 0209  1.1 0819  3.7 1428  1.0 2050  3.8
27  We        618 0250  1.0 0903  3.7 1511  0.9 2131  3.9
28  Th        618 0327  0.9 0944  3.7 1551  0.9 2208  4.0
29  Fr        618 0402  0.9 1024  3.7 1629  0.8 2244  4.0
30  Sa        618 0436  0.8 1103  3.7 1706  0.8 2320  4.0
 1  Su        718 0511  0.9 1142  3.7 1741  0.8 2355  4.0
 2  Mo        718 0548  0.9 1221  3.7 1817  0.9 9999  9.9
 3  Tu        718 0031  3.9 0626  1.0 1300  3.6 1854  1.0
 4  We        718 0110  3.8 0708  1.0 1340  3.5 1934  1.1
 5  Th        718 0151  3.7 0753  1.1 1423  3.4 2019  1.2
 6  Fr        718 0239  3.6 0844  1.2 1511  3.4 2112  1.3
 7  Sa        718 0334  3.5 0939  1.2 1606  3.3 2217  1.3
 8  Su        718 0435  3.5 1039  1.2 1712  3.4 2327  1.3
 9  Mo        718 0538  3.5 1141  1.1 1822  3.5 9999  9.9
10  Tu        718 0034  1.1 0639  3.7 1245  1.0 1929  3.7
11  We        718 0133  0.9 0738  3.8 1347  0.8 2027  4.0
12  Th        718 0227  0.6 0835  4.0 1446  0.6 2120  4.2
13  Fr        718 0317  0.5 0930  4.1 1541  0.5 2209  4.4
14  Sa        718 0407  0.3 1024  4.2 1633  0.4 2256  4.5
15  Su        718 0456  0.3 1116  4.3 1721  0.4 2342  4.5
16  Mo        718 0545  0.4 1206  4.2 1808  0.5 9999  9.9
17  Tu        718 0029  4.4 0636  0.5 1256  4.1 1854  0.6
18  We        718 0117  4.2 0727  0.7 1344  3.9 1942  0.8
19  Th        718 0207  3.9 0820  0.9 1434  3.7 2033  1.1
20  Fr        718 0301  3.7 0916  1.0 1526  3.6 2133  1.3
21  Sa        718 0359  3.5 1014  1.2 1624  3.4 2243  1.4
22  Su        718 0501  3.4 1114  1.3 1729  3.3 2354  1.4
23  Mo        718 0603  3.4 1215  1.3 1838  3.4 9999  9.9
24  Tu        718 0055  1.3 0701  3.4 1313  1.2 1938  3.5
25  We        718 0146  1.2 0754  3.5 1406  1.1 2028  3.7
26  Th        718 0229  1.1 0841  3.6 1452  1.0 2111  3.8
27  Fr        718 0307  1.0 0925  3.6 1534  0.9 2149  4.0
28  Sa        718 0343  0.9 1006  3.7 1611  0.8 2224  4.1
29  Su        718 0417  0.8 1045  3.8 1646  0.7 2259  4.1
30  Mo        718 0451  0.8 1122  3.8 1719  0.7 2332  4.1
31  Tu        718 0525  0.8 1158  3.8 1752  0.7 9999  9.9
 1  We        818 0007  4.0 0601  0.8 1233  3.8 1826  0.8
 2  Th        818 0042  4.0 0639  0.8 1309  3.7 1902  0.9
 3  Fr        818 0121  3.8 0719  0.9 1347  3.6 1943  1.0
 4  Sa        818 0205  3.7 0805  1.0 1430  3.5 2033  1.2
 5  Su        818 0256  3.6 0857  1.1 1522  3.4 2136  1.3
 6  Mo        818 0356  3.5 0957  1.2 1630  3.4 2253  1.3
 7  Tu        818 0503  3.5 1106  1.2 1750  3.4 9999  9.9
 8  We        818 0010  1.2 0612  3.6 1221  1.1 1907  3.6
 9  Th        818 0115  0.9 0718  3.7 1333  0.9 2011  3.9
10  Fr        818 0212  0.7 0820  3.9 1435  0.7 2105  4.2
11  Sa        818 0304  0.4 0918  4.1 1530  0.5 2154  4.4
12  Su        818 0353  0.3 1011  4.3 1619  0.3 2240  4.6
13  Mo        818 0440  0.2 1100  4.3 1704  0.3 2324  4.6
14  Tu        818 0526  0.3 1147  4.3 1747  0.4 9999  9.9
15  We        818 0007  4.4 0612  0.4 1231  4.2 1828  0.5
16  Th        818 0051  4.2 0657  0.6 1315  4.0 1910  0.8
17  Fr        818 0136  4.0 0743  0.8 1358  3.8 1954  1.0
18  Sa        818 0224  3.7 0831  1.0 1445  3.6 2046  1.3
19  Su        818 0317  3.5 0925  1.2 1538  3.4 2155  1.5
20  Mo        818 0417  3.3 1027  1.4 1643  3.2 2316  1.5
21  Tu        818 0523  3.2 1136  1.5 1801  3.2 9999  9.9
22  We        818 0027  1.5 0630  3.2 1245  1.4 1912  3.4
23  Th        818 0122  1.3 0730  3.3 1344  1.3 2006  3.6
24  Fr        818 0207  1.2 0822  3.5 1432  1.1 2049  3.8
25  Sa        818 0246  1.0 0907  3.6 1513  0.9 2126  4.0
26  Su        818 0321  0.8 0947  3.8 1549  0.8 2201  4.1
27  Mo        818 0355  0.7 1024  3.9 1622  0.7 2234  4.2
28  Tu        818 0428  0.6 1059  4.0 1654  0.6 2307  4.2
29  We        818 0501  0.6 1132  4.0 1725  0.6 2340  4.2
30  Th        818 0535  0.6 1206  4.0 1758  0.6 9999  9.9
31  Fr        818 0015  4.1 0611  0.7 1240  3.9 1833  0.7
 1  Sa        918 0053  4.0 0650  0.8 1317  3.8 1913  0.9
 2  Su        918 0136  3.8 0734  0.9 1358  3.7 2002  1.1
 3  Mo        918 0227  3.6 0825  1.1 1450  3.5 2106  1.3
 4  Tu        918 0328  3.5 0926  1.2 1600  3.4 2230  1.3
 5  We        918 0439  3.4 1042  1.3 1729  3.4 2354  1.2
 6  Th        918 0554  3.5 1207  1.2 1853  3.6 9999  9.9
 7  Fr        918 0102  1.0 0706  3.7 1323  1.0 1958  3.9
 8  Sa        918 0158  0.7 0810  3.9 1424  0.7 2050  4.2
 9  Su        918 0249  0.4 0906  4.1 1516  0.5 2137  4.4
10  Mo        918 0336  0.3 0955  4.3 1601  0.3 2220  4.6
11  Tu        918 0421  0.2 1041  4.4 1643  0.3 2301  4.5
12  We        918 0503  0.2 1123  4.4 1722  0.3 2342  4.4
13  Th        918 0545  0.4 1204  4.3 1759  0.5 9999  9.9
14  Fr        918 0022  4.2 0625  0.6 1243  4.1 1836  0.7
15  Sa        918 0103  3.9 0706  0.8 1322  3.9 1915  1.0
16  Su        918 0147  3.7 0749  1.0 1404  3.6 2001  1.3
17  Mo        918 0236  3.4 0837  1.3 1452  3.4 2103  1.5
18  Tu        918 0334  3.2 0937  1.5 1556  3.2 2231  1.6
19  We        918 0443  3.1 1053  1.6 1718  3.1 2353  1.6
20  Th        918 0557  3.1 1211  1.5 1839  3.3 9999  9.9
21  Fr        918 0054  1.4 0704  3.2 1316  1.4 1937  3.5
22  Sa        918 0140  1.2 0759  3.4 1406  1.1 2021  3.7
23  Su        918 0220  1.0 0844  3.6 1447  0.9 2059  3.9
24  Mo        918 0255  0.8 0923  3.8 1522  0.7 2133  4.1
25  Tu        918 0328  0.7 0959  4.0 1555  0.6 2206  4.2
26  We        918 0401  0.5 1033  4.1 1627  0.5 2240  4.3
27  Th        918 0435  0.5 1107  4.1 1659  0.5 2314  4.3
28  Fr        918 0510  0.5 1141  4.1 1733  0.5 2350  4.2
29  Sa        918 0547  0.5 1216  4.1 1810  0.6 9999  9.9
30  Su        918 0030  4.0 0627  0.7 1254  3.9 1851  0.8
 1  Mo       1018 0114  3.8 0712  0.8 1337  3.8 1942  1.0
 2  Tu       1018 0207  3.6 0804  1.0 1430  3.6 2049  1.2
 3  We       1018 0310  3.5 0908  1.2 1542  3.4 2217  1.3
 4  Th       1018 0424  3.4 1029  1.3 1714  3.4 2341  1.2
 5  Fr       1018 0542  3.4 1157  1.3 1838  3.6 9999  9.9
 6  Sa       1018 0047  1.0 0654  3.6 1312  1.0 1941  3.9
 7  Su       1018 0143  0.7 0757  3.9 1410  0.8 2032  4.2
 8  Mo       1018 0232  0.5 0850  4.1 1458  0.5 2116  4.4
 9  Tu       1018 0317  0.3 0937  4.3 1540  0.4 2157  4.5
10  We       1018 0359  0.3 1019  4.4 1619  0.3 2237  4.4
11  Th       1018 0439  0.3 1059  4.4 1655  0.4 2315  4.3
12  Fr       1018 0518  0.4 1136  4.3 1730  0.5 2353  4.1
13  Sa       1018 0555  0.6 1213  4.1 1804  0.7 9999  9.9
14  Su       1018 0032  3.9 0633  0.8 1250  3.9 1841  1.0
15  Mo       1018 0113  3.6 0713  1.0 1329  3.7 1923  1.2
16  Tu       1018 0200  3.4 0758  1.2 1414  3.5 2019  1.5
17  We       1018 0255  3.2 0853  1.4 1512  3.2 2139  1.6
18  Th       1018 0402  3.1 1005  1.6 1629  3.1 2307  1.6
19  Fr       1018 0516  3.1 1127  1.6 1752  3.2 9999  9.9
20  Sa       1018 0013  1.5 0627  3.2 1237  1.4 1856  3.4
21  Su       1018 0103  1.3 0725  3.4 1331  1.2 1944  3.6
22  Mo       1018 0145  1.0 0813  3.6 1414  1.0 2024  3.9
23  Tu       1018 0222  0.8 0853  3.8 1451  0.8 2100  4.0
24  We       1018 0258  0.7 0931  4.0 1526  0.6 2136  4.2
25  Th       1018 0334  0.5 1007  4.2 1600  0.5 2212  4.3
26  Fr       1018 0411  0.4 1043  4.2 1635  0.4 2250  4.3
27  Sa       1018 0449  0.4 1119  4.3 1713  0.4 2330  4.2
28  Su       1018 0530  0.5 1158  4.2 1753  0.6 9999  9.9
29  Mo       1018 0013  4.1 0613  0.6 1239  4.1 1838  0.7
30  Tu       1018 0101  3.9 0700  0.8 1325  3.9 1932  1.0
31  We       1018 0156  3.7 0753  1.0 1420  3.7 2041  1.2
 1  Th       1118 0300  3.5 0857  1.2 1532  3.5 2204  1.2
 2  Fr       1118 0411  3.4 1017  1.3 1657  3.5 2323  1.1
 3  Sa       1118 0526  3.4 1142  1.3 1816  3.6 9999  9.9
 4  Su       1118 0027  1.0 0638  3.6 1254  1.1 1918  3.8
 5  Mo       1118 0122  0.8 0739  3.8 1351  0.9 2009  4.0
 6  Tu       1118 0211  0.6 0831  4.0 1438  0.7 2053  4.2
 7  We       1118 0256  0.5 0917  4.2 1519  0.5 2134  4.2
 8  Th       1118 0338  0.4 0958  4.3 1556  0.5 2213  4.2
 9  Fr       1118 0417  0.5 1036  4.3 1631  0.5 2250  4.1
10  Sa       1118 0455  0.5 1112  4.2 1705  0.6 2328  4.0
11  Su       1118 0531  0.6 1148  4.1 1739  0.8 9999  9.9
12  Mo       1118 0006  3.8 0608  0.8 1223  4.0 1815  1.0
13  Tu       1118 0047  3.6 0646  1.0 1301  3.8 1856  1.2
14  We       1118 0131  3.4 0728  1.2 1344  3.6 1946  1.3
15  Th       1118 0222  3.3 0817  1.3 1435  3.4 2049  1.5
16  Fr       1118 0320  3.1 0917  1.5 1539  3.2 2204  1.5
17  Sa       1118 0427  3.1 1030  1.6 1654  3.2 2314  1.5
18  Su       1118 0536  3.1 1144  1.5 1801  3.3 9999  9.9
19  Mo       1118 0012  1.3 0639  3.3 1245  1.3 1856  3.5
20  Tu       1118 0100  1.1 0733  3.5 1334  1.1 1942  3.7
21  We       1118 0144  0.9 0820  3.7 1417  0.9 2025  3.9
22  Th       1118 0226  0.7 0902  4.0 1457  0.7 2106  4.1
23  Fr       1118 0308  0.6 0942  4.1 1536  0.5 2147  4.2
24  Sa       1118 0351  0.5 1022  4.3 1616  0.4 2230  4.2
25  Su       1118 0434  0.4 1103  4.3 1658  0.4 2315  4.2
26  Mo       1118 0519  0.4 1145  4.3 1742  0.5 9999  9.9
27  Tu       1118 0003  4.1 0605  0.5 1229  4.2 1831  0.6
28  We       1118 0054  3.9 0653  0.7 1317  4.0 1927  0.8
29  Th       1118 0149  3.8 0746  0.9 1412  3.8 2032  1.0
30  Fr       1118 0248  3.6 0846  1.1 1518  3.6 2144  1.1
 1  Sa       1218 0353  3.5 0958  1.3 1632  3.5 2256  1.1
 2  Su       1218 0502  3.5 1117  1.3 1746  3.6 9999  9.9
 3  Mo       1218 0000  1.0 0612  3.5 1229  1.2 1849  3.7
 4  Tu       1218 0057  0.9 0716  3.7 1328  1.0 1942  3.8
 5  We       1218 0148  0.8 0810  3.8 1416  0.9 2028  3.9
 6  Th       1218 0235  0.7 0857  4.0 1458  0.8 2111  4.0
 7  Fr       1218 0319  0.7 0938  4.1 1536  0.7 2151  4.0
 8  Sa       1218 0359  0.7 1016  4.2 1612  0.7 2230  3.9
 9  Su       1218 0437  0.7 1052  4.2 1646  0.7 2309  3.9
10  Mo       1218 0513  0.7 1128  4.1 1720  0.8 2347  3.8
11  Tu       1218 0549  0.8 1203  4.0 1755  0.9 9999  9.9
12  We       1218 0027  3.6 0625  0.9 1240  3.9 1834  1.0
13  Th       1218 0108  3.5 0704  1.0 1319  3.7 1918  1.2
14  Fr       1218 0152  3.4 0746  1.2 1403  3.6 2008  1.3
15  Sa       1218 0239  3.3 0834  1.3 1455  3.4 2105  1.4
16  Su       1218 0333  3.2 0932  1.5 1555  3.3 2206  1.4
17  Mo       1218 0434  3.2 1040  1.5 1700  3.3 2307  1.4
18  Tu       1218 0540  3.2 1150  1.4 1801  3.4 9999  9.9
19  We       1218 0006  1.2 0646  3.4 1251  1.2 1857  3.6
20  Th       1218 0101  1.1 0744  3.6 1343  1.0 1948  3.8
21  Fr       1218 0154  0.9 0834  3.8 1431  0.8 2038  4.0
22  Sa       1218 0246  0.7 0921  4.1 1516  0.6 2126  4.1
23  Su       1218 0335  0.5 1006  4.3 1601  0.4 2215  4.2
24  Mo       1218 0424  0.4 1050  4.4 1647  0.4 2305  4.2
25  Tu       1218 0511  0.4 1134  4.4 1734  0.4 2355  4.2
26  We       1218 0558  0.4 1220  4.4 1824  0.5 9999  9.9
27  Th       1218 0045  4.1 0645  0.6 1308  4.2 1917  0.7
28  Fr       1218 0137  3.9 0734  0.8 1359  4.0 2014  0.8
29  Sa       1218 0230  3.8 0828  1.0 1457  3.8 2116  1.0
30  Su       1218 0326  3.6 0930  1.2 1601  3.6 2220  1.1
31  Mo       1218 0429  3.5 1043  1.3 1708  3.5 2324  1.2
