079Marsden Point
Based on data from  1-Jul-2004
Local Std Time, tidal heights in metres.
 1  Mo        118 0623  2.7 1228  0.6 1841  2.7 9999  9.9
 2  Tu        118 0055  0.3 0719  2.8 1326  0.5 1938  2.7
 3  We        118 0149  0.2 0813  2.9 1421  0.4 2034  2.8
 4  Th        118 0242  0.2 0906  3.0 1516  0.4 2128  2.8
 5  Fr        118 0334  0.2 0958  3.0 1609  0.4 2221  2.8
 6  Sa        118 0426  0.3 1049  2.9 1702  0.4 2313  2.7
 7  Su        118 0517  0.4 1140  2.8 1755  0.5 9999  9.9
 8  Mo        118 0006  2.6 0609  0.5 1232  2.7 1847  0.6
 9  Tu        118 0100  2.5 0702  0.6 1323  2.6 1940  0.6
10  We        118 0155  2.4 0758  0.8 1416  2.5 2034  0.7
11  Th        118 0253  2.4 0855  0.8 1510  2.4 2129  0.7
12  Fr        118 0352  2.3 0953  0.9 1604  2.3 2224  0.8
13  Sa        118 0449  2.3 1049  0.9 1658  2.3 2316  0.8
14  Su        118 0542  2.4 1142  0.9 1749  2.3 9999  9.9
15  Mo        118 0005  0.7 0631  2.4 1230  0.9 1837  2.3
16  Tu        118 0051  0.7 0715  2.5 1316  0.8 1921  2.4
17  We        118 0133  0.7 0756  2.5 1358  0.8 2003  2.4
18  Th        118 0212  0.6 0834  2.5 1439  0.8 2043  2.4
19  Fr        118 0250  0.6 0912  2.6 1518  0.7 2122  2.4
20  Sa        118 0328  0.6 0949  2.6 1557  0.7 2201  2.5
21  Su        118 0405  0.6 1028  2.6 1637  0.7 2241  2.5
22  Mo        118 0444  0.6 1107  2.6 1718  0.7 2323  2.4
23  Tu        118 0525  0.7 1149  2.6 1800  0.7 9999  9.9
24  We        118 0008  2.4 0610  0.7 1233  2.5 1846  0.7
25  Th        118 0057  2.4 0659  0.8 1321  2.5 1936  0.7
26  Fr        118 0151  2.4 0755  0.8 1415  2.5 2032  0.7
27  Sa        118 0252  2.4 0858  0.8 1513  2.5 2132  0.6
28  Su        118 0356  2.5 1003  0.8 1616  2.5 2235  0.6
29  Mo        118 0501  2.6 1108  0.7 1720  2.6 2337  0.5
30  Tu        118 0603  2.7 1210  0.6 1823  2.6 9999  9.9
31  We        118 0036  0.4 0701  2.8 1309  0.5 1922  2.7
 1  Th        218 0131  0.3 0756  2.9 1405  0.4 2018  2.8
 2  Fr        218 0225  0.3 0848  2.9 1458  0.4 2112  2.8
 3  Sa        218 0316  0.3 0939  2.9 1550  0.4 2203  2.8
 4  Su        218 0406  0.3 1028  2.9 1640  0.4 2252  2.7
 5  Mo        218 0455  0.4 1116  2.8 1729  0.5 2341  2.6
 6  Tu        218 0543  0.5 1203  2.7 1817  0.6 9999  9.9
 7  We        218 0031  2.5 0633  0.7 1250  2.6 1906  0.7
 8  Th        218 0122  2.4 0725  0.8 1339  2.5 1956  0.7
 9  Fr        218 0216  2.4 0819  0.9 1429  2.4 2049  0.8
10  Sa        218 0313  2.3 0916  1.0 1523  2.3 2144  0.9
11  Su        218 0411  2.3 1013  1.0 1619  2.3 2239  0.9
12  Mo        218 0507  2.3 1108  1.0 1714  2.3 2332  0.8
13  Tu        218 0558  2.4 1159  0.9 1806  2.3 9999  9.9
14  We        218 0020  0.8 0644  2.4 1246  0.9 1853  2.3
15  Th        218 0104  0.7 0726  2.5 1330  0.8 1936  2.4
16  Fr        218 0145  0.7 0805  2.5 1411  0.8 2017  2.5
17  Sa        218 0224  0.6 0844  2.6 1451  0.7 2057  2.5
18  Su        218 0302  0.6 0922  2.6 1531  0.7 2138  2.5
19  Mo        218 0341  0.6 1001  2.7 1611  0.6 2219  2.6
20  Tu        218 0421  0.6 1042  2.7 1652  0.6 2301  2.6
21  We        218 0504  0.6 1124  2.6 1735  0.6 2346  2.5
22  Th        218 0549  0.7 1209  2.6 1821  0.6 9999  9.9
23  Fr        218 0036  2.5 0640  0.7 1259  2.6 1912  0.6
24  Sa        218 0130  2.5 0737  0.8 1353  2.5 2008  0.7
25  Su        218 0231  2.5 0839  0.8 1453  2.5 2110  0.7
26  Mo        218 0336  2.5 0946  0.8 1558  2.5 2215  0.6
27  Tu        218 0442  2.6 1051  0.7 1705  2.5 2318  0.6
28  We        218 0544  2.7 1153  0.6 1808  2.6 9999  9.9
 1  Th        318 0018  0.5 0643  2.8 1252  0.6 1907  2.7
 2  Fr        318 0114  0.4 0737  2.8 1347  0.5 2002  2.8
 3  Sa        318 0206  0.4 0828  2.9 1438  0.4 2053  2.8
 4  Su        318 0256  0.4 0916  2.9 1527  0.4 2142  2.8
 5  Mo        318 0344  0.4 1003  2.8 1614  0.4 2228  2.7
 6  Tu        318 0430  0.5 1048  2.7 1700  0.5 2314  2.7
 7  We        318 0516  0.6 1132  2.6 1744  0.6 2359  2.6
 8  Th        318 0603  0.7 1216  2.5 1829  0.7 9999  9.9
 9  Fr        318 0046  2.5 0651  0.8 1301  2.4 1916  0.8
10  Sa        318 0136  2.4 0742  0.9 1348  2.3 2006  0.9
11  Su        318 0230  2.3 0837  1.0 1440  2.3 2101  0.9
12  Mo        318 0327  2.3 0934  1.0 1537  2.2 2158  0.9
13  Tu        318 0425  2.3 1030  1.0 1635  2.2 2254  0.9
14  We        318 0518  2.3 1123  1.0 1730  2.3 2345  0.9
15  Th        318 0606  2.4 1212  0.9 1820  2.3 9999  9.9
16  Fr        318 0031  0.8 0650  2.5 1257  0.8 1906  2.4
17  Sa        318 0113  0.7 0731  2.5 1339  0.7 1949  2.5
18  Su        318 0154  0.7 0812  2.6 1421  0.7 2031  2.6
19  Mo        318 0235  0.6 0853  2.7 1502  0.6 2113  2.6
20  Tu        318 0317  0.6 0934  2.7 1544  0.5 2157  2.7
21  We        318 0400  0.6 1017  2.7 1627  0.5 2241  2.7
22  Th        318 0445  0.6 1102  2.7 1712  0.5 2328  2.7
23  Fr        318 0534  0.6 1150  2.6 1801  0.6 9999  9.9
24  Sa        318 0019  2.6 0627  0.7 1242  2.6 1853  0.6
25  Su        318 0115  2.6 0725  0.8 1338  2.5 1951  0.7
26  Mo        318 0216  2.5 0827  0.8 1440  2.5 2053  0.7
27  Tu        318 0320  2.5 0933  0.8 1546  2.5 2158  0.7
28  We        318 0425  2.6 1037  0.7 1652  2.5 2302  0.6
29  Th        318 0526  2.6 1137  0.7 1754  2.6 9999  9.9
30  Fr        318 0001  0.6 0622  2.7 1234  0.6 1851  2.7
31  Sa        318 0055  0.5 0715  2.8 1326  0.5 1944  2.7
 1  Su        418 0146  0.5 0804  2.8 1415  0.5 2033  2.8
 2  Mo        418 0234  0.5 0851  2.8 1502  0.5 2118  2.8
 3  Tu        418 0320  0.5 0935  2.7 1546  0.5 2202  2.7
 4  We        418 0404  0.6 1018  2.7 1628  0.6 2245  2.7
 5  Th        418 0448  0.7 1059  2.6 1710  0.6 2327  2.6
 6  Fr        418 0533  0.8 1141  2.5 1752  0.7 9999  9.9
 7  Sa        418 0011  2.5 0618  0.9 1224  2.4 1836  0.8
 8  Su        418 0057  2.4 0707  0.9 1310  2.3 1924  0.9
 9  Mo        418 0148  2.3 0759  1.0 1400  2.3 2017  0.9
10  Tu        418 0242  2.3 0854  1.0 1455  2.2 2113  1.0
11  We        418 0338  2.3 0950  1.0 1553  2.2 2210  1.0
12  Th        418 0432  2.3 1043  1.0 1650  2.3 2303  0.9
13  Fr        418 0522  2.4 1132  0.9 1743  2.3 2352  0.8
14  Sa        418 0609  2.5 1219  0.8 1832  2.4 9999  9.9
15  Su        418 0038  0.8 0654  2.6 1304  0.7 1918  2.6
16  Mo        418 0123  0.7 0738  2.6 1349  0.6 2004  2.7
17  Tu        418 0207  0.6 0822  2.7 1433  0.5 2049  2.7
18  We        418 0253  0.6 0908  2.7 1518  0.4 2135  2.8
19  Th        418 0340  0.5 0955  2.7 1604  0.4 2223  2.8
20  Fr        418 0429  0.6 1044  2.7 1653  0.4 2313  2.8
21  Sa        418 0521  0.6 1135  2.7 1743  0.5 9999  9.9
22  Su        418 0006  2.7 0616  0.7 1229  2.6 1838  0.6
23  Mo        418 0102  2.7 0715  0.7 1327  2.5 1936  0.6
24  Tu        418 0202  2.6 0817  0.7 1429  2.5 2039  0.7
25  We        418 0305  2.6 0919  0.7 1534  2.5 2142  0.7
26  Th        418 0406  2.6 1021  0.7 1638  2.5 2244  0.7
27  Fr        418 0505  2.6 1119  0.6 1738  2.6 2341  0.7
28  Sa        418 0600  2.7 1213  0.6 1833  2.6 9999  9.9
29  Su        418 0034  0.6 0651  2.7 1303  0.5 1923  2.7
30  Mo        418 0124  0.6 0739  2.7 1350  0.5 2010  2.7
 1  Tu        518 0211  0.6 0824  2.7 1435  0.5 2054  2.7
 2  We        518 0255  0.6 0907  2.6 1517  0.5 2136  2.7
 3  Th        518 0338  0.7 0948  2.6 1557  0.6 2217  2.6
 4  Fr        518 0421  0.7 1028  2.5 1637  0.7 2257  2.6
 5  Sa        518 0504  0.8 1108  2.4 1717  0.7 2338  2.5
 6  Su        518 0548  0.9 1150  2.4 1759  0.8 9999  9.9
 7  Mo        518 0022  2.4 0634  0.9 1235  2.3 1845  0.9
 8  Tu        518 0110  2.4 0723  1.0 1323  2.3 1934  0.9
 9  We        518 0200  2.4 0815  1.0 1416  2.2 2028  1.0
10  Th        518 0252  2.3 0907  1.0 1512  2.2 2124  1.0
11  Fr        518 0345  2.4 1000  0.9 1609  2.3 2219  0.9
12  Sa        518 0436  2.4 1051  0.8 1704  2.4 2311  0.9
13  Su        518 0526  2.5 1140  0.7 1757  2.5 9999  9.9
14  Mo        518 0002  0.8 0615  2.6 1229  0.6 1847  2.6
15  Tu        518 0051  0.7 0704  2.6 1317  0.5 1937  2.7
16  We        518 0141  0.6 0754  2.7 1406  0.4 2026  2.8
17  Th        518 0231  0.5 0844  2.8 1454  0.4 2115  2.9
18  Fr        518 0322  0.5 0935  2.8 1544  0.3 2206  2.9
19  Sa        518 0414  0.5 1027  2.7 1635  0.4 2258  2.8
20  Su        518 0509  0.5 1121  2.7 1727  0.4 2352  2.8
21  Mo        518 0605  0.6 1216  2.6 1823  0.5 9999  9.9
22  Tu        518 0048  2.7 0703  0.6 1315  2.6 1921  0.6
23  We        518 0146  2.7 0803  0.7 1416  2.5 2022  0.7
24  Th        518 0246  2.6 0902  0.7 1518  2.5 2123  0.7
25  Fr        518 0344  2.6 1001  0.7 1620  2.5 2223  0.7
26  Sa        518 0441  2.6 1057  0.6 1718  2.5 2319  0.7
27  Su        518 0534  2.6 1149  0.6 1812  2.6 9999  9.9
28  Mo        518 0012  0.7 0625  2.6 1238  0.6 1901  2.6
29  Tu        518 0101  0.7 0712  2.6 1324  0.6 1946  2.6
30  We        518 0147  0.7 0756  2.5 1407  0.6 2029  2.6
31  Th        518 0230  0.7 0839  2.5 1448  0.6 2110  2.6
 1  Fr        618 0313  0.7 0919  2.5 1528  0.6 2149  2.6
 2  Sa        618 0355  0.8 0959  2.4 1607  0.7 2228  2.6
 3  Su        618 0436  0.8 1039  2.4 1646  0.7 2309  2.5
 4  Mo        618 0519  0.8 1120  2.4 1726  0.8 2350  2.5
 5  Tu        618 0602  0.9 1203  2.3 1809  0.8 9999  9.9
 6  We        618 0034  2.4 0648  0.9 1249  2.3 1856  0.9
 7  Th        618 0121  2.4 0736  0.9 1339  2.3 1946  0.9
 8  Fr        618 0210  2.4 0826  0.9 1433  2.3 2040  0.9
 9  Sa        618 0301  2.4 0918  0.8 1529  2.3 2136  0.9
10  Su        618 0353  2.4 1010  0.8 1627  2.4 2233  0.9
11  Mo        618 0446  2.5 1103  0.7 1724  2.5 2328  0.8
12  Tu        618 0540  2.6 1156  0.6 1818  2.6 9999  9.9
13  We        618 0023  0.7 0634  2.6 1249  0.4 1912  2.7
14  Th        618 0117  0.6 0729  2.7 1341  0.4 2004  2.8
15  Fr        618 0210  0.5 0823  2.8 1433  0.3 2056  2.9
16  Sa        618 0304  0.5 0917  2.8 1525  0.3 2148  2.9
17  Su        618 0359  0.5 1011  2.8 1617  0.3 2241  2.9
18  Mo        618 0454  0.5 1106  2.7 1711  0.4 2335  2.9
19  Tu        618 0549  0.5 1201  2.7 1805  0.5 9999  9.9
20  We        618 0030  2.8 0646  0.6 1258  2.6 1902  0.6
21  Th        618 0126  2.7 0742  0.6 1356  2.5 2000  0.7
22  Fr        618 0222  2.6 0839  0.6 1457  2.5 2100  0.8
23  Sa        618 0318  2.6 0936  0.7 1557  2.5 2159  0.8
24  Su        618 0413  2.5 1030  0.7 1654  2.5 2255  0.8
25  Mo        618 0507  2.5 1123  0.7 1748  2.5 2347  0.8
26  Tu        618 0557  2.4 1212  0.7 1837  2.5 9999  9.9
27  We        618 0037  0.8 0645  2.4 1258  0.6 1922  2.6
28  Th        618 0123  0.8 0730  2.4 1341  0.6 2004  2.6
29  Fr        618 0206  0.8 0813  2.4 1422  0.6 2044  2.6
30  Sa        618 0248  0.8 0853  2.4 1501  0.6 2123  2.6
 1  Su        718 0329  0.8 0933  2.4 1539  0.7 2201  2.6
 2  Mo        718 0409  0.8 1012  2.4 1617  0.7 2240  2.5
 3  Tu        718 0450  0.8 1052  2.4 1656  0.7 2320  2.5
 4  We        718 0531  0.8 1134  2.4 1737  0.8 9999  9.9
 5  Th        718 0001  2.5 0614  0.8 1218  2.3 1821  0.8
 6  Fr        718 0045  2.5 0659  0.8 1306  2.3 1909  0.9
 7  Sa        718 0132  2.4 0747  0.8 1357  2.3 2002  0.9
 8  Su        718 0222  2.4 0839  0.8 1454  2.3 2059  0.9
 9  Mo        718 0315  2.5 0934  0.7 1554  2.4 2159  0.8
10  Tu        718 0412  2.5 1031  0.6 1654  2.5 2300  0.8
11  We        718 0511  2.6 1128  0.5 1753  2.6 2358  0.7
12  Th        718 0610  2.6 1225  0.4 1850  2.8 9999  9.9
13  Fr        718 0056  0.6 0708  2.7 1320  0.3 1944  2.9
14  Sa        718 0152  0.5 0805  2.8 1414  0.3 2038  2.9
15  Su        718 0247  0.4 0900  2.8 1507  0.2 2130  3.0
16  Mo        718 0342  0.4 0954  2.8 1559  0.3 2223  2.9
17  Tu        718 0435  0.4 1048  2.8 1651  0.3 2315  2.9
18  We        718 0529  0.4 1141  2.7 1744  0.5 9999  9.9
19  Th        718 0007  2.8 0622  0.5 1235  2.6 1839  0.6
20  Fr        718 0059  2.7 0716  0.6 1331  2.5 1935  0.7
21  Sa        718 0153  2.6 0810  0.6 1429  2.5 2032  0.8
22  Su        718 0247  2.5 0905  0.7 1528  2.4 2130  0.8
23  Mo        718 0342  2.4 1000  0.7 1626  2.4 2227  0.9
24  Tu        718 0436  2.4 1053  0.7 1720  2.4 2321  0.9
25  We        718 0529  2.3 1144  0.7 1810  2.5 9999  9.9
26  Th        718 0011  0.9 0619  2.3 1232  0.7 1856  2.5
27  Fr        718 0058  0.8 0705  2.4 1316  0.7 1938  2.5
28  Sa        718 0142  0.8 0748  2.4 1357  0.7 2018  2.5
29  Su        718 0223  0.8 0828  2.4 1435  0.6 2056  2.6
30  Mo        718 0303  0.7 0907  2.4 1513  0.6 2133  2.6
31  Tu        718 0342  0.7 0946  2.4 1550  0.6 2211  2.6
 1  We        818 0421  0.7 1025  2.4 1628  0.7 2250  2.5
 2  Th        818 0501  0.7 1106  2.4 1708  0.7 2330  2.5
 3  Fr        818 0542  0.7 1149  2.4 1751  0.8 9999  9.9
 4  Sa        818 0013  2.5 0625  0.7 1236  2.4 1838  0.8
 5  Su        818 0059  2.5 0713  0.7 1327  2.4 1931  0.8
 6  Mo        818 0149  2.4 0805  0.7 1424  2.4 2030  0.8
 7  Tu        818 0245  2.4 0903  0.7 1526  2.4 2133  0.8
 8  We        818 0345  2.5 1004  0.6 1630  2.5 2237  0.7
 9  Th        818 0449  2.5 1105  0.5 1731  2.6 2339  0.6
10  Fr        818 0551  2.6 1205  0.4 1830  2.7 9999  9.9
11  Sa        818 0038  0.5 0652  2.7 1302  0.3 1925  2.9
12  Su        818 0135  0.4 0749  2.8 1356  0.3 2019  2.9
13  Mo        818 0229  0.4 0843  2.8 1448  0.2 2110  3.0
14  Tu        818 0322  0.3 0936  2.8 1539  0.3 2201  2.9
15  We        818 0413  0.3 1027  2.8 1630  0.3 2250  2.9
16  Th        818 0504  0.4 1118  2.7 1720  0.5 2340  2.8
17  Fr        818 0554  0.5 1209  2.6 1812  0.6 9999  9.9
18  Sa        818 0029  2.6 0644  0.6 1301  2.5 1905  0.7
19  Su        818 0119  2.5 0735  0.7 1356  2.4 2001  0.8
20  Mo        818 0212  2.4 0829  0.7 1453  2.4 2058  0.9
21  Tu        818 0307  2.3 0925  0.8 1552  2.3 2156  0.9
22  We        818 0403  2.3 1021  0.8 1648  2.3 2252  0.9
23  Th        818 0459  2.3 1114  0.8 1740  2.4 2343  0.9
24  Fr        818 0551  2.3 1204  0.8 1827  2.4 9999  9.9
25  Sa        818 0031  0.8 0639  2.3 1249  0.7 1909  2.5
26  Su        818 0114  0.8 0722  2.4 1330  0.7 1949  2.5
27  Mo        818 0155  0.7 0803  2.4 1408  0.6 2027  2.6
28  Tu        818 0235  0.7 0842  2.5 1446  0.6 2104  2.6
29  We        818 0313  0.6 0920  2.5 1524  0.6 2142  2.6
30  Th        818 0351  0.6 1000  2.5 1602  0.6 2221  2.6
31  Fr        818 0431  0.6 1041  2.5 1643  0.6 2301  2.6
 1  Sa        918 0512  0.6 1124  2.5 1726  0.7 2345  2.5
 2  Su        918 0556  0.6 1211  2.5 1814  0.7 9999  9.9
 3  Mo        918 0032  2.5 0644  0.6 1303  2.4 1909  0.8
 4  Tu        918 0124  2.4 0738  0.6 1401  2.4 2009  0.8
 5  We        918 0223  2.4 0838  0.7 1504  2.4 2115  0.8
 6  Th        918 0326  2.4 0942  0.6 1609  2.5 2220  0.7
 7  Fr        918 0432  2.5 1047  0.5 1712  2.6 2323  0.6
 8  Sa        918 0537  2.6 1147  0.5 1811  2.7 9999  9.9
 9  Su        918 0022  0.5 0637  2.7 1244  0.4 1906  2.8
10  Mo        918 0117  0.4 0733  2.7 1338  0.3 1958  2.9
11  Tu        918 0210  0.3 0826  2.8 1429  0.3 2048  2.9
12  We        918 0300  0.3 0916  2.8 1518  0.3 2136  2.9
13  Th        918 0349  0.3 1004  2.8 1607  0.4 2223  2.8
14  Fr        918 0436  0.4 1052  2.7 1655  0.5 2310  2.7
15  Sa        918 0522  0.5 1139  2.6 1743  0.6 2356  2.5
16  Su        918 0609  0.6 1228  2.5 1834  0.7 9999  9.9
17  Mo        918 0043  2.4 0657  0.7 1319  2.4 1927  0.8
18  Tu        918 0133  2.3 0749  0.8 1414  2.3 2023  0.9
19  We        918 0227  2.2 0844  0.8 1512  2.3 2121  0.9
20  Th        918 0325  2.2 0943  0.9 1610  2.3 2218  0.9
21  Fr        918 0424  2.2 1040  0.9 1704  2.3 2311  0.9
22  Sa        918 0519  2.2 1131  0.8 1752  2.4 2359  0.8
23  Su        918 0609  2.3 1217  0.8 1835  2.4 9999  9.9
24  Mo        918 0043  0.8 0654  2.4 1259  0.7 1916  2.5
25  Tu        918 0124  0.7 0735  2.4 1339  0.6 1954  2.5
26  We        918 0204  0.6 0815  2.5 1418  0.6 2033  2.6
27  Th        918 0243  0.5 0855  2.6 1457  0.6 2113  2.6
28  Fr        918 0323  0.5 0936  2.6 1538  0.6 2153  2.6
29  Sa        918 0403  0.5 1018  2.6 1621  0.6 2236  2.6
30  Su        918 0446  0.5 1103  2.6 1707  0.6 2322  2.5
 1  Mo       1018 0532  0.5 1151  2.6 1758  0.7 9999  9.9
 2  Tu       1018 0012  2.5 0622  0.6 1244  2.5 1854  0.7
 3  We       1018 0106  2.4 0717  0.6 1343  2.5 1955  0.8
 4  Th       1018 0207  2.4 0819  0.6 1447  2.5 2100  0.7
 5  Fr       1018 0312  2.4 0925  0.6 1552  2.5 2205  0.7
 6  Sa       1018 0419  2.4 1029  0.6 1654  2.6 2307  0.6
 7  Su       1018 0523  2.5 1130  0.5 1752  2.7 9999  9.9
 8  Mo       1018 0005  0.5 0622  2.6 1227  0.4 1846  2.8
 9  Tu       1018 0059  0.4 0717  2.7 1319  0.4 1937  2.8
10  We       1018 0149  0.3 0807  2.8 1409  0.4 2025  2.8
11  Th       1018 0237  0.3 0855  2.8 1456  0.4 2111  2.8
12  Fr       1018 0323  0.3 0941  2.8 1543  0.5 2156  2.7
13  Sa       1018 0407  0.4 1025  2.7 1629  0.5 2240  2.6
14  Su       1018 0450  0.5 1109  2.6 1715  0.6 2323  2.5
15  Mo       1018 0533  0.6 1154  2.5 1802  0.7 9999  9.9
16  Tu       1018 0008  2.4 0618  0.7 1242  2.4 1852  0.8
17  We       1018 0055  2.3 0707  0.8 1333  2.3 1945  0.9
18  Th       1018 0146  2.2 0801  0.9 1428  2.3 2042  0.9
19  Fr       1018 0243  2.1 0859  0.9 1525  2.3 2138  0.9
20  Sa       1018 0343  2.1 0957  0.9 1620  2.3 2232  0.9
21  Su       1018 0440  2.2 1051  0.9 1709  2.3 2321  0.8
22  Mo       1018 0533  2.3 1140  0.8 1755  2.4 9999  9.9
23  Tu       1018 0007  0.7 0620  2.4 1224  0.7 1838  2.5
24  We       1018 0050  0.6 0704  2.5 1307  0.7 1920  2.5
25  Th       1018 0132  0.5 0747  2.5 1349  0.6 2002  2.6
26  Fr       1018 0213  0.5 0830  2.6 1432  0.6 2045  2.6
27  Sa       1018 0256  0.4 0913  2.7 1517  0.5 2129  2.6
28  Su       1018 0339  0.4 0958  2.7 1603  0.5 2216  2.6
29  Mo       1018 0425  0.4 1045  2.7 1652  0.6 2305  2.6
30  Tu       1018 0513  0.4 1135  2.7 1745  0.6 2357  2.5
31  We       1018 0605  0.5 1230  2.6 1842  0.7 9999  9.9
 1  Th       1118 0053  2.5 0701  0.6 1328  2.6 1943  0.7
 2  Fr       1118 0154  2.4 0803  0.6 1430  2.5 2046  0.7
 3  Sa       1118 0259  2.4 0907  0.7 1533  2.5 2149  0.6
 4  Su       1118 0405  2.4 1011  0.6 1634  2.6 2249  0.6
 5  Mo       1118 0508  2.5 1112  0.6 1731  2.6 2346  0.5
 6  Tu       1118 0606  2.6 1207  0.5 1824  2.7 9999  9.9
 7  We       1118 0038  0.4 0659  2.7 1259  0.5 1914  2.7
 8  Th       1118 0127  0.4 0748  2.7 1348  0.5 2001  2.7
 9  Fr       1118 0213  0.4 0834  2.7 1435  0.5 2046  2.6
10  Sa       1118 0257  0.4 0917  2.7 1520  0.6 2129  2.6
11  Su       1118 0339  0.4 1000  2.7 1604  0.6 2211  2.5
12  Mo       1118 0420  0.5 1041  2.6 1647  0.7 2252  2.4
13  Tu       1118 0501  0.6 1123  2.5 1732  0.8 2335  2.3
14  We       1118 0543  0.7 1207  2.4 1819  0.8 9999  9.9
15  Th       1118 0019  2.3 0628  0.8 1253  2.4 1908  0.9
16  Fr       1118 0107  2.2 0717  0.9 1344  2.3 2000  0.9
17  Sa       1118 0200  2.2 0811  0.9 1436  2.3 2053  0.9
18  Su       1118 0256  2.1 0907  0.9 1529  2.3 2146  0.9
19  Mo       1118 0355  2.2 1003  0.9 1620  2.3 2237  0.8
20  Tu       1118 0451  2.2 1056  0.9 1710  2.4 2326  0.7
21  We       1118 0543  2.3 1146  0.8 1757  2.4 9999  9.9
22  Th       1118 0013  0.6 0632  2.5 1234  0.7 1845  2.5
23  Fr       1118 0059  0.5 0719  2.6 1321  0.6 1932  2.6
24  Sa       1118 0145  0.4 0805  2.7 1409  0.6 2020  2.6
25  Su       1118 0231  0.3 0852  2.8 1457  0.5 2109  2.7
26  Mo       1118 0318  0.3 0940  2.8 1547  0.5 2159  2.7
27  Tu       1118 0407  0.3 1030  2.8 1639  0.5 2250  2.6
28  We       1118 0457  0.4 1122  2.8 1734  0.5 2344  2.6
29  Th       1118 0550  0.4 1216  2.7 1830  0.6 9999  9.9
30  Fr       1118 0040  2.5 0646  0.5 1312  2.6 1929  0.6
 1  Sa       1218 0140  2.5 0746  0.6 1411  2.6 2029  0.6
 2  Su       1218 0243  2.4 0848  0.7 1511  2.6 2129  0.6
 3  Mo       1218 0348  2.4 0951  0.7 1610  2.5 2228  0.6
 4  Tu       1218 0450  2.5 1051  0.7 1707  2.5 2323  0.5
 5  We       1218 0547  2.5 1147  0.7 1800  2.5 9999  9.9
 6  Th       1218 0015  0.5 0639  2.6 1239  0.7 1850  2.5
 7  Fr       1218 0104  0.5 0727  2.6 1327  0.6 1938  2.5
 8  Sa       1218 0149  0.5 0812  2.6 1413  0.6 2022  2.5
 9  Su       1218 0232  0.5 0855  2.6 1458  0.7 2105  2.5
10  Mo       1218 0313  0.5 0935  2.6 1540  0.7 2145  2.4
11  Tu       1218 0353  0.6 1015  2.6 1622  0.7 2225  2.4
12  We       1218 0432  0.6 1055  2.5 1704  0.8 2305  2.3
13  Th       1218 0511  0.7 1135  2.5 1747  0.8 2347  2.3
14  Fr       1218 0552  0.8 1218  2.4 1832  0.8 9999  9.9
15  Sa       1218 0031  2.2 0637  0.8 1302  2.4 1918  0.9
16  Su       1218 0119  2.2 0725  0.9 1350  2.3 2007  0.9
17  Mo       1218 0212  2.2 0818  0.9 1439  2.3 2058  0.8
18  Tu       1218 0308  2.2 0914  0.9 1531  2.3 2151  0.8
19  We       1218 0406  2.3 1011  0.9 1624  2.4 2244  0.7
20  Th       1218 0504  2.3 1107  0.8 1718  2.4 2336  0.6
21  Fr       1218 0559  2.5 1201  0.8 1812  2.5 9999  9.9
22  Sa       1218 0028  0.5 0651  2.6 1254  0.7 1905  2.6
23  Su       1218 0119  0.4 0742  2.7 1347  0.6 1958  2.7
24  Mo       1218 0210  0.3 0833  2.8 1440  0.5 2051  2.7
25  Tu       1218 0300  0.3 0923  2.9 1532  0.4 2144  2.7
26  We       1218 0351  0.3 1014  2.9 1626  0.4 2237  2.7
27  Th       1218 0442  0.3 1106  2.9 1720  0.4 2330  2.7
28  Fr       1218 0534  0.4 1159  2.8 1814  0.5 9999  9.9
29  Sa       1218 0025  2.6 0629  0.5 1253  2.7 1910  0.5
30  Su       1218 0123  2.5 0726  0.6 1349  2.6 2007  0.6
31  Mo       1218 0223  2.5 0826  0.7 1446  2.6 2104  0.6
