079Marsden Point
Based on data from  1-Jul-2003
Local Std Time, tidal heights in metres.
 1  Su        117 0317  0.6 0940  2.6 1546  0.7 2151  2.5
 2  Mo        117 0357  0.5 1021  2.6 1629  0.7 2234  2.5
 3  Tu        117 0439  0.6 1103  2.6 1713  0.6 2319  2.5
 4  We        117 0523  0.6 1148  2.6 1759  0.6 9999  9.9
 5  Th        117 0007  2.5 0610  0.6 1235  2.6 1848  0.6
 6  Fr        117 0058  2.4 0702  0.7 1326  2.6 1941  0.6
 7  Sa        117 0155  2.4 0800  0.7 1421  2.6 2038  0.6
 8  Su        117 0256  2.4 0903  0.7 1520  2.6 2139  0.6
 9  Mo        117 0401  2.5 1008  0.7 1622  2.6 2240  0.5
10  Tu        117 0505  2.6 1111  0.7 1724  2.6 2340  0.4
11  We        117 0606  2.7 1212  0.6 1825  2.6 9999  9.9
12  Th        117 0038  0.4 0703  2.8 1310  0.5 1923  2.7
13  Fr        117 0132  0.3 0757  2.8 1404  0.5 2017  2.7
14  Sa        117 0224  0.3 0848  2.9 1457  0.4 2109  2.7
15  Su        117 0314  0.3 0937  2.9 1547  0.5 2159  2.7
16  Mo        117 0402  0.4 1024  2.8 1636  0.5 2247  2.6
17  Tu        117 0448  0.5 1110  2.7 1723  0.6 2333  2.5
18  We        117 0535  0.6 1155  2.6 1810  0.6 9999  9.9
19  Th        117 0020  2.5 0621  0.7 1240  2.5 1857  0.7
20  Fr        117 0108  2.4 0710  0.8 1326  2.4 1945  0.8
21  Sa        117 0159  2.3 0801  0.9 1413  2.4 2035  0.8
22  Su        117 0253  2.3 0856  1.0 1504  2.3 2127  0.8
23  Mo        117 0351  2.2 0952  1.0 1556  2.3 2221  0.9
24  Tu        117 0447  2.3 1047  1.0 1650  2.3 2313  0.8
25  We        117 0539  2.3 1139  0.9 1743  2.3 9999  9.9
26  Th        117 0002  0.8 0626  2.4 1227  0.9 1832  2.3
27  Fr        117 0047  0.7 0710  2.5 1313  0.8 1918  2.4
28  Sa        117 0130  0.6 0752  2.6 1356  0.7 2003  2.5
29  Su        117 0212  0.6 0834  2.6 1440  0.7 2047  2.5
30  Mo        117 0253  0.5 0915  2.7 1523  0.6 2130  2.6
31  Tu        117 0335  0.5 0958  2.7 1606  0.6 2215  2.6
 1  We        217 0419  0.5 1041  2.7 1651  0.5 2301  2.6
 2  Th        217 0504  0.5 1127  2.7 1738  0.5 2349  2.6
 3  Fr        217 0552  0.6 1214  2.7 1827  0.5 9999  9.9
 4  Sa        217 0040  2.6 0645  0.6 1305  2.6 1920  0.6
 5  Su        217 0136  2.5 0743  0.7 1400  2.6 2017  0.6
 6  Mo        217 0238  2.5 0845  0.7 1500  2.5 2117  0.6
 7  Tu        217 0343  2.5 0950  0.8 1604  2.5 2220  0.6
 8  We        217 0447  2.6 1055  0.7 1708  2.5 2322  0.5
 9  Th        217 0549  2.6 1156  0.7 1810  2.6 9999  9.9
10  Fr        217 0021  0.5 0646  2.7 1254  0.6 1908  2.6
11  Sa        217 0115  0.4 0739  2.8 1347  0.5 2001  2.7
12  Su        217 0206  0.4 0828  2.8 1437  0.5 2051  2.7
13  Mo        217 0253  0.4 0915  2.8 1525  0.5 2137  2.7
14  Tu        217 0339  0.5 0959  2.8 1610  0.5 2221  2.6
15  We        217 0422  0.5 1041  2.7 1653  0.6 2304  2.6
16  Th        217 0505  0.6 1122  2.6 1735  0.6 2346  2.5
17  Fr        217 0548  0.7 1202  2.5 1817  0.7 9999  9.9
18  Sa        217 0029  2.4 0632  0.8 1244  2.4 1901  0.8
19  Su        217 0115  2.3 0720  0.9 1328  2.4 1948  0.8
20  Mo        217 0206  2.3 0812  1.0 1417  2.3 2039  0.9
21  Tu        217 0302  2.3 0908  1.0 1510  2.2 2134  0.9
22  We        217 0400  2.3 1004  1.0 1606  2.2 2230  0.9
23  Th        217 0456  2.3 1059  1.0 1703  2.3 2323  0.8
24  Fr        217 0547  2.4 1151  0.9 1757  2.3 9999  9.9
25  Sa        217 0013  0.8 0635  2.5 1240  0.8 1848  2.4
26  Su        217 0059  0.7 0720  2.6 1326  0.7 1936  2.5
27  Mo        217 0144  0.6 0804  2.7 1412  0.6 2022  2.6
28  Tu        217 0228  0.5 0848  2.8 1457  0.5 2108  2.7
 1  We        317 0313  0.4 0933  2.8 1543  0.4 2155  2.7
 2  Th        317 0359  0.4 1019  2.8 1629  0.4 2242  2.7
 3  Fr        317 0447  0.5 1106  2.8 1717  0.4 2332  2.7
 4  Sa        317 0537  0.5 1156  2.7 1807  0.5 9999  9.9
 5  Su        317 0024  2.7 0631  0.6 1248  2.7 1900  0.5
 6  Mo        317 0120  2.6 0729  0.7 1344  2.6 1958  0.6
 7  Tu        317 0221  2.6 0832  0.8 1445  2.5 2059  0.6
 8  We        317 0326  2.5 0936  0.8 1550  2.5 2203  0.7
 9  Th        317 0430  2.5 1040  0.8 1655  2.5 2305  0.6
10  Fr        317 0531  2.6 1140  0.7 1756  2.5 9999  9.9
11  Sa        317 0003  0.6 0627  2.6 1236  0.6 1852  2.6
12  Su        317 0056  0.6 0718  2.7 1327  0.6 1943  2.6
13  Mo        317 0145  0.5 0805  2.7 1415  0.6 2029  2.7
14  Tu        317 0230  0.5 0849  2.7 1459  0.6 2113  2.7
15  We        317 0313  0.6 0930  2.7 1541  0.6 2154  2.6
16  Th        317 0355  0.6 1009  2.6 1621  0.6 2234  2.6
17  Fr        317 0435  0.7 1048  2.6 1700  0.7 2313  2.5
18  Sa        317 0516  0.7 1126  2.5 1739  0.7 2353  2.5
19  Su        317 0558  0.8 1206  2.4 1819  0.8 9999  9.9
20  Mo        317 0036  2.4 0643  0.9 1249  2.4 1904  0.9
21  Tu        317 0124  2.3 0732  1.0 1336  2.3 1953  0.9
22  We        317 0217  2.3 0826  1.0 1429  2.3 2048  0.9
23  Th        317 0313  2.3 0922  1.0 1526  2.2 2145  0.9
24  Fr        317 0410  2.3 1019  1.0 1624  2.3 2242  0.9
25  Sa        317 0505  2.4 1113  0.9 1722  2.4 2335  0.8
26  Su        317 0556  2.5 1205  0.8 1816  2.5 9999  9.9
27  Mo        317 0026  0.7 0645  2.6 1254  0.6 1907  2.6
28  Tu        317 0114  0.6 0733  2.7 1343  0.5 1957  2.7
29  We        317 0202  0.5 0820  2.8 1431  0.4 2046  2.8
30  Th        317 0250  0.4 0908  2.9 1519  0.3 2135  2.9
31  Fr        317 0340  0.4 0957  2.9 1607  0.3 2224  2.9
 1  Sa        417 0430  0.4 1047  2.8 1657  0.4 2315  2.8
 2  Su        417 0523  0.5 1139  2.8 1748  0.4 9999  9.9
 3  Mo        417 0009  2.8 0618  0.6 1233  2.7 1843  0.5
 4  Tu        417 0106  2.7 0717  0.7 1330  2.6 1941  0.6
 5  We        417 0206  2.6 0819  0.7 1432  2.5 2042  0.7
 6  Th        417 0309  2.6 0922  0.8 1536  2.5 2145  0.7
 7  Fr        417 0411  2.5 1023  0.8 1639  2.5 2246  0.7
 8  Sa        417 0510  2.6 1121  0.7 1739  2.5 2343  0.7
 9  Su        417 0603  2.6 1214  0.7 1832  2.5 9999  9.9
10  Mo        417 0034  0.7 0653  2.6 1303  0.6 1921  2.6
11  Tu        417 0122  0.6 0738  2.6 1348  0.6 2006  2.6
12  We        417 0206  0.6 0820  2.6 1430  0.6 2047  2.6
13  Th        417 0247  0.7 0900  2.6 1510  0.6 2126  2.6
14  Fr        417 0327  0.7 0937  2.6 1548  0.6 2204  2.6
15  Sa        417 0406  0.7 1015  2.5 1625  0.7 2242  2.6
16  Su        417 0446  0.8 1053  2.5 1703  0.7 2321  2.5
17  Mo        417 0527  0.8 1133  2.4 1743  0.8 9999  9.9
18  Tu        417 0003  2.4 0611  0.9 1216  2.4 1826  0.8
19  We        417 0049  2.4 0659  0.9 1302  2.3 1913  0.9
20  Th        417 0139  2.4 0750  1.0 1354  2.3 2006  0.9
21  Fr        417 0232  2.3 0844  0.9 1449  2.3 2103  0.9
22  Sa        417 0328  2.4 0940  0.9 1548  2.3 2202  0.9
23  Su        417 0423  2.4 1036  0.8 1648  2.4 2258  0.8
24  Mo        417 0517  2.5 1130  0.7 1745  2.5 2353  0.7
25  Tu        417 0610  2.7 1222  0.6 1840  2.7 9999  9.9
26  We        417 0045  0.6 0702  2.8 1314  0.4 1932  2.8
27  Th        417 0137  0.5 0753  2.8 1405  0.3 2024  2.9
28  Fr        417 0229  0.4 0844  2.9 1455  0.3 2115  2.9
29  Sa        417 0321  0.4 0936  2.9 1546  0.3 2206  2.9
30  Su        417 0414  0.4 1029  2.8 1637  0.3 2259  2.9
 1  Mo        517 0509  0.5 1122  2.8 1730  0.4 2353  2.8
 2  Tu        517 0605  0.6 1218  2.7 1825  0.5 9999  9.9
 3  We        517 0049  2.7 0703  0.6 1315  2.6 1922  0.6
 4  Th        517 0148  2.6 0803  0.7 1416  2.5 2023  0.7
 5  Fr        517 0248  2.6 0903  0.7 1518  2.4 2124  0.8
 6  Sa        517 0347  2.5 1002  0.7 1619  2.4 2223  0.8
 7  Su        517 0443  2.5 1057  0.7 1716  2.5 2318  0.8
 8  Mo        517 0535  2.5 1148  0.7 1809  2.5 9999  9.9
 9  Tu        517 0009  0.8 0623  2.5 1236  0.7 1856  2.5
10  We        517 0055  0.8 0708  2.5 1320  0.6 1940  2.6
11  Th        517 0139  0.7 0749  2.5 1401  0.6 2020  2.6
12  Fr        517 0220  0.7 0829  2.5 1440  0.6 2059  2.6
13  Sa        517 0300  0.8 0907  2.5 1517  0.6 2136  2.6
14  Su        517 0339  0.8 0945  2.5 1554  0.7 2214  2.6
15  Mo        517 0419  0.8 1024  2.4 1632  0.7 2253  2.5
16  Tu        517 0500  0.8 1104  2.4 1712  0.8 2335  2.5
17  We        517 0544  0.9 1147  2.4 1754  0.8 9999  9.9
18  Th        517 0019  2.5 0629  0.9 1234  2.3 1840  0.8
19  Fr        517 0106  2.4 0718  0.9 1323  2.3 1931  0.9
20  Sa        517 0157  2.4 0811  0.9 1418  2.3 2026  0.9
21  Su        517 0251  2.5 0905  0.8 1516  2.4 2125  0.8
22  Mo        517 0346  2.5 1002  0.7 1617  2.5 2225  0.8
23  Tu        517 0442  2.6 1058  0.6 1716  2.6 2323  0.7
24  We        517 0538  2.7 1153  0.5 1814  2.7 9999  9.9
25  Th        517 0019  0.6 0633  2.8 1247  0.4 1909  2.8
26  Fr        517 0114  0.5 0728  2.8 1341  0.3 2003  2.9
27  Sa        517 0209  0.4 0823  2.8 1433  0.2 2056  3.0
28  Su        517 0303  0.4 0917  2.8 1526  0.2 2148  3.0
29  Mo        517 0358  0.4 1011  2.8 1618  0.3 2241  2.9
30  Tu        517 0453  0.5 1105  2.7 1711  0.4 2335  2.8
31  We        517 0548  0.5 1200  2.7 1805  0.5 9999  9.9
 1  Th        617 0029  2.8 0645  0.6 1256  2.6 1901  0.6
 2  Fr        617 0125  2.7 0741  0.7 1354  2.5 1958  0.7
 3  Sa        617 0221  2.6 0838  0.7 1453  2.4 2057  0.8
 4  Su        617 0317  2.5 0934  0.7 1552  2.4 2154  0.8
 5  Mo        617 0411  2.5 1027  0.7 1648  2.4 2249  0.9
 6  Tu        617 0502  2.4 1118  0.7 1740  2.4 2340  0.9
 7  We        617 0550  2.4 1205  0.7 1828  2.5 9999  9.9
 8  Th        617 0027  0.8 0635  2.4 1249  0.7 1912  2.5
 9  Fr        617 0111  0.8 0718  2.4 1331  0.7 1953  2.5
10  Sa        617 0153  0.8 0759  2.4 1410  0.7 2032  2.6
11  Su        617 0234  0.8 0838  2.4 1449  0.7 2110  2.6
12  Mo        617 0314  0.8 0918  2.4 1527  0.7 2148  2.6
13  Tu        617 0354  0.8 0958  2.4 1605  0.7 2227  2.6
14  We        617 0435  0.8 1039  2.4 1645  0.7 2309  2.5
15  Th        617 0518  0.8 1122  2.4 1726  0.7 2352  2.5
16  Fr        617 0603  0.8 1208  2.4 1811  0.8 9999  9.9
17  Sa        617 0038  2.5 0650  0.8 1257  2.4 1901  0.8
18  Su        617 0126  2.5 0741  0.8 1350  2.4 1956  0.8
19  Mo        617 0219  2.5 0835  0.7 1448  2.4 2055  0.8
20  Tu        617 0314  2.5 0931  0.6 1549  2.5 2156  0.8
21  We        617 0412  2.6 1029  0.6 1651  2.6 2257  0.7
22  Th        617 0511  2.6 1128  0.5 1751  2.7 2357  0.6
23  Fr        617 0610  2.7 1224  0.4 1849  2.8 9999  9.9
24  Sa        617 0055  0.5 0708  2.8 1320  0.3 1944  2.9
25  Su        617 0151  0.5 0804  2.8 1414  0.3 2038  3.0
26  Mo        617 0246  0.4 0859  2.8 1507  0.3 2130  3.0
27  Tu        617 0341  0.4 0953  2.8 1558  0.3 2222  2.9
28  We        617 0434  0.4 1046  2.7 1650  0.4 2314  2.8
29  Th        617 0527  0.5 1139  2.6 1742  0.5 9999  9.9
30  Fr        617 0005  2.7 0620  0.6 1232  2.5 1834  0.6
 1  Sa        717 0057  2.6 0713  0.6 1326  2.5 1928  0.7
 2  Su        717 0148  2.5 0806  0.7 1421  2.4 2024  0.8
 3  Mo        717 0240  2.5 0859  0.8 1518  2.4 2120  0.9
 4  Tu        717 0333  2.4 0952  0.8 1614  2.3 2215  0.9
 5  We        717 0424  2.4 1043  0.8 1708  2.4 2307  0.9
 6  Th        717 0514  2.3 1132  0.8 1757  2.4 2356  0.9
 7  Fr        717 0602  2.3 1218  0.7 1842  2.5 9999  9.9
 8  Sa        717 0042  0.9 0647  2.4 1302  0.7 1924  2.5
 9  Su        717 0126  0.8 0731  2.4 1342  0.7 2004  2.5
10  Mo        717 0208  0.8 0812  2.4 1422  0.6 2043  2.6
11  Tu        717 0248  0.8 0853  2.4 1501  0.6 2122  2.6
12  We        717 0329  0.7 0934  2.5 1540  0.6 2202  2.6
13  Th        717 0411  0.7 1016  2.5 1620  0.6 2243  2.6
14  Fr        717 0453  0.7 1059  2.5 1702  0.6 2326  2.6
15  Sa        717 0537  0.7 1145  2.5 1747  0.7 9999  9.9
16  Su        717 0011  2.6 0624  0.7 1233  2.4 1836  0.7
17  Mo        717 0100  2.6 0714  0.7 1326  2.4 1931  0.8
18  Tu        717 0152  2.5 0808  0.6 1424  2.4 2031  0.8
19  We        717 0248  2.5 0905  0.6 1527  2.5 2134  0.7
20  Th        717 0348  2.6 1006  0.5 1630  2.6 2237  0.7
21  Fr        717 0450  2.6 1107  0.5 1732  2.7 2339  0.6
22  Sa        717 0552  2.6 1206  0.4 1831  2.8 9999  9.9
23  Su        717 0038  0.5 0651  2.7 1302  0.3 1926  2.8
24  Mo        717 0135  0.5 0748  2.7 1356  0.3 2020  2.9
25  Tu        717 0229  0.4 0842  2.8 1448  0.3 2111  2.9
26  We        717 0321  0.4 0934  2.8 1538  0.3 2200  2.9
27  Th        717 0412  0.4 1025  2.7 1627  0.4 2249  2.8
28  Fr        717 0502  0.5 1114  2.6 1715  0.5 2336  2.7
29  Sa        717 0550  0.6 1202  2.5 1804  0.6 9999  9.9
30  Su        717 0023  2.6 0639  0.6 1252  2.4 1854  0.7
31  Mo        717 0110  2.5 0727  0.7 1343  2.4 1947  0.8
 1  Tu        817 0159  2.4 0818  0.8 1438  2.3 2041  0.9
 2  We        817 0250  2.3 0911  0.8 1534  2.3 2137  1.0
 3  Th        817 0342  2.3 1004  0.8 1630  2.3 2232  1.0
 4  Fr        817 0436  2.3 1056  0.8 1722  2.3 2324  0.9
 5  Sa        817 0528  2.3 1146  0.8 1810  2.4 9999  9.9
 6  Su        817 0012  0.9 0617  2.3 1231  0.7 1854  2.5
 7  Mo        817 0057  0.8 0703  2.4 1314  0.7 1935  2.5
 8  Tu        817 0140  0.8 0746  2.4 1355  0.6 2015  2.6
 9  We        817 0222  0.7 0828  2.5 1435  0.6 2055  2.6
10  Th        817 0303  0.6 0910  2.5 1515  0.5 2136  2.7
11  Fr        817 0345  0.6 0953  2.6 1557  0.5 2218  2.7
12  Sa        817 0428  0.6 1037  2.6 1640  0.6 2302  2.7
13  Su        817 0512  0.5 1123  2.6 1726  0.6 2347  2.6
14  Mo        817 0559  0.5 1213  2.5 1816  0.7 9999  9.9
15  Tu        817 0037  2.6 0650  0.6 1306  2.5 1912  0.7
16  We        817 0130  2.5 0744  0.6 1405  2.5 2013  0.7
17  Th        817 0228  2.5 0844  0.6 1508  2.5 2117  0.7
18  Fr        817 0330  2.5 0947  0.6 1613  2.5 2222  0.7
19  Sa        817 0435  2.5 1049  0.5 1716  2.6 2325  0.6
20  Su        817 0538  2.6 1150  0.5 1815  2.7 9999  9.9
21  Mo        817 0023  0.6 0638  2.6 1246  0.4 1909  2.8
22  Tu        817 0119  0.5 0733  2.7 1339  0.4 2001  2.8
23  We        817 0211  0.4 0825  2.7 1428  0.3 2049  2.8
24  Th        817 0300  0.4 0914  2.7 1516  0.4 2136  2.8
25  Fr        817 0347  0.4 1001  2.7 1602  0.4 2220  2.7
26  Sa        817 0433  0.5 1046  2.6 1647  0.5 2304  2.6
27  Su        817 0517  0.5 1130  2.5 1732  0.6 2347  2.5
28  Mo        817 0601  0.6 1215  2.4 1818  0.8 9999  9.9
29  Tu        817 0030  2.4 0646  0.7 1302  2.4 1908  0.9
30  We        817 0116  2.3 0733  0.8 1354  2.3 2000  0.9
31  Th        817 0205  2.3 0825  0.8 1449  2.3 2057  1.0
 1  Fr        917 0259  2.2 0920  0.9 1547  2.2 2154  1.0
 2  Sa        917 0355  2.2 1017  0.9 1642  2.3 2248  0.9
 3  Su        917 0452  2.2 1110  0.8 1733  2.3 2338  0.9
 4  Mo        917 0544  2.3 1158  0.8 1819  2.4 9999  9.9
 5  Tu        917 0025  0.8 0633  2.4 1243  0.7 1903  2.5
 6  We        917 0110  0.7 0719  2.5 1326  0.6 1945  2.6
 7  Th        917 0153  0.6 0803  2.5 1408  0.5 2027  2.7
 8  Fr        917 0236  0.5 0847  2.6 1451  0.5 2109  2.7
 9  Sa        917 0319  0.4 0931  2.7 1535  0.5 2153  2.7
10  Su        917 0403  0.4 1017  2.7 1620  0.5 2239  2.7
11  Mo        917 0449  0.4 1104  2.7 1709  0.5 2326  2.7
12  Tu        917 0537  0.4 1155  2.6 1801  0.6 9999  9.9
13  We        917 0017  2.6 0629  0.5 1249  2.6 1858  0.7
14  Th        917 0113  2.5 0725  0.6 1349  2.5 2000  0.7
15  Fr        917 0213  2.5 0826  0.6 1453  2.5 2105  0.7
16  Sa        917 0317  2.4 0930  0.6 1558  2.5 2209  0.7
17  Su        917 0423  2.4 1034  0.6 1700  2.6 2311  0.6
18  Mo        917 0526  2.5 1134  0.5 1758  2.6 9999  9.9
19  Tu        917 0008  0.6 0625  2.6 1229  0.5 1851  2.7
20  We        917 0101  0.5 0718  2.6 1320  0.4 1940  2.7
21  Th        917 0150  0.4 0807  2.7 1408  0.4 2026  2.7
22  Fr        917 0237  0.4 0852  2.7 1453  0.5 2109  2.7
23  Sa        917 0320  0.4 0936  2.7 1536  0.5 2151  2.6
24  Su        917 0402  0.5 1017  2.6 1618  0.6 2231  2.6
25  Mo        917 0442  0.5 1058  2.5 1701  0.7 2310  2.5
26  Tu        917 0523  0.6 1139  2.5 1744  0.8 2351  2.4
27  We        917 0604  0.7 1223  2.4 1830  0.8 9999  9.9
28  Th        917 0035  2.3 0649  0.8 1311  2.3 1921  0.9
29  Fr        917 0123  2.2 0739  0.9 1404  2.3 2015  1.0
30  Sa        917 0216  2.2 0834  0.9 1501  2.2 2112  1.0
 1  Su       1017 0314  2.2 0932  0.9 1558  2.3 2208  0.9
 2  Mo       1017 0413  2.2 1029  0.9 1651  2.3 2301  0.8
 3  Tu       1017 0509  2.3 1121  0.8 1740  2.4 2350  0.7
 4  We       1017 0601  2.4 1209  0.7 1827  2.5 9999  9.9
 5  Th       1017 0037  0.6 0650  2.5 1256  0.6 1912  2.6
 6  Fr       1017 0123  0.5 0737  2.6 1341  0.5 1957  2.7
 7  Sa       1017 0208  0.4 0823  2.7 1427  0.4 2043  2.8
 8  Su       1017 0254  0.3 0910  2.8 1514  0.4 2130  2.8
 9  Mo       1017 0340  0.3 0957  2.8 1602  0.4 2218  2.7
10  Tu       1017 0428  0.3 1047  2.8 1654  0.5 2308  2.7
11  We       1017 0518  0.4 1139  2.7 1748  0.5 9999  9.9
12  Th       1017 0002  2.6 0611  0.4 1234  2.6 1846  0.6
13  Fr       1017 0058  2.5 0708  0.5 1334  2.6 1948  0.7
14  Sa       1017 0200  2.4 0809  0.6 1437  2.5 2051  0.7
15  Su       1017 0304  2.4 0914  0.6 1540  2.5 2155  0.7
16  Mo       1017 0410  2.4 1017  0.7 1641  2.5 2255  0.6
17  Tu       1017 0512  2.4 1116  0.6 1737  2.6 2350  0.6
18  We       1017 0609  2.5 1211  0.6 1829  2.6 9999  9.9
19  Th       1017 0041  0.5 0700  2.6 1300  0.6 1916  2.6
20  Fr       1017 0128  0.5 0746  2.6 1346  0.5 2000  2.6
21  Sa       1017 0211  0.5 0830  2.6 1429  0.6 2042  2.6
22  Su       1017 0252  0.5 0910  2.6 1511  0.6 2121  2.5
23  Mo       1017 0332  0.5 0950  2.6 1551  0.6 2159  2.5
24  Tu       1017 0410  0.6 1028  2.5 1632  0.7 2238  2.4
25  We       1017 0448  0.6 1107  2.5 1713  0.8 2317  2.3
26  Th       1017 0527  0.7 1149  2.4 1757  0.8 9999  9.9
27  Fr       1017 0000  2.3 0610  0.8 1234  2.3 1845  0.9
28  Sa       1017 0046  2.2 0656  0.8 1323  2.3 1936  0.9
29  Su       1017 0137  2.2 0749  0.9 1416  2.3 2031  0.9
30  Mo       1017 0233  2.2 0846  0.9 1511  2.3 2126  0.9
31  Tu       1017 0332  2.2 0944  0.9 1606  2.3 2220  0.8
 1  We       1117 0431  2.3 1040  0.8 1659  2.4 2313  0.7
 2  Th       1117 0527  2.4 1134  0.7 1749  2.5 9999  9.9
 3  Fr       1117 0003  0.6 0620  2.5 1225  0.6 1839  2.6
 4  Sa       1117 0053  0.4 0711  2.6 1315  0.5 1929  2.7
 5  Su       1117 0141  0.3 0800  2.8 1404  0.4 2018  2.8
 6  Mo       1117 0230  0.2 0850  2.8 1455  0.4 2109  2.8
 7  Tu       1117 0319  0.2 0940  2.9 1546  0.4 2200  2.8
 8  We       1117 0409  0.2 1031  2.9 1640  0.4 2253  2.7
 9  Th       1117 0500  0.3 1124  2.8 1735  0.5 2347  2.6
10  Fr       1117 0554  0.4 1219  2.7 1833  0.6 9999  9.9
11  Sa       1117 0044  2.5 0651  0.5 1317  2.6 1933  0.6
12  Su       1117 0144  2.4 0751  0.6 1417  2.6 2034  0.7
13  Mo       1117 0248  2.4 0853  0.7 1518  2.5 2135  0.7
14  Tu       1117 0352  2.4 0956  0.7 1617  2.5 2233  0.6
15  We       1117 0452  2.4 1054  0.7 1712  2.5 2327  0.6
16  Th       1117 0548  2.4 1148  0.7 1803  2.5 9999  9.9
17  Fr       1117 0017  0.6 0638  2.5 1237  0.7 1850  2.5
18  Sa       1117 0103  0.5 0724  2.5 1323  0.7 1933  2.5
19  Su       1117 0145  0.5 0806  2.6 1406  0.7 2014  2.5
20  Mo       1117 0225  0.5 0846  2.6 1447  0.7 2054  2.5
21  Tu       1117 0304  0.5 0924  2.6 1527  0.7 2132  2.4
22  We       1117 0341  0.6 1002  2.5 1606  0.7 2210  2.4
23  Th       1117 0418  0.6 1040  2.5 1647  0.8 2249  2.4
24  Fr       1117 0457  0.7 1120  2.5 1729  0.8 2330  2.3
25  Sa       1117 0537  0.7 1202  2.4 1813  0.8 9999  9.9
26  Su       1117 0015  2.3 0621  0.8 1248  2.4 1901  0.9
27  Mo       1117 0103  2.2 0709  0.8 1337  2.3 1951  0.9
28  Tu       1117 0156  2.2 0803  0.9 1429  2.4 2045  0.8
29  We       1117 0253  2.2 0901  0.9 1523  2.4 2140  0.7
30  Th       1117 0353  2.3 1000  0.8 1618  2.4 2235  0.6
 1  Fr       1217 0453  2.4 1059  0.7 1713  2.5 2330  0.5
 2  Sa       1217 0551  2.5 1155  0.6 1808  2.6 9999  9.9
 3  Su       1217 0024  0.4 0646  2.7 1250  0.5 1903  2.7
 4  Mo       1217 0117  0.3 0739  2.8 1344  0.4 1957  2.8
 5  Tu       1217 0209  0.2 0831  2.9 1438  0.4 2050  2.8
 6  We       1217 0300  0.2 0923  2.9 1531  0.4 2144  2.8
 7  Th       1217 0351  0.2 1015  2.9 1626  0.4 2237  2.7
 8  Fr       1217 0443  0.3 1108  2.9 1720  0.4 2332  2.7
 9  Sa       1217 0537  0.4 1202  2.8 1816  0.5 9999  9.9
10  Su       1217 0027  2.6 0631  0.5 1257  2.7 1913  0.6
11  Mo       1217 0125  2.5 0729  0.6 1353  2.6 2010  0.6
12  Tu       1217 0225  2.4 0828  0.7 1450  2.5 2108  0.7
13  We       1217 0326  2.4 0928  0.8 1546  2.5 2204  0.7
14  Th       1217 0426  2.4 1026  0.8 1641  2.4 2258  0.7
15  Fr       1217 0522  2.4 1121  0.8 1732  2.4 2349  0.7
16  Sa       1217 0613  2.4 1211  0.8 1821  2.4 9999  9.9
17  Su       1217 0035  0.6 0659  2.5 1258  0.8 1906  2.4
18  Mo       1217 0119  0.6 0742  2.5 1342  0.8 1948  2.4
19  Tu       1217 0159  0.6 0822  2.5 1423  0.7 2028  2.4
20  We       1217 0238  0.6 0900  2.6 1503  0.7 2107  2.4
21  Th       1217 0316  0.6 0937  2.6 1543  0.7 2145  2.4
22  Fr       1217 0353  0.6 1015  2.5 1622  0.7 2225  2.4
23  Sa       1217 0430  0.6 1054  2.5 1703  0.8 2305  2.4
24  Su       1217 0509  0.7 1134  2.5 1745  0.8 2348  2.3
25  Mo       1217 0551  0.7 1217  2.5 1829  0.8 9999  9.9
26  Tu       1217 0033  2.3 0636  0.8 1302  2.4 1916  0.8
27  We       1217 0124  2.3 0727  0.8 1352  2.4 2008  0.7
28  Th       1217 0219  2.3 0824  0.8 1445  2.4 2103  0.7
29  Fr       1217 0319  2.3 0925  0.8 1542  2.5 2201  0.6
30  Sa       1217 0422  2.4 1027  0.8 1641  2.5 2300  0.5
31  Su       1217 0524  2.5 1129  0.7 1741  2.6 2358  0.4
