081Pouto Point
Based on data from  1-Jan-2012
Local Std Time, tidal heights in metres.
 1  Tu        119 0012  0.9 0633  3.0 1242  1.0 1859  3.0
 2  We        119 0113  0.8 0735  3.0 1344  0.9 1957  3.0
 3  Th        119 0210  0.8 0830  3.1 1439  0.9 2050  3.1
 4  Fr        119 0300  0.7 0919  3.2 1528  0.8 2137  3.1
 5  Sa        119 0346  0.7 1003  3.3 1611  0.7 2220  3.1
 6  Su        119 0427  0.6 1044  3.3 1651  0.7 2300  3.1
 7  Mo        119 0505  0.6 1121  3.3 1729  0.7 2337  3.1
 8  Tu        119 0541  0.6 1156  3.3 1805  0.7 9999  9.9
 9  We        119 0012  3.1 0616  0.7 1230  3.3 1840  0.7
10  Th        119 0047  3.1 0651  0.7 1304  3.2 1916  0.8
11  Fr        119 0122  3.0 0727  0.8 1340  3.1 1954  0.8
12  Sa        119 0200  3.0 0805  0.9 1418  3.1 2035  0.9
13  Su        119 0241  2.9 0848  1.0 1501  3.0 2119  0.9
14  Mo        119 0327  2.8 0936  1.0 1550  2.9 2210  1.0
15  Tu        119 0421  2.8 1032  1.1 1646  2.9 2307  1.0
16  We        119 0524  2.8 1136  1.1 1750  2.9 9999  9.9
17  Th        119 0011  1.0 0633  2.9 1245  1.0 1858  2.9
18  Fr        119 0117  0.9 0742  3.0 1352  0.9 2004  3.1
19  Sa        119 0220  0.7 0843  3.2 1453  0.7 2105  3.2
20  Su        119 0318  0.6 0939  3.4 1549  0.5 2201  3.4
21  Mo        119 0412  0.4 1030  3.6 1641  0.4 2253  3.5
22  Tu        119 0502  0.3 1119  3.7 1731  0.3 2343  3.5
23  We        119 0551  0.3 1207  3.7 1820  0.3 9999  9.9
24  Th        119 0031  3.5 0638  0.3 1255  3.7 1908  0.3
25  Fr        119 0119  3.5 0725  0.4 1342  3.6 1956  0.4
26  Sa        119 0207  3.3 0813  0.5 1431  3.4 2045  0.6
27  Su        119 0257  3.2 0904  0.7 1522  3.2 2137  0.7
28  Mo        119 0351  3.0 0958  0.9 1618  3.1 2233  0.9
29  Tu        119 0451  2.9 1100  1.0 1719  2.9 2334  1.0
30  We        119 0557  2.9 1209  1.1 1826  2.9 9999  9.9
31  Th        119 0040  1.0 0705  2.9 1317  1.1 1931  2.9
 1  Fr        219 0143  1.0 0806  3.0 1417  1.0 2028  2.9
 2  Sa        219 0238  0.9 0859  3.1 1509  0.9 2119  3.0
 3  Su        219 0326  0.8 0944  3.2 1553  0.8 2203  3.1
 4  Mo        219 0409  0.7 1024  3.2 1633  0.7 2242  3.1
 5  Tu        219 0446  0.7 1101  3.3 1710  0.7 2319  3.2
 6  We        219 0522  0.6 1135  3.3 1744  0.7 2353  3.2
 7  Th        219 0556  0.6 1208  3.3 1818  0.7 9999  9.9
 8  Fr        219 0026  3.2 0629  0.6 1240  3.3 1852  0.7
 9  Sa        219 0059  3.1 0703  0.7 1314  3.2 1927  0.7
10  Su        219 0133  3.1 0738  0.8 1349  3.2 2003  0.8
11  Mo        219 0210  3.0 0817  0.9 1428  3.1 2044  0.8
12  Tu        219 0252  2.9 0901  1.0 1513  3.0 2130  0.9
13  We        219 0341  2.9 0953  1.0 1606  2.9 2225  1.0
14  Th        219 0442  2.8 1058  1.1 1711  2.8 2332  1.0
15  Fr        219 0555  2.8 1212  1.1 1826  2.9 9999  9.9
16  Sa        219 0045  1.0 0713  3.0 1327  0.9 1942  3.0
17  Su        219 0157  0.8 0822  3.2 1434  0.8 2048  3.2
18  Mo        219 0300  0.6 0921  3.4 1533  0.5 2146  3.4
19  Tu        219 0356  0.4 1014  3.6 1626  0.4 2238  3.5
20  We        219 0446  0.3 1103  3.7 1715  0.2 2327  3.6
21  Th        219 0534  0.2 1149  3.8 1802  0.2 9999  9.9
22  Fr        219 0013  3.6 0620  0.2 1235  3.7 1847  0.3
23  Sa        219 0058  3.5 0705  0.3 1320  3.6 1932  0.4
24  Su        219 0143  3.4 0749  0.5 1405  3.4 2017  0.6
25  Mo        219 0228  3.2 0836  0.7 1451  3.2 2103  0.7
26  Tu        219 0317  3.1 0925  0.9 1542  3.0 2154  0.9
27  We        219 0412  2.9 1023  1.1 1640  2.8 2253  1.1
28  Th        219 0517  2.8 1131  1.2 1749  2.7 9999  9.9
 1  Fr        319 0001  1.1 0631  2.8 1245  1.2 1901  2.7
 2  Sa        319 0112  1.1 0738  2.8 1351  1.1 2004  2.8
 3  Su        319 0213  1.0 0833  3.0 1445  1.0 2056  2.9
 4  Mo        319 0303  0.9 0919  3.1 1529  0.9 2140  3.0
 5  Tu        319 0345  0.8 0959  3.2 1609  0.7 2219  3.1
 6  We        319 0423  0.7 1036  3.3 1644  0.7 2255  3.2
 7  Th        319 0458  0.6 1110  3.3 1719  0.6 2329  3.3
 8  Fr        319 0532  0.6 1142  3.3 1752  0.6 9999  9.9
 9  Sa        319 0002  3.3 0605  0.6 1215  3.3 1825  0.6
10  Su        319 0034  3.2 0639  0.6 1248  3.3 1900  0.6
11  Mo        319 0108  3.2 0714  0.7 1323  3.2 1936  0.7
12  Tu        319 0144  3.1 0752  0.8 1401  3.1 2015  0.8
13  We        319 0225  3.0 0835  0.9 1446  3.0 2101  0.9
14  Th        319 0313  2.9 0928  1.0 1539  2.9 2156  1.0
15  Fr        319 0414  2.9 1033  1.1 1646  2.8 2304  1.0
16  Sa        319 0530  2.9 1150  1.1 1805  2.8 9999  9.9
17  Su        319 0023  1.0 0651  3.0 1308  0.9 1924  3.0
18  Mo        319 0138  0.8 0802  3.2 1416  0.7 2032  3.2
19  Tu        319 0242  0.6 0901  3.4 1514  0.5 2129  3.4
20  We        319 0338  0.4 0954  3.6 1606  0.3 2220  3.5
21  Th        319 0427  0.3 1042  3.7 1654  0.2 2307  3.6
22  Fr        319 0514  0.2 1128  3.7 1739  0.2 2352  3.6
23  Sa        319 0558  0.3 1212  3.6 1823  0.3 9999  9.9
24  Su        319 0035  3.5 0641  0.4 1254  3.5 1905  0.4
25  Mo        319 0117  3.4 0724  0.5 1337  3.3 1947  0.6
26  Tu        319 0159  3.2 0807  0.7 1420  3.1 2030  0.8
27  We        319 0243  3.1 0853  0.9 1506  2.9 2116  1.0
28  Th        319 0333  2.9 0947  1.1 1601  2.7 2211  1.1
29  Fr        319 0435  2.8 1051  1.2 1708  2.6 2317  1.2
30  Sa        319 0549  2.7 1206  1.2 1824  2.6 9999  9.9
31  Su        319 0032  1.2 0700  2.8 1315  1.2 1931  2.7
 1  Mo        419 0138  1.1 0758  2.9 1411  1.0 2025  2.9
 2  Tu        419 0230  1.0 0846  3.0 1456  0.9 2110  3.0
 3  We        419 0314  0.8 0927  3.2 1536  0.7 2150  3.1
 4  Th        419 0353  0.7 1004  3.3 1613  0.6 2226  3.2
 5  Fr        419 0429  0.6 1039  3.3 1648  0.6 2301  3.3
 6  Sa        419 0504  0.6 1114  3.3 1723  0.5 2335  3.3
 7  Su        419 0540  0.6 1148  3.3 1759  0.5 9999  9.9
 8  Mo        419 0010  3.3 0616  0.6 1224  3.3 1835  0.6
 9  Tu        419 0045  3.3 0653  0.7 1301  3.2 1913  0.7
10  We        419 0124  3.2 0734  0.8 1342  3.1 1955  0.8
11  Th        419 0207  3.1 0820  0.9 1429  3.0 2042  0.9
12  Fr        419 0257  3.0 0915  1.0 1526  2.9 2139  1.0
13  Sa        419 0400  2.9 1021  1.0 1634  2.8 2248  1.0
14  Su        419 0514  2.9 1136  1.0 1752  2.9 9999  9.9
15  Mo        419 0005  1.0 0632  3.0 1250  0.9 1908  3.0
16  Tu        419 0119  0.8 0741  3.2 1356  0.7 2012  3.2
17  We        419 0222  0.6 0839  3.4 1452  0.5 2108  3.4
18  Th        419 0316  0.5 0931  3.5 1543  0.4 2158  3.5
19  Fr        419 0406  0.4 1019  3.6 1630  0.3 2244  3.6
20  Sa        419 0452  0.3 1104  3.6 1714  0.3 2328  3.6
21  Su        419 0535  0.4 1147  3.5 1757  0.4 9999  9.9
22  Mo        419 0010  3.5 0617  0.5 1228  3.4 1837  0.5
23  Tu        419 0050  3.4 0658  0.6 1309  3.2 1917  0.7
24  We        419 0130  3.2 0740  0.8 1350  3.0 1958  0.8
25  Th        419 0212  3.1 0824  1.0 1434  2.9 2041  1.0
26  Fr        419 0259  2.9 0914  1.1 1524  2.7 2132  1.1
27  Sa        419 0354  2.8 1012  1.2 1625  2.6 2232  1.2
28  Su        419 0500  2.7 1119  1.2 1736  2.6 2342  1.2
29  Mo        419 0610  2.8 1227  1.1 1845  2.7 9999  9.9
30  Tu        419 0050  1.2 0711  2.9 1324  1.0 1942  2.8
 1  We        519 0147  1.0 0802  3.0 1413  0.9 2031  3.0
 2  Th        519 0234  0.9 0846  3.1 1457  0.8 2113  3.1
 3  Fr        519 0317  0.8 0926  3.2 1537  0.7 2153  3.2
 4  Sa        519 0357  0.7 1005  3.3 1616  0.6 2231  3.3
 5  Su        519 0435  0.6 1044  3.3 1654  0.5 2308  3.4
 6  Mo        519 0515  0.6 1122  3.3 1733  0.5 2347  3.4
 7  Tu        519 0555  0.6 1203  3.3 1813  0.5 9999  9.9
 8  We        519 0027  3.3 0636  0.6 1245  3.2 1855  0.6
 9  Th        519 0109  3.3 0722  0.7 1330  3.1 1941  0.7
10  Fr        519 0156  3.2 0812  0.8 1421  3.0 2031  0.8
11  Sa        519 0249  3.1 0908  0.9 1519  2.9 2129  0.9
12  Su        519 0351  3.0 1012  0.9 1625  2.9 2236  0.9
13  Mo        519 0500  3.0 1121  0.9 1738  2.9 2348  0.9
14  Tu        519 0612  3.1 1229  0.8 1848  3.0 9999  9.9
15  We        519 0057  0.8 0717  3.2 1332  0.7 1950  3.2
16  Th        519 0159  0.7 0814  3.3 1428  0.5 2045  3.3
17  Fr        519 0253  0.6 0907  3.4 1519  0.4 2135  3.4
18  Sa        519 0343  0.5 0955  3.4 1606  0.4 2222  3.5
19  Su        519 0429  0.5 1040  3.4 1650  0.4 2305  3.5
20  Mo        519 0513  0.5 1123  3.3 1731  0.5 2346  3.4
21  Tu        519 0554  0.6 1204  3.2 1811  0.6 9999  9.9
22  We        519 0026  3.3 0635  0.7 1244  3.1 1850  0.7
23  Th        519 0105  3.2 0715  0.8 1323  3.0 1929  0.8
24  Fr        519 0144  3.1 0757  0.9 1405  2.9 2010  0.9
25  Sa        519 0227  3.0 0843  1.0 1451  2.8 2057  1.0
26  Su        519 0316  2.9 0934  1.1 1544  2.7 2150  1.1
27  Mo        519 0411  2.8 1031  1.1 1644  2.7 2250  1.2
28  Tu        519 0512  2.8 1131  1.1 1748  2.7 2353  1.2
29  We        519 0613  2.8 1229  1.0 1849  2.8 9999  9.9
30  Th        519 0054  1.1 0709  2.9 1323  0.9 1943  2.9
31  Fr        519 0148  1.0 0759  3.0 1412  0.8 2032  3.0
 1  Sa        619 0237  0.9 0846  3.1 1458  0.7 2117  3.2
 2  Su        619 0323  0.8 0931  3.2 1543  0.6 2201  3.3
 3  Mo        619 0407  0.7 1016  3.3 1627  0.5 2244  3.4
 4  Tu        619 0452  0.6 1100  3.3 1711  0.5 2327  3.4
 5  We        619 0537  0.6 1145  3.3 1756  0.5 9999  9.9
 6  Th        619 0011  3.4 0623  0.6 1232  3.3 1842  0.5
 7  Fr        619 0058  3.4 0712  0.6 1321  3.2 1930  0.6
 8  Sa        619 0147  3.3 0803  0.7 1413  3.1 2021  0.7
 9  Su        619 0240  3.3 0859  0.7 1510  3.1 2117  0.8
10  Mo        619 0338  3.2 0958  0.8 1611  3.0 2219  0.9
11  Tu        619 0442  3.1 1101  0.8 1717  3.0 2325  0.9
12  We        619 0547  3.1 1204  0.8 1823  3.0 9999  9.9
13  Th        619 0032  0.9 0650  3.2 1305  0.7 1925  3.1
14  Fr        619 0134  0.8 0749  3.2 1402  0.6 2022  3.2
15  Sa        619 0230  0.7 0843  3.2 1454  0.6 2113  3.3
16  Su        619 0322  0.7 0932  3.3 1543  0.6 2200  3.4
17  Mo        619 0409  0.6 1019  3.2 1627  0.6 2244  3.4
18  Tu        619 0452  0.7 1102  3.2 1709  0.6 2325  3.3
19  We        619 0534  0.7 1142  3.1 1748  0.6 9999  9.9
20  Th        619 0004  3.3 0613  0.7 1221  3.1 1825  0.7
21  Fr        619 0041  3.2 0652  0.8 1259  3.0 1903  0.8
22  Sa        619 0118  3.1 0731  0.9 1338  2.9 1942  0.9
23  Su        619 0157  3.1 0812  0.9 1420  2.9 2024  1.0
24  Mo        619 0240  3.0 0857  1.0 1505  2.8 2110  1.0
25  Tu        619 0326  2.9 0945  1.0 1555  2.8 2202  1.1
26  We        619 0418  2.9 1038  1.0 1651  2.8 2259  1.1
27  Th        619 0514  2.9 1133  1.0 1751  2.8 2359  1.1
28  Fr        619 0613  2.9 1231  1.0 1852  2.9 9999  9.9
29  Sa        619 0100  1.1 0711  2.9 1327  0.9 1950  3.0
30  Su        619 0157  0.9 0807  3.0 1422  0.8 2043  3.1
 1  Mo        719 0251  0.8 0900  3.1 1513  0.6 2134  3.3
 2  Tu        719 0342  0.7 0952  3.2 1603  0.5 2222  3.4
 3  We        719 0432  0.6 1042  3.3 1652  0.4 2310  3.5
 4  Th        719 0521  0.5 1131  3.4 1740  0.4 2357  3.5
 5  Fr        719 0610  0.4 1220  3.4 1828  0.4 9999  9.9
 6  Sa        719 0045  3.5 0659  0.5 1310  3.3 1917  0.5
 7  Su        719 0134  3.5 0750  0.5 1400  3.3 2007  0.6
 8  Mo        719 0225  3.4 0842  0.6 1453  3.2 2100  0.7
 9  Tu        719 0319  3.3 0936  0.7 1549  3.1 2157  0.8
10  We        719 0417  3.2 1034  0.7 1650  3.0 2259  0.9
11  Th        719 0518  3.1 1135  0.8 1755  3.0 9999  9.9
12  Fr        719 0005  0.9 0622  3.1 1237  0.8 1859  3.0
13  Sa        719 0109  0.9 0724  3.1 1337  0.8 1959  3.1
14  Su        719 0209  0.9 0821  3.1 1432  0.7 2053  3.2
15  Mo        719 0303  0.8 0913  3.1 1522  0.7 2141  3.2
16  Tu        719 0351  0.8 1000  3.1 1607  0.7 2225  3.3
17  We        719 0434  0.7 1043  3.1 1648  0.6 2305  3.3
18  Th        719 0514  0.7 1123  3.1 1726  0.7 2342  3.3
19  Fr        719 0552  0.7 1200  3.1 1803  0.7 9999  9.9
20  Sa        719 0017  3.3 0628  0.7 1235  3.1 1838  0.7
21  Su        719 0052  3.2 0704  0.8 1311  3.0 1914  0.8
22  Mo        719 0127  3.2 0741  0.8 1348  3.0 1952  0.9
23  Tu        719 0205  3.1 0820  0.9 1428  2.9 2033  0.9
24  We        719 0246  3.0 0903  0.9 1512  2.9 2119  1.0
25  Th        719 0332  2.9 0950  1.0 1602  2.8 2211  1.1
26  Fr        719 0424  2.9 1043  1.0 1659  2.8 2310  1.1
27  Sa        719 0523  2.9 1142  1.0 1804  2.8 9999  9.9
28  Su        719 0016  1.1 0627  2.9 1246  0.9 1911  2.9
29  Mo        719 0122  1.0 0733  3.0 1350  0.8 2014  3.1
30  Tu        719 0225  0.8 0835  3.1 1449  0.7 2110  3.3
31  We        719 0321  0.6 0932  3.3 1544  0.5 2203  3.5
 1  Th        819 0414  0.5 1025  3.4 1635  0.4 2252  3.6
 2  Fr        819 0505  0.4 1116  3.5 1724  0.3 2340  3.7
 3  Sa        819 0553  0.3 1204  3.5 1812  0.3 9999  9.9
 4  Su        819 0028  3.7 0641  0.3 1252  3.5 1859  0.3
 5  Mo        819 0115  3.6 0729  0.4 1340  3.4 1947  0.5
 6  Tu        819 0203  3.5 0818  0.5 1430  3.3 2036  0.6
 7  We        819 0254  3.3 0909  0.6 1522  3.1 2130  0.8
 8  Th        819 0348  3.2 1003  0.8 1619  3.0 2229  0.9
 9  Fr        819 0447  3.0 1102  0.9 1724  2.9 2336  1.0
10  Sa        819 0553  2.9 1207  0.9 1833  2.9 9999  9.9
11  Su        819 0045  1.0 0700  2.9 1312  0.9 1938  3.0
12  Mo        819 0150  1.0 0802  2.9 1412  0.9 2034  3.1
13  Tu        819 0245  0.9 0855  3.0 1503  0.8 2122  3.2
14  We        819 0332  0.8 0942  3.1 1548  0.7 2204  3.3
15  Th        819 0414  0.7 1024  3.1 1628  0.7 2243  3.3
16  Fr        819 0452  0.7 1101  3.2 1704  0.6 2318  3.3
17  Sa        819 0527  0.6 1136  3.2 1739  0.6 2351  3.3
18  Su        819 0601  0.6 1210  3.2 1812  0.6 9999  9.9
19  Mo        819 0024  3.3 0635  0.7 1243  3.2 1846  0.7
20  Tu        819 0057  3.2 0710  0.7 1317  3.1 1921  0.8
21  We        819 0131  3.2 0746  0.8 1353  3.0 1959  0.9
22  Th        819 0209  3.1 0825  0.8 1433  3.0 2041  1.0
23  Fr        819 0252  3.0 0909  0.9 1520  2.9 2131  1.1
24  Sa        819 0342  2.9 1001  1.0 1616  2.8 2231  1.1
25  Su        819 0443  2.8 1102  1.0 1724  2.8 2341  1.1
26  Mo        819 0553  2.8 1212  1.0 1839  2.9 9999  9.9
27  Tu        819 0055  1.0 0708  2.9 1324  0.9 1950  3.1
28  We        819 0203  0.8 0816  3.1 1429  0.7 2050  3.3
29  Th        819 0303  0.6 0915  3.3 1525  0.5 2144  3.5
30  Fr        819 0356  0.4 1008  3.5 1617  0.3 2233  3.7
31  Sa        819 0446  0.2 1058  3.6 1705  0.2 2320  3.8
 1  Su        919 0533  0.2 1145  3.6 1752  0.2 9999  9.9
 2  Mo        919 0006  3.8 0619  0.2 1231  3.6 1837  0.3
 3  Tu        919 0052  3.7 0705  0.3 1316  3.5 1923  0.4
 4  We        919 0138  3.5 0751  0.4 1403  3.3 2010  0.6
 5  Th        919 0225  3.3 0838  0.6 1452  3.2 2101  0.8
 6  Fr        919 0316  3.1 0929  0.8 1546  3.0 2158  1.0
 7  Sa        919 0414  2.9 1027  1.0 1650  2.9 2305  1.1
 8  Su        919 0522  2.8 1134  1.1 1804  2.8 9999  9.9
 9  Mo        919 0020  1.1 0635  2.7 1246  1.1 1913  2.9
10  Tu        919 0128  1.1 0741  2.8 1349  1.0 2011  3.0
11  We        919 0223  1.0 0835  2.9 1441  0.9 2058  3.1
12  Th        919 0309  0.8 0920  3.1 1525  0.8 2140  3.2
13  Fr        919 0350  0.7 1000  3.2 1604  0.7 2217  3.3
14  Sa        919 0426  0.6 1037  3.2 1640  0.6 2251  3.4
15  Su        919 0500  0.6 1111  3.3 1713  0.6 2323  3.4
16  Mo        919 0533  0.6 1143  3.3 1746  0.6 2355  3.3
17  Tu        919 0606  0.6 1215  3.3 1819  0.6 9999  9.9
18  We        919 0028  3.3 0640  0.6 1248  3.2 1854  0.7
19  Th        919 0102  3.2 0715  0.7 1324  3.1 1931  0.8
20  Fr        919 0139  3.1 0753  0.8 1402  3.0 2012  0.9
21  Sa        919 0221  3.0 0836  0.9 1448  2.9 2102  1.0
22  Su        919 0312  2.9 0928  1.0 1545  2.9 2203  1.1
23  Mo        919 0414  2.8 1032  1.0 1656  2.8 2317  1.1
24  Tu        919 0530  2.8 1147  1.0 1815  2.9 9999  9.9
25  We        919 0034  1.0 0649  2.9 1303  0.9 1928  3.1
26  Th        919 0144  0.8 0759  3.1 1409  0.7 2030  3.4
27  Fr        919 0243  0.5 0857  3.3 1506  0.5 2123  3.6
28  Sa        919 0336  0.3 0949  3.5 1557  0.3 2212  3.7
29  Su        919 0424  0.2 1038  3.7 1645  0.2 2259  3.8
30  Mo        919 0511  0.1 1123  3.7 1730  0.2 2344  3.7
 1  Tu       1019 0555  0.2 1208  3.6 1815  0.3 9999  9.9
 2  We       1019 0027  3.6 0639  0.3 1251  3.5 1859  0.4
 3  Th       1019 0111  3.4 0722  0.5 1335  3.3 1944  0.6
 4  Fr       1019 0156  3.2 0807  0.7 1421  3.2 2032  0.9
 5  Sa       1019 0244  3.0 0855  0.9 1512  3.0 2126  1.0
 6  Su       1019 0340  2.8 0950  1.1 1614  2.8 2231  1.2
 7  Mo       1019 0447  2.7 1056  1.2 1728  2.8 2347  1.2
 8  Tu       1019 0604  2.7 1211  1.2 1840  2.8 9999  9.9
 9  We       1019 0057  1.1 0712  2.7 1318  1.1 1939  2.9
10  Th       1019 0153  1.0 0807  2.9 1412  0.9 2027  3.1
11  Fr       1019 0239  0.8 0852  3.0 1456  0.8 2109  3.2
12  Sa       1019 0319  0.7 0932  3.2 1535  0.7 2146  3.3
13  Su       1019 0356  0.6 1009  3.3 1611  0.6 2221  3.3
14  Mo       1019 0430  0.5 1043  3.3 1646  0.6 2255  3.4
15  Tu       1019 0504  0.5 1116  3.3 1720  0.6 2328  3.3
16  We       1019 0539  0.5 1150  3.3 1755  0.6 9999  9.9
17  Th       1019 0002  3.3 0613  0.6 1224  3.3 1831  0.7
18  Fr       1019 0038  3.2 0650  0.6 1301  3.2 1910  0.8
19  Sa       1019 0117  3.1 0729  0.7 1341  3.1 1953  0.9
20  Su       1019 0201  3.0 0814  0.8 1428  3.0 2045  1.0
21  Mo       1019 0254  2.9 0907  0.9 1526  2.9 2147  1.0
22  Tu       1019 0358  2.8 1012  1.0 1637  2.9 2300  1.0
23  We       1019 0513  2.8 1127  1.0 1755  3.0 9999  9.9
24  Th       1019 0015  0.9 0631  2.9 1243  0.9 1906  3.2
25  Fr       1019 0123  0.7 0739  3.1 1349  0.7 2007  3.4
26  Sa       1019 0221  0.5 0837  3.3 1445  0.5 2101  3.5
27  Su       1019 0314  0.3 0929  3.5 1537  0.3 2150  3.7
28  Mo       1019 0402  0.2 1017  3.6 1624  0.3 2237  3.7
29  Tu       1019 0448  0.2 1102  3.7 1709  0.3 2321  3.6
30  We       1019 0532  0.3 1146  3.6 1753  0.4 9999  9.9
31  Th       1019 0004  3.5 0614  0.4 1228  3.5 1836  0.5
 1  Fr       1119 0047  3.3 0656  0.5 1310  3.3 1919  0.7
 2  Sa       1119 0130  3.1 0738  0.7 1353  3.1 2005  0.9
 3  Su       1119 0215  2.9 0823  0.9 1441  3.0 2056  1.0
 4  Mo       1119 0306  2.8 0913  1.1 1536  2.8 2154  1.2
 5  Tu       1119 0407  2.7 1013  1.2 1642  2.8 2302  1.2
 6  We       1119 0519  2.6 1124  1.2 1753  2.8 9999  9.9
 7  Th       1119 0011  1.1 0629  2.7 1233  1.2 1855  2.9
 8  Fr       1119 0110  1.0 0727  2.8 1331  1.0 1947  3.0
 9  Sa       1119 0159  0.9 0816  3.0 1420  0.9 2031  3.1
10  Su       1119 0242  0.8 0859  3.1 1502  0.8 2111  3.2
11  Mo       1119 0322  0.7 0938  3.2 1541  0.7 2149  3.3
12  Tu       1119 0359  0.6 1015  3.3 1619  0.6 2226  3.3
13  We       1119 0437  0.5 1051  3.3 1656  0.6 2303  3.3
14  Th       1119 0514  0.5 1128  3.4 1734  0.6 2341  3.3
15  Fr       1119 0552  0.5 1205  3.3 1814  0.6 9999  9.9
16  Sa       1119 0021  3.2 0632  0.6 1245  3.3 1856  0.7
17  Su       1119 0103  3.1 0714  0.7 1328  3.2 1943  0.8
18  Mo       1119 0150  3.0 0801  0.8 1417  3.1 2035  0.9
19  Tu       1119 0244  3.0 0854  0.9 1515  3.1 2136  0.9
20  We       1119 0346  2.9 0957  0.9 1621  3.0 2243  0.9
21  Th       1119 0457  2.9 1107  1.0 1732  3.1 2352  0.8
22  Fr       1119 0609  3.0 1219  0.9 1841  3.2 9999  9.9
23  Sa       1119 0058  0.7 0716  3.1 1325  0.7 1943  3.3
24  Su       1119 0157  0.6 0815  3.3 1424  0.6 2038  3.4
25  Mo       1119 0251  0.4 0908  3.4 1516  0.5 2129  3.5
26  Tu       1119 0341  0.4 0957  3.5 1605  0.4 2216  3.5
27  We       1119 0427  0.3 1043  3.5 1651  0.4 2302  3.4
28  Th       1119 0511  0.4 1126  3.5 1735  0.5 2345  3.3
29  Fr       1119 0553  0.5 1208  3.4 1817  0.6 9999  9.9
30  Sa       1119 0026  3.2 0633  0.6 1248  3.3 1859  0.7
 1  Su       1219 0108  3.1 0713  0.7 1329  3.2 1941  0.9
 2  Mo       1219 0149  2.9 0754  0.9 1412  3.0 2026  1.0
 3  Tu       1219 0235  2.8 0839  1.0 1459  2.9 2116  1.1
 4  We       1219 0326  2.7 0930  1.1 1552  2.8 2212  1.1
 5  Th       1219 0424  2.7 1029  1.2 1653  2.8 2312  1.1
 6  Fr       1219 0529  2.7 1134  1.2 1755  2.8 9999  9.9
 7  Sa       1219 0012  1.1 0633  2.7 1237  1.1 1854  2.9
 8  Su       1219 0108  1.0 0730  2.8 1334  1.1 1946  3.0
 9  Mo       1219 0159  0.9 0820  3.0 1424  0.9 2033  3.0
10  Tu       1219 0245  0.8 0905  3.1 1509  0.8 2117  3.1
11  We       1219 0329  0.7 0947  3.2 1552  0.7 2200  3.2
12  Th       1219 0411  0.6 1028  3.3 1635  0.6 2243  3.3
13  Fr       1219 0453  0.5 1109  3.4 1718  0.6 2326  3.3
14  Sa       1219 0535  0.5 1151  3.4 1801  0.6 9999  9.9
15  Su       1219 0009  3.3 0619  0.5 1234  3.4 1847  0.6
16  Mo       1219 0055  3.2 0703  0.6 1319  3.4 1935  0.6
17  Tu       1219 0143  3.2 0751  0.7 1408  3.3 2026  0.7
18  We       1219 0235  3.1 0843  0.7 1502  3.2 2121  0.8
19  Th       1219 0332  3.0 0940  0.8 1602  3.1 2222  0.8
20  Fr       1219 0435  3.0 1045  0.9 1707  3.1 2326  0.8
21  Sa       1219 0543  3.0 1153  0.9 1813  3.1 9999  9.9
22  Su       1219 0031  0.8 0651  3.1 1301  0.8 1917  3.2
23  Mo       1219 0132  0.7 0753  3.2 1403  0.8 2016  3.2
24  Tu       1219 0230  0.6 0849  3.3 1458  0.7 2110  3.3
25  We       1219 0322  0.5 0940  3.4 1549  0.6 2200  3.3
26  Th       1219 0410  0.5 1027  3.4 1636  0.6 2246  3.3
27  Fr       1219 0454  0.5 1110  3.4 1719  0.6 2329  3.2
28  Sa       1219 0535  0.6 1151  3.4 1800  0.7 9999  9.9
29  Su       1219 0009  3.2 0614  0.6 1229  3.3 1840  0.7
30  Mo       1219 0048  3.1 0651  0.7 1306  3.2 1918  0.8
31  Tu       1219 0125  3.0 0728  0.8 1344  3.1 1957  0.9
