081Pouto Point
Based on data from  1-Jan-2012
Local Std Time, tidal heights in metres.
 1  Su        117 0006  3.2 0613  0.6 1226  3.4 1837  0.6
 2  Mo        117 0045  3.2 0651  0.6 1304  3.3 1918  0.7
 3  Tu        117 0125  3.2 0732  0.7 1345  3.3 2000  0.7
 4  We        117 0208  3.1 0816  0.7 1430  3.2 2047  0.7
 5  Th        117 0256  3.0 0905  0.8 1520  3.1 2139  0.8
 6  Fr        117 0351  3.0 1001  0.9 1618  3.1 2238  0.8
 7  Sa        117 0454  3.0 1107  0.9 1724  3.1 2344  0.8
 8  Su        117 0605  3.0 1218  0.9 1834  3.1 9999  9.9
 9  Mo        117 0052  0.8 0717  3.1 1328  0.8 1943  3.2
10  Tu        117 0159  0.6 0822  3.3 1433  0.7 2046  3.3
11  We        117 0259  0.5 0920  3.4 1531  0.5 2143  3.4
12  Th        117 0354  0.4 1013  3.5 1624  0.4 2235  3.4
13  Fr        117 0445  0.3 1102  3.6 1713  0.4 2324  3.5
14  Sa        117 0531  0.3 1148  3.6 1759  0.4 9999  9.9
15  Su        117 0009  3.4 0615  0.4 1232  3.5 1843  0.5
16  Mo        117 0053  3.3 0657  0.5 1313  3.4 1925  0.6
17  Tu        117 0134  3.2 0738  0.7 1354  3.3 2007  0.7
18  We        117 0215  3.1 0819  0.8 1435  3.1 2049  0.8
19  Th        117 0258  3.0 0902  0.9 1519  3.0 2134  0.9
20  Fr        117 0345  2.8 0951  1.1 1608  2.9 2224  1.0
21  Sa        117 0439  2.8 1047  1.2 1705  2.8 2321  1.1
22  Su        117 0543  2.7 1152  1.2 1809  2.7 9999  9.9
23  Mo        117 0024  1.1 0651  2.8 1259  1.2 1914  2.8
24  Tu        117 0126  1.0 0753  2.9 1400  1.1 2012  2.9
25  We        117 0222  0.9 0845  3.0 1452  1.0 2103  3.0
26  Th        117 0311  0.8 0930  3.1 1538  0.8 2148  3.1
27  Fr        117 0355  0.7 1011  3.3 1620  0.7 2230  3.2
28  Sa        117 0436  0.6 1051  3.4 1700  0.6 2310  3.3
29  Su        117 0516  0.5 1129  3.4 1739  0.5 2349  3.3
30  Mo        117 0555  0.5 1207  3.5 1819  0.5 9999  9.9
31  Tu        117 0028  3.3 0634  0.5 1246  3.5 1859  0.5
 1  We        217 0108  3.3 0715  0.5 1327  3.4 1942  0.5
 2  Th        217 0151  3.3 0758  0.6 1411  3.3 2027  0.6
 3  Fr        217 0237  3.2 0846  0.7 1500  3.2 2116  0.7
 4  Sa        217 0329  3.1 0940  0.8 1555  3.1 2213  0.8
 5  Su        217 0430  3.0 1044  0.9 1700  3.0 2319  0.9
 6  Mo        217 0542  3.0 1157  1.0 1814  3.0 9999  9.9
 7  Tu        217 0031  0.9 0659  3.0 1312  0.9 1928  3.0
 8  We        217 0143  0.8 0808  3.2 1420  0.8 2034  3.1
 9  Th        217 0246  0.6 0907  3.3 1519  0.6 2131  3.3
10  Fr        217 0341  0.5 0959  3.5 1610  0.5 2222  3.4
11  Sa        217 0430  0.4 1046  3.5 1657  0.4 2308  3.4
12  Su        217 0514  0.4 1129  3.6 1739  0.4 2350  3.4
13  Mo        217 0555  0.4 1209  3.5 1819  0.5 9999  9.9
14  Tu        217 0029  3.3 0633  0.5 1247  3.4 1857  0.6
15  We        217 0106  3.3 0709  0.6 1323  3.3 1933  0.7
16  Th        217 0141  3.1 0745  0.8 1358  3.2 2010  0.8
17  Fr        217 0218  3.0 0823  0.9 1436  3.0 2049  0.9
18  Sa        217 0258  2.9 0906  1.0 1519  2.9 2134  1.0
19  Su        217 0346  2.8 0956  1.2 1609  2.8 2226  1.1
20  Mo        217 0444  2.7 1057  1.2 1711  2.7 2329  1.2
21  Tu        217 0555  2.7 1208  1.3 1824  2.7 9999  9.9
22  We        217 0039  1.1 0708  2.8 1319  1.2 1934  2.8
23  Th        217 0145  1.0 0809  2.9 1418  1.0 2032  2.9
24  Fr        217 0240  0.9 0859  3.1 1508  0.8 2121  3.1
25  Sa        217 0328  0.7 0943  3.2 1553  0.7 2205  3.2
26  Su        217 0411  0.6 1025  3.4 1635  0.5 2247  3.4
27  Mo        217 0453  0.5 1105  3.5 1716  0.4 2328  3.4
28  Tu        217 0534  0.4 1146  3.6 1757  0.4 9999  9.9
 1  We        317 0008  3.5 0615  0.4 1227  3.6 1839  0.4
 2  Th        317 0050  3.5 0657  0.4 1309  3.5 1922  0.4
 3  Fr        317 0133  3.4 0741  0.5 1354  3.4 2007  0.5
 4  Sa        317 0219  3.3 0829  0.6 1442  3.2 2057  0.7
 5  Su        317 0311  3.1 0924  0.8 1538  3.1 2154  0.8
 6  Mo        317 0413  3.0 1028  0.9 1644  3.0 2300  0.9
 7  Tu        317 0526  2.9 1143  1.0 1800  2.9 9999  9.9
 8  We        317 0015  1.0 0644  3.0 1259  0.9 1916  3.0
 9  Th        317 0129  0.9 0753  3.1 1407  0.8 2021  3.1
10  Fr        317 0232  0.7 0851  3.3 1503  0.7 2116  3.2
11  Sa        317 0325  0.6 0941  3.4 1552  0.6 2204  3.3
12  Su        317 0411  0.5 1025  3.5 1635  0.5 2247  3.4
13  Mo        317 0453  0.5 1106  3.5 1715  0.5 2326  3.4
14  Tu        317 0531  0.5 1143  3.4 1752  0.5 9999  9.9
15  We        317 0002  3.4 0606  0.5 1218  3.4 1826  0.6
16  Th        317 0036  3.3 0640  0.6 1251  3.3 1900  0.6
17  Fr        317 0109  3.2 0714  0.7 1324  3.1 1934  0.7
18  Sa        317 0143  3.1 0750  0.9 1359  3.0 2011  0.9
19  Su        317 0221  3.0 0830  1.0 1440  2.9 2053  1.0
20  Mo        317 0304  2.9 0917  1.1 1527  2.8 2142  1.1
21  Tu        317 0358  2.8 1013  1.2 1625  2.7 2241  1.2
22  We        317 0503  2.7 1121  1.2 1735  2.6 2350  1.2
23  Th        317 0617  2.7 1233  1.2 1850  2.7 9999  9.9
24  Fr        317 0101  1.1 0725  2.9 1338  1.0 1954  2.9
25  Sa        317 0203  0.9 0821  3.1 1433  0.8 2048  3.1
26  Su        317 0255  0.7 0910  3.2 1521  0.6 2136  3.3
27  Mo        317 0342  0.6 0955  3.4 1606  0.5 2220  3.4
28  Tu        317 0427  0.4 1039  3.6 1650  0.3 2304  3.5
29  We        317 0510  0.3 1122  3.6 1734  0.3 2347  3.6
30  Th        317 0554  0.3 1206  3.6 1818  0.3 9999  9.9
31  Fr        317 0030  3.6 0639  0.3 1251  3.5 1903  0.4
 1  Sa        417 0116  3.5 0726  0.5 1338  3.4 1950  0.5
 2  Su        417 0204  3.3 0816  0.6 1428  3.2 2040  0.7
 3  Mo        417 0257  3.2 0912  0.8 1526  3.0 2138  0.8
 4  Tu        417 0359  3.0 1016  0.9 1632  2.9 2244  1.0
 5  We        417 0511  3.0 1129  1.0 1748  2.9 2359  1.0
 6  Th        417 0626  3.0 1243  0.9 1900  2.9 9999  9.9
 7  Fr        417 0111  0.9 0733  3.1 1347  0.8 2002  3.0
 8  Sa        417 0212  0.8 0829  3.2 1441  0.7 2055  3.2
 9  Su        417 0303  0.7 0917  3.3 1527  0.6 2141  3.3
10  Mo        417 0348  0.6 1000  3.4 1609  0.5 2222  3.3
11  Tu        417 0428  0.6 1039  3.4 1647  0.5 2300  3.3
12  We        417 0504  0.6 1115  3.3 1722  0.5 2334  3.3
13  Th        417 0539  0.6 1148  3.3 1756  0.6 9999  9.9
14  Fr        417 0007  3.3 0612  0.7 1221  3.2 1829  0.6
15  Sa        417 0040  3.2 0646  0.8 1254  3.1 1903  0.7
16  Su        417 0114  3.1 0722  0.8 1330  3.0 1940  0.8
17  Mo        417 0151  3.0 0802  0.9 1410  2.9 2021  0.9
18  Tu        417 0233  2.9 0847  1.0 1456  2.8 2108  1.0
19  We        417 0323  2.8 0940  1.1 1550  2.7 2203  1.1
20  Th        417 0422  2.8 1042  1.2 1654  2.7 2308  1.2
21  Fr        417 0529  2.8 1149  1.1 1805  2.7 9999  9.9
22  Sa        417 0017  1.1 0638  2.9 1255  1.0 1913  2.9
23  Su        417 0122  0.9 0739  3.1 1354  0.8 2011  3.1
24  Mo        417 0219  0.8 0833  3.3 1447  0.6 2103  3.3
25  Tu        417 0311  0.6 0923  3.4 1536  0.4 2152  3.5
26  We        417 0400  0.4 1011  3.6 1624  0.3 2239  3.6
27  Th        417 0447  0.3 1059  3.6 1711  0.2 2326  3.6
28  Fr        417 0534  0.3 1146  3.6 1757  0.3 9999  9.9
29  Sa        417 0012  3.6 0622  0.3 1234  3.5 1845  0.3
30  Su        417 0100  3.5 0711  0.4 1323  3.4 1933  0.5
 1  Mo        517 0150  3.4 0804  0.6 1416  3.2 2025  0.7
 2  Tu        517 0244  3.2 0900  0.8 1513  3.0 2122  0.8
 3  We        517 0345  3.1 1002  0.9 1618  2.9 2226  1.0
 4  Th        517 0452  3.0 1110  0.9 1728  2.9 2336  1.0
 5  Fr        517 0601  3.0 1218  0.9 1836  2.9 9999  9.9
 6  Sa        517 0044  1.0 0704  3.0 1318  0.8 1935  3.0
 7  Su        517 0144  0.9 0759  3.1 1411  0.8 2027  3.1
 8  Mo        517 0235  0.8 0847  3.2 1457  0.7 2113  3.2
 9  Tu        517 0319  0.7 0930  3.2 1539  0.6 2154  3.3
10  We        517 0400  0.7 1009  3.2 1617  0.6 2232  3.3
11  Th        517 0437  0.7 1046  3.2 1653  0.6 2307  3.3
12  Fr        517 0512  0.7 1121  3.2 1728  0.6 2341  3.3
13  Sa        517 0547  0.7 1155  3.1 1802  0.7 9999  9.9
14  Su        517 0015  3.2 0623  0.8 1230  3.1 1838  0.7
15  Mo        517 0050  3.2 0700  0.8 1307  3.0 1915  0.8
16  Tu        517 0127  3.1 0740  0.9 1347  2.9 1956  0.9
17  We        517 0209  3.0 0824  1.0 1431  2.9 2041  1.0
18  Th        517 0255  3.0 0914  1.0 1522  2.8 2132  1.0
19  Fr        517 0349  2.9 1009  1.0 1620  2.8 2231  1.1
20  Sa        517 0449  2.9 1111  1.0 1725  2.8 2336  1.0
21  Su        517 0554  3.0 1214  0.9 1832  2.9 9999  9.9
22  Mo        517 0042  0.9 0658  3.1 1315  0.7 1935  3.1
23  Tu        517 0144  0.8 0758  3.2 1413  0.6 2032  3.3
24  We        517 0241  0.6 0853  3.4 1507  0.4 2126  3.5
25  Th        517 0335  0.4 0946  3.5 1559  0.3 2217  3.6
26  Fr        517 0426  0.3 1037  3.6 1649  0.3 2307  3.7
27  Sa        517 0517  0.3 1128  3.5 1739  0.3 2356  3.6
28  Su        517 0607  0.3 1218  3.5 1828  0.4 9999  9.9
29  Mo        517 0045  3.6 0658  0.4 1309  3.4 1918  0.5
30  Tu        517 0135  3.4 0750  0.6 1402  3.2 2009  0.6
31  We        517 0228  3.3 0844  0.7 1456  3.1 2102  0.8
 1  Th        617 0324  3.2 0941  0.8 1555  3.0 2201  0.9
 2  Fr        617 0424  3.0 1041  0.9 1657  2.9 2303  1.0
 3  Sa        617 0526  3.0 1142  0.9 1800  2.9 9999  9.9
 4  Su        617 0008  1.0 0627  3.0 1241  0.9 1900  2.9
 5  Mo        617 0107  1.0 0722  3.0 1334  0.8 1954  3.0
 6  Tu        617 0201  0.9 0812  3.1 1423  0.8 2041  3.1
 7  We        617 0248  0.9 0858  3.1 1507  0.7 2125  3.2
 8  Th        617 0331  0.8 0939  3.1 1548  0.7 2205  3.2
 9  Fr        617 0410  0.8 1019  3.1 1626  0.6 2242  3.3
10  Sa        617 0448  0.7 1056  3.1 1703  0.6 2318  3.3
11  Su        617 0525  0.7 1133  3.1 1740  0.7 2354  3.3
12  Mo        617 0603  0.8 1210  3.1 1816  0.7 9999  9.9
13  Tu        617 0030  3.2 0641  0.8 1248  3.0 1854  0.7
14  We        617 0107  3.2 0720  0.8 1327  3.0 1934  0.8
15  Th        617 0147  3.1 0803  0.8 1410  3.0 2017  0.9
16  Fr        617 0231  3.1 0849  0.9 1457  2.9 2105  0.9
17  Sa        617 0320  3.0 0940  0.9 1550  2.9 2159  1.0
18  Su        617 0416  3.0 1036  0.9 1650  2.9 2301  1.0
19  Mo        617 0517  3.0 1137  0.8 1755  3.0 9999  9.9
20  Tu        617 0007  0.9 0622  3.1 1241  0.7 1902  3.1
21  We        617 0113  0.8 0727  3.2 1343  0.6 2005  3.3
22  Th        617 0215  0.6 0828  3.3 1443  0.5 2104  3.4
23  Fr        617 0314  0.5 0926  3.4 1539  0.4 2158  3.6
24  Sa        617 0409  0.4 1020  3.5 1632  0.3 2250  3.6
25  Su        617 0501  0.3 1113  3.5 1722  0.3 2340  3.6
26  Mo        617 0552  0.4 1203  3.5 1812  0.4 9999  9.9
27  Tu        617 0029  3.6 0642  0.4 1253  3.4 1900  0.5
28  We        617 0117  3.5 0731  0.5 1342  3.2 1947  0.6
29  Th        617 0206  3.4 0820  0.6 1432  3.1 2036  0.7
30  Fr        617 0255  3.2 0911  0.8 1523  3.0 2127  0.9
 1  Sa        717 0347  3.1 1003  0.9 1617  2.9 2222  1.0
 2  Su        717 0443  3.0 1058  0.9 1716  2.8 2322  1.1
 3  Mo        717 0541  2.9 1155  1.0 1816  2.9 9999  9.9
 4  Tu        717 0023  1.1 0639  2.9 1251  0.9 1915  2.9
 5  We        717 0122  1.1 0734  2.9 1345  0.9 2008  3.0
 6  Th        717 0215  1.0 0825  3.0 1434  0.8 2055  3.1
 7  Fr        717 0302  0.9 0911  3.0 1519  0.8 2138  3.2
 8  Sa        717 0345  0.8 0954  3.1 1601  0.7 2218  3.2
 9  Su        717 0426  0.8 1034  3.1 1640  0.6 2256  3.3
10  Mo        717 0504  0.7 1113  3.1 1718  0.6 2333  3.3
11  Tu        717 0543  0.7 1151  3.2 1756  0.6 9999  9.9
12  We        717 0010  3.3 0621  0.7 1229  3.2 1834  0.6
13  Th        717 0047  3.3 0700  0.7 1308  3.1 1913  0.7
14  Fr        717 0126  3.3 0741  0.7 1349  3.1 1955  0.7
15  Sa        717 0208  3.2 0825  0.7 1433  3.1 2040  0.8
16  Su        717 0254  3.2 0913  0.8 1523  3.0 2132  0.9
17  Mo        717 0347  3.1 1006  0.8 1620  3.0 2232  0.9
18  Tu        717 0447  3.1 1107  0.8 1725  3.0 2338  0.9
19  We        717 0553  3.1 1213  0.8 1836  3.1 9999  9.9
20  Th        717 0049  0.8 0703  3.1 1320  0.7 1944  3.2
21  Fr        717 0156  0.7 0810  3.2 1424  0.6 2047  3.4
22  Sa        717 0258  0.6 0911  3.3 1523  0.4 2143  3.5
23  Su        717 0354  0.4 1006  3.4 1616  0.4 2235  3.6
24  Mo        717 0447  0.4 1058  3.5 1706  0.3 2324  3.6
25  Tu        717 0535  0.4 1147  3.5 1753  0.3 9999  9.9
26  We        717 0010  3.6 0622  0.4 1233  3.4 1838  0.4
27  Th        717 0054  3.5 0707  0.5 1317  3.3 1921  0.6
28  Fr        717 0137  3.4 0750  0.6 1400  3.2 2004  0.7
29  Sa        717 0221  3.2 0834  0.7 1444  3.0 2049  0.9
30  Su        717 0305  3.1 0919  0.9 1531  2.9 2136  1.0
31  Mo        717 0353  2.9 1008  1.0 1624  2.8 2231  1.1
 1  Tu        817 0447  2.8 1102  1.0 1724  2.8 2332  1.2
 2  We        817 0548  2.8 1202  1.1 1829  2.8 9999  9.9
 3  Th        817 0038  1.2 0652  2.8 1304  1.0 1931  2.9
 4  Fr        817 0140  1.1 0751  2.9 1401  0.9 2025  3.0
 5  Sa        817 0233  1.0 0843  2.9 1451  0.8 2111  3.1
 6  Su        817 0319  0.9 0929  3.0 1536  0.7 2153  3.2
 7  Mo        817 0401  0.7 1011  3.1 1617  0.6 2232  3.3
 8  Tu        817 0441  0.6 1051  3.2 1656  0.6 2310  3.4
 9  We        817 0520  0.6 1129  3.3 1735  0.5 2347  3.4
10  Th        817 0559  0.5 1208  3.3 1813  0.5 9999  9.9
11  Fr        817 0025  3.4 0638  0.5 1246  3.3 1852  0.6
12  Sa        817 0104  3.4 0718  0.6 1327  3.3 1933  0.6
13  Su        817 0145  3.3 0801  0.6 1410  3.2 2018  0.7
14  Mo        817 0231  3.2 0848  0.7 1459  3.1 2109  0.8
15  Tu        817 0323  3.1 0941  0.8 1556  3.0 2209  0.9
16  We        817 0423  3.0 1042  0.8 1703  3.0 2318  0.9
17  Th        817 0533  3.0 1151  0.8 1817  3.0 9999  9.9
18  Fr        817 0032  0.9 0648  3.0 1304  0.8 1930  3.2
19  Sa        817 0143  0.8 0758  3.1 1411  0.7 2033  3.3
20  Su        817 0246  0.6 0859  3.3 1510  0.5 2129  3.5
21  Mo        817 0341  0.5 0953  3.4 1602  0.4 2218  3.6
22  Tu        817 0430  0.4 1042  3.5 1649  0.3 2304  3.6
23  We        817 0515  0.3 1127  3.5 1732  0.4 2347  3.6
24  Th        817 0558  0.4 1208  3.4 1813  0.4 9999  9.9
25  Fr        817 0027  3.5 0638  0.5 1248  3.3 1852  0.5
26  Sa        817 0106  3.4 0716  0.6 1326  3.2 1930  0.7
27  Su        817 0143  3.2 0755  0.7 1404  3.1 2009  0.8
28  Mo        817 0222  3.1 0835  0.8 1445  3.0 2052  1.0
29  Tu        817 0305  2.9 0919  1.0 1532  2.8 2142  1.1
30  We        817 0355  2.8 1010  1.1 1629  2.8 2241  1.2
31  Th        817 0455  2.7 1111  1.1 1738  2.7 2351  1.2
 1  Fr        917 0606  2.7 1219  1.1 1849  2.8 9999  9.9
 2  Sa        917 0101  1.2 0715  2.8 1325  1.0 1950  2.9
 3  Su        917 0200  1.0 0813  2.9 1420  0.9 2040  3.1
 4  Mo        917 0250  0.9 0902  3.0 1508  0.7 2124  3.2
 5  Tu        917 0333  0.7 0945  3.2 1551  0.6 2204  3.4
 6  We        917 0414  0.5 1026  3.3 1631  0.5 2244  3.5
 7  Th        917 0454  0.4 1105  3.4 1711  0.4 2322  3.5
 8  Fr        917 0534  0.4 1145  3.5 1750  0.4 9999  9.9
 9  Sa        917 0002  3.5 0614  0.4 1225  3.4 1831  0.4
10  Su        917 0042  3.5 0655  0.4 1306  3.4 1914  0.5
11  Mo        917 0125  3.4 0739  0.5 1350  3.3 2000  0.6
12  Tu        917 0212  3.3 0826  0.6 1440  3.2 2052  0.8
13  We        917 0305  3.1 0920  0.8 1537  3.1 2153  0.9
14  Th        917 0407  3.0 1023  0.9 1647  3.0 2304  1.0
15  Fr        917 0520  2.9 1136  0.9 1804  3.0 9999  9.9
16  Sa        917 0021  0.9 0638  3.0 1251  0.9 1917  3.1
17  Su        917 0132  0.8 0747  3.1 1358  0.7 2019  3.3
18  Mo        917 0232  0.6 0846  3.2 1455  0.6 2112  3.4
19  Tu        917 0324  0.5 0937  3.4 1544  0.5 2159  3.5
20  We        917 0410  0.4 1022  3.5 1629  0.4 2242  3.6
21  Th        917 0452  0.4 1104  3.5 1709  0.4 2322  3.5
22  Fr        917 0531  0.4 1142  3.4 1747  0.5 2358  3.5
23  Sa        917 0608  0.5 1218  3.4 1822  0.6 9999  9.9
24  Su        917 0033  3.3 0643  0.6 1253  3.3 1858  0.7
25  Mo        917 0108  3.2 0718  0.7 1328  3.1 1934  0.8
26  Tu        917 0143  3.1 0755  0.8 1405  3.0 2014  1.0
27  We        917 0224  2.9 0836  0.9 1449  2.9 2101  1.1
28  Th        917 0311  2.8 0925  1.1 1542  2.8 2158  1.2
29  Fr        917 0409  2.7 1024  1.2 1646  2.7 2305  1.2
30  Sa        917 0518  2.6 1132  1.2 1800  2.8 9999  9.9
 1  Su       1017 0017  1.2 0633  2.7 1243  1.1 1908  2.9
 2  Mo       1017 0121  1.0 0737  2.9 1344  1.0 2003  3.0
 3  Tu       1017 0214  0.8 0829  3.0 1435  0.8 2050  3.2
 4  We       1017 0301  0.7 0915  3.2 1521  0.6 2133  3.4
 5  Th       1017 0345  0.5 0958  3.4 1604  0.5 2215  3.5
 6  Fr       1017 0427  0.4 1040  3.5 1646  0.4 2257  3.6
 7  Sa       1017 0509  0.3 1122  3.6 1728  0.3 2339  3.6
 8  Su       1017 0551  0.3 1204  3.6 1812  0.3 9999  9.9
 9  Mo       1017 0022  3.5 0635  0.3 1247  3.5 1857  0.4
10  Tu       1017 0108  3.4 0720  0.5 1334  3.4 1945  0.6
11  We       1017 0157  3.3 0809  0.6 1425  3.2 2039  0.7
12  Th       1017 0252  3.1 0904  0.8 1524  3.1 2141  0.9
13  Fr       1017 0355  3.0 1008  0.9 1634  3.0 2253  0.9
14  Sa       1017 0509  2.9 1121  1.0 1750  3.0 9999  9.9
15  Su       1017 0008  0.9 0625  2.9 1236  0.9 1900  3.1
16  Mo       1017 0116  0.8 0732  3.0 1341  0.8 2000  3.2
17  Tu       1017 0213  0.7 0828  3.2 1436  0.7 2051  3.4
18  We       1017 0303  0.5 0917  3.3 1524  0.6 2136  3.4
19  Th       1017 0347  0.5 1000  3.4 1606  0.5 2217  3.5
20  Fr       1017 0427  0.4 1040  3.4 1645  0.5 2255  3.4
21  Sa       1017 0504  0.4 1116  3.4 1721  0.5 2331  3.4
22  Su       1017 0539  0.5 1151  3.4 1755  0.6 9999  9.9
23  Mo       1017 0004  3.3 0612  0.6 1224  3.3 1830  0.7
24  Tu       1017 0038  3.2 0647  0.7 1258  3.2 1905  0.8
25  We       1017 0113  3.1 0723  0.8 1334  3.1 1945  0.9
26  Th       1017 0152  2.9 0803  0.9 1416  3.0 2029  1.0
27  Fr       1017 0237  2.8 0849  1.0 1505  2.9 2122  1.1
28  Sa       1017 0331  2.7 0943  1.1 1602  2.8 2223  1.2
29  Su       1017 0434  2.7 1047  1.2 1709  2.8 2330  1.1
30  Mo       1017 0545  2.7 1156  1.1 1818  2.9 9999  9.9
31  Tu       1017 0035  1.0 0653  2.8 1301  1.0 1919  3.0
 1  We       1117 0134  0.8 0751  3.0 1358  0.8 2012  3.2
 2  Th       1117 0226  0.7 0842  3.2 1449  0.6 2101  3.4
 3  Fr       1117 0314  0.5 0930  3.4 1536  0.5 2147  3.5
 4  Sa       1117 0400  0.3 1015  3.6 1623  0.3 2233  3.6
 5  Su       1117 0445  0.2 1100  3.6 1709  0.3 2319  3.6
 6  Mo       1117 0531  0.2 1146  3.6 1755  0.3 9999  9.9
 7  Tu       1117 0006  3.6 0617  0.3 1232  3.6 1843  0.4
 8  We       1117 0054  3.4 0705  0.4 1321  3.5 1934  0.5
 9  Th       1117 0145  3.3 0755  0.6 1413  3.3 2028  0.7
10  Fr       1117 0241  3.1 0850  0.7 1511  3.2 2129  0.8
11  Sa       1117 0343  3.0 0952  0.9 1617  3.1 2236  0.9
12  Su       1117 0452  2.9 1101  1.0 1728  3.0 2346  0.9
13  Mo       1117 0603  2.9 1213  1.0 1835  3.1 9999  9.9
14  Tu       1117 0051  0.8 0708  3.0 1317  0.9 1934  3.1
15  We       1117 0147  0.7 0804  3.1 1412  0.8 2025  3.2
16  Th       1117 0237  0.6 0853  3.2 1500  0.7 2111  3.3
17  Fr       1117 0321  0.6 0936  3.3 1542  0.6 2152  3.3
18  Sa       1117 0401  0.5 1016  3.3 1621  0.6 2230  3.3
19  Su       1117 0438  0.5 1053  3.4 1658  0.6 2306  3.3
20  Mo       1117 0513  0.6 1127  3.3 1733  0.7 2340  3.2
21  Tu       1117 0548  0.6 1201  3.3 1808  0.7 9999  9.9
22  We       1117 0015  3.1 0622  0.7 1235  3.2 1844  0.8
23  Th       1117 0050  3.1 0658  0.7 1311  3.1 1922  0.9
24  Fr       1117 0129  3.0 0737  0.8 1350  3.1 2005  0.9
25  Sa       1117 0211  2.9 0820  0.9 1435  3.0 2052  1.0
26  Su       1117 0259  2.8 0909  1.0 1526  2.9 2146  1.1
27  Mo       1117 0355  2.8 1005  1.1 1624  2.9 2245  1.0
28  Tu       1117 0458  2.8 1109  1.1 1728  2.9 2348  1.0
29  We       1117 0605  2.8 1215  1.0 1832  3.0 9999  9.9
30  Th       1117 0051  0.9 0710  3.0 1319  0.9 1933  3.1
 1  Fr       1217 0149  0.7 0809  3.2 1417  0.7 2029  3.3
 2  Sa       1217 0244  0.5 0902  3.4 1511  0.5 2122  3.4
 3  Su       1217 0335  0.4 0953  3.5 1602  0.4 2213  3.5
 4  Mo       1217 0425  0.3 1042  3.6 1652  0.3 2303  3.6
 5  Tu       1217 0514  0.2 1131  3.7 1741  0.3 2352  3.5
 6  We       1217 0603  0.3 1219  3.6 1831  0.4 9999  9.9
 7  Th       1217 0042  3.5 0652  0.4 1309  3.5 1922  0.5
 8  Fr       1217 0134  3.3 0741  0.5 1400  3.4 2015  0.6
 9  Sa       1217 0227  3.2 0834  0.7 1454  3.3 2111  0.7
10  Su       1217 0324  3.0 0930  0.8 1553  3.1 2211  0.8
11  Mo       1217 0425  2.9 1032  1.0 1656  3.0 2313  0.9
12  Tu       1217 0531  2.9 1138  1.0 1800  3.0 9999  9.9
13  We       1217 0015  0.9 0635  2.9 1243  1.0 1900  3.0
14  Th       1217 0114  0.9 0733  3.0 1342  0.9 1955  3.0
15  Fr       1217 0206  0.8 0825  3.1 1433  0.9 2043  3.1
16  Sa       1217 0253  0.7 0911  3.2 1518  0.8 2127  3.1
17  Su       1217 0336  0.7 0953  3.2 1559  0.7 2208  3.2
18  Mo       1217 0415  0.6 1032  3.3 1638  0.7 2246  3.2
19  Tu       1217 0452  0.6 1108  3.3 1714  0.7 2322  3.2
20  We       1217 0528  0.6 1142  3.3 1750  0.7 2357  3.1
21  Th       1217 0603  0.6 1217  3.3 1826  0.7 9999  9.9
22  Fr       1217 0033  3.1 0639  0.7 1252  3.2 1904  0.8
23  Sa       1217 0110  3.0 0717  0.8 1329  3.2 1943  0.8
24  Su       1217 0149  3.0 0756  0.8 1409  3.1 2026  0.9
25  Mo       1217 0232  2.9 0840  0.9 1454  3.0 2113  0.9
26  Tu       1217 0321  2.9 0930  1.0 1545  3.0 2206  0.9
27  We       1217 0417  2.9 1028  1.0 1644  3.0 2305  0.9
28  Th       1217 0521  2.9 1133  1.0 1749  3.0 9999  9.9
29  Fr       1217 0009  0.9 0630  3.0 1242  0.9 1856  3.1
30  Sa       1217 0115  0.8 0737  3.1 1348  0.8 2001  3.2
31  Su       1217 0217  0.6 0839  3.3 1449  0.6 2101  3.3
