090Paratutae Island
Based on data from  1-Jan-2014
Local Std Time, tidal heights in metres.
 1  Tu        119 0609  2.8 1224  1.0 1834  2.9 9999  9.9
 2  We        119 0055  0.8 0711  2.9 1325  0.9 1932  2.9
 3  Th        119 0151  0.8 0806  3.0 1419  0.9 2024  2.9
 4  Fr        119 0241  0.7 0854  3.1 1507  0.8 2110  3.0
 5  Sa        119 0325  0.7 0936  3.1 1550  0.7 2152  3.0
 6  Su        119 0406  0.6 1015  3.2 1629  0.7 2231  3.0
 7  Mo        119 0444  0.6 1052  3.2 1707  0.7 2308  3.0
 8  Tu        119 0520  0.6 1127  3.2 1743  0.7 2344  3.0
 9  We        119 0554  0.6 1201  3.2 1818  0.7 9999  9.9
10  Th        119 0019  3.0 0629  0.7 1236  3.1 1854  0.8
11  Fr        119 0056  2.9 0705  0.8 1313  3.0 1932  0.8
12  Sa        119 0134  2.9 0743  0.9 1352  3.0 2012  0.9
13  Su        119 0215  2.8 0825  1.0 1436  2.9 2057  1.0
14  Mo        119 0302  2.7 0913  1.1 1525  2.8 2147  1.0
15  Tu        119 0356  2.7 1009  1.1 1622  2.8 2245  1.0
16  We        119 0459  2.7 1115  1.1 1725  2.8 2350  1.0
17  Th        119 0608  2.7 1225  1.1 1831  2.8 9999  9.9
18  Fr        119 0057  0.9 0715  2.9 1332  0.9 1935  2.9
19  Sa        119 0200  0.7 0815  3.1 1432  0.7 2035  3.1
20  Su        119 0257  0.5 0910  3.3 1526  0.5 2130  3.2
21  Mo        119 0349  0.4 1001  3.4 1618  0.4 2223  3.3
22  Tu        119 0438  0.3 1050  3.5 1707  0.3 2313  3.4
23  We        119 0526  0.2 1138  3.6 1756  0.3 9999  9.9
24  Th        119 0001  3.4 0613  0.3 1225  3.5 1844  0.3
25  Fr        119 0050  3.3 0701  0.4 1313  3.4 1932  0.4
26  Sa        119 0138  3.2 0749  0.5 1403  3.3 2022  0.6
27  Su        119 0229  3.1 0840  0.7 1455  3.1 2114  0.7
28  Mo        119 0323  2.9 0936  0.9 1551  2.9 2211  0.9
29  Tu        119 0424  2.8 1040  1.0 1654  2.8 2315  1.0
30  We        119 0532  2.7 1150  1.1 1801  2.7 9999  9.9
31  Th        119 0022  1.0 0641  2.7 1259  1.1 1905  2.7
 1  Fr        219 0125  1.0 0742  2.8 1357  1.0 2002  2.8
 2  Sa        219 0219  0.9 0833  2.9 1447  0.9 2051  2.9
 3  Su        219 0306  0.8 0917  3.0 1531  0.8 2135  2.9
 4  Mo        219 0347  0.7 0956  3.1 1610  0.7 2213  3.0
 5  Tu        219 0424  0.6 1032  3.2 1646  0.7 2249  3.1
 6  We        219 0459  0.6 1106  3.2 1721  0.7 2323  3.1
 7  Th        219 0533  0.6 1139  3.2 1754  0.6 2356  3.1
 8  Fr        219 0606  0.6 1211  3.2 1828  0.7 9999  9.9
 9  Sa        219 0030  3.0 0639  0.7 1245  3.1 1903  0.7
10  Su        219 0104  3.0 0714  0.8 1320  3.1 1939  0.8
11  Mo        219 0141  2.9 0752  0.9 1400  3.0 2020  0.9
12  Tu        219 0223  2.8 0836  1.0 1445  2.9 2106  0.9
13  We        219 0313  2.7 0930  1.1 1540  2.8 2202  1.0
14  Th        219 0415  2.7 1035  1.1 1645  2.7 2310  1.0
15  Fr        219 0530  2.7 1152  1.1 1759  2.8 9999  9.9
16  Sa        219 0026  1.0 0646  2.8 1307  1.0 1912  2.9
17  Su        219 0137  0.8 0754  3.0 1413  0.7 2018  3.0
18  Mo        219 0239  0.6 0852  3.3 1510  0.5 2116  3.2
19  Tu        219 0333  0.4 0944  3.5 1602  0.3 2208  3.4
20  We        219 0422  0.3 1033  3.6 1650  0.2 2257  3.5
21  Th        219 0509  0.2 1120  3.6 1737  0.2 2343  3.5
22  Fr        219 0555  0.2 1205  3.6 1823  0.2 9999  9.9
23  Sa        219 0029  3.4 0640  0.3 1250  3.5 1908  0.4
24  Su        219 0113  3.3 0725  0.5 1336  3.3 1953  0.5
25  Mo        219 0159  3.1 0812  0.7 1423  3.1 2041  0.7
26  Tu        219 0248  2.9 0903  0.9 1515  2.9 2133  0.9
27  We        219 0344  2.8 1003  1.1 1615  2.7 2233  1.1
28  Th        219 0451  2.7 1113  1.2 1723  2.6 2344  1.1
 1  Fr        319 0605  2.6 1227  1.2 1834  2.6 9999  9.9
 2  Sa        319 0054  1.1 0712  2.7 1331  1.1 1937  2.7
 3  Su        319 0154  1.0 0807  2.8 1423  1.0 2029  2.8
 4  Mo        319 0242  0.9 0852  3.0 1507  0.9 2112  2.9
 5  Tu        319 0323  0.8 0931  3.1 1545  0.7 2150  3.0
 6  We        319 0400  0.7 1007  3.2 1621  0.7 2225  3.1
 7  Th        319 0435  0.6 1040  3.2 1654  0.6 2258  3.1
 8  Fr        319 0508  0.6 1112  3.2 1727  0.6 2331  3.2
 9  Sa        319 0540  0.6 1144  3.2 1801  0.6 9999  9.9
10  Su        319 0003  3.1 0614  0.6 1217  3.2 1835  0.6
11  Mo        319 0037  3.1 0649  0.7 1252  3.1 1911  0.7
12  Tu        319 0113  3.0 0727  0.8 1331  3.0 1950  0.8
13  We        319 0154  2.9 0811  0.9 1416  2.9 2037  0.9
14  Th        319 0244  2.8 0904  1.0 1512  2.8 2133  1.0
15  Fr        319 0347  2.7 1011  1.1 1620  2.7 2243  1.0
16  Sa        319 0504  2.7 1130  1.1 1738  2.7 9999  9.9
17  Su        319 0003  1.0 0624  2.8 1248  0.9 1855  2.9
18  Mo        319 0118  0.8 0734  3.0 1354  0.7 2002  3.0
19  Tu        319 0220  0.6 0833  3.3 1451  0.5 2059  3.2
20  We        319 0314  0.4 0925  3.4 1542  0.3 2150  3.4
21  Th        319 0403  0.3 1013  3.6 1630  0.2 2237  3.5
22  Fr        319 0449  0.2 1058  3.6 1715  0.2 2321  3.5
23  Sa        319 0533  0.2 1142  3.5 1758  0.3 9999  9.9
24  Su        319 0004  3.4 0617  0.3 1225  3.4 1841  0.4
25  Mo        319 0046  3.3 0700  0.5 1308  3.2 1923  0.6
26  Tu        319 0129  3.1 0744  0.7 1352  3.0 2007  0.8
27  We        319 0214  2.9 0832  0.9 1440  2.8 2055  1.0
28  Th        319 0306  2.8 0927  1.1 1536  2.6 2151  1.1
29  Fr        319 0408  2.6 1033  1.2 1643  2.5 2300  1.2
30  Sa        319 0522  2.6 1147  1.2 1757  2.5 9999  9.9
31  Su        319 0015  1.2 0634  2.7 1255  1.1 1903  2.6
 1  Mo        419 0119  1.1 0731  2.8 1349  1.0 1957  2.7
 2  Tu        419 0210  1.0 0818  2.9 1434  0.9 2041  2.9
 3  We        419 0253  0.8 0858  3.0 1513  0.8 2120  3.0
 4  Th        419 0330  0.7 0935  3.1 1549  0.7 2156  3.1
 5  Fr        419 0406  0.6 1009  3.2 1624  0.6 2230  3.2
 6  Sa        419 0440  0.6 1043  3.2 1658  0.5 2303  3.2
 7  Su        419 0514  0.6 1117  3.2 1733  0.5 2337  3.2
 8  Mo        419 0550  0.6 1152  3.2 1809  0.6 9999  9.9
 9  Tu        419 0013  3.2 0627  0.6 1229  3.1 1848  0.7
10  We        419 0051  3.1 0708  0.7 1311  3.0 1930  0.7
11  Th        419 0135  3.0 0756  0.9 1359  2.9 2018  0.9
12  Fr        419 0228  2.9 0852  1.0 1458  2.8 2117  1.0
13  Sa        419 0332  2.8 0959  1.0 1607  2.7 2227  1.0
14  Su        419 0448  2.8 1115  1.0 1725  2.8 2345  1.0
15  Mo        419 0605  2.9 1229  0.9 1839  2.9 9999  9.9
16  Tu        419 0058  0.8 0713  3.1 1333  0.7 1943  3.0
17  We        419 0200  0.6 0811  3.2 1429  0.5 2039  3.2
18  Th        419 0253  0.5 0902  3.4 1520  0.4 2129  3.4
19  Fr        419 0342  0.4 0950  3.5 1606  0.3 2215  3.4
20  Sa        419 0428  0.3 1034  3.5 1650  0.3 2258  3.4
21  Su        419 0511  0.3 1117  3.4 1733  0.3 2339  3.4
22  Mo        419 0553  0.4 1159  3.3 1814  0.5 9999  9.9
23  Tu        419 0020  3.3 0635  0.6 1240  3.1 1854  0.6
24  We        419 0100  3.1 0717  0.8 1322  2.9 1936  0.8
25  Th        419 0143  3.0 0803  0.9 1408  2.8 2021  1.0
26  Fr        419 0231  2.8 0854  1.1 1501  2.6 2113  1.1
27  Sa        419 0328  2.7 0953  1.2 1603  2.5 2215  1.2
28  Su        419 0435  2.6 1100  1.2 1711  2.5 2325  1.2
29  Mo        419 0544  2.7 1206  1.1 1818  2.6 9999  9.9
30  Tu        419 0032  1.1 0644  2.7 1303  1.0 1914  2.7
 1  We        519 0127  1.0 0734  2.8 1352  0.9 2002  2.8
 2  Th        519 0214  0.9 0817  3.0 1434  0.8 2044  3.0
 3  Fr        519 0255  0.8 0857  3.1 1514  0.7 2122  3.1
 4  Sa        519 0333  0.7 0935  3.1 1552  0.6 2159  3.2
 5  Su        519 0411  0.6 1012  3.2 1630  0.5 2236  3.2
 6  Mo        519 0449  0.6 1051  3.2 1708  0.5 2314  3.2
 7  Tu        519 0529  0.6 1130  3.2 1748  0.5 2354  3.2
 8  We        519 0611  0.6 1213  3.1 1830  0.6 9999  9.9
 9  Th        519 0037  3.2 0657  0.7 1259  3.0 1916  0.7
10  Fr        519 0125  3.1 0748  0.8 1352  2.9 2007  0.8
11  Sa        519 0220  3.0 0845  0.9 1451  2.8 2106  0.9
12  Su        519 0323  2.9 0950  0.9 1558  2.8 2213  1.0
13  Mo        519 0434  2.9 1059  0.9 1710  2.8 2326  0.9
14  Tu        519 0545  3.0 1207  0.8 1820  2.9 9999  9.9
15  We        519 0036  0.8 0649  3.1 1310  0.7 1922  3.0
16  Th        519 0137  0.7 0747  3.2 1406  0.5 2017  3.2
17  Fr        519 0231  0.6 0838  3.3 1456  0.4 2107  3.3
18  Sa        519 0320  0.5 0926  3.3 1543  0.4 2152  3.3
19  Su        519 0406  0.5 1011  3.3 1627  0.4 2235  3.3
20  Mo        519 0449  0.5 1053  3.2 1708  0.5 2316  3.3
21  Tu        519 0531  0.6 1134  3.1 1748  0.6 2355  3.2
22  We        519 0612  0.7 1215  3.0 1828  0.7 9999  9.9
23  Th        519 0034  3.1 0653  0.8 1256  2.9 1908  0.8
24  Fr        519 0115  3.0 0736  0.9 1340  2.8 1950  0.9
25  Sa        519 0200  2.9 0822  1.0 1428  2.7 2037  1.1
26  Su        519 0251  2.8 0914  1.1 1522  2.6 2131  1.1
27  Mo        519 0348  2.7 1010  1.1 1621  2.6 2231  1.2
28  Tu        519 0448  2.7 1110  1.1 1723  2.6 2335  1.2
29  We        519 0548  2.7 1208  1.0 1822  2.7 9999  9.9
30  Th        519 0035  1.1 0642  2.8 1302  1.0 1915  2.8
31  Fr        519 0128  1.0 0731  2.9 1350  0.8 2003  2.9
 1  Sa        619 0215  0.9 0817  3.0 1436  0.7 2047  3.0
 2  Su        619 0300  0.7 0901  3.1 1520  0.6 2130  3.2
 3  Mo        619 0343  0.6 0944  3.2 1603  0.5 2212  3.2
 4  Tu        619 0427  0.6 1028  3.2 1647  0.5 2255  3.3
 5  We        619 0512  0.5 1114  3.2 1731  0.5 2340  3.3
 6  Th        619 0558  0.5 1201  3.2 1817  0.5 9999  9.9
 7  Fr        619 0026  3.3 0647  0.6 1251  3.1 1905  0.6
 8  Sa        619 0117  3.2 0739  0.7 1344  3.0 1957  0.7
 9  Su        619 0211  3.1 0835  0.7 1442  2.9 2054  0.8
10  Mo        619 0311  3.0 0935  0.8 1544  2.9 2156  0.9
11  Tu        619 0415  3.0 1038  0.8 1650  2.9 2304  0.9
12  We        619 0520  3.0 1142  0.8 1756  2.9 9999  9.9
13  Th        619 0011  0.9 0623  3.0 1244  0.7 1858  3.0
14  Fr        619 0114  0.8 0722  3.1 1341  0.6 1955  3.1
15  Sa        619 0210  0.7 0815  3.1 1433  0.6 2045  3.2
16  Su        619 0300  0.7 0904  3.1 1521  0.6 2132  3.2
17  Mo        619 0347  0.6 0950  3.1 1605  0.6 2214  3.2
18  Tu        619 0430  0.6 1033  3.1 1647  0.6 2255  3.2
19  We        619 0511  0.7 1113  3.0 1726  0.6 2333  3.2
20  Th        619 0551  0.7 1153  3.0 1804  0.7 9999  9.9
21  Fr        619 0011  3.1 0630  0.8 1232  2.9 1842  0.8
22  Sa        619 0049  3.0 0709  0.9 1312  2.8 1921  0.9
23  Su        619 0130  2.9 0751  0.9 1355  2.8 2003  1.0
24  Mo        619 0214  2.9 0835  1.0 1441  2.7 2049  1.1
25  Tu        619 0302  2.8 0923  1.0 1532  2.7 2141  1.1
26  We        619 0355  2.7 1015  1.1 1628  2.6 2238  1.2
27  Th        619 0451  2.7 1111  1.0 1727  2.7 2340  1.1
28  Fr        619 0548  2.8 1209  1.0 1826  2.7 9999  9.9
29  Sa        619 0040  1.1 0644  2.8 1306  0.9 1922  2.9
30  Su        619 0137  0.9 0738  2.9 1400  0.8 2014  3.0
 1  Mo        719 0229  0.8 0830  3.0 1451  0.6 2104  3.2
 2  Tu        719 0319  0.7 0921  3.1 1541  0.5 2151  3.3
 3  We        719 0408  0.5 1011  3.2 1628  0.4 2239  3.4
 4  Th        719 0457  0.5 1100  3.2 1716  0.4 2326  3.4
 5  Fr        719 0545  0.4 1150  3.2 1803  0.4 9999  9.9
 6  Sa        719 0014  3.4 0635  0.4 1240  3.2 1852  0.5
 7  Su        719 0104  3.3 0725  0.5 1331  3.1 1942  0.6
 8  Mo        719 0156  3.3 0818  0.6 1425  3.0 2036  0.7
 9  Tu        719 0251  3.1 0913  0.7 1522  3.0 2134  0.8
10  We        719 0350  3.0 1011  0.8 1624  2.9 2238  0.9
11  Th        719 0453  3.0 1114  0.8 1729  2.9 2345  0.9
12  Fr        719 0557  2.9 1217  0.8 1834  2.9 9999  9.9
13  Sa        719 0051  0.9 0658  2.9 1318  0.8 1934  3.0
14  Su        719 0150  0.9 0755  2.9 1413  0.7 2027  3.0
15  Mo        719 0242  0.8 0846  3.0 1502  0.7 2114  3.1
16  Tu        719 0329  0.7 0932  3.0 1546  0.7 2156  3.2
17  We        719 0412  0.7 1015  3.0 1627  0.6 2235  3.2
18  Th        719 0452  0.7 1054  3.0 1705  0.6 2312  3.2
19  Fr        719 0529  0.7 1131  3.0 1741  0.7 2347  3.1
20  Sa        719 0605  0.7 1207  3.0 1817  0.7 9999  9.9
21  Su        719 0023  3.1 0641  0.8 1244  2.9 1852  0.8
22  Mo        719 0059  3.0 0718  0.8 1321  2.9 1930  0.9
23  Tu        719 0138  3.0 0757  0.9 1402  2.8 2011  1.0
24  We        719 0220  2.9 0839  0.9 1446  2.7 2056  1.0
25  Th        719 0306  2.8 0926  1.0 1536  2.7 2148  1.1
26  Fr        719 0359  2.7 1020  1.0 1634  2.7 2249  1.1
27  Sa        719 0458  2.7 1120  1.0 1739  2.7 2357  1.1
28  Su        719 0602  2.8 1226  1.0 1845  2.8 9999  9.9
29  Mo        719 0103  1.0 0706  2.8 1330  0.8 1946  3.0
30  Tu        719 0204  0.8 0806  3.0 1428  0.7 2042  3.2
31  We        719 0259  0.6 0903  3.1 1521  0.5 2133  3.3
 1  Th        819 0351  0.5 0955  3.3 1612  0.4 2222  3.5
 2  Fr        819 0441  0.3 1046  3.3 1700  0.3 2310  3.5
 3  Sa        819 0529  0.3 1135  3.4 1747  0.3 2358  3.5
 4  Su        819 0617  0.3 1223  3.4 1834  0.3 9999  9.9
 5  Mo        819 0045  3.5 0705  0.4 1311  3.3 1922  0.5
 6  Tu        819 0134  3.3 0754  0.5 1401  3.2 2013  0.6
 7  We        819 0226  3.2 0846  0.6 1454  3.0 2108  0.8
 8  Th        819 0321  3.0 0941  0.8 1553  2.9 2209  1.0
 9  Fr        819 0423  2.9 1042  0.9 1659  2.8 2318  1.0
10  Sa        819 0529  2.8 1149  1.0 1809  2.8 9999  9.9
11  Su        819 0029  1.0 0636  2.7 1255  1.0 1914  2.8
12  Mo        819 0132  1.0 0737  2.8 1354  0.9 2009  2.9
13  Tu        819 0225  0.9 0830  2.8 1444  0.8 2056  3.0
14  We        819 0312  0.8 0916  2.9 1528  0.7 2137  3.1
15  Th        819 0353  0.7 0957  3.0 1607  0.7 2214  3.2
16  Fr        819 0430  0.7 1033  3.0 1643  0.6 2249  3.2
17  Sa        819 0505  0.6 1108  3.1 1717  0.6 2322  3.2
18  Su        819 0539  0.6 1141  3.1 1750  0.6 2355  3.2
19  Mo        819 0612  0.7 1215  3.0 1824  0.7 9999  9.9
20  Tu        819 0028  3.1 0646  0.7 1249  3.0 1858  0.8
21  We        819 0103  3.0 0722  0.8 1325  2.9 1936  0.9
22  Th        819 0141  2.9 0800  0.9 1405  2.8 2018  1.0
23  Fr        819 0224  2.8 0844  0.9 1452  2.7 2108  1.1
24  Sa        819 0316  2.8 0937  1.0 1550  2.7 2210  1.1
25  Su        819 0418  2.7 1040  1.1 1700  2.7 2323  1.1
26  Mo        819 0529  2.7 1153  1.0 1815  2.8 9999  9.9
27  Tu        819 0037  1.0 0642  2.8 1305  0.9 1923  3.0
28  We        819 0143  0.8 0748  3.0 1408  0.7 2022  3.2
29  Th        819 0241  0.6 0847  3.2 1503  0.5 2115  3.4
30  Fr        819 0333  0.4 0939  3.3 1554  0.3 2204  3.6
31  Sa        819 0422  0.2 1028  3.5 1641  0.2 2251  3.6
 1  Su        919 0509  0.2 1116  3.5 1728  0.2 2337  3.6
 2  Mo        919 0555  0.2 1202  3.5 1813  0.3 9999  9.9
 3  Tu        919 0023  3.5 0641  0.3 1247  3.4 1859  0.4
 4  We        919 0109  3.3 0727  0.4 1334  3.2 1947  0.6
 5  Th        919 0157  3.1 0815  0.6 1424  3.0 2039  0.8
 6  Fr        919 0250  2.9 0908  0.8 1520  2.9 2139  1.0
 7  Sa        919 0350  2.7 1008  1.0 1626  2.7 2249  1.1
 8  Su        919 0500  2.6 1118  1.1 1741  2.7 9999  9.9
 9  Mo        919 0004  1.1 0613  2.6 1230  1.1 1851  2.8
10  Tu        919 0111  1.1 0718  2.7 1332  1.0 1947  2.9
11  We        919 0205  0.9 0811  2.8 1423  0.9 2033  3.0
12  Th        919 0249  0.8 0855  2.9 1506  0.8 2113  3.1
13  Fr        919 0329  0.7 0934  3.0 1543  0.7 2149  3.2
14  Sa        919 0404  0.6 1009  3.1 1618  0.6 2222  3.2
15  Su        919 0438  0.6 1042  3.1 1651  0.6 2254  3.2
16  Mo        919 0510  0.6 1114  3.2 1723  0.6 2326  3.2
17  Tu        919 0542  0.6 1146  3.1 1756  0.6 2358  3.2
18  We        919 0615  0.6 1219  3.1 1830  0.7 9999  9.9
19  Th        919 0032  3.1 0650  0.7 1253  3.0 1907  0.8
20  Fr        919 0109  3.0 0728  0.8 1332  2.9 1949  0.9
21  Sa        919 0152  2.9 0812  0.9 1419  2.8 2039  1.0
22  Su        919 0244  2.7 0905  1.0 1519  2.7 2143  1.1
23  Mo        919 0350  2.7 1011  1.1 1633  2.7 2259  1.1
24  Tu        919 0507  2.7 1129  1.0 1752  2.8 9999  9.9
25  We        919 0017  1.0 0624  2.8 1245  0.9 1903  3.0
26  Th        919 0124  0.8 0732  3.0 1349  0.7 2002  3.2
27  Fr        919 0222  0.5 0830  3.2 1445  0.5 2055  3.4
28  Sa        919 0313  0.3 0921  3.4 1534  0.3 2143  3.6
29  Su        919 0401  0.2 1009  3.5 1621  0.2 2229  3.6
30  Mo        919 0447  0.1 1055  3.6 1707  0.2 2314  3.6
 1  Tu       1019 0532  0.2 1139  3.5 1751  0.3 2358  3.5
 2  We       1019 0616  0.3 1222  3.4 1836  0.4 9999  9.9
 3  Th       1019 0043  3.3 0700  0.5 1307  3.2 1922  0.6
 4  Fr       1019 0129  3.1 0745  0.7 1354  3.0 2012  0.9
 5  Sa       1019 0219  2.8 0834  0.9 1447  2.8 2108  1.1
 6  Su       1019 0317  2.7 0932  1.1 1550  2.7 2216  1.2
 7  Mo       1019 0427  2.5 1041  1.2 1705  2.6 2332  1.2
 8  Tu       1019 0542  2.5 1157  1.2 1818  2.7 9999  9.9
 9  We       1019 0040  1.1 0650  2.6 1302  1.1 1916  2.8
10  Th       1019 0135  1.0 0743  2.8 1354  0.9 2003  2.9
11  Fr       1019 0220  0.8 0828  2.9 1437  0.8 2043  3.0
12  Sa       1019 0259  0.7 0906  3.0 1515  0.7 2119  3.1
13  Su       1019 0334  0.6 0941  3.1 1550  0.6 2152  3.2
14  Mo       1019 0408  0.6 1015  3.2 1624  0.6 2225  3.2
15  Tu       1019 0441  0.5 1047  3.2 1657  0.6 2258  3.2
16  We       1019 0515  0.5 1120  3.2 1731  0.6 2332  3.2
17  Th       1019 0549  0.6 1154  3.2 1807  0.7 9999  9.9
18  Fr       1019 0007  3.1 0625  0.6 1230  3.1 1846  0.8
19  Sa       1019 0046  3.0 0705  0.8 1311  3.0 1931  0.9
20  Su       1019 0131  2.9 0750  0.9 1359  2.9 2024  1.0
21  Mo       1019 0226  2.8 0845  1.0 1500  2.8 2128  1.1
22  Tu       1019 0333  2.7 0952  1.0 1613  2.8 2242  1.0
23  We       1019 0450  2.7 1108  1.0 1731  2.9 2356  0.9
24  Th       1019 0606  2.8 1223  0.9 1841  3.0 9999  9.9
25  Fr       1019 0103  0.7 0713  3.0 1328  0.7 1940  3.2
26  Sa       1019 0200  0.5 0810  3.2 1424  0.5 2033  3.4
27  Su       1019 0252  0.3 0901  3.4 1514  0.3 2122  3.5
28  Mo       1019 0340  0.2 0949  3.5 1601  0.3 2208  3.5
29  Tu       1019 0425  0.2 1034  3.5 1647  0.3 2252  3.5
30  We       1019 0509  0.2 1117  3.5 1731  0.4 2336  3.4
31  Th       1019 0552  0.4 1159  3.4 1814  0.5 9999  9.9
 1  Fr       1119 0019  3.2 0634  0.5 1241  3.2 1859  0.7
 2  Sa       1119 0103  3.0 0717  0.7 1326  3.0 1946  0.9
 3  Su       1119 0150  2.8 0803  0.9 1415  2.9 2038  1.0
 4  Mo       1119 0244  2.6 0855  1.1 1512  2.7 2139  1.2
 5  Tu       1119 0347  2.5 0957  1.2 1620  2.7 2247  1.2
 6  We       1119 0458  2.5 1109  1.2 1730  2.7 2355  1.1
 7  Th       1119 0606  2.6 1218  1.2 1831  2.7 9999  9.9
 8  Fr       1119 0052  1.0 0704  2.7 1315  1.0 1922  2.9
 9  Sa       1119 0141  0.9 0752  2.8 1401  0.9 2005  3.0
10  Su       1119 0223  0.8 0833  3.0 1442  0.8 2044  3.1
11  Mo       1119 0301  0.7 0911  3.1 1520  0.7 2121  3.1
12  Tu       1119 0338  0.6 0947  3.2 1556  0.6 2157  3.2
13  We       1119 0414  0.5 1022  3.2 1633  0.6 2233  3.2
14  Th       1119 0451  0.5 1058  3.2 1711  0.6 2311  3.2
15  Fr       1119 0528  0.5 1135  3.2 1750  0.6 2350  3.1
16  Sa       1119 0608  0.6 1215  3.2 1833  0.7 9999  9.9
17  Su       1119 0033  3.0 0650  0.7 1259  3.1 1921  0.8
18  Mo       1119 0122  2.9 0738  0.8 1349  3.0 2014  0.9
19  Tu       1119 0217  2.8 0832  0.9 1448  2.9 2115  0.9
20  We       1119 0321  2.8 0935  1.0 1556  2.9 2223  0.9
21  Th       1119 0432  2.8 1047  1.0 1707  2.9 2333  0.8
22  Fr       1119 0544  2.8 1159  0.9 1815  3.0 9999  9.9
23  Sa       1119 0038  0.7 0650  3.0 1305  0.8 1916  3.2
24  Su       1119 0137  0.6 0749  3.1 1403  0.6 2011  3.3
25  Mo       1119 0230  0.4 0842  3.3 1455  0.5 2101  3.3
26  Tu       1119 0319  0.3 0930  3.4 1543  0.4 2148  3.4
27  We       1119 0405  0.3 1015  3.4 1629  0.4 2233  3.3
28  Th       1119 0449  0.4 1058  3.4 1713  0.5 2316  3.2
29  Fr       1119 0531  0.4 1139  3.3 1756  0.6 2358  3.1
30  Sa       1119 0612  0.6 1220  3.2 1838  0.7 9999  9.9
 1  Su       1219 0041  3.0 0653  0.7 1301  3.1 1922  0.9
 2  Mo       1219 0124  2.8 0735  0.9 1346  2.9 2008  1.0
 3  Tu       1219 0211  2.7 0820  1.0 1435  2.8 2058  1.1
 4  We       1219 0304  2.6 0912  1.1 1530  2.7 2154  1.1
 5  Th       1219 0403  2.6 1012  1.2 1631  2.7 2255  1.1
 6  Fr       1219 0507  2.6 1118  1.2 1732  2.7 2355  1.1
 7  Sa       1219 0610  2.6 1221  1.1 1829  2.8 9999  9.9
 8  Su       1219 0051  1.0 0705  2.7 1316  1.1 1920  2.8
 9  Mo       1219 0140  0.9 0754  2.9 1405  0.9 2005  2.9
10  Tu       1219 0225  0.8 0838  3.0 1448  0.8 2049  3.0
11  We       1219 0308  0.7 0919  3.1 1530  0.7 2131  3.1
12  Th       1219 0349  0.6 0959  3.2 1612  0.6 2213  3.1
13  Fr       1219 0430  0.5 1040  3.3 1654  0.6 2255  3.2
14  Sa       1219 0512  0.5 1121  3.3 1738  0.6 2339  3.2
15  Su       1219 0555  0.5 1204  3.3 1823  0.6 9999  9.9
16  Mo       1219 0025  3.1 0640  0.6 1250  3.2 1912  0.6
17  Tu       1219 0114  3.0 0727  0.6 1340  3.2 2003  0.7
18  We       1219 0207  3.0 0819  0.7 1435  3.1 2059  0.8
19  Th       1219 0305  2.9 0917  0.8 1535  3.0 2200  0.8
20  Fr       1219 0409  2.8 1022  0.9 1641  3.0 2305  0.8
21  Sa       1219 0517  2.8 1133  0.9 1748  3.0 9999  9.9
22  Su       1219 0011  0.8 0625  2.9 1241  0.9 1851  3.0
23  Mo       1219 0113  0.7 0728  3.0 1343  0.8 1950  3.1
24  Tu       1219 0210  0.6 0824  3.1 1438  0.7 2043  3.1
25  We       1219 0301  0.5 0914  3.2 1528  0.6 2132  3.2
26  Th       1219 0348  0.5 0959  3.3 1614  0.6 2218  3.1
27  Fr       1219 0432  0.5 1042  3.3 1657  0.6 2300  3.1
28  Sa       1219 0513  0.5 1122  3.3 1738  0.6 2341  3.0
29  Su       1219 0552  0.6 1200  3.2 1818  0.7 9999  9.9
30  Mo       1219 0020  3.0 0630  0.7 1238  3.1 1857  0.8
31  Tu       1219 0059  2.9 0708  0.8 1317  3.0 1937  0.9
