097Napier
Based on data from  1-Jul-2007
Local Std Time, tidal heights in metres.
 1  Mo        118 0405  1.8 1023  0.1 1633  1.8 2248  0.1
 2  Tu        118 0504  1.9 1121  0.1 1732  1.8 2346  0.0
 3  We        118 0601  1.9 1220  0.0 1831  1.8 9999  9.9
 4  Th        118 0044  0.0 0659  2.0 1318  0.0 1929  1.9
 5  Fr        118 0140  0.0 0755  2.0 1416  0.0 2026  1.8
 6  Sa        118 0236  0.0 0851  2.0 1512  0.0 2122  1.8
 7  Su        118 0331  0.0 0947  1.9 1607  0.1 2216  1.8
 8  Mo        118 0426  0.1 1041  1.8 1701  0.1 2310  1.7
 9  Tu        118 0520  0.2 1135  1.8 1754  0.2 9999  9.9
10  We        118 0004  1.7 0615  0.2 1228  1.7 1845  0.3
11  Th        118 0057  1.6 0709  0.3 1319  1.6 1936  0.3
12  Fr        118 0150  1.6 0802  0.3 1410  1.6 2026  0.3
13  Sa        118 0242  1.6 0854  0.4 1459  1.5 2115  0.4
14  Su        118 0333  1.5 0944  0.4 1548  1.5 2203  0.4
15  Mo        118 0421  1.5 1032  0.4 1635  1.5 2250  0.4
16  Tu        118 0507  1.6 1118  0.4 1722  1.5 2335  0.4
17  We        118 0550  1.6 1203  0.4 1807  1.5 9999  9.9
18  Th        118 0018  0.4 0632  1.6 1247  0.4 1850  1.5
19  Fr        118 0100  0.4 0714  1.6 1330  0.4 1933  1.5
20  Sa        118 0141  0.3 0755  1.6 1412  0.3 2014  1.5
21  Su        118 0222  0.3 0836  1.6 1454  0.3 2056  1.5
22  Mo        118 0303  0.3 0918  1.6 1536  0.3 2138  1.6
23  Tu        118 0346  0.3 1001  1.6 1619  0.3 2221  1.6
24  We        118 0431  0.3 1047  1.6 1704  0.3 2307  1.6
25  Th        118 0519  0.3 1134  1.6 1750  0.3 2356  1.6
26  Fr        118 0611  0.3 1224  1.7 1840  0.3 9999  9.9
27  Sa        118 0049  1.7 0706  0.3 1318  1.7 1933  0.2
28  Su        118 0145  1.7 0803  0.2 1414  1.7 2029  0.2
29  Mo        118 0244  1.7 0903  0.2 1512  1.7 2128  0.1
30  Tu        118 0344  1.8 1002  0.1 1612  1.7 2228  0.1
31  We        118 0443  1.9 1102  0.1 1712  1.8 2327  0.1
 1  Th        218 0542  1.9 1201  0.1 1812  1.8 9999  9.9
 2  Fr        218 0024  0.0 0639  1.9 1259  0.0 1910  1.8
 3  Sa        218 0121  0.0 0736  1.9 1355  0.0 2006  1.8
 4  Su        218 0216  0.0 0831  1.9 1450  0.1 2100  1.8
 5  Mo        218 0310  0.1 0925  1.9 1543  0.1 2152  1.8
 6  Tu        218 0403  0.1 1017  1.8 1635  0.2 2244  1.7
 7  We        218 0455  0.2 1108  1.7 1724  0.2 2335  1.7
 8  Th        218 0547  0.3 1158  1.6 1813  0.3 9999  9.9
 9  Fr        218 0025  1.6 0638  0.3 1247  1.6 1901  0.3
10  Sa        218 0116  1.6 0729  0.4 1335  1.5 1950  0.4
11  Su        218 0206  1.5 0819  0.4 1424  1.5 2039  0.4
12  Mo        218 0256  1.5 0908  0.4 1512  1.5 2127  0.4
13  Tu        218 0344  1.5 0957  0.4 1600  1.5 2215  0.4
14  We        218 0431  1.5 1043  0.4 1647  1.5 2301  0.4
15  Th        218 0515  1.6 1129  0.4 1733  1.5 2345  0.4
16  Fr        218 0558  1.6 1213  0.4 1817  1.5 9999  9.9
17  Sa        218 0028  0.3 0641  1.6 1257  0.3 1901  1.5
18  Su        218 0110  0.3 0723  1.6 1340  0.3 1943  1.6
19  Mo        218 0153  0.3 0806  1.6 1423  0.3 2026  1.6
20  Tu        218 0237  0.3 0851  1.7 1507  0.3 2110  1.6
21  We        218 0322  0.3 0936  1.7 1552  0.3 2156  1.6
22  Th        218 0409  0.3 1024  1.7 1638  0.3 2244  1.7
23  Fr        218 0500  0.2 1113  1.7 1727  0.2 2335  1.7
24  Sa        218 0553  0.2 1205  1.7 1818  0.2 9999  9.9
25  Su        218 0029  1.7 0649  0.2 1300  1.7 1913  0.2
26  Mo        218 0126  1.7 0746  0.2 1356  1.7 2011  0.2
27  Tu        218 0226  1.8 0845  0.2 1455  1.7 2110  0.2
28  We        218 0326  1.8 0944  0.2 1555  1.7 2210  0.1
 1  Th        318 0425  1.8 1044  0.1 1655  1.8 2309  0.1
 2  Fr        318 0523  1.9 1141  0.1 1753  1.8 9999  9.9
 3  Sa        318 0006  0.1 0620  1.9 1238  0.1 1849  1.8
 4  Su        318 0101  0.1 0715  1.9 1333  0.1 1943  1.8
 5  Mo        318 0154  0.1 0808  1.8 1425  0.1 2035  1.8
 6  Tu        318 0246  0.1 0900  1.8 1516  0.2 2125  1.7
 7  We        318 0337  0.2 0950  1.7 1604  0.2 2214  1.7
 8  Th        318 0427  0.2 1038  1.7 1652  0.3 2302  1.6
 9  Fr        318 0516  0.3 1126  1.6 1738  0.3 2350  1.6
10  Sa        318 0605  0.3 1213  1.6 1824  0.4 9999  9.9
11  Su        318 0038  1.6 0654  0.4 1259  1.5 1912  0.4
12  Mo        318 0127  1.5 0743  0.4 1347  1.5 2000  0.4
13  Tu        318 0216  1.5 0831  0.4 1435  1.5 2049  0.4
14  We        318 0304  1.5 0918  0.4 1523  1.5 2137  0.4
15  Th        318 0351  1.5 1005  0.4 1610  1.5 2224  0.4
16  Fr        318 0437  1.6 1051  0.4 1657  1.5 2310  0.4
17  Sa        318 0521  1.6 1136  0.3 1742  1.5 2354  0.3
18  Su        318 0606  1.6 1221  0.3 1827  1.6 9999  9.9
19  Mo        318 0039  0.3 0651  1.6 1306  0.3 1912  1.6
20  Tu        318 0124  0.3 0737  1.7 1352  0.3 1958  1.7
21  We        318 0211  0.2 0825  1.7 1439  0.2 2045  1.7
22  Th        318 0300  0.2 0914  1.7 1527  0.2 2134  1.7
23  Fr        318 0351  0.2 1005  1.7 1616  0.2 2225  1.7
24  Sa        318 0444  0.2 1057  1.7 1708  0.2 2318  1.7
25  Su        318 0539  0.2 1150  1.7 1801  0.2 9999  9.9
26  Mo        318 0014  1.7 0635  0.2 1246  1.7 1858  0.2
27  Tu        318 0112  1.8 0733  0.2 1343  1.7 1956  0.2
28  We        318 0211  1.8 0830  0.2 1441  1.7 2055  0.2
29  Th        318 0309  1.8 0928  0.2 1540  1.7 2154  0.2
30  Fr        318 0407  1.8 1025  0.2 1638  1.7 2251  0.1
31  Sa        318 0504  1.8 1121  0.2 1734  1.7 2346  0.1
 1  Su        418 0558  1.8 1215  0.2 1828  1.7 9999  9.9
 2  Mo        418 0040  0.1 0651  1.8 1308  0.2 1919  1.7
 3  Tu        418 0131  0.2 0743  1.7 1358  0.2 2008  1.7
 4  We        418 0221  0.2 0832  1.7 1445  0.2 2056  1.7
 5  Th        418 0310  0.2 0920  1.6 1532  0.3 2142  1.7
 6  Fr        418 0357  0.3 1006  1.6 1617  0.3 2228  1.6
 7  Sa        418 0445  0.3 1052  1.6 1701  0.4 2314  1.6
 8  Su        418 0532  0.3 1137  1.5 1747  0.4 9999  9.9
 9  Mo        418 0000  1.6 0619  0.4 1223  1.5 1833  0.4
10  Tu        418 0048  1.5 0706  0.4 1310  1.5 1921  0.4
11  We        418 0136  1.5 0752  0.4 1357  1.5 2010  0.4
12  Th        418 0223  1.5 0839  0.4 1444  1.5 2058  0.4
13  Fr        418 0310  1.5 0925  0.4 1532  1.5 2145  0.4
14  Sa        418 0356  1.6 1011  0.3 1619  1.5 2233  0.3
15  Su        418 0443  1.6 1058  0.3 1706  1.6 2320  0.3
16  Mo        418 0530  1.6 1145  0.3 1754  1.7 9999  9.9
17  Tu        418 0008  0.2 0619  1.7 1233  0.2 1842  1.7
18  We        418 0057  0.2 0709  1.7 1323  0.2 1931  1.8
19  Th        418 0148  0.2 0800  1.7 1413  0.2 2022  1.8
20  Fr        418 0240  0.1 0853  1.7 1504  0.2 2114  1.8
21  Sa        418 0334  0.1 0947  1.7 1557  0.2 2208  1.8
22  Su        418 0430  0.1 1042  1.7 1651  0.2 2303  1.8
23  Mo        418 0526  0.1 1137  1.7 1747  0.2 9999  9.9
24  Tu        418 0001  1.8 0623  0.2 1233  1.7 1844  0.2
25  We        418 0058  1.8 0720  0.2 1330  1.7 1942  0.2
26  Th        418 0156  1.7 0816  0.2 1428  1.7 2041  0.2
27  Fr        418 0254  1.7 0911  0.2 1525  1.7 2138  0.2
28  Sa        418 0349  1.7 1006  0.2 1620  1.7 2233  0.2
29  Su        418 0443  1.7 1059  0.2 1714  1.7 2326  0.2
30  Mo        418 0536  1.7 1151  0.2 1805  1.7 9999  9.9
 1  Tu        518 0018  0.2 0626  1.7 1240  0.3 1854  1.7
 2  We        518 0107  0.2 0715  1.6 1328  0.3 1940  1.7
 3  Th        518 0154  0.3 0803  1.6 1413  0.3 2025  1.7
 4  Fr        518 0241  0.3 0848  1.6 1458  0.3 2109  1.6
 5  Sa        518 0327  0.3 0933  1.5 1541  0.4 2153  1.6
 6  Su        518 0412  0.3 1018  1.5 1625  0.4 2238  1.6
 7  Mo        518 0458  0.3 1102  1.5 1710  0.4 2323  1.6
 8  Tu        518 0543  0.4 1147  1.5 1755  0.4 9999  9.9
 9  We        518 0009  1.5 0629  0.4 1233  1.5 1842  0.4
10  Th        518 0056  1.5 0714  0.4 1319  1.5 1930  0.4
11  Fr        518 0143  1.5 0800  0.4 1406  1.5 2019  0.4
12  Sa        518 0230  1.6 0845  0.3 1453  1.5 2108  0.4
13  Su        518 0317  1.6 0932  0.3 1542  1.6 2157  0.3
14  Mo        518 0406  1.6 1021  0.3 1632  1.7 2247  0.3
15  Tu        518 0456  1.7 1111  0.2 1723  1.7 2339  0.2
16  We        518 0549  1.7 1203  0.2 1814  1.8 9999  9.9
17  Th        518 0032  0.1 0642  1.7 1255  0.1 1907  1.9
18  Fr        518 0126  0.1 0737  1.8 1349  0.1 2001  1.9
19  Sa        518 0221  0.1 0833  1.8 1443  0.1 2056  1.9
20  Su        518 0318  0.1 0930  1.8 1538  0.1 2152  1.9
21  Mo        518 0415  0.1 1026  1.8 1635  0.1 2249  1.9
22  Tu        518 0512  0.1 1123  1.7 1732  0.2 2346  1.8
23  We        518 0608  0.1 1219  1.7 1830  0.2 9999  9.9
24  Th        518 0044  1.8 0704  0.2 1316  1.7 1928  0.2
25  Fr        518 0140  1.7 0759  0.2 1412  1.7 2025  0.2
26  Sa        518 0236  1.7 0853  0.2 1508  1.7 2121  0.3
27  Su        518 0329  1.7 0945  0.3 1601  1.7 2214  0.3
28  Mo        518 0421  1.6 1036  0.3 1652  1.7 2305  0.3
29  Tu        518 0511  1.6 1125  0.3 1741  1.7 2354  0.3
30  We        518 0600  1.6 1212  0.3 1827  1.7 9999  9.9
31  Th        518 0041  0.3 0647  1.6 1257  0.3 1911  1.6
 1  Fr        618 0127  0.3 0732  1.5 1341  0.3 1954  1.6
 2  Sa        618 0211  0.3 0817  1.5 1424  0.4 2037  1.6
 3  Su        618 0256  0.3 0900  1.5 1507  0.4 2119  1.6
 4  Mo        618 0340  0.3 0944  1.5 1549  0.4 2202  1.6
 5  Tu        618 0424  0.3 1027  1.5 1633  0.4 2247  1.6
 6  We        618 0508  0.4 1111  1.5 1718  0.4 2331  1.6
 7  Th        618 0552  0.4 1156  1.5 1804  0.4 9999  9.9
 8  Fr        618 0017  1.6 0636  0.4 1241  1.5 1852  0.4
 9  Sa        618 0104  1.6 0721  0.3 1329  1.5 1942  0.4
10  Su        618 0152  1.6 0808  0.3 1418  1.6 2033  0.3
11  Mo        618 0242  1.6 0857  0.3 1509  1.7 2125  0.3
12  Tu        618 0333  1.7 0948  0.2 1601  1.7 2218  0.2
13  We        618 0427  1.7 1041  0.2 1655  1.8 2313  0.1
14  Th        618 0522  1.7 1136  0.1 1750  1.9 9999  9.9
15  Fr        618 0009  0.1 0619  1.8 1231  0.1 1845  1.9
16  Sa        618 0105  0.0 0716  1.8 1327  0.0 1941  2.0
17  Su        618 0202  0.0 0814  1.8 1423  0.0 2037  2.0
18  Mo        618 0300  0.0 0911  1.8 1520  0.1 2134  1.9
19  Tu        618 0357  0.0 1008  1.8 1617  0.1 2232  1.9
20  We        618 0454  0.1 1105  1.8 1714  0.1 2329  1.8
21  Th        618 0550  0.1 1201  1.7 1812  0.2 9999  9.9
22  Fr        618 0026  1.8 0645  0.2 1258  1.7 1909  0.2
23  Sa        618 0121  1.7 0738  0.2 1353  1.7 2006  0.3
24  Su        618 0215  1.6 0830  0.3 1447  1.6 2100  0.3
25  Mo        618 0306  1.6 0921  0.3 1539  1.6 2152  0.3
26  Tu        618 0357  1.6 1010  0.3 1628  1.6 2241  0.3
27  We        618 0445  1.5 1058  0.3 1715  1.6 2328  0.3
28  Th        618 0532  1.5 1144  0.3 1759  1.6 9999  9.9
29  Fr        618 0014  0.3 0618  1.5 1228  0.4 1842  1.6
30  Sa        618 0058  0.3 0702  1.5 1310  0.4 1924  1.6
 1  Su        718 0142  0.3 0746  1.5 1352  0.4 2005  1.6
 2  Mo        718 0225  0.3 0828  1.5 1434  0.4 2047  1.6
 3  Tu        718 0308  0.3 0911  1.5 1516  0.4 2129  1.6
 4  We        718 0350  0.3 0953  1.5 1559  0.4 2212  1.6
 5  Th        718 0433  0.3 1036  1.5 1643  0.4 2256  1.6
 6  Fr        718 0516  0.3 1120  1.5 1729  0.4 2342  1.6
 7  Sa        718 0600  0.3 1206  1.5 1818  0.4 9999  9.9
 8  Su        718 0029  1.6 0646  0.3 1254  1.6 1909  0.4
 9  Mo        718 0119  1.6 0734  0.3 1346  1.6 2003  0.3
10  Tu        718 0211  1.6 0826  0.2 1440  1.7 2058  0.2
11  We        718 0306  1.7 0920  0.2 1535  1.8 2154  0.2
12  Th        718 0402  1.7 1016  0.1 1631  1.9 2250  0.1
13  Fr        718 0500  1.8 1113  0.1 1728  1.9 2348  0.1
14  Sa        718 0558  1.8 1210  0.0 1825  2.0 9999  9.9
15  Su        718 0046  0.0 0656  1.8 1307  0.0 1921  2.0
16  Mo        718 0143  0.0 0754  1.8 1404  0.0 2018  2.0
17  Tu        718 0240  0.0 0851  1.8 1500  0.0 2115  1.9
18  We        718 0337  0.0 0948  1.8 1557  0.1 2212  1.9
19  Th        718 0432  0.1 1043  1.8 1654  0.1 2308  1.8
20  Fr        718 0527  0.1 1139  1.7 1750  0.2 9999  9.9
21  Sa        718 0003  1.7 0620  0.2 1234  1.7 1847  0.3
22  Su        718 0057  1.7 0712  0.3 1328  1.6 1942  0.3
23  Mo        718 0149  1.6 0803  0.3 1421  1.6 2035  0.3
24  Tu        718 0240  1.5 0853  0.3 1512  1.6 2126  0.4
25  We        718 0329  1.5 0942  0.4 1600  1.6 2214  0.4
26  Th        718 0417  1.5 1029  0.4 1646  1.6 2300  0.4
27  Fr        718 0504  1.5 1115  0.4 1730  1.6 2345  0.4
28  Sa        718 0549  1.5 1158  0.4 1812  1.6 9999  9.9
29  Su        718 0029  0.3 0633  1.5 1241  0.4 1853  1.6
30  Mo        718 0111  0.3 0715  1.5 1322  0.4 1934  1.6
31  Tu        718 0154  0.3 0757  1.5 1403  0.4 2015  1.6
 1  We        818 0235  0.3 0839  1.5 1445  0.4 2057  1.6
 2  Th        818 0317  0.3 0920  1.5 1527  0.4 2140  1.6
 3  Fr        818 0359  0.3 1003  1.5 1612  0.4 2225  1.6
 4  Sa        818 0442  0.3 1047  1.6 1659  0.4 2311  1.6
 5  Su        818 0527  0.3 1135  1.6 1749  0.3 9999  9.9
 6  Mo        818 0000  1.6 0615  0.3 1225  1.6 1842  0.3
 7  Tu        818 0052  1.6 0706  0.3 1319  1.7 1938  0.3
 8  We        818 0146  1.6 0800  0.2 1415  1.7 2035  0.2
 9  Th        818 0243  1.7 0857  0.2 1513  1.8 2133  0.2
10  Fr        818 0341  1.7 0955  0.1 1611  1.9 2231  0.1
11  Sa        818 0440  1.8 1053  0.1 1709  1.9 2329  0.1
12  Su        818 0539  1.8 1151  0.0 1806  2.0 9999  9.9
13  Mo        818 0026  0.0 0638  1.8 1248  0.0 1902  2.0
14  Tu        818 0123  0.0 0734  1.9 1344  0.0 1958  2.0
15  We        818 0219  0.0 0830  1.8 1440  0.0 2054  1.9
16  Th        818 0314  0.1 0925  1.8 1535  0.1 2149  1.8
17  Fr        818 0407  0.1 1019  1.8 1630  0.2 2243  1.8
18  Sa        818 0459  0.2 1112  1.7 1725  0.2 2336  1.7
19  Su        818 0550  0.2 1205  1.7 1819  0.3 9999  9.9
20  Mo        818 0027  1.6 0641  0.3 1257  1.6 1913  0.3
21  Tu        818 0118  1.5 0731  0.3 1349  1.6 2005  0.4
22  We        818 0208  1.5 0821  0.4 1440  1.6 2055  0.4
23  Th        818 0258  1.5 0910  0.4 1529  1.6 2143  0.4
24  Fr        818 0346  1.5 0958  0.4 1615  1.6 2229  0.4
25  Sa        818 0433  1.5 1044  0.4 1659  1.6 2314  0.4
26  Su        818 0519  1.5 1128  0.4 1741  1.6 2358  0.3
27  Mo        818 0603  1.5 1211  0.4 1823  1.6 9999  9.9
28  Tu        818 0040  0.3 0645  1.5 1252  0.3 1904  1.6
29  We        818 0122  0.3 0726  1.6 1334  0.3 1945  1.6
30  Th        818 0204  0.3 0808  1.6 1416  0.3 2028  1.6
31  Fr        818 0246  0.3 0850  1.6 1500  0.3 2112  1.6
 1  Sa        918 0328  0.3 0934  1.6 1546  0.3 2158  1.6
 2  Su        918 0413  0.3 1020  1.6 1635  0.3 2246  1.6
 3  Mo        918 0500  0.3 1109  1.7 1727  0.3 2337  1.6
 4  Tu        918 0549  0.3 1202  1.7 1822  0.3 9999  9.9
 5  We        918 0031  1.6 0643  0.2 1257  1.7 1919  0.2
 6  Th        918 0127  1.6 0739  0.2 1356  1.8 2017  0.2
 7  Fr        918 0225  1.7 0838  0.2 1455  1.8 2115  0.2
 8  Sa        918 0324  1.7 0938  0.1 1553  1.9 2213  0.1
 9  Su        918 0424  1.8 1036  0.1 1651  1.9 2311  0.1
10  Mo        918 0522  1.8 1134  0.1 1748  1.9 9999  9.9
11  Tu        918 0007  0.0 0619  1.8 1230  0.0 1843  1.9
12  We        918 0103  0.0 0715  1.8 1325  0.0 1938  1.9
13  Th        918 0156  0.1 0808  1.8 1419  0.1 2031  1.8
14  Fr        918 0248  0.1 0900  1.8 1512  0.1 2123  1.8
15  Sa        918 0339  0.1 0951  1.8 1604  0.2 2215  1.7
16  Su        918 0428  0.2 1042  1.7 1657  0.2 2305  1.6
17  Mo        918 0517  0.3 1132  1.6 1748  0.3 2354  1.6
18  Tu        918 0606  0.3 1223  1.6 1840  0.3 9999  9.9
19  We        918 0044  1.5 0655  0.4 1313  1.6 1930  0.4
20  Th        918 0133  1.5 0745  0.4 1403  1.6 2020  0.4
21  Fr        918 0223  1.5 0835  0.4 1452  1.6 2108  0.4
22  Sa        918 0312  1.5 0924  0.4 1539  1.6 2155  0.4
23  Su        918 0400  1.5 1011  0.4 1624  1.6 2240  0.4
24  Mo        918 0446  1.5 1056  0.4 1707  1.6 2324  0.3
25  Tu        918 0530  1.5 1140  0.4 1750  1.6 9999  9.9
26  We        918 0007  0.3 0613  1.6 1223  0.3 1833  1.6
27  Th        918 0049  0.3 0656  1.6 1306  0.3 1916  1.6
28  Fr        918 0132  0.3 0739  1.6 1350  0.3 2001  1.7
29  Sa        918 0216  0.2 0823  1.7 1436  0.3 2047  1.7
30  Su        918 0301  0.2 0909  1.7 1525  0.2 2136  1.7
 1  Mo       1018 0348  0.2 0958  1.7 1616  0.2 2226  1.7
 2  Tu       1018 0437  0.2 1049  1.7 1710  0.2 2319  1.6
 3  We       1018 0529  0.2 1143  1.7 1806  0.2 9999  9.9
 4  Th       1018 0014  1.6 0625  0.2 1241  1.7 1903  0.2
 5  Fr       1018 0111  1.6 0723  0.2 1339  1.8 2001  0.2
 6  Sa       1018 0210  1.7 0822  0.2 1439  1.8 2059  0.2
 7  Su       1018 0310  1.7 0922  0.2 1537  1.8 2157  0.1
 8  Mo       1018 0409  1.7 1021  0.1 1634  1.8 2253  0.1
 9  Tu       1018 0506  1.8 1118  0.1 1729  1.8 2348  0.1
10  We       1018 0601  1.8 1212  0.1 1824  1.8 9999  9.9
11  Th       1018 0041  0.1 0654  1.8 1305  0.1 1916  1.8
12  Fr       1018 0133  0.1 0745  1.8 1357  0.1 2007  1.8
13  Sa       1018 0222  0.2 0835  1.8 1448  0.2 2057  1.7
14  Su       1018 0310  0.2 0923  1.7 1537  0.2 2145  1.6
15  Mo       1018 0356  0.2 1010  1.7 1627  0.3 2233  1.6
16  Tu       1018 0442  0.3 1057  1.6 1716  0.3 2320  1.5
17  We       1018 0529  0.3 1145  1.6 1804  0.4 9999  9.9
18  Th       1018 0007  1.5 0617  0.4 1234  1.6 1853  0.4
19  Fr       1018 0056  1.5 0706  0.4 1323  1.5 1942  0.4
20  Sa       1018 0145  1.5 0756  0.4 1412  1.5 2030  0.4
21  Su       1018 0234  1.5 0846  0.4 1459  1.5 2116  0.4
22  Mo       1018 0323  1.5 0934  0.4 1546  1.6 2202  0.4
23  Tu       1018 0410  1.5 1021  0.4 1631  1.6 2247  0.3
24  We       1018 0455  1.6 1106  0.3 1716  1.6 2332  0.3
25  Th       1018 0541  1.6 1152  0.3 1801  1.6 9999  9.9
26  Fr       1018 0017  0.3 0626  1.7 1238  0.3 1848  1.7
27  Sa       1018 0103  0.2 0712  1.7 1326  0.2 1936  1.7
28  Su       1018 0149  0.2 0759  1.8 1415  0.2 2026  1.7
29  Mo       1018 0238  0.2 0848  1.8 1507  0.2 2117  1.7
30  Tu       1018 0327  0.2 0939  1.8 1600  0.2 2210  1.7
31  We       1018 0419  0.2 1033  1.8 1655  0.2 2304  1.7
 1  Th       1118 0513  0.2 1129  1.8 1752  0.2 9999  9.9
 2  Fr       1118 0000  1.7 0610  0.2 1226  1.8 1849  0.2
 3  Sa       1118 0057  1.7 0708  0.2 1325  1.8 1946  0.2
 4  Su       1118 0156  1.7 0808  0.2 1423  1.8 2043  0.2
 5  Mo       1118 0255  1.7 0908  0.2 1520  1.8 2140  0.2
 6  Tu       1118 0353  1.7 1005  0.2 1616  1.8 2235  0.2
 7  We       1118 0449  1.7 1101  0.2 1711  1.7 2328  0.2
 8  Th       1118 0543  1.7 1154  0.2 1803  1.7 9999  9.9
 9  Fr       1118 0019  0.2 0634  1.8 1245  0.2 1854  1.7
10  Sa       1118 0108  0.2 0722  1.7 1335  0.2 1942  1.7
11  Su       1118 0155  0.2 0809  1.7 1423  0.2 2030  1.6
12  Mo       1118 0240  0.2 0854  1.7 1510  0.3 2115  1.6
13  Tu       1118 0324  0.3 0939  1.7 1556  0.3 2200  1.5
14  We       1118 0408  0.3 1023  1.6 1643  0.3 2245  1.5
15  Th       1118 0453  0.4 1109  1.6 1729  0.4 2331  1.5
16  Fr       1118 0538  0.4 1155  1.6 1815  0.4 9999  9.9
17  Sa       1118 0017  1.5 0626  0.4 1242  1.6 1902  0.4
18  Su       1118 0105  1.5 0715  0.4 1330  1.5 1948  0.4
19  Mo       1118 0153  1.5 0805  0.4 1417  1.5 2035  0.4
20  Tu       1118 0242  1.5 0854  0.4 1505  1.6 2122  0.4
21  We       1118 0330  1.5 0943  0.4 1552  1.6 2209  0.3
22  Th       1118 0419  1.6 1032  0.3 1640  1.6 2256  0.3
23  Fr       1118 0507  1.7 1121  0.3 1730  1.7 2345  0.2
24  Sa       1118 0556  1.7 1211  0.2 1820  1.7 9999  9.9
25  Su       1118 0034  0.2 0646  1.8 1303  0.2 1912  1.7
26  Mo       1118 0125  0.1 0737  1.9 1356  0.1 2006  1.8
27  Tu       1118 0216  0.1 0829  1.9 1450  0.1 2059  1.8
28  We       1118 0309  0.1 0923  1.9 1545  0.1 2154  1.7
29  Th       1118 0403  0.1 1018  1.9 1641  0.1 2249  1.7
30  Fr       1118 0458  0.1 1114  1.8 1737  0.1 2346  1.7
 1  Sa       1218 0555  0.2 1212  1.8 1833  0.2 9999  9.9
 2  Su       1218 0043  1.7 0654  0.2 1309  1.8 1930  0.2
 3  Mo       1218 0141  1.7 0753  0.2 1406  1.7 2025  0.2
 4  Tu       1218 0239  1.7 0851  0.2 1502  1.7 2120  0.2
 5  We       1218 0336  1.7 0948  0.3 1557  1.7 2214  0.2
 6  Th       1218 0431  1.7 1042  0.3 1650  1.6 2306  0.2
 7  Fr       1218 0523  1.7 1134  0.3 1741  1.6 2356  0.3
 8  Sa       1218 0612  1.7 1224  0.3 1830  1.6 9999  9.9
 9  Su       1218 0043  0.3 0658  1.7 1311  0.3 1917  1.6
10  Mo       1218 0128  0.3 0742  1.7 1358  0.3 2002  1.6
11  Tu       1218 0211  0.3 0826  1.7 1442  0.3 2046  1.5
12  We       1218 0254  0.3 0908  1.6 1527  0.3 2129  1.5
13  Th       1218 0336  0.3 0951  1.6 1610  0.3 2212  1.5
14  Fr       1218 0418  0.4 1034  1.6 1654  0.4 2255  1.5
15  Sa       1218 0502  0.4 1118  1.6 1738  0.4 2339  1.5
16  Su       1218 0548  0.4 1203  1.6 1822  0.4 9999  9.9
17  Mo       1218 0025  1.5 0635  0.4 1249  1.5 1907  0.4
18  Tu       1218 0112  1.5 0724  0.4 1336  1.6 1953  0.4
19  We       1218 0201  1.5 0814  0.4 1424  1.6 2041  0.3
20  Th       1218 0251  1.6 0906  0.4 1514  1.6 2131  0.3
21  Fr       1218 0343  1.6 0958  0.3 1606  1.6 2222  0.2
22  Sa       1218 0436  1.7 1051  0.2 1700  1.7 2315  0.2
23  Su       1218 0529  1.8 1146  0.2 1755  1.7 9999  9.9
24  Mo       1218 0009  0.1 0622  1.9 1241  0.1 1850  1.8
25  Tu       1218 0103  0.1 0717  1.9 1336  0.1 1946  1.8
26  We       1218 0157  0.0 0811  1.9 1432  0.0 2042  1.8
27  Th       1218 0252  0.0 0907  1.9 1528  0.0 2137  1.8
28  Fr       1218 0347  0.0 1003  1.9 1624  0.1 2233  1.8
29  Sa       1218 0443  0.1 1059  1.9 1720  0.1 2329  1.7
30  Su       1218 0540  0.1 1155  1.8 1815  0.2 9999  9.9
31  Mo       1218 0025  1.7 0637  0.2 1251  1.7 1910  0.2
