102Port Ohope Wharf
Based on data from  1-Jul-2007
Local Std Time, tidal heights in metres.
 1  Su        117 0253  0.2 0946  1.9 1526  0.3 2156  1.8
 2  Mo        117 0336  0.2 1026  1.9 1610  0.3 2237  1.8
 3  Tu        117 0421  0.2 1108  1.9 1655  0.2 2321  1.8
 4  We        117 0508  0.2 1151  1.9 1742  0.2 9999  9.9
 5  Th        117 0008  1.8 0557  0.2 1238  1.9 1831  0.2
 6  Fr        117 0059  1.8 0649  0.2 1329  1.9 1923  0.2
 7  Sa        117 0155  1.8 0744  0.3 1424  1.9 2017  0.2
 8  Su        117 0257  1.8 0843  0.3 1522  1.9 2114  0.2
 9  Mo        117 0400  1.8 0945  0.3 1623  1.9 2213  0.1
10  Tu        117 0502  1.9 1046  0.3 1723  1.9 2312  0.1
11  We        117 0601  1.9 1146  0.2 1821  1.9 9999  9.9
12  Th        117 0009  0.1 0657  2.0 1243  0.2 1918  1.9
13  Fr        117 0104  0.0 0751  2.0 1338  0.1 2012  2.0
14  Sa        117 0157  0.0 0843  2.1 1430  0.1 2105  2.0
15  Su        117 0248  0.0 0933  2.1 1521  0.1 2156  1.9
16  Mo        117 0337  0.1 1022  2.0 1610  0.1 2245  1.9
17  Tu        117 0425  0.1 1111  2.0 1658  0.2 2335  1.9
18  We        117 0513  0.2 1158  1.9 1745  0.2 9999  9.9
19  Th        117 0024  1.8 0601  0.3 1246  1.9 1832  0.3
20  Fr        117 0114  1.7 0650  0.4 1333  1.8 1919  0.4
21  Sa        117 0205  1.7 0740  0.5 1421  1.7 2006  0.4
22  Su        117 0258  1.6 0832  0.5 1511  1.7 2055  0.5
23  Mo        117 0351  1.6 0926  0.6 1601  1.6 2145  0.5
24  Tu        117 0443  1.6 1020  0.6 1653  1.6 2235  0.5
25  We        117 0534  1.7 1111  0.6 1744  1.6 2324  0.4
26  Th        117 0623  1.7 1159  0.5 1833  1.7 9999  9.9
27  Fr        117 0012  0.4 0709  1.8 1246  0.4 1920  1.7
28  Sa        117 0058  0.3 0754  1.8 1331  0.4 2006  1.8
29  Su        117 0143  0.3 0837  1.9 1415  0.3 2050  1.8
30  Mo        117 0228  0.2 0919  1.9 1500  0.2 2134  1.8
31  Tu        117 0314  0.2 1002  1.9 1546  0.2 2218  1.8
 1  We        217 0401  0.1 1046  2.0 1632  0.1 2304  1.9
 2  Th        217 0449  0.1 1131  2.0 1720  0.1 2352  1.9
 3  Fr        217 0538  0.2 1219  1.9 1809  0.1 9999  9.9
 4  Sa        217 0044  1.8 0631  0.2 1310  1.9 1901  0.1
 5  Su        217 0140  1.8 0726  0.2 1405  1.9 1955  0.2
 6  Mo        217 0240  1.8 0824  0.3 1503  1.8 2052  0.2
 7  Tu        217 0342  1.8 0925  0.3 1604  1.8 2151  0.2
 8  We        217 0443  1.8 1027  0.3 1705  1.8 2251  0.2
 9  Th        217 0542  1.9 1127  0.3 1804  1.9 2349  0.2
10  Fr        217 0637  1.9 1224  0.2 1900  1.9 9999  9.9
11  Sa        217 0045  0.1 0730  2.0 1318  0.2 1954  1.9
12  Su        217 0137  0.1 0821  2.0 1409  0.2 2045  1.9
13  Mo        217 0227  0.1 0910  2.0 1458  0.2 2134  1.9
14  Tu        217 0315  0.1 0957  2.0 1545  0.2 2221  1.9
15  We        217 0402  0.2 1043  2.0 1630  0.2 2308  1.8
16  Th        217 0447  0.2 1128  1.9 1714  0.3 2354  1.8
17  Fr        217 0532  0.3 1212  1.8 1757  0.3 9999  9.9
18  Sa        217 0040  1.7 0617  0.4 1256  1.8 1840  0.4
19  Su        217 0128  1.7 0703  0.5 1341  1.7 1923  0.4
20  Mo        217 0218  1.6 0751  0.5 1428  1.6 2010  0.5
21  Tu        217 0310  1.6 0842  0.6 1518  1.6 2059  0.5
22  We        217 0403  1.6 0935  0.6 1612  1.6 2151  0.5
23  Th        217 0456  1.7 1029  0.5 1706  1.6 2244  0.4
24  Fr        217 0546  1.7 1121  0.5 1759  1.7 2336  0.4
25  Sa        217 0634  1.8 1211  0.4 1849  1.7 9999  9.9
26  Su        217 0027  0.3 0720  1.8 1259  0.3 1938  1.8
27  Mo        217 0116  0.2 0806  1.9 1347  0.2 2025  1.8
28  Tu        217 0204  0.2 0851  1.9 1434  0.2 2111  1.9
 1  We        317 0252  0.1 0937  2.0 1522  0.1 2158  1.9
 2  Th        317 0341  0.1 1023  2.0 1609  0.1 2246  1.9
 3  Fr        317 0430  0.1 1111  2.0 1658  0.0 2336  1.9
 4  Sa        317 0521  0.1 1201  2.0 1748  0.1 9999  9.9
 5  Su        317 0029  1.9 0614  0.2 1253  1.9 1840  0.1
 6  Mo        317 0125  1.9 0709  0.2 1348  1.9 1934  0.2
 7  Tu        317 0224  1.9 0807  0.3 1447  1.8 2031  0.2
 8  We        317 0324  1.8 0907  0.3 1548  1.8 2131  0.2
 9  Th        317 0424  1.8 1008  0.3 1649  1.8 2231  0.3
10  Fr        317 0521  1.9 1107  0.3 1747  1.8 2330  0.2
11  Sa        317 0616  1.9 1203  0.3 1842  1.8 9999  9.9
12  Su        317 0026  0.2 0708  1.9 1256  0.2 1934  1.9
13  Mo        317 0118  0.2 0757  1.9 1346  0.2 2023  1.9
14  Tu        317 0206  0.2 0844  1.9 1432  0.2 2110  1.9
15  We        317 0253  0.2 0929  1.9 1517  0.2 2155  1.9
16  Th        317 0337  0.2 1014  1.9 1559  0.2 2240  1.8
17  Fr        317 0420  0.3 1056  1.8 1641  0.3 2323  1.8
18  Sa        317 0503  0.3 1138  1.8 1721  0.3 9999  9.9
19  Su        317 0007  1.8 0545  0.4 1219  1.7 1801  0.4
20  Mo        317 0051  1.7 0628  0.5 1301  1.7 1843  0.4
21  Tu        317 0137  1.7 0714  0.5 1344  1.6 1928  0.5
22  We        317 0227  1.6 0803  0.5 1432  1.6 2017  0.5
23  Th        317 0319  1.6 0855  0.5 1527  1.6 2110  0.5
24  Fr        317 0412  1.7 0949  0.5 1626  1.6 2206  0.4
25  Sa        317 0505  1.7 1043  0.4 1723  1.7 2302  0.4
26  Su        317 0556  1.8 1137  0.4 1817  1.7 2357  0.3
27  Mo        317 0645  1.8 1228  0.3 1909  1.8 9999  9.9
28  Tu        317 0049  0.2 0734  1.9 1318  0.2 1959  1.9
29  We        317 0141  0.1 0823  2.0 1408  0.1 2048  2.0
30  Th        317 0231  0.1 0911  2.0 1457  0.0 2137  2.0
31  Fr        317 0322  0.0 1000  2.0 1546  0.0 2228  2.0
 1  Sa        417 0412  0.0 1051  2.0 1636  0.0 2319  2.0
 2  Su        417 0504  0.1 1143  2.0 1727  0.0 9999  9.9
 3  Mo        417 0013  2.0 0558  0.1 1236  1.9 1819  0.1
 4  Tu        417 0109  1.9 0653  0.2 1333  1.9 1914  0.2
 5  We        417 0207  1.9 0750  0.3 1432  1.8 2011  0.3
 6  Th        417 0305  1.9 0849  0.3 1532  1.8 2111  0.3
 7  Fr        417 0403  1.8 0949  0.3 1631  1.8 2212  0.3
 8  Sa        417 0459  1.8 1046  0.3 1728  1.8 2311  0.3
 9  Su        417 0552  1.8 1141  0.3 1821  1.8 9999  9.9
10  Mo        417 0006  0.3 0642  1.9 1232  0.3 1911  1.8
11  Tu        417 0056  0.3 0730  1.9 1320  0.3 1959  1.9
12  We        417 0144  0.3 0816  1.9 1405  0.3 2044  1.9
13  Th        417 0228  0.3 0900  1.8 1447  0.3 2128  1.9
14  Fr        417 0311  0.3 0943  1.8 1528  0.3 2211  1.8
15  Sa        417 0353  0.3 1025  1.8 1607  0.3 2254  1.8
16  Su        417 0433  0.4 1105  1.7 1646  0.3 2335  1.8
17  Mo        417 0514  0.4 1144  1.7 1726  0.4 9999  9.9
18  Tu        417 0016  1.7 0557  0.4 1224  1.7 1808  0.4
19  We        417 0059  1.7 0641  0.5 1305  1.6 1853  0.4
20  Th        417 0144  1.7 0729  0.5 1352  1.6 1942  0.4
21  Fr        417 0234  1.7 0820  0.5 1447  1.6 2035  0.4
22  Sa        417 0328  1.7 0914  0.4 1547  1.6 2132  0.4
23  Su        417 0423  1.7 1009  0.4 1648  1.7 2230  0.4
24  Mo        417 0517  1.8 1104  0.3 1745  1.8 2328  0.3
25  Tu        417 0611  1.9 1158  0.2 1840  1.9 9999  9.9
26  We        417 0023  0.2 0703  1.9 1251  0.1 1933  2.0
27  Th        417 0117  0.1 0755  2.0 1342  0.0 2025  2.0
28  Fr        417 0210  0.1 0847  2.0 1433  0.0 2116  2.1
29  Sa        417 0302  0.0 0938  2.0 1524 -0.1 2208  2.1
30  Su        417 0354  0.0 1031  2.0 1615  0.0 2301  2.1
 1  Mo        517 0447  0.1 1124  2.0 1706  0.0 2355  2.0
 2  Tu        517 0540  0.1 1219  1.9 1759  0.1 9999  9.9
 3  We        517 0050  2.0 0635  0.2 1316  1.9 1854  0.2
 4  Th        517 0147  1.9 0731  0.2 1414  1.8 1951  0.3
 5  Fr        517 0244  1.9 0829  0.3 1513  1.8 2050  0.4
 6  Sa        517 0339  1.8 0926  0.3 1611  1.7 2151  0.4
 7  Su        517 0433  1.8 1022  0.3 1706  1.8 2249  0.4
 8  Mo        517 0524  1.8 1116  0.3 1757  1.8 2343  0.4
 9  Tu        517 0614  1.8 1205  0.3 1846  1.8 9999  9.9
10  We        517 0033  0.4 0701  1.8 1252  0.3 1933  1.8
11  Th        517 0119  0.4 0746  1.8 1335  0.3 2018  1.8
12  Fr        517 0202  0.3 0831  1.8 1416  0.3 2101  1.8
13  Sa        517 0244  0.4 0913  1.8 1455  0.3 2143  1.8
14  Su        517 0324  0.4 0955  1.7 1534  0.3 2225  1.8
15  Mo        517 0405  0.4 1034  1.7 1613  0.3 2305  1.8
16  Tu        517 0445  0.4 1113  1.7 1654  0.3 2344  1.8
17  We        517 0528  0.4 1152  1.7 1737  0.4 9999  9.9
18  Th        517 0025  1.7 0612  0.4 1234  1.6 1822  0.4
19  Fr        517 0108  1.7 0700  0.4 1321  1.6 1912  0.4
20  Sa        517 0156  1.7 0750  0.4 1414  1.6 2005  0.4
21  Su        517 0249  1.7 0843  0.3 1514  1.7 2102  0.4
22  Mo        517 0345  1.8 0938  0.3 1616  1.7 2202  0.3
23  Tu        517 0443  1.8 1034  0.2 1716  1.8 2301  0.3
24  We        517 0539  1.9 1130  0.1 1814  1.9 2359  0.2
25  Th        517 0635  1.9 1224  0.0 1909  2.0 9999  9.9
26  Fr        517 0055  0.1 0729  2.0 1318  0.0 2003  2.1
27  Sa        517 0149  0.1 0824  2.0 1410 -0.1 2056  2.1
28  Su        517 0243  0.0 0917  2.0 1502 -0.1 2148  2.1
29  Mo        517 0335  0.0 1011  2.0 1554  0.0 2241  2.1
30  Tu        517 0428  0.1 1105  2.0 1645  0.0 2335  2.1
31  We        517 0521  0.1 1200  1.9 1738  0.1 9999  9.9
 1  Th        617 0029  2.0 0615  0.2 1256  1.9 1832  0.2
 2  Fr        617 0123  1.9 0709  0.2 1352  1.8 1928  0.3
 3  Sa        617 0218  1.9 0804  0.3 1449  1.8 2026  0.4
 4  Su        617 0311  1.8 0859  0.3 1545  1.7 2125  0.4
 5  Mo        617 0403  1.8 0954  0.4 1638  1.7 2223  0.5
 6  Tu        617 0454  1.8 1046  0.4 1729  1.7 2316  0.5
 7  We        617 0543  1.7 1135  0.4 1818  1.8 9999  9.9
 8  Th        617 0006  0.4 0630  1.7 1221  0.3 1905  1.8
 9  Fr        617 0051  0.4 0716  1.7 1303  0.3 1950  1.8
10  Sa        617 0134  0.4 0801  1.7 1344  0.3 2033  1.8
11  Su        617 0216  0.4 0844  1.7 1424  0.3 2115  1.8
12  Mo        617 0256  0.4 0926  1.7 1504  0.3 2156  1.8
13  Tu        617 0337  0.4 1006  1.7 1544  0.3 2236  1.8
14  We        617 0418  0.4 1045  1.7 1626  0.3 2315  1.8
15  Th        617 0501  0.3 1126  1.7 1710  0.3 2355  1.8
16  Fr        617 0545  0.3 1208  1.7 1756  0.3 9999  9.9
17  Sa        617 0039  1.8 0632  0.3 1255  1.7 1846  0.3
18  Su        617 0126  1.8 0722  0.3 1348  1.7 1939  0.3
19  Mo        617 0218  1.8 0815  0.2 1447  1.7 2037  0.3
20  Tu        617 0314  1.8 0910  0.2 1549  1.8 2136  0.3
21  We        617 0413  1.8 1007  0.1 1651  1.8 2237  0.3
22  Th        617 0512  1.9 1104  0.1 1750  1.9 2336  0.2
23  Fr        617 0610  1.9 1200  0.0 1847  2.0 9999  9.9
24  Sa        617 0034  0.1 0707  2.0 1255  0.0 1942  2.1
25  Su        617 0129  0.1 0803  2.0 1349 -0.1 2035  2.1
26  Mo        617 0223  0.0 0857  2.0 1441 -0.1 2128  2.1
27  Tu        617 0316  0.0 0951  2.0 1533  0.0 2220  2.1
28  We        617 0408  0.1 1045  2.0 1624  0.1 2312  2.1
29  Th        617 0459  0.1 1138  1.9 1716  0.1 9999  9.9
30  Fr        617 0004  2.0 0551  0.2 1231  1.9 1808  0.2
 1  Sa        717 0056  1.9 0642  0.2 1325  1.8 1902  0.3
 2  Su        717 0147  1.9 0734  0.3 1420  1.7 1957  0.4
 3  Mo        717 0239  1.8 0826  0.3 1514  1.7 2054  0.5
 4  Tu        717 0330  1.7 0919  0.4 1607  1.7 2150  0.5
 5  We        717 0420  1.7 1010  0.4 1658  1.7 2244  0.5
 6  Th        717 0510  1.7 1100  0.4 1748  1.7 2335  0.5
 7  Fr        717 0559  1.7 1146  0.4 1835  1.8 9999  9.9
 8  Sa        717 0021  0.5 0646  1.7 1230  0.4 1921  1.8
 9  Su        717 0104  0.4 0732  1.7 1312  0.3 2004  1.8
10  Mo        717 0146  0.4 0816  1.7 1354  0.3 2047  1.9
11  Tu        717 0227  0.4 0858  1.7 1435  0.3 2127  1.9
12  We        717 0308  0.3 0940  1.7 1517  0.3 2207  1.9
13  Th        717 0351  0.3 1020  1.7 1601  0.3 2247  1.9
14  Fr        717 0434  0.3 1102  1.7 1646  0.3 2329  1.9
15  Sa        717 0520  0.2 1146  1.7 1733  0.3 9999  9.9
16  Su        717 0013  1.8 0607  0.2 1234  1.8 1823  0.3
17  Mo        717 0100  1.8 0657  0.2 1326  1.8 1917  0.3
18  Tu        717 0153  1.8 0749  0.2 1425  1.8 2014  0.3
19  We        717 0249  1.8 0844  0.2 1527  1.8 2114  0.3
20  Th        717 0349  1.8 0942  0.1 1629  1.9 2215  0.3
21  Fr        717 0450  1.9 1040  0.1 1729  1.9 2316  0.2
22  Sa        717 0550  1.9 1138  0.1 1826  2.0 9999  9.9
23  Su        717 0014  0.2 0648  1.9 1234  0.0 1921  2.1
24  Mo        717 0109  0.1 0744  2.0 1329  0.0 2014  2.1
25  Tu        717 0203  0.1 0838  2.0 1421  0.0 2106  2.1
26  We        717 0255  0.1 0931  2.0 1512  0.0 2157  2.1
27  Th        717 0345  0.1 1022  2.0 1602  0.1 2246  2.0
28  Fr        717 0435  0.1 1113  1.9 1652  0.2 2336  2.0
29  Sa        717 0523  0.2 1203  1.9 1742  0.3 9999  9.9
30  Su        717 0024  1.9 0611  0.2 1254  1.8 1832  0.3
31  Mo        717 0113  1.8 0700  0.3 1346  1.7 1924  0.4
 1  Tu        817 0203  1.8 0748  0.4 1439  1.7 2017  0.5
 2  We        817 0253  1.7 0838  0.4 1532  1.7 2112  0.5
 3  Th        817 0344  1.7 0929  0.4 1624  1.7 2206  0.5
 4  Fr        817 0435  1.6 1019  0.4 1715  1.7 2258  0.5
 5  Sa        817 0526  1.6 1108  0.4 1803  1.8 2346  0.5
 6  Su        817 0615  1.7 1155  0.4 1849  1.8 9999  9.9
 7  Mo        817 0031  0.4 0703  1.7 1240  0.3 1934  1.8
 8  Tu        817 0114  0.4 0748  1.7 1324  0.3 2016  1.9
 9  We        817 0157  0.3 0832  1.8 1408  0.3 2058  1.9
10  Th        817 0240  0.3 0914  1.8 1453  0.2 2139  1.9
11  Fr        817 0324  0.2 0957  1.8 1538  0.2 2221  1.9
12  Sa        817 0409  0.2 1040  1.8 1624  0.2 2304  1.9
13  Su        817 0455  0.1 1126  1.8 1713  0.2 2350  1.9
14  Mo        817 0543  0.1 1215  1.8 1804  0.2 9999  9.9
15  Tu        817 0039  1.9 0633  0.1 1308  1.8 1857  0.3
16  We        817 0132  1.9 0725  0.1 1407  1.8 1955  0.3
17  Th        817 0229  1.8 0821  0.2 1508  1.8 2055  0.3
18  Fr        817 0330  1.8 0919  0.2 1610  1.9 2156  0.3
19  Sa        817 0433  1.8 1019  0.2 1710  1.9 2257  0.2
20  Su        817 0533  1.9 1118  0.1 1807  2.0 2355  0.2
21  Mo        817 0631  1.9 1215  0.1 1901  2.0 9999  9.9
22  Tu        817 0050  0.1 0726  1.9 1310  0.1 1953  2.0
23  We        817 0142  0.1 0819  2.0 1402  0.1 2043  2.1
24  Th        817 0233  0.1 0909  2.0 1451  0.1 2131  2.0
25  Fr        817 0321  0.1 0958  1.9 1540  0.1 2219  2.0
26  Sa        817 0408  0.1 1046  1.9 1627  0.2 2305  1.9
27  Su        817 0453  0.2 1134  1.9 1714  0.3 2351  1.9
28  Mo        817 0538  0.2 1222  1.8 1801  0.4 9999  9.9
29  Tu        817 0037  1.8 0622  0.3 1310  1.7 1848  0.4
30  We        817 0124  1.7 0707  0.4 1401  1.7 1938  0.5
31  Th        817 0212  1.7 0754  0.4 1453  1.7 2030  0.5
 1  Fr        917 0303  1.6 0843  0.5 1546  1.7 2123  0.6
 2  Sa        917 0357  1.6 0935  0.5 1638  1.7 2216  0.5
 3  Su        917 0451  1.6 1027  0.5 1728  1.7 2307  0.5
 4  Mo        917 0543  1.6 1119  0.4 1815  1.8 2355  0.4
 5  Tu        917 0632  1.7 1208  0.4 1900  1.8 9999  9.9
 6  We        917 0042  0.3 0719  1.8 1256  0.3 1944  1.9
 7  Th        917 0127  0.3 0805  1.8 1342  0.2 2028  1.9
 8  Fr        917 0212  0.2 0849  1.9 1429  0.2 2111  2.0
 9  Sa        917 0258  0.1 0934  1.9 1516  0.1 2156  2.0
10  Su        917 0344  0.1 1020  1.9 1605  0.1 2241  2.0
11  Mo        917 0431  0.0 1107  1.9 1654  0.1 2329  1.9
12  Tu        917 0520  0.1 1158  1.9 1746  0.2 9999  9.9
13  We        917 0020  1.9 0610  0.1 1252  1.9 1840  0.2
14  Th        917 0114  1.9 0703  0.1 1350  1.9 1937  0.3
15  Fr        917 0213  1.8 0759  0.2 1451  1.9 2036  0.3
16  Sa        917 0315  1.8 0859  0.2 1552  1.9 2137  0.3
17  Su        917 0417  1.8 0959  0.2 1651  1.9 2238  0.3
18  Mo        917 0518  1.8 1100  0.2 1747  1.9 2335  0.2
19  Tu        917 0615  1.9 1157  0.2 1840  2.0 9999  9.9
20  We        917 0030  0.2 0708  1.9 1251  0.2 1930  2.0
21  Th        917 0121  0.1 0759  1.9 1342  0.2 2018  2.0
22  Fr        917 0209  0.1 0847  1.9 1430  0.2 2105  2.0
23  Sa        917 0255  0.1 0933  1.9 1516  0.2 2150  1.9
24  Su        917 0339  0.2 1019  1.9 1601  0.2 2234  1.9
25  Mo        917 0422  0.2 1104  1.9 1645  0.3 2318  1.8
26  Tu        917 0503  0.3 1149  1.8 1729  0.4 9999  9.9
27  We        917 0001  1.7 0545  0.3 1234  1.8 1814  0.4
28  Th        917 0044  1.7 0627  0.4 1322  1.7 1900  0.5
29  Fr        917 0129  1.6 0711  0.4 1412  1.7 1949  0.5
30  Sa        917 0218  1.6 0759  0.5 1504  1.7 2040  0.5
 1  Su       1017 0313  1.6 0851  0.5 1557  1.7 2134  0.5
 2  Mo       1017 0411  1.6 0946  0.5 1648  1.7 2227  0.5
 3  Tu       1017 0507  1.6 1042  0.4 1737  1.8 2318  0.4
 4  We       1017 0559  1.7 1135  0.4 1825  1.8 9999  9.9
 5  Th       1017 0008  0.3 0649  1.8 1227  0.3 1911  1.9
 6  Fr       1017 0057  0.2 0737  1.9 1317  0.2 1958  2.0
 7  Sa       1017 0145  0.1 0825  1.9 1407  0.1 2045  2.0
 8  Su       1017 0233  0.0 0912  2.0 1456  0.1 2132  2.0
 9  Mo       1017 0320  0.0 1000  2.0 1546  0.1 2220  2.0
10  Tu       1017 0409  0.0 1050  2.0 1637  0.1 2311  2.0
11  We       1017 0459  0.0 1142  2.0 1729  0.1 9999  9.9
12  Th       1017 0003  1.9 0550  0.1 1237  2.0 1823  0.2
13  Fr       1017 0059  1.9 0643  0.1 1334  1.9 1920  0.2
14  Sa       1017 0158  1.8 0739  0.2 1434  1.9 2018  0.3
15  Su       1017 0300  1.8 0839  0.3 1533  1.9 2118  0.3
16  Mo       1017 0401  1.8 0940  0.3 1630  1.9 2218  0.3
17  Tu       1017 0501  1.8 1041  0.3 1725  1.9 2315  0.3
18  We       1017 0556  1.8 1139  0.3 1817  1.9 9999  9.9
19  Th       1017 0008  0.2 0648  1.9 1232  0.3 1906  1.9
20  Fr       1017 0057  0.2 0737  1.9 1321  0.2 1953  1.9
21  Sa       1017 0144  0.2 0824  1.9 1408  0.2 2038  1.9
22  Su       1017 0228  0.2 0908  1.9 1452  0.3 2122  1.9
23  Mo       1017 0310  0.2 0952  1.9 1535  0.3 2204  1.8
24  Tu       1017 0350  0.2 1035  1.9 1618  0.3 2246  1.8
25  We       1017 0430  0.3 1118  1.8 1700  0.4 2326  1.7
26  Th       1017 0510  0.3 1201  1.8 1742  0.4 9999  9.9
27  Fr       1017 0006  1.7 0551  0.4 1244  1.7 1826  0.5
28  Sa       1017 0048  1.6 0634  0.4 1329  1.7 1912  0.5
29  Su       1017 0134  1.6 0721  0.5 1418  1.7 2002  0.5
30  Mo       1017 0227  1.6 0813  0.5 1510  1.7 2054  0.5
31  Tu       1017 0327  1.6 0908  0.5 1603  1.7 2148  0.4
 1  We       1117 0427  1.6 1006  0.4 1656  1.8 2242  0.3
 2  Th       1117 0525  1.7 1104  0.4 1748  1.8 2335  0.2
 3  Fr       1117 0619  1.8 1159  0.3 1839  1.9 9999  9.9
 4  Sa       1117 0027  0.1 0711  1.9 1253  0.2 1929  2.0
 5  Su       1117 0118  0.0 0801  2.0 1345  0.1 2020  2.0
 6  Mo       1117 0208  0.0 0851  2.1 1436  0.1 2110  2.0
 7  Tu       1117 0258 -0.1 0942  2.1 1528  0.0 2201  2.0
 8  We       1117 0348 -0.1 1033  2.1 1619  0.1 2254  2.0
 9  Th       1117 0439  0.0 1126  2.1 1712  0.1 2347  1.9
10  Fr       1117 0530  0.0 1220  2.0 1806  0.1 9999  9.9
11  Sa       1117 0043  1.9 0624  0.1 1316  2.0 1902  0.2
12  Su       1117 0142  1.8 0720  0.2 1414  1.9 1959  0.3
13  Mo       1117 0242  1.8 0819  0.3 1511  1.9 2057  0.3
14  Tu       1117 0342  1.7 0920  0.4 1606  1.9 2155  0.3
15  We       1117 0440  1.8 1020  0.4 1700  1.8 2251  0.3
16  Th       1117 0535  1.8 1118  0.4 1751  1.8 2343  0.3
17  Fr       1117 0625  1.8 1210  0.4 1839  1.8 9999  9.9
18  Sa       1117 0032  0.3 0713  1.8 1259  0.3 1926  1.8
19  Su       1117 0117  0.2 0759  1.9 1345  0.3 2011  1.8
20  Mo       1117 0200  0.2 0844  1.9 1428  0.3 2055  1.8
21  Tu       1117 0241  0.2 0927  1.9 1510  0.3 2137  1.8
22  We       1117 0320  0.2 1009  1.9 1551  0.4 2218  1.7
23  Th       1117 0359  0.3 1050  1.8 1631  0.4 2257  1.7
24  Fr       1117 0438  0.3 1130  1.8 1712  0.4 2335  1.7
25  Sa       1117 0519  0.3 1210  1.8 1755  0.4 9999  9.9
26  Su       1117 0015  1.6 0602  0.4 1251  1.7 1840  0.4
27  Mo       1117 0058  1.6 0649  0.4 1336  1.7 1928  0.4
28  Tu       1117 0148  1.6 0740  0.4 1426  1.7 2020  0.4
29  We       1117 0246  1.6 0835  0.4 1520  1.7 2113  0.3
30  Th       1117 0349  1.7 0934  0.4 1616  1.8 2209  0.3
 1  Fr       1217 0451  1.7 1034  0.4 1713  1.8 2305  0.2
 2  Sa       1217 0550  1.8 1132  0.3 1809  1.9 2359  0.1
 3  Su       1217 0645  1.9 1229  0.2 1903  2.0 9999  9.9
 4  Mo       1217 0053  0.0 0739  2.0 1324  0.1 1957  2.0
 5  Tu       1217 0145 -0.1 0831  2.1 1417  0.1 2050  2.0
 6  We       1217 0237 -0.1 0923  2.1 1510  0.0 2143  2.0
 7  Th       1217 0328 -0.1 1015  2.1 1602  0.0 2237  2.0
 8  Fr       1217 0419  0.0 1108  2.1 1655  0.1 2331  2.0
 9  Sa       1217 0511  0.0 1201  2.1 1747  0.1 9999  9.9
10  Su       1217 0026  1.9 0604  0.1 1256  2.0 1841  0.2
11  Mo       1217 0122  1.8 0659  0.2 1350  1.9 1936  0.2
12  Tu       1217 0220  1.8 0756  0.3 1445  1.9 2032  0.3
13  We       1217 0318  1.7 0856  0.4 1539  1.8 2128  0.3
14  Th       1217 0415  1.7 0956  0.4 1631  1.8 2223  0.3
15  Fr       1217 0508  1.7 1053  0.4 1722  1.8 2315  0.3
16  Sa       1217 0559  1.8 1146  0.4 1812  1.8 9999  9.9
17  Su       1217 0004  0.3 0648  1.8 1234  0.4 1859  1.8
18  Mo       1217 0050  0.3 0734  1.8 1320  0.4 1945  1.8
19  Tu       1217 0132  0.3 0819  1.8 1403  0.4 2029  1.7
20  We       1217 0212  0.3 0902  1.9 1444  0.4 2112  1.7
21  Th       1217 0252  0.3 0943  1.9 1524  0.4 2152  1.7
22  Fr       1217 0331  0.3 1023  1.8 1604  0.4 2231  1.7
23  Sa       1217 0410  0.3 1102  1.8 1645  0.4 2309  1.7
24  Su       1217 0452  0.3 1141  1.8 1727  0.4 2348  1.7
25  Mo       1217 0535  0.3 1220  1.8 1811  0.3 9999  9.9
26  Tu       1217 0031  1.7 0622  0.4 1303  1.8 1859  0.3
27  We       1217 0119  1.7 0712  0.4 1350  1.8 1949  0.3
28  Th       1217 0214  1.7 0807  0.4 1444  1.8 2042  0.3
29  Fr       1217 0316  1.7 0906  0.4 1542  1.8 2139  0.2
30  Sa       1217 0421  1.8 1007  0.3 1642  1.8 2236  0.2
31  Su       1217 0523  1.8 1107  0.3 1742  1.9 2333  0.1
