104Opotiki Wharf
Based on data from  1-Jan-2008
Local Std Time, tidal heights in metres.
 1  Su        117 0249  0.2 0858  1.7 1521  0.3 2112  1.6
 2  Mo        117 0327  0.2 0939  1.7 1601  0.3 2155  1.6
 3  Tu        117 0406  0.2 1022  1.7 1643  0.3 2240  1.6
 4  We        117 0449  0.3 1107  1.8 1728  0.3 2327  1.6
 5  Th        117 0536  0.3 1154  1.7 1816  0.2 9999  9.9
 6  Fr        117 0018  1.6 0628  0.3 1245  1.7 1908  0.2
 7  Sa        117 0113  1.6 0725  0.3 1340  1.7 2004  0.2
 8  Su        117 0211  1.6 0828  0.3 1437  1.7 2104  0.2
 9  Mo        117 0313  1.7 0933  0.3 1537  1.7 2206  0.2
10  Tu        117 0415  1.7 1038  0.3 1637  1.7 2307  0.1
11  We        117 0516  1.8 1140  0.2 1737  1.8 9999  9.9
12  Th        117 0005  0.1 0613  1.8 1238  0.2 1835  1.8
13  Fr        117 0101  0.0 0709  1.9 1334  0.1 1931  1.8
14  Sa        117 0154  0.0 0801  1.9 1428  0.1 2024  1.8
15  Su        117 0245  0.0 0852  1.9 1520  0.1 2115  1.8
16  Mo        117 0334  0.1 0941  1.9 1610  0.1 2205  1.7
17  Tu        117 0422  0.1 1028  1.8 1659  0.2 2253  1.7
18  We        117 0510  0.2 1115  1.8 1748  0.2 2341  1.6
19  Th        117 0559  0.3 1202  1.7 1836  0.3 9999  9.9
20  Fr        117 0029  1.6 0649  0.3 1249  1.6 1924  0.3
21  Sa        117 0119  1.5 0740  0.4 1337  1.6 2014  0.4
22  Su        117 0211  1.5 0833  0.4 1426  1.5 2104  0.4
23  Mo        117 0304  1.5 0927  0.5 1516  1.5 2155  0.4
24  Tu        117 0357  1.5 1020  0.5 1607  1.5 2245  0.4
25  We        117 0448  1.5 1111  0.5 1657  1.5 2333  0.3
26  Th        117 0537  1.6 1200  0.4 1747  1.5 9999  9.9
27  Fr        117 0019  0.3 0623  1.6 1246  0.4 1834  1.6
28  Sa        117 0102  0.3 0707  1.7 1330  0.3 1920  1.6
29  Su        117 0143  0.2 0750  1.7 1412  0.3 2004  1.6
30  Mo        117 0223  0.2 0832  1.8 1454  0.3 2048  1.7
31  Tu        117 0304  0.2 0915  1.8 1536  0.2 2133  1.7
 1  We        217 0346  0.2 0959  1.8 1620  0.2 2219  1.7
 2  Th        217 0430  0.2 1045  1.8 1706  0.2 2307  1.7
 3  Fr        217 0519  0.2 1133  1.8 1754  0.2 2358  1.7
 4  Sa        217 0612  0.2 1225  1.8 1847  0.2 9999  9.9
 5  Su        217 0053  1.7 0710  0.3 1320  1.7 1945  0.2
 6  Mo        217 0152  1.7 0814  0.3 1419  1.7 2046  0.2
 7  Tu        217 0255  1.7 0920  0.3 1520  1.7 2150  0.2
 8  We        217 0358  1.7 1025  0.3 1622  1.7 2252  0.2
 9  Th        217 0500  1.7 1127  0.3 1723  1.7 2351  0.1
10  Fr        217 0558  1.8 1225  0.2 1821  1.7 9999  9.9
11  Sa        217 0046  0.1 0652  1.8 1319  0.2 1915  1.7
12  Su        217 0138  0.1 0743  1.8 1411  0.2 2006  1.7
13  Mo        217 0226  0.1 0831  1.8 1459  0.1 2054  1.7
14  Tu        217 0313  0.1 0917  1.8 1546  0.2 2140  1.7
15  We        217 0358  0.2 1001  1.8 1631  0.2 2224  1.7
16  Th        217 0442  0.2 1045  1.7 1715  0.2 2309  1.6
17  Fr        217 0527  0.3 1128  1.7 1759  0.3 2353  1.6
18  Sa        217 0613  0.4 1212  1.6 1843  0.3 9999  9.9
19  Su        217 0040  1.5 0701  0.4 1258  1.6 1930  0.4
20  Mo        217 0130  1.5 0753  0.5 1346  1.5 2019  0.4
21  Tu        217 0222  1.5 0846  0.5 1436  1.5 2112  0.4
22  We        217 0315  1.5 0941  0.5 1528  1.5 2205  0.4
23  Th        217 0409  1.5 1034  0.5 1621  1.5 2256  0.4
24  Fr        217 0500  1.6 1124  0.4 1713  1.5 2344  0.3
25  Sa        217 0548  1.6 1212  0.4 1803  1.6 9999  9.9
26  Su        217 0030  0.3 0634  1.7 1257  0.3 1851  1.6
27  Mo        217 0114  0.2 0719  1.7 1342  0.2 1938  1.7
28  Tu        217 0157  0.2 0804  1.8 1426  0.2 2024  1.7
 1  We        317 0241  0.2 0849  1.8 1510  0.2 2110  1.8
 2  Th        317 0326  0.1 0936  1.8 1556  0.1 2158  1.8
 3  Fr        317 0413  0.1 1024  1.8 1644  0.1 2247  1.8
 4  Sa        317 0504  0.2 1114  1.8 1734  0.1 2339  1.8
 5  Su        317 0558  0.2 1207  1.8 1829  0.2 9999  9.9
 6  Mo        317 0035  1.7 0658  0.3 1303  1.7 1928  0.2
 7  Tu        317 0135  1.7 0802  0.3 1403  1.7 2031  0.2
 8  We        317 0238  1.7 0908  0.3 1505  1.6 2136  0.3
 9  Th        317 0342  1.7 1012  0.3 1608  1.6 2238  0.2
10  Fr        317 0443  1.7 1113  0.3 1709  1.6 2337  0.2
11  Sa        317 0540  1.7 1209  0.2 1806  1.7 9999  9.9
12  Su        317 0030  0.2 0633  1.7 1301  0.2 1858  1.7
13  Mo        317 0119  0.2 0721  1.8 1350  0.2 1946  1.7
14  Tu        317 0206  0.2 0806  1.8 1435  0.2 2030  1.7
15  We        317 0249  0.2 0849  1.7 1518  0.2 2113  1.7
16  Th        317 0332  0.2 0931  1.7 1559  0.2 2154  1.7
17  Fr        317 0414  0.3 1012  1.7 1640  0.3 2236  1.6
18  Sa        317 0456  0.3 1054  1.6 1720  0.3 2318  1.6
19  Su        317 0539  0.4 1136  1.6 1801  0.4 9999  9.9
20  Mo        317 0002  1.5 0624  0.4 1220  1.5 1844  0.4
21  Tu        317 0049  1.5 0712  0.5 1307  1.5 1932  0.4
22  We        317 0140  1.5 0804  0.5 1357  1.5 2024  0.5
23  Th        317 0232  1.5 0858  0.5 1450  1.5 2119  0.5
24  Fr        317 0326  1.5 0951  0.5 1544  1.5 2213  0.4
25  Sa        317 0419  1.6 1044  0.4 1638  1.5 2306  0.4
26  Su        317 0510  1.6 1134  0.3 1731  1.6 2355  0.3
27  Mo        317 0559  1.7 1222  0.3 1821  1.7 9999  9.9
28  Tu        317 0043  0.2 0648  1.8 1310  0.2 1911  1.7
29  We        317 0130  0.2 0736  1.8 1357  0.1 1959  1.8
30  Th        317 0217  0.1 0824  1.9 1444  0.1 2048  1.8
31  Fr        317 0306  0.1 0913  1.9 1533  0.1 2137  1.9
 1  Sa        417 0357  0.1 1004  1.9 1623  0.1 2229  1.8
 2  Su        417 0450  0.1 1056  1.8 1716  0.1 2322  1.8
 3  Mo        417 0546  0.2 1151  1.8 1812  0.2 9999  9.9
 4  Tu        417 0018  1.8 0647  0.2 1248  1.7 1911  0.2
 5  We        417 0118  1.7 0750  0.3 1348  1.6 2015  0.3
 6  Th        417 0220  1.7 0854  0.3 1451  1.6 2119  0.3
 7  Fr        417 0323  1.6 0957  0.3 1553  1.6 2221  0.3
 8  Sa        417 0423  1.6 1055  0.3 1653  1.6 2318  0.3
 9  Su        417 0518  1.6 1149  0.3 1748  1.6 9999  9.9
10  Mo        417 0010  0.3 0609  1.7 1239  0.3 1837  1.6
11  Tu        417 0058  0.3 0655  1.7 1325  0.2 1922  1.7
12  We        417 0142  0.2 0738  1.7 1407  0.2 2004  1.7
13  Th        417 0224  0.3 0820  1.7 1448  0.2 2044  1.7
14  Fr        417 0305  0.3 0900  1.6 1527  0.3 2124  1.7
15  Sa        417 0345  0.3 0940  1.6 1604  0.3 2204  1.6
16  Su        417 0425  0.3 1021  1.6 1642  0.3 2244  1.6
17  Mo        417 0506  0.4 1102  1.5 1720  0.4 2327  1.6
18  Tu        417 0549  0.4 1145  1.5 1800  0.4 9999  9.9
19  We        417 0012  1.5 0634  0.4 1231  1.5 1845  0.4
20  Th        417 0059  1.5 0722  0.5 1319  1.5 1935  0.5
21  Fr        417 0151  1.5 0814  0.5 1412  1.5 2030  0.5
22  Sa        417 0244  1.5 0907  0.4 1507  1.5 2128  0.4
23  Su        417 0338  1.6 1001  0.4 1603  1.5 2225  0.4
24  Mo        417 0431  1.6 1055  0.3 1658  1.6 2320  0.3
25  Tu        417 0524  1.7 1147  0.2 1752  1.7 9999  9.9
26  We        417 0012  0.2 0616  1.8 1238  0.1 1844  1.8
27  Th        417 0104  0.1 0708  1.8 1329  0.1 1936  1.9
28  Fr        417 0155  0.1 0800  1.9 1420  0.0 2027  1.9
29  Sa        417 0248  0.1 0852  1.9 1511  0.0 2118  1.9
30  Su        417 0341  0.1 0944  1.9 1603  0.0 2210  1.9
 1  Mo        517 0436  0.1 1038  1.8 1657  0.1 2305  1.9
 2  Tu        517 0533  0.2 1134  1.7 1754  0.2 9999  9.9
 3  We        517 0001  1.8 0633  0.2 1231  1.7 1853  0.2
 4  Th        517 0059  1.7 0734  0.3 1331  1.6 1955  0.3
 5  Fr        517 0159  1.7 0835  0.3 1432  1.6 2058  0.3
 6  Sa        517 0259  1.6 0934  0.3 1532  1.5 2158  0.3
 7  Su        517 0356  1.6 1031  0.3 1630  1.5 2254  0.4
 8  Mo        517 0450  1.6 1123  0.3 1723  1.6 2345  0.3
 9  Tu        517 0539  1.6 1211  0.3 1811  1.6 9999  9.9
10  We        517 0032  0.3 0624  1.6 1255  0.3 1855  1.6
11  Th        517 0116  0.3 0707  1.6 1337  0.3 1936  1.6
12  Fr        517 0158  0.3 0748  1.6 1416  0.3 2016  1.7
13  Sa        517 0238  0.3 0829  1.6 1454  0.3 2055  1.7
14  Su        517 0318  0.3 0909  1.6 1531  0.3 2134  1.6
15  Mo        517 0357  0.4 0950  1.5 1607  0.3 2213  1.6
16  Tu        517 0437  0.4 1030  1.5 1643  0.4 2254  1.6
17  We        517 0517  0.4 1113  1.5 1722  0.4 2337  1.6
18  Th        517 0559  0.4 1157  1.5 1804  0.4 9999  9.9
19  Fr        517 0023  1.6 0644  0.4 1245  1.5 1852  0.4
20  Sa        517 0112  1.6 0733  0.4 1337  1.5 1947  0.4
21  Su        517 0205  1.6 0826  0.4 1432  1.5 2046  0.4
22  Mo        517 0259  1.6 0921  0.3 1529  1.6 2147  0.4
23  Tu        517 0355  1.7 1018  0.3 1627  1.7 2247  0.3
24  We        517 0451  1.7 1115  0.2 1724  1.7 2345  0.2
25  Th        517 0547  1.8 1210  0.1 1819  1.8 9999  9.9
26  Fr        517 0040  0.2 0642  1.8 1305  0.1 1913  1.9
27  Sa        517 0135  0.1 0737  1.8 1358  0.0 2006  1.9
28  Su        517 0230  0.1 0832  1.9 1451  0.0 2059  1.9
29  Mo        517 0325  0.1 0926  1.8 1545  0.0 2152  1.9
30  Tu        517 0421  0.1 1020  1.8 1639  0.1 2246  1.9
31  We        517 0517  0.1 1115  1.7 1734  0.2 2340  1.8
 1  Th        617 0614  0.2 1211  1.7 1831  0.2 9999  9.9
 2  Fr        617 0036  1.7 0711  0.2 1308  1.6 1930  0.3
 3  Sa        617 0132  1.7 0809  0.3 1406  1.6 2029  0.4
 4  Su        617 0228  1.6 0905  0.3 1503  1.5 2128  0.4
 5  Mo        617 0322  1.6 0959  0.3 1559  1.5 2223  0.4
 6  Tu        617 0414  1.5 1050  0.3 1652  1.5 2314  0.4
 7  We        617 0503  1.5 1138  0.3 1740  1.6 9999  9.9
 8  Th        617 0002  0.4 0550  1.5 1223  0.3 1824  1.6
 9  Fr        617 0047  0.4 0634  1.5 1305  0.3 1906  1.6
10  Sa        617 0130  0.4 0717  1.5 1345  0.3 1946  1.6
11  Su        617 0211  0.4 0759  1.5 1423  0.3 2026  1.7
12  Mo        617 0251  0.4 0840  1.5 1500  0.3 2105  1.7
13  Tu        617 0330  0.4 0921  1.5 1536  0.3 2145  1.7
14  We        617 0409  0.4 1002  1.5 1612  0.3 2225  1.6
15  Th        617 0447  0.4 1044  1.5 1650  0.4 2307  1.6
16  Fr        617 0527  0.4 1127  1.5 1732  0.4 2351  1.6
17  Sa        617 0611  0.4 1214  1.5 1819  0.4 9999  9.9
18  Su        617 0039  1.6 0658  0.3 1305  1.5 1913  0.4
19  Mo        617 0131  1.6 0751  0.3 1401  1.6 2012  0.4
20  Tu        617 0226  1.6 0847  0.3 1459  1.6 2116  0.3
21  We        617 0324  1.7 0947  0.2 1559  1.7 2219  0.3
22  Th        617 0423  1.7 1047  0.2 1659  1.8 2321  0.2
23  Fr        617 0522  1.7 1146  0.1 1757  1.8 9999  9.9
24  Sa        617 0020  0.2 0620  1.8 1244  0.1 1853  1.9
25  Su        617 0118  0.1 0717  1.8 1339  0.0 1948  1.9
26  Mo        617 0214  0.1 0813  1.8 1433  0.0 2041  1.9
27  Tu        617 0309  0.1 0908  1.8 1526  0.0 2133  1.9
28  We        617 0403  0.1 1001  1.8 1618  0.1 2225  1.9
29  Th        617 0457  0.1 1054  1.7 1711  0.2 2317  1.8
30  Fr        617 0550  0.2 1146  1.7 1805  0.2 9999  9.9
 1  Sa        717 0008  1.7 0643  0.2 1239  1.6 1859  0.3
 2  Su        717 0100  1.7 0736  0.3 1333  1.6 1955  0.4
 3  Mo        717 0151  1.6 0828  0.3 1427  1.5 2051  0.4
 4  Tu        717 0243  1.5 0920  0.4 1521  1.5 2146  0.5
 5  We        717 0334  1.5 1012  0.4 1614  1.5 2239  0.5
 6  Th        717 0424  1.5 1101  0.4 1704  1.5 2328  0.4
 7  Fr        717 0513  1.5 1148  0.4 1750  1.6 9999  9.9
 8  Sa        717 0015  0.4 0600  1.5 1232  0.3 1834  1.6
 9  Su        717 0100  0.4 0646  1.5 1314  0.3 1917  1.6
10  Mo        717 0142  0.4 0730  1.5 1353  0.3 1957  1.7
11  Tu        717 0223  0.3 0812  1.5 1431  0.3 2037  1.7
12  We        717 0302  0.3 0854  1.6 1507  0.3 2117  1.7
13  Th        717 0340  0.3 0935  1.6 1545  0.3 2158  1.7
14  Fr        717 0419  0.3 1017  1.6 1624  0.3 2240  1.7
15  Sa        717 0459  0.3 1101  1.6 1706  0.3 2324  1.7
16  Su        717 0542  0.3 1148  1.6 1754  0.3 9999  9.9
17  Mo        717 0012  1.7 0630  0.3 1239  1.6 1848  0.3
18  Tu        717 0104  1.7 0722  0.3 1335  1.6 1947  0.3
19  We        717 0200  1.7 0820  0.2 1434  1.7 2052  0.3
20  Th        717 0259  1.7 0922  0.2 1536  1.7 2158  0.3
21  Fr        717 0400  1.7 1025  0.2 1638  1.7 2303  0.3
22  Sa        717 0502  1.7 1127  0.1 1737  1.8 9999  9.9
23  Su        717 0004  0.2 0602  1.7 1226  0.1 1835  1.9
24  Mo        717 0102  0.1 0700  1.8 1322  0.1 1929  1.9
25  Tu        717 0158  0.1 0756  1.8 1415  0.0 2022  1.9
26  We        717 0251  0.1 0849  1.8 1507  0.1 2112  1.9
27  Th        717 0342  0.1 0940  1.8 1557  0.1 2201  1.9
28  Fr        717 0432  0.1 1029  1.7 1646  0.2 2249  1.8
29  Sa        717 0521  0.2 1118  1.7 1735  0.2 2337  1.7
30  Su        717 0609  0.2 1206  1.6 1826  0.3 9999  9.9
31  Mo        717 0025  1.7 0657  0.3 1256  1.6 1918  0.4
 1  Tu        817 0112  1.6 0747  0.3 1347  1.5 2011  0.4
 2  We        817 0202  1.5 0837  0.4 1439  1.5 2105  0.5
 3  Th        817 0252  1.5 0929  0.4 1532  1.5 2159  0.5
 4  Fr        817 0344  1.5 1020  0.4 1624  1.5 2252  0.5
 5  Sa        817 0436  1.5 1110  0.4 1714  1.5 2341  0.4
 6  Su        817 0526  1.5 1157  0.4 1800  1.6 9999  9.9
 7  Mo        817 0027  0.4 0614  1.5 1241  0.3 1845  1.6
 8  Tu        817 0111  0.4 0700  1.5 1322  0.3 1927  1.7
 9  We        817 0152  0.3 0745  1.6 1402  0.3 2008  1.7
10  Th        817 0232  0.3 0827  1.6 1441  0.3 2050  1.7
11  Fr        817 0312  0.2 0910  1.7 1521  0.2 2132  1.8
12  Sa        817 0352  0.2 0953  1.7 1602  0.2 2215  1.8
13  Su        817 0434  0.2 1038  1.7 1647  0.3 2301  1.7
14  Mo        817 0518  0.2 1126  1.7 1736  0.3 2350  1.7
15  Tu        817 0607  0.2 1218  1.7 1830  0.3 9999  9.9
16  We        817 0042  1.7 0701  0.2 1314  1.7 1931  0.3
17  Th        817 0139  1.7 0800  0.2 1414  1.7 2036  0.3
18  Fr        817 0240  1.7 0903  0.2 1517  1.7 2143  0.3
19  Sa        817 0343  1.7 1009  0.2 1620  1.7 2248  0.3
20  Su        817 0446  1.7 1112  0.2 1720  1.8 2350  0.2
21  Mo        817 0547  1.7 1211  0.1 1817  1.8 9999  9.9
22  Tu        817 0047  0.2 0644  1.7 1306  0.1 1910  1.9
23  We        817 0140  0.1 0738  1.8 1357  0.1 2001  1.9
24  Th        817 0231  0.1 0828  1.8 1446  0.1 2049  1.9
25  Fr        817 0319  0.1 0916  1.8 1533  0.1 2135  1.8
26  Sa        817 0405  0.1 1002  1.7 1619  0.2 2220  1.8
27  Su        817 0449  0.2 1047  1.7 1705  0.3 2304  1.7
28  Mo        817 0533  0.2 1132  1.6 1752  0.3 2349  1.6
29  Tu        817 0617  0.3 1218  1.6 1840  0.4 9999  9.9
30  We        817 0035  1.6 0703  0.3 1307  1.5 1931  0.4
31  Th        817 0122  1.5 0751  0.4 1358  1.5 2024  0.5
 1  Fr        917 0212  1.5 0843  0.4 1451  1.5 2119  0.5
 2  Sa        917 0305  1.4 0937  0.4 1544  1.5 2213  0.5
 3  Su        917 0359  1.4 1030  0.4 1635  1.6 2304  0.4
 4  Mo        917 0452  1.5 1120  0.4 1724  1.6 2352  0.4
 5  Tu        917 0542  1.5 1207  0.3 1810  1.7 9999  9.9
 6  We        917 0037  0.3 0630  1.6 1251  0.3 1855  1.7
 7  Th        917 0120  0.3 0716  1.6 1333  0.2 1939  1.8
 8  Fr        917 0202  0.2 0801  1.7 1415  0.2 2022  1.8
 9  Sa        917 0244  0.2 0846  1.7 1458  0.2 2107  1.8
10  Su        917 0327  0.1 0931  1.8 1543  0.2 2153  1.8
11  Mo        917 0411  0.1 1018  1.8 1631  0.2 2241  1.8
12  Tu        917 0458  0.1 1107  1.8 1722  0.2 2332  1.8
13  We        917 0549  0.2 1200  1.8 1819  0.3 9999  9.9
14  Th        917 0026  1.7 0644  0.2 1257  1.7 1921  0.3
15  Fr        917 0124  1.7 0745  0.2 1358  1.7 2026  0.3
16  Sa        917 0225  1.6 0850  0.2 1501  1.7 2132  0.3
17  Su        917 0329  1.6 0955  0.2 1603  1.7 2236  0.3
18  Mo        917 0432  1.6 1058  0.2 1703  1.7 2335  0.2
19  Tu        917 0533  1.7 1155  0.2 1758  1.8 9999  9.9
20  We        917 0030  0.2 0628  1.7 1248  0.2 1850  1.8
21  Th        917 0120  0.2 0719  1.7 1338  0.2 1938  1.8
22  Fr        917 0208  0.1 0807  1.7 1424  0.2 2023  1.8
23  Sa        917 0252  0.1 0851  1.7 1509  0.2 2107  1.8
24  Su        917 0335  0.2 0934  1.7 1552  0.2 2150  1.7
25  Mo        917 0416  0.2 1017  1.7 1636  0.3 2232  1.7
26  Tu        917 0457  0.2 1059  1.7 1720  0.3 2315  1.6
27  We        917 0538  0.3 1143  1.6 1806  0.4 2359  1.5
28  Th        917 0621  0.4 1230  1.6 1854  0.4 9999  9.9
29  Fr        917 0046  1.5 0707  0.4 1319  1.5 1945  0.5
30  Sa        917 0136  1.5 0758  0.4 1410  1.5 2039  0.5
 1  Su       1017 0228  1.4 0852  0.4 1503  1.5 2132  0.4
 2  Mo       1017 0323  1.5 0947  0.4 1555  1.6 2224  0.4
 3  Tu       1017 0417  1.5 1040  0.4 1646  1.6 2313  0.3
 4  We       1017 0509  1.5 1131  0.3 1735  1.7 9999  9.9
 5  Th       1017 0000  0.3 0600  1.6 1218  0.3 1822  1.7
 6  Fr       1017 0046  0.2 0648  1.7 1305  0.2 1909  1.8
 7  Sa       1017 0132  0.1 0736  1.8 1351  0.2 1956  1.8
 8  Su       1017 0217  0.1 0823  1.8 1438  0.1 2044  1.8
 9  Mo       1017 0303  0.1 0911  1.9 1527  0.1 2133  1.8
10  Tu       1017 0351  0.0 1000  1.9 1618  0.1 2223  1.8
11  We       1017 0441  0.1 1051  1.9 1712  0.2 2316  1.8
12  Th       1017 0534  0.1 1145  1.8 1810  0.2 9999  9.9
13  Fr       1017 0012  1.7 0631  0.2 1243  1.8 1912  0.2
14  Sa       1017 0111  1.7 0732  0.2 1343  1.7 2016  0.3
15  Su       1017 0213  1.6 0837  0.3 1445  1.7 2120  0.3
16  Mo       1017 0316  1.6 0941  0.3 1545  1.7 2221  0.3
17  Tu       1017 0418  1.6 1042  0.3 1643  1.7 2317  0.2
18  We       1017 0517  1.6 1138  0.3 1737  1.7 9999  9.9
19  Th       1017 0010  0.2 0610  1.7 1229  0.2 1826  1.7
20  Fr       1017 0058  0.2 0658  1.7 1316  0.2 1912  1.7
21  Sa       1017 0143  0.2 0743  1.7 1401  0.2 1956  1.7
22  Su       1017 0225  0.2 0826  1.7 1445  0.2 2038  1.7
23  Mo       1017 0306  0.2 0907  1.7 1527  0.3 2120  1.7
24  Tu       1017 0345  0.2 0948  1.7 1609  0.3 2202  1.6
25  We       1017 0424  0.3 1029  1.7 1652  0.3 2244  1.6
26  Th       1017 0503  0.3 1112  1.6 1736  0.4 2328  1.5
27  Fr       1017 0544  0.3 1156  1.6 1821  0.4 9999  9.9
28  Sa       1017 0013  1.5 0627  0.4 1243  1.6 1909  0.4
29  Su       1017 0102  1.5 0715  0.4 1333  1.6 1959  0.4
30  Mo       1017 0153  1.5 0808  0.4 1424  1.6 2051  0.4
31  Tu       1017 0247  1.5 0904  0.4 1516  1.6 2143  0.4
 1  We       1117 0342  1.5 1000  0.4 1608  1.6 2234  0.3
 2  Th       1117 0436  1.6 1054  0.3 1659  1.7 2325  0.2
 3  Fr       1117 0529  1.7 1147  0.3 1750  1.8 9999  9.9
 4  Sa       1117 0014  0.2 0621  1.8 1238  0.2 1841  1.8
 5  Su       1117 0104  0.1 0711  1.8 1328  0.1 1931  1.8
 6  Mo       1117 0153  0.0 0802  1.9 1420  0.1 2023  1.9
 7  Tu       1117 0243  0.0 0852  1.9 1512  0.1 2115  1.9
 8  We       1117 0333  0.0 0944  1.9 1606  0.1 2208  1.8
 9  Th       1117 0426  0.0 1036  1.9 1702  0.1 2302  1.8
10  Fr       1117 0520  0.1 1131  1.9 1801  0.2 2359  1.7
11  Sa       1117 0617  0.1 1228  1.8 1901  0.2 9999  9.9
12  Su       1117 0058  1.7 0718  0.2 1327  1.8 2002  0.2
13  Mo       1117 0158  1.6 0820  0.3 1426  1.7 2102  0.2
14  Tu       1117 0300  1.6 0922  0.3 1524  1.7 2201  0.2
15  We       1117 0400  1.6 1021  0.3 1620  1.7 2255  0.2
16  Th       1117 0457  1.6 1116  0.3 1711  1.7 2346  0.2
17  Fr       1117 0548  1.6 1207  0.3 1800  1.7 9999  9.9
18  Sa       1117 0033  0.2 0635  1.7 1254  0.3 1845  1.6
19  Su       1117 0117  0.2 0719  1.7 1338  0.3 1929  1.6
20  Mo       1117 0158  0.2 0801  1.7 1421  0.3 2011  1.6
21  Tu       1117 0238  0.2 0841  1.7 1503  0.3 2053  1.6
22  We       1117 0317  0.2 0922  1.7 1545  0.3 2134  1.6
23  Th       1117 0354  0.3 1002  1.7 1626  0.3 2216  1.6
24  Fr       1117 0432  0.3 1044  1.7 1708  0.4 2259  1.5
25  Sa       1117 0511  0.3 1126  1.6 1751  0.4 2343  1.5
26  Su       1117 0552  0.4 1211  1.6 1835  0.4 9999  9.9
27  Mo       1117 0030  1.5 0638  0.4 1258  1.6 1922  0.4
28  Tu       1117 0119  1.5 0728  0.4 1347  1.6 2011  0.4
29  We       1117 0212  1.5 0824  0.4 1439  1.6 2103  0.3
30  Th       1117 0308  1.5 0922  0.4 1532  1.7 2157  0.3
 1  Fr       1217 0404  1.6 1020  0.3 1626  1.7 2251  0.2
 2  Sa       1217 0500  1.7 1117  0.3 1721  1.8 2346  0.1
 3  Su       1217 0555  1.8 1213  0.2 1815  1.8 9999  9.9
 4  Mo       1217 0039  0.0 0649  1.9 1308  0.1 1910  1.8
 5  Tu       1217 0132  0.0 0742  1.9 1403  0.1 2004  1.9
 6  We       1217 0225  0.0 0835  2.0 1458  0.1 2058  1.9
 7  Th       1217 0317  0.0 0928  2.0 1554  0.1 2153  1.8
 8  Fr       1217 0411  0.0 1021  2.0 1650  0.1 2248  1.8
 9  Sa       1217 0505  0.1 1115  1.9 1747  0.1 2343  1.7
10  Su       1217 0601  0.1 1210  1.8 1844  0.2 9999  9.9
11  Mo       1217 0040  1.7 0659  0.2 1306  1.8 1942  0.2
12  Tu       1217 0138  1.6 0759  0.3 1402  1.7 2039  0.2
13  We       1217 0237  1.6 0858  0.3 1458  1.7 2135  0.3
14  Th       1217 0335  1.6 0956  0.4 1551  1.6 2228  0.3
15  Fr       1217 0431  1.6 1050  0.4 1642  1.6 2319  0.3
16  Sa       1217 0522  1.6 1141  0.4 1731  1.6 9999  9.9
17  Su       1217 0006  0.3 0610  1.6 1229  0.4 1817  1.6
18  Mo       1217 0050  0.3 0654  1.6 1314  0.4 1902  1.6
19  Tu       1217 0132  0.2 0736  1.7 1358  0.3 1945  1.6
20  We       1217 0212  0.2 0816  1.7 1440  0.3 2027  1.6
21  Th       1217 0251  0.3 0857  1.7 1521  0.3 2109  1.6
22  Fr       1217 0328  0.3 0936  1.7 1602  0.3 2150  1.6
23  Sa       1217 0405  0.3 1017  1.7 1641  0.3 2232  1.5
24  Su       1217 0442  0.3 1058  1.7 1721  0.4 2314  1.5
25  Mo       1217 0522  0.3 1140  1.7 1803  0.4 2359  1.5
26  Tu       1217 0605  0.4 1225  1.6 1847  0.3 9999  9.9
27  We       1217 0048  1.5 0654  0.4 1314  1.6 1935  0.3
28  Th       1217 0140  1.5 0749  0.4 1405  1.7 2028  0.3
29  Fr       1217 0236  1.6 0849  0.4 1500  1.7 2124  0.2
30  Sa       1217 0335  1.6 0951  0.3 1557  1.7 2223  0.2
31  Su       1217 0434  1.7 1053  0.3 1655  1.7 2321  0.1
