106Kaikoura
Based on data from  1-Jul-2013
Local Std Time, tidal heights in metres.
 1  Fr        121 0615  1.8 1233  0.5 1840  1.6 9999  9.9
 2  Sa        121 0044  0.5 0700  1.8 1319  0.5 1927  1.6
 3  Su        121 0131  0.4 0747  1.8 1407  0.5 2014  1.7
 4  Mo        121 0219  0.4 0836  1.8 1455  0.4 2103  1.7
 5  Tu        121 0309  0.4 0927  1.8 1545  0.4 2154  1.7
 6  We        121 0402  0.4 1020  1.8 1636  0.4 2246  1.8
 7  Th        121 0458  0.4 1114  1.8 1728  0.4 2340  1.8
 8  Fr        121 0555  0.4 1209  1.8 1820  0.4 9999  9.9
 9  Sa        121 0036  1.8 0654  0.4 1305  1.8 1915  0.4
10  Su        121 0134  1.9 0753  0.4 1401  1.8 2010  0.4
11  Mo        121 0232  1.9 0852  0.3 1458  1.8 2107  0.4
12  Tu        121 0330  1.9 0949  0.3 1554  1.8 2203  0.3
13  We        121 0427  1.9 1045  0.3 1650  1.8 2300  0.3
14  Th        121 0522  2.0 1140  0.3 1745  1.8 2355  0.3
15  Fr        121 0616  1.9 1234  0.4 1840  1.8 9999  9.9
16  Sa        121 0048  0.4 0708  1.9 1326  0.4 1932  1.7
17  Su        121 0140  0.4 0759  1.9 1417  0.4 2023  1.7
18  Mo        121 0230  0.4 0849  1.8 1506  0.5 2112  1.7
19  Tu        121 0320  0.5 0938  1.7 1554  0.5 2201  1.7
20  We        121 0409  0.5 1026  1.7 1640  0.5 2248  1.7
21  Th        121 0459  0.6 1114  1.6 1726  0.5 2336  1.6
22  Fr        121 0549  0.6 1202  1.6 1811  0.6 9999  9.9
23  Sa        121 0023  1.6 0639  0.6 1249  1.6 1856  0.6
24  Su        121 0111  1.6 0728  0.6 1335  1.6 1941  0.6
25  Mo        121 0158  1.7 0815  0.6 1420  1.6 2026  0.6
26  Tu        121 0244  1.7 0901  0.6 1504  1.6 2110  0.6
27  We        121 0329  1.7 0945  0.5 1549  1.6 2155  0.5
28  Th        121 0413  1.8 1029  0.5 1634  1.6 2241  0.5
29  Fr        121 0458  1.8 1114  0.5 1721  1.7 2328  0.4
30  Sa        121 0544  1.8 1201  0.4 1808  1.7 9999  9.9
31  Su        121 0016  0.4 0632  1.9 1249  0.4 1858  1.7
 1  Mo        221 0105  0.4 0721  1.9 1339  0.4 1948  1.8
 2  Tu        221 0157  0.4 0813  1.9 1430  0.4 2040  1.8
 3  We        221 0250  0.3 0907  1.9 1523  0.4 2133  1.8
 4  Th        221 0346  0.4 1002  1.8 1616  0.4 2228  1.8
 5  Fr        221 0444  0.4 1059  1.8 1710  0.4 2325  1.8
 6  Sa        221 0544  0.4 1156  1.8 1804  0.4 9999  9.9
 7  Su        221 0023  1.8 0643  0.4 1252  1.8 1900  0.4
 8  Mo        221 0121  1.9 0742  0.4 1348  1.7 1956  0.4
 9  Tu        221 0219  1.9 0839  0.4 1443  1.7 2052  0.4
10  We        221 0316  1.9 0934  0.4 1538  1.7 2147  0.4
11  Th        221 0410  1.9 1027  0.4 1631  1.7 2241  0.4
12  Fr        221 0502  1.9 1118  0.4 1724  1.7 2334  0.4
13  Sa        221 0553  1.9 1208  0.4 1815  1.7 9999  9.9
14  Su        221 0024  0.4 0642  1.8 1257  0.5 1904  1.7
15  Mo        221 0113  0.4 0730  1.8 1345  0.5 1952  1.7
16  Tu        221 0201  0.5 0817  1.7 1431  0.5 2039  1.7
17  We        221 0248  0.5 0904  1.7 1517  0.5 2125  1.7
18  Th        221 0336  0.6 0951  1.6 1603  0.6 2211  1.6
19  Fr        221 0425  0.6 1039  1.6 1648  0.6 2258  1.6
20  Sa        221 0514  0.6 1126  1.6 1733  0.6 2345  1.6
21  Su        221 0603  0.6 1212  1.6 1817  0.6 9999  9.9
22  Mo        221 0032  1.6 0651  0.6 1258  1.6 1902  0.6
23  Tu        221 0119  1.7 0738  0.6 1343  1.6 1947  0.6
24  We        221 0205  1.7 0823  0.6 1427  1.6 2033  0.5
25  Th        221 0251  1.7 0907  0.5 1512  1.6 2120  0.5
26  Fr        221 0337  1.8 0953  0.5 1559  1.7 2208  0.4
27  Sa        221 0425  1.8 1040  0.4 1648  1.7 2258  0.4
28  Su        221 0514  1.9 1128  0.4 1738  1.8 2349  0.3
 1  Mo        321 0604  1.9 1219  0.4 1830  1.8 9999  9.9
 2  Tu        321 0042  0.3 0657  1.9 1312  0.4 1924  1.9
 3  We        321 0137  0.3 0752  1.9 1406  0.4 2019  1.9
 4  Th        321 0234  0.3 0849  1.9 1501  0.4 2115  1.9
 5  Fr        321 0332  0.3 0947  1.8 1557  0.4 2213  1.9
 6  Sa        321 0433  0.3 1045  1.8 1653  0.4 2311  1.9
 7  Su        321 0533  0.4 1143  1.8 1750  0.4 9999  9.9
 8  Mo        321 0011  1.9 0633  0.4 1240  1.7 1846  0.4
 9  Tu        321 0109  1.9 0730  0.4 1335  1.7 1942  0.4
10  We        321 0206  1.8 0824  0.4 1428  1.7 2037  0.4
11  Th        321 0300  1.8 0916  0.4 1520  1.7 2131  0.4
12  Fr        321 0351  1.8 1005  0.5 1610  1.7 2222  0.4
13  Sa        321 0440  1.8 1053  0.5 1700  1.7 2311  0.5
14  Su        321 0527  1.8 1139  0.5 1748  1.7 2359  0.5
15  Mo        321 0613  1.7 1225  0.5 1834  1.7 9999  9.9
16  Tu        321 0045  0.5 0659  1.7 1310  0.5 1920  1.7
17  We        321 0131  0.5 0745  1.6 1355  0.6 2005  1.7
18  Th        321 0217  0.6 0831  1.6 1440  0.6 2050  1.7
19  Fr        321 0304  0.6 0918  1.6 1525  0.6 2135  1.6
20  Sa        321 0352  0.6 1005  1.6 1610  0.6 2221  1.6
21  Su        321 0440  0.6 1051  1.5 1654  0.6 2307  1.6
22  Mo        321 0528  0.6 1137  1.5 1739  0.6 2354  1.7
23  Tu        321 0615  0.6 1222  1.6 1824  0.6 9999  9.9
24  We        321 0041  1.7 0700  0.6 1306  1.6 1910  0.5
25  Th        321 0128  1.7 0745  0.5 1351  1.6 1958  0.5
26  Fr        321 0215  1.8 0830  0.5 1437  1.7 2047  0.4
27  Sa        321 0303  1.8 0917  0.4 1526  1.7 2138  0.4
28  Su        321 0353  1.9 1006  0.4 1617  1.8 2231  0.3
29  Mo        321 0445  1.9 1057  0.3 1710  1.9 2325  0.3
30  Tu        321 0538  1.9 1151  0.3 1805  1.9 9999  9.9
31  We        321 0021  0.2 0634  1.9 1246  0.3 1901  1.9
 1  Th        421 0118  0.2 0732  1.9 1343  0.3 1959  2.0
 2  Fr        421 0218  0.3 0831  1.8 1441  0.3 2057  1.9
 3  Sa        421 0318  0.3 0931  1.8 1539  0.4 2157  1.9
 4  Su        421 0420  0.3 1030  1.8 1637  0.4 2256  1.9
 5  Mo        421 0520  0.4 1128  1.7 1734  0.4 2356  1.9
 6  Tu        421 0618  0.4 1224  1.7 1831  0.4 9999  9.9
 7  We        421 0053  1.8 0713  0.4 1318  1.7 1927  0.5
 8  Th        421 0148  1.8 0804  0.4 1410  1.7 2020  0.5
 9  Fr        421 0239  1.8 0853  0.5 1459  1.7 2112  0.5
10  Sa        421 0328  1.7 0939  0.5 1547  1.7 2201  0.5
11  Su        421 0414  1.7 1024  0.5 1634  1.7 2248  0.5
12  Mo        421 0459  1.7 1108  0.5 1720  1.7 2333  0.5
13  Tu        421 0543  1.6 1152  0.6 1804  1.7 9999  9.9
14  We        421 0018  0.5 0628  1.6 1236  0.6 1848  1.7
15  Th        421 0102  0.6 0712  1.6 1320  0.6 1932  1.7
16  Fr        421 0147  0.6 0758  1.6 1404  0.6 2015  1.7
17  Sa        421 0233  0.6 0845  1.5 1448  0.6 2100  1.7
18  Su        421 0320  0.6 0931  1.5 1532  0.6 2145  1.7
19  Mo        421 0407  0.6 1017  1.5 1617  0.6 2230  1.7
20  Tu        421 0453  0.6 1102  1.5 1702  0.6 2317  1.7
21  We        421 0539  0.6 1146  1.6 1748  0.6 9999  9.9
22  Th        421 0005  1.7 0624  0.5 1231  1.6 1836  0.5
23  Fr        421 0053  1.8 0710  0.5 1317  1.7 1926  0.5
24  Sa        421 0142  1.8 0756  0.4 1406  1.7 2018  0.4
25  Su        421 0233  1.8 0845  0.4 1457  1.8 2112  0.3
26  Mo        421 0325  1.9 0936  0.3 1551  1.9 2207  0.3
27  Tu        421 0419  1.9 1029  0.3 1646  1.9 2304  0.2
28  We        421 0515  1.9 1125  0.3 1743  2.0 9999  9.9
29  Th        421 0002  0.2 0612  1.9 1222  0.3 1841  2.0
30  Fr        421 0101  0.2 0712  1.9 1321  0.3 1940  2.0
 1  Sa        521 0201  0.2 0812  1.8 1420  0.3 2039  2.0
 2  Su        521 0302  0.3 0913  1.8 1519  0.3 2138  2.0
 3  Mo        521 0402  0.3 1012  1.8 1617  0.4 2238  1.9
 4  Tu        521 0501  0.4 1109  1.7 1715  0.4 2336  1.9
 5  We        521 0557  0.4 1204  1.7 1811  0.4 9999  9.9
 6  Th        521 0032  1.8 0650  0.4 1257  1.7 1906  0.5
 7  Fr        521 0125  1.8 0739  0.5 1347  1.7 1959  0.5
 8  Sa        521 0214  1.7 0825  0.5 1435  1.7 2049  0.5
 9  Su        521 0301  1.7 0909  0.5 1522  1.7 2137  0.5
10  Mo        521 0346  1.7 0953  0.5 1607  1.7 2222  0.5
11  Tu        521 0429  1.6 1036  0.6 1651  1.7 2307  0.6
12  We        521 0513  1.6 1119  0.6 1734  1.7 2350  0.6
13  Th        521 0556  1.6 1202  0.6 1817  1.7 9999  9.9
14  Fr        521 0034  0.6 0641  1.5 1245  0.6 1859  1.7
15  Sa        521 0118  0.6 0726  1.5 1329  0.6 1942  1.7
16  Su        521 0203  0.6 0812  1.5 1412  0.6 2025  1.7
17  Mo        521 0248  0.6 0857  1.5 1456  0.6 2110  1.7
18  Tu        521 0334  0.6 0943  1.5 1541  0.6 2156  1.7
19  We        521 0420  0.5 1028  1.6 1628  0.6 2243  1.7
20  Th        521 0505  0.5 1113  1.6 1716  0.5 2332  1.7
21  Fr        521 0551  0.5 1200  1.7 1807  0.5 9999  9.9
22  Sa        521 0023  1.8 0638  0.4 1248  1.7 1900  0.4
23  Su        521 0114  1.8 0727  0.4 1340  1.8 1955  0.4
24  Mo        521 0207  1.8 0817  0.4 1433  1.9 2051  0.3
25  Tu        521 0301  1.9 0910  0.3 1529  1.9 2148  0.3
26  We        521 0356  1.9 1005  0.3 1626  2.0 2246  0.2
27  Th        521 0453  1.9 1102  0.3 1724  2.0 2344  0.2
28  Fr        521 0552  1.9 1201  0.3 1822  2.0 9999  9.9
29  Sa        521 0043  0.2 0652  1.8 1259  0.3 1920  2.0
30  Su        521 0142  0.3 0752  1.8 1358  0.3 2018  2.0
31  Mo        521 0242  0.3 0851  1.8 1456  0.3 2117  1.9
 1  Tu        621 0340  0.3 0949  1.8 1554  0.4 2214  1.9
 2  We        621 0437  0.4 1044  1.7 1651  0.4 2311  1.8
 3  Th        621 0530  0.4 1138  1.7 1746  0.5 9999  9.9
 4  Fr        621 0005  1.8 0621  0.4 1229  1.7 1841  0.5
 5  Sa        621 0056  1.7 0708  0.5 1319  1.7 1933  0.5
 6  Su        621 0144  1.7 0754  0.5 1407  1.7 2023  0.6
 7  Mo        621 0230  1.6 0838  0.5 1454  1.7 2110  0.6
 8  Tu        621 0315  1.6 0921  0.5 1539  1.7 2155  0.6
 9  We        621 0359  1.6 1004  0.6 1622  1.7 2239  0.6
10  Th        621 0442  1.6 1047  0.6 1705  1.7 2322  0.6
11  Fr        621 0526  1.6 1129  0.6 1746  1.7 9999  9.9
12  Sa        621 0004  0.6 0609  1.5 1212  0.6 1828  1.7
13  Su        621 0047  0.5 0654  1.5 1255  0.6 1910  1.7
14  Mo        621 0131  0.5 0739  1.6 1338  0.6 1953  1.7
15  Tu        621 0216  0.5 0824  1.6 1423  0.6 2038  1.7
16  We        621 0301  0.5 0909  1.6 1510  0.5 2125  1.8
17  Th        621 0348  0.5 0956  1.6 1558  0.5 2214  1.8
18  Fr        621 0435  0.5 1043  1.7 1649  0.5 2305  1.8
19  Sa        621 0522  0.5 1133  1.7 1743  0.5 2357  1.8
20  Su        621 0611  0.4 1225  1.8 1839  0.4 9999  9.9
21  Mo        621 0051  1.8 0702  0.4 1319  1.8 1936  0.4
22  Tu        621 0146  1.8 0755  0.3 1415  1.9 2034  0.3
23  We        621 0241  1.8 0849  0.3 1512  2.0 2132  0.3
24  Th        621 0337  1.8 0946  0.3 1609  2.0 2229  0.3
25  Fr        621 0435  1.8 1043  0.3 1707  2.0 2327  0.3
26  Sa        621 0533  1.8 1141  0.3 1803  2.0 9999  9.9
27  Su        621 0024  0.3 0631  1.8 1238  0.3 1900  2.0
28  Mo        621 0121  0.3 0729  1.8 1335  0.3 1956  2.0
29  Tu        621 0218  0.3 0826  1.8 1431  0.4 2051  1.9
30  We        621 0313  0.4 0921  1.8 1527  0.4 2146  1.8
 1  Th        721 0406  0.4 1015  1.7 1622  0.5 2240  1.8
 2  Fr        721 0458  0.4 1107  1.7 1717  0.5 2332  1.7
 3  Sa        721 0547  0.5 1157  1.7 1810  0.5 9999  9.9
 4  Su        721 0023  1.7 0634  0.5 1247  1.7 1902  0.6
 5  Mo        721 0111  1.6 0719  0.5 1335  1.7 1952  0.6
 6  Tu        721 0158  1.6 0804  0.5 1422  1.7 2040  0.6
 7  We        721 0243  1.6 0848  0.5 1508  1.7 2125  0.6
 8  Th        721 0327  1.6 0931  0.5 1551  1.7 2208  0.6
 9  Fr        721 0410  1.6 1014  0.5 1633  1.7 2251  0.5
10  Sa        721 0454  1.6 1057  0.5 1715  1.8 2333  0.5
11  Su        721 0537  1.6 1140  0.5 1756  1.8 9999  9.9
12  Mo        721 0015  0.5 0621  1.6 1223  0.5 1839  1.8
13  Tu        721 0059  0.5 0706  1.6 1308  0.5 1923  1.8
14  We        721 0144  0.5 0752  1.6 1354  0.5 2009  1.8
15  Th        721 0230  0.5 0839  1.7 1443  0.5 2058  1.8
16  Fr        721 0318  0.5 0927  1.7 1534  0.5 2150  1.8
17  Sa        721 0407  0.4 1018  1.7 1628  0.4 2243  1.8
18  Su        721 0457  0.4 1111  1.8 1725  0.4 2338  1.8
19  Mo        721 0549  0.4 1206  1.8 1824  0.4 9999  9.9
20  Tu        721 0033  1.8 0642  0.4 1302  1.9 1923  0.4
21  We        721 0129  1.8 0737  0.4 1400  1.9 2021  0.4
22  Th        721 0225  1.8 0833  0.3 1458  2.0 2118  0.3
23  Fr        721 0322  1.8 0930  0.3 1555  2.0 2214  0.3
24  Sa        721 0418  1.8 1026  0.3 1650  2.0 2309  0.3
25  Su        721 0514  1.8 1123  0.3 1745  2.0 9999  9.9
26  Mo        721 0004  0.3 0610  1.8 1218  0.3 1838  2.0
27  Tu        721 0058  0.3 0704  1.8 1312  0.3 1931  1.9
28  We        721 0150  0.4 0758  1.8 1405  0.4 2023  1.9
29  Th        721 0242  0.4 0850  1.7 1458  0.4 2115  1.8
30  Fr        721 0332  0.4 0941  1.7 1550  0.5 2206  1.7
31  Sa        721 0421  0.5 1032  1.7 1643  0.5 2257  1.7
 1  Su        821 0509  0.5 1122  1.7 1736  0.6 2347  1.6
 2  Mo        821 0556  0.5 1211  1.7 1828  0.6 9999  9.9
 3  Tu        821 0036  1.6 0642  0.5 1300  1.7 1919  0.6
 4  We        821 0123  1.6 0728  0.6 1348  1.7 2006  0.6
 5  Th        821 0208  1.6 0813  0.6 1433  1.7 2051  0.6
 6  Fr        821 0253  1.6 0857  0.5 1517  1.7 2134  0.5
 7  Sa        821 0336  1.6 0941  0.5 1559  1.8 2216  0.5
 8  Su        821 0420  1.6 1024  0.5 1642  1.8 2259  0.5
 9  Mo        821 0503  1.6 1108  0.5 1724  1.8 2342  0.5
10  Tu        821 0548  1.7 1153  0.4 1809  1.9 9999  9.9
11  We        821 0026  0.4 0634  1.7 1240  0.4 1855  1.9
12  Th        821 0113  0.4 0722  1.7 1329  0.4 1944  1.9
13  Fr        821 0201  0.4 0812  1.8 1420  0.4 2035  1.8
14  Sa        821 0252  0.4 0903  1.8 1515  0.4 2129  1.8
15  Su        821 0343  0.4 0957  1.8 1612  0.4 2225  1.8
16  Mo        821 0436  0.4 1053  1.8 1711  0.4 2322  1.8
17  Tu        821 0531  0.4 1151  1.8 1812  0.4 9999  9.9
18  We        821 0019  1.7 0626  0.4 1250  1.9 1911  0.4
19  Th        821 0116  1.7 0723  0.4 1348  1.9 2009  0.4
20  Fr        821 0212  1.7 0820  0.4 1445  1.9 2105  0.4
21  Sa        821 0307  1.8 0916  0.3 1540  1.9 2158  0.4
22  Su        821 0402  1.8 1011  0.3 1634  1.9 2250  0.4
23  Mo        821 0455  1.8 1105  0.3 1725  1.9 2341  0.4
24  Tu        821 0548  1.8 1157  0.3 1815  1.9 9999  9.9
25  We        821 0031  0.4 0639  1.8 1248  0.4 1905  1.8
26  Th        821 0121  0.4 0729  1.8 1338  0.4 1954  1.8
27  Fr        821 0209  0.5 0818  1.7 1428  0.5 2043  1.7
28  Sa        821 0257  0.5 0907  1.7 1518  0.5 2132  1.7
29  Su        821 0344  0.5 0955  1.7 1609  0.6 2221  1.6
30  Mo        821 0431  0.5 1044  1.7 1701  0.6 2311  1.6
31  Tu        821 0517  0.6 1133  1.7 1752  0.6 2359  1.6
 1  We        921 0604  0.6 1222  1.7 1842  0.6 9999  9.9
 2  Th        921 0046  1.6 0650  0.6 1310  1.7 1929  0.6
 3  Fr        921 0132  1.6 0736  0.6 1356  1.7 2014  0.6
 4  Sa        921 0216  1.6 0821  0.5 1440  1.7 2057  0.5
 5  Su        921 0300  1.6 0906  0.5 1524  1.8 2140  0.5
 6  Mo        921 0344  1.6 0951  0.5 1608  1.8 2223  0.4
 7  Tu        921 0430  1.7 1038  0.4 1653  1.9 2308  0.4
 8  We        921 0516  1.7 1125  0.4 1740  1.9 2355  0.4
 9  Th        921 0605  1.8 1215  0.3 1829  1.9 9999  9.9
10  Fr        921 0044  0.4 0656  1.8 1307  0.3 1921  1.9
11  Sa        921 0135  0.4 0748  1.9 1402  0.3 2015  1.9
12  Su        921 0228  0.4 0843  1.9 1459  0.3 2112  1.8
13  Mo        921 0323  0.4 0939  1.9 1558  0.4 2210  1.8
14  Tu        921 0419  0.4 1038  1.9 1659  0.4 2308  1.7
15  We        921 0515  0.4 1137  1.9 1800  0.4 9999  9.9
16  Th        921 0006  1.7 0613  0.4 1237  1.9 1859  0.4
17  Fr        921 0103  1.7 0710  0.4 1335  1.9 1955  0.4
18  Sa        921 0158  1.7 0807  0.4 1431  1.9 2049  0.4
19  Su        921 0252  1.7 0902  0.4 1524  1.9 2140  0.4
20  Mo        921 0344  1.7 0956  0.4 1615  1.9 2229  0.4
21  Tu        921 0436  1.7 1047  0.4 1704  1.8 2317  0.4
22  We        921 0525  1.8 1137  0.4 1751  1.8 9999  9.9
23  Th        921 0004  0.4 0614  1.7 1225  0.4 1838  1.7
24  Fr        921 0050  0.5 0701  1.7 1312  0.5 1924  1.7
25  Sa        921 0136  0.5 0747  1.7 1359  0.5 2011  1.6
26  Su        921 0222  0.5 0833  1.7 1447  0.6 2059  1.6
27  Mo        921 0307  0.5 0920  1.7 1536  0.6 2147  1.6
28  Tu        921 0353  0.6 1007  1.7 1626  0.6 2235  1.6
29  We        921 0439  0.6 1054  1.7 1715  0.6 2322  1.6
30  Th        921 0525  0.6 1142  1.7 1803  0.6 9999  9.9
 1  Fr       1021 0008  1.6 0610  0.6 1229  1.7 1849  0.6
 2  Sa       1021 0053  1.6 0657  0.6 1316  1.7 1934  0.5
 3  Su       1021 0138  1.6 0743  0.5 1401  1.8 2017  0.5
 4  Mo       1021 0223  1.6 0831  0.5 1447  1.8 2102  0.5
 5  Tu       1021 0309  1.7 0919  0.4 1534  1.8 2147  0.4
 6  We       1021 0357  1.8 1009  0.4 1622  1.9 2235  0.4
 7  Th       1021 0447  1.8 1100  0.3 1713  1.9 2325  0.3
 8  Fr       1021 0539  1.9 1153  0.3 1805  1.9 9999  9.9
 9  Sa       1021 0017  0.3 0633  1.9 1248  0.3 1900  1.9
10  Su       1021 0111  0.3 0728  2.0 1345  0.3 1957  1.9
11  Mo       1021 0207  0.3 0825  2.0 1444  0.3 2055  1.8
12  Tu       1021 0304  0.3 0923  1.9 1545  0.3 2155  1.8
13  We       1021 0402  0.3 1023  1.9 1646  0.3 2253  1.8
14  Th       1021 0500  0.4 1123  1.9 1746  0.4 2351  1.7
15  Fr       1021 0558  0.4 1222  1.9 1843  0.4 9999  9.9
16  Sa       1021 0047  1.7 0655  0.4 1319  1.9 1937  0.4
17  Su       1021 0142  1.7 0752  0.4 1414  1.8 2028  0.4
18  Mo       1021 0234  1.7 0846  0.4 1505  1.8 2117  0.4
19  Tu       1021 0325  1.7 0938  0.4 1554  1.8 2205  0.5
20  We       1021 0415  1.7 1028  0.5 1640  1.7 2250  0.5
21  Th       1021 0502  1.7 1115  0.5 1726  1.7 2336  0.5
22  Fr       1021 0548  1.7 1202  0.5 1811  1.7 9999  9.9
23  Sa       1021 0020  0.5 0633  1.7 1247  0.5 1856  1.6
24  Su       1021 0104  0.5 0718  1.7 1332  0.5 1941  1.6
25  Mo       1021 0148  0.5 0802  1.7 1418  0.6 2027  1.6
26  Tu       1021 0232  0.6 0846  1.7 1504  0.6 2113  1.6
27  We       1021 0316  0.6 0930  1.7 1551  0.6 2159  1.5
28  Th       1021 0401  0.6 1016  1.7 1638  0.6 2245  1.6
29  Fr       1021 0445  0.6 1102  1.7 1724  0.6 2329  1.6
30  Sa       1021 0531  0.6 1149  1.7 1809  0.5 9999  9.9
31  Su       1021 0014  1.6 0618  0.5 1236  1.7 1854  0.5
 1  Mo       1121 0059  1.6 0707  0.5 1324  1.8 1938  0.5
 2  Tu       1121 0146  1.7 0757  0.4 1412  1.8 2025  0.4
 3  We       1121 0236  1.8 0849  0.4 1502  1.8 2113  0.4
 4  Th       1121 0327  1.8 0943  0.3 1554  1.9 2205  0.3
 5  Fr       1121 0421  1.9 1037  0.3 1647  1.9 2258  0.3
 6  Sa       1121 0516  2.0 1133  0.2 1743  1.9 2353  0.3
 7  Su       1121 0612  2.0 1230  0.2 1840  1.9 9999  9.9
 8  Mo       1121 0050  0.3 0709  2.0 1329  0.2 1939  1.9
 9  Tu       1121 0148  0.3 0807  2.0 1429  0.3 2038  1.8
10  We       1121 0246  0.3 0906  2.0 1529  0.3 2137  1.8
11  Th       1121 0344  0.3 1006  2.0 1629  0.3 2235  1.8
12  Fr       1121 0442  0.4 1105  1.9 1726  0.4 2332  1.7
13  Sa       1121 0540  0.4 1203  1.9 1822  0.4 9999  9.9
14  Su       1121 0027  1.7 0637  0.4 1258  1.8 1914  0.4
15  Mo       1121 0121  1.7 0733  0.5 1351  1.8 2004  0.5
16  Tu       1121 0213  1.7 0827  0.5 1441  1.7 2051  0.5
17  We       1121 0303  1.7 0918  0.5 1529  1.7 2137  0.5
18  Th       1121 0351  1.7 1006  0.5 1615  1.7 2222  0.5
19  Fr       1121 0438  1.7 1053  0.5 1659  1.6 2307  0.5
20  Sa       1121 0523  1.7 1138  0.5 1744  1.6 2350  0.5
21  Su       1121 0606  1.7 1221  0.5 1828  1.6 9999  9.9
22  Mo       1121 0034  0.6 0649  1.7 1305  0.6 1912  1.6
23  Tu       1121 0116  0.6 0731  1.7 1349  0.6 1957  1.6
24  We       1121 0159  0.6 0813  1.7 1433  0.6 2041  1.6
25  Th       1121 0242  0.6 0856  1.7 1518  0.6 2125  1.6
26  Fr       1121 0325  0.6 0940  1.7 1602  0.6 2208  1.6
27  Sa       1121 0409  0.6 1025  1.7 1646  0.5 2252  1.6
28  Su       1121 0455  0.5 1112  1.7 1731  0.5 2337  1.6
29  Mo       1121 0543  0.5 1200  1.7 1816  0.5 9999  9.9
30  Tu       1121 0024  1.7 0635  0.5 1250  1.8 1903  0.5
 1  We       1221 0114  1.7 0728  0.4 1341  1.8 1952  0.4
 2  Th       1221 0206  1.8 0823  0.4 1434  1.8 2044  0.4
 3  Fr       1221 0301  1.9 0920  0.3 1529  1.8 2138  0.3
 4  Sa       1221 0358  1.9 1017  0.3 1625  1.9 2234  0.3
 5  Su       1221 0456  2.0 1115  0.2 1722  1.9 2332  0.3
 6  Mo       1221 0553  2.0 1213  0.2 1821  1.9 9999  9.9
 7  Tu       1221 0030  0.3 0651  2.1 1312  0.2 1920  1.9
 8  We       1221 0128  0.3 0749  2.0 1411  0.3 2019  1.8
 9  Th       1221 0226  0.3 0848  2.0 1510  0.3 2117  1.8
10  Fr       1221 0324  0.3 0945  1.9 1607  0.3 2214  1.8
11  Sa       1221 0421  0.4 1043  1.9 1702  0.4 2309  1.8
12  Su       1221 0518  0.4 1139  1.8 1755  0.4 9999  9.9
13  Mo       1221 0003  1.7 0615  0.5 1233  1.8 1846  0.5
14  Tu       1221 0055  1.7 0710  0.5 1325  1.7 1934  0.5
15  We       1221 0147  1.7 0803  0.5 1414  1.7 2021  0.5
16  Th       1221 0237  1.7 0853  0.6 1501  1.6 2107  0.5
17  Fr       1221 0325  1.7 0941  0.6 1546  1.6 2152  0.6
18  Sa       1221 0410  1.7 1027  0.6 1631  1.6 2237  0.6
19  Su       1221 0454  1.7 1111  0.6 1715  1.6 2320  0.6
20  Mo       1221 0537  1.7 1153  0.6 1758  1.6 9999  9.9
21  Tu       1221 0003  0.6 0618  1.7 1236  0.6 1842  1.6
22  We       1221 0045  0.6 0659  1.7 1318  0.6 1925  1.6
23  Th       1221 0126  0.6 0741  1.7 1401  0.6 2008  1.6
24  Fr       1221 0208  0.5 0823  1.7 1444  0.5 2050  1.6
25  Sa       1221 0252  0.5 0907  1.7 1527  0.5 2134  1.6
26  Su       1221 0337  0.5 0953  1.7 1612  0.5 2218  1.6
27  Mo       1221 0424  0.5 1041  1.7 1657  0.5 2305  1.7
28  Tu       1221 0515  0.5 1131  1.7 1744  0.5 2355  1.7
29  We       1221 0609  0.5 1222  1.7 1833  0.4 9999  9.9
30  Th       1221 0047  1.8 0705  0.4 1316  1.8 1925  0.4
31  Fr       1221 0143  1.8 0803  0.4 1411  1.8 2019  0.4
