106Kaikoura
Based on data from  1-Jul-2012
Local Std Time, tidal heights in metres.
 1  Su        117 0038  0.5 0655  1.8 1312  0.5 1918  1.7
 2  Mo        117 0122  0.5 0739  1.8 1357  0.5 2003  1.7
 3  Tu        117 0207  0.5 0824  1.8 1443  0.5 2049  1.7
 4  We        117 0254  0.4 0912  1.8 1530  0.4 2136  1.7
 5  Th        117 0343  0.4 1001  1.8 1618  0.4 2225  1.8
 6  Fr        117 0435  0.4 1052  1.8 1707  0.4 2316  1.8
 7  Sa        117 0529  0.4 1145  1.8 1758  0.4 9999  9.9
 8  Su        117 0010  1.8 0625  0.4 1240  1.8 1851  0.4
 9  Mo        117 0105  1.9 0723  0.3 1335  1.8 1945  0.3
10  Tu        117 0203  1.9 0821  0.3 1432  1.8 2042  0.3
11  We        117 0301  2.0 0919  0.3 1528  1.9 2139  0.3
12  Th        117 0359  2.0 1017  0.3 1626  1.9 2237  0.3
13  Fr        117 0456  2.0 1114  0.3 1723  1.9 2334  0.2
14  Sa        117 0552  2.0 1210  0.3 1820  1.9 9999  9.9
15  Su        117 0030  0.3 0647  2.0 1305  0.3 1916  1.8
16  Mo        117 0125  0.3 0741  1.9 1359  0.3 2010  1.8
17  Tu        117 0219  0.3 0834  1.9 1452  0.4 2103  1.8
18  We        117 0311  0.4 0926  1.8 1543  0.4 2154  1.7
19  Th        117 0403  0.5 1017  1.7 1632  0.5 2244  1.7
20  Fr        117 0455  0.5 1107  1.7 1720  0.5 2333  1.7
21  Sa        117 0546  0.5 1156  1.7 1806  0.5 9999  9.9
22  Su        117 0022  1.7 0636  0.6 1243  1.6 1852  0.5
23  Mo        117 0110  1.7 0725  0.6 1330  1.6 1938  0.6
24  Tu        117 0158  1.7 0813  0.6 1416  1.6 2024  0.6
25  We        117 0244  1.7 0859  0.5 1501  1.6 2109  0.5
26  Th        117 0329  1.7 0944  0.5 1546  1.6 2154  0.5
27  Fr        117 0413  1.7 1027  0.5 1631  1.6 2238  0.5
28  Sa        117 0456  1.8 1111  0.5 1715  1.7 2322  0.5
29  Su        117 0540  1.8 1155  0.5 1800  1.7 9999  9.9
30  Mo        117 0007  0.4 0624  1.8 1240  0.4 1847  1.7
31  Tu        117 0053  0.4 0710  1.8 1327  0.4 1934  1.8
 1  We        217 0141  0.4 0758  1.8 1415  0.4 2022  1.8
 2  Th        217 0231  0.4 0849  1.8 1504  0.4 2112  1.8
 3  Fr        217 0323  0.4 0941  1.8 1555  0.4 2204  1.8
 4  Sa        217 0418  0.4 1035  1.8 1647  0.4 2258  1.8
 5  Su        217 0515  0.4 1130  1.8 1740  0.4 2354  1.9
 6  Mo        217 0613  0.4 1225  1.8 1835  0.4 9999  9.9
 7  Tu        217 0051  1.9 0711  0.4 1321  1.8 1930  0.3
 8  We        217 0149  1.9 0808  0.3 1417  1.8 2027  0.3
 9  Th        217 0247  1.9 0905  0.3 1513  1.8 2124  0.3
10  Fr        217 0343  1.9 1000  0.3 1609  1.8 2220  0.3
11  Sa        217 0438  1.9 1054  0.3 1704  1.8 2315  0.3
12  Su        217 0532  1.9 1148  0.4 1758  1.8 9999  9.9
13  Mo        217 0009  0.3 0624  1.9 1240  0.4 1851  1.8
14  Tu        217 0101  0.4 0715  1.8 1331  0.4 1942  1.8
15  We        217 0152  0.4 0805  1.8 1420  0.5 2032  1.7
16  Th        217 0242  0.4 0855  1.7 1508  0.5 2120  1.7
17  Fr        217 0332  0.5 0943  1.7 1555  0.5 2208  1.7
18  Sa        217 0421  0.5 1032  1.6 1642  0.5 2256  1.7
19  Su        217 0511  0.6 1119  1.6 1728  0.6 2344  1.7
20  Mo        217 0600  0.6 1207  1.6 1814  0.6 9999  9.9
21  Tu        217 0032  1.7 0649  0.6 1254  1.6 1900  0.6
22  We        217 0120  1.7 0736  0.6 1339  1.6 1946  0.6
23  Th        217 0206  1.7 0822  0.5 1425  1.6 2032  0.5
24  Fr        217 0251  1.7 0906  0.5 1509  1.6 2117  0.5
25  Sa        217 0336  1.8 0950  0.5 1554  1.7 2203  0.5
26  Su        217 0420  1.8 1034  0.4 1640  1.7 2249  0.4
27  Mo        217 0506  1.8 1120  0.4 1727  1.8 2337  0.4
28  Tu        217 0553  1.9 1207  0.4 1816  1.8 9999  9.9
 1  We        317 0026  0.3 0642  1.9 1257  0.4 1906  1.8
 2  Th        317 0118  0.3 0734  1.9 1348  0.4 1958  1.9
 3  Fr        317 0211  0.3 0828  1.9 1441  0.4 2052  1.9
 4  Sa        317 0307  0.3 0923  1.8 1535  0.3 2147  1.9
 5  Su        317 0404  0.3 1020  1.8 1630  0.4 2243  1.9
 6  Mo        317 0503  0.3 1117  1.8 1725  0.4 2341  1.9
 7  Tu        317 0602  0.4 1214  1.8 1822  0.4 9999  9.9
 8  We        317 0039  1.9 0700  0.4 1309  1.8 1918  0.4
 9  Th        317 0137  1.9 0756  0.4 1404  1.8 2014  0.4
10  Fr        317 0233  1.9 0850  0.4 1459  1.8 2110  0.4
11  Sa        317 0327  1.9 0942  0.4 1552  1.8 2204  0.4
12  Su        317 0419  1.9 1033  0.4 1644  1.8 2256  0.4
13  Mo        317 0510  1.8 1123  0.4 1735  1.8 2347  0.4
14  Tu        317 0559  1.8 1211  0.5 1824  1.8 9999  9.9
15  We        317 0036  0.4 0647  1.7 1259  0.5 1913  1.7
16  Th        317 0124  0.5 0734  1.7 1346  0.5 1959  1.7
17  Fr        317 0212  0.5 0822  1.7 1432  0.5 2046  1.7
18  Sa        317 0259  0.5 0909  1.6 1518  0.6 2132  1.7
19  Su        317 0347  0.6 0957  1.6 1604  0.6 2219  1.7
20  Mo        317 0436  0.6 1044  1.6 1650  0.6 2306  1.7
21  Tu        317 0524  0.6 1131  1.6 1736  0.6 2353  1.7
22  We        317 0612  0.6 1217  1.6 1822  0.6 9999  9.9
23  Th        317 0040  1.7 0658  0.5 1302  1.6 1908  0.6
24  Fr        317 0126  1.7 0743  0.5 1347  1.6 1954  0.5
25  Sa        317 0212  1.7 0827  0.5 1432  1.7 2041  0.5
26  Su        317 0258  1.8 0911  0.4 1518  1.7 2128  0.4
27  Mo        317 0345  1.8 0957  0.4 1606  1.8 2218  0.4
28  Tu        317 0433  1.9 1045  0.4 1656  1.8 2309  0.3
29  We        317 0523  1.9 1136  0.3 1747  1.9 9999  9.9
30  Th        317 0001  0.3 0616  1.9 1228  0.3 1841  1.9
31  Fr        317 0056  0.3 0711  1.9 1323  0.3 1936  2.0
 1  Sa        417 0153  0.3 0808  1.9 1419  0.3 2033  2.0
 2  Su        417 0251  0.3 0907  1.9 1516  0.3 2130  2.0
 3  Mo        417 0351  0.3 1006  1.8 1613  0.3 2229  1.9
 4  Tu        417 0451  0.3 1104  1.8 1711  0.3 2328  1.9
 5  We        417 0550  0.3 1201  1.8 1808  0.4 9999  9.9
 6  Th        417 0026  1.9 0647  0.4 1257  1.8 1905  0.4
 7  Fr        417 0123  1.9 0741  0.4 1350  1.8 2001  0.4
 8  Sa        417 0217  1.8 0832  0.4 1443  1.8 2054  0.4
 9  Su        417 0308  1.8 0921  0.4 1533  1.8 2146  0.4
10  Mo        417 0358  1.8 1009  0.5 1623  1.7 2236  0.4
11  Tu        417 0445  1.7 1056  0.5 1711  1.7 2324  0.5
12  We        417 0531  1.7 1141  0.5 1757  1.7 9999  9.9
13  Th        417 0010  0.5 0617  1.7 1226  0.5 1842  1.7
14  Fr        417 0056  0.5 0703  1.6 1311  0.5 1927  1.7
15  Sa        417 0142  0.5 0749  1.6 1356  0.6 2012  1.7
16  Su        417 0228  0.5 0836  1.6 1441  0.6 2056  1.7
17  Mo        417 0315  0.6 0923  1.6 1527  0.6 2142  1.7
18  Tu        417 0402  0.6 1010  1.6 1612  0.6 2228  1.7
19  We        417 0449  0.5 1056  1.6 1658  0.6 2315  1.7
20  Th        417 0535  0.5 1141  1.6 1744  0.6 9999  9.9
21  Fr        417 0001  1.7 0620  0.5 1226  1.6 1830  0.5
22  Sa        417 0048  1.7 0704  0.5 1311  1.7 1918  0.5
23  Su        417 0135  1.8 0749  0.4 1357  1.7 2007  0.4
24  Mo        417 0222  1.8 0835  0.4 1445  1.8 2057  0.4
25  Tu        417 0311  1.8 0923  0.4 1535  1.9 2149  0.3
26  We        417 0403  1.9 1014  0.3 1628  1.9 2243  0.3
27  Th        417 0456  1.9 1107  0.3 1722  2.0 2339  0.2
28  Fr        417 0552  1.9 1202  0.3 1818  2.0 9999  9.9
29  Sa        417 0036  0.2 0649  1.9 1300  0.3 1915  2.0
30  Su        417 0135  0.2 0749  1.9 1358  0.3 2014  2.0
 1  Mo        517 0235  0.2 0849  1.9 1457  0.3 2113  2.0
 2  Tu        517 0336  0.3 0949  1.8 1556  0.3 2212  2.0
 3  We        517 0435  0.3 1048  1.8 1654  0.3 2312  1.9
 4  Th        517 0534  0.3 1145  1.8 1752  0.4 9999  9.9
 5  Fr        517 0009  1.9 0629  0.4 1240  1.8 1849  0.4
 6  Sa        517 0105  1.8 0721  0.4 1333  1.8 1944  0.4
 7  Su        517 0157  1.8 0810  0.4 1424  1.7 2036  0.5
 8  Mo        517 0246  1.7 0857  0.5 1513  1.7 2126  0.5
 9  Tu        517 0333  1.7 0943  0.5 1600  1.7 2213  0.5
10  We        517 0419  1.7 1027  0.5 1645  1.7 2259  0.5
11  Th        517 0503  1.6 1111  0.5 1729  1.7 2344  0.5
12  Fr        517 0547  1.6 1154  0.5 1813  1.7 9999  9.9
13  Sa        517 0028  0.5 0632  1.6 1238  0.6 1856  1.7
14  Su        517 0112  0.5 0717  1.6 1322  0.6 1939  1.7
15  Mo        517 0157  0.5 0803  1.6 1406  0.6 2022  1.7
16  Tu        517 0243  0.5 0850  1.6 1451  0.6 2107  1.7
17  We        517 0328  0.5 0935  1.6 1536  0.6 2152  1.7
18  Th        517 0414  0.5 1021  1.6 1621  0.6 2238  1.7
19  Fr        517 0459  0.5 1106  1.6 1708  0.5 2325  1.7
20  Sa        517 0544  0.5 1151  1.7 1756  0.5 9999  9.9
21  Su        517 0012  1.7 0629  0.5 1237  1.7 1846  0.5
22  Mo        517 0101  1.8 0715  0.4 1325  1.8 1937  0.4
23  Tu        517 0151  1.8 0803  0.4 1416  1.9 2031  0.4
24  We        517 0243  1.8 0853  0.3 1509  1.9 2125  0.3
25  Th        517 0336  1.9 0947  0.3 1604  2.0 2222  0.2
26  Fr        517 0432  1.9 1042  0.2 1700  2.0 2319  0.2
27  Sa        517 0529  1.9 1139  0.2 1758  2.1 9999  9.9
28  Su        517 0017  0.2 0629  1.9 1238  0.2 1856  2.1
29  Mo        517 0116  0.2 0729  1.9 1337  0.2 1954  2.1
30  Tu        517 0216  0.2 0829  1.9 1436  0.3 2053  2.0
31  We        517 0316  0.3 0929  1.8 1535  0.3 2152  2.0
 1  Th        617 0415  0.3 1027  1.8 1634  0.3 2251  1.9
 2  Fr        617 0512  0.3 1123  1.8 1732  0.4 2347  1.8
 3  Sa        617 0605  0.4 1218  1.8 1828  0.4 9999  9.9
 4  Su        617 0041  1.8 0656  0.4 1310  1.7 1922  0.5
 5  Mo        617 0132  1.7 0744  0.5 1400  1.7 2014  0.5
 6  Tu        617 0220  1.7 0830  0.5 1448  1.7 2102  0.5
 7  We        617 0306  1.7 0914  0.5 1534  1.7 2148  0.5
 8  Th        617 0350  1.6 0957  0.5 1618  1.7 2233  0.5
 9  Fr        617 0434  1.6 1040  0.5 1701  1.7 2316  0.5
10  Sa        617 0518  1.6 1124  0.5 1743  1.7 2359  0.5
11  Su        617 0602  1.6 1207  0.5 1825  1.7 9999  9.9
12  Mo        617 0042  0.5 0647  1.6 1250  0.5 1907  1.7
13  Tu        617 0126  0.5 0732  1.6 1333  0.5 1950  1.7
14  We        617 0211  0.5 0817  1.6 1417  0.5 2033  1.7
15  Th        617 0255  0.5 0902  1.6 1502  0.5 2118  1.7
16  Fr        617 0340  0.5 0947  1.6 1548  0.5 2205  1.7
17  Sa        617 0425  0.5 1032  1.7 1636  0.5 2253  1.7
18  Su        617 0511  0.5 1119  1.7 1726  0.5 2342  1.8
19  Mo        617 0557  0.4 1208  1.8 1819  0.4 9999  9.9
20  Tu        617 0033  1.8 0646  0.4 1259  1.8 1913  0.4
21  We        617 0125  1.8 0736  0.3 1352  1.9 2009  0.3
22  Th        617 0219  1.8 0829  0.3 1448  2.0 2106  0.3
23  Fr        617 0315  1.9 0924  0.3 1544  2.0 2203  0.2
24  Sa        617 0411  1.9 1021  0.2 1641  2.1 2300  0.2
25  Su        617 0509  1.9 1119  0.2 1739  2.1 2358  0.2
26  Mo        617 0608  1.9 1218  0.2 1836  2.1 9999  9.9
27  Tu        617 0056  0.2 0708  1.9 1316  0.2 1933  2.1
28  We        617 0155  0.2 0807  1.9 1414  0.3 2031  2.0
29  Th        617 0253  0.3 0905  1.8 1512  0.3 2128  1.9
30  Fr        617 0349  0.3 1001  1.8 1609  0.4 2225  1.9
 1  Sa        717 0444  0.4 1057  1.8 1706  0.4 2320  1.8
 2  Su        717 0536  0.4 1150  1.7 1801  0.5 9999  9.9
 3  Mo        717 0012  1.7 0625  0.5 1242  1.7 1855  0.5
 4  Tu        717 0102  1.7 0713  0.5 1332  1.7 1946  0.5
 5  We        717 0150  1.6 0758  0.5 1419  1.7 2034  0.5
 6  Th        717 0235  1.6 0843  0.5 1505  1.7 2120  0.5
 7  Fr        717 0320  1.6 0927  0.5 1549  1.7 2204  0.5
 8  Sa        717 0404  1.6 1010  0.5 1631  1.7 2247  0.5
 9  Su        717 0448  1.6 1053  0.5 1713  1.8 2329  0.5
10  Mo        717 0532  1.6 1136  0.5 1754  1.8 9999  9.9
11  Tu        717 0012  0.5 0615  1.6 1219  0.5 1836  1.8
12  We        717 0055  0.5 0700  1.6 1302  0.5 1918  1.8
13  Th        717 0138  0.5 0744  1.6 1346  0.5 2002  1.8
14  Fr        717 0223  0.5 0829  1.7 1432  0.5 2048  1.8
15  Sa        717 0308  0.5 0915  1.7 1519  0.5 2136  1.8
16  Su        717 0354  0.4 1003  1.7 1610  0.5 2226  1.8
17  Mo        717 0442  0.4 1052  1.8 1703  0.4 2318  1.8
18  Tu        717 0531  0.4 1144  1.8 1758  0.4 9999  9.9
19  We        717 0011  1.8 0622  0.4 1238  1.9 1855  0.4
20  Th        717 0105  1.8 0715  0.3 1334  1.9 1952  0.3
21  Fr        717 0201  1.8 0810  0.3 1431  2.0 2049  0.3
22  Sa        717 0257  1.8 0907  0.3 1528  2.0 2146  0.3
23  Su        717 0354  1.9 1004  0.2 1624  2.1 2243  0.2
24  Mo        717 0451  1.9 1101  0.2 1720  2.1 2339  0.2
25  Tu        717 0549  1.9 1158  0.2 1816  2.1 9999  9.9
26  We        717 0035  0.2 0646  1.9 1255  0.2 1911  2.0
27  Th        717 0131  0.3 0742  1.9 1350  0.3 2006  1.9
28  Fr        717 0226  0.3 0838  1.8 1446  0.3 2101  1.9
29  Sa        717 0319  0.4 0932  1.8 1541  0.4 2155  1.8
30  Su        717 0411  0.4 1025  1.8 1636  0.5 2247  1.7
31  Mo        717 0502  0.5 1117  1.7 1730  0.5 2339  1.7
 1  Tu        817 0550  0.5 1208  1.7 1823  0.5 9999  9.9
 2  We        817 0028  1.6 0638  0.5 1258  1.7 1913  0.6
 3  Th        817 0116  1.6 0724  0.5 1346  1.7 2002  0.6
 4  Fr        817 0202  1.6 0810  0.5 1432  1.7 2048  0.5
 5  Sa        817 0248  1.6 0855  0.5 1517  1.7 2132  0.5
 6  Su        817 0332  1.6 0939  0.5 1559  1.8 2214  0.5
 7  Mo        817 0416  1.6 1022  0.5 1641  1.8 2257  0.5
 8  Tu        817 0500  1.7 1105  0.5 1723  1.8 2339  0.5
 9  We        817 0543  1.7 1148  0.5 1805  1.8 9999  9.9
10  Th        817 0022  0.4 0627  1.7 1232  0.4 1848  1.8
11  Fr        817 0106  0.4 0713  1.7 1318  0.4 1934  1.8
12  Sa        817 0152  0.4 0759  1.7 1406  0.4 2022  1.8
13  Su        817 0239  0.4 0847  1.8 1456  0.4 2112  1.8
14  Mo        817 0328  0.4 0938  1.8 1549  0.4 2205  1.8
15  Tu        817 0418  0.4 1030  1.8 1645  0.4 2259  1.8
16  We        817 0510  0.4 1125  1.9 1743  0.4 2354  1.8
17  Th        817 0604  0.4 1222  1.9 1841  0.4 9999  9.9
18  Fr        817 0050  1.8 0659  0.3 1319  1.9 1939  0.3
19  Sa        817 0146  1.8 0755  0.3 1416  2.0 2035  0.3
20  Su        817 0242  1.8 0852  0.3 1513  2.0 2131  0.3
21  Mo        817 0338  1.8 0949  0.3 1608  2.0 2225  0.3
22  Tu        817 0434  1.9 1044  0.2 1702  2.0 2319  0.3
23  We        817 0529  1.9 1139  0.3 1755  2.0 9999  9.9
24  Th        817 0012  0.3 0623  1.9 1233  0.3 1848  1.9
25  Fr        817 0105  0.3 0717  1.8 1326  0.3 1940  1.9
26  Sa        817 0156  0.4 0809  1.8 1419  0.4 2031  1.8
27  Su        817 0247  0.4 0900  1.8 1511  0.5 2122  1.7
28  Mo        817 0336  0.5 0951  1.7 1603  0.5 2213  1.7
29  Tu        817 0424  0.5 1041  1.7 1655  0.5 2303  1.6
30  We        817 0512  0.5 1131  1.7 1747  0.6 2352  1.6
31  Th        817 0600  0.5 1220  1.7 1837  0.6 9999  9.9
 1  Fr        917 0040  1.6 0647  0.5 1309  1.7 1925  0.6
 2  Sa        917 0127  1.6 0734  0.5 1356  1.7 2012  0.5
 3  Su        917 0213  1.6 0820  0.5 1441  1.7 2056  0.5
 4  Mo        917 0258  1.6 0905  0.5 1524  1.8 2139  0.5
 5  Tu        917 0342  1.7 0949  0.5 1607  1.8 2221  0.5
 6  We        917 0426  1.7 1033  0.4 1650  1.8 2304  0.4
 7  Th        917 0510  1.7 1118  0.4 1734  1.8 2349  0.4
 8  Fr        917 0556  1.8 1204  0.4 1819  1.9 9999  9.9
 9  Sa        917 0035  0.4 0643  1.8 1253  0.4 1908  1.9
10  Su        917 0123  0.4 0733  1.8 1343  0.3 1959  1.8
11  Mo        917 0213  0.4 0824  1.9 1437  0.3 2052  1.8
12  Tu        917 0305  0.4 0917  1.9 1533  0.4 2147  1.8
13  We        917 0358  0.3 1013  1.9 1631  0.4 2244  1.8
14  Th        917 0453  0.3 1110  1.9 1730  0.4 2340  1.8
15  Fr        917 0549  0.3 1208  1.9 1828  0.4 9999  9.9
16  Sa        917 0037  1.8 0646  0.3 1306  1.9 1926  0.4
17  Su        917 0133  1.8 0743  0.3 1403  1.9 2021  0.3
18  Mo        917 0229  1.8 0839  0.3 1458  1.9 2115  0.3
19  Tu        917 0323  1.8 0935  0.3 1552  1.9 2207  0.3
20  We        917 0417  1.8 1028  0.3 1644  1.9 2258  0.4
21  Th        917 0510  1.8 1121  0.3 1734  1.9 2348  0.4
22  Fr        917 0601  1.8 1212  0.4 1823  1.8 9999  9.9
23  Sa        917 0037  0.4 0651  1.8 1302  0.4 1912  1.8
24  Su        917 0126  0.4 0740  1.8 1351  0.4 2001  1.7
25  Mo        917 0213  0.5 0828  1.8 1440  0.5 2049  1.7
26  Tu        917 0300  0.5 0916  1.7 1530  0.5 2138  1.6
27  We        917 0347  0.5 1003  1.7 1620  0.5 2226  1.6
28  Th        917 0434  0.5 1052  1.7 1710  0.6 2315  1.6
29  Fr        917 0521  0.6 1141  1.7 1759  0.6 9999  9.9
30  Sa        917 0003  1.6 0608  0.6 1229  1.7 1847  0.5
 1  Su       1017 0049  1.6 0655  0.5 1316  1.7 1933  0.5
 2  Mo       1017 0135  1.6 0742  0.5 1402  1.7 2017  0.5
 3  Tu       1017 0220  1.7 0828  0.5 1446  1.8 2100  0.5
 4  We       1017 0305  1.7 0914  0.4 1531  1.8 2144  0.4
 5  Th       1017 0351  1.7 1001  0.4 1616  1.8 2229  0.4
 6  Fr       1017 0438  1.8 1049  0.4 1703  1.9 2316  0.4
 7  Sa       1017 0526  1.9 1138  0.3 1752  1.9 9999  9.9
 8  Su       1017 0005  0.3 0617  1.9 1230  0.3 1844  1.9
 9  Mo       1017 0056  0.3 0709  1.9 1324  0.3 1938  1.9
10  Tu       1017 0150  0.3 0803  2.0 1420  0.3 2034  1.9
11  We       1017 0244  0.3 0859  2.0 1518  0.3 2131  1.8
12  Th       1017 0340  0.3 0957  2.0 1617  0.3 2229  1.8
13  Fr       1017 0437  0.3 1055  1.9 1717  0.3 2327  1.8
14  Sa       1017 0535  0.3 1154  1.9 1815  0.4 9999  9.9
15  Su       1017 0024  1.8 0633  0.3 1252  1.9 1911  0.4
16  Mo       1017 0120  1.8 0730  0.4 1349  1.9 2005  0.4
17  Tu       1017 0214  1.8 0826  0.4 1442  1.9 2057  0.4
18  We       1017 0308  1.8 0920  0.4 1534  1.8 2147  0.4
19  Th       1017 0359  1.8 1012  0.4 1623  1.8 2235  0.4
20  Fr       1017 0450  1.8 1102  0.4 1711  1.8 2323  0.4
21  Sa       1017 0538  1.8 1150  0.4 1758  1.7 9999  9.9
22  Su       1017 0009  0.5 0625  1.8 1238  0.4 1845  1.7
23  Mo       1017 0055  0.5 0711  1.8 1324  0.5 1931  1.7
24  Tu       1017 0140  0.5 0756  1.7 1411  0.5 2018  1.6
25  We       1017 0225  0.5 0842  1.7 1458  0.5 2104  1.6
26  Th       1017 0311  0.5 0927  1.7 1545  0.5 2151  1.6
27  Fr       1017 0356  0.5 1014  1.7 1633  0.5 2238  1.6
28  Sa       1017 0442  0.6 1101  1.7 1720  0.5 2325  1.6
29  Su       1017 0529  0.6 1148  1.7 1807  0.5 9999  9.9
30  Mo       1017 0011  1.6 0616  0.5 1235  1.7 1852  0.5
31  Tu       1017 0056  1.6 0703  0.5 1321  1.7 1936  0.5
 1  We       1117 0142  1.7 0751  0.5 1408  1.8 2021  0.4
 2  Th       1117 0229  1.7 0840  0.4 1455  1.8 2107  0.4
 3  Fr       1117 0317  1.8 0930  0.4 1543  1.8 2155  0.4
 4  Sa       1117 0407  1.9 1021  0.3 1634  1.9 2245  0.3
 5  Su       1117 0459  1.9 1114  0.3 1727  1.9 2338  0.3
 6  Mo       1117 0553  2.0 1209  0.2 1821  1.9 9999  9.9
 7  Tu       1117 0033  0.3 0648  2.0 1306  0.2 1918  1.9
 8  We       1117 0129  0.2 0745  2.0 1403  0.2 2016  1.9
 9  Th       1117 0225  0.2 0842  2.0 1503  0.3 2115  1.9
10  Fr       1117 0323  0.3 0940  2.0 1602  0.3 2213  1.8
11  Sa       1117 0421  0.3 1040  2.0 1701  0.3 2311  1.8
12  Su       1117 0519  0.3 1138  1.9 1758  0.3 9999  9.9
13  Mo       1117 0008  1.8 0617  0.4 1236  1.9 1853  0.4
14  Tu       1117 0103  1.8 0715  0.4 1331  1.8 1946  0.4
15  We       1117 0157  1.8 0810  0.4 1423  1.8 2036  0.4
16  Th       1117 0250  1.8 0903  0.4 1513  1.8 2124  0.5
17  Fr       1117 0340  1.8 0954  0.4 1601  1.7 2211  0.5
18  Sa       1117 0428  1.8 1042  0.5 1647  1.7 2257  0.5
19  Su       1117 0515  1.8 1128  0.5 1733  1.7 2342  0.5
20  Mo       1117 0600  1.8 1213  0.5 1818  1.6 9999  9.9
21  Tu       1117 0026  0.5 0643  1.7 1257  0.5 1902  1.6
22  We       1117 0110  0.5 0726  1.7 1342  0.5 1948  1.6
23  Th       1117 0153  0.5 0810  1.7 1427  0.5 2033  1.6
24  Fr       1117 0237  0.5 0853  1.7 1512  0.5 2118  1.6
25  Sa       1117 0321  0.5 0938  1.7 1558  0.5 2203  1.6
26  Su       1117 0405  0.6 1023  1.7 1643  0.5 2248  1.6
27  Mo       1117 0451  0.5 1109  1.7 1728  0.5 2332  1.6
28  Tu       1117 0538  0.5 1156  1.7 1812  0.5 9999  9.9
29  We       1117 0018  1.7 0626  0.5 1243  1.7 1857  0.5
30  Th       1117 0105  1.7 0716  0.5 1332  1.8 1944  0.4
 1  Fr       1217 0154  1.8 0808  0.4 1422  1.8 2033  0.4
 2  Sa       1217 0246  1.9 0902  0.3 1513  1.8 2124  0.3
 3  Su       1217 0340  1.9 0956  0.3 1607  1.9 2218  0.3
 4  Mo       1217 0435  2.0 1052  0.2 1703  1.9 2314  0.2
 5  Tu       1217 0531  2.0 1149  0.2 1800  1.9 9999  9.9
 6  We       1217 0011  0.2 0628  2.1 1247  0.2 1859  1.9
 7  Th       1217 0109  0.2 0726  2.1 1346  0.2 1958  1.9
 8  Fr       1217 0207  0.2 0824  2.1 1445  0.2 2056  1.9
 9  Sa       1217 0305  0.2 0923  2.0 1544  0.3 2155  1.9
10  Su       1217 0403  0.3 1021  2.0 1641  0.3 2252  1.8
11  Mo       1217 0501  0.3 1119  1.9 1737  0.4 2348  1.8
12  Tu       1217 0559  0.4 1215  1.8 1831  0.4 9999  9.9
13  We       1217 0043  1.8 0656  0.4 1309  1.8 1922  0.4
14  Th       1217 0136  1.7 0750  0.5 1400  1.7 2011  0.5
15  Fr       1217 0228  1.7 0842  0.5 1449  1.7 2058  0.5
16  Sa       1217 0317  1.7 0931  0.5 1536  1.7 2144  0.5
17  Su       1217 0404  1.7 1018  0.5 1621  1.6 2229  0.5
18  Mo       1217 0449  1.7 1103  0.5 1705  1.6 2313  0.5
19  Tu       1217 0533  1.7 1147  0.5 1750  1.6 2357  0.5
20  We       1217 0615  1.7 1230  0.5 1834  1.6 9999  9.9
21  Th       1217 0040  0.5 0657  1.7 1313  0.5 1918  1.6
22  Fr       1217 0122  0.5 0739  1.7 1356  0.5 2002  1.6
23  Sa       1217 0205  0.5 0821  1.7 1440  0.5 2045  1.6
24  Su       1217 0247  0.5 0904  1.7 1524  0.5 2128  1.6
25  Mo       1217 0331  0.5 0949  1.7 1607  0.5 2212  1.6
26  Tu       1217 0417  0.5 1034  1.7 1651  0.5 2257  1.7
27  We       1217 0504  0.5 1121  1.7 1736  0.5 2344  1.7
28  Th       1217 0554  0.5 1210  1.7 1823  0.5 9999  9.9
29  Fr       1217 0033  1.8 0647  0.4 1301  1.8 1912  0.4
30  Sa       1217 0125  1.8 0742  0.4 1353  1.8 2003  0.4
31  Su       1217 0220  1.9 0837  0.3 1448  1.8 2058  0.3
