108Whangarei
Based on data from  1-Jul-2003
Local Std Time, tidal heights in metres.
 1  Su        117 0330  0.6 1001  3.0 1601  0.8 2211  2.9
 2  Mo        117 0412  0.6 1041  3.0 1644  0.7 2254  2.9
 3  Tu        117 0454  0.6 1123  3.0 1729  0.7 2338  2.9
 4  We        117 0539  0.7 1207  3.0 1815  0.7 9999  9.9
 5  Th        117 0025  2.8 0627  0.7 1254  3.0 1905  0.7
 6  Fr        117 0116  2.8 0719  0.8 1345  2.9 1958  0.7
 7  Sa        117 0212  2.8 0817  0.8 1441  2.9 2054  0.7
 8  Su        117 0315  2.8 0919  0.8 1541  2.9 2154  0.6
 9  Mo        117 0422  2.9 1022  0.8 1645  2.9 2254  0.6
10  Tu        117 0527  2.9 1125  0.7 1748  3.0 2353  0.5
11  We        117 0629  3.1 1224  0.7 1848  3.0 9999  9.9
12  Th        117 0049  0.4 0726  3.2 1321  0.6 1945  3.1
13  Fr        117 0143  0.4 0820  3.2 1415  0.5 2040  3.1
14  Sa        117 0235  0.3 0911  3.3 1507  0.5 2131  3.1
15  Su        117 0324  0.4 1001  3.3 1557  0.5 2221  3.1
16  Mo        117 0412  0.4 1048  3.2 1645  0.6 2308  3.0
17  Tu        117 0459  0.5 1134  3.1 1733  0.6 2355  2.9
18  We        117 0546  0.7 1219  3.0 1819  0.7 9999  9.9
19  Th        117 0041  2.8 0633  0.8 1303  2.9 1906  0.8
20  Fr        117 0128  2.7 0722  0.9 1348  2.8 1954  0.9
21  Sa        117 0219  2.6 0813  1.0 1434  2.7 2045  0.9
22  Su        117 0314  2.6 0908  1.1 1524  2.6 2137  1.0
23  Mo        117 0412  2.6 1004  1.1 1617  2.6 2230  1.0
24  Tu        117 0508  2.6 1059  1.1 1711  2.6 2322  1.0
25  We        117 0601  2.7 1151  1.1 1803  2.6 9999  9.9
26  Th        117 0010  0.9 0649  2.7 1239  1.0 1852  2.7
27  Fr        117 0057  0.8 0733  2.8 1325  0.9 1939  2.8
28  Sa        117 0141  0.7 0815  2.9 1409  0.8 2024  2.8
29  Su        117 0224  0.6 0856  3.0 1453  0.7 2108  2.9
30  Mo        117 0307  0.6 0938  3.1 1537  0.7 2151  3.0
31  Tu        117 0350  0.5 1020  3.1 1622  0.6 2236  3.0
 1  We        217 0435  0.5 1103  3.1 1707  0.6 2321  3.0
 2  Th        217 0521  0.6 1148  3.1 1754  0.6 9999  9.9
 3  Fr        217 0009  3.0 0609  0.6 1236  3.1 1843  0.6
 4  Sa        217 0059  2.9 0701  0.7 1326  3.0 1935  0.6
 5  Su        217 0155  2.9 0758  0.8 1421  2.9 2031  0.6
 6  Mo        217 0257  2.8 0900  0.8 1522  2.9 2131  0.7
 7  Tu        217 0404  2.9 1003  0.8 1626  2.9 2232  0.6
 8  We        217 0510  2.9 1106  0.8 1731  2.9 2332  0.6
 9  Th        217 0611  3.0 1206  0.7 1832  2.9 9999  9.9
10  Fr        217 0030  0.5 0708  3.1 1303  0.7 1929  3.0
11  Sa        217 0124  0.5 0801  3.1 1356  0.6 2022  3.0
12  Su        217 0215  0.5 0851  3.2 1446  0.6 2112  3.0
13  Mo        217 0303  0.5 0938  3.2 1534  0.6 2159  3.0
14  Tu        217 0349  0.5 1022  3.1 1619  0.6 2243  3.0
15  We        217 0434  0.6 1105  3.0 1703  0.6 2325  2.9
16  Th        217 0517  0.7 1145  3.0 1746  0.7 9999  9.9
17  Fr        217 0007  2.8 0601  0.8 1224  2.9 1829  0.8
18  Sa        217 0048  2.7 0646  0.9 1303  2.8 1913  0.9
19  Su        217 0133  2.7 0734  1.0 1345  2.7 2000  1.0
20  Mo        217 0223  2.6 0826  1.1 1431  2.6 2050  1.0
21  Tu        217 0320  2.6 0921  1.1 1524  2.6 2145  1.0
22  We        217 0421  2.6 1018  1.1 1623  2.6 2240  1.0
23  Th        217 0518  2.6 1113  1.1 1722  2.6 2333  1.0
24  Fr        217 0610  2.7 1204  1.0 1818  2.7 9999  9.9
25  Sa        217 0023  0.9 0658  2.8 1253  0.9 1909  2.8
26  Su        217 0111  0.7 0744  2.9 1340  0.8 1957  2.9
27  Mo        217 0157  0.6 0828  3.0 1426  0.6 2044  3.0
28  Tu        217 0243  0.5 0912  3.1 1512  0.5 2130  3.1
 1  We        317 0328  0.5 0957  3.2 1558  0.5 2217  3.1
 2  Th        317 0415  0.5 1043  3.2 1645  0.4 2304  3.1
 3  Fr        317 0503  0.5 1130  3.2 1733  0.4 2353  3.1
 4  Sa        317 0553  0.6 1218  3.1 1823  0.5 9999  9.9
 5  Su        317 0045  3.0 0646  0.6 1310  3.0 1915  0.6
 6  Mo        317 0141  2.9 0743  0.7 1406  2.9 2011  0.6
 7  Tu        317 0243  2.9 0844  0.8 1507  2.9 2111  0.7
 8  We        317 0348  2.9 0947  0.8 1611  2.8 2212  0.7
 9  Th        317 0453  2.9 1049  0.8 1715  2.8 2313  0.7
10  Fr        317 0553  2.9 1148  0.8 1815  2.9 9999  9.9
11  Sa        317 0011  0.7 0648  3.0 1243  0.7 1911  2.9
12  Su        317 0104  0.6 0739  3.0 1334  0.6 2002  3.0
13  Mo        317 0154  0.6 0827  3.1 1422  0.6 2050  3.0
14  Tu        317 0240  0.6 0912  3.1 1507  0.6 2134  3.0
15  We        317 0324  0.6 0954  3.0 1550  0.6 2216  3.0
16  Th        317 0407  0.7 1033  3.0 1632  0.7 2255  2.9
17  Fr        317 0448  0.7 1110  2.9 1712  0.7 2333  2.8
18  Sa        317 0530  0.8 1146  2.8 1752  0.8 9999  9.9
19  Su        317 0011  2.8 0612  0.9 1223  2.7 1833  0.9
20  Mo        317 0051  2.7 0658  1.0 1303  2.7 1917  1.0
21  Tu        317 0137  2.6 0747  1.1 1348  2.6 2006  1.0
22  We        317 0230  2.6 0840  1.1 1440  2.6 2100  1.1
23  Th        317 0329  2.6 0937  1.1 1539  2.6 2157  1.0
24  Fr        317 0430  2.6 1034  1.1 1641  2.6 2254  1.0
25  Sa        317 0527  2.7 1128  1.0 1742  2.7 2348  0.9
26  Su        317 0620  2.8 1220  0.8 1837  2.8 9999  9.9
27  Mo        317 0040  0.7 0709  2.9 1310  0.7 1930  2.9
28  Tu        317 0129  0.6 0757  3.1 1358  0.5 2020  3.1
29  We        317 0218  0.5 0845  3.2 1446  0.4 2109  3.2
30  Th        317 0307  0.4 0933  3.2 1535  0.3 2157  3.2
31  Fr        317 0356  0.4 1022  3.2 1623  0.3 2247  3.2
 1  Sa        417 0446  0.4 1111  3.2 1712  0.4 2338  3.2
 2  Su        417 0537  0.5 1202  3.1 1803  0.4 9999  9.9
 3  Mo        417 0031  3.1 0632  0.6 1255  3.0 1855  0.5
 4  Tu        417 0128  3.0 0729  0.7 1352  2.9 1952  0.7
 5  We        417 0229  2.9 0829  0.8 1453  2.8 2051  0.7
 6  Th        417 0332  2.9 0930  0.8 1556  2.8 2153  0.8
 7  Fr        417 0433  2.9 1030  0.8 1659  2.8 2253  0.8
 8  Sa        417 0531  2.9 1127  0.8 1757  2.8 2350  0.8
 9  Su        417 0624  2.9 1221  0.7 1851  2.9 9999  9.9
10  Mo        417 0042  0.7 0714  2.9 1310  0.7 1940  2.9
11  Tu        417 0131  0.7 0800  3.0 1356  0.7 2026  3.0
12  We        417 0216  0.7 0843  2.9 1439  0.6 2108  3.0
13  Th        417 0259  0.7 0923  2.9 1521  0.7 2148  2.9
14  Fr        417 0340  0.7 1001  2.9 1600  0.7 2226  2.9
15  Sa        417 0420  0.8 1037  2.8 1639  0.7 2302  2.9
16  Su        417 0501  0.8 1112  2.8 1718  0.8 2339  2.8
17  Mo        417 0542  0.9 1149  2.7 1758  0.9 9999  9.9
18  Tu        417 0018  2.7 0626  1.0 1230  2.7 1840  0.9
19  We        417 0102  2.7 0713  1.0 1315  2.6 1927  1.0
20  Th        417 0151  2.6 0805  1.1 1406  2.6 2019  1.0
21  Fr        417 0246  2.6 0900  1.1 1503  2.6 2117  1.0
22  Sa        417 0345  2.7 0957  1.0 1605  2.6 2216  1.0
23  Su        417 0444  2.7 1053  0.9 1707  2.7 2314  0.9
24  Mo        417 0541  2.9 1147  0.7 1807  2.9 9999  9.9
25  Tu        417 0009  0.7 0635  3.0 1239  0.6 1902  3.0
26  We        417 0102  0.6 0727  3.1 1331  0.4 1955  3.1
27  Th        417 0154  0.5 0819  3.2 1421  0.3 2047  3.3
28  Fr        417 0245  0.4 0910  3.2 1511  0.3 2138  3.3
29  Sa        417 0336  0.4 1001  3.2 1601  0.3 2230  3.3
30  Su        417 0429  0.4 1053  3.2 1651  0.3 2322  3.2
 1  Mo        517 0522  0.5 1146  3.1 1743  0.4 9999  9.9
 2  Tu        517 0016  3.2 0616  0.6 1240  3.0 1836  0.5
 3  We        517 0113  3.1 0713  0.7 1337  2.9 1932  0.7
 4  Th        517 0211  3.0 0811  0.8 1437  2.8 2030  0.8
 5  Fr        517 0311  2.9 0910  0.8 1538  2.8 2131  0.9
 6  Sa        517 0409  2.9 1008  0.8 1638  2.7 2230  0.9
 7  Su        517 0504  2.8 1103  0.8 1735  2.8 2326  0.9
 8  Mo        517 0556  2.8 1155  0.8 1827  2.8 9999  9.9
 9  Tu        517 0018  0.8 0644  2.9 1243  0.7 1915  2.9
10  We        517 0105  0.8 0730  2.9 1328  0.7 2000  2.9
11  Th        517 0150  0.8 0812  2.8 1410  0.7 2041  2.9
12  Fr        517 0232  0.8 0852  2.8 1451  0.7 2121  2.9
13  Sa        517 0313  0.8 0930  2.8 1530  0.7 2158  2.9
14  Su        517 0354  0.8 1006  2.8 1608  0.7 2234  2.9
15  Mo        517 0434  0.9 1043  2.7 1647  0.8 2311  2.8
16  Tu        517 0516  0.9 1121  2.7 1727  0.8 2351  2.8
17  We        517 0559  0.9 1203  2.7 1809  0.9 9999  9.9
18  Th        517 0034  2.8 0645  1.0 1248  2.6 1854  0.9
19  Fr        517 0121  2.7 0734  1.0 1338  2.6 1945  1.0
20  Sa        517 0212  2.7 0827  1.0 1433  2.6 2041  1.0
21  Su        517 0307  2.8 0922  0.9 1533  2.7 2141  0.9
22  Mo        517 0406  2.8 1019  0.8 1636  2.8 2242  0.8
23  Tu        517 0505  2.9 1116  0.7 1738  2.9 2340  0.7
24  We        517 0603  3.0 1211  0.5 1837  3.0 9999  9.9
25  Th        517 0036  0.6 0659  3.1 1304  0.4 1933  3.2
26  Fr        517 0131  0.5 0754  3.2 1357  0.3 2027  3.3
27  Sa        517 0225  0.4 0848  3.2 1449  0.2 2120  3.3
28  Su        517 0318  0.4 0942  3.2 1540  0.2 2213  3.3
29  Mo        517 0411  0.4 1035  3.2 1631  0.3 2306  3.3
30  Tu        517 0505  0.5 1128  3.1 1723  0.4 2359  3.2
31  We        517 0558  0.6 1223  3.0 1815  0.6 9999  9.9
 1  Th        617 0054  3.1 0653  0.7 1318  2.9 1910  0.7
 2  Fr        617 0149  3.0 0749  0.7 1415  2.8 2006  0.8
 3  Sa        617 0245  2.9 0845  0.8 1514  2.7 2105  0.9
 4  Su        617 0340  2.8 0940  0.8 1612  2.7 2203  0.9
 5  Mo        617 0433  2.8 1034  0.8 1707  2.7 2258  0.9
 6  Tu        617 0524  2.8 1125  0.8 1759  2.8 2350  0.9
 7  We        617 0612  2.8 1213  0.8 1847  2.8 9999  9.9
 8  Th        617 0038  0.9 0658  2.8 1258  0.8 1932  2.8
 9  Fr        617 0122  0.9 0741  2.8 1341  0.7 2015  2.9
10  Sa        617 0205  0.9 0822  2.8 1421  0.7 2054  2.9
11  Su        617 0247  0.9 0901  2.8 1501  0.7 2132  2.9
12  Mo        617 0328  0.9 0939  2.8 1540  0.7 2209  2.9
13  Tu        617 0409  0.9 1017  2.8 1619  0.8 2247  2.9
14  We        617 0450  0.9 1057  2.7 1700  0.8 2327  2.9
15  Th        617 0533  0.9 1140  2.7 1742  0.8 9999  9.9
16  Fr        617 0009  2.8 0618  0.9 1224  2.7 1827  0.9
17  Sa        617 0054  2.8 0706  0.9 1313  2.7 1917  0.9
18  Su        617 0143  2.8 0757  0.8 1406  2.7 2012  0.9
19  Mo        617 0236  2.8 0852  0.8 1505  2.7 2112  0.9
20  Tu        617 0334  2.9 0949  0.7 1609  2.8 2214  0.8
21  We        617 0434  2.9 1047  0.6 1713  2.9 2315  0.7
22  Th        617 0535  3.0 1145  0.5 1815  3.0 9999  9.9
23  Fr        617 0014  0.6 0635  3.1 1241  0.4 1913  3.2
24  Sa        617 0110  0.5 0733  3.1 1335  0.3 2008  3.3
25  Su        617 0206  0.5 0829  3.2 1428  0.3 2102  3.3
26  Mo        617 0300  0.4 0924  3.2 1520  0.3 2155  3.3
27  Tu        617 0353  0.4 1017  3.1 1611  0.3 2247  3.3
28  We        617 0445  0.5 1109  3.1 1701  0.4 2338  3.2
29  Th        617 0537  0.6 1201  3.0 1752  0.6 9999  9.9
30  Fr        617 0029  3.1 0629  0.6 1254  2.9 1844  0.7
 1  Sa        717 0121  3.0 0721  0.7 1347  2.8 1938  0.8
 2  Su        717 0212  2.9 0813  0.8 1443  2.7 2034  0.9
 3  Mo        717 0304  2.8 0906  0.9 1539  2.7 2130  1.0
 4  Tu        717 0356  2.7 0959  0.9 1635  2.7 2226  1.0
 5  We        717 0447  2.7 1051  0.9 1728  2.7 2319  1.0
 6  Th        717 0537  2.7 1141  0.9 1818  2.7 9999  9.9
 7  Fr        717 0008  1.0 0624  2.7 1227  0.8 1904  2.8
 8  Sa        717 0054  1.0 0710  2.7 1311  0.8 1947  2.8
 9  Su        717 0138  0.9 0753  2.7 1353  0.8 2028  2.9
10  Mo        717 0221  0.9 0834  2.8 1434  0.7 2107  2.9
11  Tu        717 0302  0.8 0914  2.8 1514  0.7 2145  2.9
12  We        717 0344  0.8 0954  2.8 1554  0.7 2223  2.9
13  Th        717 0426  0.8 1035  2.8 1635  0.7 2303  2.9
14  Fr        717 0509  0.8 1118  2.8 1718  0.7 2346  2.9
15  Sa        717 0553  0.8 1203  2.8 1804  0.8 9999  9.9
16  Su        717 0030  2.9 0640  0.7 1251  2.8 1853  0.8
17  Mo        717 0118  2.9 0730  0.7 1344  2.8 1948  0.8
18  Tu        717 0210  2.9 0825  0.7 1442  2.8 2048  0.9
19  We        717 0308  2.9 0923  0.7 1547  2.8 2151  0.8
20  Th        717 0410  2.9 1022  0.6 1653  2.9 2253  0.8
21  Fr        717 0514  2.9 1122  0.5 1756  3.0 2354  0.7
22  Sa        717 0616  3.0 1220  0.4 1855  3.1 9999  9.9
23  Su        717 0052  0.6 0716  3.1 1315  0.4 1951  3.2
24  Mo        717 0148  0.5 0812  3.1 1408  0.3 2044  3.3
25  Tu        717 0241  0.5 0906  3.1 1500  0.3 2135  3.3
26  We        717 0333  0.5 0957  3.1 1549  0.4 2225  3.2
27  Th        717 0423  0.5 1047  3.1 1638  0.5 2313  3.2
28  Fr        717 0511  0.6 1136  3.0 1727  0.6 9999  9.9
29  Sa        717 0000  3.1 0600  0.6 1224  2.9 1815  0.7
30  Su        717 0047  2.9 0648  0.7 1313  2.8 1905  0.9
31  Mo        717 0134  2.8 0737  0.8 1405  2.7 1958  1.0
 1  Tu        817 0222  2.7 0827  0.9 1500  2.6 2053  1.1
 2  We        817 0312  2.6 0920  1.0 1556  2.6 2149  1.1
 3  Th        817 0405  2.6 1013  1.0 1652  2.6 2244  1.1
 4  Fr        817 0458  2.6 1105  1.0 1745  2.7 2336  1.1
 5  Sa        817 0550  2.6 1155  0.9 1833  2.7 9999  9.9
 6  Su        817 0024  1.0 0638  2.7 1241  0.9 1917  2.8
 7  Mo        817 0110  0.9 0724  2.7 1325  0.8 1959  2.9
 8  Tu        817 0153  0.9 0807  2.8 1407  0.7 2039  2.9
 9  We        817 0236  0.8 0850  2.8 1448  0.7 2119  3.0
10  Th        817 0318  0.7 0932  2.9 1530  0.6 2159  3.0
11  Fr        817 0401  0.7 1014  2.9 1613  0.6 2240  3.0
12  Sa        817 0444  0.6 1058  2.9 1657  0.6 2323  3.0
13  Su        817 0529  0.6 1143  2.9 1744  0.7 9999  9.9
14  Mo        817 0008  3.0 0616  0.6 1232  2.9 1834  0.7
15  Tu        817 0057  3.0 0706  0.6 1324  2.9 1928  0.8
16  We        817 0150  2.9 0801  0.7 1424  2.8 2028  0.8
17  Th        817 0248  2.9 0859  0.7 1529  2.8 2132  0.8
18  Fr        817 0352  2.9 1000  0.7 1636  2.9 2236  0.8
19  Sa        817 0458  2.9 1102  0.6 1740  3.0 2337  0.7
20  Su        817 0601  2.9 1201  0.5 1838  3.1 9999  9.9
21  Mo        817 0035  0.6 0700  3.0 1257  0.5 1933  3.2
22  Tu        817 0129  0.6 0756  3.1 1349  0.4 2024  3.2
23  We        817 0221  0.5 0847  3.1 1440  0.4 2113  3.2
24  Th        817 0310  0.5 0936  3.1 1527  0.5 2200  3.2
25  Fr        817 0357  0.5 1023  3.1 1614  0.5 2245  3.1
26  Sa        817 0443  0.6 1108  3.0 1659  0.6 2328  3.0
27  Su        817 0527  0.6 1152  2.9 1745  0.8 9999  9.9
28  Mo        817 0010  2.9 0612  0.7 1236  2.8 1831  0.9
29  Tu        817 0052  2.8 0657  0.8 1322  2.7 1920  1.0
30  We        817 0135  2.7 0744  0.9 1413  2.6 2013  1.1
31  Th        817 0222  2.6 0835  1.0 1511  2.6 2109  1.1
 1  Fr        917 0316  2.5 0930  1.0 1610  2.6 2206  1.1
 2  Sa        917 0414  2.5 1025  1.0 1706  2.6 2300  1.1
 3  Su        917 0512  2.6 1119  1.0 1757  2.7 2351  1.0
 4  Mo        917 0605  2.6 1208  0.9 1843  2.8 9999  9.9
 5  Tu        917 0038  0.9 0654  2.7 1254  0.8 1927  2.9
 6  We        917 0123  0.8 0740  2.8 1339  0.7 2009  3.0
 7  Th        917 0207  0.7 0825  2.9 1422  0.6 2050  3.1
 8  Fr        917 0251  0.6 0908  3.0 1506  0.6 2133  3.1
 9  Sa        917 0335  0.5 0953  3.1 1551  0.5 2217  3.1
10  Su        917 0420  0.5 1038  3.1 1637  0.5 2302  3.1
11  Mo        917 0506  0.5 1125  3.1 1726  0.6 2349  3.1
12  Tu        917 0554  0.5 1215  3.0 1817  0.7 9999  9.9
13  We        917 0039  3.0 0645  0.6 1309  2.9 1913  0.8
14  Th        917 0133  2.9 0740  0.6 1409  2.9 2013  0.8
15  Fr        917 0233  2.8 0839  0.7 1514  2.9 2116  0.8
16  Sa        917 0338  2.8 0941  0.7 1621  2.9 2219  0.8
17  Su        917 0444  2.8 1043  0.7 1723  2.9 2320  0.8
18  Mo        917 0547  2.9 1143  0.7 1820  3.0 9999  9.9
19  Tu        917 0017  0.7 0645  2.9 1238  0.6 1913  3.1
20  We        917 0110  0.6 0738  3.0 1330  0.5 2002  3.1
21  Th        917 0159  0.5 0828  3.1 1418  0.5 2049  3.1
22  Fr        917 0246  0.5 0914  3.1 1504  0.6 2133  3.1
23  Sa        917 0330  0.5 0958  3.0 1548  0.6 2215  3.0
24  Su        917 0413  0.6 1039  3.0 1631  0.7 2254  2.9
25  Mo        917 0454  0.7 1119  2.9 1714  0.8 2332  2.8
26  Tu        917 0535  0.8 1159  2.8 1758  0.9 9999  9.9
27  We        917 0010  2.7 0617  0.9 1240  2.7 1844  1.0
28  Th        917 0050  2.6 0701  0.9 1326  2.6 1934  1.1
29  Fr        917 0135  2.6 0750  1.0 1419  2.6 2028  1.1
30  Sa        917 0227  2.5 0843  1.1 1519  2.6 2125  1.1
 1  Su       1017 0326  2.5 0941  1.1 1619  2.6 2221  1.1
 2  Mo       1017 0429  2.5 1038  1.0 1714  2.7 2314  1.0
 3  Tu       1017 0528  2.6 1132  1.0 1804  2.8 9999  9.9
 4  We       1017 0004  0.9 0621  2.7 1222  0.8 1851  2.9
 5  Th       1017 0051  0.7 0711  2.9 1309  0.7 1936  3.0
 6  Fr       1017 0138  0.6 0759  3.0 1356  0.6 2022  3.1
 7  Sa       1017 0224  0.5 0845  3.1 1443  0.5 2107  3.2
 8  Su       1017 0310  0.4 0932  3.2 1530  0.5 2154  3.2
 9  Mo       1017 0357  0.3 1020  3.2 1619  0.5 2242  3.2
10  Tu       1017 0445  0.4 1109  3.2 1709  0.5 2332  3.1
11  We       1017 0534  0.4 1200  3.1 1802  0.6 9999  9.9
12  Th       1017 0024  3.0 0625  0.5 1256  3.0 1858  0.7
13  Fr       1017 0119  2.9 0720  0.6 1356  2.9 1958  0.8
14  Sa       1017 0220  2.8 0819  0.7 1459  2.9 2100  0.8
15  Su       1017 0325  2.8 0922  0.8 1603  2.9 2202  0.8
16  Mo       1017 0430  2.8 1024  0.8 1703  2.9 2301  0.8
17  Tu       1017 0531  2.8 1124  0.8 1758  3.0 2356  0.7
18  We       1017 0627  2.9 1219  0.7 1850  3.0 9999  9.9
19  Th       1017 0048  0.6 0719  3.0 1309  0.7 1938  3.0
20  Fr       1017 0135  0.6 0806  3.0 1356  0.7 2023  3.0
21  Sa       1017 0220  0.6 0850  3.0 1440  0.7 2105  3.0
22  Su       1017 0302  0.6 0932  3.0 1523  0.7 2144  2.9
23  Mo       1017 0343  0.6 1011  3.0 1605  0.8 2222  2.9
24  Tu       1017 0423  0.7 1049  2.9 1646  0.8 2258  2.8
25  We       1017 0502  0.7 1126  2.8 1728  0.9 2334  2.7
26  Th       1017 0541  0.8 1205  2.8 1812  1.0 9999  9.9
27  Fr       1017 0014  2.6 0623  0.9 1247  2.7 1858  1.0
28  Sa       1017 0057  2.6 0708  1.0 1335  2.6 1949  1.1
29  Su       1017 0147  2.5 0759  1.1 1429  2.6 2043  1.1
30  Mo       1017 0243  2.5 0856  1.1 1527  2.6 2139  1.1
31  Tu       1017 0345  2.5 0955  1.1 1625  2.7 2234  1.0
 1  We       1117 0448  2.6 1053  1.0 1720  2.8 2328  0.8
 2  Th       1117 0547  2.7 1148  0.8 1813  2.9 9999  9.9
 3  Fr       1117 0019  0.7 0641  2.9 1240  0.7 1903  3.0
 4  Sa       1117 0108  0.5 0733  3.1 1331  0.6 1953  3.1
 5  Su       1117 0158  0.4 0823  3.2 1421  0.5 2043  3.2
 6  Mo       1117 0246  0.3 0913  3.3 1511  0.4 2133  3.2
 7  Tu       1117 0335  0.3 1003  3.3 1602  0.4 2224  3.2
 8  We       1117 0424  0.3 1054  3.3 1654  0.5 2316  3.1
 9  Th       1117 0515  0.4 1147  3.2 1748  0.6 9999  9.9
10  Fr       1117 0009  3.0 0607  0.5 1242  3.1 1843  0.7
11  Sa       1117 0105  2.9 0701  0.6 1340  3.0 1941  0.7
12  Su       1117 0205  2.8 0759  0.7 1440  2.9 2041  0.8
13  Mo       1117 0308  2.8 0900  0.8 1540  2.9 2140  0.8
14  Tu       1117 0410  2.7 1002  0.9 1638  2.9 2238  0.8
15  We       1117 0510  2.8 1101  0.9 1732  2.9 2332  0.7
16  Th       1117 0605  2.8 1156  0.8 1823  2.9 9999  9.9
17  Fr       1117 0022  0.7 0656  2.9 1246  0.8 1910  2.9
18  Sa       1117 0109  0.7 0743  2.9 1332  0.8 1955  2.9
19  Su       1117 0153  0.6 0826  3.0 1416  0.8 2037  2.9
20  Mo       1117 0235  0.6 0907  3.0 1458  0.8 2116  2.8
21  Tu       1117 0315  0.7 0946  2.9 1539  0.8 2153  2.8
22  We       1117 0354  0.7 1023  2.9 1620  0.8 2229  2.8
23  Th       1117 0432  0.7 1059  2.9 1701  0.9 2306  2.7
24  Fr       1117 0510  0.8 1136  2.8 1743  0.9 2345  2.7
25  Sa       1117 0551  0.9 1217  2.8 1827  1.0 9999  9.9
26  Su       1117 0028  2.6 0634  0.9 1300  2.7 1914  1.0
27  Mo       1117 0115  2.6 0722  1.0 1349  2.7 2005  1.0
28  Tu       1117 0208  2.6 0815  1.0 1442  2.7 2059  1.0
29  We       1117 0306  2.6 0914  1.0 1539  2.7 2155  0.9
30  Th       1117 0409  2.7 1015  1.0 1638  2.8 2252  0.8
 1  Fr       1217 0512  2.8 1114  0.9 1736  2.9 2347  0.6
 2  Sa       1217 0612  2.9 1211  0.7 1832  3.0 9999  9.9
 3  Su       1217 0040  0.5 0708  3.1 1306  0.6 1928  3.1
 4  Mo       1217 0133  0.3 0802  3.2 1400  0.5 2022  3.2
 5  Tu       1217 0224  0.3 0855  3.3 1453  0.4 2115  3.2
 6  We       1217 0315  0.2 0947  3.3 1545  0.4 2208  3.2
 7  Th       1217 0405  0.3 1039  3.3 1638  0.5 2300  3.1
 8  Fr       1217 0456  0.3 1132  3.3 1732  0.5 2354  3.0
 9  Sa       1217 0548  0.5 1225  3.2 1826  0.6 9999  9.9
10  Su       1217 0048  2.9 0641  0.6 1320  3.1 1921  0.7
11  Mo       1217 0145  2.8 0737  0.7 1416  3.0 2017  0.7
12  Tu       1217 0245  2.8 0836  0.9 1512  2.9 2113  0.8
13  We       1217 0345  2.7 0935  0.9 1607  2.8 2209  0.8
14  Th       1217 0444  2.7 1034  1.0 1701  2.8 2303  0.8
15  Fr       1217 0539  2.8 1129  0.9 1752  2.8 2354  0.8
16  Sa       1217 0630  2.8 1219  0.9 1841  2.8 9999  9.9
17  Su       1217 0042  0.8 0718  2.8 1307  0.9 1926  2.8
18  Mo       1217 0126  0.7 0802  2.9 1351  0.9 2009  2.8
19  Tu       1217 0208  0.7 0843  2.9 1434  0.9 2049  2.8
20  We       1217 0248  0.7 0922  2.9 1515  0.9 2127  2.8
21  Th       1217 0327  0.7 0959  2.9 1556  0.9 2205  2.8
22  Fr       1217 0405  0.7 1035  2.9 1636  0.9 2242  2.8
23  Sa       1217 0444  0.8 1112  2.9 1717  0.9 2321  2.7
24  Su       1217 0524  0.8 1151  2.9 1800  0.9 9999  9.9
25  Mo       1217 0003  2.7 0606  0.9 1232  2.8 1844  0.9
26  Tu       1217 0048  2.7 0651  0.9 1317  2.8 1932  0.9
27  We       1217 0138  2.7 0742  0.9 1407  2.8 2024  0.9
28  Th       1217 0233  2.7 0840  1.0 1501  2.8 2120  0.8
29  Fr       1217 0335  2.7 0942  0.9 1601  2.8 2218  0.7
30  Sa       1217 0441  2.8 1044  0.9 1703  2.9 2317  0.6
31  Su       1217 0546  2.9 1145  0.8 1805  3.0 9999  9.9
