140Huruhi Harbour
Based on data from 22-Mar-2010
Local Std Time, tidal heights in metres.
 1  Su        117 0240  0.5 0858  2.2 1509  0.6 2111  2.1
 2  Mo        117 0321  0.5 0939  2.3 1552  0.6 2154  2.1
 3  Tu        117 0403  0.5 1022  2.3 1636  0.6 2239  2.1
 4  We        117 0447  0.6 1107  2.3 1722  0.6 2326  2.1
 5  Th        117 0535  0.6 1155  2.3 1811  0.5 9999  9.9
 6  Fr        117 0018  2.1 0627  0.6 1246  2.3 1903  0.5
 7  Sa        117 0114  2.2 0725  0.6 1341  2.3 1959  0.5
 8  Su        117 0214  2.2 0826  0.6 1439  2.3 2058  0.5
 9  Mo        117 0317  2.2 0928  0.6 1539  2.3 2159  0.4
10  Tu        117 0419  2.3 1030  0.5 1640  2.3 2258  0.4
11  We        117 0518  2.4 1130  0.5 1739  2.3 2355  0.3
12  Th        117 0615  2.4 1227  0.4 1836  2.4 9999  9.9
13  Fr        117 0050  0.3 0708  2.5 1322  0.4 1930  2.4
14  Sa        117 0142  0.3 0800  2.5 1415  0.4 2022  2.4
15  Su        117 0232  0.3 0849  2.5 1505  0.4 2113  2.3
16  Mo        117 0320  0.3 0937  2.4 1554  0.4 2201  2.3
17  Tu        117 0408  0.4 1024  2.4 1642  0.5 2249  2.2
18  We        117 0455  0.5 1111  2.3 1729  0.5 2337  2.2
19  Th        117 0542  0.6 1157  2.2 1815  0.6 9999  9.9
20  Fr        117 0025  2.1 0631  0.7 1244  2.1 1903  0.7
21  Sa        117 0116  2.0 0722  0.8 1333  2.0 1952  0.7
22  Su        117 0209  2.0 0815  0.8 1423  2.0 2044  0.8
23  Mo        117 0304  1.9 0909  0.9 1515  2.0 2137  0.8
24  Tu        117 0359  2.0 1003  0.9 1607  2.0 2229  0.7
25  We        117 0451  2.0 1055  0.8 1659  2.0 2319  0.7
26  Th        117 0539  2.1 1145  0.8 1748  2.0 9999  9.9
27  Fr        117 0006  0.6 0625  2.1 1232  0.7 1836  2.1
28  Sa        117 0051  0.6 0708  2.2 1317  0.7 1921  2.1
29  Su        117 0133  0.5 0750  2.3 1400  0.6 2005  2.2
30  Mo        117 0215  0.5 0832  2.3 1444  0.5 2048  2.2
31  Tu        117 0258  0.5 0915  2.3 1528  0.5 2133  2.2
 1  We        217 0341  0.5 0958  2.4 1613  0.5 2218  2.3
 2  Th        217 0427  0.5 1044  2.4 1659  0.4 2306  2.3
 3  Fr        217 0516  0.5 1133  2.3 1748  0.5 2358  2.2
 4  Sa        217 0609  0.5 1225  2.3 1841  0.5 9999  9.9
 5  Su        217 0054  2.2 0706  0.6 1320  2.3 1938  0.5
 6  Mo        217 0155  2.2 0808  0.6 1420  2.2 2038  0.5
 7  Tu        217 0258  2.2 0911  0.6 1522  2.2 2140  0.5
 8  We        217 0401  2.2 1014  0.6 1624  2.2 2241  0.4
 9  Th        217 0502  2.3 1115  0.5 1724  2.3 2339  0.4
10  Fr        217 0558  2.3 1212  0.5 1821  2.3 9999  9.9
11  Sa        217 0033  0.4 0651  2.4 1305  0.5 1914  2.3
12  Su        217 0124  0.4 0740  2.4 1355  0.4 2004  2.3
13  Mo        217 0212  0.4 0826  2.4 1443  0.4 2050  2.3
14  Tu        217 0257  0.4 0911  2.4 1527  0.5 2135  2.3
15  We        217 0341  0.5 0955  2.3 1611  0.5 2219  2.2
16  Th        217 0425  0.5 1038  2.2 1654  0.6 2303  2.2
17  Fr        217 0508  0.6 1121  2.2 1736  0.6 2347  2.1
18  Sa        217 0554  0.7 1205  2.1 1821  0.7 9999  9.9
19  Su        217 0035  2.0 0642  0.8 1251  2.0 1908  0.7
20  Mo        217 0126  2.0 0733  0.8 1340  2.0 1959  0.8
21  Tu        217 0220  1.9 0828  0.9 1433  1.9 2053  0.8
22  We        217 0317  2.0 0924  0.9 1528  1.9 2149  0.8
23  Th        217 0412  2.0 1019  0.8 1623  2.0 2243  0.7
24  Fr        217 0503  2.1 1111  0.8 1716  2.0 2333  0.7
25  Sa        217 0551  2.1 1200  0.7 1806  2.1 9999  9.9
26  Su        217 0020  0.6 0636  2.2 1247  0.6 1854  2.2
27  Mo        217 0105  0.5 0721  2.3 1332  0.5 1940  2.3
28  Tu        217 0150  0.4 0805  2.4 1417  0.4 2025  2.3
 1  We        317 0234  0.4 0849  2.4 1503  0.4 2111  2.4
 2  Th        317 0320  0.4 0935  2.4 1549  0.3 2158  2.4
 3  Fr        317 0408  0.4 1023  2.4 1637  0.3 2248  2.4
 4  Sa        317 0459  0.4 1113  2.4 1727  0.4 2340  2.3
 5  Su        317 0553  0.5 1206  2.3 1821  0.4 9999  9.9
 6  Mo        317 0037  2.3 0651  0.5 1303  2.3 1919  0.5
 7  Tu        317 0138  2.2 0753  0.6 1404  2.2 2020  0.5
 8  We        317 0242  2.2 0857  0.6 1507  2.2 2123  0.5
 9  Th        317 0345  2.2 1001  0.6 1610  2.2 2225  0.5
10  Fr        317 0445  2.2 1101  0.6 1711  2.2 2323  0.5
11  Sa        317 0540  2.3 1156  0.5 1806  2.2 9999  9.9
12  Su        317 0016  0.5 0631  2.3 1247  0.5 1857  2.2
13  Mo        317 0104  0.5 0717  2.3 1333  0.5 1943  2.3
14  Tu        317 0149  0.5 0801  2.3 1417  0.5 2026  2.3
15  We        317 0232  0.5 0843  2.3 1458  0.5 2108  2.2
16  Th        317 0313  0.5 0924  2.2 1539  0.5 2149  2.2
17  Fr        317 0355  0.6 1004  2.2 1618  0.6 2229  2.2
18  Sa        317 0436  0.6 1045  2.1 1659  0.6 2312  2.1
19  Su        317 0520  0.7 1127  2.1 1741  0.7 2357  2.0
20  Mo        317 0606  0.8 1212  2.0 1826  0.7 9999  9.9
21  Tu        317 0045  2.0 0656  0.8 1301  2.0 1916  0.8
22  We        317 0139  2.0 0749  0.9 1354  1.9 2011  0.8
23  Th        317 0235  2.0 0845  0.8 1450  1.9 2108  0.8
24  Fr        317 0331  2.0 0941  0.8 1547  2.0 2205  0.7
25  Sa        317 0424  2.1 1035  0.7 1643  2.0 2258  0.7
26  Su        317 0514  2.2 1126  0.6 1736  2.1 2348  0.6
27  Mo        317 0603  2.3 1215  0.5 1825  2.2 9999  9.9
28  Tu        317 0036  0.5 0650  2.4 1303  0.4 1914  2.3
29  We        317 0124  0.4 0737  2.4 1351  0.3 2002  2.4
30  Th        317 0211  0.3 0824  2.5 1438  0.3 2050  2.5
31  Fr        317 0300  0.3 0912  2.5 1526  0.2 2139  2.5
 1  Sa        417 0350  0.3 1003  2.5 1616  0.3 2230  2.5
 2  Su        417 0443  0.4 1055  2.4 1708  0.3 2323  2.4
 3  Mo        417 0538  0.4 1149  2.3 1802  0.4 9999  9.9
 4  Tu        417 0021  2.3 0637  0.5 1248  2.2 1901  0.5
 5  We        417 0121  2.3 0739  0.6 1349  2.2 2002  0.5
 6  Th        417 0224  2.2 0842  0.6 1453  2.1 2106  0.6
 7  Fr        417 0326  2.2 0944  0.6 1556  2.1 2207  0.6
 8  Sa        417 0425  2.2 1042  0.6 1655  2.1 2304  0.6
 9  Su        417 0518  2.2 1136  0.6 1748  2.2 2355  0.6
10  Mo        417 0607  2.2 1224  0.6 1836  2.2 9999  9.9
11  Tu        417 0042  0.6 0652  2.2 1308  0.5 1920  2.2
12  We        417 0125  0.6 0734  2.2 1349  0.5 2001  2.2
13  Th        417 0206  0.6 0814  2.2 1429  0.5 2041  2.2
14  Fr        417 0246  0.6 0853  2.2 1507  0.6 2120  2.2
15  Sa        417 0326  0.6 0933  2.1 1546  0.6 2159  2.2
16  Su        417 0407  0.7 1013  2.1 1625  0.6 2240  2.1
17  Mo        417 0450  0.7 1054  2.0 1706  0.7 2324  2.1
18  Tu        417 0535  0.8 1138  2.0 1750  0.7 9999  9.9
19  We        417 0010  2.0 0623  0.8 1226  2.0 1838  0.8
20  Th        417 0101  2.0 0714  0.8 1317  1.9 1931  0.8
21  Fr        417 0155  2.0 0808  0.8 1414  1.9 2028  0.8
22  Sa        417 0250  2.0 0904  0.7 1512  2.0 2126  0.7
23  Su        417 0345  2.1 0959  0.7 1609  2.1 2222  0.6
24  Mo        417 0437  2.2 1052  0.6 1705  2.2 2316  0.6
25  Tu        417 0529  2.3 1144  0.4 1757  2.3 9999  9.9
26  We        417 0008  0.5 0619  2.4 1235  0.3 1849  2.4
27  Th        417 0058  0.4 0710  2.5 1325  0.3 1939  2.5
28  Fr        417 0149  0.3 0800  2.5 1415  0.2 2029  2.5
29  Sa        417 0241  0.3 0851  2.5 1505  0.2 2120  2.6
30  Su        417 0333  0.3 0944  2.5 1556  0.2 2212  2.5
 1  Mo        517 0427  0.4 1037  2.4 1649  0.3 2307  2.5
 2  Tu        517 0524  0.4 1133  2.3 1744  0.4 9999  9.9
 3  We        517 0003  2.4 0622  0.5 1231  2.2 1841  0.5
 4  Th        517 0102  2.3 0722  0.6 1332  2.2 1942  0.6
 5  Fr        517 0202  2.2 0823  0.6 1434  2.1 2044  0.6
 6  Sa        517 0302  2.2 0922  0.6 1535  2.1 2144  0.7
 7  Su        517 0358  2.2 1018  0.6 1633  2.1 2239  0.7
 8  Mo        517 0450  2.1 1110  0.6 1725  2.1 2330  0.7
 9  Tu        517 0538  2.1 1157  0.6 1812  2.1 9999  9.9
10  We        517 0016  0.7 0622  2.1 1240  0.6 1855  2.2
11  Th        517 0059  0.7 0704  2.1 1320  0.6 1935  2.2
12  Fr        517 0140  0.7 0745  2.1 1400  0.6 2014  2.2
13  Sa        517 0220  0.7 0825  2.1 1438  0.6 2053  2.2
14  Su        517 0301  0.7 0904  2.1 1516  0.6 2133  2.2
15  Mo        517 0342  0.7 0945  2.1 1555  0.6 2213  2.1
16  Tu        517 0424  0.7 1026  2.0 1636  0.7 2255  2.1
17  We        517 0507  0.7 1109  2.0 1718  0.7 2339  2.1
18  Th        517 0553  0.8 1155  2.0 1804  0.7 9999  9.9
19  Fr        517 0027  2.1 0642  0.8 1245  2.0 1856  0.7
20  Sa        517 0118  2.1 0734  0.7 1340  2.0 1951  0.7
21  Su        517 0212  2.1 0828  0.7 1438  2.0 2050  0.7
22  Mo        517 0307  2.2 0924  0.6 1537  2.1 2148  0.6
23  Tu        517 0402  2.2 1020  0.5 1635  2.2 2245  0.6
24  We        517 0457  2.3 1114  0.4 1731  2.3 2341  0.5
25  Th        517 0551  2.4 1208  0.3 1825  2.4 9999  9.9
26  Fr        517 0035  0.4 0645  2.5 1301  0.2 1918  2.5
27  Sa        517 0129  0.3 0738  2.5 1353  0.2 2010  2.6
28  Su        517 0223  0.3 0832  2.5 1445  0.2 2102  2.6
29  Mo        517 0317  0.3 0926  2.5 1537  0.2 2155  2.6
30  Tu        517 0411  0.3 1020  2.4 1630  0.3 2248  2.5
31  We        517 0507  0.4 1115  2.3 1723  0.4 2343  2.4
 1  Th        617 0603  0.5 1211  2.2 1819  0.5 9999  9.9
 2  Fr        617 0039  2.3 0659  0.5 1309  2.2 1917  0.6
 3  Sa        617 0135  2.2 0756  0.6 1408  2.1 2015  0.7
 4  Su        617 0231  2.2 0852  0.6 1507  2.0 2113  0.7
 5  Mo        617 0325  2.1 0946  0.7 1603  2.0 2208  0.8
 6  Tu        617 0417  2.1 1038  0.7 1655  2.0 2259  0.8
 7  We        617 0505  2.1 1125  0.7 1743  2.1 2346  0.8
 8  Th        617 0551  2.1 1210  0.6 1827  2.1 9999  9.9
 9  Fr        617 0031  0.7 0634  2.1 1252  0.6 1909  2.1
10  Sa        617 0114  0.7 0717  2.1 1332  0.6 1949  2.2
11  Su        617 0155  0.7 0758  2.1 1412  0.6 2029  2.2
12  Mo        617 0237  0.7 0839  2.1 1451  0.6 2108  2.2
13  Tu        617 0318  0.7 0920  2.1 1530  0.6 2148  2.2
14  We        617 0400  0.7 1001  2.1 1609  0.6 2229  2.2
15  Th        617 0442  0.7 1043  2.0 1651  0.6 2312  2.2
16  Fr        617 0526  0.7 1128  2.0 1736  0.7 2357  2.1
17  Sa        617 0613  0.7 1217  2.0 1825  0.7 9999  9.9
18  Su        617 0046  2.2 0703  0.6 1310  2.0 1920  0.7
19  Mo        617 0139  2.2 0756  0.6 1408  2.1 2018  0.7
20  Tu        617 0234  2.2 0853  0.5 1508  2.1 2118  0.6
21  We        617 0332  2.3 0951  0.5 1608  2.2 2219  0.6
22  Th        617 0429  2.3 1048  0.4 1707  2.3 2318  0.5
23  Fr        617 0527  2.4 1145  0.3 1804  2.4 9999  9.9
24  Sa        617 0015  0.4 0624  2.4 1240  0.2 1859  2.5
25  Su        617 0111  0.4 0720  2.5 1334  0.2 1952  2.6
26  Mo        617 0206  0.3 0814  2.5 1426  0.2 2044  2.6
27  Tu        617 0300  0.3 0908  2.4 1518  0.2 2136  2.5
28  We        617 0353  0.3 1001  2.4 1609  0.3 2227  2.5
29  Th        617 0446  0.4 1053  2.3 1701  0.4 2319  2.4
30  Fr        617 0538  0.5 1146  2.2 1753  0.5 9999  9.9
 1  Sa        717 0011  2.3 0630  0.5 1240  2.1 1847  0.6
 2  Su        717 0103  2.2 0723  0.6 1335  2.1 1941  0.7
 3  Mo        717 0155  2.1 0816  0.7 1431  2.0 2037  0.8
 4  Tu        717 0247  2.1 0908  0.7 1527  2.0 2132  0.8
 5  We        717 0338  2.0 1000  0.7 1621  2.0 2224  0.8
 6  Th        717 0429  2.0 1050  0.7 1711  2.0 2314  0.8
 7  Fr        717 0518  2.0 1138  0.7 1757  2.1 9999  9.9
 8  Sa        717 0002  0.8 0605  2.0 1223  0.7 1841  2.1
 9  Su        717 0047  0.8 0650  2.0 1305  0.6 1923  2.2
10  Mo        717 0130  0.7 0733  2.1 1346  0.6 2004  2.2
11  Tu        717 0212  0.7 0815  2.1 1426  0.6 2044  2.2
12  We        717 0254  0.7 0856  2.1 1505  0.6 2123  2.2
13  Th        717 0335  0.6 0937  2.1 1545  0.6 2204  2.2
14  Fr        717 0417  0.6 1019  2.1 1627  0.6 2246  2.2
15  Sa        717 0500  0.6 1104  2.1 1712  0.6 2331  2.2
16  Su        717 0546  0.6 1152  2.1 1800  0.6 9999  9.9
17  Mo        717 0019  2.2 0635  0.6 1244  2.1 1854  0.6
18  Tu        717 0111  2.2 0729  0.5 1342  2.1 1953  0.6
19  We        717 0207  2.2 0826  0.5 1443  2.2 2054  0.6
20  Th        717 0306  2.2 0926  0.5 1546  2.2 2157  0.6
21  Fr        717 0407  2.3 1026  0.4 1647  2.3 2259  0.5
22  Sa        717 0508  2.3 1126  0.3 1745  2.4 2358  0.5
23  Su        717 0607  2.4 1222  0.3 1841  2.5 9999  9.9
24  Mo        717 0054  0.4 0703  2.4 1316  0.3 1934  2.5
25  Tu        717 0149  0.4 0757  2.4 1408  0.2 2025  2.5
26  We        717 0241  0.3 0849  2.4 1458  0.3 2115  2.5
27  Th        717 0332  0.4 0939  2.4 1547  0.3 2203  2.5
28  Fr        717 0421  0.4 1028  2.3 1635  0.4 2251  2.4
29  Sa        717 0509  0.5 1117  2.2 1724  0.5 2339  2.3
30  Su        717 0556  0.5 1206  2.1 1813  0.6 9999  9.9
31  Mo        717 0026  2.2 0644  0.6 1257  2.1 1904  0.7
 1  Tu        817 0115  2.1 0734  0.7 1350  2.0 1957  0.8
 2  We        817 0206  2.0 0826  0.7 1446  2.0 2052  0.8
 3  Th        817 0258  2.0 0919  0.8 1541  2.0 2147  0.9
 4  Fr        817 0351  1.9 1013  0.8 1635  2.0 2240  0.8
 5  Sa        817 0444  2.0 1104  0.7 1725  2.0 2330  0.8
 6  Su        817 0534  2.0 1152  0.7 1811  2.1 9999  9.9
 7  Mo        817 0018  0.8 0622  2.0 1237  0.6 1854  2.2
 8  Tu        817 0103  0.7 0707  2.1 1319  0.6 1936  2.2
 9  We        817 0146  0.6 0750  2.1 1400  0.5 2016  2.3
10  Th        817 0227  0.6 0832  2.2 1441  0.5 2057  2.3
11  Fr        817 0309  0.5 0914  2.2 1522  0.5 2138  2.3
12  Sa        817 0351  0.5 0957  2.2 1605  0.5 2221  2.3
13  Su        817 0435  0.5 1042  2.2 1650  0.5 2307  2.3
14  Mo        817 0521  0.5 1130  2.2 1740  0.6 2356  2.3
15  Tu        817 0611  0.5 1223  2.2 1834  0.6 9999  9.9
16  We        817 0049  2.3 0705  0.5 1321  2.2 1933  0.6
17  Th        817 0146  2.2 0804  0.5 1423  2.2 2036  0.6
18  Fr        817 0247  2.2 0906  0.5 1527  2.2 2141  0.6
19  Sa        817 0351  2.2 1008  0.5 1630  2.3 2243  0.6
20  Su        817 0453  2.2 1109  0.4 1728  2.3 2343  0.5
21  Mo        817 0552  2.3 1206  0.4 1823  2.4 9999  9.9
22  Tu        817 0038  0.4 0648  2.3 1259  0.3 1915  2.4
23  We        817 0131  0.4 0740  2.4 1349  0.3 2004  2.5
24  Th        817 0220  0.4 0829  2.4 1436  0.4 2051  2.4
25  Fr        817 0307  0.4 0916  2.3 1522  0.4 2136  2.4
26  Sa        817 0352  0.4 1001  2.3 1607  0.5 2220  2.3
27  Su        817 0436  0.5 1046  2.2 1652  0.6 2304  2.2
28  Mo        817 0520  0.6 1131  2.1 1738  0.7 2349  2.1
29  Tu        817 0604  0.6 1218  2.1 1827  0.7 9999  9.9
30  We        817 0035  2.0 0651  0.7 1309  2.0 1918  0.8
31  Th        817 0124  2.0 0742  0.8 1403  2.0 2012  0.9
 1  Fr        917 0217  1.9 0836  0.8 1500  1.9 2108  0.9
 2  Sa        917 0312  1.9 0933  0.8 1556  2.0 2203  0.9
 3  Su        917 0408  1.9 1028  0.8 1648  2.0 2256  0.8
 4  Mo        917 0502  2.0 1119  0.7 1736  2.1 2345  0.7
 5  Tu        917 0552  2.0 1206  0.6 1821  2.2 9999  9.9
 6  We        917 0031  0.7 0638  2.1 1250  0.6 1904  2.2
 7  Th        917 0115  0.6 0723  2.2 1333  0.5 1947  2.3
 8  Fr        917 0159  0.5 0806  2.3 1415  0.5 2029  2.3
 9  Sa        917 0242  0.4 0850  2.3 1459  0.4 2113  2.4
10  Su        917 0326  0.4 0935  2.3 1544  0.4 2158  2.4
11  Mo        917 0411  0.4 1021  2.3 1632  0.5 2245  2.4
12  Tu        917 0459  0.4 1111  2.3 1723  0.5 2336  2.3
13  We        917 0550  0.4 1205  2.3 1819  0.5 9999  9.9
14  Th        917 0031  2.3 0646  0.5 1304  2.2 1919  0.6
15  Fr        917 0130  2.2 0745  0.5 1407  2.2 2023  0.6
16  Sa        917 0233  2.2 0849  0.5 1511  2.2 2127  0.6
17  Su        917 0337  2.2 0952  0.5 1613  2.3 2229  0.6
18  Mo        917 0440  2.2 1053  0.5 1711  2.3 2327  0.5
19  Tu        917 0539  2.2 1149  0.5 1804  2.3 9999  9.9
20  We        917 0021  0.5 0632  2.3 1241  0.4 1854  2.3
21  Th        917 0110  0.4 0721  2.3 1328  0.4 1940  2.4
22  Fr        917 0156  0.4 0807  2.3 1413  0.4 2024  2.3
23  Sa        917 0240  0.4 0851  2.3 1457  0.5 2107  2.3
24  Su        917 0322  0.5 0933  2.3 1539  0.5 2149  2.2
25  Mo        917 0403  0.5 1015  2.2 1622  0.6 2230  2.2
26  Tu        917 0444  0.6 1057  2.1 1706  0.7 2313  2.1
27  We        917 0526  0.7 1142  2.1 1752  0.8 2358  2.0
28  Th        917 0611  0.7 1230  2.0 1841  0.8 9999  9.9
29  Fr        917 0046  2.0 0700  0.8 1322  2.0 1934  0.8
30  Sa        917 0138  1.9 0754  0.8 1418  2.0 2029  0.9
 1  Su       1017 0234  1.9 0851  0.8 1514  2.0 2125  0.8
 2  Mo       1017 0331  1.9 0948  0.8 1607  2.0 2218  0.8
 3  Tu       1017 0427  2.0 1041  0.7 1657  2.1 2309  0.7
 4  We       1017 0519  2.1 1131  0.6 1745  2.2 2357  0.6
 5  Th       1017 0607  2.2 1218  0.6 1830  2.3 9999  9.9
 6  Fr       1017 0044  0.5 0654  2.3 1304  0.5 1916  2.3
 7  Sa       1017 0129  0.4 0740  2.3 1349  0.4 2001  2.4
 8  Su       1017 0215  0.3 0827  2.4 1436  0.4 2048  2.4
 9  Mo       1017 0302  0.3 0914  2.4 1524  0.4 2136  2.4
10  Tu       1017 0349  0.3 1003  2.4 1615  0.4 2226  2.4
11  We       1017 0439  0.3 1055  2.4 1709  0.4 2320  2.3
12  Th       1017 0532  0.4 1150  2.4 1806  0.5 9999  9.9
13  Fr       1017 0016  2.3 0628  0.4 1248  2.3 1907  0.6
14  Sa       1017 0116  2.2 0729  0.5 1350  2.3 2009  0.6
15  Su       1017 0219  2.2 0832  0.6 1453  2.2 2112  0.6
16  Mo       1017 0323  2.1 0935  0.6 1554  2.2 2212  0.6
17  Tu       1017 0425  2.1 1035  0.6 1650  2.2 2308  0.6
18  We       1017 0522  2.2 1130  0.6 1742  2.2 9999  9.9
19  Th       1017 0000  0.5 0613  2.2 1220  0.6 1830  2.2
20  Fr       1017 0047  0.5 0700  2.2 1306  0.5 1914  2.2
21  Sa       1017 0130  0.5 0744  2.3 1349  0.6 1956  2.2
22  Su       1017 0212  0.5 0825  2.3 1431  0.6 2037  2.2
23  Mo       1017 0252  0.5 0905  2.2 1512  0.6 2118  2.2
24  Tu       1017 0331  0.6 0945  2.2 1554  0.7 2159  2.1
25  We       1017 0411  0.6 1026  2.2 1636  0.7 2241  2.1
26  Th       1017 0452  0.7 1110  2.1 1721  0.8 2324  2.0
27  Fr       1017 0535  0.7 1155  2.0 1809  0.8 9999  9.9
28  Sa       1017 0011  2.0 0622  0.8 1245  2.0 1859  0.8
29  Su       1017 0101  1.9 0713  0.8 1337  2.0 1951  0.8
30  Mo       1017 0156  1.9 0809  0.8 1431  2.0 2045  0.8
31  Tu       1017 0253  1.9 0906  0.8 1525  2.1 2139  0.7
 1  We       1117 0349  2.0 1001  0.7 1617  2.1 2231  0.6
 2  Th       1117 0444  2.1 1054  0.6 1707  2.2 2322  0.5
 3  Fr       1117 0536  2.2 1145  0.5 1756  2.3 9999  9.9
 4  Sa       1117 0012  0.4 0626  2.3 1235  0.5 1845  2.4
 5  Su       1117 0101  0.3 0715  2.4 1325  0.4 1935  2.4
 6  Mo       1117 0150  0.3 0805  2.5 1415  0.4 2025  2.5
 7  Tu       1117 0239  0.2 0854  2.5 1507  0.3 2117  2.5
 8  We       1117 0329  0.2 0946  2.5 1600  0.4 2209  2.4
 9  Th       1117 0421  0.3 1039  2.5 1655  0.4 2304  2.4
10  Fr       1117 0515  0.3 1134  2.4 1752  0.5 9999  9.9
11  Sa       1117 0001  2.3 0611  0.4 1232  2.4 1852  0.5
12  Su       1117 0101  2.2 0711  0.5 1331  2.3 1952  0.6
13  Mo       1117 0203  2.1 0812  0.6 1431  2.2 2052  0.6
14  Tu       1117 0305  2.1 0914  0.6 1530  2.2 2150  0.6
15  We       1117 0405  2.1 1013  0.7 1625  2.2 2245  0.6
16  Th       1117 0501  2.1 1106  0.7 1715  2.2 2335  0.6
17  Fr       1117 0551  2.1 1156  0.7 1802  2.1 9999  9.9
18  Sa       1117 0021  0.6 0637  2.2 1241  0.7 1846  2.1
19  Su       1117 0103  0.6 0719  2.2 1324  0.7 1929  2.1
20  Mo       1117 0144  0.6 0800  2.2 1405  0.7 2010  2.1
21  Tu       1117 0223  0.6 0839  2.2 1447  0.7 2050  2.1
22  We       1117 0302  0.6 0919  2.2 1528  0.7 2131  2.1
23  Th       1117 0342  0.6 0959  2.2 1610  0.7 2212  2.0
24  Fr       1117 0422  0.6 1041  2.1 1654  0.7 2255  2.0
25  Sa       1117 0504  0.7 1125  2.1 1739  0.8 2340  2.0
26  Su       1117 0548  0.7 1211  2.1 1826  0.8 9999  9.9
27  Mo       1117 0028  2.0 0637  0.8 1259  2.1 1915  0.8
28  Tu       1117 0119  2.0 0729  0.8 1351  2.1 2007  0.7
29  We       1117 0215  2.0 0826  0.8 1444  2.1 2100  0.7
30  Th       1117 0312  2.0 0923  0.7 1537  2.2 2155  0.6
 1  Fr       1217 0410  2.1 1020  0.6 1631  2.2 2249  0.5
 2  Sa       1217 0506  2.2 1115  0.6 1725  2.3 2342  0.4
 3  Su       1217 0600  2.4 1209  0.5 1818  2.4 9999  9.9
 4  Mo       1217 0035  0.3 0652  2.5 1303  0.4 1912  2.4
 5  Tu       1217 0127  0.2 0744  2.5 1356  0.3 2005  2.5
 6  We       1217 0219  0.2 0836  2.6 1450  0.3 2059  2.5
 7  Th       1217 0311  0.2 0928  2.6 1544  0.3 2153  2.4
 8  Fr       1217 0403  0.2 1022  2.5 1639  0.4 2247  2.4
 9  Sa       1217 0456  0.3 1116  2.5 1735  0.4 2343  2.3
10  Su       1217 0552  0.4 1211  2.4 1832  0.5 9999  9.9
11  Mo       1217 0041  2.2 0649  0.5 1308  2.3 1929  0.5
12  Tu       1217 0140  2.1 0748  0.6 1404  2.2 2026  0.6
13  We       1217 0240  2.1 0847  0.7 1500  2.1 2121  0.6
14  Th       1217 0338  2.1 0944  0.7 1554  2.1 2215  0.6
15  Fr       1217 0434  2.1 1038  0.7 1645  2.1 2305  0.6
16  Sa       1217 0524  2.1 1128  0.8 1733  2.1 2352  0.6
17  Su       1217 0611  2.1 1215  0.7 1818  2.1 9999  9.9
18  Mo       1217 0036  0.6 0654  2.1 1259  0.7 1902  2.1
19  Tu       1217 0117  0.6 0735  2.2 1341  0.7 1944  2.1
20  We       1217 0158  0.6 0815  2.2 1423  0.7 2025  2.1
21  Th       1217 0237  0.6 0855  2.2 1504  0.7 2106  2.1
22  Fr       1217 0316  0.6 0934  2.2 1546  0.7 2147  2.1
23  Sa       1217 0355  0.6 1015  2.2 1627  0.7 2228  2.0
24  Su       1217 0436  0.7 1056  2.1 1710  0.7 2311  2.0
25  Mo       1217 0518  0.7 1139  2.1 1754  0.7 2357  2.0
26  Tu       1217 0604  0.7 1225  2.1 1841  0.7 9999  9.9
27  We       1217 0046  2.0 0655  0.7 1314  2.1 1931  0.7
28  Th       1217 0141  2.0 0750  0.7 1407  2.2 2025  0.6
29  Fr       1217 0239  2.1 0849  0.7 1503  2.2 2122  0.5
30  Sa       1217 0339  2.2 0949  0.6 1600  2.2 2219  0.5
31  Su       1217 0438  2.3 1048  0.6 1658  2.3 2317  0.4
