140Huruhi Harbour
Based on data from 22-Mar-2010
Local Std Time, tidal heights in metres.
 1  Mo        118 0536  2.4 1146  0.5 1755  2.4 9999  9.9
 2  Tu        118 0013  0.3 0631  2.5 1243  0.4 1852  2.4
 3  We        118 0107  0.2 0725  2.5 1339  0.3 1947  2.5
 4  Th        118 0200  0.2 0818  2.6 1433  0.3 2042  2.5
 5  Fr        118 0252  0.2 0910  2.6 1527  0.3 2135  2.4
 6  Sa        118 0344  0.2 1002  2.5 1620  0.3 2228  2.4
 7  Su        118 0436  0.3 1054  2.5 1713  0.4 2321  2.3
 8  Mo        118 0529  0.4 1146  2.4 1806  0.5 9999  9.9
 9  Tu        118 0015  2.2 0623  0.5 1239  2.3 1859  0.5
10  We        118 0111  2.1 0718  0.6 1332  2.2 1952  0.6
11  Th        118 0207  2.1 0814  0.7 1425  2.1 2046  0.7
12  Fr        118 0305  2.0 0911  0.8 1518  2.0 2140  0.7
13  Sa        118 0401  2.0 1005  0.8 1611  2.0 2232  0.7
14  Su        118 0453  2.0 1057  0.8 1701  2.0 2322  0.7
15  Mo        118 0542  2.1 1146  0.8 1750  2.0 9999  9.9
16  Tu        118 0008  0.7 0627  2.1 1232  0.8 1836  2.0
17  We        118 0051  0.6 0709  2.1 1316  0.7 1919  2.0
18  Th        118 0133  0.6 0750  2.2 1359  0.7 2001  2.1
19  Fr        118 0212  0.6 0830  2.2 1440  0.7 2042  2.1
20  Sa        118 0251  0.6 0909  2.2 1520  0.6 2122  2.1
21  Su        118 0330  0.6 0948  2.2 1601  0.6 2203  2.1
22  Mo        118 0410  0.6 1028  2.2 1642  0.6 2244  2.1
23  Tu        118 0452  0.6 1110  2.2 1724  0.6 2329  2.1
24  We        118 0537  0.6 1155  2.2 1810  0.6 9999  9.9
25  Th        118 0018  2.1 0627  0.7 1244  2.2 1900  0.6
26  Fr        118 0112  2.1 0722  0.7 1337  2.2 1955  0.6
27  Sa        118 0211  2.1 0822  0.7 1435  2.2 2054  0.5
28  Su        118 0313  2.2 0925  0.6 1535  2.2 2155  0.5
29  Mo        118 0415  2.3 1027  0.6 1637  2.3 2255  0.4
30  Tu        118 0515  2.3 1128  0.5 1737  2.3 2353  0.3
31  We        118 0612  2.4 1226  0.4 1835  2.4 9999  9.9
 1  Th        218 0049  0.3 0707  2.5 1322  0.4 1931  2.4
 2  Fr        218 0142  0.2 0759  2.6 1415  0.3 2024  2.4
 3  Sa        218 0233  0.2 0850  2.6 1507  0.3 2116  2.4
 4  Su        218 0324  0.3 0940  2.5 1557  0.3 2206  2.4
 5  Mo        218 0413  0.3 1029  2.4 1646  0.4 2256  2.3
 6  Tu        218 0503  0.4 1118  2.3 1735  0.5 2346  2.2
 7  We        218 0553  0.6 1207  2.2 1824  0.6 9999  9.9
 8  Th        218 0037  2.1 0645  0.7 1256  2.1 1914  0.6
 9  Fr        218 0130  2.1 0738  0.8 1347  2.0 2006  0.7
10  Sa        218 0226  2.0 0834  0.8 1440  2.0 2101  0.8
11  Su        218 0323  2.0 0930  0.9 1534  1.9 2156  0.8
12  Mo        218 0418  2.0 1024  0.9 1628  1.9 2249  0.8
13  Tu        218 0509  2.0 1116  0.8 1720  2.0 2338  0.7
14  We        218 0557  2.1 1204  0.8 1808  2.0 9999  9.9
15  Th        218 0023  0.7 0640  2.1 1249  0.7 1854  2.0
16  Fr        218 0106  0.6 0722  2.2 1331  0.7 1936  2.1
17  Sa        218 0146  0.6 0802  2.2 1413  0.6 2017  2.1
18  Su        218 0226  0.6 0841  2.2 1453  0.6 2057  2.2
19  Mo        218 0305  0.5 0920  2.3 1533  0.5 2138  2.2
20  Tu        218 0345  0.5 1001  2.3 1614  0.5 2220  2.2
21  We        218 0428  0.6 1043  2.3 1657  0.5 2305  2.2
22  Th        218 0514  0.6 1129  2.2 1744  0.5 2354  2.2
23  Fr        218 0605  0.6 1219  2.2 1835  0.5 9999  9.9
24  Sa        218 0049  2.2 0701  0.6 1314  2.2 1931  0.5
25  Su        218 0149  2.2 0802  0.6 1414  2.2 2031  0.5
26  Mo        218 0253  2.2 0906  0.6 1517  2.2 2135  0.5
27  Tu        218 0356  2.3 1010  0.6 1620  2.2 2237  0.4
28  We        218 0457  2.3 1112  0.5 1722  2.3 2336  0.4
 1  Th        318 0554  2.4 1210  0.4 1820  2.3 9999  9.9
 2  Fr        318 0032  0.3 0648  2.5 1304  0.4 1914  2.4
 3  Sa        318 0124  0.3 0739  2.5 1355  0.3 2005  2.4
 4  Su        318 0213  0.3 0828  2.5 1444  0.3 2054  2.4
 5  Mo        318 0301  0.3 0915  2.4 1531  0.4 2141  2.4
 6  Tu        318 0348  0.4 1001  2.4 1617  0.4 2227  2.3
 7  We        318 0435  0.5 1046  2.3 1702  0.5 2314  2.2
 8  Th        318 0522  0.6 1132  2.2 1747  0.6 9999  9.9
 9  Fr        318 0001  2.1 0610  0.7 1219  2.1 1834  0.7
10  Sa        318 0052  2.0 0702  0.8 1308  2.0 1925  0.7
11  Su        318 0146  2.0 0756  0.8 1401  1.9 2019  0.8
12  Mo        318 0243  2.0 0852  0.9 1457  1.9 2116  0.8
13  Tu        318 0339  2.0 0948  0.9 1553  1.9 2212  0.8
14  We        318 0432  2.0 1041  0.8 1648  1.9 2304  0.7
15  Th        318 0521  2.1 1131  0.8 1738  2.0 2351  0.7
16  Fr        318 0606  2.1 1217  0.7 1824  2.1 9999  9.9
17  Sa        318 0035  0.6 0649  2.2 1300  0.6 1908  2.1
18  Su        318 0117  0.6 0730  2.2 1342  0.6 1950  2.2
19  Mo        318 0158  0.5 0811  2.3 1423  0.5 2031  2.3
20  Tu        318 0239  0.5 0852  2.3 1505  0.4 2114  2.3
21  We        318 0322  0.5 0935  2.3 1548  0.4 2158  2.3
22  Th        318 0407  0.5 1020  2.3 1633  0.4 2245  2.3
23  Fr        318 0456  0.5 1108  2.3 1722  0.4 2336  2.3
24  Sa        318 0549  0.6 1200  2.2 1814  0.5 9999  9.9
25  Su        318 0031  2.2 0646  0.6 1257  2.2 1912  0.5
26  Mo        318 0132  2.2 0748  0.6 1358  2.2 2014  0.5
27  Tu        318 0236  2.2 0852  0.6 1503  2.2 2118  0.5
28  We        318 0339  2.3 0956  0.6 1607  2.2 2221  0.5
29  Th        318 0439  2.3 1056  0.5 1708  2.2 2320  0.5
30  Fr        318 0535  2.3 1152  0.5 1805  2.3 9999  9.9
31  Sa        318 0014  0.4 0627  2.4 1244  0.4 1857  2.3
 1  Su        418 0104  0.4 0716  2.4 1333  0.4 1945  2.4
 2  Mo        418 0152  0.4 0803  2.4 1419  0.4 2031  2.4
 3  Tu        418 0238  0.4 0848  2.3 1503  0.4 2115  2.3
 4  We        418 0322  0.5 0931  2.3 1546  0.5 2158  2.3
 5  Th        418 0406  0.6 1015  2.2 1628  0.5 2242  2.2
 6  Fr        418 0451  0.6 1058  2.1 1711  0.6 2327  2.1
 7  Sa        418 0538  0.7 1143  2.0 1756  0.7 9999  9.9
 8  Su        418 0015  2.1 0627  0.8 1231  2.0 1844  0.8
 9  Mo        418 0107  2.0 0719  0.8 1323  1.9 1937  0.8
10  Tu        418 0201  2.0 0814  0.9 1418  1.9 2034  0.8
11  We        418 0257  2.0 0909  0.8 1515  1.9 2131  0.8
12  Th        418 0351  2.0 1003  0.8 1611  1.9 2225  0.8
13  Fr        418 0441  2.1 1053  0.7 1703  2.0 2315  0.7
14  Sa        418 0528  2.1 1141  0.6 1751  2.1 9999  9.9
15  Su        418 0001  0.6 0613  2.2 1226  0.6 1837  2.2
16  Mo        418 0046  0.6 0656  2.3 1310  0.5 1922  2.3
17  Tu        418 0130  0.5 0740  2.3 1354  0.4 2006  2.3
18  We        418 0215  0.5 0825  2.4 1439  0.3 2051  2.4
19  Th        418 0301  0.4 0911  2.4 1525  0.3 2138  2.4
20  Fr        418 0349  0.4 1000  2.4 1612  0.3 2227  2.4
21  Sa        418 0441  0.5 1051  2.3 1703  0.4 2320  2.4
22  Su        418 0536  0.5 1145  2.3 1757  0.4 9999  9.9
23  Mo        418 0016  2.3 0634  0.5 1243  2.2 1855  0.5
24  Tu        418 0117  2.3 0736  0.6 1345  2.2 1958  0.5
25  We        418 0219  2.3 0838  0.6 1449  2.1 2101  0.6
26  Th        418 0320  2.2 0940  0.6 1553  2.2 2203  0.6
27  Fr        418 0419  2.3 1038  0.5 1653  2.2 2301  0.6
28  Sa        418 0514  2.3 1133  0.5 1747  2.2 2354  0.5
29  Su        418 0605  2.3 1223  0.5 1837  2.3 9999  9.9
30  Mo        418 0043  0.5 0652  2.3 1309  0.5 1924  2.3
 1  Tu        518 0129  0.5 0737  2.3 1353  0.5 2007  2.3
 2  We        518 0213  0.5 0820  2.2 1435  0.5 2049  2.3
 3  Th        518 0256  0.6 0902  2.2 1515  0.5 2131  2.2
 4  Fr        518 0339  0.6 0944  2.1 1556  0.6 2212  2.2
 5  Sa        518 0423  0.7 1027  2.1 1637  0.6 2256  2.1
 6  Su        518 0508  0.7 1111  2.0 1721  0.7 2341  2.1
 7  Mo        518 0555  0.8 1157  2.0 1807  0.8 9999  9.9
 8  Tu        518 0030  2.0 0644  0.8 1246  1.9 1857  0.8
 9  We        518 0121  2.0 0736  0.8 1340  1.9 1952  0.8
10  Th        518 0214  2.0 0829  0.8 1435  1.9 2048  0.8
11  Fr        518 0307  2.0 0921  0.8 1531  2.0 2143  0.8
12  Sa        518 0358  2.1 1013  0.7 1625  2.0 2235  0.7
13  Su        518 0447  2.1 1103  0.6 1717  2.1 2325  0.6
14  Mo        518 0535  2.2 1151  0.5 1806  2.2 9999  9.9
15  Tu        518 0014  0.6 0623  2.3 1239  0.4 1854  2.3
16  We        518 0102  0.5 0711  2.4 1327  0.3 1942  2.4
17  Th        518 0151  0.4 0800  2.4 1415  0.3 2030  2.5
18  Fr        518 0241  0.4 0850  2.4 1503  0.3 2120  2.5
19  Sa        518 0333  0.4 0942  2.4 1554  0.3 2211  2.5
20  Su        518 0427  0.4 1035  2.4 1646  0.3 2305  2.4
21  Mo        518 0523  0.4 1131  2.3 1741  0.4 9999  9.9
22  Tu        518 0001  2.4 0621  0.5 1229  2.2 1839  0.5
23  We        518 0100  2.3 0720  0.5 1330  2.2 1940  0.5
24  Th        518 0159  2.3 0820  0.5 1433  2.1 2042  0.6
25  Fr        518 0258  2.2 0920  0.6 1534  2.1 2143  0.6
26  Sa        518 0355  2.2 1016  0.6 1633  2.1 2240  0.6
27  Su        518 0449  2.2 1110  0.6 1727  2.2 2332  0.6
28  Mo        518 0539  2.2 1159  0.5 1816  2.2 9999  9.9
29  Tu        518 0021  0.6 0626  2.2 1244  0.5 1901  2.2
30  We        518 0106  0.6 0711  2.2 1327  0.5 1943  2.2
31  Th        518 0150  0.6 0754  2.1 1408  0.5 2024  2.2
 1  Fr        618 0232  0.6 0836  2.1 1448  0.6 2105  2.2
 2  Sa        618 0314  0.7 0917  2.1 1528  0.6 2146  2.2
 3  Su        618 0357  0.7 0959  2.1 1608  0.6 2228  2.1
 4  Mo        618 0440  0.7 1041  2.0 1650  0.7 2311  2.1
 5  Tu        618 0525  0.7 1126  2.0 1733  0.7 2355  2.1
 6  We        618 0611  0.8 1212  1.9 1820  0.8 9999  9.9
 7  Th        618 0043  2.1 0658  0.8 1302  1.9 1911  0.8
 8  Fr        618 0132  2.0 0748  0.8 1355  1.9 2005  0.8
 9  Sa        618 0223  2.1 0840  0.7 1451  2.0 2100  0.8
10  Su        618 0315  2.1 0932  0.6 1547  2.1 2156  0.7
11  Mo        618 0407  2.2 1025  0.6 1642  2.2 2251  0.6
12  Tu        618 0500  2.2 1118  0.5 1736  2.3 2344  0.6
13  We        618 0553  2.3 1210  0.4 1828  2.4 9999  9.9
14  Th        618 0037  0.5 0646  2.4 1302  0.3 1919  2.5
15  Fr        618 0130  0.4 0739  2.4 1353  0.2 2010  2.5
16  Sa        618 0223  0.4 0832  2.4 1444  0.2 2102  2.6
17  Su        618 0317  0.3 0925  2.4 1536  0.2 2154  2.5
18  Mo        618 0412  0.3 1019  2.4 1629  0.3 2248  2.5
19  Tu        618 0507  0.4 1115  2.3 1723  0.4 2343  2.4
20  We        618 0602  0.4 1211  2.3 1820  0.5 9999  9.9
21  Th        618 0039  2.4 0659  0.5 1310  2.2 1918  0.6
22  Fr        618 0135  2.3 0756  0.5 1410  2.1 2018  0.6
23  Sa        618 0232  2.2 0853  0.6 1510  2.1 2117  0.7
24  Su        618 0328  2.1 0949  0.6 1608  2.1 2214  0.7
25  Mo        618 0421  2.1 1043  0.6 1702  2.1 2307  0.7
26  Tu        618 0512  2.1 1132  0.6 1752  2.1 2356  0.7
27  We        618 0600  2.1 1219  0.6 1837  2.1 9999  9.9
28  Th        618 0042  0.7 0646  2.1 1302  0.6 1920  2.2
29  Fr        618 0126  0.7 0729  2.1 1343  0.6 2001  2.2
30  Sa        618 0209  0.7 0811  2.1 1423  0.6 2041  2.2
 1  Su        718 0251  0.7 0853  2.1 1503  0.6 2121  2.2
 2  Mo        718 0332  0.7 0934  2.1 1542  0.6 2201  2.2
 3  Tu        718 0414  0.7 1014  2.0 1622  0.7 2241  2.1
 4  We        718 0455  0.7 1056  2.0 1703  0.7 2323  2.1
 5  Th        718 0538  0.7 1139  2.0 1746  0.7 9999  9.9
 6  Fr        718 0006  2.1 0622  0.7 1226  2.0 1834  0.7
 7  Sa        718 0053  2.1 0709  0.7 1317  2.0 1926  0.8
 8  Su        718 0143  2.1 0800  0.7 1413  2.0 2022  0.7
 9  Mo        718 0236  2.1 0855  0.6 1512  2.1 2121  0.7
10  Tu        718 0332  2.2 0952  0.5 1611  2.2 2220  0.6
11  We        718 0430  2.2 1049  0.4 1709  2.3 2318  0.6
12  Th        718 0527  2.3 1145  0.4 1804  2.4 9999  9.9
13  Fr        718 0016  0.5 0624  2.4 1240  0.3 1859  2.5
14  Sa        718 0111  0.4 0720  2.4 1334  0.2 1951  2.6
15  Su        718 0206  0.3 0815  2.5 1426  0.2 2044  2.6
16  Mo        718 0300  0.3 0908  2.5 1518  0.2 2136  2.6
17  Tu        718 0353  0.3 1002  2.4 1610  0.3 2228  2.5
18  We        718 0446  0.3 1055  2.4 1703  0.3 2320  2.5
19  Th        718 0539  0.4 1149  2.3 1757  0.5 9999  9.9
20  Fr        718 0013  2.4 0633  0.5 1244  2.2 1852  0.6
21  Sa        718 0107  2.2 0727  0.5 1341  2.1 1949  0.7
22  Su        718 0201  2.2 0822  0.6 1440  2.1 2047  0.7
23  Mo        718 0256  2.1 0917  0.7 1538  2.0 2144  0.8
24  Tu        718 0350  2.0 1012  0.7 1633  2.0 2239  0.8
25  We        718 0443  2.0 1104  0.7 1724  2.1 2330  0.8
26  Th        718 0533  2.0 1152  0.7 1811  2.1 9999  9.9
27  Fr        718 0017  0.8 0621  2.0 1237  0.7 1855  2.1
28  Sa        718 0102  0.7 0706  2.0 1319  0.6 1936  2.2
29  Su        718 0145  0.7 0748  2.1 1359  0.6 2016  2.2
30  Mo        718 0226  0.7 0829  2.1 1438  0.6 2055  2.2
31  Tu        718 0306  0.7 0909  2.1 1516  0.6 2133  2.2
 1  We        818 0346  0.6 0948  2.1 1555  0.6 2212  2.2
 2  Th        818 0425  0.6 1028  2.1 1634  0.6 2252  2.2
 3  Fr        818 0506  0.6 1110  2.1 1717  0.7 2334  2.2
 4  Sa        818 0549  0.6 1155  2.1 1803  0.7 9999  9.9
 5  Su        818 0019  2.1 0635  0.6 1245  2.1 1855  0.7
 6  Mo        818 0109  2.1 0727  0.6 1341  2.1 1952  0.7
 7  Tu        818 0205  2.1 0823  0.6 1442  2.1 2053  0.7
 8  We        818 0304  2.2 0923  0.5 1544  2.2 2156  0.6
 9  Th        818 0405  2.2 1024  0.5 1645  2.3 2257  0.6
10  Fr        818 0507  2.3 1124  0.4 1743  2.4 2357  0.5
11  Sa        818 0606  2.3 1221  0.3 1839  2.5 9999  9.9
12  Su        818 0054  0.4 0703  2.4 1315  0.2 1932  2.5
13  Mo        818 0148  0.3 0758  2.5 1408  0.2 2024  2.6
14  Tu        818 0241  0.3 0850  2.5 1459  0.2 2115  2.6
15  We        818 0332  0.3 0941  2.5 1549  0.3 2205  2.5
16  Th        818 0422  0.3 1032  2.4 1640  0.4 2254  2.4
17  Fr        818 0512  0.4 1123  2.3 1731  0.5 2344  2.3
18  Sa        818 0601  0.5 1214  2.2 1823  0.6 9999  9.9
19  Su        818 0035  2.2 0652  0.6 1308  2.1 1917  0.7
20  Mo        818 0127  2.1 0745  0.7 1405  2.0 2014  0.8
21  Tu        818 0221  2.0 0841  0.7 1503  2.0 2111  0.8
22  We        818 0316  2.0 0937  0.8 1600  2.0 2207  0.8
23  Th        818 0412  1.9 1032  0.8 1653  2.0 2300  0.8
24  Fr        818 0505  1.9 1123  0.7 1741  2.0 2349  0.8
25  Sa        818 0555  2.0 1209  0.7 1826  2.1 9999  9.9
26  Su        818 0035  0.7 0640  2.0 1252  0.7 1908  2.1
27  Mo        818 0118  0.7 0723  2.1 1333  0.6 1947  2.2
28  Tu        818 0158  0.6 0803  2.1 1412  0.6 2026  2.2
29  We        818 0238  0.6 0843  2.1 1450  0.6 2104  2.2
30  Th        818 0316  0.6 0921  2.2 1529  0.6 2143  2.2
31  Fr        818 0355  0.6 1001  2.2 1609  0.6 2223  2.2
 1  Sa        918 0436  0.6 1043  2.2 1651  0.6 2306  2.2
 2  Su        918 0519  0.6 1129  2.2 1739  0.6 2352  2.2
 3  Mo        918 0607  0.6 1220  2.1 1831  0.7 9999  9.9
 4  Tu        918 0044  2.2 0700  0.6 1317  2.1 1930  0.7
 5  We        918 0141  2.1 0758  0.6 1419  2.2 2033  0.7
 6  Th        918 0243  2.2 0901  0.5 1523  2.2 2137  0.6
 7  Fr        918 0347  2.2 1004  0.5 1625  2.3 2240  0.5
 8  Sa        918 0451  2.2 1106  0.4 1724  2.4 2340  0.5
 9  Su        918 0551  2.3 1203  0.3 1819  2.4 9999  9.9
10  Mo        918 0036  0.4 0647  2.4 1257  0.3 1912  2.5
11  Tu        918 0129  0.3 0740  2.4 1348  0.3 2002  2.5
12  We        918 0219  0.3 0830  2.5 1438  0.3 2051  2.5
13  Th        918 0308  0.3 0919  2.4 1526  0.3 2139  2.4
14  Fr        918 0355  0.3 1006  2.4 1614  0.4 2226  2.4
15  Sa        918 0441  0.4 1054  2.3 1703  0.5 2313  2.2
16  Su        918 0528  0.5 1143  2.2 1753  0.6 9999  9.9
17  Mo        918 0001  2.1 0616  0.6 1234  2.1 1844  0.7
18  Tu        918 0051  2.0 0707  0.7 1328  2.0 1939  0.8
19  We        918 0144  2.0 0801  0.8 1425  2.0 2035  0.8
20  Th        918 0240  1.9 0858  0.8 1522  2.0 2132  0.9
21  Fr        918 0338  1.9 0956  0.8 1616  2.0 2226  0.8
22  Sa        918 0433  1.9 1049  0.8 1706  2.0 2316  0.8
23  Su        918 0524  2.0 1137  0.7 1752  2.1 9999  9.9
24  Mo        918 0002  0.7 0611  2.0 1221  0.7 1834  2.1
25  Tu        918 0046  0.7 0654  2.1 1303  0.6 1915  2.2
26  We        918 0127  0.6 0735  2.2 1343  0.6 1954  2.2
27  Th        918 0207  0.5 0815  2.2 1423  0.6 2034  2.3
28  Fr        918 0247  0.5 0855  2.2 1503  0.5 2115  2.3
29  Sa        918 0327  0.5 0937  2.3 1546  0.5 2157  2.3
30  Su        918 0410  0.5 1021  2.3 1631  0.6 2242  2.2
 1  Mo       1018 0455  0.5 1109  2.2 1721  0.6 2331  2.2
 2  Tu       1018 0544  0.5 1201  2.2 1815  0.6 9999  9.9
 3  We       1018 0025  2.2 0639  0.5 1259  2.2 1915  0.6
 4  Th       1018 0125  2.1 0739  0.6 1401  2.2 2018  0.6
 5  Fr       1018 0228  2.1 0843  0.6 1504  2.2 2122  0.6
 6  Sa       1018 0333  2.2 0947  0.5 1606  2.3 2224  0.5
 7  Su       1018 0436  2.2 1048  0.5 1704  2.3 2322  0.5
 8  Mo       1018 0535  2.3 1145  0.4 1759  2.4 9999  9.9
 9  Tu       1018 0017  0.4 0630  2.4 1238  0.4 1850  2.4
10  We       1018 0107  0.3 0721  2.4 1328  0.4 1939  2.4
11  Th       1018 0156  0.3 0809  2.4 1416  0.4 2026  2.4
12  Fr       1018 0242  0.3 0855  2.4 1503  0.4 2112  2.3
13  Sa       1018 0326  0.4 0940  2.3 1549  0.5 2157  2.3
14  Su       1018 0410  0.5 1025  2.3 1635  0.6 2242  2.2
15  Mo       1018 0454  0.5 1111  2.2 1722  0.7 2328  2.1
16  Tu       1018 0540  0.6 1159  2.1 1812  0.7 9999  9.9
17  We       1018 0016  2.0 0628  0.7 1250  2.0 1904  0.8
18  Th       1018 0108  1.9 0721  0.8 1345  2.0 1959  0.8
19  Fr       1018 0203  1.9 0817  0.8 1440  2.0 2054  0.8
20  Sa       1018 0300  1.9 0915  0.8 1534  2.0 2147  0.8
21  Su       1018 0356  1.9 1009  0.8 1625  2.0 2238  0.8
22  Mo       1018 0448  2.0 1059  0.8 1712  2.1 2325  0.7
23  Tu       1018 0537  2.0 1146  0.7 1756  2.1 9999  9.9
24  We       1018 0010  0.6 0622  2.1 1230  0.6 1839  2.2
25  Th       1018 0053  0.5 0705  2.2 1312  0.6 1922  2.3
26  Fr       1018 0135  0.5 0747  2.3 1355  0.5 2005  2.3
27  Sa       1018 0218  0.4 0831  2.3 1439  0.5 2049  2.3
28  Su       1018 0302  0.4 0915  2.4 1526  0.5 2135  2.3
29  Mo       1018 0347  0.4 1002  2.4 1615  0.5 2224  2.3
30  Tu       1018 0435  0.4 1052  2.3 1707  0.5 2315  2.2
31  We       1018 0527  0.4 1146  2.3 1803  0.6 9999  9.9
 1  Th       1118 0011  2.2 0623  0.5 1244  2.3 1902  0.6
 2  Fr       1118 0111  2.2 0723  0.5 1344  2.3 2004  0.6
 3  Sa       1118 0215  2.1 0826  0.6 1446  2.3 2106  0.6
 4  Su       1118 0319  2.2 0930  0.6 1546  2.3 2206  0.5
 5  Mo       1118 0421  2.2 1030  0.5 1643  2.3 2303  0.5
 6  Tu       1118 0519  2.2 1126  0.5 1737  2.3 2356  0.4
 7  We       1118 0612  2.3 1218  0.5 1827  2.3 9999  9.9
 8  Th       1118 0045  0.4 0701  2.3 1307  0.5 1915  2.3
 9  Fr       1118 0132  0.4 0747  2.3 1354  0.5 2001  2.3
10  Sa       1118 0216  0.4 0831  2.3 1439  0.5 2045  2.2
11  Su       1118 0259  0.5 0914  2.3 1524  0.6 2129  2.2
12  Mo       1118 0341  0.5 0958  2.2 1608  0.6 2212  2.1
13  Tu       1118 0423  0.6 1041  2.2 1654  0.7 2257  2.0
14  We       1118 0506  0.7 1127  2.1 1741  0.7 2343  2.0
15  Th       1118 0552  0.7 1215  2.1 1830  0.8 9999  9.9
16  Fr       1118 0032  1.9 0642  0.8 1305  2.0 1921  0.8
17  Sa       1118 0124  1.9 0735  0.8 1357  2.0 2013  0.8
18  Su       1118 0219  1.9 0830  0.8 1449  2.0 2104  0.8
19  Mo       1118 0314  1.9 0925  0.8 1540  2.0 2155  0.7
20  Tu       1118 0408  2.0 1017  0.8 1629  2.1 2245  0.7
21  We       1118 0459  2.1 1107  0.7 1716  2.1 2332  0.6
22  Th       1118 0547  2.2 1155  0.6 1803  2.2 9999  9.9
23  Fr       1118 0019  0.5 0634  2.2 1242  0.6 1850  2.3
24  Sa       1118 0105  0.4 0721  2.3 1329  0.5 1937  2.3
25  Su       1118 0152  0.3 0807  2.4 1418  0.5 2026  2.3
26  Mo       1118 0239  0.3 0855  2.4 1508  0.4 2116  2.4
27  Tu       1118 0328  0.3 0945  2.5 1600  0.4 2207  2.3
28  We       1118 0418  0.3 1037  2.4 1654  0.4 2301  2.3
29  Th       1118 0511  0.4 1131  2.4 1750  0.5 2358  2.3
30  Fr       1118 0607  0.4 1228  2.4 1848  0.5 9999  9.9
 1  Sa       1218 0057  2.2 0706  0.5 1326  2.3 1947  0.5
 2  Su       1218 0159  2.2 0808  0.6 1426  2.3 2047  0.5
 3  Mo       1218 0301  2.2 0910  0.6 1524  2.2 2145  0.5
 4  Tu       1218 0402  2.2 1009  0.6 1620  2.2 2241  0.5
 5  We       1218 0459  2.2 1105  0.6 1713  2.2 2334  0.5
 6  Th       1218 0552  2.2 1157  0.6 1803  2.2 9999  9.9
 7  Fr       1218 0022  0.5 0640  2.2 1246  0.6 1851  2.2
 8  Sa       1218 0108  0.5 0725  2.3 1332  0.6 1936  2.2
 9  Su       1218 0151  0.5 0808  2.3 1416  0.6 2020  2.1
10  Mo       1218 0233  0.5 0850  2.2 1500  0.6 2103  2.1
11  Tu       1218 0314  0.6 0932  2.2 1543  0.7 2145  2.1
12  We       1218 0355  0.6 1014  2.2 1627  0.7 2228  2.0
13  Th       1218 0436  0.7 1057  2.1 1711  0.7 2312  2.0
14  Fr       1218 0519  0.7 1141  2.1 1756  0.8 2357  2.0
15  Sa       1218 0605  0.8 1227  2.1 1842  0.8 9999  9.9
16  Su       1218 0045  1.9 0654  0.8 1314  2.0 1930  0.8
17  Mo       1218 0137  1.9 0745  0.8 1404  2.0 2020  0.7
18  Tu       1218 0231  1.9 0840  0.8 1454  2.1 2112  0.7
19  We       1218 0326  2.0 0934  0.8 1545  2.1 2204  0.6
20  Th       1218 0421  2.1 1028  0.7 1637  2.1 2256  0.5
21  Fr       1218 0514  2.2 1121  0.6 1729  2.2 2347  0.5
22  Sa       1218 0605  2.3 1214  0.6 1821  2.3 9999  9.9
23  Su       1218 0038  0.4 0656  2.4 1306  0.5 1914  2.3
24  Mo       1218 0128  0.3 0746  2.5 1358  0.4 2006  2.4
25  Tu       1218 0219  0.2 0837  2.5 1451  0.4 2059  2.4
26  We       1218 0310  0.2 0928  2.5 1544  0.4 2152  2.4
27  Th       1218 0401  0.3 1020  2.5 1638  0.4 2246  2.4
28  Fr       1218 0454  0.3 1114  2.5 1733  0.4 2341  2.3
29  Sa       1218 0550  0.4 1208  2.4 1829  0.4 9999  9.9
30  Su       1218 0039  2.2 0647  0.5 1305  2.3 1925  0.5
31  Mo       1218 0138  2.2 0746  0.6 1401  2.3 2023  0.5
