142Jackson Bay
Based on data from  2-Jul-2004
Local Std Time, tidal heights in metres.
 1  Su        117 0045  2.2 0650  0.3 1257  2.2 1914  0.2
 2  Mo        117 0128  2.1 0733  0.3 1340  2.2 1959  0.2
 3  Tu        117 0213  2.1 0819  0.3 1427  2.1 2047  0.3
 4  We        117 0301  2.0 0909  0.4 1517  2.0 2139  0.3
 5  Th        117 0353  2.0 1004  0.5 1613  2.0 2236  0.4
 6  Fr        117 0450  1.9 1105  0.5 1716  1.9 2337  0.4
 7  Sa        117 0552  1.9 1209  0.5 1822  1.9 9999  9.9
 8  Su        117 0039  0.4 0655  2.0 1313  0.4 1927  2.0
 9  Mo        117 0141  0.4 0757  2.1 1415  0.3 2028  2.1
10  Tu        117 0241  0.3 0855  2.2 1513  0.2 2126  2.2
11  We        117 0338  0.2 0949  2.3 1608  0.0 2220  2.3
12  Th        117 0431  0.1 1041  2.4 1700 -0.1 2313  2.4
13  Fr        117 0522  0.0 1132  2.5 1750 -0.1 9999  9.9
14  Sa        117 0003  2.4 0612  0.0 1221  2.5 1839 -0.1
15  Su        117 0053  2.4 0700  0.1 1310  2.4 1927  0.0
16  Mo        117 0141  2.3 0748  0.2 1358  2.3 2015  0.1
17  Tu        117 0228  2.2 0836  0.3 1446  2.1 2103  0.3
18  We        117 0315  2.0 0926  0.4 1535  2.0 2152  0.4
19  Th        117 0404  1.9 1017  0.6 1626  1.8 2242  0.6
20  Fr        117 0455  1.8 1112  0.7 1722  1.7 2335  0.7
21  Sa        117 0550  1.7 1210  0.7 1820  1.7 9999  9.9
22  Su        117 0030  0.7 0647  1.7 1308  0.7 1919  1.7
23  Mo        117 0125  0.7 0742  1.7 1402  0.6 2012  1.7
24  Tu        117 0217  0.6 0832  1.8 1450  0.6 2100  1.8
25  We        117 0305  0.6 0916  1.9 1533  0.4 2143  1.9
26  Th        117 0349  0.5 0958  2.0 1614  0.3 2225  2.0
27  Fr        117 0431  0.3 1038  2.2 1655  0.2 2306  2.1
28  Sa        117 0511  0.3 1118  2.2 1735  0.1 2347  2.2
29  Su        117 0552  0.2 1159  2.3 1816  0.1 9999  9.9
30  Mo        117 0028  2.3 0633  0.2 1240  2.3 1857  0.1
31  Tu        117 0110  2.3 0715  0.2 1323  2.3 1940  0.1
 1  We        217 0153  2.2 0759  0.2 1407  2.2 2026  0.2
 2  Th        217 0237  2.1 0846  0.3 1455  2.1 2114  0.3
 3  Fr        217 0326  2.0 0938  0.4 1548  2.0 2208  0.4
 4  Sa        217 0420  2.0 1038  0.4 1650  1.9 2309  0.5
 5  Su        217 0523  1.9 1144  0.5 1758  1.9 9999  9.9
 6  Mo        217 0015  0.5 0631  1.9 1253  0.4 1909  1.9
 7  Tu        217 0123  0.5 0739  2.0 1400  0.3 2015  2.0
 8  We        217 0227  0.4 0841  2.1 1501  0.2 2116  2.1
 9  Th        217 0326  0.3 0938  2.3 1557  0.1 2210  2.2
10  Fr        217 0420  0.2 1030  2.4 1648  0.0 2301  2.3
11  Sa        217 0509  0.1 1119  2.4 1736 -0.1 2348  2.4
12  Su        217 0556  0.0 1205  2.4 1821  0.0 9999  9.9
13  Mo        217 0033  2.3 0640  0.1 1249  2.4 1904  0.0
14  Tu        217 0116  2.3 0723  0.2 1332  2.3 1946  0.2
15  We        217 0156  2.2 0804  0.3 1412  2.1 2026  0.3
16  Th        217 0235  2.0 0844  0.4 1452  2.0 2105  0.5
17  Fr        217 0314  1.9 0926  0.6 1534  1.8 2146  0.6
18  Sa        217 0355  1.8 1012  0.7 1621  1.7 2233  0.7
19  Su        217 0445  1.7 1107  0.7 1718  1.6 2329  0.7
20  Mo        217 0545  1.7 1210  0.7 1823  1.6 9999  9.9
21  Tu        217 0032  0.8 0650  1.7 1314  0.7 1928  1.7
22  We        217 0134  0.7 0751  1.8 1411  0.6 2025  1.8
23  Th        217 0231  0.6 0844  1.9 1502  0.4 2115  1.9
24  Fr        217 0321  0.5 0931  2.1 1548  0.3 2200  2.1
25  Sa        217 0407  0.3 1014  2.2 1631  0.2 2243  2.2
26  Su        217 0449  0.2 1057  2.3 1713  0.0 2325  2.3
27  Mo        217 0531  0.1 1138  2.4 1755  0.0 9999  9.9
28  Tu        217 0006  2.3 0612  0.1 1220  2.4 1836  0.0
 1  We        317 0047  2.3 0654  0.1 1303  2.4 1919  0.0
 2  Th        317 0130  2.3 0738  0.1 1348  2.3 2004  0.1
 3  Fr        317 0214  2.2 0825  0.2 1436  2.2 2052  0.2
 4  Sa        317 0303  2.1 0917  0.3 1529  2.1 2146  0.4
 5  Su        317 0358  2.0 1018  0.4 1632  1.9 2249  0.5
 6  Mo        317 0503  1.9 1127  0.5 1743  1.9 2359  0.5
 7  Tu        317 0615  1.9 1239  0.4 1857  1.9 9999  9.9
 8  We        317 0110  0.5 0727  2.0 1348  0.4 2005  2.0
 9  Th        317 0216  0.4 0831  2.1 1450  0.2 2105  2.1
10  Fr        317 0315  0.3 0927  2.2 1545  0.1 2158  2.2
11  Sa        317 0407  0.2 1017  2.3 1633  0.1 2245  2.3
12  Su        317 0454  0.1 1103  2.4 1718  0.0 2329  2.3
13  Mo        317 0537  0.1 1145  2.4 1759  0.0 9999  9.9
14  Tu        317 0009  2.3 0617  0.1 1225  2.3 1837  0.1
15  We        317 0046  2.2 0654  0.2 1302  2.2 1913  0.2
16  Th        317 0121  2.1 0729  0.3 1336  2.1 1946  0.4
17  Fr        317 0153  2.0 0802  0.4 1410  1.9 2019  0.5
18  Sa        317 0226  1.9 0837  0.5 1446  1.8 2054  0.6
19  Su        317 0302  1.8 0919  0.6 1528  1.7 2138  0.7
20  Mo        317 0349  1.7 1012  0.7 1624  1.7 2236  0.7
21  Tu        317 0449  1.7 1118  0.7 1733  1.6 2344  0.7
22  We        317 0601  1.7 1228  0.7 1845  1.7 9999  9.9
23  Th        317 0053  0.7 0710  1.8 1332  0.6 1948  1.8
24  Fr        317 0156  0.6 0809  1.9 1428  0.4 2043  1.9
25  Sa        317 0250  0.4 0900  2.1 1518  0.3 2131  2.1
26  Su        317 0338  0.3 0947  2.2 1603  0.1 2215  2.2
27  Mo        317 0423  0.2 1031  2.3 1647  0.0 2258  2.3
28  Tu        317 0506  0.1 1114  2.4 1730  0.0 2340  2.4
29  We        317 0549  0.0 1158  2.4 1813  0.0 9999  9.9
30  Th        317 0023  2.4 0632  0.0 1242  2.4 1857  0.0
31  Fr        317 0107  2.4 0718  0.0 1329  2.3 1943  0.1
 1  Sa        417 0153  2.3 0807  0.1 1419  2.2 2034  0.2
 2  Su        417 0244  2.2 0902  0.2 1516  2.1 2130  0.4
 3  Mo        417 0342  2.1 1005  0.3 1620  2.0 2235  0.5
 4  Tu        417 0449  2.0 1115  0.4 1732  1.9 2346  0.5
 5  We        417 0602  1.9 1227  0.4 1845  1.9 9999  9.9
 6  Th        417 0057  0.5 0713  2.0 1334  0.4 1952  2.0
 7  Fr        417 0202  0.4 0816  2.1 1434  0.3 2050  2.1
 8  Sa        417 0300  0.3 0911  2.2 1527  0.2 2140  2.1
 9  Su        417 0350  0.2 0959  2.2 1614  0.1 2225  2.2
10  Mo        417 0434  0.2 1042  2.3 1655  0.1 2305  2.2
11  Tu        417 0514  0.2 1122  2.2 1733  0.2 2342  2.2
12  We        417 0550  0.2 1158  2.2 1807  0.2 9999  9.9
13  Th        417 0015  2.1 0623  0.3 1231  2.1 1839  0.3
14  Fr        417 0045  2.1 0654  0.3 1302  2.0 1908  0.4
15  Sa        417 0115  2.0 0725  0.4 1334  1.9 1940  0.5
16  Su        417 0147  1.9 0800  0.5 1410  1.9 2016  0.5
17  Mo        417 0224  1.9 0841  0.5 1453  1.8 2101  0.6
18  Tu        417 0311  1.8 0934  0.6 1548  1.7 2158  0.7
19  We        417 0410  1.8 1039  0.6 1655  1.7 2306  0.7
20  Th        417 0520  1.8 1148  0.6 1805  1.7 9999  9.9
21  Fr        417 0015  0.6 0630  1.8 1253  0.5 1910  1.8
22  Sa        417 0119  0.6 0732  1.9 1352  0.4 2007  2.0
23  Su        417 0216  0.4 0827  2.1 1444  0.3 2058  2.1
24  Mo        417 0306  0.3 0916  2.2 1532  0.1 2144  2.2
25  Tu        417 0354  0.1 1003  2.3 1618  0.0 2229  2.3
26  We        417 0439  0.0 1049  2.4 1703  0.0 2314  2.4
27  Th        417 0525  0.0 1135  2.4 1749  0.0 2359  2.4
28  Fr        417 0611 -0.1 1223  2.4 1836  0.0 9999  9.9
29  Sa        417 0046  2.4 0700  0.0 1313  2.3 1925  0.1
30  Su        417 0135  2.3 0752  0.1 1406  2.2 2018  0.2
 1  Mo        517 0229  2.2 0849  0.2 1504  2.1 2117  0.3
 2  Tu        517 0329  2.1 0953  0.3 1608  2.0 2221  0.4
 3  We        517 0435  2.0 1100  0.4 1717  1.9 2330  0.5
 4  Th        517 0545  2.0 1209  0.4 1826  1.9 9999  9.9
 5  Fr        517 0038  0.5 0654  2.0 1313  0.4 1931  2.0
 6  Sa        517 0142  0.4 0755  2.0 1412  0.3 2027  2.0
 7  Su        517 0238  0.4 0849  2.1 1503  0.3 2117  2.1
 8  Mo        517 0327  0.3 0936  2.1 1549  0.3 2200  2.1
 9  Tu        517 0410  0.3 1018  2.1 1629  0.3 2238  2.1
10  We        517 0448  0.3 1055  2.1 1704  0.3 2312  2.1
11  Th        517 0522  0.3 1129  2.1 1736  0.3 2343  2.1
12  Fr        517 0553  0.3 1200  2.0 1806  0.4 9999  9.9
13  Sa        517 0013  2.1 0624  0.3 1232  2.0 1837  0.4
14  Su        517 0044  2.0 0656  0.4 1306  2.0 1911  0.4
15  Mo        517 0118  2.0 0733  0.4 1345  1.9 1950  0.5
16  Tu        517 0159  2.0 0817  0.4 1430  1.9 2037  0.5
17  We        517 0246  1.9 0909  0.5 1523  1.8 2131  0.6
18  Th        517 0342  1.9 1009  0.5 1624  1.8 2234  0.6
19  Fr        517 0446  1.9 1113  0.5 1729  1.8 2339  0.6
20  Sa        517 0552  1.9 1215  0.5 1832  1.9 9999  9.9
21  Su        517 0042  0.5 0655  2.0 1314  0.4 1930  2.0
22  Mo        517 0140  0.4 0752  2.1 1409  0.3 2023  2.1
23  Tu        517 0234  0.3 0845  2.2 1500  0.2 2113  2.2
24  We        517 0325  0.2 0935  2.3 1550  0.1 2201  2.3
25  Th        517 0414  0.0 1024  2.4 1639  0.0 2249  2.4
26  Fr        517 0503  0.0 1114  2.4 1727  0.0 2338  2.4
27  Sa        517 0553 -0.1 1205  2.4 1817  0.0 9999  9.9
28  Su        517 0028  2.4 0644 -0.1 1258  2.4 1909  0.1
29  Mo        517 0120  2.4 0738  0.0 1353  2.3 2003  0.2
30  Tu        517 0214  2.3 0835  0.1 1450  2.2 2101  0.3
31  We        517 0313  2.2 0936  0.2 1551  2.1 2203  0.4
 1  Th        617 0416  2.1 1039  0.3 1654  2.0 2307  0.4
 2  Fr        617 0521  2.0 1143  0.4 1759  1.9 9999  9.9
 3  Sa        617 0012  0.5 0626  2.0 1244  0.4 1901  1.9
 4  Su        617 0114  0.5 0727  2.0 1342  0.4 1958  1.9
 5  Mo        617 0210  0.5 0821  2.0 1433  0.4 2047  2.0
 6  Tu        617 0300  0.4 0909  2.0 1519  0.4 2130  2.0
 7  We        617 0343  0.4 0950  2.0 1559  0.4 2208  2.0
 8  Th        617 0420  0.4 1027  2.0 1634  0.4 2241  2.0
 9  Fr        617 0454  0.4 1100  2.0 1706  0.4 2313  2.0
10  Sa        617 0526  0.3 1133  2.0 1739  0.4 2345  2.1
11  Su        617 0559  0.3 1208  2.0 1813  0.4 9999  9.9
12  Mo        617 0020  2.1 0634  0.3 1245  2.0 1850  0.4
13  Tu        617 0057  2.1 0714  0.3 1326  2.0 1931  0.4
14  We        617 0139  2.1 0758  0.3 1411  2.0 2017  0.4
15  Th        617 0226  2.0 0847  0.4 1500  1.9 2108  0.5
16  Fr        617 0317  2.0 0941  0.4 1555  1.9 2204  0.5
17  Sa        617 0415  1.9 1039  0.4 1653  1.9 2305  0.5
18  Su        617 0516  1.9 1139  0.4 1754  1.9 9999  9.9
19  Mo        617 0006  0.5 0619  2.0 1239  0.4 1854  2.0
20  Tu        617 0107  0.4 0719  2.0 1336  0.4 1951  2.0
21  We        617 0204  0.3 0817  2.1 1432  0.3 2045  2.2
22  Th        617 0300  0.2 0911  2.2 1525  0.2 2137  2.3
23  Fr        617 0353  0.1 1004  2.3 1618  0.1 2229  2.4
24  Sa        617 0445  0.0 1057  2.4 1709  0.0 2320  2.4
25  Su        617 0537 -0.1 1150  2.4 1801  0.0 9999  9.9
26  Mo        617 0011  2.5 0629 -0.1 1243  2.4 1852  0.0
27  Tu        617 0104  2.4 0722  0.0 1336  2.3 1945  0.1
28  We        617 0157  2.4 0817  0.1 1430  2.2 2040  0.2
29  Th        617 0252  2.2 0913  0.2 1526  2.1 2137  0.3
30  Fr        617 0349  2.1 1010  0.3 1623  2.0 2236  0.4
 1  Sa        717 0449  2.0 1109  0.4 1723  1.9 2337  0.5
 2  Su        717 0551  1.9 1207  0.5 1823  1.9 9999  9.9
 3  Mo        717 0037  0.6 0651  1.9 1304  0.5 1920  1.8
 4  Tu        717 0135  0.6 0747  1.8 1357  0.6 2012  1.8
 5  We        717 0227  0.6 0836  1.8 1444  0.6 2057  1.9
 6  Th        717 0311  0.5 0919  1.9 1526  0.5 2136  1.9
 7  Fr        717 0351  0.5 0957  1.9 1604  0.5 2212  2.0
 8  Sa        717 0426  0.4 1034  2.0 1639  0.4 2247  2.0
 9  Su        717 0501  0.3 1110  2.0 1715  0.4 2322  2.1
10  Mo        717 0537  0.3 1147  2.1 1752  0.3 9999  9.9
11  Tu        717 0000  2.2 0615  0.2 1226  2.1 1831  0.3
12  We        717 0039  2.2 0655  0.2 1307  2.1 1912  0.3
13  Th        717 0121  2.2 0738  0.2 1351  2.1 1956  0.3
14  Fr        717 0205  2.1 0824  0.3 1436  2.0 2043  0.4
15  Sa        717 0253  2.1 0914  0.3 1526  2.0 2135  0.4
16  Su        717 0346  2.0 1008  0.4 1619  1.9 2232  0.5
17  Mo        717 0444  2.0 1106  0.4 1719  1.9 2334  0.5
18  Tu        717 0548  1.9 1207  0.5 1821  1.9 9999  9.9
19  We        717 0038  0.4 0652  2.0 1309  0.4 1924  2.0
20  Th        717 0141  0.4 0755  2.0 1409  0.3 2023  2.1
21  Fr        717 0240  0.2 0854  2.1 1507  0.2 2119  2.2
22  Sa        717 0337  0.1 0949  2.2 1602  0.1 2213  2.4
23  Su        717 0431  0.0 1043  2.3 1654  0.0 2305  2.5
24  Mo        717 0522 -0.1 1135  2.4 1745  0.0 2356  2.5
25  Tu        717 0613 -0.1 1226  2.4 1835  0.0 9999  9.9
26  We        717 0046  2.5 0703 -0.1 1315  2.3 1924  0.1
27  Th        717 0136  2.4 0753  0.0 1405  2.3 2014  0.2
28  Fr        717 0226  2.3 0843  0.2 1454  2.1 2104  0.3
29  Sa        717 0317  2.1 0934  0.3 1545  2.0 2158  0.4
30  Su        717 0410  2.0 1027  0.5 1638  1.9 2254  0.6
31  Mo        717 0506  1.8 1122  0.6 1734  1.8 2352  0.6
 1  Tu        817 0605  1.7 1218  0.7 1833  1.7 9999  9.9
 2  We        817 0051  0.7 0704  1.7 1313  0.7 1930  1.7
 3  Th        817 0147  0.7 0758  1.7 1405  0.7 2020  1.8
 4  Fr        817 0236  0.6 0846  1.8 1452  0.6 2104  1.9
 5  Sa        817 0319  0.5 0928  1.9 1534  0.5 2144  2.0
 6  Su        817 0359  0.4 1008  2.0 1614  0.4 2222  2.1
 7  Mo        817 0437  0.3 1046  2.1 1653  0.3 2300  2.2
 8  Tu        817 0515  0.2 1126  2.2 1732  0.2 2339  2.3
 9  We        817 0555  0.1 1205  2.2 1811  0.2 9999  9.9
10  Th        817 0019  2.3 0635  0.1 1246  2.2 1852  0.2
11  Fr        817 0100  2.3 0717  0.1 1328  2.2 1934  0.2
12  Sa        817 0144  2.2 0801  0.2 1411  2.1 2019  0.3
13  Su        817 0229  2.2 0848  0.3 1457  2.1 2108  0.3
14  Mo        817 0320  2.1 0939  0.4 1549  2.0 2204  0.4
15  Tu        817 0418  2.0 1037  0.5 1649  1.9 2308  0.5
16  We        817 0523  1.9 1142  0.5 1756  1.9 9999  9.9
17  Th        817 0017  0.5 0633  1.9 1249  0.5 1904  2.0
18  Fr        817 0124  0.4 0740  2.0 1354  0.4 2008  2.1
19  Sa        817 0227  0.3 0842  2.1 1454  0.3 2107  2.2
20  Su        817 0324  0.1 0938  2.2 1549  0.2 2200  2.3
21  Mo        817 0417  0.0 1030  2.3 1640  0.1 2250  2.4
22  Tu        817 0507 -0.1 1119  2.4 1728  0.0 2339  2.5
23  We        817 0555 -0.1 1206  2.4 1814  0.0 9999  9.9
24  Th        817 0025  2.5 0640  0.0 1251  2.3 1859  0.1
25  Fr        817 0111  2.4 0725  0.1 1335  2.2 1944  0.2
26  Sa        817 0155  2.2 0809  0.2 1417  2.1 2028  0.3
27  Su        817 0239  2.1 0853  0.4 1500  2.0 2113  0.5
28  Mo        817 0325  1.9 0938  0.5 1545  1.8 2202  0.6
29  Tu        817 0414  1.8 1027  0.7 1636  1.7 2258  0.7
30  We        817 0511  1.7 1123  0.7 1736  1.7 2359  0.7
31  Th        817 0614  1.6 1224  0.8 1839  1.7 9999  9.9
 1  Fr        917 0101  0.7 0715  1.7 1323  0.7 1938  1.7
 2  Sa        917 0156  0.6 0809  1.8 1417  0.6 2029  1.9
 3  Su        917 0245  0.5 0857  1.9 1504  0.5 2114  2.0
 4  Mo        917 0329  0.4 0940  2.0 1548  0.4 2156  2.1
 5  Tu        917 0411  0.2 1021  2.1 1629  0.2 2236  2.3
 6  We        917 0451  0.1 1101  2.2 1708  0.1 2316  2.3
 7  Th        917 0531  0.0 1141  2.3 1749  0.1 2357  2.4
 8  Fr        917 0612  0.0 1222  2.3 1829  0.1 9999  9.9
 9  Sa        917 0039  2.4 0653  0.1 1303  2.3 1911  0.1
10  Su        917 0122  2.3 0737  0.1 1346  2.2 1956  0.2
11  Mo        917 0208  2.2 0824  0.2 1432  2.1 2046  0.3
12  Tu        917 0259  2.1 0916  0.4 1525  2.0 2143  0.4
13  We        917 0358  2.0 1016  0.5 1627  1.9 2250  0.4
14  Th        917 0507  1.9 1124  0.5 1738  1.9 9999  9.9
15  Fr        917 0002  0.5 0620  1.9 1235  0.5 1851  1.9
16  Sa        917 0112  0.4 0730  2.0 1343  0.4 1957  2.1
17  Su        917 0216  0.3 0831  2.1 1443  0.3 2055  2.2
18  Mo        917 0312  0.1 0925  2.2 1536  0.2 2147  2.3
19  Tu        917 0403  0.0 1014  2.3 1625  0.1 2235  2.4
20  We        917 0450  0.0 1100  2.4 1710  0.0 2320  2.4
21  Th        917 0534  0.0 1143  2.4 1753  0.0 9999  9.9
22  Fr        917 0003  2.4 0615  0.0 1224  2.3 1833  0.1
23  Sa        917 0044  2.3 0655  0.1 1302  2.2 1912  0.2
24  Su        917 0123  2.2 0732  0.3 1339  2.1 1949  0.3
25  Mo        917 0200  2.0 0809  0.4 1415  1.9 2027  0.5
26  Tu        917 0239  1.9 0847  0.6 1452  1.8 2109  0.6
27  We        917 0322  1.8 0931  0.7 1537  1.7 2201  0.7
28  Th        917 0415  1.7 1026  0.8 1636  1.7 2304  0.7
29  Fr        917 0520  1.6 1132  0.8 1746  1.7 9999  9.9
30  Sa        917 0011  0.7 0629  1.7 1239  0.7 1854  1.7
 1  Su       1017 0114  0.6 0731  1.8 1340  0.6 1952  1.9
 2  Mo       1017 0208  0.5 0823  1.9 1432  0.5 2042  2.0
 3  Tu       1017 0257  0.3 0910  2.1 1518  0.3 2127  2.2
 4  We       1017 0341  0.2 0953  2.2 1602  0.2 2210  2.3
 5  Th       1017 0424  0.1 1034  2.3 1643  0.1 2252  2.4
 6  Fr       1017 0506  0.0 1115  2.4 1725  0.0 2334  2.4
 7  Sa       1017 0548  0.0 1157  2.4 1807  0.0 9999  9.9
 8  Su       1017 0017  2.4 0631  0.0 1239  2.4 1850  0.0
 9  Mo       1017 0102  2.4 0715  0.1 1324  2.3 1937  0.1
10  Tu       1017 0151  2.2 0804  0.2 1412  2.2 2029  0.2
11  We       1017 0244  2.1 0858  0.4 1507  2.1 2129  0.3
12  Th       1017 0345  2.0 1000  0.5 1611  2.0 2237  0.4
13  Fr       1017 0455  1.9 1111  0.5 1724  1.9 2349  0.4
14  Sa       1017 0608  1.9 1223  0.5 1837  2.0 9999  9.9
15  Su       1017 0058  0.4 0717  2.0 1329  0.4 1943  2.1
16  Mo       1017 0201  0.3 0817  2.1 1429  0.3 2041  2.2
17  Tu       1017 0256  0.2 0910  2.2 1521  0.2 2131  2.3
18  We       1017 0345  0.1 0957  2.3 1608  0.1 2217  2.3
19  Th       1017 0430  0.1 1040  2.3 1651  0.1 2300  2.3
20  Fr       1017 0511  0.1 1119  2.3 1730  0.1 2340  2.3
21  Sa       1017 0549  0.2 1156  2.2 1807  0.2 9999  9.9
22  Su       1017 0017  2.2 0624  0.2 1231  2.2 1842  0.2
23  Mo       1017 0051  2.1 0657  0.4 1303  2.1 1915  0.3
24  Tu       1017 0125  2.0 0730  0.5 1335  2.0 1948  0.4
25  We       1017 0200  1.9 0805  0.6 1410  1.9 2027  0.5
26  Th       1017 0241  1.8 0847  0.6 1453  1.8 2115  0.6
27  Fr       1017 0331  1.7 0940  0.7 1548  1.7 2216  0.6
28  Sa       1017 0434  1.7 1046  0.7 1657  1.7 2325  0.6
29  Su       1017 0543  1.7 1155  0.7 1808  1.8 9999  9.9
30  Mo       1017 0030  0.6 0649  1.8 1259  0.6 1912  1.9
31  Tu       1017 0129  0.5 0746  1.9 1356  0.5 2007  2.0
 1  We       1117 0222  0.3 0836  2.1 1447  0.3 2056  2.1
 2  Th       1117 0310  0.2 0922  2.2 1533  0.2 2142  2.3
 3  Fr       1117 0356  0.1 1006  2.3 1618  0.0 2227  2.4
 4  Sa       1117 0440  0.0 1050  2.4 1702  0.0 2312  2.4
 5  Su       1117 0525  0.0 1134  2.4 1746 -0.1 2358  2.4
 6  Mo       1117 0610  0.0 1219  2.4 1833 -0.1 9999  9.9
 7  Tu       1117 0046  2.4 0657  0.1 1306  2.3 1922  0.0
 8  We       1117 0137  2.3 0748  0.2 1357  2.3 2016  0.1
 9  Th       1117 0232  2.2 0844  0.3 1454  2.1 2117  0.2
10  Fr       1117 0334  2.1 0946  0.4 1557  2.0 2223  0.3
11  Sa       1117 0441  2.0 1055  0.5 1708  2.0 2332  0.4
12  Su       1117 0550  2.0 1204  0.5 1818  2.0 9999  9.9
13  Mo       1117 0038  0.4 0657  2.0 1310  0.4 1924  2.0
14  Tu       1117 0140  0.3 0757  2.0 1410  0.3 2022  2.1
15  We       1117 0235  0.3 0850  2.1 1502  0.3 2113  2.2
16  Th       1117 0325  0.2 0936  2.2 1549  0.2 2158  2.2
17  Fr       1117 0409  0.2 1018  2.2 1631  0.2 2240  2.2
18  Sa       1117 0448  0.2 1056  2.2 1709  0.2 2317  2.1
19  Su       1117 0524  0.3 1130  2.1 1743  0.2 2352  2.1
20  Mo       1117 0557  0.3 1202  2.1 1815  0.3 9999  9.9
21  Tu       1117 0024  2.0 0628  0.4 1233  2.1 1846  0.3
22  We       1117 0057  2.0 0700  0.4 1305  2.0 1920  0.4
23  Th       1117 0132  1.9 0735  0.5 1341  2.0 1959  0.4
24  Fr       1117 0213  1.9 0817  0.5 1424  1.9 2045  0.5
25  Sa       1117 0301  1.8 0908  0.6 1515  1.9 2140  0.5
26  Su       1117 0357  1.8 1007  0.6 1616  1.8 2243  0.5
27  Mo       1117 0501  1.8 1113  0.6 1724  1.8 2347  0.5
28  Tu       1117 0605  1.8 1218  0.6 1830  1.9 9999  9.9
29  We       1117 0048  0.5 0706  1.9 1318  0.5 1930  2.0
30  Th       1117 0145  0.4 0801  2.0 1413  0.3 2024  2.1
 1  Fr       1217 0238  0.3 0851  2.2 1504  0.2 2115  2.2
 2  Sa       1217 0328  0.2 0939  2.3 1553  0.1 2204  2.3
 3  Su       1217 0416  0.1 1026  2.4 1641  0.0 2252  2.4
 4  Mo       1217 0504  0.0 1113  2.4 1729 -0.1 2342  2.4
 5  Tu       1217 0552  0.0 1201  2.4 1818 -0.1 9999  9.9
 6  We       1217 0032  2.4 0642  0.1 1251  2.4 1909 -0.1
 7  Th       1217 0125  2.3 0734  0.1 1344  2.3 2004  0.0
 8  Fr       1217 0220  2.2 0829  0.2 1440  2.2 2102  0.1
 9  Sa       1217 0318  2.1 0929  0.3 1540  2.1 2203  0.2
10  Su       1217 0419  2.0 1033  0.4 1645  2.0 2307  0.3
11  Mo       1217 0524  2.0 1138  0.4 1752  2.0 9999  9.9
12  Tu       1217 0011  0.4 0629  2.0 1244  0.5 1858  2.0
13  We       1217 0113  0.4 0730  2.0 1345  0.4 1958  2.0
14  Th       1217 0210  0.4 0825  2.0 1440  0.4 2051  2.0
15  Fr       1217 0301  0.4 0914  2.0 1529  0.3 2138  2.0
16  Sa       1217 0346  0.4 0956  2.1 1611  0.3 2219  2.0
17  Su       1217 0425  0.4 1033  2.1 1648  0.3 2256  2.0
18  Mo       1217 0500  0.4 1106  2.1 1721  0.3 2329  2.0
19  Tu       1217 0533  0.4 1138  2.1 1752  0.3 9999  9.9
20  We       1217 0002  2.0 0604  0.4 1209  2.1 1824  0.3
21  Th       1217 0035  2.0 0638  0.4 1243  2.1 1859  0.3
22  Fr       1217 0111  2.0 0714  0.4 1320  2.1 1938  0.3
23  Sa       1217 0151  2.0 0755  0.4 1402  2.0 2022  0.4
24  Su       1217 0236  2.0 0842  0.5 1449  2.0 2111  0.4
25  Mo       1217 0326  1.9 0934  0.5 1542  1.9 2206  0.4
26  Tu       1217 0422  1.9 1034  0.5 1643  1.9 2306  0.5
27  We       1217 0522  1.9 1137  0.5 1748  1.9 9999  9.9
28  Th       1217 0008  0.5 0625  1.9 1240  0.5 1853  1.9
29  Fr       1217 0109  0.4 0725  2.0 1341  0.4 1953  2.0
30  Sa       1217 0207  0.4 0822  2.1 1438  0.3 2050  2.1
31  Su       1217 0303  0.3 0915  2.2 1532  0.1 2144  2.2
