142Jackson Bay
Based on data from  1-Jan-2008
Local Std Time, tidal heights in metres.
 1  Tu        119 0105  0.4 0722  2.0 1339  0.4 1953  2.0
 2  We        119 0205  0.4 0821  2.0 1438  0.4 2051  2.0
 3  Th        119 0301  0.4 0915  2.1 1531  0.3 2143  2.1
 4  Fr        119 0351  0.4 1002  2.1 1619  0.3 2230  2.1
 5  Sa        119 0436  0.4 1045  2.1 1701  0.3 2312  2.1
 6  Su        119 0516  0.4 1123  2.1 1739  0.3 2350  2.0
 7  Mo        119 0552  0.4 1158  2.1 1814  0.3 9999  9.9
 8  Tu        119 0024  2.0 0625  0.4 1230  2.1 1846  0.3
 9  We        119 0056  2.0 0657  0.4 1301  2.1 1918  0.3
10  Th        119 0129  2.0 0730  0.5 1335  2.0 1952  0.4
11  Fr        119 0204  2.0 0807  0.5 1412  2.0 2031  0.4
12  Sa        119 0243  1.9 0849  0.5 1455  1.9 2116  0.5
13  Su        119 0329  1.9 0938  0.6 1546  1.9 2208  0.5
14  Mo        119 0421  1.9 1035  0.6 1644  1.8 2306  0.5
15  Tu        119 0521  1.8 1138  0.6 1750  1.8 9999  9.9
16  We        119 0008  0.6 0625  1.9 1244  0.6 1856  1.9
17  Th        119 0112  0.5 0728  1.9 1346  0.5 1959  1.9
18  Fr        119 0212  0.5 0827  2.0 1445  0.3 2057  2.0
19  Sa        119 0309  0.4 0921  2.2 1539  0.2 2151  2.2
20  Su        119 0402  0.3 1012  2.3 1630  0.1 2243  2.3
21  Mo        119 0452  0.1 1101  2.4 1719  0.0 2333  2.4
22  Tu        119 0541  0.1 1150  2.5 1808 -0.1 9999  9.9
23  We        119 0022  2.4 0629  0.0 1239  2.5 1857 -0.1
24  Th        119 0111  2.4 0718  0.1 1328  2.5 1947  0.0
25  Fr        119 0200  2.3 0808  0.1 1420  2.4 2039  0.1
26  Sa        119 0251  2.3 0901  0.2 1514  2.3 2133  0.2
27  Su        119 0346  2.1 0959  0.3 1613  2.1 2231  0.3
28  Mo        119 0445  2.0 1101  0.4 1717  2.0 2333  0.4
29  Tu        119 0549  1.9 1208  0.5 1825  1.9 9999  9.9
30  We        119 0038  0.5 0656  1.9 1317  0.5 1933  1.9
31  Th        119 0143  0.5 0801  1.9 1421  0.5 2036  1.9
 1  Fr        219 0244  0.5 0859  2.0 1517  0.4 2130  1.9
 2  Sa        219 0336  0.5 0947  2.0 1605  0.4 2216  2.0
 3  Su        219 0420  0.5 1028  2.0 1644  0.3 2255  2.0
 4  Mo        219 0457  0.4 1103  2.1 1719  0.3 2328  2.0
 5  Tu        219 0530  0.4 1134  2.1 1750  0.3 2359  2.0
 6  We        219 0600  0.4 1204  2.1 1819  0.3 9999  9.9
 7  Th        219 0029  2.1 0630  0.4 1235  2.1 1850  0.3
 8  Fr        219 0100  2.1 0703  0.3 1308  2.1 1924  0.3
 9  Sa        219 0134  2.1 0738  0.4 1344  2.1 2001  0.3
10  Su        219 0212  2.0 0818  0.4 1425  2.0 2042  0.4
11  Mo        219 0254  2.0 0903  0.5 1512  2.0 2130  0.5
12  Tu        219 0342  1.9 0956  0.5 1606  1.9 2225  0.5
13  We        219 0439  1.9 1059  0.6 1712  1.8 2329  0.6
14  Th        219 0546  1.8 1209  0.6 1823  1.8 9999  9.9
15  Fr        219 0039  0.6 0656  1.9 1318  0.5 1934  1.9
16  Sa        219 0146  0.5 0802  2.0 1422  0.4 2037  2.0
17  Su        219 0248  0.4 0901  2.1 1520  0.2 2134  2.1
18  Mo        219 0343  0.3 0954  2.3 1612  0.1 2225  2.3
19  Tu        219 0434  0.1 1044  2.4 1702 -0.1 2314  2.4
20  We        219 0523  0.0 1132  2.5 1750 -0.1 9999  9.9
21  Th        219 0002  2.5 0610  0.0 1221  2.6 1837 -0.2
22  Fr        219 0050  2.5 0658  0.0 1309  2.5 1925 -0.1
23  Sa        219 0137  2.4 0746  0.0 1359  2.4 2014  0.0
24  Su        219 0226  2.3 0837  0.1 1450  2.3 2106  0.2
25  Mo        219 0317  2.2 0932  0.3 1546  2.1 2201  0.4
26  Tu        219 0414  2.0 1033  0.4 1648  1.9 2302  0.5
27  We        219 0517  1.9 1141  0.5 1758  1.8 9999  9.9
28  Th        219 0009  0.6 0628  1.8 1252  0.6 1910  1.8
 1  Fr        319 0118  0.7 0738  1.8 1400  0.6 2016  1.8
 2  Sa        319 0222  0.7 0837  1.8 1456  0.5 2110  1.8
 3  Su        319 0314  0.6 0925  1.9 1542  0.5 2153  1.9
 4  Mo        319 0356  0.5 1003  2.0 1618  0.4 2228  1.9
 5  Tu        319 0431  0.5 1036  2.0 1650  0.3 2259  2.0
 6  We        319 0502  0.4 1106  2.1 1720  0.3 2329  2.1
 7  Th        319 0532  0.3 1136  2.2 1751  0.2 9999  9.9
 8  Fr        319 0000  2.1 0603  0.3 1208  2.2 1823  0.2
 9  Sa        319 0032  2.2 0637  0.3 1243  2.2 1857  0.2
10  Su        319 0107  2.2 0713  0.3 1320  2.2 1934  0.3
11  Mo        319 0144  2.1 0752  0.3 1401  2.1 2015  0.3
12  Tu        319 0225  2.0 0836  0.4 1447  2.0 2101  0.4
13  We        319 0312  2.0 0928  0.5 1540  1.9 2156  0.6
14  Th        319 0408  1.9 1031  0.6 1645  1.8 2301  0.6
15  Fr        319 0516  1.8 1143  0.6 1800  1.8 9999  9.9
16  Sa        319 0014  0.6 0631  1.9 1256  0.5 1913  1.8
17  Su        319 0125  0.6 0740  2.0 1402  0.4 2018  2.0
18  Mo        319 0228  0.4 0841  2.1 1500  0.2 2114  2.1
19  Tu        319 0324  0.3 0934  2.3 1552  0.1 2205  2.3
20  We        319 0414  0.1 1024  2.4 1641 -0.1 2253  2.4
21  Th        319 0502  0.0 1113  2.5 1728 -0.1 2340  2.5
22  Fr        319 0549 -0.1 1200  2.6 1815 -0.1 9999  9.9
23  Sa        319 0026  2.5 0636 -0.1 1248  2.5 1902 -0.1
24  Su        319 0113  2.4 0723  0.0 1336  2.4 1949  0.1
25  Mo        319 0200  2.3 0813  0.1 1426  2.2 2039  0.2
26  Tu        319 0249  2.1 0906  0.3 1520  2.0 2132  0.4
27  We        319 0343  2.0 1004  0.5 1620  1.9 2231  0.6
28  Th        319 0444  1.8 1110  0.6 1727  1.7 2336  0.7
29  Fr        319 0553  1.7 1220  0.7 1838  1.7 9999  9.9
30  Sa        319 0045  0.8 0703  1.7 1326  0.7 1944  1.7
31  Su        319 0148  0.7 0803  1.8 1421  0.6 2036  1.8
 1  Mo        419 0239  0.7 0849  1.8 1505  0.5 2117  1.8
 2  Tu        419 0320  0.6 0927  1.9 1541  0.4 2152  1.9
 3  We        419 0356  0.5 1001  2.0 1615  0.3 2224  2.0
 4  Th        419 0429  0.4 1033  2.1 1647  0.3 2256  2.1
 5  Fr        419 0502  0.3 1107  2.2 1721  0.2 2330  2.2
 6  Sa        419 0536  0.2 1142  2.2 1756  0.2 9999  9.9
 7  Su        419 0005  2.2 0612  0.2 1220  2.2 1833  0.2
 8  Mo        419 0042  2.2 0650  0.2 1259  2.2 1912  0.2
 9  Tu        419 0121  2.2 0732  0.3 1342  2.1 1954  0.3
10  We        419 0204  2.1 0818  0.3 1430  2.0 2042  0.4
11  Th        419 0252  2.0 0911  0.4 1525  1.9 2137  0.6
12  Fr        419 0349  1.9 1015  0.5 1630  1.8 2243  0.6
13  Sa        419 0457  1.9 1126  0.5 1743  1.8 2355  0.6
14  Su        419 0611  1.9 1237  0.5 1854  1.9 9999  9.9
15  Mo        419 0105  0.6 0720  2.0 1341  0.4 1957  2.0
16  Tu        419 0207  0.4 0819  2.1 1438  0.2 2052  2.1
17  We        419 0302  0.3 0913  2.3 1530  0.1 2142  2.3
18  Th        419 0353  0.1 1003  2.4 1619  0.0 2230  2.4
19  Fr        419 0441  0.0 1052  2.5 1706 -0.1 2317  2.4
20  Sa        419 0528 -0.1 1140  2.5 1753 -0.1 9999  9.9
21  Su        419 0003  2.4 0615  0.0 1227  2.4 1839  0.0
22  Mo        419 0049  2.4 0702  0.0 1315  2.3 1925  0.2
23  Tu        419 0135  2.3 0750  0.2 1403  2.1 2012  0.3
24  We        419 0222  2.1 0840  0.3 1454  2.0 2102  0.5
25  Th        419 0311  1.9 0935  0.5 1549  1.8 2156  0.6
26  Fr        419 0407  1.8 1034  0.6 1649  1.7 2256  0.7
27  Sa        419 0509  1.7 1137  0.7 1753  1.6 2359  0.8
28  Su        419 0613  1.7 1237  0.7 1853  1.7 9999  9.9
29  Mo        419 0058  0.8 0711  1.7 1330  0.6 1945  1.7
30  Tu        419 0150  0.7 0800  1.8 1415  0.6 2029  1.8
 1  We        519 0235  0.6 0842  1.9 1456  0.5 2108  1.9
 2  Th        519 0315  0.5 0921  2.0 1534  0.4 2145  2.0
 3  Fr        519 0353  0.4 0959  2.1 1612  0.3 2222  2.1
 4  Sa        519 0431  0.3 1037  2.2 1651  0.2 2300  2.2
 5  Su        519 0510  0.2 1117  2.2 1730  0.2 2339  2.2
 6  Mo        519 0550  0.2 1159  2.2 1811  0.2 9999  9.9
 7  Tu        519 0020  2.2 0632  0.2 1243  2.2 1853  0.2
 8  We        519 0103  2.2 0717  0.2 1329  2.1 1939  0.3
 9  Th        519 0148  2.1 0806  0.3 1420  2.0 2029  0.4
10  Fr        519 0239  2.0 0901  0.4 1516  1.9 2126  0.5
11  Sa        519 0337  2.0 1004  0.4 1619  1.9 2230  0.6
12  Su        519 0443  1.9 1110  0.4 1726  1.9 2337  0.6
13  Mo        519 0552  2.0 1216  0.4 1832  1.9 9999  9.9
14  Tu        519 0043  0.5 0658  2.0 1317  0.3 1933  2.0
15  We        519 0144  0.4 0757  2.1 1414  0.2 2028  2.1
16  Th        519 0240  0.3 0852  2.2 1507  0.1 2120  2.2
17  Fr        519 0332  0.1 0943  2.3 1557  0.1 2209  2.3
18  Sa        519 0421  0.1 1033  2.4 1645  0.1 2256  2.4
19  Su        519 0509  0.0 1121  2.4 1732  0.1 2342  2.3
20  Mo        519 0556  0.1 1208  2.3 1817  0.2 9999  9.9
21  Tu        519 0027  2.3 0642  0.1 1255  2.2 1902  0.3
22  We        519 0111  2.2 0727  0.3 1341  2.1 1946  0.4
23  Th        519 0154  2.1 0814  0.4 1427  1.9 2030  0.5
24  Fr        519 0239  1.9 0901  0.5 1514  1.8 2117  0.6
25  Sa        519 0325  1.8 0951  0.6 1603  1.7 2208  0.7
26  Su        519 0417  1.7 1044  0.7 1657  1.7 2303  0.8
27  Mo        519 0513  1.7 1138  0.7 1752  1.7 2359  0.7
28  Tu        519 0610  1.7 1230  0.6 1845  1.7 9999  9.9
29  We        519 0054  0.7 0704  1.8 1321  0.6 1936  1.8
30  Th        519 0145  0.6 0754  1.9 1408  0.5 2022  1.9
31  Fr        519 0232  0.5 0840  2.0 1454  0.4 2107  2.0
 1  Sa        619 0318  0.4 0925  2.1 1539  0.3 2150  2.1
 2  Su        619 0402  0.3 1010  2.2 1623  0.2 2233  2.2
 3  Mo        619 0446  0.2 1055  2.2 1707  0.2 2317  2.3
 4  Tu        619 0530  0.1 1141  2.2 1752  0.2 9999  9.9
 5  We        619 0001  2.3 0616  0.1 1228  2.2 1838  0.2
 6  Th        619 0047  2.3 0704  0.1 1318  2.2 1926  0.3
 7  Fr        619 0136  2.2 0755  0.2 1410  2.1 2017  0.3
 8  Sa        619 0228  2.2 0850  0.3 1505  2.0 2113  0.4
 9  Su        619 0324  2.1 0949  0.3 1603  2.0 2213  0.5
10  Mo        619 0426  2.0 1051  0.4 1705  2.0 2316  0.5
11  Tu        619 0531  2.0 1152  0.4 1807  2.0 9999  9.9
12  We        619 0020  0.4 0635  2.1 1253  0.3 1908  2.0
13  Th        619 0121  0.4 0735  2.1 1351  0.3 2005  2.1
14  Fr        619 0219  0.3 0832  2.2 1446  0.3 2059  2.2
15  Sa        619 0314  0.2 0926  2.2 1538  0.2 2150  2.2
16  Su        619 0405  0.2 1017  2.2 1627  0.2 2238  2.3
17  Mo        619 0454  0.1 1105  2.2 1714  0.2 2324  2.2
18  Tu        619 0540  0.2 1152  2.2 1758  0.3 9999  9.9
19  We        619 0007  2.2 0623  0.2 1235  2.1 1839  0.3
20  Th        619 0048  2.1 0705  0.3 1316  2.0 1919  0.4
21  Fr        619 0126  2.0 0744  0.4 1356  1.9 1957  0.5
22  Sa        619 0204  2.0 0824  0.5 1434  1.8 2036  0.6
23  Su        619 0242  1.9 0905  0.5 1515  1.8 2118  0.6
24  Mo        619 0325  1.8 0949  0.6 1600  1.8 2207  0.7
25  Tu        619 0415  1.8 1039  0.6 1651  1.8 2301  0.7
26  We        619 0511  1.8 1133  0.6 1747  1.8 2359  0.6
27  Th        619 0610  1.8 1228  0.6 1844  1.8 9999  9.9
28  Fr        619 0057  0.6 0708  1.9 1324  0.5 1939  1.9
29  Sa        619 0153  0.5 0803  1.9 1417  0.4 2032  2.0
30  Su        619 0245  0.4 0855  2.0 1509  0.4 2121  2.1
 1  Mo        719 0336  0.3 0946  2.1 1559  0.3 2209  2.2
 2  Tu        719 0425  0.2 1035  2.2 1647  0.2 2256  2.3
 3  We        719 0513  0.1 1125  2.3 1734  0.2 2344  2.3
 4  Th        719 0601  0.0 1214  2.3 1822  0.2 9999  9.9
 5  Fr        719 0032  2.4 0650  0.0 1303  2.3 1911  0.2
 6  Sa        719 0121  2.3 0740  0.1 1354  2.2 2001  0.2
 7  Su        719 0212  2.3 0833  0.1 1446  2.2 2054  0.3
 8  Mo        719 0307  2.2 0928  0.2 1541  2.1 2151  0.3
 9  Tu        719 0405  2.1 1026  0.3 1639  2.0 2252  0.4
10  We        719 0507  2.1 1127  0.3 1740  2.0 2355  0.4
11  Th        719 0611  2.0 1228  0.4 1843  2.0 9999  9.9
12  Fr        719 0100  0.4 0715  2.0 1329  0.4 1945  2.0
13  Sa        719 0202  0.4 0816  2.0 1428  0.4 2043  2.1
14  Su        719 0300  0.3 0913  2.1 1523  0.4 2136  2.1
15  Mo        719 0353  0.3 1005  2.1 1613  0.3 2224  2.2
16  Tu        719 0441  0.2 1052  2.1 1658  0.3 2308  2.2
17  We        719 0524  0.2 1135  2.1 1739  0.3 2347  2.1
18  Th        719 0603  0.3 1213  2.0 1816  0.4 9999  9.9
19  Fr        719 0023  2.1 0639  0.3 1248  2.0 1849  0.4
20  Sa        719 0056  2.1 0712  0.4 1321  2.0 1922  0.5
21  Su        719 0128  2.0 0745  0.4 1354  1.9 1956  0.5
22  Mo        719 0203  2.0 0821  0.4 1430  1.9 2034  0.5
23  Tu        719 0242  1.9 0901  0.5 1511  1.9 2118  0.6
24  We        719 0327  1.9 0948  0.5 1559  1.8 2210  0.6
25  Th        719 0420  1.9 1042  0.6 1655  1.8 2310  0.6
26  Fr        719 0522  1.8 1142  0.6 1757  1.8 9999  9.9
27  Sa        719 0014  0.6 0627  1.8 1244  0.6 1900  1.9
28  Su        719 0118  0.5 0731  1.9 1346  0.5 2001  2.0
29  Mo        719 0218  0.4 0830  2.0 1444  0.4 2057  2.1
30  Tu        719 0313  0.3 0926  2.1 1537  0.3 2148  2.2
31  We        719 0405  0.2 1017  2.2 1628  0.2 2237  2.3
 1  Th        819 0455  0.0 1107  2.3 1716  0.1 2326  2.4
 2  Fr        819 0543  0.0 1155  2.4 1803  0.1 9999  9.9
 3  Sa        819 0014  2.5 0631 -0.1 1244  2.4 1851  0.0
 4  Su        819 0102  2.5 0720  0.0 1332  2.3 1940  0.1
 5  Mo        819 0152  2.4 0810  0.0 1422  2.3 2031  0.2
 6  Tu        819 0245  2.3 0903  0.1 1514  2.2 2126  0.3
 7  We        819 0341  2.2 0959  0.3 1611  2.1 2226  0.3
 8  Th        819 0442  2.1 1100  0.4 1713  2.0 2332  0.4
 9  Fr        819 0549  2.0 1204  0.5 1820  1.9 9999  9.9
10  Sa        819 0040  0.5 0658  1.9 1310  0.5 1927  1.9
11  Su        819 0147  0.4 0804  1.9 1414  0.5 2030  2.0
12  Mo        819 0248  0.4 0902  2.0 1511  0.5 2124  2.0
13  Tu        819 0341  0.4 0953  2.0 1600  0.4 2209  2.1
14  We        819 0426  0.3 1036  2.0 1641  0.4 2249  2.1
15  Th        819 0504  0.3 1113  2.0 1717  0.4 2323  2.1
16  Fr        819 0538  0.3 1146  2.0 1748  0.4 2354  2.1
17  Sa        819 0608  0.3 1216  2.1 1818  0.4 9999  9.9
18  Su        819 0024  2.1 0638  0.3 1246  2.1 1848  0.4
19  Mo        819 0054  2.1 0709  0.3 1317  2.0 1921  0.4
20  Tu        819 0128  2.1 0743  0.3 1352  2.0 1957  0.4
21  We        819 0206  2.0 0822  0.4 1431  2.0 2040  0.5
22  Th        819 0250  2.0 0907  0.5 1517  1.9 2129  0.5
23  Fr        819 0341  1.9 1000  0.5 1611  1.8 2230  0.6
24  Sa        819 0444  1.8 1102  0.6 1716  1.8 2339  0.6
25  Su        819 0554  1.8 1211  0.6 1828  1.8 9999  9.9
26  Mo        819 0049  0.5 0705  1.9 1320  0.6 1935  1.9
27  Tu        819 0155  0.4 0810  2.0 1422  0.5 2035  2.1
28  We        819 0253  0.3 0907  2.1 1517  0.3 2128  2.2
29  Th        819 0345  0.1 0958  2.2 1608  0.2 2218  2.4
30  Fr        819 0435  0.0 1046  2.4 1656  0.0 2306  2.5
31  Sa        819 0522 -0.1 1133  2.4 1742  0.0 2353  2.6
 1  Su        919 0609 -0.1 1220  2.5 1829 -0.1 9999  9.9
 2  Mo        919 0041  2.6 0656 -0.1 1307  2.4 1916  0.0
 3  Tu        919 0130  2.5 0745  0.0 1355  2.4 2006  0.1
 4  We        919 0221  2.4 0836  0.1 1446  2.2 2100  0.2
 5  Th        919 0316  2.2 0932  0.3 1542  2.1 2200  0.3
 6  Fr        919 0418  2.0 1033  0.4 1645  1.9 2308  0.5
 7  Sa        919 0527  1.9 1140  0.6 1756  1.9 9999  9.9
 8  Su        919 0020  0.5 0640  1.8 1251  0.6 1909  1.8
 9  Mo        919 0131  0.5 0749  1.8 1358  0.6 2014  1.9
10  Tu        919 0232  0.5 0847  1.9 1454  0.5 2106  2.0
11  We        919 0322  0.4 0934  1.9 1540  0.5 2148  2.0
12  Th        919 0402  0.4 1012  2.0 1617  0.4 2223  2.1
13  Fr        919 0436  0.3 1045  2.0 1649  0.4 2254  2.1
14  Sa        919 0507  0.3 1114  2.1 1718  0.3 2323  2.1
15  Su        919 0535  0.3 1143  2.1 1747  0.3 2353  2.2
16  Mo        919 0605  0.2 1213  2.1 1818  0.3 9999  9.9
17  Tu        919 0024  2.2 0637  0.2 1245  2.1 1851  0.3
18  We        919 0059  2.2 0712  0.3 1320  2.1 1928  0.3
19  Th        919 0138  2.1 0751  0.3 1400  2.0 2010  0.4
20  Fr        919 0222  2.0 0836  0.4 1444  2.0 2100  0.5
21  Sa        919 0313  1.9 0928  0.6 1538  1.9 2200  0.5
22  Su        919 0416  1.8 1033  0.6 1645  1.8 2312  0.6
23  Mo        919 0530  1.8 1146  0.7 1801  1.8 9999  9.9
24  Tu        919 0026  0.5 0644  1.8 1258  0.6 1912  1.9
25  We        919 0133  0.4 0750  1.9 1401  0.5 2014  2.1
26  Th        919 0232  0.3 0846  2.1 1456  0.3 2107  2.2
27  Fr        919 0324  0.1 0936  2.3 1546  0.1 2157  2.4
28  Sa        919 0412  0.0 1024  2.4 1634  0.0 2244  2.5
29  Su        919 0459 -0.1 1110  2.5 1720 -0.1 2331  2.6
30  Mo        919 0546 -0.1 1156  2.5 1806 -0.1 9999  9.9
 1  Tu       1019 0019  2.6 0632 -0.1 1242  2.5 1854 -0.1
 2  We       1019 0107  2.5 0720  0.0 1330  2.4 1943  0.0
 3  Th       1019 0158  2.3 0810  0.2 1420  2.2 2036  0.2
 4  Fr       1019 0253  2.1 0905  0.4 1514  2.1 2135  0.4
 5  Sa       1019 0353  2.0 1005  0.5 1617  1.9 2243  0.5
 6  Su       1019 0502  1.8 1113  0.6 1729  1.8 2355  0.6
 7  Mo       1019 0615  1.8 1225  0.7 1842  1.8 9999  9.9
 8  Tu       1019 0105  0.6 0724  1.8 1331  0.7 1947  1.8
 9  We       1019 0204  0.6 0820  1.8 1426  0.6 2037  1.9
10  Th       1019 0251  0.5 0903  1.9 1509  0.5 2117  1.9
11  Fr       1019 0329  0.4 0939  2.0 1544  0.4 2150  2.0
12  Sa       1019 0401  0.4 1010  2.0 1616  0.4 2221  2.1
13  Su       1019 0432  0.3 1040  2.1 1647  0.3 2252  2.2
14  Mo       1019 0503  0.2 1111  2.2 1718  0.2 2324  2.2
15  Tu       1019 0536  0.2 1143  2.2 1752  0.2 2359  2.2
16  We       1019 0610  0.2 1218  2.2 1828  0.2 9999  9.9
17  Th       1019 0037  2.2 0648  0.3 1256  2.2 1907  0.2
18  Fr       1019 0118  2.1 0729  0.3 1337  2.1 1950  0.3
19  Sa       1019 0204  2.0 0814  0.4 1423  2.0 2041  0.4
20  Su       1019 0256  1.9 0908  0.6 1517  1.9 2142  0.5
21  Mo       1019 0359  1.8 1012  0.6 1624  1.8 2253  0.5
22  Tu       1019 0511  1.8 1124  0.7 1738  1.8 9999  9.9
23  We       1019 0004  0.5 0623  1.8 1235  0.6 1849  1.9
24  Th       1019 0110  0.4 0727  2.0 1338  0.5 1951  2.1
25  Fr       1019 0208  0.3 0822  2.1 1433  0.3 2045  2.2
26  Sa       1019 0300  0.1 0913  2.3 1524  0.1 2135  2.4
27  Su       1019 0349  0.0 1001  2.4 1612  0.0 2223  2.5
28  Mo       1019 0437 -0.1 1047  2.5 1659 -0.1 2311  2.5
29  Tu       1019 0524 -0.1 1133  2.5 1746 -0.1 2359  2.5
30  We       1019 0611  0.0 1220  2.5 1834 -0.1 9999  9.9
31  Th       1019 0048  2.4 0658  0.1 1307  2.3 1923  0.1
 1  Fr       1119 0138  2.3 0747  0.2 1356  2.2 2014  0.2
 2  Sa       1119 0231  2.1 0839  0.4 1448  2.0 2111  0.4
 3  Su       1119 0328  1.9 0936  0.6 1546  1.9 2213  0.5
 4  Mo       1119 0430  1.8 1039  0.7 1651  1.8 2318  0.6
 5  Tu       1119 0537  1.7 1145  0.7 1759  1.7 9999  9.9
 6  We       1119 0022  0.7 0640  1.7 1248  0.7 1901  1.7
 7  Th       1119 0118  0.6 0735  1.8 1342  0.7 1952  1.8
 8  Fr       1119 0205  0.6 0819  1.8 1426  0.6 2034  1.9
 9  Sa       1119 0245  0.5 0857  1.9 1505  0.5 2111  2.0
10  Su       1119 0321  0.4 0932  2.0 1540  0.4 2146  2.1
11  Mo       1119 0357  0.3 1006  2.1 1616  0.3 2222  2.1
12  Tu       1119 0433  0.3 1041  2.2 1652  0.2 2259  2.2
13  We       1119 0510  0.2 1118  2.2 1730  0.2 2339  2.2
14  Th       1119 0549  0.2 1157  2.2 1809  0.1 9999  9.9
15  Fr       1119 0020  2.2 0630  0.2 1238  2.2 1852  0.2
16  Sa       1119 0105  2.2 0713  0.3 1321  2.2 1938  0.2
17  Su       1119 0153  2.1 0801  0.4 1409  2.1 2030  0.3
18  Mo       1119 0246  2.0 0854  0.5 1504  2.0 2129  0.4
19  Tu       1119 0346  1.9 0956  0.6 1606  1.9 2234  0.5
20  We       1119 0451  1.9 1103  0.6 1716  1.9 2340  0.4
21  Th       1119 0557  1.9 1210  0.5 1824  2.0 9999  9.9
22  Fr       1119 0044  0.4 0700  2.0 1312  0.4 1926  2.1
23  Sa       1119 0142  0.3 0757  2.1 1410  0.3 2022  2.2
24  Su       1119 0236  0.2 0850  2.2 1503  0.2 2115  2.3
25  Mo       1119 0328  0.1 0939  2.3 1554  0.0 2206  2.4
26  Tu       1119 0417  0.1 1028  2.4 1643  0.0 2255  2.4
27  We       1119 0506  0.0 1115  2.4 1731  0.0 2344  2.4
28  Th       1119 0553  0.1 1202  2.4 1818  0.0 9999  9.9
29  Fr       1119 0032  2.3 0640  0.2 1248  2.3 1906  0.1
30  Sa       1119 0121  2.2 0726  0.3 1334  2.2 1954  0.3
 1  Su       1219 0209  2.0 0813  0.4 1421  2.0 2043  0.4
 2  Mo       1219 0258  1.9 0903  0.6 1510  1.9 2135  0.5
 3  Tu       1219 0350  1.8 0955  0.7 1603  1.8 2229  0.6
 4  We       1219 0443  1.7 1051  0.7 1659  1.7 2323  0.7
 5  Th       1219 0539  1.7 1148  0.8 1757  1.7 9999  9.9
 6  Fr       1219 0017  0.7 0633  1.7 1243  0.7 1852  1.7
 7  Sa       1219 0107  0.6 0723  1.8 1334  0.6 1942  1.8
 8  Su       1219 0154  0.6 0809  1.9 1421  0.5 2028  1.9
 9  Mo       1219 0240  0.5 0852  2.0 1504  0.4 2112  2.0
10  Tu       1219 0323  0.4 0934  2.1 1547  0.3 2155  2.1
11  We       1219 0406  0.3 1016  2.2 1629  0.2 2238  2.2
12  Th       1219 0449  0.3 1057  2.2 1712  0.1 2323  2.2
13  Fr       1219 0532  0.2 1140  2.3 1756  0.1 9999  9.9
14  Sa       1219 0008  2.2 0616  0.2 1224  2.3 1841  0.1
15  Su       1219 0055  2.2 0702  0.3 1310  2.2 1928  0.1
16  Mo       1219 0143  2.1 0749  0.3 1358  2.2 2019  0.2
17  Tu       1219 0234  2.1 0841  0.4 1450  2.1 2114  0.3
18  We       1219 0329  2.0 0937  0.5 1548  2.0 2212  0.3
19  Th       1219 0427  2.0 1038  0.5 1651  2.0 2314  0.4
20  Fr       1219 0529  2.0 1143  0.5 1757  2.0 9999  9.9
21  Sa       1219 0016  0.4 0631  2.0 1246  0.4 1901  2.0
22  Su       1219 0116  0.4 0732  2.0 1348  0.3 2002  2.1
23  Mo       1219 0215  0.3 0829  2.1 1446  0.2 2059  2.2
24  Tu       1219 0310  0.2 0923  2.2 1540  0.1 2153  2.2
25  We       1219 0403  0.2 1014  2.3 1631  0.1 2244  2.3
26  Th       1219 0452  0.2 1102  2.3 1719  0.1 2333  2.2
27  Fr       1219 0539  0.2 1148  2.3 1806  0.1 9999  9.9
28  Sa       1219 0019  2.2 0624  0.3 1232  2.2 1850  0.2
29  Su       1219 0103  2.1 0706  0.3 1313  2.1 1932  0.3
30  Mo       1219 0145  2.0 0746  0.4 1353  2.0 2012  0.4
31  Tu       1219 0224  1.9 0826  0.5 1431  1.9 2052  0.5
