162North Cape
Based on data from  1-Jan-2012
Local Std Time, tidal heights in metres.
 1  Su        117 0333  0.4 0950  2.3 1600  0.5 2200  2.2
 2  Mo        117 0411  0.4 1029  2.3 1641  0.5 2242  2.2
 3  Tu        117 0451  0.4 1110  2.3 1724  0.5 2325  2.2
 4  We        117 0535  0.5 1154  2.3 1810  0.5 9999  9.9
 5  Th        117 0013  2.1 0622  0.5 1241  2.3 1900  0.5
 6  Fr        117 0106  2.1 0715  0.6 1334  2.2 1955  0.5
 7  Sa        117 0205  2.1 0815  0.6 1431  2.2 2054  0.5
 8  Su        117 0310  2.1 0920  0.7 1532  2.2 2157  0.5
 9  Mo        117 0417  2.1 1027  0.6 1635  2.2 2259  0.4
10  Tu        117 0522  2.2 1131  0.6 1738  2.3 9999  9.9
11  We        117 0000  0.3 0622  2.3 1232  0.5 1838  2.3
12  Th        117 0057  0.3 0717  2.4 1328  0.4 1934  2.4
13  Fr        117 0150  0.2 0809  2.5 1422  0.4 2027  2.4
14  Sa        117 0240  0.2 0858  2.5 1512  0.3 2117  2.4
15  Su        117 0328  0.2 0946  2.5 1601  0.4 2205  2.3
16  Mo        117 0414  0.3 1031  2.4 1647  0.4 2251  2.3
17  Tu        117 0459  0.4 1116  2.4 1733  0.5 2337  2.2
18  We        117 0544  0.5 1201  2.3 1819  0.5 9999  9.9
19  Th        117 0024  2.1 0630  0.6 1246  2.2 1906  0.6
20  Fr        117 0113  2.0 0720  0.7 1334  2.1 1955  0.7
21  Sa        117 0207  1.9 0814  0.8 1425  2.0 2049  0.7
22  Su        117 0306  1.9 0913  0.9 1520  1.9 2146  0.7
23  Mo        117 0408  1.9 1014  0.9 1618  1.9 2244  0.7
24  Tu        117 0507  1.9 1112  0.8 1714  1.9 2338  0.7
25  We        117 0600  2.0 1204  0.8 1806  2.0 9999  9.9
26  Th        117 0027  0.6 0646  2.1 1252  0.7 1853  2.0
27  Fr        117 0111  0.5 0729  2.2 1335  0.7 1937  2.1
28  Sa        117 0152  0.5 0808  2.2 1417  0.6 2018  2.2
29  Su        117 0231  0.4 0847  2.3 1457  0.5 2059  2.2
30  Mo        117 0310  0.4 0926  2.4 1537  0.4 2140  2.3
31  Tu        117 0350  0.3 1005  2.4 1619  0.4 2222  2.3
 1  We        217 0431  0.4 1047  2.4 1702  0.4 2306  2.3
 2  Th        217 0515  0.4 1131  2.4 1747  0.4 2354  2.2
 3  Fr        217 0602  0.5 1218  2.3 1836  0.4 9999  9.9
 4  Sa        217 0046  2.2 0655  0.5 1310  2.3 1930  0.5
 5  Su        217 0144  2.1 0754  0.6 1407  2.2 2029  0.5
 6  Mo        217 0249  2.1 0900  0.7 1510  2.1 2134  0.5
 7  Tu        217 0358  2.1 1010  0.7 1617  2.1 2241  0.5
 8  We        217 0505  2.2 1117  0.6 1723  2.2 2344  0.4
 9  Th        217 0607  2.3 1219  0.6 1825  2.2 9999  9.9
10  Fr        217 0043  0.4 0703  2.3 1316  0.5 1921  2.3
11  Sa        217 0135  0.3 0753  2.4 1407  0.4 2012  2.3
12  Su        217 0224  0.3 0840  2.4 1454  0.4 2100  2.3
13  Mo        217 0309  0.3 0924  2.4 1538  0.4 2144  2.3
14  Tu        217 0351  0.3 1005  2.4 1621  0.4 2226  2.3
15  We        217 0432  0.4 1046  2.3 1701  0.4 2307  2.2
16  Th        217 0513  0.5 1126  2.2 1742  0.5 2349  2.1
17  Fr        217 0555  0.6 1206  2.2 1824  0.6 9999  9.9
18  Sa        217 0033  2.1 0640  0.7 1250  2.1 1909  0.7
19  Su        217 0122  2.0 0730  0.8 1338  2.0 1959  0.7
20  Mo        217 0217  1.9 0826  0.9 1432  1.9 2056  0.8
21  Tu        217 0319  1.9 0928  0.9 1532  1.9 2157  0.8
22  We        217 0422  1.9 1030  0.9 1633  1.9 2257  0.7
23  Th        217 0520  2.0 1127  0.8 1730  1.9 2351  0.7
24  Fr        217 0610  2.1 1218  0.7 1822  2.0 9999  9.9
25  Sa        217 0039  0.6 0655  2.2 1304  0.6 1909  2.1
26  Su        217 0122  0.5 0737  2.3 1348  0.5 1952  2.2
27  Mo        217 0204  0.4 0818  2.4 1430  0.4 2035  2.3
28  Tu        217 0245  0.3 0859  2.4 1512  0.3 2118  2.4
 1  We        317 0327  0.3 0940  2.5 1555  0.3 2202  2.4
 2  Th        317 0410  0.3 1024  2.5 1639  0.3 2247  2.4
 3  Fr        317 0456  0.3 1109  2.4 1725  0.3 2336  2.3
 4  Sa        317 0546  0.4 1158  2.4 1815  0.4 9999  9.9
 5  Su        317 0028  2.3 0640  0.5 1251  2.3 1909  0.4
 6  Mo        317 0127  2.2 0740  0.6 1350  2.2 2010  0.5
 7  Tu        317 0232  2.1 0847  0.7 1455  2.1 2116  0.6
 8  We        317 0342  2.1 0957  0.7 1605  2.1 2225  0.6
 9  Th        317 0450  2.1 1105  0.7 1712  2.1 2330  0.5
10  Fr        317 0551  2.2 1206  0.6 1814  2.1 9999  9.9
11  Sa        317 0028  0.5 0645  2.3 1300  0.5 1908  2.2
12  Su        317 0119  0.4 0734  2.3 1348  0.5 1956  2.3
13  Mo        317 0204  0.4 0817  2.3 1432  0.4 2039  2.3
14  Tu        317 0246  0.4 0858  2.3 1513  0.4 2120  2.3
15  We        317 0326  0.4 0937  2.3 1551  0.4 2159  2.3
16  Th        317 0405  0.5 1014  2.3 1628  0.4 2237  2.2
17  Fr        317 0443  0.5 1051  2.2 1706  0.5 2316  2.2
18  Sa        317 0523  0.6 1130  2.1 1745  0.6 2357  2.1
19  Su        317 0605  0.7 1211  2.0 1827  0.6 9999  9.9
20  Mo        317 0043  2.0 0653  0.8 1257  2.0 1915  0.7
21  Tu        317 0135  2.0 0746  0.8 1349  1.9 2009  0.8
22  We        317 0233  1.9 0846  0.9 1449  1.9 2111  0.8
23  Th        317 0336  1.9 0948  0.9 1551  1.9 2213  0.8
24  Fr        317 0435  2.0 1047  0.8 1652  1.9 2311  0.7
25  Sa        317 0529  2.1 1140  0.7 1747  2.0 9999  9.9
26  Su        317 0002  0.6 0617  2.2 1229  0.6 1837  2.1
27  Mo        317 0049  0.5 0702  2.3 1315  0.5 1924  2.3
28  Tu        317 0134  0.4 0746  2.4 1400  0.3 2010  2.4
29  We        317 0219  0.3 0830  2.5 1445  0.2 2055  2.4
30  Th        317 0304  0.3 0915  2.5 1530  0.2 2142  2.5
31  Fr        317 0351  0.3 1001  2.5 1617  0.2 2229  2.5
 1  Sa        417 0440  0.3 1049  2.4 1705  0.2 2320  2.4
 2  Su        417 0532  0.4 1141  2.3 1756  0.3 9999  9.9
 3  Mo        417 0014  2.3 0628  0.5 1236  2.2 1852  0.4
 4  Tu        417 0113  2.2 0730  0.6 1337  2.1 1953  0.5
 5  We        417 0218  2.2 0836  0.7 1443  2.1 2100  0.6
 6  Th        417 0326  2.1 0945  0.7 1553  2.0 2209  0.6
 7  Fr        417 0431  2.1 1050  0.6 1659  2.0 2312  0.6
 8  Sa        417 0531  2.2 1148  0.6 1758  2.1 9999  9.9
 9  Su        417 0008  0.6 0622  2.2 1239  0.5 1850  2.2
10  Mo        417 0057  0.5 0708  2.2 1325  0.5 1935  2.2
11  Tu        417 0141  0.5 0750  2.3 1406  0.4 2017  2.2
12  We        417 0222  0.5 0829  2.3 1444  0.4 2055  2.3
13  Th        417 0300  0.5 0906  2.2 1521  0.4 2132  2.3
14  Fr        417 0338  0.5 0943  2.2 1557  0.4 2209  2.2
15  Sa        417 0416  0.6 1020  2.2 1634  0.5 2247  2.2
16  Su        417 0455  0.6 1058  2.1 1712  0.5 2327  2.1
17  Mo        417 0537  0.7 1139  2.0 1753  0.6 9999  9.9
18  Tu        417 0011  2.1 0622  0.8 1224  2.0 1838  0.7
19  We        417 0059  2.0 0713  0.8 1314  1.9 1930  0.7
20  Th        417 0153  2.0 0809  0.8 1410  1.9 2027  0.8
21  Fr        417 0252  2.0 0908  0.8 1512  1.9 2128  0.7
22  Sa        417 0350  2.0 1006  0.7 1613  2.0 2228  0.7
23  Su        417 0445  2.1 1101  0.6 1711  2.0 2323  0.6
24  Mo        417 0536  2.2 1153  0.5 1805  2.2 9999  9.9
25  Tu        417 0014  0.5 0625  2.3 1242  0.4 1855  2.3
26  We        417 0104  0.4 0713  2.4 1331  0.3 1945  2.4
27  Th        417 0153  0.3 0802  2.5 1419  0.2 2033  2.5
28  Fr        417 0242  0.3 0850  2.5 1507  0.1 2122  2.5
29  Sa        417 0333  0.3 0940  2.5 1556  0.1 2212  2.5
30  Su        417 0425  0.3 1032  2.4 1646  0.2 2305  2.5
 1  Mo        517 0519  0.4 1125  2.3 1739  0.3 9999  9.9
 2  Tu        517 0000  2.4 0617  0.5 1222  2.2 1835  0.4
 3  We        517 0058  2.3 0718  0.6 1323  2.1 1936  0.5
 4  Th        517 0200  2.2 0822  0.6 1428  2.0 2041  0.6
 5  Fr        517 0304  2.1 0926  0.6 1535  2.0 2146  0.7
 6  Sa        517 0406  2.1 1027  0.6 1639  2.0 2248  0.7
 7  Su        517 0503  2.1 1123  0.6 1736  2.1 2342  0.6
 8  Mo        517 0553  2.1 1212  0.5 1826  2.1 9999  9.9
 9  Tu        517 0031  0.6 0638  2.2 1257  0.5 1911  2.2
10  We        517 0115  0.6 0720  2.2 1337  0.5 1952  2.2
11  Th        517 0156  0.6 0759  2.2 1416  0.4 2030  2.2
12  Fr        517 0235  0.6 0837  2.2 1452  0.4 2107  2.2
13  Sa        517 0313  0.6 0914  2.2 1529  0.5 2144  2.2
14  Su        517 0351  0.6 0952  2.1 1605  0.5 2222  2.2
15  Mo        517 0431  0.6 1031  2.1 1644  0.5 2301  2.2
16  Tu        517 0512  0.7 1112  2.0 1724  0.6 2343  2.1
17  We        517 0556  0.7 1156  2.0 1807  0.6 9999  9.9
18  Th        517 0029  2.1 0644  0.7 1244  2.0 1856  0.7
19  Fr        517 0119  2.1 0736  0.7 1337  1.9 1949  0.7
20  Sa        517 0213  2.1 0831  0.7 1436  1.9 2048  0.7
21  Su        517 0308  2.1 0928  0.7 1537  2.0 2148  0.7
22  Mo        517 0404  2.2 1024  0.6 1637  2.1 2246  0.6
23  Tu        517 0458  2.2 1119  0.4 1734  2.2 2342  0.5
24  We        517 0552  2.3 1212  0.3 1829  2.3 9999  9.9
25  Th        517 0037  0.4 0644  2.4 1304  0.2 1922  2.4
26  Fr        517 0130  0.4 0737  2.5 1355  0.1 2013  2.5
27  Sa        517 0223  0.3 0829  2.5 1446  0.1 2105  2.6
28  Su        517 0316  0.3 0922  2.5 1537  0.1 2156  2.6
29  Mo        517 0410  0.3 1015  2.4 1629  0.2 2249  2.5
30  Tu        517 0505  0.4 1110  2.3 1722  0.3 2343  2.4
31  We        517 0601  0.5 1206  2.2 1816  0.4 9999  9.9
 1  Th        617 0039  2.3 0700  0.5 1304  2.1 1914  0.5
 2  Fr        617 0137  2.2 0759  0.6 1405  2.0 2015  0.6
 3  Sa        617 0236  2.2 0859  0.6 1508  2.0 2116  0.7
 4  Su        617 0333  2.1 0956  0.6 1610  2.0 2216  0.7
 5  Mo        617 0428  2.1 1051  0.6 1707  2.0 2311  0.7
 6  Tu        617 0518  2.1 1140  0.6 1758  2.1 9999  9.9
 7  We        617 0001  0.7 0605  2.1 1226  0.5 1844  2.1
 8  Th        617 0047  0.7 0649  2.1 1308  0.5 1926  2.2
 9  Fr        617 0129  0.7 0730  2.1 1348  0.5 2005  2.2
10  Sa        617 0210  0.6 0810  2.1 1426  0.5 2043  2.2
11  Su        617 0249  0.6 0849  2.1 1504  0.5 2121  2.2
12  Mo        617 0329  0.6 0928  2.1 1541  0.5 2159  2.2
13  Tu        617 0408  0.6 1007  2.1 1619  0.5 2238  2.2
14  We        617 0449  0.6 1048  2.1 1658  0.5 2318  2.2
15  Th        617 0532  0.7 1131  2.0 1740  0.6 9999  9.9
16  Fr        617 0002  2.2 0617  0.7 1217  2.0 1826  0.6
17  Sa        617 0048  2.2 0706  0.6 1308  2.0 1917  0.6
18  Su        617 0138  2.2 0758  0.6 1404  2.0 2013  0.7
19  Mo        617 0232  2.2 0854  0.6 1505  2.0 2113  0.7
20  Tu        617 0328  2.2 0951  0.5 1607  2.1 2215  0.6
21  We        617 0426  2.2 1049  0.4 1708  2.2 2316  0.6
22  Th        617 0524  2.3 1146  0.3 1806  2.3 9999  9.9
23  Fr        617 0014  0.5 0621  2.4 1242  0.2 1902  2.4
24  Sa        617 0111  0.4 0717  2.4 1336  0.2 1956  2.5
25  Su        617 0207  0.4 0812  2.4 1428  0.1 2048  2.6
26  Mo        617 0301  0.3 0906  2.4 1520  0.1 2140  2.6
27  Tu        617 0354  0.3 0959  2.4 1611  0.2 2231  2.5
28  We        617 0448  0.4 1052  2.3 1702  0.3 2322  2.4
29  Th        617 0541  0.4 1144  2.2 1753  0.4 9999  9.9
30  Fr        617 0014  2.3 0634  0.5 1238  2.1 1846  0.5
 1  Sa        717 0106  2.2 0728  0.6 1335  2.1 1942  0.6
 2  Su        717 0200  2.2 0823  0.6 1433  2.0 2039  0.7
 3  Mo        717 0254  2.1 0918  0.6 1533  2.0 2138  0.8
 4  Tu        717 0348  2.0 1012  0.6 1631  2.0 2235  0.8
 5  We        717 0441  2.0 1105  0.6 1725  2.0 2328  0.8
 6  Th        717 0531  2.0 1154  0.6 1815  2.1 9999  9.9
 7  Fr        717 0018  0.8 0619  2.0 1240  0.6 1859  2.1
 8  Sa        717 0103  0.7 0703  2.1 1322  0.5 1940  2.2
 9  Su        717 0146  0.7 0746  2.1 1402  0.5 2020  2.2
10  Mo        717 0226  0.6 0826  2.1 1440  0.4 2057  2.3
11  Tu        717 0306  0.6 0905  2.1 1518  0.4 2135  2.3
12  We        717 0345  0.6 0945  2.2 1556  0.4 2213  2.3
13  Th        717 0425  0.6 1025  2.1 1634  0.5 2253  2.3
14  Fr        717 0507  0.6 1107  2.1 1715  0.5 2334  2.3
15  Sa        717 0550  0.5 1152  2.1 1800  0.5 9999  9.9
16  Su        717 0019  2.3 0637  0.5 1242  2.1 1850  0.6
17  Mo        717 0108  2.2 0728  0.5 1337  2.1 1945  0.6
18  Tu        717 0201  2.2 0824  0.5 1438  2.1 2047  0.7
19  We        717 0259  2.2 0924  0.5 1542  2.1 2151  0.6
20  Th        717 0401  2.2 1025  0.4 1647  2.2 2256  0.6
21  Fr        717 0503  2.2 1126  0.4 1749  2.3 2358  0.5
22  Sa        717 0604  2.3 1225  0.3 1846  2.4 9999  9.9
23  Su        717 0057  0.4 0702  2.4 1320  0.2 1940  2.5
24  Mo        717 0152  0.4 0758  2.4 1412  0.2 2032  2.5
25  Tu        717 0245  0.3 0850  2.4 1503  0.2 2121  2.5
26  We        717 0336  0.3 0941  2.4 1551  0.2 2209  2.5
27  Th        717 0426  0.3 1030  2.3 1639  0.3 2256  2.4
28  Fr        717 0514  0.4 1118  2.3 1726  0.4 2343  2.3
29  Sa        717 0601  0.5 1207  2.2 1814  0.5 9999  9.9
30  Su        717 0030  2.2 0650  0.5 1258  2.1 1904  0.6
31  Mo        717 0119  2.1 0740  0.6 1352  2.0 1958  0.7
 1  Tu        817 0210  2.0 0833  0.7 1450  1.9 2056  0.8
 2  We        817 0304  2.0 0929  0.7 1551  1.9 2156  0.8
 3  Th        817 0401  2.0 1026  0.7 1649  2.0 2254  0.8
 4  Fr        817 0457  2.0 1121  0.7 1743  2.0 2347  0.8
 5  Sa        817 0549  2.0 1211  0.6 1830  2.1 9999  9.9
 6  Su        817 0036  0.7 0637  2.0 1255  0.5 1913  2.2
 7  Mo        817 0120  0.7 0721  2.1 1337  0.5 1953  2.2
 8  Tu        817 0201  0.6 0802  2.2 1415  0.4 2031  2.3
 9  We        817 0240  0.5 0842  2.2 1453  0.4 2109  2.3
10  Th        817 0320  0.5 0922  2.2 1531  0.4 2147  2.4
11  Fr        817 0359  0.4 1002  2.3 1611  0.4 2226  2.4
12  Sa        817 0440  0.4 1044  2.2 1652  0.4 2308  2.4
13  Su        817 0524  0.4 1129  2.2 1737  0.5 2353  2.3
14  Mo        817 0611  0.4 1219  2.2 1827  0.5 9999  9.9
15  Tu        817 0042  2.3 0702  0.5 1314  2.1 1924  0.6
16  We        817 0137  2.2 0759  0.5 1416  2.1 2027  0.7
17  Th        817 0238  2.2 0901  0.5 1523  2.1 2135  0.7
18  Fr        817 0343  2.2 1007  0.5 1631  2.2 2243  0.6
19  Sa        817 0450  2.2 1112  0.4 1735  2.3 2347  0.6
20  Su        817 0553  2.2 1212  0.3 1832  2.4 9999  9.9
21  Mo        817 0045  0.5 0651  2.3 1306  0.3 1925  2.4
22  Tu        817 0138  0.4 0745  2.4 1357  0.2 2014  2.5
23  We        817 0228  0.3 0834  2.4 1444  0.2 2100  2.5
24  Th        817 0315  0.3 0921  2.4 1529  0.3 2144  2.5
25  Fr        817 0400  0.3 1006  2.3 1613  0.3 2227  2.4
26  Sa        817 0443  0.4 1049  2.3 1656  0.4 2309  2.3
27  Su        817 0526  0.4 1133  2.2 1740  0.5 2352  2.2
28  Mo        817 0609  0.5 1219  2.1 1826  0.7 9999  9.9
29  Tu        817 0037  2.1 0655  0.6 1309  2.0 1917  0.8
30  We        817 0126  2.0 0746  0.7 1405  1.9 2014  0.8
31  Th        817 0220  1.9 0844  0.7 1507  1.9 2116  0.9
 1  Fr        917 0320  1.9 0945  0.7 1609  1.9 2218  0.9
 2  Sa        917 0421  1.9 1045  0.7 1707  2.0 2314  0.8
 3  Su        917 0518  2.0 1138  0.7 1757  2.1 9999  9.9
 4  Mo        917 0005  0.7 0609  2.0 1225  0.6 1841  2.2
 5  Tu        917 0050  0.6 0654  2.1 1308  0.5 1922  2.2
 6  We        917 0132  0.5 0736  2.2 1348  0.4 2001  2.3
 7  Th        917 0212  0.5 0817  2.3 1427  0.4 2039  2.4
 8  Fr        917 0252  0.4 0858  2.3 1506  0.3 2119  2.4
 9  Sa        917 0333  0.3 0939  2.4 1547  0.3 2200  2.4
10  Su        917 0415  0.3 1023  2.4 1631  0.4 2243  2.4
11  Mo        917 0459  0.3 1109  2.3 1718  0.4 2330  2.4
12  Tu        917 0547  0.3 1200  2.3 1810  0.5 9999  9.9
13  We        917 0021  2.3 0639  0.4 1256  2.2 1909  0.6
14  Th        917 0119  2.2 0738  0.5 1359  2.1 2014  0.7
15  Fr        917 0223  2.1 0844  0.5 1508  2.1 2124  0.7
16  Sa        917 0332  2.1 0953  0.5 1617  2.2 2233  0.6
17  Su        917 0440  2.1 1059  0.5 1721  2.2 2336  0.6
18  Mo        917 0544  2.2 1159  0.4 1817  2.3 9999  9.9
19  Tu        917 0032  0.5 0640  2.3 1252  0.4 1907  2.4
20  We        917 0122  0.4 0731  2.3 1340  0.3 1953  2.4
21  Th        917 0208  0.3 0817  2.4 1424  0.3 2036  2.4
22  Fr        917 0251  0.3 0900  2.4 1506  0.3 2117  2.4
23  Sa        917 0332  0.3 0941  2.3 1547  0.4 2156  2.3
24  Su        917 0411  0.4 1020  2.3 1627  0.5 2235  2.3
25  Mo        917 0450  0.4 1101  2.2 1708  0.6 2315  2.2
26  Tu        917 0530  0.5 1143  2.1 1752  0.7 2358  2.1
27  We        917 0614  0.6 1229  2.0 1840  0.8 9999  9.9
28  Th        917 0045  2.0 0702  0.7 1322  2.0 1934  0.8
29  Fr        917 0138  1.9 0758  0.8 1422  1.9 2035  0.9
30  Sa        917 0238  1.9 0900  0.8 1525  1.9 2138  0.9
 1  Su       1017 0342  1.9 1003  0.8 1625  2.0 2237  0.8
 2  Mo       1017 0442  1.9 1100  0.7 1717  2.1 2329  0.7
 3  Tu       1017 0535  2.0 1150  0.6 1804  2.2 9999  9.9
 4  We       1017 0016  0.6 0623  2.1 1235  0.5 1847  2.3
 5  Th       1017 0059  0.5 0708  2.2 1317  0.4 1928  2.4
 6  Fr       1017 0142  0.4 0751  2.3 1359  0.3 2009  2.4
 7  Sa       1017 0224  0.3 0834  2.4 1442  0.3 2051  2.5
 8  Su       1017 0307  0.2 0918  2.5 1526  0.3 2136  2.5
 9  Mo       1017 0351  0.2 1003  2.5 1613  0.3 2222  2.4
10  Tu       1017 0437  0.2 1051  2.4 1703  0.4 2311  2.4
11  We       1017 0527  0.3 1144  2.4 1757  0.5 9999  9.9
12  Th       1017 0005  2.3 0621  0.4 1241  2.3 1857  0.6
13  Fr       1017 0104  2.2 0721  0.5 1345  2.2 2003  0.6
14  Sa       1017 0210  2.1 0828  0.6 1453  2.2 2113  0.7
15  Su       1017 0320  2.1 0937  0.6 1601  2.2 2220  0.6
16  Mo       1017 0429  2.1 1043  0.6 1703  2.2 2321  0.6
17  Tu       1017 0531  2.1 1142  0.5 1757  2.3 9999  9.9
18  We       1017 0015  0.5 0626  2.2 1234  0.5 1846  2.3
19  Th       1017 0102  0.4 0714  2.3 1320  0.4 1930  2.3
20  Fr       1017 0146  0.4 0757  2.3 1403  0.4 2010  2.3
21  Sa       1017 0226  0.3 0838  2.3 1443  0.4 2049  2.3
22  Su       1017 0304  0.4 0916  2.3 1522  0.5 2127  2.3
23  Mo       1017 0341  0.4 0954  2.3 1601  0.5 2205  2.2
24  Tu       1017 0418  0.4 1032  2.2 1640  0.6 2243  2.1
25  We       1017 0457  0.5 1112  2.2 1722  0.7 2324  2.1
26  Th       1017 0538  0.6 1156  2.1 1808  0.7 9999  9.9
27  Fr       1017 0009  2.0 0624  0.7 1244  2.0 1859  0.8
28  Sa       1017 0100  1.9 0715  0.7 1339  2.0 1955  0.8
29  Su       1017 0157  1.9 0813  0.8 1438  2.0 2055  0.8
30  Mo       1017 0258  1.9 0915  0.8 1537  2.0 2153  0.8
31  Tu       1017 0400  1.9 1015  0.7 1631  2.1 2248  0.7
 1  We       1117 0457  2.0 1109  0.7 1722  2.2 2338  0.6
 2  Th       1117 0549  2.1 1158  0.6 1808  2.3 9999  9.9
 3  Fr       1117 0025  0.4 0638  2.2 1246  0.5 1854  2.4
 4  Sa       1117 0111  0.3 0724  2.4 1332  0.4 1940  2.4
 5  Su       1117 0157  0.2 0811  2.5 1419  0.3 2026  2.5
 6  Mo       1117 0243  0.1 0858  2.5 1507  0.3 2114  2.5
 7  Tu       1117 0330  0.1 0946  2.5 1557  0.3 2204  2.5
 8  We       1117 0419  0.2 1036  2.5 1649  0.4 2256  2.4
 9  Th       1117 0510  0.2 1129  2.4 1745  0.4 2351  2.3
10  Fr       1117 0605  0.3 1226  2.3 1845  0.5 9999  9.9
11  Sa       1117 0051  2.2 0704  0.5 1328  2.2 1949  0.6
12  Su       1117 0155  2.1 0809  0.6 1433  2.2 2055  0.6
13  Mo       1117 0304  2.0 0916  0.6 1537  2.2 2159  0.6
14  Tu       1117 0411  2.0 1021  0.6 1638  2.2 2259  0.6
15  We       1117 0512  2.1 1120  0.6 1732  2.2 2352  0.5
16  Th       1117 0606  2.1 1212  0.6 1820  2.2 9999  9.9
17  Fr       1117 0039  0.5 0654  2.2 1258  0.6 1904  2.2
18  Sa       1117 0121  0.4 0736  2.2 1341  0.5 1945  2.2
19  Su       1117 0201  0.4 0816  2.3 1421  0.5 2023  2.2
20  Mo       1117 0239  0.4 0853  2.3 1459  0.6 2101  2.2
21  Tu       1117 0315  0.4 0931  2.3 1538  0.6 2139  2.2
22  We       1117 0352  0.4 1008  2.2 1617  0.6 2217  2.1
23  Th       1117 0430  0.5 1047  2.2 1657  0.7 2257  2.1
24  Fr       1117 0509  0.5 1128  2.1 1740  0.7 2340  2.0
25  Sa       1117 0551  0.6 1212  2.1 1827  0.7 9999  9.9
26  Su       1117 0026  2.0 0638  0.7 1301  2.1 1917  0.8
27  Mo       1117 0118  1.9 0730  0.7 1353  2.0 2011  0.8
28  Tu       1117 0215  1.9 0827  0.8 1448  2.0 2108  0.7
29  We       1117 0316  1.9 0927  0.7 1543  2.1 2204  0.6
30  Th       1117 0416  2.0 1026  0.7 1638  2.2 2259  0.5
 1  Fr       1217 0514  2.1 1122  0.6 1731  2.2 2351  0.4
 2  Sa       1217 0608  2.2 1215  0.5 1822  2.3 9999  9.9
 3  Su       1217 0042  0.3 0700  2.4 1308  0.4 1914  2.4
 4  Mo       1217 0132  0.2 0750  2.5 1359  0.3 2005  2.5
 5  Tu       1217 0222  0.1 0840  2.6 1451  0.3 2057  2.5
 6  We       1217 0312  0.1 0931  2.6 1543  0.3 2149  2.5
 7  Th       1217 0403  0.1 1022  2.6 1637  0.3 2242  2.4
 8  Fr       1217 0454  0.2 1115  2.5 1732  0.4 2336  2.3
 9  Sa       1217 0548  0.3 1209  2.4 1829  0.5 9999  9.9
10  Su       1217 0034  2.2 0644  0.4 1306  2.3 1928  0.5
11  Mo       1217 0134  2.1 0744  0.6 1406  2.2 2029  0.6
12  Tu       1217 0238  2.0 0847  0.7 1506  2.1 2129  0.6
13  We       1217 0343  2.0 0950  0.7 1604  2.1 2228  0.6
14  Th       1217 0445  2.0 1050  0.7 1659  2.1 2322  0.6
15  Fr       1217 0540  2.1 1145  0.7 1750  2.1 9999  9.9
16  Sa       1217 0011  0.5 0630  2.1 1233  0.7 1836  2.1
17  Su       1217 0056  0.5 0714  2.2 1318  0.7 1920  2.1
18  Mo       1217 0137  0.5 0754  2.2 1359  0.6 2000  2.1
19  Tu       1217 0216  0.4 0832  2.2 1439  0.6 2039  2.1
20  We       1217 0253  0.4 0910  2.3 1517  0.6 2117  2.1
21  Th       1217 0330  0.4 0947  2.3 1556  0.6 2155  2.1
22  Fr       1217 0407  0.5 1024  2.2 1635  0.6 2234  2.1
23  Sa       1217 0444  0.5 1102  2.2 1715  0.6 2314  2.1
24  Su       1217 0523  0.6 1143  2.2 1757  0.6 2357  2.0
25  Mo       1217 0606  0.6 1226  2.1 1842  0.7 9999  9.9
26  Tu       1217 0044  2.0 0652  0.7 1313  2.1 1932  0.7
27  We       1217 0136  2.0 0745  0.7 1404  2.1 2025  0.6
28  Th       1217 0235  2.0 0844  0.7 1459  2.1 2122  0.6
29  Fr       1217 0337  2.0 0946  0.7 1558  2.2 2221  0.5
30  Sa       1217 0440  2.1 1048  0.6 1657  2.2 2320  0.4
31  Su       1217 0541  2.2 1149  0.6 1755  2.3 9999  9.9
