164Oamaru
Based on data from  7-Jan-2001
Local Std Time, tidal heights in metres.
 1  Mo        118 0216  2.3 0827  0.4 1448  2.4 2102  0.4
 2  Tu        118 0310  2.3 0922  0.4 1543  2.5 2156  0.4
 3  We        118 0405  2.3 1018  0.4 1637  2.5 2251  0.4
 4  Th        118 0502  2.3 1114  0.4 1733  2.4 2347  0.4
 5  Fr        118 0559  2.3 1211  0.4 1829  2.4 9999  9.9
 6  Sa        118 0044  0.5 0658  2.2 1308  0.5 1926  2.3
 7  Su        118 0143  0.5 0758  2.2 1406  0.6 2025  2.2
 8  Mo        118 0242  0.6 0857  2.1 1505  0.6 2124  2.1
 9  Tu        118 0340  0.7 0955  2.1 1604  0.7 2223  2.1
10  We        118 0435  0.7 1051  2.1 1701  0.8 2317  2.0
11  Th        118 0526  0.7 1144  2.0 1755  0.8 9999  9.9
12  Fr        118 0007  2.0 0614  0.7 1233  2.0 1844  0.8
13  Sa        118 0053  2.0 0657  0.8 1318  2.0 1929  0.8
14  Su        118 0134  2.0 0739  0.8 1400  2.1 2010  0.8
15  Mo        118 0214  2.0 0819  0.7 1440  2.1 2049  0.8
16  Tu        118 0253  2.0 0859  0.7 1519  2.1 2128  0.8
17  We        118 0332  2.0 0940  0.7 1558  2.1 2207  0.8
18  Th        118 0412  2.0 1021  0.7 1637  2.1 2248  0.8
19  Fr        118 0453  2.0 1102  0.8 1717  2.1 2329  0.8
20  Sa        118 0536  2.0 1145  0.8 1758  2.0 9999  9.9
21  Su        118 0012  0.8 0621  1.9 1229  0.8 1841  2.0
22  Mo        118 0058  0.8 0708  1.9 1316  0.8 1929  2.0
23  Tu        118 0148  0.8 0758  2.0 1407  0.8 2021  2.0
24  We        118 0240  0.8 0851  2.0 1502  0.8 2117  2.0
25  Th        118 0334  0.8 0947  2.0 1601  0.8 2216  2.0
26  Fr        118 0430  0.7 1045  2.1 1702  0.7 2314  2.1
27  Sa        118 0526  0.6 1144  2.2 1801  0.6 9999  9.9
28  Su        118 0011  2.2 0621  0.5 1241  2.3 1858  0.5
29  Mo        118 0106  2.2 0716  0.5 1337  2.4 1952  0.5
30  Tu        118 0200  2.3 0811  0.4 1432  2.4 2045  0.4
31  We        118 0253  2.3 0905  0.4 1525  2.5 2138  0.4
 1  Th        218 0347  2.4 0959  0.4 1618  2.5 2230  0.4
 2  Fr        218 0441  2.3 1053  0.4 1710  2.4 2323  0.4
 3  Sa        218 0536  2.3 1147  0.4 1803  2.3 9999  9.9
 4  Su        218 0017  0.5 0631  2.2 1241  0.5 1857  2.3
 5  Mo        218 0112  0.6 0728  2.2 1337  0.6 1954  2.2
 6  Tu        218 0209  0.7 0825  2.1 1434  0.7 2052  2.1
 7  We        218 0306  0.7 0922  2.0 1532  0.8 2150  2.0
 8  Th        218 0401  0.8 1018  2.0 1631  0.8 2246  1.9
 9  Fr        218 0454  0.8 1113  2.0 1726  0.9 2338  1.9
10  Sa        218 0543  0.8 1203  2.0 1816  0.8 9999  9.9
11  Su        218 0024  1.9 0628  0.8 1250  2.0 1901  0.8
12  Mo        218 0106  1.9 0710  0.8 1332  2.0 1942  0.8
13  Tu        218 0146  2.0 0751  0.8 1412  2.1 2020  0.8
14  We        218 0224  2.0 0832  0.7 1450  2.1 2058  0.7
15  Th        218 0303  2.0 0912  0.7 1528  2.1 2137  0.7
16  Fr        218 0342  2.0 0952  0.7 1606  2.1 2216  0.7
17  Sa        218 0423  2.0 1033  0.7 1645  2.1 2256  0.7
18  Su        218 0505  2.0 1115  0.7 1726  2.1 2340  0.7
19  Mo        218 0550  2.0 1200  0.7 1811  2.1 9999  9.9
20  Tu        218 0026  0.8 0638  2.0 1249  0.7 1900  2.0
21  We        218 0117  0.8 0730  2.0 1342  0.8 1955  2.0
22  Th        218 0212  0.8 0826  2.0 1441  0.8 2056  2.0
23  Fr        218 0311  0.7 0926  2.1 1544  0.8 2158  2.0
24  Sa        218 0410  0.7 1028  2.1 1647  0.7 2259  2.1
25  Su        218 0509  0.6 1129  2.2 1747  0.6 2357  2.2
26  Mo        218 0606  0.6 1228  2.3 1844  0.5 9999  9.9
27  Tu        218 0052  2.2 0702  0.5 1323  2.4 1937  0.5
28  We        218 0145  2.3 0756  0.4 1416  2.4 2028  0.4
 1  Th        318 0237  2.3 0849  0.4 1507  2.4 2117  0.4
 2  Fr        318 0328  2.3 0940  0.4 1556  2.4 2207  0.4
 3  Sa        318 0419  2.3 1031  0.4 1645  2.4 2256  0.5
 4  Su        318 0510  2.3 1122  0.5 1735  2.3 2347  0.6
 5  Mo        318 0602  2.2 1213  0.6 1826  2.2 9999  9.9
 6  Tu        318 0039  0.6 0655  2.1 1305  0.7 1920  2.1
 7  We        318 0133  0.7 0750  2.1 1400  0.8 2016  2.0
 8  Th        318 0228  0.8 0846  2.0 1458  0.8 2115  1.9
 9  Fr        318 0324  0.8 0942  2.0 1557  0.9 2212  1.9
10  Sa        318 0417  0.9 1037  1.9 1653  0.9 2304  1.9
11  Su        318 0507  0.9 1128  2.0 1743  0.9 2351  1.9
12  Mo        318 0554  0.8 1215  2.0 1828  0.8 9999  9.9
13  Tu        318 0034  1.9 0638  0.8 1258  2.0 1909  0.8
14  We        318 0114  2.0 0720  0.8 1338  2.1 1947  0.7
15  Th        318 0153  2.0 0800  0.7 1417  2.1 2025  0.7
16  Fr        318 0232  2.1 0841  0.7 1455  2.1 2104  0.7
17  Sa        318 0312  2.1 0922  0.7 1534  2.2 2143  0.7
18  Su        318 0353  2.1 1005  0.6 1615  2.2 2225  0.7
19  Mo        318 0437  2.1 1049  0.6 1658  2.1 2311  0.7
20  Tu        318 0524  2.1 1136  0.7 1746  2.1 9999  9.9
21  We        318 0000  0.7 0614  2.1 1228  0.7 1838  2.1
22  Th        318 0054  0.7 0709  2.1 1324  0.7 1937  2.0
23  Fr        318 0152  0.7 0809  2.1 1426  0.7 2041  2.0
24  Sa        318 0253  0.7 0912  2.1 1531  0.7 2145  2.0
25  Su        318 0355  0.7 1015  2.2 1635  0.7 2247  2.1
26  Mo        318 0455  0.6 1117  2.2 1734  0.6 2345  2.2
27  Tu        318 0553  0.6 1215  2.3 1829  0.5 9999  9.9
28  We        318 0038  2.2 0648  0.5 1308  2.3 1920  0.5
29  Th        318 0130  2.3 0741  0.5 1359  2.4 2009  0.5
30  Fr        318 0220  2.3 0831  0.4 1447  2.4 2056  0.5
31  Sa        318 0308  2.3 0920  0.5 1533  2.3 2142  0.5
 1  Su        418 0357  2.3 1008  0.5 1620  2.3 2229  0.6
 2  Mo        418 0445  2.2 1056  0.6 1706  2.2 2316  0.6
 3  Tu        418 0533  2.2 1144  0.7 1754  2.1 9999  9.9
 4  We        418 0006  0.7 0623  2.1 1234  0.7 1845  2.0
 5  Th        418 0057  0.8 0714  2.0 1326  0.8 1939  1.9
 6  Fr        418 0150  0.8 0807  2.0 1422  0.9 2036  1.9
 7  Sa        418 0243  0.9 0902  1.9 1519  0.9 2133  1.8
 8  Su        418 0337  0.9 0956  1.9 1614  0.9 2226  1.9
 9  Mo        418 0428  0.9 1048  1.9 1705  0.9 2313  1.9
10  Tu        418 0515  0.9 1136  2.0 1750  0.8 2357  1.9
11  We        418 0601  0.8 1220  2.0 1831  0.8 9999  9.9
12  Th        418 0038  2.0 0644  0.8 1301  2.1 1911  0.7
13  Fr        418 0118  2.0 0727  0.7 1341  2.1 1950  0.7
14  Sa        418 0159  2.1 0810  0.7 1422  2.2 2030  0.6
15  Su        418 0241  2.2 0853  0.6 1503  2.2 2113  0.6
16  Mo        418 0325  2.2 0939  0.6 1547  2.2 2157  0.6
17  Tu        418 0412  2.2 1026  0.6 1634  2.2 2246  0.6
18  We        418 0503  2.2 1117  0.6 1725  2.1 2339  0.6
19  Th        418 0556  2.2 1211  0.6 1822  2.1 9999  9.9
20  Fr        418 0035  0.6 0654  2.2 1310  0.6 1923  2.1
21  Sa        418 0136  0.6 0755  2.2 1414  0.7 2028  2.1
22  Su        418 0238  0.6 0858  2.2 1518  0.7 2132  2.1
23  Mo        418 0340  0.6 1001  2.2 1621  0.6 2233  2.1
24  Tu        418 0441  0.6 1102  2.2 1719  0.6 2330  2.2
25  We        418 0538  0.6 1159  2.3 1812  0.5 9999  9.9
26  Th        418 0023  2.2 0633  0.5 1251  2.3 1902  0.5
27  Fr        418 0114  2.2 0725  0.5 1340  2.3 1949  0.5
28  Sa        418 0202  2.3 0813  0.5 1426  2.3 2034  0.5
29  Su        418 0249  2.2 0900  0.6 1510  2.2 2118  0.6
30  Mo        418 0335  2.2 0946  0.6 1554  2.2 2202  0.6
 1  Tu        518 0420  2.2 1031  0.7 1638  2.1 2247  0.7
 2  We        518 0506  2.1 1116  0.7 1723  2.0 2333  0.7
 3  Th        518 0552  2.1 1203  0.8 1811  1.9 9999  9.9
 4  Fr        518 0021  0.8 0640  2.0 1252  0.8 1903  1.9
 5  Sa        518 0112  0.9 0729  2.0 1345  0.9 1957  1.8
 6  Su        518 0203  0.9 0820  1.9 1439  0.9 2051  1.8
 7  Mo        518 0254  0.9 0912  1.9 1532  0.9 2143  1.8
 8  Tu        518 0345  0.9 1003  1.9 1622  0.9 2231  1.9
 9  We        518 0433  0.9 1052  2.0 1708  0.8 2316  1.9
10  Th        518 0521  0.8 1138  2.0 1751  0.8 2359  2.0
11  Fr        518 0607  0.8 1222  2.1 1833  0.7 9999  9.9
12  Sa        518 0042  2.1 0653  0.7 1306  2.1 1915  0.6
13  Su        518 0126  2.1 0739  0.6 1350  2.2 1959  0.6
14  Mo        518 0212  2.2 0827  0.6 1435  2.2 2045  0.5
15  Tu        518 0301  2.3 0915  0.5 1523  2.2 2133  0.5
16  We        518 0351  2.3 1006  0.5 1613  2.2 2225  0.5
17  Th        518 0444  2.3 1059  0.5 1708  2.2 2321  0.5
18  Fr        518 0540  2.3 1156  0.5 1806  2.2 9999  9.9
19  Sa        518 0019  0.5 0638  2.3 1255  0.6 1908  2.2
20  Su        518 0119  0.6 0739  2.3 1358  0.6 2012  2.1
21  Mo        518 0221  0.6 0841  2.3 1501  0.6 2115  2.1
22  Tu        518 0322  0.6 0943  2.2 1602  0.6 2215  2.2
23  We        518 0423  0.6 1044  2.2 1659  0.6 2312  2.2
24  Th        518 0521  0.6 1140  2.2 1752  0.6 9999  9.9
25  Fr        518 0005  2.2 0616  0.6 1232  2.2 1842  0.6
26  Sa        518 0056  2.2 0707  0.6 1320  2.2 1928  0.6
27  Su        518 0144  2.2 0755  0.6 1405  2.2 2011  0.6
28  Mo        518 0229  2.2 0841  0.7 1448  2.1 2054  0.6
29  Tu        518 0313  2.2 0924  0.7 1529  2.1 2137  0.7
30  We        518 0357  2.1 1007  0.7 1611  2.0 2219  0.7
31  Th        518 0439  2.1 1049  0.8 1654  2.0 2303  0.8
 1  Fr        618 0523  2.1 1133  0.8 1740  1.9 2349  0.8
 2  Sa        618 0607  2.0 1220  0.8 1828  1.9 9999  9.9
 3  Su        618 0036  0.8 0652  2.0 1308  0.9 1918  1.9
 4  Mo        618 0123  0.9 0739  2.0 1358  0.9 2009  1.8
 5  Tu        618 0212  0.9 0828  1.9 1449  0.9 2058  1.9
 6  We        618 0301  0.9 0918  1.9 1538  0.9 2147  1.9
 7  Th        618 0351  0.9 1008  2.0 1625  0.8 2234  1.9
 8  Fr        618 0441  0.8 1057  2.0 1711  0.8 2321  2.0
 9  Sa        618 0531  0.8 1145  2.1 1757  0.7 9999  9.9
10  Su        618 0008  2.1 0621  0.7 1233  2.1 1843  0.6
11  Mo        618 0057  2.2 0712  0.6 1321  2.2 1931  0.6
12  Tu        618 0148  2.3 0803  0.6 1411  2.2 2021  0.5
13  We        618 0240  2.3 0855  0.5 1502  2.3 2113  0.4
14  Th        618 0333  2.4 0948  0.5 1555  2.3 2207  0.4
15  Fr        618 0427  2.4 1042  0.4 1651  2.3 2303  0.4
16  Sa        618 0523  2.4 1138  0.5 1749  2.3 9999  9.9
17  Su        618 0001  0.4 0620  2.4 1237  0.5 1850  2.2
18  Mo        618 0100  0.5 0719  2.3 1337  0.5 1951  2.2
19  Tu        618 0200  0.5 0820  2.3 1438  0.6 2052  2.2
20  We        618 0301  0.6 0921  2.2 1538  0.6 2152  2.2
21  Th        618 0401  0.6 1021  2.2 1636  0.6 2250  2.2
22  Fr        618 0500  0.6 1118  2.2 1729  0.6 2345  2.1
23  Sa        618 0556  0.7 1211  2.1 1819  0.6 9999  9.9
24  Su        618 0036  2.1 0648  0.7 1259  2.1 1905  0.7
25  Mo        618 0124  2.1 0736  0.7 1344  2.1 1949  0.7
26  Tu        618 0210  2.1 0820  0.7 1425  2.0 2031  0.7
27  We        618 0252  2.1 0902  0.7 1506  2.0 2112  0.7
28  Th        618 0333  2.1 0942  0.8 1546  2.0 2154  0.7
29  Fr        618 0413  2.1 1023  0.8 1627  2.0 2236  0.7
30  Sa        618 0454  2.1 1104  0.8 1710  1.9 2318  0.8
 1  Su        718 0535  2.1 1147  0.8 1754  1.9 9999  9.9
 2  Mo        718 0002  0.8 0617  2.0 1231  0.8 1840  1.9
 3  Tu        718 0046  0.8 0700  2.0 1318  0.9 1927  1.9
 4  We        718 0132  0.8 0746  2.0 1406  0.9 2015  1.9
 5  Th        718 0220  0.9 0835  2.0 1455  0.9 2104  1.9
 6  Fr        718 0311  0.9 0927  2.0 1545  0.8 2154  2.0
 7  Sa        718 0404  0.8 1020  2.0 1635  0.8 2246  2.0
 8  Su        718 0459  0.8 1113  2.0 1725  0.7 2339  2.1
 9  Mo        718 0555  0.7 1206  2.1 1816  0.6 9999  9.9
10  Tu        718 0033  2.2 0649  0.6 1258  2.2 1908  0.5
11  We        718 0127  2.3 0743  0.5 1350  2.2 2001  0.4
12  Th        718 0221  2.4 0836  0.5 1443  2.3 2055  0.4
13  Fr        718 0315  2.4 0929  0.4 1537  2.3 2150  0.4
14  Sa        718 0409  2.5 1023  0.4 1633  2.3 2245  0.3
15  Su        718 0504  2.5 1118  0.4 1729  2.3 2341  0.4
16  Mo        718 0559  2.4 1214  0.4 1827  2.3 9999  9.9
17  Tu        718 0038  0.4 0656  2.4 1312  0.5 1927  2.3
18  We        718 0136  0.5 0754  2.3 1411  0.6 2026  2.2
19  Th        718 0235  0.6 0855  2.2 1511  0.6 2126  2.2
20  Fr        718 0336  0.6 0955  2.1 1608  0.6 2224  2.1
21  Sa        718 0436  0.7 1053  2.1 1703  0.7 2321  2.1
22  Su        718 0534  0.7 1147  2.0 1754  0.7 9999  9.9
23  Mo        718 0014  2.1 0627  0.8 1236  2.0 1841  0.7
24  Tu        718 0102  2.1 0714  0.8 1320  2.0 1925  0.7
25  We        718 0147  2.1 0757  0.8 1402  2.0 2007  0.7
26  Th        718 0228  2.1 0837  0.8 1441  2.0 2047  0.7
27  Fr        718 0307  2.1 0916  0.7 1520  2.0 2127  0.7
28  Sa        718 0346  2.1 0954  0.7 1559  2.0 2208  0.7
29  Su        718 0424  2.1 1033  0.8 1640  2.0 2248  0.7
30  Mo        718 0502  2.1 1114  0.8 1721  2.0 2330  0.8
31  Tu        718 0542  2.1 1156  0.8 1804  2.0 9999  9.9
 1  We        818 0012  0.8 0624  2.0 1240  0.8 1849  1.9
 2  Th        818 0057  0.8 0709  2.0 1327  0.8 1937  1.9
 3  Fr        818 0145  0.8 0758  2.0 1417  0.8 2028  2.0
 4  Sa        818 0238  0.8 0852  2.0 1510  0.8 2122  2.0
 5  Su        818 0335  0.8 0950  2.0 1604  0.8 2218  2.0
 6  Mo        818 0435  0.8 1048  2.0 1659  0.7 2316  2.1
 7  Tu        818 0534  0.7 1144  2.1 1754  0.6 9999  9.9
 8  We        818 0014  2.2 0631  0.6 1239  2.2 1849  0.5
 9  Th        818 0110  2.3 0725  0.5 1333  2.3 1943  0.4
10  Fr        818 0204  2.4 0818  0.4 1426  2.3 2038  0.4
11  Sa        818 0258  2.5 0910  0.4 1519  2.4 2132  0.3
12  Su        818 0350  2.5 1002  0.4 1613  2.4 2225  0.3
13  Mo        818 0442  2.5 1055  0.4 1707  2.4 2319  0.4
14  Tu        818 0535  2.4 1149  0.4 1803  2.3 9999  9.9
15  We        818 0014  0.4 0630  2.3 1244  0.5 1859  2.3
16  Th        818 0110  0.5 0726  2.2 1342  0.6 1957  2.2
17  Fr        818 0208  0.6 0825  2.1 1440  0.7 2056  2.1
18  Sa        818 0308  0.7 0926  2.1 1538  0.7 2155  2.1
19  Su        818 0409  0.8 1025  2.0 1633  0.7 2253  2.0
20  Mo        818 0507  0.8 1120  2.0 1725  0.8 2346  2.0
21  Tu        818 0600  0.8 1209  2.0 1813  0.8 9999  9.9
22  We        818 0035  2.0 0647  0.8 1254  2.0 1858  0.8
23  Th        818 0119  2.1 0729  0.8 1334  2.0 1939  0.7
24  Fr        818 0200  2.1 0808  0.7 1413  2.0 2020  0.7
25  Sa        818 0238  2.1 0846  0.7 1451  2.0 2059  0.7
26  Su        818 0315  2.1 0923  0.7 1530  2.0 2139  0.7
27  Mo        818 0352  2.1 1001  0.7 1609  2.0 2218  0.7
28  Tu        818 0430  2.1 1040  0.7 1650  2.0 2259  0.7
29  We        818 0510  2.1 1122  0.7 1732  2.0 2342  0.7
30  Th        818 0552  2.0 1206  0.8 1817  2.0 9999  9.9
31  Fr        818 0028  0.8 0638  2.0 1254  0.8 1906  2.0
 1  Sa        918 0118  0.8 0730  2.0 1346  0.8 2000  2.0
 2  Su        918 0214  0.8 0827  2.0 1442  0.8 2057  2.0
 3  Mo        918 0314  0.8 0928  2.0 1541  0.7 2158  2.1
 4  Tu        918 0417  0.7 1029  2.0 1639  0.7 2259  2.2
 5  We        918 0518  0.7 1128  2.1 1737  0.6 2358  2.2
 6  Th        918 0615  0.6 1223  2.2 1833  0.5 9999  9.9
 7  Fr        918 0054  2.3 0708  0.5 1316  2.3 1927  0.4
 8  Sa        918 0147  2.4 0800  0.4 1408  2.4 2021  0.4
 9  Su        918 0239  2.5 0850  0.4 1500  2.4 2113  0.3
10  Mo        918 0329  2.5 0940  0.4 1552  2.4 2205  0.3
11  Tu        918 0419  2.4 1030  0.4 1644  2.4 2256  0.4
12  We        918 0510  2.4 1122  0.5 1737  2.3 2349  0.5
13  Th        918 0602  2.3 1215  0.5 1831  2.2 9999  9.9
14  Fr        918 0042  0.6 0656  2.2 1310  0.6 1927  2.2
15  Sa        918 0139  0.7 0754  2.1 1406  0.7 2024  2.1
16  Su        918 0237  0.8 0854  2.0 1503  0.8 2122  2.0
17  Mo        918 0338  0.8 0953  1.9 1559  0.8 2219  2.0
18  Tu        918 0436  0.8 1048  1.9 1652  0.8 2313  2.0
19  We        918 0528  0.8 1137  1.9 1740  0.8 9999  9.9
20  Th        918 0002  2.0 0615  0.8 1222  2.0 1825  0.8
21  Fr        918 0045  2.0 0656  0.8 1302  2.0 1907  0.8
22  Sa        918 0126  2.1 0735  0.7 1341  2.0 1948  0.7
23  Su        918 0204  2.1 0812  0.7 1419  2.1 2028  0.7
24  Mo        918 0242  2.1 0850  0.7 1458  2.1 2108  0.7
25  Tu        918 0319  2.1 0928  0.7 1538  2.1 2149  0.7
26  We        918 0358  2.1 1008  0.7 1620  2.1 2231  0.7
27  Th        918 0440  2.1 1051  0.7 1704  2.1 2316  0.7
28  Fr        918 0524  2.1 1137  0.7 1752  2.1 9999  9.9
29  Sa        918 0004  0.7 0613  2.0 1228  0.7 1843  2.1
30  Su        918 0058  0.7 0708  2.0 1323  0.7 1939  2.1
 1  Mo       1018 0156  0.7 0809  2.0 1422  0.7 2040  2.1
 2  Tu       1018 0259  0.7 0913  2.0 1523  0.7 2142  2.1
 3  We       1018 0402  0.7 1014  2.1 1623  0.6 2243  2.2
 4  Th       1018 0503  0.6 1113  2.1 1721  0.6 2342  2.3
 5  Fr       1018 0558  0.6 1208  2.2 1817  0.5 9999  9.9
 6  Sa       1018 0037  2.3 0651  0.5 1300  2.3 1911  0.4
 7  Su       1018 0129  2.4 0741  0.4 1351  2.3 2003  0.4
 8  Mo       1018 0219  2.4 0829  0.4 1441  2.4 2054  0.4
 9  Tu       1018 0308  2.4 0917  0.4 1531  2.4 2144  0.4
10  We       1018 0356  2.3 1005  0.5 1621  2.3 2233  0.5
11  Th       1018 0444  2.3 1054  0.5 1712  2.3 2323  0.6
12  Fr       1018 0534  2.2 1145  0.6 1803  2.2 9999  9.9
13  Sa       1018 0015  0.7 0626  2.1 1237  0.7 1856  2.1
14  Su       1018 0108  0.7 0721  2.0 1332  0.8 1950  2.0
15  Mo       1018 0204  0.8 0819  1.9 1426  0.8 2045  2.0
16  Tu       1018 0302  0.9 0917  1.9 1521  0.8 2140  2.0
17  We       1018 0358  0.9 1011  1.9 1613  0.9 2233  2.0
18  Th       1018 0450  0.9 1100  1.9 1702  0.8 2322  2.0
19  Fr       1018 0536  0.8 1144  1.9 1748  0.8 9999  9.9
20  Sa       1018 0006  2.0 0618  0.8 1226  2.0 1831  0.8
21  Su       1018 0048  2.1 0658  0.7 1305  2.0 1913  0.7
22  Mo       1018 0128  2.1 0736  0.7 1345  2.1 1955  0.7
23  Tu       1018 0207  2.1 0815  0.7 1426  2.1 2037  0.7
24  We       1018 0247  2.1 0855  0.6 1508  2.2 2121  0.6
25  Th       1018 0328  2.2 0938  0.6 1553  2.2 2206  0.6
26  Fr       1018 0413  2.1 1024  0.6 1640  2.2 2254  0.6
27  Sa       1018 0501  2.1 1113  0.6 1731  2.2 2345  0.6
28  Su       1018 0554  2.1 1207  0.6 1825  2.2 9999  9.9
29  Mo       1018 0041  0.7 0652  2.1 1305  0.7 1923  2.2
30  Tu       1018 0141  0.7 0754  2.1 1405  0.7 2024  2.2
31  We       1018 0244  0.7 0857  2.1 1506  0.6 2126  2.2
 1  Th       1118 0346  0.6 0959  2.1 1606  0.6 2227  2.2
 2  Fr       1118 0446  0.6 1057  2.2 1705  0.6 2326  2.3
 3  Sa       1118 0541  0.5 1152  2.2 1801  0.5 9999  9.9
 4  Su       1118 0020  2.3 0632  0.5 1244  2.3 1855  0.5
 5  Mo       1118 0111  2.3 0721  0.5 1334  2.3 1947  0.5
 6  Tu       1118 0200  2.3 0808  0.5 1424  2.3 2036  0.5
 7  We       1118 0247  2.3 0855  0.5 1512  2.3 2124  0.5
 8  Th       1118 0333  2.2 0941  0.5 1600  2.3 2211  0.6
 9  Fr       1118 0419  2.2 1028  0.6 1648  2.2 2259  0.6
10  Sa       1118 0506  2.1 1116  0.7 1736  2.1 2347  0.7
11  Su       1118 0555  2.0 1205  0.7 1824  2.1 9999  9.9
12  Mo       1118 0037  0.8 0647  1.9 1256  0.8 1914  2.0
13  Tu       1118 0129  0.8 0741  1.9 1347  0.8 2005  2.0
14  We       1118 0223  0.9 0836  1.9 1439  0.9 2057  2.0
15  Th       1118 0317  0.9 0928  1.9 1529  0.9 2148  2.0
16  Fr       1118 0407  0.9 1017  1.9 1618  0.9 2237  2.0
17  Sa       1118 0454  0.8 1102  1.9 1706  0.8 2324  2.0
18  Su       1118 0537  0.8 1145  2.0 1752  0.8 9999  9.9
19  Mo       1118 0008  2.0 0618  0.7 1228  2.0 1837  0.8
20  Tu       1118 0050  2.1 0659  0.7 1311  2.1 1923  0.7
21  We       1118 0133  2.1 0741  0.6 1355  2.2 2008  0.6
22  Th       1118 0216  2.1 0825  0.6 1441  2.2 2055  0.6
23  Fr       1118 0301  2.2 0911  0.6 1529  2.3 2144  0.6
24  Sa       1118 0350  2.2 1001  0.6 1620  2.3 2234  0.6
25  Su       1118 0441  2.2 1053  0.5 1713  2.3 2328  0.6
26  Mo       1118 0536  2.2 1149  0.6 1808  2.3 9999  9.9
27  Tu       1118 0025  0.6 0636  2.1 1247  0.6 1906  2.3
28  We       1118 0124  0.6 0737  2.1 1347  0.6 2006  2.3
29  Th       1118 0226  0.6 0839  2.1 1448  0.6 2108  2.2
30  Fr       1118 0327  0.6 0940  2.2 1548  0.6 2209  2.2
 1  Sa       1218 0426  0.6 1038  2.2 1648  0.6 2307  2.2
 2  Su       1218 0521  0.6 1134  2.2 1745  0.6 9999  9.9
 3  Mo       1218 0002  2.2 0613  0.6 1227  2.2 1839  0.6
 4  Tu       1218 0054  2.2 0702  0.6 1318  2.2 1931  0.6
 5  We       1218 0142  2.2 0749  0.6 1407  2.2 2019  0.6
 6  Th       1218 0227  2.2 0834  0.6 1454  2.2 2106  0.6
 7  Fr       1218 0312  2.1 0919  0.6 1540  2.2 2150  0.7
 8  Sa       1218 0355  2.1 1004  0.7 1624  2.2 2234  0.7
 9  Su       1218 0440  2.0 1049  0.7 1708  2.1 2319  0.8
10  Mo       1218 0526  2.0 1134  0.8 1753  2.1 9999  9.9
11  Tu       1218 0005  0.8 0613  1.9 1221  0.8 1838  2.0
12  We       1218 0052  0.8 0703  1.9 1308  0.8 1924  2.0
13  Th       1218 0142  0.9 0753  1.9 1356  0.9 2012  2.0
14  Fr       1218 0232  0.9 0842  1.9 1444  0.9 2101  1.9
15  Sa       1218 0321  0.9 0931  1.9 1533  0.9 2151  1.9
16  Su       1218 0409  0.9 1018  1.9 1623  0.9 2240  2.0
17  Mo       1218 0454  0.8 1104  2.0 1713  0.8 2327  2.0
18  Tu       1218 0539  0.8 1151  2.0 1803  0.8 9999  9.9
19  We       1218 0014  2.0 0624  0.7 1238  2.1 1852  0.7
20  Th       1218 0101  2.1 0710  0.6 1327  2.2 1942  0.6
21  Fr       1218 0149  2.2 0758  0.6 1417  2.3 2032  0.6
22  Sa       1218 0238  2.2 0848  0.5 1508  2.3 2123  0.5
23  Su       1218 0329  2.2 0941  0.5 1601  2.4 2215  0.5
24  Mo       1218 0422  2.2 1035  0.5 1655  2.4 2309  0.5
25  Tu       1218 0519  2.2 1131  0.4 1750  2.4 9999  9.9
26  We       1218 0005  0.5 0617  2.2 1228  0.5 1847  2.4
27  Th       1218 0104  0.5 0717  2.2 1327  0.5 1946  2.3
28  Fr       1218 0204  0.5 0818  2.2 1427  0.5 2046  2.3
29  Sa       1218 0305  0.6 0918  2.2 1528  0.6 2148  2.2
30  Su       1218 0404  0.6 1018  2.2 1628  0.6 2248  2.2
31  Mo       1218 0500  0.6 1115  2.2 1728  0.6 2344  2.1
