164Oamaru
Based on data from  7-Jan-2001
Local Std Time, tidal heights in metres.
 1  Su        117 0527  2.0 1137  0.7 1752  2.1 9999  9.9
 2  Mo        117 0006  0.8 0614  2.0 1224  0.7 1838  2.1
 3  Tu        117 0055  0.8 0705  2.0 1313  0.7 1928  2.1
 4  We        117 0147  0.8 0758  2.0 1407  0.7 2022  2.1
 5  Th        117 0241  0.7 0853  2.0 1503  0.7 2120  2.1
 6  Fr        117 0337  0.7 0950  2.1 1602  0.7 2219  2.1
 7  Sa        117 0434  0.6 1048  2.2 1703  0.6 2317  2.2
 8  Su        117 0529  0.6 1146  2.2 1802  0.6 9999  9.9
 9  Mo        117 0014  2.2 0625  0.5 1244  2.3 1900  0.5
10  Tu        117 0109  2.3 0719  0.5 1340  2.4 1955  0.5
11  We        117 0203  2.3 0813  0.4 1435  2.4 2048  0.4
12  Th        117 0256  2.3 0907  0.4 1528  2.4 2140  0.4
13  Fr        117 0349  2.3 1000  0.4 1619  2.4 2231  0.5
14  Sa        117 0442  2.3 1053  0.4 1711  2.4 2323  0.5
15  Su        117 0535  2.2 1145  0.5 1801  2.3 9999  9.9
16  Mo        117 0015  0.6 0628  2.2 1237  0.6 1853  2.2
17  Tu        117 0108  0.6 0722  2.1 1329  0.7 1945  2.1
18  We        117 0201  0.7 0816  2.0 1422  0.8 2039  2.0
19  Th        117 0255  0.8 0909  2.0 1516  0.8 2133  2.0
20  Fr        117 0347  0.8 1002  2.0 1610  0.9 2227  1.9
21  Sa        117 0436  0.8 1053  1.9 1703  0.9 2316  1.9
22  Su        117 0523  0.8 1141  2.0 1753  0.9 9999  9.9
23  Mo        117 0003  1.9 0608  0.8 1228  2.0 1840  0.8
24  Tu        117 0046  1.9 0651  0.8 1312  2.0 1923  0.8
25  We        117 0127  2.0 0733  0.8 1354  2.1 2005  0.8
26  Th        117 0208  2.0 0816  0.7 1435  2.1 2045  0.7
27  Fr        117 0249  2.0 0858  0.7 1516  2.1 2126  0.7
28  Sa        117 0331  2.1 0941  0.7 1557  2.2 2208  0.7
29  Su        117 0414  2.1 1025  0.6 1640  2.2 2252  0.7
30  Mo        117 0459  2.1 1110  0.6 1724  2.2 2338  0.7
31  Tu        117 0547  2.1 1158  0.6 1811  2.2 9999  9.9
 1  We        217 0027  0.7 0639  2.1 1249  0.7 1903  2.1
 2  Th        217 0120  0.7 0733  2.1 1344  0.7 2000  2.1
 3  Fr        217 0217  0.7 0831  2.1 1444  0.7 2100  2.1
 4  Sa        217 0316  0.7 0932  2.1 1547  0.7 2203  2.1
 5  Su        217 0416  0.6 1033  2.2 1650  0.7 2304  2.1
 6  Mo        217 0515  0.6 1134  2.2 1751  0.6 9999  9.9
 7  Tu        217 0003  2.2 0612  0.5 1233  2.3 1848  0.6
 8  We        217 0058  2.2 0707  0.5 1328  2.3 1942  0.5
 9  Th        217 0150  2.3 0800  0.5 1421  2.4 2032  0.5
10  Fr        217 0241  2.3 0851  0.4 1510  2.4 2121  0.5
11  Sa        217 0330  2.3 0941  0.5 1558  2.3 2208  0.5
12  Su        217 0419  2.2 1029  0.5 1645  2.3 2255  0.6
13  Mo        217 0507  2.2 1117  0.6 1731  2.2 2343  0.6
14  Tu        217 0556  2.1 1204  0.6 1818  2.1 9999  9.9
15  We        217 0031  0.7 0645  2.1 1253  0.7 1906  2.0
16  Th        217 0120  0.8 0735  2.0 1342  0.8 1957  2.0
17  Fr        217 0211  0.8 0827  1.9 1435  0.9 2051  1.9
18  Sa        217 0303  0.9 0919  1.9 1530  0.9 2146  1.9
19  Su        217 0355  0.9 1012  1.9 1625  0.9 2239  1.9
20  Mo        217 0445  0.9 1104  1.9 1718  0.9 2328  1.9
21  Tu        217 0532  0.8 1152  2.0 1806  0.9 9999  9.9
22  We        217 0013  1.9 0618  0.8 1238  2.0 1851  0.8
23  Th        217 0056  2.0 0702  0.7 1322  2.1 1933  0.7
24  Fr        217 0137  2.0 0745  0.7 1404  2.1 2014  0.7
25  Sa        217 0219  2.1 0829  0.6 1445  2.2 2055  0.6
26  Su        217 0302  2.1 0913  0.6 1528  2.2 2138  0.6
27  Mo        217 0346  2.2 0958  0.6 1612  2.3 2223  0.6
28  Tu        217 0433  2.2 1046  0.5 1658  2.2 2311  0.6
 1  We        317 0523  2.2 1136  0.6 1748  2.2 9999  9.9
 2  Th        317 0002  0.6 0616  2.2 1229  0.6 1842  2.2
 3  Fr        317 0058  0.6 0713  2.2 1327  0.6 1942  2.1
 4  Sa        317 0158  0.6 0814  2.2 1429  0.7 2046  2.1
 5  Su        317 0300  0.6 0917  2.2 1535  0.7 2151  2.1
 6  Mo        317 0402  0.6 1022  2.2 1640  0.6 2254  2.1
 7  Tu        317 0502  0.6 1124  2.2 1741  0.6 2352  2.2
 8  We        317 0600  0.6 1222  2.3 1836  0.6 9999  9.9
 9  Th        317 0046  2.2 0654  0.5 1315  2.3 1927  0.5
10  Fr        317 0136  2.2 0745  0.5 1405  2.3 2014  0.5
11  Sa        317 0224  2.2 0834  0.5 1451  2.3 2059  0.5
12  Su        317 0310  2.2 0920  0.5 1534  2.3 2142  0.6
13  Mo        317 0354  2.2 1004  0.6 1617  2.2 2225  0.6
14  Tu        317 0439  2.1 1048  0.6 1659  2.1 2308  0.7
15  We        317 0523  2.1 1132  0.7 1742  2.1 2353  0.7
16  Th        317 0608  2.0 1217  0.8 1827  2.0 9999  9.9
17  Fr        317 0040  0.8 0655  2.0 1304  0.8 1916  1.9
18  Sa        317 0129  0.9 0745  1.9 1356  0.9 2009  1.9
19  Su        317 0221  0.9 0837  1.9 1451  0.9 2105  1.8
20  Mo        317 0313  0.9 0930  1.9 1547  0.9 2200  1.8
21  Tu        317 0405  0.9 1023  1.9 1641  0.9 2251  1.9
22  We        317 0455  0.9 1114  2.0 1730  0.9 2337  1.9
23  Th        317 0542  0.8 1201  2.0 1816  0.8 9999  9.9
24  Fr        317 0021  2.0 0628  0.7 1246  2.1 1859  0.7
25  Sa        317 0104  2.1 0714  0.7 1330  2.2 1941  0.6
26  Su        317 0148  2.1 0759  0.6 1414  2.2 2024  0.6
27  Mo        317 0233  2.2 0846  0.5 1459  2.3 2109  0.5
28  Tu        317 0320  2.3 0934  0.5 1545  2.3 2156  0.5
29  We        317 0410  2.3 1023  0.5 1634  2.3 2247  0.5
30  Th        317 0502  2.3 1116  0.5 1727  2.3 2341  0.5
31  Fr        317 0558  2.3 1212  0.5 1824  2.2 9999  9.9
 1  Sa        417 0039  0.6 0657  2.3 1312  0.6 1927  2.2
 2  Su        417 0140  0.6 0759  2.2 1416  0.6 2032  2.1
 3  Mo        417 0244  0.6 0903  2.2 1522  0.6 2138  2.1
 4  Tu        417 0347  0.6 1008  2.2 1627  0.6 2240  2.1
 5  We        417 0448  0.6 1110  2.2 1726  0.6 2338  2.2
 6  Th        417 0545  0.6 1207  2.2 1820  0.6 9999  9.9
 7  Fr        417 0030  2.2 0639  0.6 1258  2.2 1909  0.6
 8  Sa        417 0119  2.2 0728  0.6 1345  2.2 1953  0.6
 9  Su        417 0204  2.2 0814  0.6 1428  2.2 2035  0.6
10  Mo        417 0247  2.2 0857  0.6 1508  2.2 2115  0.6
11  Tu        417 0329  2.1 0939  0.7 1548  2.1 2155  0.7
12  We        417 0410  2.1 1020  0.7 1627  2.1 2235  0.7
13  Th        417 0452  2.1 1101  0.8 1708  2.0 2318  0.8
14  Fr        417 0535  2.0 1144  0.8 1751  1.9 9999  9.9
15  Sa        417 0003  0.8 0620  2.0 1230  0.9 1839  1.9
16  Su        417 0051  0.9 0707  1.9 1320  0.9 1931  1.8
17  Mo        417 0141  0.9 0757  1.9 1414  0.9 2026  1.8
18  Tu        417 0233  0.9 0849  1.9 1509  0.9 2120  1.8
19  We        417 0325  0.9 0942  1.9 1602  0.9 2212  1.9
20  Th        417 0415  0.9 1034  2.0 1652  0.8 2300  1.9
21  Fr        417 0505  0.8 1123  2.0 1739  0.8 2346  2.0
22  Sa        417 0553  0.7 1211  2.1 1824  0.7 9999  9.9
23  Su        417 0031  2.1 0642  0.6 1257  2.2 1908  0.6
24  Mo        417 0118  2.2 0731  0.6 1344  2.3 1954  0.5
25  Tu        417 0206  2.3 0820  0.5 1432  2.3 2042  0.5
26  We        417 0256  2.3 0911  0.4 1521  2.3 2132  0.4
27  Th        417 0349  2.4 1004  0.4 1613  2.3 2225  0.4
28  Fr        417 0444  2.4 1058  0.4 1709  2.3 2322  0.5
29  Sa        417 0541  2.4 1156  0.5 1808  2.2 9999  9.9
30  Su        417 0021  0.5 0640  2.3 1257  0.5 1911  2.2
 1  Mo        517 0123  0.5 0743  2.3 1401  0.6 2016  2.2
 2  Tu        517 0226  0.6 0846  2.3 1505  0.6 2120  2.1
 3  We        517 0328  0.6 0949  2.2 1608  0.6 2221  2.1
 4  Th        517 0428  0.6 1050  2.2 1706  0.6 2318  2.1
 5  Fr        517 0525  0.6 1145  2.2 1758  0.6 9999  9.9
 6  Sa        517 0010  2.1 0618  0.6 1236  2.2 1845  0.6
 7  Su        517 0057  2.1 0707  0.7 1321  2.1 1928  0.6
 8  Mo        517 0142  2.1 0751  0.7 1402  2.1 2008  0.7
 9  Tu        517 0223  2.1 0833  0.7 1441  2.1 2047  0.7
10  We        517 0303  2.1 0913  0.7 1519  2.0 2125  0.7
11  Th        517 0343  2.1 0953  0.8 1558  2.0 2205  0.7
12  Fr        517 0424  2.1 1034  0.8 1638  2.0 2247  0.8
13  Sa        517 0506  2.0 1116  0.8 1721  1.9 2331  0.8
14  Su        517 0549  2.0 1201  0.9 1807  1.9 9999  9.9
15  Mo        517 0017  0.9 0634  2.0 1249  0.9 1857  1.9
16  Tu        517 0106  0.9 0721  2.0 1339  0.9 1949  1.8
17  We        517 0155  0.9 0811  1.9 1431  0.9 2041  1.9
18  Th        517 0246  0.9 0902  2.0 1523  0.9 2132  1.9
19  Fr        517 0337  0.8 0954  2.0 1614  0.8 2222  2.0
20  Sa        517 0429  0.8 1046  2.0 1703  0.7 2311  2.0
21  Su        517 0521  0.7 1137  2.1 1751  0.6 9999  9.9
22  Mo        517 0001  2.1 0613  0.6 1227  2.2 1839  0.6
23  Tu        517 0051  2.2 0706  0.5 1318  2.3 1928  0.5
24  We        517 0143  2.3 0759  0.5 1409  2.3 2019  0.4
25  Th        517 0237  2.4 0852  0.4 1501  2.3 2112  0.4
26  Fr        517 0331  2.4 0946  0.4 1555  2.3 2207  0.4
27  Sa        517 0427  2.5 1042  0.4 1651  2.3 2304  0.4
28  Su        517 0524  2.4 1139  0.4 1751  2.3 9999  9.9
29  Mo        517 0003  0.4 0622  2.4 1239  0.5 1852  2.2
30  Tu        517 0103  0.5 0722  2.3 1340  0.5 1954  2.2
31  We        517 0203  0.5 0823  2.3 1442  0.6 2056  2.2
 1  Th        617 0304  0.6 0924  2.2 1542  0.6 2156  2.1
 2  Fr        617 0403  0.6 1023  2.2 1639  0.6 2252  2.1
 3  Sa        617 0459  0.7 1118  2.1 1730  0.7 2344  2.1
 4  Su        617 0552  0.7 1208  2.1 1817  0.7 9999  9.9
 5  Mo        617 0032  2.1 0641  0.7 1254  2.1 1900  0.7
 6  Tu        617 0116  2.1 0726  0.8 1335  2.0 1940  0.7
 7  We        617 0158  2.1 0808  0.8 1414  2.0 2019  0.7
 8  Th        617 0238  2.1 0848  0.8 1452  2.0 2058  0.7
 9  Fr        617 0318  2.1 0928  0.8 1531  2.0 2138  0.7
10  Sa        617 0358  2.1 1008  0.8 1611  2.0 2220  0.8
11  Su        617 0439  2.1 1050  0.8 1654  1.9 2303  0.8
12  Mo        617 0521  2.0 1133  0.8 1738  1.9 2348  0.8
13  Tu        617 0604  2.0 1218  0.8 1825  1.9 9999  9.9
14  We        617 0034  0.8 0648  2.0 1306  0.8 1914  1.9
15  Th        617 0121  0.8 0736  2.0 1355  0.8 2004  1.9
16  Fr        617 0211  0.8 0826  2.0 1447  0.8 2056  1.9
17  Sa        617 0303  0.8 0919  2.0 1538  0.8 2148  2.0
18  Su        617 0357  0.8 1014  2.1 1630  0.7 2241  2.1
19  Mo        617 0453  0.7 1109  2.1 1722  0.6 2335  2.2
20  Tu        617 0550  0.6 1203  2.2 1814  0.5 9999  9.9
21  We        617 0030  2.3 0646  0.5 1256  2.3 1907  0.5
22  Th        617 0125  2.3 0741  0.5 1350  2.3 2000  0.4
23  Fr        617 0220  2.4 0835  0.4 1444  2.3 2055  0.4
24  Sa        617 0316  2.5 0930  0.4 1538  2.4 2150  0.4
25  Su        617 0411  2.5 1024  0.4 1634  2.3 2246  0.4
26  Mo        617 0506  2.5 1120  0.4 1731  2.3 2343  0.4
27  Tu        617 0601  2.4 1216  0.5 1829  2.3 9999  9.9
28  We        617 0040  0.5 0658  2.3 1314  0.5 1928  2.2
29  Th        617 0137  0.5 0755  2.3 1412  0.6 2027  2.1
30  Fr        617 0234  0.6 0853  2.2 1510  0.7 2124  2.1
 1  Sa        717 0332  0.7 0951  2.1 1605  0.7 2220  2.1
 2  Su        717 0428  0.7 1046  2.0 1657  0.7 2312  2.0
 3  Mo        717 0522  0.8 1137  2.0 1745  0.7 9999  9.9
 4  Tu        717 0002  2.0 0612  0.8 1223  2.0 1829  0.8
 5  We        717 0048  2.0 0658  0.8 1306  2.0 1911  0.8
 6  Th        717 0131  2.0 0741  0.8 1346  2.0 1951  0.7
 7  Fr        717 0212  2.1 0822  0.8 1425  2.0 2032  0.7
 8  Sa        717 0252  2.1 0902  0.8 1505  2.0 2112  0.7
 9  Su        717 0332  2.1 0942  0.7 1545  2.0 2154  0.7
10  Mo        717 0412  2.1 1022  0.7 1627  2.0 2236  0.7
11  Tu        717 0452  2.1 1104  0.8 1710  2.0 2319  0.7
12  We        717 0534  2.1 1148  0.8 1755  2.0 9999  9.9
13  Th        717 0004  0.7 0618  2.1 1233  0.8 1842  2.0
14  Fr        717 0051  0.8 0704  2.1 1322  0.8 1932  2.0
15  Sa        717 0141  0.8 0755  2.0 1414  0.8 2025  2.0
16  Su        717 0235  0.8 0850  2.0 1508  0.7 2120  2.0
17  Mo        717 0332  0.7 0948  2.1 1604  0.7 2218  2.1
18  Tu        717 0432  0.7 1047  2.1 1700  0.6 2316  2.2
19  We        717 0532  0.6 1145  2.2 1755  0.5 9999  9.9
20  Th        717 0014  2.3 0630  0.6 1240  2.2 1851  0.5
21  Fr        717 0111  2.3 0726  0.5 1335  2.3 1945  0.4
22  Sa        717 0206  2.4 0820  0.4 1428  2.3 2040  0.4
23  Su        717 0300  2.5 0913  0.4 1522  2.4 2133  0.4
24  Mo        717 0353  2.5 1005  0.4 1615  2.3 2227  0.4
25  Tu        717 0445  2.4 1057  0.4 1709  2.3 2320  0.4
26  We        717 0537  2.4 1150  0.5 1803  2.3 9999  9.9
27  Th        717 0013  0.5 0629  2.3 1244  0.6 1858  2.2
28  Fr        717 0106  0.6 0723  2.2 1338  0.6 1953  2.1
29  Sa        717 0201  0.7 0818  2.1 1433  0.7 2048  2.1
30  Su        717 0256  0.8 0914  2.0 1528  0.8 2143  2.0
31  Mo        717 0353  0.8 1010  2.0 1620  0.8 2237  2.0
 1  Tu        817 0448  0.8 1102  1.9 1709  0.8 2328  2.0
 2  We        817 0540  0.9 1151  1.9 1756  0.8 9999  9.9
 3  Th        817 0016  2.0 0628  0.8 1235  2.0 1840  0.8
 4  Fr        817 0101  2.0 0712  0.8 1317  2.0 1922  0.8
 5  Sa        817 0143  2.1 0753  0.8 1357  2.0 2004  0.7
 6  Su        817 0223  2.1 0833  0.7 1437  2.0 2045  0.7
 7  Mo        817 0303  2.1 0912  0.7 1517  2.0 2126  0.7
 8  Tu        817 0343  2.2 0953  0.7 1558  2.1 2209  0.7
 9  We        817 0423  2.2 1034  0.7 1641  2.1 2252  0.7
10  Th        817 0505  2.2 1117  0.7 1726  2.1 2337  0.7
11  Fr        817 0549  2.1 1203  0.7 1814  2.1 9999  9.9
12  Sa        817 0025  0.7 0637  2.1 1253  0.7 1905  2.1
13  Su        817 0117  0.7 0730  2.1 1347  0.7 2001  2.1
14  Mo        817 0213  0.7 0828  2.1 1445  0.7 2059  2.1
15  Tu        817 0314  0.7 0930  2.1 1544  0.7 2200  2.1
16  We        817 0417  0.7 1032  2.1 1643  0.6 2302  2.2
17  Th        817 0519  0.6 1131  2.2 1741  0.6 9999  9.9
18  Fr        817 0002  2.3 0618  0.6 1228  2.2 1837  0.5
19  Sa        817 0059  2.3 0713  0.5 1322  2.3 1932  0.4
20  Su        817 0153  2.4 0805  0.4 1414  2.3 2024  0.4
21  Mo        817 0244  2.4 0855  0.4 1504  2.3 2116  0.4
22  Tu        817 0333  2.4 0944  0.4 1554  2.3 2206  0.4
23  We        817 0422  2.4 1032  0.5 1644  2.3 2255  0.5
24  Th        817 0510  2.3 1121  0.5 1735  2.2 2345  0.5
25  Fr        817 0558  2.2 1210  0.6 1825  2.2 9999  9.9
26  Sa        817 0034  0.6 0648  2.1 1301  0.7 1917  2.1
27  Su        817 0125  0.7 0740  2.0 1354  0.8 2009  2.0
28  Mo        817 0219  0.8 0835  2.0 1447  0.8 2103  2.0
29  Tu        817 0315  0.9 0931  1.9 1540  0.8 2158  1.9
30  We        817 0411  0.9 1025  1.9 1631  0.9 2250  1.9
31  Th        817 0505  0.9 1116  1.9 1720  0.8 2340  2.0
 1  Fr        917 0554  0.8 1202  1.9 1806  0.8 9999  9.9
 2  Sa        917 0027  2.0 0639  0.8 1245  2.0 1850  0.8
 3  Su        917 0110  2.1 0721  0.7 1326  2.0 1933  0.7
 4  Mo        917 0151  2.1 0801  0.7 1406  2.1 2015  0.7
 5  Tu        917 0231  2.2 0840  0.6 1447  2.1 2057  0.6
 6  We        917 0311  2.2 0921  0.6 1529  2.1 2140  0.6
 7  Th        917 0353  2.2 1003  0.6 1613  2.2 2225  0.6
 8  Fr        917 0436  2.2 1048  0.6 1700  2.2 2312  0.6
 9  Sa        917 0523  2.2 1136  0.6 1750  2.2 9999  9.9
10  Su        917 0003  0.6 0614  2.2 1229  0.6 1844  2.2
11  Mo        917 0057  0.6 0710  2.1 1326  0.6 1942  2.2
12  Tu        917 0157  0.7 0812  2.1 1426  0.7 2043  2.2
13  We        917 0301  0.7 0916  2.1 1528  0.6 2147  2.2
14  Th        917 0406  0.7 1020  2.1 1629  0.6 2250  2.2
15  Fr        917 0508  0.6 1120  2.2 1728  0.6 2350  2.3
16  Sa        917 0606  0.6 1216  2.2 1824  0.5 9999  9.9
17  Su        917 0045  2.3 0659  0.5 1308  2.3 1918  0.5
18  Mo        917 0137  2.3 0748  0.5 1358  2.3 2008  0.5
19  Tu        917 0225  2.4 0835  0.5 1446  2.3 2057  0.5
20  We        917 0312  2.3 0920  0.5 1533  2.3 2144  0.5
21  Th        917 0356  2.3 1005  0.5 1619  2.2 2230  0.5
22  Fr        917 0441  2.2 1050  0.6 1705  2.2 2315  0.6
23  Sa        917 0525  2.1 1136  0.7 1752  2.1 9999  9.9
24  Su        917 0002  0.7 0612  2.0 1224  0.7 1841  2.1
25  Mo        917 0050  0.8 0702  2.0 1314  0.8 1931  2.0
26  Tu        917 0142  0.8 0755  1.9 1406  0.9 2023  2.0
27  We        917 0237  0.9 0851  1.9 1459  0.9 2116  1.9
28  Th        917 0333  0.9 0947  1.9 1551  0.9 2210  1.9
29  Fr        917 0427  0.9 1038  1.9 1641  0.9 2301  2.0
30  Sa        917 0517  0.8 1125  1.9 1729  0.8 2348  2.0
 1  Su       1017 0602  0.8 1209  2.0 1814  0.8 9999  9.9
 2  Mo       1017 0033  2.1 0645  0.7 1251  2.0 1859  0.7
 3  Tu       1017 0115  2.1 0726  0.7 1333  2.1 1943  0.6
 4  We       1017 0157  2.2 0807  0.6 1416  2.2 2027  0.6
 5  Th       1017 0240  2.2 0849  0.6 1500  2.2 2113  0.5
 6  Fr       1017 0324  2.3 0934  0.5 1547  2.3 2201  0.5
 7  Sa       1017 0410  2.3 1022  0.5 1637  2.3 2251  0.5
 8  Su       1017 0500  2.2 1113  0.5 1730  2.3 2344  0.5
 9  Mo       1017 0555  2.2 1209  0.6 1826  2.3 9999  9.9
10  Tu       1017 0041  0.6 0654  2.2 1308  0.6 1926  2.2
11  We       1017 0143  0.6 0758  2.1 1410  0.6 2029  2.2
12  Th       1017 0248  0.6 0903  2.1 1513  0.6 2133  2.2
13  Fr       1017 0353  0.6 1006  2.1 1614  0.6 2236  2.2
14  Sa       1017 0454  0.6 1106  2.2 1713  0.6 2335  2.3
15  Su       1017 0550  0.6 1201  2.2 1809  0.5 9999  9.9
16  Mo       1017 0029  2.3 0641  0.5 1252  2.2 1901  0.5
17  Tu       1017 0119  2.3 0728  0.5 1340  2.2 1950  0.5
18  We       1017 0205  2.3 0813  0.5 1426  2.2 2036  0.6
19  Th       1017 0248  2.2 0855  0.6 1510  2.2 2121  0.6
20  Fr       1017 0330  2.2 0937  0.6 1554  2.2 2204  0.6
21  Sa       1017 0412  2.1 1020  0.7 1637  2.1 2247  0.7
22  Su       1017 0454  2.1 1103  0.7 1721  2.1 2331  0.8
23  Mo       1017 0538  2.0 1149  0.8 1807  2.0 9999  9.9
24  Tu       1017 0017  0.8 0626  1.9 1237  0.8 1854  2.0
25  We       1017 0107  0.9 0718  1.9 1327  0.9 1944  2.0
26  Th       1017 0159  0.9 0812  1.8 1418  0.9 2035  1.9
27  Fr       1017 0254  0.9 0906  1.8 1510  0.9 2127  1.9
28  Sa       1017 0347  0.9 0957  1.9 1600  0.9 2218  2.0
29  Su       1017 0437  0.8 1045  1.9 1649  0.8 2307  2.0
30  Mo       1017 0523  0.8 1130  2.0 1737  0.8 2354  2.1
31  Tu       1017 0607  0.7 1215  2.1 1824  0.7 9999  9.9
 1  We       1117 0039  2.1 0650  0.6 1259  2.1 1911  0.6
 2  Th       1117 0124  2.2 0734  0.6 1346  2.2 1959  0.5
 3  Fr       1117 0210  2.3 0820  0.5 1434  2.3 2048  0.5
 4  Sa       1117 0258  2.3 0908  0.5 1524  2.3 2139  0.5
 5  Su       1117 0347  2.3 0959  0.5 1617  2.4 2232  0.5
 6  Mo       1117 0441  2.3 1053  0.5 1712  2.4 2327  0.5
 7  Tu       1117 0537  2.2 1151  0.5 1810  2.4 9999  9.9
 8  We       1117 0026  0.5 0638  2.2 1251  0.5 1910  2.3
 9  Th       1117 0128  0.5 0742  2.2 1353  0.5 2012  2.3
10  Fr       1117 0231  0.6 0846  2.2 1455  0.6 2115  2.3
11  Sa       1117 0335  0.6 0948  2.2 1556  0.6 2217  2.2
12  Su       1117 0434  0.6 1047  2.2 1655  0.6 2315  2.2
13  Mo       1117 0529  0.6 1142  2.2 1750  0.6 9999  9.9
14  Tu       1117 0009  2.2 0620  0.6 1232  2.2 1842  0.6
15  We       1117 0058  2.2 0706  0.6 1320  2.2 1930  0.6
16  Th       1117 0142  2.2 0749  0.6 1405  2.2 2015  0.7
17  Fr       1117 0224  2.1 0830  0.6 1447  2.1 2058  0.7
18  Sa       1117 0304  2.1 0911  0.7 1529  2.1 2139  0.7
19  Su       1117 0344  2.0 0951  0.7 1611  2.1 2220  0.7
20  Mo       1117 0425  2.0 1034  0.7 1653  2.1 2303  0.8
21  Tu       1117 0508  2.0 1117  0.8 1736  2.0 2347  0.8
22  We       1117 0554  1.9 1203  0.8 1820  2.0 9999  9.9
23  Th       1117 0034  0.9 0642  1.9 1250  0.9 1907  2.0
24  Fr       1117 0123  0.9 0733  1.9 1339  0.9 1955  2.0
25  Sa       1117 0214  0.9 0824  1.9 1428  0.9 2045  2.0
26  Su       1117 0305  0.9 0915  1.9 1518  0.9 2135  2.0
27  Mo       1117 0355  0.8 1003  1.9 1609  0.8 2226  2.0
28  Tu       1117 0443  0.8 1051  2.0 1700  0.8 2316  2.1
29  We       1117 0530  0.7 1139  2.1 1751  0.7 9999  9.9
30  Th       1117 0005  2.1 0617  0.6 1229  2.2 1842  0.6
 1  Fr       1217 0054  2.2 0705  0.5 1319  2.3 1934  0.5
 2  Sa       1217 0144  2.3 0754  0.5 1411  2.3 2027  0.5
 3  Su       1217 0235  2.3 0846  0.4 1505  2.4 2120  0.4
 4  Mo       1217 0328  2.3 0939  0.4 1559  2.4 2214  0.4
 5  Tu       1217 0423  2.3 1035  0.4 1655  2.4 2310  0.4
 6  We       1217 0520  2.3 1133  0.4 1752  2.4 9999  9.9
 7  Th       1217 0008  0.5 0620  2.3 1232  0.4 1851  2.4
 8  Fr       1217 0108  0.5 0722  2.2 1332  0.5 1951  2.3
 9  Sa       1217 0210  0.5 0824  2.2 1432  0.5 2052  2.3
10  Su       1217 0311  0.6 0925  2.2 1533  0.6 2153  2.2
11  Mo       1217 0410  0.6 1023  2.1 1631  0.6 2251  2.2
12  Tu       1217 0504  0.6 1118  2.1 1728  0.7 2345  2.1
13  We       1217 0555  0.6 1210  2.1 1820  0.7 9999  9.9
14  Th       1217 0034  2.1 0641  0.7 1258  2.1 1909  0.7
15  Fr       1217 0118  2.1 0724  0.7 1343  2.1 1953  0.7
16  Sa       1217 0200  2.0 0805  0.7 1425  2.1 2035  0.8
17  Su       1217 0239  2.0 0845  0.7 1506  2.1 2115  0.8
18  Mo       1217 0318  2.0 0925  0.7 1546  2.1 2155  0.8
19  Tu       1217 0358  2.0 1006  0.8 1626  2.1 2236  0.8
20  We       1217 0440  1.9 1049  0.8 1707  2.1 2318  0.8
21  Th       1217 0523  1.9 1132  0.8 1748  2.0 9999  9.9
22  Fr       1217 0002  0.8 0609  1.9 1217  0.8 1831  2.0
23  Sa       1217 0047  0.8 0656  1.9 1302  0.8 1916  2.0
24  Su       1217 0135  0.9 0744  1.9 1350  0.8 2004  2.0
25  Mo       1217 0225  0.9 0834  1.9 1439  0.8 2055  2.0
26  Tu       1217 0315  0.8 0924  1.9 1532  0.8 2148  2.0
27  We       1217 0406  0.8 1016  2.0 1627  0.8 2242  2.0
28  Th       1217 0457  0.7 1109  2.1 1723  0.7 2336  2.1
29  Fr       1217 0548  0.6 1203  2.2 1819  0.6 9999  9.9
30  Sa       1217 0029  2.2 0640  0.5 1258  2.3 1914  0.5
31  Su       1217 0123  2.2 0733  0.5 1353  2.4 2008  0.5
