180Raglan
Based on data from  1-Jul-2013
Local Std Time, tidal heights in metres.
 1  Tu        119 0620  2.8 1218  0.9 1845  2.9 9999  9.9
 2  We        119 0047  0.7 0719  2.9 1319  0.8 1940  2.9
 3  Th        119 0143  0.7 0812  3.0 1413  0.7 2031  3.0
 4  Fr        119 0234  0.6 0900  3.1 1501  0.6 2118  3.0
 5  Sa        119 0319  0.5 0944  3.1 1544  0.6 2202  3.0
 6  Su        119 0400  0.5 1025  3.2 1625  0.5 2242  3.0
 7  Mo        119 0439  0.5 1103  3.2 1703  0.5 2321  3.0
 8  Tu        119 0516  0.5 1139  3.2 1740  0.6 2357  3.0
 9  We        119 0552  0.5 1213  3.1 1816  0.6 9999  9.9
10  Th        119 0031  3.0 0627  0.6 1247  3.1 1852  0.6
11  Fr        119 0106  2.9 0704  0.6 1321  3.0 1930  0.7
12  Sa        119 0142  2.8 0742  0.7 1359  2.9 2011  0.8
13  Su        119 0221  2.7 0825  0.8 1441  2.8 2055  0.9
14  Mo        119 0307  2.7 0913  0.9 1529  2.8 2146  0.9
15  Tu        119 0401  2.6 1009  1.0 1627  2.7 2244  0.9
16  We        119 0510  2.6 1116  1.0 1735  2.7 2349  0.9
17  Th        119 0625  2.7 1226  0.9 1847  2.8 9999  9.9
18  Fr        119 0056  0.8 0732  2.9 1332  0.8 1952  2.9
19  Sa        119 0157  0.6 0831  3.1 1430  0.6 2051  3.1
20  Su        119 0253  0.4 0924  3.3 1523  0.3 2145  3.3
21  Mo        119 0345  0.2 1014  3.5 1614  0.2 2237  3.4
22  Tu        119 0435  0.1 1103  3.6 1703  0.1 2327  3.4
23  We        119 0523  0.0 1151  3.6 1752  0.1 9999  9.9
24  Th        119 0015  3.4 0610  0.0 1239  3.6 1840  0.1
25  Fr        119 0104  3.4 0657  0.2 1327  3.4 1928  0.2
26  Sa        119 0153  3.2 0746  0.3 1417  3.3 2017  0.4
27  Su        119 0244  3.1 0836  0.5 1509  3.1 2109  0.6
28  Mo        119 0339  2.9 0932  0.8 1606  2.9 2205  0.7
29  Tu        119 0440  2.8 1036  0.9 1708  2.8 2308  0.9
30  We        119 0545  2.7 1146  1.0 1812  2.7 9999  9.9
31  Th        119 0016  0.9 0649  2.8 1254  1.0 1913  2.7
 1  Fr        219 0119  0.9 0746  2.8 1352  0.9 2008  2.8
 2  Sa        219 0213  0.8 0838  2.9 1442  0.8 2058  2.9
 3  Su        219 0301  0.7 0923  3.0 1526  0.7 2143  2.9
 4  Mo        219 0342  0.6 1004  3.1 1606  0.6 2223  3.0
 5  Tu        219 0420  0.5 1042  3.2 1642  0.5 2301  3.1
 6  We        219 0455  0.5 1117  3.2 1717  0.5 2336  3.1
 7  Th        219 0529  0.4 1150  3.2 1751  0.5 9999  9.9
 8  Fr        219 0009  3.1 0603  0.5 1222  3.2 1826  0.5
 9  Sa        219 0041  3.0 0638  0.5 1255  3.1 1902  0.6
10  Su        219 0114  3.0 0715  0.6 1330  3.0 1940  0.6
11  Mo        219 0150  2.9 0755  0.7 1408  2.9 2021  0.7
12  Tu        219 0232  2.8 0840  0.8 1453  2.8 2109  0.8
13  We        219 0322  2.7 0934  0.9 1547  2.8 2205  0.9
14  Th        219 0426  2.7 1039  1.0 1655  2.7 2312  0.9
15  Fr        219 0546  2.7 1154  1.0 1814  2.7 9999  9.9
16  Sa        219 0026  0.8 0703  2.8 1307  0.8 1929  2.9
17  Su        219 0135  0.6 0808  3.1 1410  0.6 2033  3.1
18  Mo        219 0235  0.4 0905  3.3 1506  0.3 2129  3.3
19  Tu        219 0328  0.2 0957  3.5 1557  0.1 2221  3.4
20  We        219 0418  0.0 1046  3.6 1646  0.0 2310  3.5
21  Th        219 0505  0.0 1133  3.7 1733  0.0 2357  3.5
22  Fr        219 0551  0.0 1219  3.6 1818  0.0 9999  9.9
23  Sa        219 0043  3.4 0637  0.1 1305  3.5 1903  0.2
24  Su        219 0129  3.3 0722  0.3 1351  3.3 1949  0.4
25  Mo        219 0215  3.1 0809  0.5 1439  3.1 2036  0.6
26  Tu        219 0305  2.9 0901  0.8 1531  2.9 2128  0.8
27  We        219 0402  2.8 1000  1.0 1631  2.7 2228  1.0
28  Th        219 0507  2.7 1111  1.1 1737  2.6 2340  1.1
 1  Fr        319 0615  2.6 1226  1.1 1843  2.6 9999  9.9
 2  Sa        319 0052  1.0 0718  2.7 1330  1.0 1943  2.7
 3  Su        319 0152  0.9 0812  2.8 1420  0.9 2035  2.8
 4  Mo        319 0240  0.8 0858  3.0 1504  0.7 2120  2.9
 5  Tu        319 0321  0.6 0940  3.1 1542  0.6 2201  3.0
 6  We        319 0357  0.5 1017  3.2 1617  0.5 2238  3.1
 7  Th        319 0431  0.5 1052  3.2 1650  0.4 2312  3.1
 8  Fr        319 0504  0.4 1124  3.2 1724  0.4 2344  3.2
 9  Sa        319 0538  0.4 1157  3.2 1758  0.4 9999  9.9
10  Su        319 0017  3.1 0613  0.4 1229  3.2 1834  0.4
11  Mo        319 0050  3.1 0651  0.5 1305  3.1 1913  0.5
12  Tu        319 0126  3.0 0731  0.6 1343  3.0 1954  0.6
13  We        319 0207  2.9 0816  0.7 1428  2.9 2041  0.7
14  Th        319 0257  2.8 0910  0.9 1523  2.8 2137  0.8
15  Fr        319 0401  2.7 1016  1.0 1632  2.7 2245  0.9
16  Sa        319 0521  2.7 1132  0.9 1754  2.7 9999  9.9
17  Su        319 0002  0.9 0640  2.8 1247  0.8 1910  2.9
18  Mo        319 0115  0.7 0747  3.1 1351  0.6 2015  3.1
19  Tu        319 0216  0.4 0845  3.3 1447  0.3 2112  3.3
20  We        319 0310  0.2 0937  3.5 1537  0.1 2203  3.4
21  Th        319 0359  0.0 1025  3.6 1625  0.0 2250  3.5
22  Fr        319 0445  0.0 1112  3.6 1710  0.0 2336  3.5
23  Sa        319 0530  0.0 1156  3.5 1754  0.0 9999  9.9
24  Su        319 0020  3.5 0614  0.1 1240  3.4 1837  0.2
25  Mo        319 0103  3.3 0658  0.3 1324  3.2 1920  0.4
26  Tu        319 0146  3.1 0742  0.6 1408  3.0 2004  0.6
27  We        319 0232  2.9 0830  0.8 1457  2.8 2052  0.8
28  Th        319 0324  2.8 0925  1.0 1553  2.6 2148  1.0
29  Fr        319 0426  2.6 1034  1.1 1659  2.5 2259  1.1
30  Sa        319 0536  2.6 1152  1.1 1809  2.5 9999  9.9
31  Su        319 0018  1.1 0643  2.6 1259  1.1 1912  2.6
 1  Mo        419 0122  1.0 0739  2.8 1351  0.9 2006  2.7
 2  Tu        419 0211  0.9 0827  2.9 1433  0.8 2052  2.9
 3  We        419 0252  0.7 0909  3.0 1511  0.6 2132  3.0
 4  Th        419 0328  0.6 0947  3.1 1546  0.5 2209  3.1
 5  Fr        419 0402  0.5 1022  3.2 1620  0.4 2244  3.2
 6  Sa        419 0437  0.4 1056  3.2 1655  0.4 2318  3.2
 7  Su        419 0512  0.4 1131  3.2 1732  0.3 2353  3.2
 8  Mo        419 0550  0.4 1207  3.2 1810  0.4 9999  9.9
 9  Tu        419 0029  3.2 0630  0.4 1245  3.1 1850  0.4
10  We        419 0108  3.1 0712  0.5 1327  3.0 1933  0.6
11  Th        419 0152  3.0 0800  0.7 1415  2.9 2022  0.7
12  Fr        419 0244  2.9 0856  0.8 1511  2.8 2119  0.8
13  Sa        419 0348  2.8 1001  0.9 1621  2.7 2227  0.9
14  Su        419 0504  2.8 1114  0.9 1739  2.7 2343  0.8
15  Mo        419 0620  2.9 1227  0.7 1853  2.9 9999  9.9
16  Tu        419 0055  0.7 0726  3.1 1330  0.5 1956  3.1
17  We        419 0156  0.5 0823  3.3 1425  0.3 2051  3.3
18  Th        419 0249  0.3 0914  3.4 1515  0.1 2142  3.4
19  Fr        419 0338  0.1 1002  3.5 1601  0.1 2228  3.5
20  Sa        419 0423  0.1 1048  3.5 1646  0.1 2312  3.5
21  Su        419 0508  0.1 1132  3.4 1729  0.1 2355  3.4
22  Mo        419 0551  0.2 1215  3.3 1811  0.3 9999  9.9
23  Tu        419 0036  3.3 0633  0.4 1257  3.1 1852  0.5
24  We        419 0118  3.1 0717  0.6 1339  2.9 1934  0.7
25  Th        419 0201  3.0 0802  0.8 1425  2.8 2019  0.9
26  Fr        419 0248  2.8 0853  1.0 1516  2.6 2110  1.0
27  Sa        419 0344  2.7 0954  1.1 1618  2.5 2213  1.1
28  Su        419 0451  2.6 1105  1.1 1728  2.5 2329  1.2
29  Mo        419 0559  2.6 1214  1.1 1833  2.6 9999  9.9
30  Tu        419 0039  1.1 0657  2.7 1308  1.0 1928  2.7
 1  We        519 0131  1.0 0748  2.8 1353  0.8 2016  2.8
 2  Th        519 0214  0.8 0831  2.9 1433  0.7 2059  3.0
 3  Fr        519 0253  0.7 0911  3.0 1511  0.5 2138  3.1
 4  Sa        519 0331  0.5 0950  3.1 1548  0.4 2215  3.2
 5  Su        519 0409  0.4 1028  3.2 1627  0.3 2253  3.2
 6  Mo        519 0448  0.4 1107  3.2 1707  0.3 2331  3.3
 7  Tu        519 0529  0.4 1147  3.2 1748  0.3 9999  9.9
 8  We        519 0012  3.2 0612  0.4 1230  3.1 1832  0.4
 9  Th        519 0055  3.2 0659  0.5 1316  3.0 1918  0.5
10  Fr        519 0142  3.1 0749  0.6 1407  2.9 2009  0.6
11  Sa        519 0236  3.0 0845  0.7 1506  2.8 2106  0.7
12  Su        519 0339  2.9 0948  0.8 1612  2.8 2212  0.8
13  Mo        519 0449  2.9 1056  0.8 1725  2.8 2323  0.8
14  Tu        519 0559  3.0 1204  0.7 1834  2.9 9999  9.9
15  We        519 0033  0.7 0702  3.1 1306  0.5 1935  3.1
16  Th        519 0133  0.5 0759  3.2 1401  0.4 2029  3.2
17  Fr        519 0227  0.4 0850  3.3 1451  0.3 2119  3.3
18  Sa        519 0316  0.3 0939  3.3 1537  0.2 2205  3.4
19  Su        519 0402  0.3 1024  3.3 1622  0.2 2249  3.4
20  Mo        519 0446  0.3 1108  3.2 1704  0.3 2331  3.3
21  Tu        519 0528  0.4 1150  3.1 1746  0.4 9999  9.9
22  We        519 0011  3.2 0610  0.5 1232  3.0 1826  0.5
23  Th        519 0051  3.1 0653  0.6 1313  2.9 1907  0.7
24  Fr        519 0132  3.0 0736  0.8 1355  2.8 1949  0.8
25  Sa        519 0215  2.8 0822  0.9 1442  2.7 2035  1.0
26  Su        519 0304  2.7 0914  1.0 1535  2.6 2128  1.1
27  Mo        519 0400  2.7 1011  1.1 1637  2.5 2231  1.1
28  Tu        519 0503  2.6 1113  1.1 1742  2.6 2338  1.1
29  We        519 0604  2.7 1212  1.0 1841  2.7 9999  9.9
30  Th        519 0038  1.0 0659  2.8 1303  0.9 1934  2.8
31  Fr        519 0129  0.9 0747  2.9 1350  0.7 2020  2.9
 1  Sa        619 0215  0.7 0833  3.0 1434  0.6 2104  3.0
 2  Su        619 0259  0.6 0917  3.1 1518  0.5 2147  3.2
 3  Mo        619 0342  0.5 1001  3.1 1601  0.3 2229  3.3
 4  Tu        619 0426  0.4 1045  3.2 1645  0.3 2312  3.3
 5  We        619 0511  0.3 1131  3.2 1730  0.3 2357  3.3
 6  Th        619 0558  0.3 1218  3.2 1817  0.3 9999  9.9
 7  Fr        619 0043  3.3 0647  0.4 1308  3.1 1905  0.4
 8  Sa        619 0133  3.2 0738  0.5 1400  3.0 1956  0.5
 9  Su        619 0227  3.1 0833  0.6 1457  2.9 2052  0.6
10  Mo        619 0326  3.0 0931  0.6 1559  2.9 2153  0.7
11  Tu        619 0430  3.0 1034  0.7 1705  2.9 2301  0.8
12  We        619 0535  3.0 1138  0.6 1811  2.9 9999  9.9
13  Th        619 0008  0.7 0637  3.0 1240  0.6 1911  3.0
14  Fr        619 0110  0.6 0734  3.1 1336  0.5 2006  3.1
15  Sa        619 0205  0.6 0827  3.1 1428  0.4 2057  3.2
16  Su        619 0255  0.5 0916  3.1 1515  0.4 2143  3.3
17  Mo        619 0342  0.4 1002  3.1 1600  0.4 2227  3.3
18  Tu        619 0426  0.4 1046  3.1 1643  0.4 2308  3.2
19  We        619 0508  0.5 1128  3.0 1723  0.5 2348  3.2
20  Th        619 0549  0.6 1208  3.0 1802  0.5 9999  9.9
21  Fr        619 0026  3.1 0629  0.6 1248  2.9 1841  0.6
22  Sa        619 0104  3.0 0709  0.7 1327  2.8 1921  0.8
23  Su        619 0143  2.9 0751  0.8 1408  2.7 2002  0.9
24  Mo        619 0225  2.8 0834  0.9 1452  2.7 2048  1.0
25  Tu        619 0311  2.8 0922  1.0 1542  2.6 2139  1.1
26  We        619 0403  2.7 1014  1.0 1640  2.6 2237  1.1
27  Th        619 0501  2.7 1111  1.0 1744  2.6 2340  1.1
28  Fr        619 0602  2.7 1209  0.9 1845  2.7 9999  9.9
29  Sa        619 0042  1.0 0700  2.8 1306  0.8 1941  2.8
30  Su        619 0138  0.8 0755  2.9 1359  0.7 2032  3.0
 1  Mo        719 0229  0.7 0847  3.0 1450  0.5 2120  3.2
 2  Tu        719 0319  0.5 0938  3.1 1539  0.3 2208  3.3
 3  We        719 0407  0.4 1027  3.2 1627  0.2 2255  3.4
 4  Th        719 0455  0.3 1116  3.3 1714  0.2 2342  3.4
 5  Fr        719 0544  0.2 1206  3.3 1802  0.2 9999  9.9
 6  Sa        719 0030  3.4 0633  0.2 1256  3.2 1850  0.3
 7  Su        719 0120  3.4 0723  0.3 1347  3.1 1940  0.4
 8  Mo        719 0211  3.3 0814  0.4 1441  3.0 2033  0.5
 9  Tu        719 0307  3.1 0909  0.5 1538  3.0 2131  0.7
10  We        719 0406  3.0 1007  0.6 1640  2.9 2234  0.8
11  Th        719 0508  2.9 1109  0.7 1745  2.9 2342  0.8
12  Fr        719 0611  2.9 1212  0.7 1847  2.9 9999  9.9
13  Sa        719 0047  0.8 0710  2.9 1312  0.7 1944  3.0
14  Su        719 0146  0.7 0805  2.9 1407  0.6 2035  3.1
15  Mo        719 0237  0.7 0856  3.0 1456  0.6 2123  3.1
16  Tu        719 0324  0.6 0943  3.0 1541  0.5 2206  3.2
17  We        719 0408  0.6 1026  3.0 1623  0.5 2247  3.2
18  Th        719 0449  0.5 1107  3.0 1702  0.5 2325  3.2
19  Fr        719 0527  0.5 1146  3.0 1740  0.5 9999  9.9
20  Sa        719 0001  3.1 0604  0.6 1222  3.0 1816  0.6
21  Su        719 0036  3.1 0641  0.6 1258  2.9 1852  0.6
22  Mo        719 0111  3.0 0718  0.7 1333  2.8 1930  0.7
23  Tu        719 0147  2.9 0757  0.8 1411  2.8 2010  0.8
24  We        719 0227  2.8 0839  0.8 1454  2.7 2055  0.9
25  Th        719 0313  2.8 0925  0.9 1544  2.6 2148  1.0
26  Fr        719 0405  2.7 1019  0.9 1645  2.6 2250  1.1
27  Sa        719 0508  2.7 1120  0.9 1756  2.7 2358  1.0
28  Su        719 0616  2.7 1226  0.9 1904  2.8 9999  9.9
29  Mo        719 0105  0.9 0723  2.8 1329  0.7 2004  3.0
30  Tu        719 0204  0.7 0823  3.0 1427  0.5 2057  3.2
31  We        719 0258  0.5 0918  3.1 1520  0.3 2148  3.4
 1  Th        819 0349  0.3 1011  3.3 1609  0.2 2237  3.5
 2  Fr        819 0439  0.1 1101  3.4 1658  0.1 2325  3.6
 3  Sa        819 0527  0.1 1150  3.4 1745  0.1 9999  9.9
 4  Su        819 0013  3.6 0614  0.1 1239  3.4 1832  0.1
 5  Mo        819 0101  3.5 0702  0.2 1327  3.3 1920  0.3
 6  Tu        819 0150  3.3 0751  0.3 1418  3.2 2011  0.5
 7  We        819 0242  3.2 0842  0.5 1512  3.0 2105  0.7
 8  Th        819 0338  3.0 0936  0.6 1611  2.9 2206  0.8
 9  Fr        819 0439  2.8 1037  0.8 1716  2.8 2315  0.9
10  Sa        819 0544  2.8 1144  0.9 1821  2.8 9999  9.9
11  Su        819 0026  0.9 0647  2.7 1251  0.9 1921  2.9
12  Mo        819 0128  0.9 0745  2.8 1349  0.8 2015  2.9
13  Tu        819 0221  0.8 0837  2.8 1440  0.7 2103  3.0
14  We        819 0307  0.7 0924  2.9 1524  0.6 2146  3.1
15  Th        819 0349  0.6 1007  3.0 1604  0.5 2225  3.2
16  Fr        819 0427  0.5 1046  3.0 1641  0.5 2301  3.2
17  Sa        819 0503  0.5 1122  3.1 1715  0.5 2335  3.2
18  Su        819 0537  0.5 1156  3.1 1749  0.5 9999  9.9
19  Mo        819 0008  3.1 0611  0.5 1228  3.0 1823  0.5
20  Tu        819 0040  3.1 0646  0.6 1301  3.0 1859  0.6
21  We        819 0113  3.0 0722  0.6 1336  2.9 1937  0.7
22  Th        819 0150  2.9 0802  0.7 1415  2.8 2020  0.9
23  Fr        819 0233  2.8 0846  0.8 1502  2.7 2110  1.0
24  Sa        819 0324  2.7 0938  0.9 1601  2.6 2211  1.1
25  Su        819 0427  2.6 1041  1.0 1715  2.6 2324  1.0
26  Mo        819 0542  2.7 1153  0.9 1833  2.8 9999  9.9
27  Tu        819 0038  0.9 0658  2.8 1305  0.8 1939  3.0
28  We        819 0143  0.7 0804  3.0 1407  0.5 2037  3.2
29  Th        819 0240  0.4 0901  3.2 1501  0.3 2129  3.4
30  Fr        819 0331  0.2 0954  3.3 1551  0.1 2218  3.6
31  Sa        819 0420  0.0 1043  3.5 1639  0.0 2305  3.7
 1  Su        919 0507 -0.1 1131  3.5 1726  0.0 2352  3.6
 2  Mo        919 0553  0.0 1217  3.5 1811  0.0 9999  9.9
 3  Tu        919 0039  3.5 0638  0.1 1304  3.4 1858  0.2
 4  We        919 0126  3.3 0724  0.3 1352  3.2 1946  0.4
 5  Th        919 0215  3.1 0812  0.5 1442  3.0 2037  0.7
 6  Fr        919 0308  2.9 0904  0.7 1539  2.8 2136  0.9
 7  Sa        919 0408  2.7 1003  0.9 1644  2.7 2246  1.1
 8  Su        919 0515  2.6 1114  1.0 1753  2.7 9999  9.9
 9  Mo        919 0004  1.1 0622  2.6 1229  1.0 1857  2.7
10  Tu        919 0110  1.0 0724  2.7 1331  0.9 1953  2.9
11  We        919 0203  0.8 0817  2.8 1422  0.8 2040  3.0
12  Th        919 0247  0.7 0903  2.9 1504  0.6 2122  3.1
13  Fr        919 0326  0.6 0944  3.0 1541  0.5 2200  3.2
14  Sa        919 0402  0.5 1022  3.1 1616  0.5 2235  3.2
15  Su        919 0435  0.4 1056  3.1 1649  0.4 2307  3.2
16  Mo        919 0508  0.4 1129  3.1 1722  0.4 2339  3.2
17  Tu        919 0541  0.4 1200  3.1 1756  0.5 9999  9.9
18  We        919 0011  3.1 0616  0.5 1232  3.0 1831  0.5
19  Th        919 0044  3.0 0652  0.5 1306  3.0 1910  0.7
20  Fr        919 0121  2.9 0731  0.6 1345  2.9 1953  0.8
21  Sa        919 0203  2.8 0816  0.8 1432  2.8 2043  0.9
22  Su        919 0255  2.7 0908  0.9 1531  2.7 2145  1.0
23  Mo        919 0400  2.6 1012  1.0 1647  2.7 2300  1.0
24  Tu        919 0519  2.6 1128  0.9 1808  2.8 9999  9.9
25  We        919 0016  0.9 0639  2.8 1243  0.8 1917  3.0
26  Th        919 0123  0.6 0746  3.0 1347  0.5 2016  3.2
27  Fr        919 0219  0.4 0843  3.2 1442  0.3 2108  3.4
28  Sa        919 0310  0.1 0935  3.4 1532  0.1 2157  3.6
29  Su        919 0358  0.0 1023  3.5 1619  0.0 2244  3.7
30  Mo        919 0444 -0.1 1110  3.6 1705  0.0 2329  3.6
 1  Tu       1019 0529 -0.1 1155  3.5 1749  0.1 9999  9.9
 2  We       1019 0014  3.5 0613  0.1 1239  3.4 1834  0.2
 3  Th       1019 0100  3.3 0657  0.3 1324  3.2 1920  0.5
 4  Fr       1019 0146  3.1 0742  0.5 1412  3.0 2010  0.7
 5  Sa       1019 0236  2.8 0831  0.8 1505  2.8 2106  1.0
 6  Su       1019 0334  2.6 0927  1.0 1608  2.7 2214  1.1
 7  Mo       1019 0442  2.5 1038  1.1 1719  2.6 2334  1.1
 8  Tu       1019 0553  2.5 1159  1.1 1827  2.7 9999  9.9
 9  We       1019 0043  1.0 0657  2.6 1306  1.0 1924  2.8
10  Th       1019 0136  0.9 0751  2.7 1356  0.9 2012  2.9
11  Fr       1019 0220  0.7 0837  2.9 1438  0.7 2053  3.0
12  Sa       1019 0258  0.6 0918  3.0 1514  0.6 2131  3.1
13  Su       1019 0332  0.5 0954  3.1 1548  0.5 2206  3.2
14  Mo       1019 0405  0.4 1029  3.2 1621  0.4 2239  3.2
15  Tu       1019 0439  0.4 1102  3.2 1655  0.4 2312  3.2
16  We       1019 0513  0.4 1135  3.2 1731  0.4 2345  3.1
17  Th       1019 0549  0.4 1208  3.1 1808  0.5 9999  9.9
18  Fr       1019 0021  3.1 0627  0.5 1245  3.0 1849  0.6
19  Sa       1019 0100  3.0 0708  0.6 1326  3.0 1934  0.7
20  Su       1019 0145  2.8 0754  0.7 1414  2.8 2026  0.8
21  Mo       1019 0239  2.7 0848  0.8 1514  2.8 2128  0.9
22  Tu       1019 0344  2.7 0952  0.9 1627  2.7 2240  0.9
23  We       1019 0502  2.7 1106  0.9 1745  2.8 2354  0.8
24  Th       1019 0620  2.8 1221  0.8 1854  3.0 9999  9.9
25  Fr       1019 0100  0.6 0726  3.0 1326  0.5 1953  3.2
26  Sa       1019 0157  0.4 0823  3.2 1421  0.3 2046  3.4
27  Su       1019 0248  0.1 0915  3.4 1511  0.1 2135  3.5
28  Mo       1019 0336  0.0 1002  3.5 1558  0.1 2222  3.5
29  Tu       1019 0421  0.0 1048  3.6 1644  0.1 2307  3.5
30  We       1019 0506  0.0 1132  3.5 1728  0.2 2351  3.4
31  Th       1019 0549  0.2 1215  3.4 1812  0.3 9999  9.9
 1  Fr       1119 0035  3.2 0632  0.3 1258  3.2 1857  0.5
 2  Sa       1119 0119  3.0 0715  0.6 1343  3.0 1944  0.8
 3  Su       1119 0206  2.8 0801  0.8 1431  2.8 2036  0.9
 4  Mo       1119 0259  2.6 0852  1.0 1528  2.7 2137  1.1
 5  Tu       1119 0402  2.5 0955  1.1 1635  2.6 2249  1.1
 6  We       1119 0512  2.5 1112  1.2 1744  2.6 9999  9.9
 7  Th       1119 0001  1.1 0619  2.6 1225  1.1 1844  2.7
 8  Fr       1119 0057  1.0 0716  2.7 1320  1.0 1934  2.8
 9  Sa       1119 0143  0.8 0804  2.8 1403  0.8 2018  2.9
10  Su       1119 0222  0.7 0846  3.0 1442  0.7 2058  3.0
11  Mo       1119 0259  0.6 0925  3.1 1517  0.6 2135  3.1
12  Tu       1119 0334  0.5 1001  3.2 1553  0.5 2211  3.2
13  We       1119 0410  0.4 1037  3.2 1630  0.4 2248  3.2
14  Th       1119 0448  0.3 1113  3.2 1709  0.4 2325  3.1
15  Fr       1119 0527  0.3 1150  3.2 1750  0.5 9999  9.9
16  Sa       1119 0005  3.1 0608  0.4 1230  3.2 1834  0.5
17  Su       1119 0048  3.0 0652  0.5 1314  3.1 1922  0.6
18  Mo       1119 0136  2.9 0740  0.6 1404  3.0 2014  0.7
19  Tu       1119 0230  2.8 0833  0.7 1501  2.9 2114  0.8
20  We       1119 0332  2.7 0934  0.8 1609  2.9 2220  0.8
21  Th       1119 0445  2.7 1044  0.8 1721  2.9 2329  0.7
22  Fr       1119 0558  2.8 1156  0.8 1829  3.0 9999  9.9
23  Sa       1119 0034  0.6 0704  3.0 1302  0.6 1929  3.2
24  Su       1119 0132  0.4 0802  3.2 1359  0.4 2023  3.3
25  Mo       1119 0225  0.3 0854  3.3 1451  0.3 2114  3.4
26  Tu       1119 0314  0.2 0942  3.4 1539  0.2 2201  3.4
27  We       1119 0400  0.1 1028  3.4 1625  0.2 2247  3.3
28  Th       1119 0444  0.2 1111  3.4 1709  0.3 2331  3.2
29  Fr       1119 0527  0.3 1153  3.3 1752  0.4 9999  9.9
30  Sa       1119 0013  3.1 0609  0.4 1235  3.2 1836  0.6
 1  Su       1219 0056  3.0 0651  0.6 1316  3.0 1920  0.7
 2  Mo       1219 0139  2.8 0733  0.7 1359  2.9 2006  0.9
 3  Tu       1219 0225  2.7 0819  0.9 1447  2.8 2057  1.0
 4  We       1219 0317  2.6 0910  1.1 1542  2.7 2153  1.1
 5  Th       1219 0418  2.5 1010  1.1 1645  2.6 2256  1.1
 6  Fr       1219 0525  2.5 1120  1.2 1749  2.6 2358  1.0
 7  Sa       1219 0628  2.6 1225  1.1 1846  2.7 9999  9.9
 8  Su       1219 0052  0.9 0722  2.7 1318  1.0 1936  2.8
 9  Mo       1219 0139  0.8 0809  2.8 1404  0.8 2021  2.9
10  Tu       1219 0222  0.7 0852  3.0 1446  0.7 2103  3.0
11  We       1219 0304  0.5 0933  3.1 1527  0.6 2145  3.1
12  Th       1219 0345  0.4 1013  3.2 1609  0.5 2227  3.1
13  Fr       1219 0427  0.3 1054  3.3 1652  0.4 2310  3.2
14  Sa       1219 0509  0.3 1135  3.3 1736  0.4 2354  3.2
15  Su       1219 0553  0.3 1219  3.3 1822  0.4 9999  9.9
16  Mo       1219 0040  3.1 0639  0.4 1304  3.2 1910  0.5
17  Tu       1219 0128  3.0 0727  0.4 1354  3.2 2001  0.5
18  We       1219 0220  2.9 0819  0.6 1448  3.1 2056  0.6
19  Th       1219 0318  2.9 0916  0.7 1549  3.0 2156  0.7
20  Fr       1219 0423  2.8 1020  0.8 1655  3.0 2300  0.7
21  Sa       1219 0532  2.8 1129  0.8 1802  3.0 9999  9.9
22  Su       1219 0005  0.6 0639  2.9 1237  0.7 1904  3.0
23  Mo       1219 0107  0.6 0739  3.0 1338  0.6 2001  3.1
24  Tu       1219 0203  0.5 0834  3.2 1432  0.5 2054  3.1
25  We       1219 0254  0.4 0923  3.3 1522  0.4 2143  3.2
26  Th       1219 0342  0.3 1009  3.3 1608  0.4 2229  3.2
27  Fr       1219 0426  0.3 1053  3.3 1652  0.4 2312  3.1
28  Sa       1219 0508  0.4 1134  3.3 1734  0.5 2354  3.1
29  Su       1219 0549  0.4 1213  3.2 1815  0.5 9999  9.9
30  Mo       1219 0033  3.0 0628  0.5 1251  3.1 1855  0.6
31  Tu       1219 0112  2.9 0707  0.7 1329  3.0 1935  0.7
