198Fishing Rock
Based on data from  1-Jan-2012
Local Std Time, tidal heights in metres.
 1  Mo        118 0541  1.6 1143  0.6 1757  1.8 9999  9.9
 2  Tu        118 0023  0.4 0640  1.7 1243  0.5 1854  1.8
 3  We        118 0118  0.3 0737  1.8 1341  0.5 1950  1.8
 4  Th        118 0212  0.3 0831  1.8 1437  0.5 2045  1.9
 5  Fr        118 0304  0.3 0924  1.9 1532  0.4 2139  1.8
 6  Sa        118 0355  0.3 1015  1.9 1626  0.4 2232  1.8
 7  Su        118 0447  0.3 1107  1.8 1720  0.5 2326  1.7
 8  Mo        118 0538  0.4 1158  1.8 1814  0.5 9999  9.9
 9  Tu        118 0020  1.7 0629  0.5 1249  1.7 1909  0.6
10  We        118 0116  1.6 0722  0.6 1341  1.7 2005  0.6
11  Th        118 0214  1.5 0816  0.6 1434  1.6 2102  0.6
12  Fr        118 0314  1.5 0912  0.7 1527  1.6 2159  0.6
13  Sa        118 0414  1.5 1008  0.8 1621  1.6 2254  0.6
14  Su        118 0511  1.5 1103  0.8 1712  1.6 2344  0.6
15  Mo        118 0603  1.5 1155  0.8 1801  1.6 9999  9.9
16  Tu        118 0031  0.6 0650  1.5 1243  0.7 1846  1.6
17  We        118 0114  0.6 0733  1.5 1328  0.7 1930  1.6
18  Th        118 0155  0.5 0814  1.6 1410  0.7 2011  1.6
19  Fr        118 0233  0.5 0852  1.6 1451  0.7 2051  1.6
20  Sa        118 0311  0.5 0930  1.6 1531  0.6 2131  1.6
21  Su        118 0348  0.5 1007  1.7 1610  0.6 2210  1.6
22  Mo        118 0424  0.5 1043  1.7 1650  0.6 2250  1.6
23  Tu        118 0501  0.5 1121  1.7 1732  0.6 2332  1.6
24  We        118 0541  0.5 1202  1.7 1817  0.6 9999  9.9
25  Th        118 0018  1.6 0624  0.6 1246  1.7 1905  0.6
26  Fr        118 0109  1.6 0713  0.6 1335  1.7 1959  0.6
27  Sa        118 0205  1.5 0808  0.6 1430  1.7 2057  0.5
28  Su        118 0308  1.6 0910  0.6 1530  1.7 2159  0.5
29  Mo        118 0413  1.6 1016  0.6 1633  1.7 2301  0.5
30  Tu        118 0518  1.6 1122  0.6 1736  1.7 9999  9.9
31  We        118 0002  0.4 0620  1.7 1225  0.6 1837  1.8
 1  Th        218 0059  0.4 0719  1.8 1326  0.5 1935  1.8
 2  Fr        218 0154  0.3 0813  1.8 1422  0.5 2030  1.8
 3  Sa        218 0246  0.3 0905  1.8 1515  0.4 2123  1.8
 4  Su        218 0337  0.3 0954  1.8 1607  0.4 2214  1.8
 5  Mo        218 0426  0.4 1043  1.8 1657  0.4 2304  1.7
 6  Tu        218 0514  0.4 1130  1.8 1747  0.5 2355  1.7
 7  We        218 0601  0.5 1217  1.7 1836  0.5 9999  9.9
 8  Th        218 0046  1.6 0649  0.6 1304  1.7 1928  0.6
 9  Fr        218 0138  1.5 0739  0.7 1354  1.6 2021  0.6
10  Sa        218 0234  1.5 0831  0.7 1445  1.6 2116  0.7
11  Su        218 0332  1.4 0927  0.8 1539  1.5 2212  0.7
12  Mo        218 0430  1.4 1024  0.8 1634  1.5 2306  0.7
13  Tu        218 0525  1.4 1119  0.8 1727  1.5 2357  0.6
14  We        218 0616  1.5 1211  0.8 1817  1.5 9999  9.9
15  Th        218 0043  0.6 0701  1.5 1259  0.7 1903  1.6
16  Fr        218 0126  0.6 0743  1.6 1343  0.7 1946  1.6
17  Sa        218 0206  0.5 0822  1.6 1424  0.6 2027  1.6
18  Su        218 0244  0.5 0900  1.7 1505  0.6 2108  1.7
19  Mo        218 0321  0.5 0937  1.7 1545  0.5 2147  1.7
20  Tu        218 0358  0.5 1015  1.7 1625  0.5 2228  1.7
21  We        218 0437  0.5 1054  1.7 1707  0.5 2311  1.6
22  Th        218 0518  0.5 1135  1.7 1752  0.5 2357  1.6
23  Fr        218 0602  0.5 1220  1.7 1840  0.5 9999  9.9
24  Sa        218 0047  1.6 0652  0.6 1311  1.7 1934  0.5
25  Su        218 0144  1.6 0748  0.6 1407  1.7 2033  0.5
26  Mo        218 0246  1.6 0851  0.6 1509  1.7 2136  0.5
27  Tu        218 0352  1.6 0959  0.6 1615  1.7 2240  0.5
28  We        218 0459  1.6 1107  0.6 1720  1.7 2343  0.5
 1  Th        318 0602  1.7 1211  0.6 1823  1.7 9999  9.9
 2  Fr        318 0042  0.4 0700  1.7 1310  0.5 1920  1.8
 3  Sa        318 0136  0.4 0753  1.8 1405  0.5 2014  1.8
 4  Su        318 0227  0.4 0843  1.8 1456  0.4 2105  1.8
 5  Mo        318 0315  0.4 0930  1.8 1544  0.4 2153  1.8
 6  Tu        318 0402  0.4 1015  1.8 1630  0.4 2240  1.7
 7  We        318 0447  0.5 1059  1.8 1716  0.5 2327  1.7
 8  Th        318 0531  0.5 1143  1.7 1801  0.5 9999  9.9
 9  Fr        318 0013  1.6 0616  0.6 1227  1.6 1848  0.6
10  Sa        318 0101  1.5 0702  0.7 1313  1.6 1937  0.6
11  Su        318 0152  1.5 0752  0.7 1403  1.5 2030  0.7
12  Mo        318 0247  1.4 0846  0.8 1457  1.5 2126  0.7
13  Tu        318 0345  1.4 0944  0.8 1553  1.5 2222  0.7
14  We        318 0442  1.4 1041  0.8 1650  1.5 2316  0.7
15  Th        318 0534  1.5 1135  0.7 1743  1.5 9999  9.9
16  Fr        318 0005  0.6 0622  1.5 1225  0.7 1832  1.6
17  Sa        318 0050  0.6 0706  1.6 1311  0.6 1917  1.6
18  Su        318 0132  0.6 0747  1.6 1354  0.6 2000  1.7
19  Mo        318 0213  0.5 0827  1.7 1436  0.5 2042  1.7
20  Tu        318 0252  0.5 0906  1.7 1518  0.5 2124  1.7
21  We        318 0333  0.5 0946  1.8 1600  0.4 2207  1.7
22  Th        318 0414  0.5 1028  1.8 1644  0.4 2252  1.7
23  Fr        318 0458  0.5 1112  1.8 1730  0.4 2340  1.7
24  Sa        318 0546  0.5 1200  1.7 1820  0.5 9999  9.9
25  Su        318 0032  1.7 0638  0.6 1253  1.7 1914  0.5
26  Mo        318 0129  1.6 0736  0.6 1351  1.7 2014  0.5
27  Tu        318 0231  1.6 0840  0.6 1455  1.6 2118  0.5
28  We        318 0336  1.6 0948  0.6 1603  1.6 2222  0.5
29  Th        318 0442  1.6 1055  0.6 1708  1.6 2325  0.5
30  Fr        318 0543  1.7 1157  0.6 1810  1.7 9999  9.9
31  Sa        318 0023  0.5 0639  1.7 1254  0.5 1906  1.7
 1  Su        418 0116  0.5 0730  1.7 1345  0.5 1957  1.7
 2  Mo        418 0205  0.5 0817  1.8 1433  0.4 2045  1.7
 3  Tu        418 0252  0.5 0902  1.8 1518  0.4 2131  1.7
 4  We        418 0336  0.5 0944  1.7 1601  0.5 2215  1.7
 5  Th        418 0419  0.5 1026  1.7 1644  0.5 2258  1.7
 6  Fr        418 0501  0.6 1108  1.7 1727  0.5 2342  1.6
 7  Sa        418 0544  0.6 1150  1.6 1810  0.6 9999  9.9
 8  Su        418 0027  1.6 0628  0.7 1235  1.6 1857  0.6
 9  Mo        418 0114  1.5 0716  0.7 1323  1.5 1946  0.7
10  Tu        418 0205  1.5 0809  0.8 1416  1.5 2040  0.7
11  We        418 0300  1.5 0905  0.8 1513  1.5 2135  0.7
12  Th        418 0355  1.5 1002  0.7 1610  1.5 2229  0.7
13  Fr        418 0448  1.5 1057  0.7 1705  1.5 2321  0.7
14  Sa        418 0537  1.6 1148  0.6 1756  1.6 9999  9.9
15  Su        418 0009  0.6 0624  1.6 1236  0.6 1845  1.6
16  Mo        418 0055  0.6 0708  1.7 1321  0.5 1931  1.7
17  Tu        418 0139  0.5 0751  1.7 1406  0.5 2016  1.7
18  We        418 0223  0.5 0835  1.8 1450  0.4 2101  1.7
19  Th        418 0308  0.5 0919  1.8 1536  0.4 2148  1.8
20  Fr        418 0354  0.5 1005  1.8 1623  0.4 2236  1.8
21  Sa        418 0442  0.5 1053  1.8 1711  0.4 2326  1.7
22  Su        418 0533  0.5 1144  1.7 1803  0.4 9999  9.9
23  Mo        418 0020  1.7 0629  0.6 1240  1.7 1859  0.5
24  Tu        418 0117  1.7 0729  0.6 1341  1.7 1959  0.5
25  We        418 0218  1.6 0833  0.6 1445  1.6 2101  0.6
26  Th        418 0321  1.6 0939  0.6 1552  1.6 2205  0.6
27  Fr        418 0423  1.6 1043  0.6 1656  1.6 2306  0.6
28  Sa        418 0521  1.7 1141  0.6 1755  1.6 9999  9.9
29  Su        418 0002  0.6 0615  1.7 1235  0.5 1849  1.7
30  Mo        418 0054  0.6 0704  1.7 1323  0.5 1938  1.7
 1  Tu        518 0141  0.6 0749  1.7 1408  0.5 2023  1.7
 2  We        518 0226  0.6 0832  1.7 1451  0.5 2107  1.7
 3  Th        518 0309  0.6 0914  1.7 1532  0.5 2149  1.7
 4  Fr        518 0350  0.6 0954  1.7 1613  0.5 2230  1.6
 5  Sa        518 0432  0.6 1035  1.6 1654  0.5 2312  1.6
 6  Su        518 0514  0.7 1117  1.6 1736  0.6 2355  1.6
 7  Mo        518 0558  0.7 1201  1.6 1820  0.6 9999  9.9
 8  Tu        518 0040  1.5 0644  0.7 1248  1.5 1906  0.7
 9  We        518 0127  1.5 0734  0.7 1339  1.5 1956  0.7
10  Th        518 0217  1.5 0827  0.7 1433  1.5 2048  0.7
11  Fr        518 0308  1.5 0922  0.7 1529  1.5 2141  0.7
12  Sa        518 0400  1.5 1016  0.7 1625  1.5 2234  0.7
13  Su        518 0451  1.6 1109  0.6 1719  1.6 2326  0.6
14  Mo        518 0541  1.7 1159  0.5 1810  1.6 9999  9.9
15  Tu        518 0016  0.6 0629  1.7 1248  0.5 1901  1.7
16  We        518 0105  0.5 0717  1.8 1336  0.4 1950  1.7
17  Th        518 0155  0.5 0805  1.8 1425  0.3 2039  1.8
18  Fr        518 0245  0.5 0854  1.8 1514  0.3 2129  1.8
19  Sa        518 0335  0.5 0945  1.8 1603  0.3 2220  1.8
20  Su        518 0428  0.5 1037  1.8 1655  0.3 2313  1.8
21  Mo        518 0522  0.5 1131  1.8 1748  0.4 9999  9.9
22  Tu        518 0007  1.8 0620  0.5 1229  1.7 1844  0.5
23  We        518 0104  1.7 0720  0.6 1330  1.6 1943  0.5
24  Th        518 0203  1.7 0822  0.6 1433  1.6 2044  0.6
25  Fr        518 0303  1.7 0925  0.6 1537  1.6 2145  0.6
26  Sa        518 0401  1.6 1025  0.6 1639  1.6 2243  0.6
27  Su        518 0457  1.6 1121  0.6 1736  1.6 2338  0.6
28  Mo        518 0549  1.6 1212  0.5 1829  1.6 9999  9.9
29  Tu        518 0029  0.6 0636  1.6 1259  0.5 1916  1.6
30  We        518 0116  0.6 0721  1.7 1343  0.5 2001  1.6
31  Th        518 0200  0.6 0803  1.7 1425  0.5 2043  1.6
 1  Fr        618 0242  0.6 0844  1.7 1505  0.5 2124  1.6
 2  Sa        618 0324  0.6 0925  1.6 1545  0.5 2204  1.6
 3  Su        618 0405  0.6 1006  1.6 1625  0.5 2244  1.6
 4  Mo        618 0447  0.7 1048  1.6 1705  0.6 2325  1.6
 5  Tu        618 0530  0.7 1131  1.6 1747  0.6 9999  9.9
 6  We        618 0007  1.6 0614  0.7 1216  1.5 1830  0.6
 7  Th        618 0051  1.6 0701  0.7 1303  1.5 1915  0.7
 8  Fr        618 0137  1.6 0751  0.7 1355  1.5 2004  0.7
 9  Sa        618 0225  1.6 0843  0.7 1449  1.5 2056  0.7
10  Su        618 0316  1.6 0937  0.6 1545  1.5 2150  0.7
11  Mo        618 0408  1.6 1031  0.6 1642  1.6 2245  0.6
12  Tu        618 0501  1.7 1125  0.5 1738  1.6 2341  0.6
13  We        618 0554  1.7 1218  0.4 1832  1.7 9999  9.9
14  Th        618 0036  0.5 0647  1.8 1310  0.4 1926  1.7
15  Fr        618 0130  0.5 0740  1.8 1402  0.3 2019  1.8
16  Sa        618 0225  0.5 0833  1.8 1453  0.3 2111  1.8
17  Su        618 0319  0.5 0927  1.8 1545  0.3 2204  1.8
18  Mo        618 0414  0.5 1022  1.8 1638  0.3 2257  1.8
19  Tu        618 0510  0.5 1117  1.8 1732  0.4 2351  1.8
20  We        618 0606  0.5 1215  1.7 1827  0.4 9999  9.9
21  Th        618 0046  1.8 0705  0.5 1314  1.6 1923  0.5
22  Fr        618 0142  1.7 0804  0.5 1415  1.6 2021  0.6
23  Sa        618 0239  1.7 0904  0.6 1517  1.6 2120  0.6
24  Su        618 0335  1.6 1002  0.6 1617  1.5 2217  0.7
25  Mo        618 0429  1.6 1057  0.6 1714  1.5 2312  0.7
26  Tu        618 0520  1.6 1147  0.6 1806  1.6 9999  9.9
27  We        618 0003  0.7 0608  1.6 1234  0.6 1853  1.6
28  Th        618 0050  0.7 0654  1.6 1318  0.5 1937  1.6
29  Fr        618 0135  0.7 0737  1.6 1400  0.5 2019  1.6
30  Sa        618 0217  0.7 0819  1.6 1440  0.5 2059  1.6
 1  Su        718 0259  0.7 0900  1.6 1520  0.5 2138  1.6
 2  Mo        718 0340  0.6 0941  1.6 1558  0.5 2217  1.6
 3  Tu        718 0421  0.6 1022  1.6 1637  0.6 2256  1.6
 4  We        718 0502  0.6 1103  1.6 1716  0.6 2335  1.6
 5  Th        718 0545  0.6 1146  1.6 1756  0.6 9999  9.9
 6  Fr        718 0016  1.6 0629  0.6 1231  1.5 1839  0.6
 7  Sa        718 0059  1.6 0716  0.6 1320  1.5 1925  0.6
 8  Su        718 0146  1.6 0806  0.6 1413  1.5 2016  0.7
 9  Mo        718 0236  1.6 0900  0.6 1510  1.5 2112  0.7
10  Tu        718 0331  1.7 0957  0.5 1609  1.6 2211  0.6
11  We        718 0428  1.7 1054  0.5 1709  1.6 2312  0.6
12  Th        718 0526  1.7 1151  0.4 1808  1.7 9999  9.9
13  Fr        718 0012  0.6 0624  1.8 1247  0.4 1905  1.8
14  Sa        718 0110  0.5 0720  1.8 1341  0.3 2000  1.8
15  Su        718 0207  0.5 0816  1.8 1435  0.3 2053  1.8
16  Mo        718 0303  0.4 0911  1.8 1528  0.3 2146  1.9
17  Tu        718 0358  0.4 1006  1.8 1620  0.3 2238  1.9
18  We        718 0452  0.4 1101  1.8 1712  0.4 2330  1.8
19  Th        718 0547  0.5 1156  1.7 1805  0.4 9999  9.9
20  Fr        718 0022  1.8 0642  0.5 1253  1.7 1859  0.5
21  Sa        718 0115  1.7 0738  0.5 1351  1.6 1954  0.6
22  Su        718 0209  1.7 0835  0.6 1450  1.5 2051  0.7
23  Mo        718 0303  1.6 0931  0.6 1549  1.5 2147  0.7
24  Tu        718 0358  1.6 1027  0.6 1646  1.5 2243  0.7
25  We        718 0451  1.6 1119  0.6 1739  1.5 2336  0.7
26  Th        718 0541  1.6 1208  0.6 1827  1.5 9999  9.9
27  Fr        718 0025  0.7 0628  1.6 1253  0.6 1912  1.6
28  Sa        718 0110  0.7 0713  1.6 1335  0.6 1954  1.6
29  Su        718 0153  0.7 0756  1.6 1415  0.5 2033  1.6
30  Mo        718 0235  0.6 0837  1.6 1454  0.5 2111  1.6
31  Tu        718 0315  0.6 0917  1.6 1532  0.5 2149  1.7
 1  We        818 0355  0.6 0957  1.6 1609  0.5 2226  1.7
 2  Th        818 0434  0.6 1037  1.6 1647  0.6 2304  1.7
 3  Fr        818 0515  0.6 1118  1.6 1725  0.6 2343  1.7
 4  Sa        818 0557  0.6 1201  1.6 1807  0.6 9999  9.9
 5  Su        818 0025  1.7 0643  0.6 1249  1.6 1853  0.6
 6  Mo        818 0111  1.7 0733  0.6 1342  1.5 1945  0.6
 7  Tu        818 0203  1.7 0828  0.6 1440  1.6 2043  0.6
 8  We        818 0301  1.7 0927  0.5 1542  1.6 2146  0.6
 9  Th        818 0402  1.7 1028  0.5 1645  1.6 2251  0.6
10  Fr        818 0505  1.7 1129  0.4 1747  1.7 2354  0.6
11  Sa        818 0606  1.8 1227  0.4 1846  1.8 9999  9.9
12  Su        818 0055  0.5 0705  1.8 1323  0.3 1941  1.8
13  Mo        818 0152  0.4 0801  1.8 1417  0.3 2034  1.9
14  Tu        818 0247  0.4 0856  1.8 1509  0.3 2125  1.9
15  We        818 0339  0.4 0949  1.8 1600  0.3 2215  1.9
16  Th        818 0431  0.4 1041  1.8 1650  0.4 2304  1.8
17  Fr        818 0522  0.4 1133  1.7 1740  0.5 2353  1.8
18  Sa        818 0613  0.5 1226  1.7 1831  0.6 9999  9.9
19  Su        818 0043  1.7 0705  0.5 1320  1.6 1923  0.6
20  Mo        818 0134  1.6 0759  0.6 1417  1.5 2018  0.7
21  Tu        818 0227  1.6 0855  0.6 1515  1.5 2114  0.7
22  We        818 0323  1.5 0952  0.6 1613  1.5 2212  0.8
23  Th        818 0419  1.5 1047  0.7 1707  1.5 2307  0.8
24  Fr        818 0513  1.5 1138  0.6 1758  1.5 2358  0.7
25  Sa        818 0603  1.5 1225  0.6 1843  1.5 9999  9.9
26  Su        818 0045  0.7 0649  1.6 1308  0.6 1925  1.6
27  Mo        818 0128  0.6 0733  1.6 1349  0.6 2004  1.6
28  Tu        818 0209  0.6 0814  1.6 1427  0.5 2041  1.7
29  We        818 0249  0.6 0854  1.6 1504  0.5 2118  1.7
30  Th        818 0328  0.5 0933  1.6 1541  0.5 2155  1.7
31  Fr        818 0407  0.5 1012  1.6 1619  0.5 2232  1.7
 1  Sa        918 0447  0.5 1053  1.6 1658  0.6 2312  1.7
 2  Su        918 0529  0.5 1137  1.6 1740  0.6 2355  1.7
 3  Mo        918 0615  0.5 1224  1.6 1828  0.6 9999  9.9
 4  Tu        918 0043  1.7 0706  0.5 1318  1.6 1922  0.6
 5  We        918 0137  1.7 0802  0.5 1417  1.6 2023  0.7
 6  Th        918 0238  1.6 0903  0.5 1522  1.6 2130  0.6
 7  Fr        918 0344  1.6 1007  0.5 1627  1.6 2237  0.6
 8  Sa        918 0450  1.7 1110  0.5 1729  1.7 2342  0.5
 9  Su        918 0553  1.7 1209  0.4 1827  1.8 9999  9.9
10  Mo        918 0041  0.5 0652  1.8 1305  0.4 1922  1.8
11  Tu        918 0137  0.4 0747  1.8 1358  0.4 2013  1.8
12  We        918 0228  0.4 0840  1.8 1449  0.4 2101  1.9
13  Th        918 0318  0.4 0930  1.8 1537  0.4 2149  1.8
14  Fr        918 0406  0.4 1019  1.8 1625  0.4 2235  1.8
15  Sa        918 0453  0.4 1108  1.7 1712  0.5 2321  1.7
16  Su        918 0541  0.5 1157  1.7 1800  0.6 9999  9.9
17  Mo        918 0008  1.7 0629  0.5 1247  1.6 1849  0.7
18  Tu        918 0056  1.6 0720  0.6 1340  1.5 1942  0.7
19  We        918 0148  1.5 0814  0.6 1436  1.5 2039  0.8
20  Th        918 0245  1.5 0911  0.7 1534  1.5 2137  0.8
21  Fr        918 0343  1.5 1008  0.7 1630  1.5 2235  0.8
22  Sa        918 0441  1.5 1102  0.7 1722  1.5 2328  0.7
23  Su        918 0534  1.5 1151  0.7 1808  1.6 9999  9.9
24  Mo        918 0016  0.7 0622  1.5 1236  0.6 1850  1.6
25  Tu        918 0059  0.6 0706  1.6 1317  0.6 1930  1.6
26  We        918 0141  0.6 0748  1.6 1356  0.6 2008  1.7
27  Th        918 0220  0.5 0828  1.7 1435  0.5 2046  1.7
28  Fr        918 0300  0.5 0908  1.7 1513  0.5 2124  1.7
29  Sa        918 0340  0.4 0949  1.7 1553  0.5 2204  1.7
30  Su        918 0421  0.4 1031  1.7 1635  0.5 2246  1.7
 1  Mo       1018 0504  0.4 1117  1.7 1720  0.6 2331  1.7
 2  Tu       1018 0552  0.5 1206  1.6 1810  0.6 9999  9.9
 3  We       1018 0022  1.7 0644  0.5 1301  1.6 1907  0.6
 4  Th       1018 0119  1.6 0741  0.5 1401  1.6 2011  0.6
 5  Fr       1018 0223  1.6 0844  0.5 1505  1.6 2119  0.6
 6  Sa       1018 0331  1.6 0949  0.5 1610  1.7 2227  0.6
 7  Su       1018 0438  1.6 1053  0.5 1712  1.7 2330  0.5
 8  Mo       1018 0542  1.7 1152  0.5 1809  1.7 9999  9.9
 9  Tu       1018 0027  0.5 0640  1.7 1247  0.5 1901  1.8
10  We       1018 0120  0.4 0733  1.8 1339  0.4 1950  1.8
11  Th       1018 0209  0.4 0823  1.8 1427  0.5 2036  1.8
12  Fr       1018 0256  0.4 0910  1.8 1514  0.5 2121  1.8
13  Sa       1018 0340  0.4 0956  1.7 1559  0.5 2205  1.8
14  Su       1018 0424  0.4 1042  1.7 1644  0.6 2248  1.7
15  Mo       1018 0508  0.5 1127  1.7 1729  0.6 2332  1.6
16  Tu       1018 0553  0.5 1214  1.6 1816  0.7 9999  9.9
17  We       1018 0019  1.6 0641  0.6 1303  1.5 1907  0.7
18  Th       1018 0109  1.5 0731  0.7 1355  1.5 2001  0.8
19  Fr       1018 0204  1.5 0826  0.7 1451  1.5 2059  0.8
20  Sa       1018 0303  1.4 0922  0.7 1546  1.5 2157  0.8
21  Su       1018 0402  1.5 1017  0.7 1638  1.5 2251  0.7
22  Mo       1018 0458  1.5 1109  0.7 1726  1.6 2341  0.7
23  Tu       1018 0549  1.5 1156  0.7 1811  1.6 9999  9.9
24  We       1018 0026  0.6 0635  1.6 1240  0.6 1853  1.7
25  Th       1018 0109  0.5 0719  1.6 1323  0.6 1934  1.7
26  Fr       1018 0151  0.5 0802  1.7 1404  0.6 2014  1.8
27  Sa       1018 0232  0.4 0844  1.7 1447  0.5 2056  1.8
28  Su       1018 0315  0.4 0928  1.7 1530  0.5 2139  1.8
29  Mo       1018 0358  0.4 1013  1.7 1616  0.5 2224  1.8
30  Tu       1018 0444  0.4 1101  1.7 1705  0.6 2313  1.7
31  We       1018 0533  0.4 1152  1.7 1759  0.6 9999  9.9
 1  Th       1118 0007  1.7 0627  0.5 1247  1.7 1858  0.6
 2  Fr       1118 0106  1.6 0724  0.5 1347  1.7 2002  0.6
 3  Sa       1118 0211  1.6 0827  0.5 1450  1.7 2109  0.6
 4  Su       1118 0319  1.6 0931  0.6 1552  1.7 2215  0.6
 5  Mo       1118 0426  1.6 1034  0.6 1652  1.7 2316  0.5
 6  Tu       1118 0529  1.6 1133  0.6 1748  1.7 9999  9.9
 7  We       1118 0012  0.5 0626  1.7 1228  0.6 1839  1.7
 8  Th       1118 0102  0.4 0717  1.7 1318  0.5 1926  1.8
 9  Fr       1118 0149  0.4 0805  1.7 1405  0.5 2011  1.8
10  Sa       1118 0233  0.4 0850  1.7 1450  0.6 2054  1.7
11  Su       1118 0315  0.4 0934  1.7 1534  0.6 2136  1.7
12  Mo       1118 0357  0.4 1016  1.7 1617  0.6 2218  1.7
13  Tu       1118 0438  0.5 1059  1.6 1700  0.6 2300  1.6
14  We       1118 0520  0.5 1143  1.6 1745  0.7 2344  1.6
15  Th       1118 0604  0.6 1228  1.6 1833  0.7 9999  9.9
16  Fr       1118 0032  1.5 0650  0.6 1315  1.5 1924  0.7
17  Sa       1118 0123  1.5 0739  0.7 1405  1.5 2018  0.7
18  Su       1118 0219  1.4 0832  0.7 1457  1.5 2114  0.7
19  Mo       1118 0317  1.4 0926  0.7 1549  1.5 2208  0.7
20  Tu       1118 0414  1.5 1019  0.7 1639  1.6 2300  0.6
21  We       1118 0508  1.5 1111  0.7 1727  1.6 2349  0.6
22  Th       1118 0559  1.5 1200  0.6 1813  1.7 9999  9.9
23  Fr       1118 0035  0.5 0647  1.6 1248  0.6 1859  1.7
24  Sa       1118 0121  0.4 0734  1.7 1335  0.6 1944  1.8
25  Su       1118 0206  0.4 0821  1.7 1422  0.5 2031  1.8
26  Mo       1118 0252  0.3 0908  1.8 1511  0.5 2118  1.8
27  Tu       1118 0339  0.3 0957  1.8 1601  0.5 2208  1.8
28  We       1118 0427  0.3 1047  1.8 1654  0.5 2300  1.8
29  Th       1118 0518  0.4 1139  1.8 1749  0.5 2355  1.7
30  Fr       1118 0611  0.4 1234  1.7 1848  0.6 9999  9.9
 1  Sa       1218 0054  1.6 0708  0.5 1331  1.7 1950  0.6
 2  Su       1218 0158  1.6 0808  0.5 1431  1.7 2055  0.6
 3  Mo       1218 0304  1.6 0911  0.6 1531  1.7 2158  0.6
 4  Tu       1218 0410  1.6 1012  0.6 1629  1.7 2258  0.5
 5  We       1218 0512  1.6 1112  0.6 1724  1.7 2352  0.5
 6  Th       1218 0609  1.6 1206  0.6 1815  1.7 9999  9.9
 7  Fr       1218 0042  0.5 0700  1.6 1257  0.6 1902  1.7
 8  Sa       1218 0128  0.5 0747  1.6 1343  0.6 1947  1.7
 9  Su       1218 0211  0.4 0830  1.7 1428  0.6 2029  1.7
10  Mo       1218 0252  0.4 0912  1.7 1510  0.6 2110  1.7
11  Tu       1218 0332  0.5 0953  1.7 1552  0.6 2151  1.6
12  We       1218 0412  0.5 1033  1.6 1634  0.7 2232  1.6
13  Th       1218 0451  0.5 1113  1.6 1717  0.7 2314  1.6
14  Fr       1218 0531  0.6 1155  1.6 1801  0.7 2358  1.5
15  Sa       1218 0613  0.6 1237  1.6 1847  0.7 9999  9.9
16  Su       1218 0045  1.5 0657  0.7 1321  1.6 1936  0.7
17  Mo       1218 0135  1.5 0743  0.7 1408  1.6 2028  0.7
18  Tu       1218 0230  1.4 0834  0.7 1458  1.6 2122  0.7
19  We       1218 0327  1.4 0928  0.7 1549  1.6 2216  0.6
20  Th       1218 0424  1.5 1023  0.7 1642  1.6 2309  0.6
21  Fr       1218 0521  1.5 1119  0.7 1734  1.7 9999  9.9
22  Sa       1218 0001  0.5 0615  1.6 1214  0.6 1826  1.7
23  Su       1218 0052  0.4 0708  1.7 1308  0.6 1918  1.8
24  Mo       1218 0142  0.3 0759  1.7 1401  0.5 2009  1.8
25  Tu       1218 0231  0.3 0850  1.8 1454  0.5 2101  1.8
26  We       1218 0321  0.3 0941  1.8 1547  0.5 2153  1.8
27  Th       1218 0411  0.3 1032  1.8 1641  0.5 2247  1.8
28  Fr       1218 0503  0.3 1123  1.8 1737  0.5 2342  1.7
29  Sa       1218 0555  0.4 1217  1.8 1833  0.5 9999  9.9
30  Su       1218 0040  1.7 0650  0.5 1311  1.8 1932  0.5
31  Mo       1218 0141  1.6 0747  0.5 1407  1.7 2033  0.6
