233Rocky Point
Based on data from  1-Jan-2009
Local Std Time, tidal heights in metres.
 1  Tu        119 0254  3.4 0901  1.0 1514  3.5 2135  0.9
 2  We        119 0359  3.4 1003  1.1 1612  3.4 2234  0.9
 3  Th        119 0501  3.4 1100  1.1 1708  3.4 2329  0.9
 4  Fr        119 0555  3.5 1151  1.0 1801  3.4 9999  9.9
 5  Sa        119 0019  0.9 0643  3.5 1238  1.0 1851  3.4
 6  Su        119 0104  0.8 0728  3.6 1322  1.0 1938  3.4
 7  Mo        119 0145  0.8 0809  3.6 1404  1.0 2022  3.4
 8  Tu        119 0224  0.8 0849  3.6 1446  0.9 2103  3.4
 9  We        119 0302  0.8 0928  3.6 1527  1.0 2142  3.4
10  Th        119 0340  0.8 1007  3.6 1608  1.0 2220  3.4
11  Fr        119 0417  0.9 1046  3.5 1648  1.0 2258  3.4
12  Sa        119 0456  1.0 1126  3.5 1729  1.0 2337  3.3
13  Su        119 0537  1.1 1207  3.4 1812  1.1 9999  9.9
14  Mo        119 0018  3.3 0621  1.1 1249  3.4 1856  1.1
15  Tu        119 0102  3.2 0710  1.2 1334  3.3 1944  1.1
16  We        119 0153  3.2 0806  1.2 1423  3.3 2038  1.1
17  Th        119 0250  3.2 0906  1.2 1516  3.4 2136  1.0
18  Fr        119 0352  3.3 1007  1.1 1614  3.4 2237  0.9
19  Sa        119 0455  3.4 1106  1.0 1715  3.5 2336  0.7
20  Su        119 0555  3.6 1203  0.9 1816  3.6 9999  9.9
21  Mo        119 0032  0.5 0651  3.8 1258  0.7 1915  3.8
22  Tu        119 0125  0.4 0744  4.0 1352  0.6 2011  3.9
23  We        119 0216  0.3 0836  4.1 1446  0.5 2105  4.0
24  Th        119 0306  0.2 0928  4.1 1538  0.4 2157  4.0
25  Fr        119 0355  0.3 1019  4.1 1630  0.5 2247  3.9
26  Sa        119 0445  0.4 1111  4.0 1721  0.6 2338  3.8
27  Su        119 0537  0.6 1203  3.9 1813  0.7 9999  9.9
28  Mo        119 0031  3.7 0632  0.8 1255  3.7 1906  0.8
29  Tu        119 0126  3.5 0730  1.0 1349  3.5 2003  0.9
30  We        119 0226  3.4 0832  1.1 1444  3.4 2103  1.0
31  Th        119 0330  3.3 0935  1.2 1542  3.3 2205  1.1
 1  Fr        219 0433  3.3 1033  1.2 1640  3.3 2304  1.1
 2  Sa        219 0530  3.3 1127  1.2 1737  3.2 2356  1.0
 3  Su        219 0620  3.4 1215  1.1 1830  3.3 9999  9.9
 4  Mo        219 0042  1.0 0705  3.5 1300  1.1 1917  3.3
 5  Tu        219 0124  0.9 0746  3.5 1342  1.0 2001  3.4
 6  We        219 0202  0.9 0826  3.6 1423  1.0 2040  3.4
 7  Th        219 0239  0.8 0904  3.6 1503  0.9 2118  3.5
 8  Fr        219 0315  0.8 0941  3.6 1541  0.9 2154  3.5
 9  Sa        219 0351  0.9 1018  3.5 1619  0.9 2229  3.4
10  Su        219 0428  0.9 1055  3.5 1658  0.9 2306  3.4
11  Mo        219 0507  1.0 1133  3.5 1737  0.9 2345  3.4
12  Tu        219 0549  1.1 1214  3.4 1820  1.0 9999  9.9
13  We        219 0028  3.3 0636  1.1 1258  3.4 1907  1.0
14  Th        219 0118  3.3 0730  1.2 1348  3.4 2000  1.0
15  Fr        219 0215  3.3 0831  1.2 1442  3.4 2101  1.0
16  Sa        219 0319  3.3 0935  1.1 1544  3.4 2207  0.9
17  Su        219 0426  3.5 1040  1.0 1650  3.5 2311  0.7
18  Mo        219 0530  3.6 1141  0.8 1756  3.6 9999  9.9
19  Tu        219 0011  0.6 0629  3.8 1239  0.7 1858  3.8
20  We        219 0106  0.4 0724  4.0 1334  0.5 1955  3.9
21  Th        219 0157  0.3 0817  4.1 1427  0.4 2048  4.0
22  Fr        219 0247  0.3 0909  4.1 1519  0.4 2138  4.0
23  Sa        219 0336  0.3 0959  4.1 1608  0.4 2227  4.0
24  Su        219 0425  0.4 1049  4.0 1657  0.5 2316  3.8
25  Mo        219 0515  0.6 1138  3.8 1746  0.7 9999  9.9
26  Tu        219 0005  3.7 0607  0.8 1228  3.6 1835  0.8
27  We        219 0058  3.5 0702  1.0 1319  3.5 1928  1.0
28  Th        219 0155  3.4 0801  1.1 1413  3.3 2027  1.1
 1  Fr        319 0257  3.3 0903  1.2 1510  3.2 2131  1.2
 2  Sa        319 0401  3.2 1003  1.3 1610  3.1 2235  1.2
 3  Su        319 0459  3.3 1058  1.2 1710  3.2 2330  1.1
 4  Mo        319 0551  3.3 1148  1.2 1805  3.2 9999  9.9
 5  Tu        319 0017  1.1 0637  3.4 1234  1.1 1853  3.3
 6  We        319 0059  1.0 0718  3.5 1317  1.0 1936  3.4
 7  Th        319 0137  0.9 0758  3.5 1357  1.0 2015  3.4
 8  Fr        319 0213  0.9 0835  3.5 1435  0.9 2051  3.5
 9  Sa        319 0249  0.8 0912  3.6 1513  0.8 2126  3.5
10  Su        319 0324  0.8 0948  3.6 1550  0.8 2201  3.5
11  Mo        319 0401  0.9 1025  3.5 1628  0.8 2238  3.5
12  Tu        319 0440  0.9 1104  3.5 1708  0.8 2318  3.5
13  We        319 0523  1.0 1145  3.5 1750  0.9 9999  9.9
14  Th        319 0002  3.4 0611  1.1 1231  3.4 1838  0.9
15  Fr        319 0053  3.4 0706  1.1 1322  3.4 1932  1.0
16  Sa        319 0151  3.4 0807  1.1 1419  3.4 2035  1.0
17  Su        319 0255  3.4 0912  1.1 1523  3.4 2143  0.9
18  Mo        319 0403  3.5 1018  1.0 1631  3.5 2250  0.8
19  Tu        319 0508  3.6 1121  0.8 1739  3.6 2351  0.6
20  We        319 0607  3.8 1220  0.6 1841  3.8 9999  9.9
21  Th        319 0046  0.5 0703  3.9 1315  0.5 1937  3.9
22  Fr        319 0138  0.4 0756  4.0 1407  0.4 2028  4.0
23  Sa        319 0227  0.3 0846  4.0 1456  0.4 2117  4.0
24  Su        319 0314  0.4 0936  4.0 1544  0.4 2204  4.0
25  Mo        319 0402  0.5 1024  3.9 1630  0.5 2251  3.8
26  Tu        319 0450  0.7 1112  3.7 1716  0.7 2338  3.7
27  We        319 0540  0.9 1200  3.6 1803  0.9 9999  9.9
28  Th        319 0028  3.5 0633  1.0 1249  3.4 1853  1.0
29  Fr        319 0123  3.3 0729  1.2 1340  3.2 1949  1.2
30  Sa        319 0222  3.2 0828  1.3 1436  3.1 2053  1.3
31  Su        319 0324  3.2 0928  1.3 1536  3.1 2159  1.3
 1  Mo        419 0422  3.2 1025  1.3 1637  3.1 2257  1.2
 2  Tu        419 0515  3.3 1116  1.2 1733  3.2 2346  1.1
 3  We        419 0602  3.3 1202  1.1 1822  3.3 9999  9.9
 4  Th        419 0028  1.1 0644  3.4 1245  1.0 1906  3.4
 5  Fr        419 0107  1.0 0724  3.5 1326  0.9 1945  3.5
 6  Sa        419 0144  0.9 0802  3.5 1405  0.8 2021  3.5
 7  Su        419 0220  0.9 0840  3.5 1443  0.8 2057  3.6
 8  Mo        419 0257  0.8 0918  3.6 1521  0.7 2134  3.6
 9  Tu        419 0336  0.8 0957  3.6 1601  0.7 2213  3.6
10  We        419 0418  0.9 1039  3.5 1642  0.7 2256  3.6
11  Th        419 0503  0.9 1124  3.5 1727  0.8 2343  3.5
12  Fr        419 0554  1.0 1212  3.5 1817  0.9 9999  9.9
13  Sa        419 0035  3.5 0650  1.0 1305  3.4 1912  0.9
14  Su        419 0134  3.5 0751  1.0 1403  3.4 2016  1.0
15  Mo        419 0238  3.5 0855  1.0 1508  3.4 2124  0.9
16  Tu        419 0343  3.5 1000  0.9 1616  3.5 2231  0.8
17  We        419 0446  3.7 1102  0.8 1723  3.6 2332  0.7
18  Th        419 0545  3.8 1200  0.6 1823  3.8 9999  9.9
19  Fr        419 0026  0.6 0640  3.9 1254  0.5 1917  3.9
20  Sa        419 0117  0.5 0732  3.9 1344  0.5 2007  4.0
21  Su        419 0205  0.5 0822  3.9 1432  0.5 2054  4.0
22  Mo        419 0252  0.5 0911  3.8 1518  0.5 2140  3.9
23  Tu        419 0338  0.6 0958  3.7 1602  0.6 2225  3.8
24  We        419 0425  0.8 1045  3.6 1646  0.8 2311  3.6
25  Th        419 0513  0.9 1131  3.5 1731  0.9 2359  3.5
26  Fr        419 0603  1.1 1218  3.3 1819  1.1 9999  9.9
27  Sa        419 0050  3.4 0656  1.2 1307  3.2 1912  1.2
28  Su        419 0145  3.3 0752  1.2 1400  3.1 2011  1.3
29  Mo        419 0243  3.2 0849  1.3 1457  3.1 2116  1.3
30  Tu        419 0339  3.2 0944  1.2 1556  3.1 2216  1.3
 1  We        519 0432  3.2 1036  1.2 1654  3.1 2307  1.2
 2  Th        519 0520  3.3 1124  1.1 1744  3.2 2351  1.1
 3  Fr        519 0603  3.4 1209  1.0 1829  3.4 9999  9.9
 4  Sa        519 0032  1.0 0645  3.4 1251  0.9 1910  3.5
 5  Su        519 0111  0.9 0726  3.5 1332  0.8 1950  3.6
 6  Mo        519 0150  0.9 0807  3.5 1413  0.7 2029  3.6
 7  Tu        519 0231  0.8 0849  3.6 1454  0.6 2110  3.7
 8  We        519 0314  0.8 0933  3.6 1537  0.6 2153  3.7
 9  Th        519 0359  0.8 1019  3.6 1621  0.6 2239  3.7
10  Fr        519 0448  0.9 1107  3.6 1709  0.7 2329  3.7
11  Sa        519 0541  0.9 1158  3.5 1800  0.8 9999  9.9
12  Su        519 0023  3.6 0637  0.9 1253  3.5 1857  0.9
13  Mo        519 0121  3.6 0737  0.9 1351  3.4 2000  0.9
14  Tu        519 0223  3.6 0840  0.9 1455  3.4 2107  0.9
15  We        519 0325  3.6 0942  0.9 1602  3.5 2212  0.9
16  Th        519 0425  3.6 1043  0.8 1706  3.6 2312  0.8
17  Fr        519 0522  3.7 1139  0.7 1804  3.7 9999  9.9
18  Sa        519 0005  0.7 0617  3.7 1232  0.6 1857  3.8
19  Su        519 0055  0.7 0709  3.7 1321  0.6 1945  3.8
20  Mo        519 0142  0.6 0759  3.7 1408  0.6 2031  3.8
21  Tu        519 0229  0.7 0847  3.7 1452  0.6 2116  3.8
22  We        519 0314  0.8 0933  3.6 1535  0.7 2200  3.7
23  Th        519 0400  0.9 1018  3.5 1618  0.8 2244  3.6
24  Fr        519 0446  1.0 1103  3.4 1701  0.9 2330  3.5
25  Sa        519 0534  1.1 1148  3.3 1746  1.1 9999  9.9
26  Su        519 0018  3.4 0623  1.1 1234  3.2 1835  1.2
27  Mo        519 0108  3.3 0714  1.2 1323  3.1 1929  1.3
28  Tu        519 0200  3.2 0806  1.2 1415  3.1 2028  1.3
29  We        519 0252  3.2 0859  1.2 1510  3.1 2127  1.3
30  Th        519 0343  3.2 0951  1.2 1606  3.1 2221  1.3
31  Fr        519 0431  3.3 1041  1.1 1700  3.2 2309  1.2
 1  Sa        619 0517  3.3 1129  1.0 1749  3.3 2354  1.1
 2  Su        619 0603  3.4 1215  0.9 1834  3.5 9999  9.9
 3  Mo        619 0038  1.0 0649  3.5 1300  0.7 1918  3.6
 4  Tu        619 0121  0.9 0736  3.6 1345  0.6 2002  3.7
 5  We        619 0207  0.8 0824  3.6 1430  0.6 2047  3.8
 6  Th        619 0254  0.7 0913  3.7 1516  0.5 2135  3.8
 7  Fr        619 0343  0.7 1003  3.7 1604  0.5 2224  3.8
 8  Sa        619 0435  0.7 1053  3.7 1653  0.6 2316  3.8
 9  Su        619 0528  0.8 1146  3.6 1745  0.7 9999  9.9
10  Mo        619 0010  3.7 0624  0.8 1240  3.6 1842  0.8
11  Tu        619 0107  3.7 0722  0.8 1338  3.5 1944  0.9
12  We        619 0206  3.6 0822  0.8 1440  3.5 2049  0.9
13  Th        619 0304  3.6 0922  0.8 1545  3.5 2153  0.9
14  Fr        619 0403  3.6 1022  0.8 1647  3.5 2251  0.9
15  Sa        619 0459  3.6 1119  0.8 1745  3.6 2345  0.9
16  Su        619 0554  3.6 1211  0.7 1837  3.7 9999  9.9
17  Mo        619 0034  0.8 0646  3.6 1300  0.7 1925  3.7
18  Tu        619 0121  0.8 0736  3.5 1345  0.7 2009  3.7
19  We        619 0206  0.8 0824  3.5 1428  0.7 2053  3.7
20  Th        619 0251  0.9 0909  3.5 1510  0.8 2135  3.7
21  Fr        619 0335  0.9 0953  3.4 1550  0.8 2218  3.6
22  Sa        619 0419  1.0 1035  3.4 1631  0.9 2301  3.5
23  Su        619 0504  1.0 1117  3.3 1714  1.0 2345  3.4
24  Mo        619 0549  1.1 1200  3.3 1759  1.1 9999  9.9
25  Tu        619 0031  3.3 0635  1.1 1244  3.2 1847  1.2
26  We        619 0117  3.3 0723  1.1 1331  3.2 1940  1.3
27  Th        619 0205  3.3 0812  1.2 1422  3.1 2036  1.3
28  Fr        619 0252  3.2 0903  1.1 1516  3.2 2132  1.3
29  Sa        619 0341  3.3 0955  1.1 1612  3.2 2226  1.2
30  Su        619 0431  3.3 1048  1.0 1707  3.3 2316  1.1
 1  Mo        719 0522  3.4 1140  0.9 1759  3.5 9999  9.9
 2  Tu        719 0006  1.0 0615  3.5 1231  0.7 1849  3.7
 3  We        719 0055  0.8 0709  3.6 1320  0.6 1938  3.8
 4  Th        719 0145  0.7 0802  3.7 1409  0.5 2027  3.9
 5  Fr        719 0236  0.6 0855  3.8 1457  0.4 2117  4.0
 6  Sa        719 0327  0.6 0947  3.8 1546  0.4 2208  4.0
 7  Su        719 0420  0.6 1038  3.8 1637  0.5 2301  3.9
 8  Mo        719 0513  0.6 1130  3.7 1729  0.6 2354  3.8
 9  Tu        719 0607  0.7 1224  3.7 1825  0.7 9999  9.9
10  We        719 0049  3.7 0702  0.7 1320  3.6 1925  0.9
11  Th        719 0145  3.6 0759  0.8 1421  3.5 2028  1.0
12  Fr        719 0242  3.6 0859  0.9 1524  3.5 2131  1.0
13  Sa        719 0339  3.5 1000  0.9 1627  3.5 2231  1.0
14  Su        719 0437  3.4 1058  0.9 1725  3.5 2325  1.0
15  Mo        719 0533  3.4 1151  0.9 1817  3.6 9999  9.9
16  Tu        719 0014  1.0 0627  3.4 1240  0.8 1904  3.6
17  We        719 0101  0.9 0717  3.4 1324  0.8 1948  3.6
18  Th        719 0145  0.9 0803  3.4 1406  0.8 2030  3.6
19  Fr        719 0229  0.9 0847  3.4 1446  0.8 2110  3.6
20  Sa        719 0311  0.9 0928  3.4 1525  0.9 2151  3.6
21  Su        719 0352  0.9 1007  3.4 1603  0.9 2231  3.5
22  Mo        719 0433  1.0 1046  3.4 1643  1.0 2312  3.5
23  Tu        719 0515  1.0 1125  3.3 1724  1.1 2353  3.4
24  We        719 0557  1.0 1206  3.3 1808  1.2 9999  9.9
25  Th        719 0035  3.3 0640  1.1 1249  3.2 1856  1.2
26  Fr        719 0119  3.3 0726  1.1 1337  3.2 1949  1.3
27  Sa        719 0206  3.3 0817  1.1 1430  3.2 2046  1.3
28  Su        719 0256  3.3 0912  1.1 1529  3.3 2145  1.2
29  Mo        719 0350  3.3 1010  1.0 1629  3.4 2242  1.1
30  Tu        719 0448  3.4 1109  0.8 1728  3.5 2338  0.9
31  We        719 0548  3.5 1205  0.7 1823  3.7 9999  9.9
 1  Th        819 0032  0.8 0647  3.6 1258  0.5 1915  3.9
 2  Fr        819 0125  0.6 0743  3.8 1349  0.4 2007  4.0
 3  Sa        819 0218  0.5 0837  3.9 1439  0.3 2058  4.1
 4  Su        819 0310  0.4 0929  3.9 1528  0.3 2150  4.1
 5  Mo        819 0401  0.4 1020  3.9 1618  0.4 2241  4.0
 6  Tu        819 0453  0.5 1111  3.9 1710  0.5 2334  3.9
 7  We        819 0544  0.6 1203  3.8 1804  0.7 9999  9.9
 8  Th        819 0027  3.8 0637  0.7 1258  3.6 1902  0.9
 9  Fr        819 0121  3.6 0732  0.8 1357  3.5 2004  1.0
10  Sa        819 0217  3.5 0832  1.0 1501  3.4 2108  1.1
11  Su        819 0315  3.4 0935  1.0 1604  3.4 2209  1.1
12  Mo        819 0414  3.3 1037  1.0 1703  3.4 2304  1.1
13  Tu        819 0513  3.3 1132  1.0 1756  3.5 2355  1.1
14  We        819 0608  3.3 1221  1.0 1842  3.5 9999  9.9
15  Th        819 0041  1.0 0658  3.3 1304  0.9 1925  3.6
16  Fr        819 0124  1.0 0743  3.4 1344  0.9 2006  3.6
17  Sa        819 0205  0.9 0824  3.4 1422  0.8 2045  3.6
18  Su        819 0245  0.9 0902  3.5 1459  0.8 2123  3.6
19  Mo        819 0324  0.9 0939  3.5 1535  0.9 2200  3.5
20  Tu        819 0403  0.9 1015  3.5 1613  0.9 2238  3.5
21  We        819 0441  0.9 1052  3.4 1651  1.0 2317  3.4
22  Th        819 0520  0.9 1130  3.4 1733  1.1 2357  3.4
23  Fr        819 0601  1.0 1212  3.3 1819  1.2 9999  9.9
24  Sa        819 0040  3.3 0646  1.0 1259  3.3 1911  1.2
25  Su        819 0127  3.3 0737  1.1 1353  3.3 2009  1.2
26  Mo        819 0220  3.3 0835  1.0 1454  3.3 2111  1.2
27  Tu        819 0318  3.3 0938  1.0 1558  3.4 2214  1.1
28  We        819 0421  3.4 1042  0.8 1701  3.6 2314  0.9
29  Th        819 0526  3.5 1142  0.7 1759  3.8 9999  9.9
30  Fr        819 0011  0.7 0628  3.7 1237  0.5 1854  3.9
31  Sa        819 0106  0.5 0725  3.9 1329  0.3 1946  4.1
 1  Su        919 0158  0.4 0819  4.0 1419  0.3 2038  4.1
 2  Mo        919 0250  0.3 0910  4.1 1508  0.3 2129  4.1
 3  Tu        919 0340  0.3 1000  4.0 1558  0.4 2219  4.0
 4  We        919 0429  0.4 1049  3.9 1648  0.5 2310  3.9
 5  Th        919 0518  0.5 1140  3.8 1741  0.7 9999  9.9
 6  Fr        919 0002  3.7 0609  0.7 1233  3.6 1837  0.9
 7  Sa        919 0054  3.5 0702  0.9 1330  3.5 1937  1.1
 8  Su        919 0149  3.4 0801  1.0 1433  3.4 2041  1.2
 9  Mo        919 0247  3.2 0906  1.1 1537  3.3 2144  1.2
10  Tu        919 0349  3.2 1012  1.2 1637  3.3 2241  1.2
11  We        919 0451  3.2 1110  1.1 1730  3.4 2332  1.1
12  Th        919 0547  3.2 1159  1.1 1816  3.4 9999  9.9
13  Fr        919 0017  1.0 0636  3.3 1241  1.0 1859  3.5
14  Sa        919 0100  1.0 0720  3.4 1320  0.9 1938  3.5
15  Su        919 0140  0.9 0759  3.5 1357  0.9 2016  3.6
16  Mo        919 0218  0.8 0836  3.5 1432  0.9 2053  3.6
17  Tu        919 0255  0.8 0911  3.5 1508  0.9 2129  3.5
18  We        919 0332  0.8 0946  3.5 1544  0.9 2206  3.5
19  Th        919 0409  0.8 1021  3.5 1622  1.0 2244  3.5
20  Fr        919 0448  0.8 1059  3.5 1703  1.0 2324  3.4
21  Sa        919 0529  0.9 1142  3.4 1749  1.1 9999  9.9
22  Su        919 0009  3.4 0614  1.0 1230  3.4 1842  1.2
23  Mo        919 0058  3.3 0705  1.0 1325  3.3 1941  1.2
24  Tu        919 0153  3.3 0805  1.0 1427  3.4 2045  1.1
25  We        919 0254  3.3 0912  1.0 1533  3.5 2150  1.0
26  Th        919 0401  3.4 1019  0.9 1637  3.6 2253  0.8
27  Fr        919 0508  3.5 1121  0.7 1736  3.8 2351  0.7
28  Sa        919 0611  3.7 1217  0.5 1832  4.0 9999  9.9
29  Su        919 0046  0.5 0707  3.9 1309  0.4 1924  4.1
30  Mo        919 0138  0.3 0800  4.0 1359  0.3 2016  4.1
 1  Tu       1019 0228  0.3 0849  4.1 1448  0.3 2106  4.1
 2  We       1019 0317  0.3 0938  4.1 1536  0.4 2156  4.0
 3  Th       1019 0404  0.4 1026  4.0 1625  0.6 2245  3.8
 4  Fr       1019 0451  0.5 1115  3.8 1716  0.8 2335  3.6
 5  Sa       1019 0539  0.7 1206  3.6 1810  1.0 9999  9.9
 6  Su       1019 0026  3.4 0630  0.9 1301  3.5 1908  1.1
 7  Mo       1019 0119  3.3 0726  1.1 1401  3.3 2010  1.2
 8  Tu       1019 0217  3.2 0831  1.2 1504  3.3 2112  1.2
 9  We       1019 0319  3.1 0939  1.3 1604  3.3 2210  1.2
10  Th       1019 0421  3.1 1040  1.2 1657  3.3 2302  1.1
11  Fr       1019 0519  3.2 1130  1.1 1745  3.4 2348  1.1
12  Sa       1019 0608  3.3 1213  1.1 1827  3.5 9999  9.9
13  Su       1019 0031  1.0 0652  3.4 1252  1.0 1907  3.5
14  Mo       1019 0111  0.9 0731  3.5 1329  0.9 1945  3.5
15  Tu       1019 0149  0.8 0808  3.5 1405  0.9 2022  3.5
16  We       1019 0226  0.8 0843  3.6 1441  0.9 2059  3.5
17  Th       1019 0303  0.7 0918  3.6 1518  0.9 2137  3.5
18  Fr       1019 0341  0.7 0955  3.6 1558  0.9 2217  3.5
19  Sa       1019 0421  0.7 1035  3.6 1641  1.0 2259  3.4
20  Su       1019 0503  0.8 1119  3.5 1729  1.0 2346  3.4
21  Mo       1019 0549  0.9 1209  3.5 1822  1.1 9999  9.9
22  Tu       1019 0037  3.4 0642  0.9 1305  3.4 1921  1.1
23  We       1019 0133  3.3 0742  1.0 1407  3.5 2025  1.1
24  Th       1019 0235  3.3 0850  1.0 1511  3.5 2130  0.9
25  Fr       1019 0343  3.4 0958  0.9 1614  3.6 2232  0.8
26  Sa       1019 0451  3.6 1101  0.7 1713  3.8 2331  0.6
27  Su       1019 0553  3.7 1157  0.6 1809  3.9 9999  9.9
28  Mo       1019 0026  0.5 0649  3.9 1249  0.5 1902  4.0
29  Tu       1019 0117  0.4 0740  4.0 1339  0.4 1954  4.0
30  We       1019 0206  0.3 0829  4.1 1427  0.4 2044  3.9
31  Th       1019 0253  0.4 0916  4.0 1515  0.5 2133  3.8
 1  Fr       1119 0339  0.4 1003  3.9 1603  0.7 2221  3.7
 2  Sa       1119 0424  0.6 1050  3.8 1652  0.8 2309  3.5
 3  Su       1119 0510  0.8 1139  3.6 1743  1.0 2357  3.4
 4  Mo       1119 0558  1.0 1231  3.5 1837  1.1 9999  9.9
 5  Tu       1119 0048  3.2 0650  1.1 1326  3.3 1934  1.2
 6  We       1119 0142  3.1 0750  1.3 1425  3.3 2033  1.2
 7  Th       1119 0240  3.1 0856  1.3 1523  3.3 2130  1.2
 8  Fr       1119 0342  3.1 0959  1.3 1616  3.3 2224  1.2
 9  Sa       1119 0441  3.1 1053  1.2 1705  3.3 2312  1.1
10  Su       1119 0533  3.2 1139  1.1 1750  3.4 2357  1.0
11  Mo       1119 0619  3.3 1220  1.1 1832  3.4 9999  9.9
12  Tu       1119 0039  0.9 0700  3.4 1258  1.0 1912  3.5
13  We       1119 0119  0.8 0738  3.5 1336  0.9 1951  3.5
14  Th       1119 0158  0.7 0815  3.6 1415  0.9 2031  3.5
15  Fr       1119 0237  0.7 0853  3.7 1455  0.9 2112  3.6
16  Sa       1119 0317  0.6 0933  3.7 1538  0.9 2156  3.5
17  Su       1119 0359  0.6 1016  3.7 1624  0.9 2241  3.5
18  Mo       1119 0443  0.7 1103  3.7 1713  0.9 2329  3.5
19  Tu       1119 0531  0.8 1154  3.6 1807  1.0 9999  9.9
20  We       1119 0021  3.4 0624  0.8 1249  3.6 1905  1.0
21  Th       1119 0117  3.4 0724  0.9 1348  3.6 2006  0.9
22  Fr       1119 0219  3.4 0830  0.9 1450  3.6 2109  0.9
23  Sa       1119 0326  3.4 0937  0.9 1551  3.6 2211  0.8
24  Su       1119 0433  3.5 1040  0.8 1650  3.7 2310  0.7
25  Mo       1119 0535  3.7 1137  0.7 1747  3.8 9999  9.9
26  Tu       1119 0006  0.6 0631  3.8 1229  0.6 1841  3.8
27  We       1119 0057  0.5 0722  3.9 1319  0.6 1933  3.8
28  Th       1119 0146  0.5 0810  3.9 1407  0.6 2023  3.8
29  Fr       1119 0232  0.5 0856  3.9 1454  0.7 2111  3.7
30  Sa       1119 0316  0.5 0941  3.8 1541  0.8 2158  3.6
 1  Su       1219 0359  0.7 1026  3.7 1628  0.9 2244  3.5
 2  Mo       1219 0443  0.8 1112  3.6 1716  1.0 2329  3.4
 3  Tu       1219 0527  1.0 1200  3.5 1805  1.1 9999  9.9
 4  We       1219 0015  3.3 0615  1.1 1250  3.4 1856  1.2
 5  Th       1219 0104  3.2 0708  1.2 1342  3.3 1949  1.2
 6  Fr       1219 0157  3.1 0807  1.3 1435  3.3 2043  1.2
 7  Sa       1219 0254  3.1 0909  1.3 1528  3.2 2137  1.2
 8  Su       1219 0353  3.1 1006  1.3 1618  3.3 2229  1.1
 9  Mo       1219 0449  3.2 1057  1.2 1705  3.3 2318  1.0
10  Tu       1219 0540  3.3 1142  1.2 1751  3.3 9999  9.9
11  We       1219 0004  0.9 0625  3.4 1225  1.1 1836  3.4
12  Th       1219 0048  0.8 0707  3.5 1307  1.0 1921  3.5
13  Fr       1219 0130  0.7 0749  3.6 1350  0.9 2006  3.6
14  Sa       1219 0213  0.6 0831  3.7 1435  0.8 2052  3.6
15  Su       1219 0256  0.5 0914  3.8 1521  0.8 2139  3.6
16  Mo       1219 0340  0.5 1000  3.8 1609  0.8 2226  3.6
17  Tu       1219 0427  0.6 1049  3.8 1700  0.8 2316  3.6
18  We       1219 0516  0.6 1140  3.8 1753  0.8 9999  9.9
19  Th       1219 0007  3.6 0608  0.7 1234  3.7 1848  0.8
20  Fr       1219 0102  3.5 0706  0.8 1330  3.7 1946  0.8
21  Sa       1219 0202  3.5 0809  0.9 1428  3.6 2046  0.9
22  Su       1219 0306  3.4 0915  0.9 1528  3.6 2149  0.8
23  Mo       1219 0413  3.5 1019  0.9 1627  3.6 2249  0.8
24  Tu       1219 0516  3.6 1117  0.9 1725  3.6 2347  0.7
25  We       1219 0613  3.7 1210  0.8 1822  3.6 9999  9.9
26  Th       1219 0039  0.7 0704  3.7 1301  0.8 1915  3.6
27  Fr       1219 0127  0.6 0752  3.8 1348  0.8 2005  3.6
28  Sa       1219 0212  0.6 0837  3.8 1435  0.8 2052  3.6
29  Su       1219 0255  0.7 0920  3.8 1520  0.8 2137  3.5
30  Mo       1219 0336  0.7 1003  3.7 1604  0.9 2219  3.5
31  Tu       1219 0417  0.8 1046  3.6 1648  1.0 2301  3.4
