241Waiorua Bay
Based on data from 18-Sep-2001
Local Std Time, tidal heights in metres.
 1  Tu        119 0545  1.4 1220  0.7 1828  1.4 9999  9.9
 2  We        119 0050  0.6 0700  1.4 1329  0.6 1928  1.5
 3  Th        119 0155  0.5 0801  1.5 1420  0.5 2020  1.5
 4  Fr        119 0249  0.5 0849  1.6 1501  0.4 2106  1.6
 5  Sa        119 0334  0.4 0930  1.7 1537  0.4 2149  1.7
 6  Su        119 0412  0.3 1006  1.8 1610  0.3 2228  1.7
 7  Mo        119 0447  0.3 1040  1.8 1642  0.3 2305  1.7
 8  Tu        119 0519  0.3 1113  1.9 1713  0.3 2340  1.7
 9  We        119 0550  0.3 1145  1.8 1744  0.3 9999  9.9
10  Th        119 0014  1.7 0620  0.3 1217  1.8 1817  0.3
11  Fr        119 0047  1.6 0651  0.3 1250  1.7 1851  0.4
12  Sa        119 0121  1.6 0723  0.4 1326  1.7 1929  0.4
13  Su        119 0156  1.5 0800  0.5 1407  1.6 2010  0.5
14  Mo        119 0235  1.4 0844  0.6 1457  1.5 2059  0.6
15  Tu        119 0326  1.4 0947  0.6 1559  1.4 2159  0.6
16  We        119 0443  1.3 1113  0.7 1715  1.4 2317  0.7
17  Th        119 0625  1.3 1237  0.6 1831  1.4 9999  9.9
18  Fr        119 0052  0.6 0742  1.4 1343  0.5 1938  1.5
19  Sa        119 0216  0.5 0838  1.6 1438  0.4 2037  1.6
20  Su        119 0318  0.4 0925  1.8 1528  0.2 2132  1.8
21  Mo        119 0408  0.3 1008  1.9 1615  0.1 2222  1.8
22  Tu        119 0451  0.2 1050  2.0 1700  0.1 2309  1.9
23  We        119 0532  0.1 1131  2.0 1745  0.1 2353  1.9
24  Th        119 0610  0.2 1212  2.0 1829  0.1 9999  9.9
25  Fr        119 0036  1.8 0646  0.2 1253  1.9 1912  0.2
26  Sa        119 0118  1.8 0723  0.3 1336  1.8 1956  0.3
27  Su        119 0159  1.6 0800  0.4 1422  1.6 2041  0.4
28  Mo        119 0243  1.5 0842  0.6 1516  1.5 2130  0.6
29  Tu        119 0336  1.4 0943  0.7 1623  1.4 2232  0.7
30  We        119 0448  1.3 1119  0.7 1741  1.3 2353  0.7
31  Th        119 0621  1.3 1254  0.7 1856  1.3 9999  9.9
 1  Fr        219 0125  0.7 0738  1.4 1401  0.6 2000  1.4
 2  Sa        219 0237  0.6 0833  1.5 1449  0.5 2054  1.5
 3  Su        219 0326  0.5 0916  1.6 1528  0.4 2139  1.6
 4  Mo        219 0404  0.4 0952  1.7 1602  0.4 2219  1.7
 5  Tu        219 0436  0.3 1026  1.8 1633  0.3 2254  1.7
 6  We        219 0506  0.2 1057  1.9 1703  0.3 2326  1.7
 7  Th        219 0534  0.2 1127  1.9 1733  0.2 2357  1.8
 8  Fr        219 0601  0.2 1158  1.9 1802  0.2 9999  9.9
 9  Sa        219 0026  1.7 0629  0.2 1229  1.8 1832  0.3
10  Su        219 0055  1.7 0657  0.3 1302  1.8 1904  0.3
11  Mo        219 0125  1.6 0728  0.4 1338  1.7 1938  0.4
12  Tu        219 0158  1.5 0804  0.5 1421  1.6 2016  0.5
13  We        219 0237  1.4 0853  0.6 1514  1.5 2104  0.6
14  Th        219 0335  1.3 1013  0.7 1625  1.4 2211  0.7
15  Fr        219 0527  1.3 1158  0.7 1752  1.4 9999  9.9
16  Sa        219 0004  0.7 0715  1.4 1322  0.6 1915  1.4
17  Su        219 0206  0.6 0821  1.5 1426  0.4 2024  1.6
18  Mo        219 0313  0.4 0911  1.7 1519  0.2 2122  1.7
19  Tu        219 0400  0.3 0955  1.9 1606  0.1 2212  1.8
20  We        219 0441  0.2 1036  2.0 1651  0.1 2256  1.9
21  Th        219 0518  0.1 1116  2.0 1733  0.0 2338  1.9
22  Fr        219 0552  0.1 1155  2.0 1813  0.1 9999  9.9
23  Sa        219 0016  1.9 0625  0.2 1233  1.9 1850  0.2
24  Su        219 0053  1.8 0656  0.3 1312  1.8 1926  0.3
25  Mo        219 0129  1.7 0727  0.4 1352  1.7 2001  0.4
26  Tu        219 0206  1.6 0759  0.5 1436  1.5 2039  0.5
27  We        219 0247  1.4 0840  0.6 1531  1.4 2125  0.7
28  Th        219 0344  1.3 1000  0.8 1650  1.3 2240  0.8
 1  Fr        319 0530  1.2 1217  0.8 1822  1.2 9999  9.9
 2  Sa        319 0047  0.8 0714  1.3 1343  0.7 1942  1.3
 3  Su        319 0221  0.7 0815  1.4 1436  0.6 2041  1.4
 4  Mo        319 0311  0.5 0858  1.6 1516  0.5 2126  1.5
 5  Tu        319 0346  0.4 0933  1.7 1549  0.4 2203  1.6
 6  We        319 0417  0.3 1005  1.8 1618  0.3 2236  1.7
 7  Th        319 0444  0.2 1035  1.9 1647  0.2 2306  1.8
 8  Fr        319 0511  0.2 1104  1.9 1714  0.2 2334  1.8
 9  Sa        319 0537  0.2 1134  1.9 1742  0.2 9999  9.9
10  Su        319 0002  1.8 0603  0.2 1205  1.9 1810  0.2
11  Mo        319 0030  1.8 0630  0.2 1237  1.8 1840  0.3
12  Tu        319 0059  1.7 0659  0.3 1313  1.7 1912  0.3
13  We        319 0131  1.6 0733  0.4 1354  1.6 1947  0.4
14  Th        319 0207  1.5 0818  0.5 1445  1.5 2030  0.5
15  Fr        319 0259  1.4 0936  0.7 1555  1.4 2132  0.7
16  Sa        319 0446  1.3 1133  0.7 1726  1.3 2336  0.8
17  Su        319 0651  1.3 1306  0.6 1858  1.4 9999  9.9
18  Mo        319 0156  0.6 0802  1.5 1412  0.4 2011  1.5
19  Tu        319 0259  0.5 0853  1.7 1505  0.3 2108  1.7
20  We        319 0343  0.3 0936  1.9 1552  0.1 2155  1.8
21  Th        319 0421  0.2 1016  2.0 1634  0.1 2237  1.9
22  Fr        319 0455  0.1 1055  2.0 1713  0.0 2316  2.0
23  Sa        319 0528  0.1 1132  2.0 1750  0.1 2352  1.9
24  Su        319 0558  0.2 1209  1.9 1824  0.2 9999  9.9
25  Mo        319 0026  1.9 0626  0.2 1245  1.8 1856  0.3
26  Tu        319 0059  1.8 0653  0.4 1322  1.7 1928  0.4
27  We        319 0132  1.6 0721  0.5 1402  1.5 2000  0.5
28  Th        319 0208  1.5 0755  0.6 1450  1.4 2040  0.6
29  Fr        319 0254  1.3 0854  0.8 1603  1.2 2143  0.8
30  Sa        319 0428  1.2 1130  0.8 1745  1.2 2355  0.8
31  Su        319 0636  1.3 1314  0.7 1916  1.3 9999  9.9
 1  Mo        419 0145  0.7 0746  1.4 1411  0.6 2018  1.4
 2  Tu        419 0240  0.6 0830  1.5 1451  0.5 2103  1.5
 3  We        419 0316  0.4 0905  1.7 1524  0.4 2139  1.6
 4  Th        419 0346  0.3 0937  1.8 1553  0.3 2210  1.7
 5  Fr        419 0414  0.2 1007  1.8 1622  0.2 2239  1.8
 6  Sa        419 0441  0.2 1037  1.9 1650  0.2 2308  1.8
 7  Su        419 0508  0.2 1108  1.9 1719  0.2 2337  1.8
 8  Mo        419 0536  0.2 1141  1.9 1749  0.2 9999  9.9
 9  Tu        419 0006  1.8 0605  0.2 1215  1.8 1820  0.3
10  We        419 0038  1.8 0637  0.3 1254  1.7 1853  0.3
11  Th        419 0112  1.7 0714  0.4 1338  1.6 1930  0.4
12  Fr        419 0152  1.5 0804  0.5 1431  1.5 2015  0.6
13  Sa        419 0248  1.4 0926  0.6 1541  1.4 2121  0.7
14  Su        419 0429  1.3 1119  0.7 1710  1.3 2329  0.7
15  Mo        419 0625  1.4 1248  0.6 1840  1.4 9999  9.9
16  Tu        419 0131  0.6 0737  1.5 1352  0.4 1952  1.5
17  We        419 0233  0.5 0828  1.7 1445  0.3 2047  1.7
18  Th        419 0316  0.3 0911  1.9 1530  0.2 2133  1.8
19  Fr        419 0354  0.2 0952  1.9 1612  0.1 2213  1.9
20  Sa        419 0428  0.1 1031  2.0 1650  0.1 2251  1.9
21  Su        419 0459  0.1 1108  1.9 1725  0.1 2326  1.9
22  Mo        419 0528  0.2 1144  1.8 1759  0.2 9999  9.9
23  Tu        419 0000  1.9 0556  0.3 1220  1.7 1830  0.3
24  We        419 0032  1.8 0623  0.4 1257  1.6 1901  0.4
25  Th        419 0105  1.6 0652  0.5 1336  1.5 1935  0.5
26  Fr        419 0140  1.5 0729  0.6 1422  1.4 2015  0.6
27  Sa        419 0224  1.4 0825  0.7 1527  1.3 2114  0.7
28  Su        419 0337  1.3 1025  0.8 1700  1.2 2256  0.8
29  Mo        419 0536  1.3 1218  0.7 1833  1.3 9999  9.9
30  Tu        419 0046  0.7 0657  1.4 1323  0.6 1939  1.4
 1  We        519 0150  0.6 0748  1.5 1409  0.5 2027  1.5
 2  Th        519 0233  0.5 0826  1.6 1446  0.4 2105  1.6
 3  Fr        519 0308  0.4 0901  1.7 1520  0.4 2139  1.7
 4  Sa        519 0339  0.3 0934  1.8 1552  0.3 2210  1.8
 5  Su        519 0409  0.2 1007  1.8 1625  0.2 2241  1.8
 6  Mo        519 0440  0.2 1042  1.9 1658  0.2 2314  1.8
 7  Tu        519 0512  0.2 1120  1.9 1732  0.2 2347  1.8
 8  We        519 0546  0.2 1159  1.8 1808  0.3 9999  9.9
 9  Th        519 0023  1.8 0624  0.3 1242  1.7 1845  0.4
10  Fr        519 0102  1.7 0708  0.4 1330  1.6 1927  0.5
11  Sa        519 0147  1.6 0806  0.5 1426  1.5 2016  0.6
12  Su        519 0248  1.5 0928  0.6 1533  1.4 2127  0.7
13  Mo        519 0416  1.4 1101  0.6 1653  1.4 2314  0.7
14  Tu        519 0552  1.4 1220  0.5 1815  1.4 9999  9.9
15  We        519 0054  0.6 0703  1.5 1323  0.4 1924  1.5
16  Th        519 0158  0.5 0757  1.7 1417  0.4 2020  1.6
17  Fr        519 0244  0.4 0843  1.8 1505  0.3 2107  1.7
18  Sa        519 0323  0.3 0925  1.8 1547  0.2 2148  1.8
19  Su        519 0359  0.2 1005  1.8 1627  0.2 2226  1.9
20  Mo        519 0431  0.2 1044  1.8 1703  0.2 2302  1.9
21  Tu        519 0501  0.3 1122  1.8 1737  0.3 2336  1.8
22  We        519 0531  0.3 1159  1.7 1810  0.3 9999  9.9
23  Th        519 0010  1.8 0600  0.4 1237  1.6 1843  0.4
24  Fr        519 0044  1.7 0633  0.5 1317  1.5 1918  0.5
25  Sa        519 0120  1.6 0714  0.6 1402  1.4 1959  0.6
26  Su        519 0203  1.5 0807  0.6 1456  1.3 2051  0.6
27  Mo        519 0301  1.4 0924  0.7 1605  1.3 2204  0.7
28  Tu        519 0422  1.3 1056  0.7 1729  1.3 2335  0.7
29  We        519 0547  1.3 1210  0.7 1844  1.3 9999  9.9
30  Th        519 0049  0.6 0649  1.4 1309  0.6 1942  1.4
31  Fr        519 0142  0.5 0737  1.5 1357  0.5 2026  1.5
 1  Sa        619 0224  0.4 0819  1.6 1441  0.4 2105  1.6
 2  Su        619 0302  0.3 0859  1.7 1522  0.4 2142  1.7
 3  Mo        619 0339  0.3 0939  1.8 1603  0.3 2218  1.8
 4  Tu        619 0416  0.2 1021  1.8 1643  0.3 2255  1.8
 5  We        619 0454  0.2 1104  1.8 1723  0.3 2333  1.8
 6  Th        619 0535  0.2 1149  1.8 1803  0.3 9999  9.9
 7  Fr        619 0013  1.8 0619  0.3 1236  1.7 1844  0.3
 8  Sa        619 0056  1.7 0709  0.4 1325  1.6 1928  0.4
 9  Su        619 0144  1.6 0808  0.5 1419  1.5 2018  0.5
10  Mo        619 0242  1.5 0917  0.5 1518  1.5 2121  0.6
11  Tu        619 0354  1.5 1031  0.6 1626  1.4 2244  0.6
12  We        619 0515  1.5 1142  0.5 1741  1.4 9999  9.9
13  Th        619 0012  0.6 0625  1.5 1247  0.5 1852  1.5
14  Fr        619 0120  0.5 0724  1.6 1346  0.5 1952  1.5
15  Sa        619 0212  0.5 0814  1.6 1438  0.4 2042  1.6
16  Su        619 0255  0.4 0900  1.7 1525  0.4 2126  1.7
17  Mo        619 0333  0.3 0943  1.7 1607  0.3 2205  1.8
18  Tu        619 0408  0.3 1024  1.7 1645  0.3 2242  1.8
19  We        619 0441  0.3 1104  1.7 1721  0.3 2317  1.8
20  Th        619 0513  0.3 1143  1.6 1754  0.3 2351  1.8
21  Fr        619 0545  0.4 1221  1.6 1827  0.4 9999  9.9
22  Sa        619 0025  1.7 0621  0.4 1259  1.5 1902  0.4
23  Su        619 0101  1.6 0700  0.5 1339  1.5 1939  0.5
24  Mo        619 0141  1.6 0745  0.5 1421  1.4 2022  0.6
25  Tu        619 0227  1.5 0837  0.6 1509  1.4 2115  0.6
26  We        619 0323  1.4 0937  0.6 1610  1.3 2224  0.7
27  Th        619 0431  1.4 1042  0.7 1728  1.3 2342  0.7
28  Fr        619 0541  1.4 1150  0.6 1845  1.3 9999  9.9
29  Sa        619 0049  0.6 0643  1.5 1258  0.6 1946  1.4
30  Su        619 0143  0.5 0737  1.5 1401  0.5 2035  1.6
 1  Mo        719 0231  0.4 0828  1.6 1458  0.4 2118  1.7
 2  Tu        719 0315  0.3 0917  1.7 1548  0.4 2200  1.8
 3  We        719 0359  0.2 1006  1.8 1634  0.3 2240  1.9
 4  Th        719 0443  0.2 1054  1.8 1717  0.3 2321  1.9
 5  Fr        719 0529  0.2 1141  1.8 1759  0.3 9999  9.9
 6  Sa        719 0003  1.9 0616  0.2 1228  1.8 1840  0.3
 7  Su        719 0046  1.8 0705  0.3 1315  1.7 1921  0.4
 8  Mo        719 0133  1.7 0757  0.4 1402  1.6 2005  0.4
 9  Tu        719 0224  1.6 0852  0.4 1453  1.5 2057  0.5
10  We        719 0324  1.5 0951  0.5 1551  1.4 2204  0.6
11  Th        719 0434  1.5 1055  0.6 1700  1.4 2327  0.6
12  Fr        719 0545  1.4 1203  0.6 1816  1.4 9999  9.9
13  Sa        719 0045  0.6 0650  1.5 1313  0.6 1926  1.4
14  Su        719 0146  0.6 0748  1.5 1417  0.5 2022  1.5
15  Mo        719 0235  0.5 0840  1.5 1511  0.5 2108  1.6
16  Tu        719 0316  0.4 0927  1.6 1555  0.4 2148  1.7
17  We        719 0353  0.4 1011  1.6 1632  0.4 2225  1.8
18  Th        719 0427  0.3 1051  1.6 1706  0.3 2259  1.8
19  Fr        719 0500  0.3 1128  1.7 1738  0.3 2332  1.8
20  Sa        719 0533  0.3 1203  1.7 1809  0.3 9999  9.9
21  Su        719 0005  1.8 0606  0.3 1237  1.6 1840  0.3
22  Mo        719 0038  1.7 0640  0.4 1310  1.6 1912  0.4
23  Tu        719 0114  1.7 0716  0.4 1344  1.5 1947  0.5
24  We        719 0152  1.6 0756  0.5 1420  1.5 2027  0.5
25  Th        719 0237  1.5 0840  0.5 1503  1.4 2120  0.6
26  Fr        719 0332  1.4 0931  0.6 1604  1.3 2235  0.7
27  Sa        719 0439  1.4 1034  0.6 1738  1.3 2359  0.6
28  Su        719 0552  1.4 1157  0.7 1908  1.4 9999  9.9
29  Mo        719 0110  0.6 0702  1.5 1330  0.6 2011  1.5
30  Tu        719 0208  0.4 0806  1.6 1444  0.5 2100  1.7
31  We        719 0300  0.3 0902  1.7 1539  0.4 2144  1.8
 1  Th        819 0348  0.2 0955  1.8 1626  0.3 2226  1.9
 2  Fr        819 0434  0.1 1043  1.8 1707  0.2 2308  2.0
 3  Sa        819 0520  0.1 1129  1.9 1746  0.2 2349  2.0
 4  Su        819 0605  0.1 1213  1.9 1824  0.2 9999  9.9
 5  Mo        819 0030  1.9 0649  0.2 1255  1.8 1901  0.3
 6  Tu        819 0113  1.8 0733  0.3 1337  1.7 1939  0.4
 7  We        819 0159  1.7 0817  0.4 1420  1.6 2020  0.5
 8  Th        819 0250  1.6 0905  0.5 1508  1.5 2114  0.6
 9  Fr        819 0351  1.4 1000  0.6 1611  1.4 2236  0.7
10  Sa        819 0504  1.4 1112  0.7 1737  1.3 9999  9.9
11  Su        819 0014  0.7 0620  1.3 1241  0.7 1904  1.4
12  Mo        819 0130  0.6 0729  1.4 1404  0.6 2006  1.5
13  Tu        819 0224  0.6 0828  1.4 1502  0.5 2053  1.6
14  We        819 0306  0.5 0917  1.5 1543  0.4 2132  1.7
15  Th        819 0343  0.4 0959  1.6 1617  0.3 2207  1.8
16  Fr        819 0415  0.3 1036  1.7 1648  0.3 2240  1.8
17  Sa        819 0446  0.3 1110  1.7 1717  0.2 2311  1.9
18  Su        819 0516  0.3 1141  1.7 1745  0.2 2341  1.9
19  Mo        819 0545  0.3 1211  1.7 1812  0.2 9999  9.9
20  Tu        819 0012  1.8 0615  0.3 1239  1.7 1840  0.3
21  We        819 0044  1.8 0646  0.3 1309  1.6 1910  0.4
22  Th        819 0119  1.7 0719  0.4 1339  1.6 1944  0.5
23  Fr        819 0159  1.6 0756  0.5 1415  1.5 2027  0.6
24  Sa        819 0248  1.5 0839  0.6 1503  1.4 2136  0.7
25  Su        819 0352  1.4 0937  0.6 1632  1.3 2319  0.7
26  Mo        819 0514  1.4 1108  0.7 1837  1.3 9999  9.9
27  Tu        819 0048  0.6 0638  1.4 1315  0.7 1952  1.5
28  We        819 0154  0.5 0751  1.5 1437  0.5 2043  1.7
29  Th        819 0248  0.3 0851  1.7 1529  0.4 2128  1.8
30  Fr        819 0337  0.2 0943  1.8 1611  0.2 2209  2.0
31  Sa        819 0422  0.1 1029  1.9 1649  0.1 2250  2.0
 1  Su        919 0505  0.0 1111  1.9 1726  0.1 2329  2.0
 2  Mo        919 0546  0.1 1151  1.9 1800  0.1 9999  9.9
 3  Tu        919 0009  2.0 0626  0.1 1230  1.9 1833  0.2
 4  We        919 0048  1.9 0704  0.2 1307  1.8 1905  0.3
 5  Th        919 0129  1.7 0741  0.4 1345  1.6 1939  0.5
 6  Fr        919 0214  1.5 0819  0.5 1425  1.5 2019  0.6
 7  Sa        919 0308  1.4 0905  0.6 1518  1.3 2131  0.7
 8  Su        919 0422  1.3 1014  0.8 1652  1.2 2350  0.8
 9  Mo        919 0553  1.2 1211  0.8 1843  1.3 9999  9.9
10  Tu        919 0121  0.7 0715  1.3 1352  0.7 1951  1.4
11  We        919 0215  0.6 0817  1.4 1447  0.6 2036  1.6
12  Th        919 0255  0.5 0904  1.5 1524  0.4 2113  1.7
13  Fr        919 0328  0.4 0942  1.6 1555  0.3 2146  1.8
14  Sa        919 0358  0.3 1016  1.7 1624  0.2 2216  1.9
15  Su        919 0427  0.2 1047  1.8 1650  0.2 2246  1.9
16  Mo        919 0454  0.2 1115  1.8 1716  0.2 2315  1.9
17  Tu        919 0521  0.2 1143  1.8 1742  0.2 2345  1.9
18  We        919 0549  0.2 1210  1.8 1808  0.2 9999  9.9
19  Th        919 0016  1.8 0618  0.3 1238  1.7 1837  0.3
20  Fr        919 0050  1.7 0649  0.3 1308  1.6 1908  0.4
21  Sa        919 0129  1.6 0723  0.4 1342  1.5 1949  0.5
22  Su        919 0217  1.5 0804  0.5 1427  1.4 2055  0.7
23  Mo        919 0322  1.4 0900  0.7 1552  1.3 2253  0.7
24  Tu        919 0449  1.3 1041  0.8 1811  1.3 9999  9.9
25  We        919 0033  0.6 0623  1.4 1308  0.7 1932  1.5
26  Th        919 0141  0.4 0739  1.5 1423  0.5 2024  1.7
27  Fr        919 0235  0.3 0837  1.7 1510  0.3 2108  1.9
28  Sa        919 0321  0.1 0926  1.8 1550  0.2 2149  2.0
29  Su        919 0404  0.1 1010  1.9 1626  0.1 2228  2.1
30  Mo        919 0445  0.0 1050  2.0 1700  0.1 2307  2.0
 1  Tu       1019 0524  0.0 1127  2.0 1733  0.1 2345  2.0
 2  We       1019 0600  0.1 1203  1.9 1803  0.2 9999  9.9
 3  Th       1019 0022  1.8 0635  0.2 1238  1.8 1832  0.3
 4  Fr       1019 0101  1.7 0708  0.4 1312  1.7 1901  0.5
 5  Sa       1019 0142  1.5 0742  0.5 1349  1.5 1934  0.6
 6  Su       1019 0231  1.4 0822  0.6 1434  1.4 2029  0.8
 7  Mo       1019 0343  1.2 0925  0.8 1559  1.2 2316  0.8
 8  Tu       1019 0524  1.2 1132  0.8 1811  1.2 9999  9.9
 9  We       1019 0100  0.7 0655  1.3 1322  0.7 1925  1.4
10  Th       1019 0154  0.6 0757  1.4 1418  0.6 2011  1.5
11  Fr       1019 0232  0.5 0842  1.5 1455  0.4 2047  1.7
12  Sa       1019 0305  0.4 0919  1.6 1526  0.3 2119  1.8
13  Su       1019 0334  0.3 0951  1.7 1554  0.2 2149  1.9
14  Mo       1019 0403  0.2 1021  1.8 1621  0.2 2218  1.9
15  Tu       1019 0430  0.2 1049  1.8 1647  0.1 2248  1.9
16  We       1019 0458  0.2 1117  1.9 1714  0.2 2319  1.9
17  Th       1019 0527  0.2 1146  1.8 1742  0.2 2352  1.8
18  Fr       1019 0557  0.2 1215  1.8 1812  0.3 9999  9.9
19  Sa       1019 0029  1.7 0629  0.3 1248  1.7 1846  0.4
20  Su       1019 0110  1.6 0704  0.4 1325  1.6 1930  0.5
21  Mo       1019 0200  1.5 0747  0.5 1413  1.4 2041  0.6
22  Tu       1019 0306  1.4 0846  0.7 1538  1.3 2237  0.7
23  We       1019 0433  1.3 1034  0.7 1743  1.3 9999  9.9
24  Th       1019 0014  0.6 0605  1.4 1247  0.7 1905  1.5
25  Fr       1019 0122  0.4 0720  1.5 1358  0.5 1959  1.7
26  Sa       1019 0215  0.3 0818  1.7 1445  0.3 2044  1.9
27  Su       1019 0302  0.2 0906  1.8 1525  0.2 2126  2.0
28  Mo       1019 0345  0.1 0948  1.9 1601  0.1 2206  2.0
29  Tu       1019 0425  0.1 1027  2.0 1635  0.1 2244  2.0
30  We       1019 0502  0.1 1104  2.0 1707  0.1 2322  1.9
31  Th       1019 0538  0.2 1139  1.9 1736  0.2 9999  9.9
 1  Fr       1119 0000  1.8 0611  0.3 1213  1.8 1805  0.3
 2  Sa       1119 0037  1.7 0644  0.4 1247  1.7 1834  0.4
 3  Su       1119 0117  1.5 0717  0.5 1323  1.6 1908  0.6
 4  Mo       1119 0204  1.4 0757  0.6 1406  1.4 2000  0.7
 5  Tu       1119 0308  1.3 0854  0.7 1513  1.3 2203  0.8
 6  We       1119 0440  1.2 1035  0.8 1710  1.3 9999  9.9
 7  Th       1119 0006  0.8 0614  1.2 1227  0.7 1839  1.3
 8  Fr       1119 0111  0.6 0723  1.4 1333  0.6 1932  1.5
 9  Sa       1119 0156  0.5 0812  1.5 1417  0.5 2011  1.6
10  Su       1119 0233  0.4 0850  1.6 1452  0.4 2046  1.7
11  Mo       1119 0306  0.3 0924  1.7 1522  0.3 2118  1.8
12  Tu       1119 0337  0.3 0955  1.8 1552  0.2 2151  1.8
13  We       1119 0408  0.2 1025  1.8 1622  0.2 2224  1.9
14  Th       1119 0440  0.2 1056  1.9 1652  0.2 2259  1.9
15  Fr       1119 0512  0.2 1127  1.8 1724  0.2 2336  1.8
16  Sa       1119 0546  0.3 1201  1.8 1759  0.3 9999  9.9
17  Su       1119 0017  1.7 0621  0.3 1237  1.7 1839  0.4
18  Mo       1119 0102  1.6 0700  0.4 1319  1.6 1929  0.5
19  Tu       1119 0154  1.5 0745  0.5 1411  1.5 2041  0.6
20  We       1119 0256  1.4 0845  0.6 1527  1.4 2215  0.6
21  Th       1119 0413  1.4 1020  0.7 1707  1.4 2343  0.6
22  Fr       1119 0537  1.4 1211  0.6 1830  1.5 9999  9.9
23  Sa       1119 0052  0.5 0653  1.5 1326  0.5 1929  1.6
24  Su       1119 0150  0.4 0754  1.6 1418  0.4 2018  1.8
25  Mo       1119 0240  0.3 0844  1.7 1500  0.3 2103  1.8
26  Tu       1119 0325  0.2 0927  1.8 1538  0.2 2145  1.9
27  We       1119 0407  0.2 1007  1.9 1613  0.2 2225  1.9
28  Th       1119 0445  0.2 1044  1.9 1646  0.2 2304  1.8
29  Fr       1119 0521  0.2 1120  1.9 1717  0.3 2343  1.7
30  Sa       1119 0555  0.3 1154  1.8 1748  0.3 9999  9.9
 1  Su       1219 0021  1.6 0628  0.3 1229  1.7 1820  0.4
 2  Mo       1219 0101  1.5 0703  0.4 1305  1.6 1857  0.5
 3  Tu       1219 0144  1.4 0741  0.5 1346  1.5 1945  0.6
 4  We       1219 0235  1.3 0829  0.6 1438  1.4 2055  0.7
 5  Th       1219 0341  1.3 0937  0.7 1554  1.3 2229  0.7
 6  Fr       1219 0506  1.3 1111  0.7 1724  1.3 2354  0.7
 7  Sa       1219 0628  1.3 1233  0.7 1834  1.4 9999  9.9
 8  Su       1219 0058  0.6 0731  1.4 1330  0.6 1925  1.5
 9  Mo       1219 0150  0.5 0817  1.5 1414  0.5 2007  1.6
10  Tu       1219 0234  0.5 0856  1.6 1451  0.4 2047  1.7
11  We       1219 0313  0.4 0931  1.7 1526  0.3 2126  1.7
12  Th       1219 0351  0.3 1005  1.8 1601  0.2 2205  1.8
13  Fr       1219 0429  0.3 1040  1.9 1638  0.2 2246  1.8
14  Sa       1219 0506  0.2 1115  1.9 1716  0.2 2328  1.8
15  Su       1219 0543  0.3 1152  1.9 1756  0.2 9999  9.9
16  Mo       1219 0012  1.8 0621  0.3 1232  1.8 1841  0.3
17  Tu       1219 0058  1.7 0701  0.4 1315  1.7 1932  0.4
18  We       1219 0147  1.6 0745  0.4 1406  1.6 2033  0.5
19  Th       1219 0241  1.5 0838  0.5 1509  1.5 2143  0.5
20  Fr       1219 0344  1.4 0951  0.6 1627  1.5 2258  0.6
21  Sa       1219 0459  1.4 1125  0.6 1747  1.5 9999  9.9
22  Su       1219 0012  0.5 0618  1.4 1249  0.6 1855  1.5
23  Mo       1219 0119  0.5 0727  1.5 1351  0.5 1952  1.6
24  Tu       1219 0219  0.4 0823  1.6 1439  0.4 2042  1.7
25  We       1219 0311  0.4 0910  1.7 1521  0.3 2128  1.7
26  Th       1219 0356  0.3 0951  1.8 1559  0.3 2212  1.7
27  Fr       1219 0436  0.3 1029  1.8 1634  0.3 2253  1.7
28  Sa       1219 0512  0.3 1105  1.9 1707  0.3 2332  1.7
29  Su       1219 0545  0.3 1139  1.8 1739  0.3 9999  9.9
30  Mo       1219 0010  1.7 0617  0.3 1213  1.8 1812  0.4
31  Tu       1219 0047  1.6 0649  0.3 1248  1.7 1847  0.4
