261Omokoroa
Based on data from  3-Feb-2015
Local Std Time, tidal heights in metres.
 1  Tu        119 0347  1.8 0946  0.4 1608  1.9 2220  0.3
 2  We        119 0445  1.8 1045  0.4 1703  1.9 2315  0.3
 3  Th        119 0542  1.8 1142  0.4 1756  1.8 9999  9.9
 4  Fr        119 0008  0.3 0636  1.8 1236  0.4 1848  1.8
 5  Sa        119 0059  0.3 0726  1.9 1328  0.4 1937  1.8
 6  Su        119 0147  0.3 0813  1.9 1416  0.4 2024  1.8
 7  Mo        119 0232  0.3 0858  1.9 1502  0.4 2108  1.8
 8  Tu        119 0315  0.3 0940  1.9 1545  0.4 2149  1.8
 9  We        119 0355  0.3 1020  1.9 1626  0.4 2228  1.8
10  Th        119 0433  0.3 1058  1.9 1706  0.4 2306  1.8
11  Fr        119 0511  0.3 1134  1.8 1745  0.4 2343  1.7
12  Sa        119 0549  0.4 1211  1.8 1824  0.4 9999  9.9
13  Su        119 0022  1.7 0630  0.4 1249  1.8 1906  0.4
14  Mo        119 0104  1.7 0713  0.4 1331  1.8 1950  0.4
15  Tu        119 0151  1.7 0800  0.5 1417  1.8 2039  0.4
16  We        119 0243  1.7 0853  0.5 1508  1.8 2131  0.4
17  Th        119 0340  1.7 0951  0.5 1603  1.8 2228  0.3
18  Fr        119 0443  1.7 1053  0.5 1703  1.8 2327  0.3
19  Sa        119 0547  1.8 1156  0.4 1805  1.8 9999  9.9
20  Su        119 0025  0.2 0648  1.9 1256  0.4 1907  1.9
21  Mo        119 0122  0.1 0746  2.0 1355  0.3 2005  1.9
22  Tu        119 0217  0.1 0842  2.0 1450  0.2 2102  2.0
23  We        119 0310  0.0 0935  2.1 1544  0.1 2157  2.0
24  Th        119 0402  0.0 1028  2.1 1637  0.1 2250  2.0
25  Fr        119 0454  0.0 1119  2.1 1729  0.1 2343  2.0
26  Sa        119 0545  0.1 1211  2.1 1820  0.1 9999  9.9
27  Su        119 0036  2.0 0637  0.1 1302  2.0 1912  0.2
28  Mo        119 0129  1.9 0730  0.2 1354  2.0 2004  0.2
29  Tu        119 0224  1.9 0824  0.3 1446  1.9 2057  0.3
30  We        119 0321  1.8 0920  0.4 1539  1.8 2151  0.3
31  Th        119 0418  1.8 1018  0.4 1633  1.8 2245  0.3
 1  Fr        219 0514  1.8 1115  0.5 1727  1.8 2339  0.4
 2  Sa        219 0608  1.8 1210  0.5 1820  1.8 9999  9.9
 3  Su        219 0031  0.4 0658  1.8 1301  0.5 1910  1.8
 4  Mo        219 0119  0.3 0746  1.8 1350  0.4 1957  1.8
 5  Tu        219 0205  0.3 0831  1.9 1435  0.4 2042  1.8
 6  We        219 0247  0.3 0912  1.9 1517  0.4 2123  1.8
 7  Th        219 0327  0.3 0951  1.9 1558  0.4 2202  1.8
 8  Fr        219 0405  0.3 1028  1.9 1637  0.4 2239  1.8
 9  Sa        219 0443  0.3 1104  1.9 1715  0.4 2317  1.8
10  Su        219 0522  0.4 1140  1.8 1754  0.4 2356  1.8
11  Mo        219 0603  0.4 1219  1.8 1836  0.4 9999  9.9
12  Tu        219 0037  1.8 0646  0.4 1301  1.8 1920  0.4
13  We        219 0123  1.7 0734  0.4 1346  1.8 2008  0.4
14  Th        219 0215  1.7 0827  0.4 1437  1.8 2101  0.3
15  Fr        219 0312  1.8 0925  0.5 1534  1.8 2159  0.3
16  Sa        219 0415  1.8 1028  0.4 1637  1.8 2259  0.3
17  Su        219 0521  1.8 1132  0.4 1742  1.8 9999  9.9
18  Mo        219 0000  0.2 0624  1.9 1235  0.3 1846  1.9
19  Tu        219 0059  0.2 0724  2.0 1334  0.2 1947  2.0
20  We        219 0156  0.1 0821  2.1 1430  0.2 2044  2.0
21  Th        219 0250  0.0 0915  2.1 1524  0.1 2139  2.0
22  Fr        219 0343  0.0 1007  2.1 1616  0.1 2232  2.1
23  Sa        219 0434  0.0 1058  2.1 1707  0.1 2323  2.0
24  Su        219 0525  0.1 1148  2.1 1757  0.1 9999  9.9
25  Mo        219 0015  2.0 0616  0.2 1237  2.0 1846  0.1
26  Tu        219 0106  1.9 0707  0.2 1327  1.9 1936  0.2
27  We        219 0158  1.9 0759  0.3 1417  1.9 2027  0.3
28  Th        219 0252  1.8 0853  0.4 1508  1.8 2119  0.4
 1  Fr        319 0347  1.8 0949  0.5 1601  1.7 2212  0.4
 2  Sa        319 0443  1.8 1045  0.5 1655  1.7 2306  0.4
 3  Su        319 0536  1.8 1139  0.5 1749  1.7 2359  0.4
 4  Mo        319 0627  1.8 1231  0.5 1841  1.7 9999  9.9
 5  Tu        319 0048  0.4 0715  1.8 1320  0.5 1929  1.7
 6  We        319 0134  0.4 0759  1.8 1404  0.4 2014  1.8
 7  Th        319 0217  0.4 0841  1.8 1447  0.4 2056  1.8
 8  Fr        319 0258  0.3 0920  1.8 1527  0.4 2135  1.8
 9  Sa        319 0337  0.3 0957  1.9 1606  0.3 2213  1.8
10  Su        319 0417  0.3 1034  1.9 1646  0.3 2252  1.8
11  Mo        319 0458  0.3 1112  1.9 1726  0.3 2332  1.8
12  Tu        319 0540  0.3 1152  1.8 1809  0.3 9999  9.9
13  We        319 0015  1.8 0625  0.4 1236  1.8 1854  0.3
14  Th        319 0102  1.8 0714  0.4 1323  1.8 1943  0.3
15  Fr        319 0154  1.8 0807  0.4 1415  1.8 2036  0.3
16  Sa        319 0251  1.8 0906  0.4 1513  1.8 2134  0.3
17  Su        319 0354  1.8 1008  0.4 1617  1.8 2236  0.3
18  Mo        319 0459  1.9 1112  0.4 1724  1.8 2338  0.2
19  Tu        319 0603  1.9 1214  0.3 1829  1.9 9999  9.9
20  We        319 0038  0.2 0702  2.0 1313  0.2 1929  2.0
21  Th        319 0135  0.1 0758  2.1 1409  0.1 2026  2.0
22  Fr        319 0230  0.1 0852  2.1 1502  0.1 2120  2.1
23  Sa        319 0323  0.1 0943  2.1 1553  0.1 2211  2.1
24  Su        319 0413  0.1 1033  2.1 1642  0.1 2301  2.0
25  Mo        319 0503  0.1 1122  2.0 1731  0.1 2351  2.0
26  Tu        319 0553  0.2 1210  2.0 1818  0.2 9999  9.9
27  We        319 0040  1.9 0642  0.3 1257  1.9 1906  0.3
28  Th        319 0130  1.9 0733  0.4 1345  1.8 1954  0.3
29  Fr        319 0221  1.8 0824  0.4 1434  1.7 2043  0.4
30  Sa        319 0313  1.8 0917  0.5 1526  1.7 2135  0.5
31  Su        319 0407  1.7 1011  0.5 1620  1.7 2229  0.5
 1  Mo        419 0500  1.7 1104  0.5 1715  1.7 2322  0.5
 2  Tu        419 0550  1.7 1156  0.5 1808  1.7 9999  9.9
 3  We        419 0013  0.5 0638  1.8 1244  0.5 1857  1.7
 4  Th        419 0100  0.4 0723  1.8 1330  0.4 1943  1.8
 5  Fr        419 0145  0.4 0805  1.8 1413  0.4 2026  1.8
 6  Sa        419 0227  0.4 0845  1.8 1454  0.3 2107  1.8
 7  Su        419 0309  0.3 0925  1.9 1536  0.3 2148  1.8
 8  Mo        419 0352  0.3 1005  1.9 1618  0.3 2229  1.9
 9  Tu        419 0435  0.3 1047  1.9 1700  0.3 2311  1.9
10  We        419 0520  0.3 1130  1.9 1745  0.2 2357  1.9
11  Th        419 0608  0.3 1216  1.8 1832  0.3 9999  9.9
12  Fr        419 0045  1.9 0658  0.4 1305  1.8 1922  0.3
13  Sa        419 0138  1.8 0752  0.4 1359  1.8 2016  0.3
14  Su        419 0236  1.8 0850  0.4 1458  1.8 2114  0.3
15  Mo        419 0338  1.9 0951  0.4 1602  1.8 2215  0.3
16  Tu        419 0440  1.9 1053  0.3 1708  1.8 2317  0.3
17  We        419 0542  1.9 1154  0.3 1812  1.9 9999  9.9
18  Th        419 0018  0.2 0640  2.0 1252  0.2 1911  2.0
19  Fr        419 0115  0.2 0735  2.0 1347  0.1 2007  2.0
20  Sa        419 0209  0.1 0828  2.0 1439  0.1 2059  2.0
21  Su        419 0301  0.1 0918  2.0 1528  0.1 2149  2.1
22  Mo        419 0352  0.2 1007  2.0 1616  0.1 2238  2.0
23  Tu        419 0441  0.2 1054  2.0 1703  0.1 2325  2.0
24  We        419 0529  0.3 1141  1.9 1749  0.2 9999  9.9
25  Th        419 0012  1.9 0617  0.3 1226  1.8 1834  0.3
26  Fr        419 0059  1.9 0704  0.4 1312  1.8 1919  0.4
27  Sa        419 0147  1.8 0753  0.4 1358  1.7 2006  0.4
28  Su        419 0236  1.8 0842  0.5 1447  1.7 2054  0.5
29  Mo        419 0326  1.7 0933  0.5 1539  1.6 2146  0.5
30  Tu        419 0416  1.7 1024  0.5 1633  1.6 2238  0.5
 1  We        519 0506  1.7 1115  0.5 1728  1.7 2331  0.5
 2  Th        519 0555  1.7 1204  0.5 1819  1.7 9999  9.9
 3  Fr        519 0021  0.5 0641  1.8 1251  0.4 1908  1.8
 4  Sa        519 0109  0.4 0726  1.8 1337  0.4 1954  1.8
 5  Su        519 0156  0.4 0810  1.8 1422  0.3 2038  1.8
 6  Mo        519 0242  0.4 0854  1.9 1506  0.3 2122  1.9
 7  Tu        519 0328  0.3 0938  1.9 1551  0.2 2207  1.9
 8  We        519 0414  0.3 1024  1.9 1637  0.2 2253  1.9
 9  Th        519 0503  0.3 1111  1.9 1723  0.2 2341  1.9
10  Fr        519 0552  0.3 1200  1.9 1812  0.2 9999  9.9
11  Sa        519 0032  1.9 0644  0.3 1252  1.8 1904  0.2
12  Su        519 0125  1.9 0739  0.3 1347  1.8 1958  0.3
13  Mo        519 0222  1.9 0836  0.3 1447  1.8 2056  0.3
14  Tu        519 0321  1.9 0935  0.3 1549  1.8 2156  0.3
15  We        519 0421  1.9 1034  0.3 1653  1.8 2257  0.3
16  Th        519 0520  1.9 1133  0.2 1755  1.9 2357  0.3
17  Fr        519 0617  2.0 1229  0.2 1852  1.9 9999  9.9
18  Sa        519 0054  0.2 0711  2.0 1323  0.1 1946  2.0
19  Su        519 0148  0.2 0803  2.0 1414  0.1 2037  2.0
20  Mo        519 0240  0.2 0853  2.0 1503  0.1 2126  2.0
21  Tu        519 0329  0.2 0941  1.9 1550  0.1 2213  2.0
22  We        519 0417  0.3 1027  1.9 1635  0.2 2259  2.0
23  Th        519 0504  0.3 1112  1.8 1719  0.3 2344  1.9
24  Fr        519 0550  0.4 1155  1.8 1801  0.3 9999  9.9
25  Sa        519 0028  1.9 0635  0.4 1238  1.7 1844  0.4
26  Su        519 0111  1.8 0720  0.5 1321  1.7 1927  0.5
27  Mo        519 0155  1.8 0805  0.5 1406  1.7 2012  0.5
28  Tu        519 0241  1.7 0852  0.5 1455  1.6 2101  0.5
29  We        519 0328  1.7 0940  0.5 1547  1.6 2152  0.5
30  Th        519 0417  1.7 1030  0.5 1642  1.7 2246  0.5
31  Fr        519 0506  1.7 1121  0.4 1737  1.7 2340  0.5
 1  Sa        619 0556  1.8 1212  0.4 1830  1.8 9999  9.9
 2  Su        619 0033  0.5 0646  1.8 1301  0.3 1921  1.8
 3  Mo        619 0125  0.4 0736  1.8 1350  0.3 2010  1.9
 4  Tu        619 0215  0.4 0825  1.9 1438  0.2 2058  1.9
 5  We        619 0305  0.3 0914  1.9 1526  0.2 2147  2.0
 6  Th        619 0355  0.3 1004  1.9 1615  0.1 2236  2.0
 7  Fr        619 0446  0.3 1054  1.9 1704  0.1 2326  2.0
 8  Sa        619 0537  0.2 1146  1.9 1754  0.1 9999  9.9
 9  Su        619 0018  2.0 0630  0.2 1239  1.9 1846  0.2
10  Mo        619 0111  2.0 0724  0.2 1335  1.9 1941  0.2
11  Tu        619 0207  2.0 0819  0.2 1433  1.8 2038  0.3
12  We        619 0304  1.9 0916  0.2 1534  1.8 2137  0.3
13  Th        619 0401  1.9 1013  0.2 1636  1.8 2237  0.3
14  Fr        619 0458  1.9 1111  0.2 1735  1.9 2336  0.3
15  Sa        619 0553  1.9 1206  0.2 1832  1.9 9999  9.9
16  Su        619 0033  0.3 0647  1.9 1259  0.2 1925  1.9
17  Mo        619 0127  0.3 0738  1.9 1349  0.2 2015  2.0
18  Tu        619 0218  0.3 0828  1.9 1437  0.2 2102  2.0
19  We        619 0307  0.3 0915  1.9 1523  0.2 2148  2.0
20  Th        619 0353  0.3 1000  1.8 1607  0.2 2232  1.9
21  Fr        619 0438  0.4 1043  1.8 1649  0.3 2314  1.9
22  Sa        619 0522  0.4 1124  1.8 1729  0.3 2355  1.8
23  Su        619 0604  0.4 1205  1.7 1809  0.4 9999  9.9
24  Mo        619 0035  1.8 0646  0.4 1245  1.7 1850  0.4
25  Tu        619 0114  1.8 0728  0.5 1327  1.7 1933  0.5
26  We        619 0156  1.8 0811  0.5 1413  1.7 2019  0.5
27  Th        619 0240  1.7 0858  0.5 1503  1.7 2109  0.5
28  Fr        619 0329  1.7 0947  0.4 1558  1.7 2204  0.5
29  Sa        619 0420  1.7 1040  0.4 1655  1.7 2301  0.5
30  Su        619 0514  1.8 1134  0.4 1753  1.8 2359  0.5
 1  Mo        719 0609  1.8 1228  0.3 1849  1.8 9999  9.9
 2  Tu        719 0055  0.4 0705  1.8 1321  0.2 1943  1.9
 3  We        719 0150  0.4 0759  1.9 1413  0.2 2035  2.0
 4  Th        719 0244  0.3 0853  1.9 1504  0.1 2127  2.0
 5  Fr        719 0336  0.2 0946  1.9 1554  0.1 2218  2.1
 6  Sa        719 0428  0.2 1038  2.0 1645  0.1 2309  2.1
 7  Su        719 0520  0.2 1131  2.0 1736  0.1 9999  9.9
 8  Mo        719 0001  2.1 0613  0.2 1225  1.9 1828  0.1
 9  Tu        719 0054  2.0 0705  0.2 1320  1.9 1922  0.2
10  We        719 0148  2.0 0759  0.2 1417  1.9 2018  0.3
11  Th        719 0243  2.0 0854  0.2 1516  1.9 2116  0.3
12  Fr        719 0338  1.9 0950  0.2 1616  1.8 2216  0.4
13  Sa        719 0434  1.9 1046  0.3 1714  1.8 2314  0.4
14  Su        719 0529  1.8 1141  0.3 1810  1.9 9999  9.9
15  Mo        719 0011  0.4 0623  1.8 1234  0.3 1902  1.9
16  Tu        719 0105  0.4 0715  1.8 1325  0.3 1951  1.9
17  We        719 0155  0.4 0804  1.8 1412  0.3 2038  1.9
18  Th        719 0243  0.4 0850  1.8 1457  0.3 2122  1.9
19  Fr        719 0328  0.4 0935  1.8 1540  0.3 2204  1.9
20  Sa        719 0412  0.4 1016  1.8 1620  0.3 2244  1.9
21  Su        719 0453  0.4 1055  1.8 1659  0.4 2322  1.8
22  Mo        719 0532  0.4 1133  1.7 1737  0.4 2359  1.8
23  Tu        719 0611  0.4 1211  1.7 1816  0.4 9999  9.9
24  We        719 0036  1.8 0651  0.4 1252  1.7 1858  0.5
25  Th        719 0116  1.8 0733  0.4 1336  1.7 1943  0.5
26  Fr        719 0159  1.8 0819  0.4 1424  1.7 2033  0.5
27  Sa        719 0247  1.8 0909  0.4 1519  1.7 2128  0.5
28  Su        719 0340  1.8 1003  0.4 1618  1.7 2227  0.5
29  Mo        719 0437  1.8 1100  0.3 1720  1.8 2329  0.5
30  Tu        719 0537  1.8 1158  0.3 1820  1.8 9999  9.9
31  We        719 0029  0.4 0638  1.8 1254  0.2 1918  1.9
 1  Th        819 0127  0.3 0737  1.9 1349  0.1 2013  2.0
 2  Fr        819 0223  0.2 0834  2.0 1443  0.1 2106  2.1
 3  Sa        819 0317  0.2 0928  2.0 1535  0.0 2159  2.1
 4  Su        819 0409  0.1 1022  2.0 1626  0.0 2250  2.1
 5  Mo        819 0501  0.1 1115  2.0 1718  0.1 2342  2.1
 6  Tu        819 0552  0.1 1208  2.0 1810  0.1 9999  9.9
 7  We        819 0033  2.1 0644  0.1 1301  2.0 1903  0.2
 8  Th        819 0125  2.0 0736  0.2 1357  1.9 1957  0.3
 9  Fr        819 0219  1.9 0829  0.2 1454  1.9 2054  0.4
10  Sa        819 0313  1.9 0924  0.3 1552  1.8 2152  0.4
11  Su        819 0408  1.8 1019  0.3 1650  1.8 2251  0.4
12  Mo        819 0504  1.8 1115  0.3 1745  1.8 2347  0.4
13  Tu        819 0559  1.8 1209  0.3 1837  1.8 9999  9.9
14  We        819 0041  0.4 0651  1.8 1259  0.3 1926  1.9
15  Th        819 0131  0.4 0740  1.8 1347  0.3 2012  1.9
16  Fr        819 0218  0.4 0827  1.8 1431  0.3 2055  1.9
17  Sa        819 0302  0.4 0910  1.8 1512  0.3 2136  1.9
18  Su        819 0343  0.4 0950  1.8 1552  0.3 2213  1.9
19  Mo        819 0422  0.4 1027  1.8 1630  0.4 2249  1.8
20  Tu        819 0500  0.4 1104  1.8 1707  0.4 2325  1.8
21  We        819 0538  0.4 1141  1.8 1747  0.4 9999  9.9
22  Th        819 0001  1.8 0618  0.4 1221  1.7 1828  0.4
23  Fr        819 0041  1.8 0700  0.4 1304  1.7 1913  0.5
24  Sa        819 0125  1.8 0745  0.4 1352  1.7 2003  0.5
25  Su        819 0213  1.8 0835  0.4 1447  1.7 2059  0.5
26  Mo        819 0307  1.8 0931  0.4 1547  1.7 2200  0.5
27  Tu        819 0407  1.8 1030  0.3 1651  1.8 2303  0.4
28  We        819 0512  1.8 1131  0.3 1754  1.9 9999  9.9
29  Th        819 0006  0.4 0616  1.8 1230  0.2 1854  1.9
30  Fr        819 0105  0.3 0718  1.9 1327  0.1 1951  2.0
31  Sa        819 0202  0.2 0816  2.0 1422  0.1 2045  2.1
 1  Su        919 0256  0.1 0911  2.0 1515  0.0 2137  2.1
 2  Mo        919 0348  0.1 1004  2.1 1607  0.0 2228  2.1
 3  Tu        919 0439  0.0 1056  2.1 1658  0.1 2319  2.1
 4  We        919 0530  0.1 1148  2.0 1750  0.1 9999  9.9
 5  Th        919 0009  2.0 0620  0.1 1240  2.0 1841  0.2
 6  Fr        919 0100  2.0 0710  0.2 1333  1.9 1935  0.3
 7  Sa        919 0152  1.9 0801  0.3 1428  1.9 2030  0.4
 8  Su        919 0245  1.8 0855  0.3 1525  1.8 2127  0.4
 9  Mo        919 0340  1.7 0950  0.4 1622  1.8 2224  0.5
10  Tu        919 0437  1.7 1045  0.4 1717  1.8 2321  0.5
11  We        919 0532  1.7 1140  0.4 1809  1.8 9999  9.9
12  Th        919 0014  0.5 0626  1.7 1232  0.4 1857  1.8
13  Fr        919 0104  0.4 0715  1.7 1319  0.4 1943  1.8
14  Sa        919 0150  0.4 0801  1.8 1403  0.4 2025  1.9
15  Su        919 0232  0.4 0843  1.8 1444  0.4 2105  1.9
16  Mo        919 0312  0.4 0923  1.8 1523  0.4 2142  1.9
17  Tu        919 0351  0.3 1000  1.8 1602  0.4 2217  1.8
18  We        919 0429  0.3 1037  1.8 1641  0.4 2254  1.8
19  Th        919 0508  0.3 1115  1.8 1721  0.4 2332  1.8
20  Fr        919 0548  0.3 1155  1.8 1804  0.4 9999  9.9
21  Sa        919 0012  1.8 0631  0.3 1239  1.8 1850  0.4
22  Su        919 0057  1.8 0717  0.3 1328  1.8 1941  0.4
23  Mo        919 0147  1.8 0808  0.3 1422  1.8 2037  0.5
24  Tu        919 0242  1.8 0904  0.3 1523  1.8 2138  0.4
25  We        919 0345  1.8 1004  0.3 1627  1.8 2242  0.4
26  Th        919 0451  1.8 1106  0.3 1731  1.9 2344  0.3
27  Fr        919 0557  1.8 1208  0.2 1831  2.0 9999  9.9
28  Sa        919 0044  0.2 0700  1.9 1306  0.2 1928  2.0
29  Su        919 0141  0.1 0758  2.0 1402  0.1 2022  2.1
30  Mo        919 0234  0.1 0852  2.1 1455  0.1 2114  2.1
 1  Tu       1019 0326  0.0 0945  2.1 1547  0.1 2205  2.1
 2  We       1019 0416  0.0 1036  2.1 1638  0.1 2255  2.1
 3  Th       1019 0505  0.1 1126  2.1 1728  0.2 2344  2.0
 4  Fr       1019 0554  0.1 1216  2.0 1819  0.2 9999  9.9
 5  Sa       1019 0033  1.9 0642  0.2 1307  1.9 1911  0.3
 6  Su       1019 0123  1.8 0731  0.3 1400  1.9 2004  0.4
 7  Mo       1019 0214  1.7 0822  0.4 1454  1.8 2058  0.5
 8  Tu       1019 0308  1.7 0916  0.4 1549  1.8 2154  0.5
 9  We       1019 0405  1.7 1011  0.5 1643  1.8 2249  0.5
10  Th       1019 0501  1.7 1106  0.5 1735  1.8 2342  0.5
11  Fr       1019 0556  1.7 1159  0.5 1823  1.8 9999  9.9
12  Sa       1019 0031  0.4 0646  1.7 1247  0.5 1909  1.8
13  Su       1019 0117  0.4 0732  1.8 1332  0.4 1951  1.8
14  Mo       1019 0159  0.4 0815  1.8 1414  0.4 2031  1.8
15  Tu       1019 0240  0.3 0855  1.8 1455  0.4 2109  1.8
16  We       1019 0319  0.3 0933  1.8 1535  0.4 2147  1.8
17  Th       1019 0359  0.3 1012  1.8 1616  0.4 2226  1.8
18  Fr       1019 0440  0.3 1052  1.9 1659  0.4 2307  1.8
19  Sa       1019 0522  0.3 1134  1.8 1744  0.4 2350  1.8
20  Su       1019 0606  0.3 1220  1.8 1832  0.4 9999  9.9
21  Mo       1019 0037  1.8 0654  0.3 1309  1.8 1924  0.4
22  Tu       1019 0128  1.8 0745  0.3 1404  1.8 2020  0.4
23  We       1019 0225  1.8 0841  0.3 1504  1.8 2120  0.4
24  Th       1019 0327  1.8 0942  0.3 1606  1.9 2222  0.3
25  Fr       1019 0434  1.8 1044  0.3 1708  1.9 2323  0.3
26  Sa       1019 0540  1.9 1146  0.3 1808  2.0 9999  9.9
27  Su       1019 0022  0.2 0641  1.9 1245  0.2 1905  2.0
28  Mo       1019 0118  0.1 0739  2.0 1342  0.2 1959  2.1
29  Tu       1019 0212  0.1 0833  2.1 1435  0.1 2051  2.1
30  We       1019 0303  0.0 0924  2.1 1527  0.1 2141  2.0
31  Th       1019 0352  0.0 1014  2.1 1617  0.2 2230  2.0
 1  Fr       1119 0440  0.1 1103  2.0 1707  0.2 2318  1.9
 2  Sa       1119 0527  0.1 1151  2.0 1756  0.3 9999  9.9
 3  Su       1119 0006  1.9 0613  0.2 1240  1.9 1845  0.4
 4  Mo       1119 0053  1.8 0700  0.3 1329  1.9 1935  0.4
 5  Tu       1119 0142  1.7 0748  0.4 1419  1.8 2026  0.5
 6  We       1119 0232  1.7 0837  0.5 1511  1.8 2118  0.5
 7  Th       1119 0326  1.6 0930  0.5 1602  1.7 2211  0.5
 8  Fr       1119 0422  1.6 1024  0.6 1653  1.7 2302  0.5
 9  Sa       1119 0518  1.6 1118  0.5 1742  1.7 2352  0.5
10  Su       1119 0610  1.7 1209  0.5 1828  1.8 9999  9.9
11  Mo       1119 0038  0.4 0658  1.7 1256  0.5 1912  1.8
12  Tu       1119 0123  0.4 0742  1.8 1341  0.4 1955  1.8
13  We       1119 0206  0.3 0825  1.8 1426  0.4 2037  1.8
14  Th       1119 0249  0.3 0907  1.9 1510  0.4 2119  1.8
15  Fr       1119 0331  0.2 0949  1.9 1554  0.4 2202  1.8
16  Sa       1119 0414  0.2 1032  1.9 1640  0.3 2246  1.8
17  Su       1119 0459  0.2 1117  1.9 1728  0.3 2332  1.8
18  Mo       1119 0545  0.2 1204  1.9 1817  0.3 9999  9.9
19  Tu       1119 0021  1.8 0634  0.2 1255  1.9 1909  0.3
20  We       1119 0114  1.8 0726  0.3 1349  1.9 2005  0.3
21  Th       1119 0211  1.8 0822  0.3 1446  1.9 2102  0.3
22  Fr       1119 0313  1.8 0921  0.3 1546  1.9 2202  0.3
23  Sa       1119 0417  1.8 1023  0.3 1646  1.9 2301  0.2
24  Su       1119 0522  1.8 1125  0.3 1745  2.0 9999  9.9
25  Mo       1119 0000  0.2 0623  1.9 1225  0.3 1842  2.0
26  Tu       1119 0055  0.1 0719  2.0 1321  0.2 1936  2.0
27  We       1119 0149  0.1 0813  2.0 1415  0.2 2028  2.0
28  Th       1119 0239  0.1 0904  2.0 1506  0.2 2118  2.0
29  Fr       1119 0328  0.1 0953  2.0 1556  0.2 2206  1.9
30  Sa       1119 0414  0.1 1040  2.0 1645  0.3 2253  1.9
 1  Su       1219 0500  0.2 1126  2.0 1732  0.3 2338  1.8
 2  Mo       1219 0544  0.3 1212  1.9 1819  0.4 9999  9.9
 3  Tu       1219 0023  1.8 0628  0.3 1257  1.9 1905  0.4
 4  We       1219 0108  1.7 0712  0.4 1342  1.8 1951  0.5
 5  Th       1219 0153  1.7 0757  0.5 1428  1.8 2038  0.5
 6  Fr       1219 0242  1.6 0845  0.5 1514  1.7 2127  0.5
 7  Sa       1219 0334  1.6 0936  0.6 1602  1.7 2216  0.5
 8  Su       1219 0429  1.6 1030  0.6 1651  1.7 2306  0.5
 9  Mo       1219 0525  1.7 1124  0.6 1741  1.7 2356  0.4
10  Tu       1219 0617  1.7 1217  0.5 1829  1.8 9999  9.9
11  We       1219 0045  0.4 0707  1.8 1307  0.5 1918  1.8
12  Th       1219 0132  0.3 0754  1.8 1357  0.4 2005  1.8
13  Fr       1219 0219  0.2 0841  1.9 1445  0.4 2053  1.9
14  Sa       1219 0305  0.2 0927  1.9 1533  0.3 2141  1.9
15  Su       1219 0352  0.2 1013  2.0 1622  0.3 2229  1.9
16  Mo       1219 0439  0.1 1101  2.0 1712  0.3 2318  1.9
17  Tu       1219 0527  0.1 1150  2.0 1802  0.3 9999  9.9
18  We       1219 0009  1.9 0617  0.2 1240  2.0 1854  0.3
19  Th       1219 0102  1.9 0709  0.2 1333  2.0 1948  0.2
20  Fr       1219 0158  1.8 0804  0.3 1428  2.0 2043  0.2
21  Sa       1219 0258  1.8 0902  0.3 1525  1.9 2141  0.2
22  Su       1219 0400  1.8 1003  0.3 1624  1.9 2239  0.2
23  Mo       1219 0503  1.8 1104  0.3 1722  1.9 2336  0.2
24  Tu       1219 0603  1.9 1204  0.3 1818  1.9 9999  9.9
25  We       1219 0032  0.2 0659  1.9 1301  0.3 1913  1.9
26  Th       1219 0125  0.2 0752  2.0 1355  0.3 2005  1.9
27  Fr       1219 0216  0.2 0842  2.0 1446  0.3 2055  1.9
28  Sa       1219 0304  0.2 0930  2.0 1535  0.3 2143  1.9
29  Su       1219 0350  0.2 1016  2.0 1622  0.3 2228  1.8
30  Mo       1219 0433  0.2 1100  1.9 1707  0.3 2311  1.8
31  Tu       1219 0516  0.3 1142  1.9 1750  0.4 2353  1.8
