291Weiti River Entrance
Based on data from 22-Sep-2018
Local Std Time, tidal heights in metres.
 1  We        120 0508  0.8 1140  2.8 1745  0.9 2354  2.7
 2  Th        120 0553  0.9 1223  2.8 1830  0.9 9999  9.9
 3  Fr        120 0038  2.6 0641  1.0 1308  2.7 1916  0.9
 4  Sa        120 0125  2.5 0733  1.1 1354  2.6 2004  1.0
 5  Su        120 0217  2.5 0826  1.1 1443  2.6 2054  1.0
 6  Mo        120 0315  2.5 0920  1.1 1534  2.6 2146  0.9
 7  Tu        120 0413  2.5 1014  1.1 1627  2.6 2239  0.9
 8  We        120 0507  2.6 1106  1.0 1719  2.7 2332  0.8
 9  Th        120 0557  2.7 1158  0.9 1810  2.7 9999  9.9
10  Fr        120 0023  0.7 0645  2.9 1248  0.8 1902  2.8
11  Sa        120 0112  0.5 0732  3.0 1338  0.7 1953  2.9
12  Su        120 0159  0.4 0820  3.1 1428  0.6 2044  3.0
13  Mo        120 0246  0.4 0909  3.2 1518  0.5 2134  3.1
14  Tu        120 0334  0.3 0959  3.3 1608  0.5 2224  3.1
15  We        120 0423  0.4 1049  3.3 1700  0.5 2315  3.1
16  Th        120 0514  0.4 1140  3.2 1752  0.5 9999  9.9
17  Fr        120 0007  3.0 0610  0.5 1232  3.1 1847  0.5
18  Sa        120 0101  3.0 0708  0.6 1326  3.0 1943  0.6
19  Su        120 0200  2.9 0809  0.7 1422  2.9 2041  0.6
20  Mo        120 0303  2.8 0910  0.8 1521  2.9 2140  0.7
21  Tu        120 0407  2.8 1010  0.8 1621  2.8 2240  0.7
22  We        120 0507  2.9 1108  0.8 1720  2.8 2338  0.7
23  Th        120 0603  2.9 1205  0.8 1817  2.8 9999  9.9
24  Fr        120 0032  0.7 0653  2.9 1257  0.8 1909  2.8
25  Sa        120 0121  0.6 0741  3.0 1346  0.8 1958  2.8
26  Su        120 0204  0.6 0826  3.0 1430  0.8 2043  2.8
27  Mo        120 0245  0.6 0908  3.0 1512  0.7 2125  2.8
28  Tu        120 0323  0.7 0949  2.9 1552  0.8 2205  2.8
29  We        120 0400  0.7 1029  2.9 1631  0.8 2243  2.8
30  Th        120 0437  0.8 1108  2.9 1709  0.8 2321  2.7
31  Fr        120 0517  0.9 1147  2.8 1749  0.8 9999  9.9
 1  Sa        220 0001  2.7 0600  1.0 1227  2.7 1832  0.9
 2  Su        220 0043  2.6 0647  1.0 1309  2.7 1917  0.9
 3  Mo        220 0130  2.5 0739  1.1 1354  2.6 2006  0.9
 4  Tu        220 0225  2.5 0833  1.1 1446  2.6 2100  0.9
 5  We        220 0325  2.5 0930  1.1 1542  2.6 2157  0.9
 6  Th        220 0426  2.6 1028  1.0 1641  2.6 2256  0.8
 7  Fr        220 0522  2.7 1125  0.9 1740  2.7 2353  0.7
 8  Sa        220 0615  2.9 1221  0.8 1836  2.9 9999  9.9
 9  Su        220 0046  0.5 0706  3.1 1316  0.6 1931  3.0
10  Mo        220 0137  0.4 0757  3.2 1408  0.5 2024  3.1
11  Tu        220 0227  0.3 0848  3.3 1459  0.4 2116  3.2
12  We        220 0316  0.3 0939  3.3 1549  0.3 2206  3.2
13  Th        220 0406  0.3 1030  3.3 1640  0.3 2257  3.2
14  Fr        220 0457  0.4 1121  3.3 1731  0.4 2348  3.1
15  Sa        220 0551  0.5 1212  3.2 1824  0.5 9999  9.9
16  Su        220 0041  3.0 0649  0.6 1304  3.0 1919  0.6
17  Mo        220 0138  2.9 0748  0.8 1359  2.9 2017  0.7
18  Tu        220 0240  2.8 0849  0.8 1458  2.8 2117  0.8
19  We        220 0344  2.8 0949  0.9 1600  2.7 2218  0.8
20  Th        220 0446  2.8 1048  0.9 1701  2.7 2318  0.8
21  Fr        220 0542  2.8 1145  0.9 1759  2.7 9999  9.9
22  Sa        220 0012  0.8 0632  2.8 1237  0.9 1851  2.7
23  Su        220 0100  0.8 0718  2.9 1324  0.8 1937  2.7
24  Mo        220 0143  0.7 0801  2.9 1407  0.8 2020  2.8
25  Tu        220 0221  0.7 0842  2.9 1446  0.8 2059  2.8
26  We        220 0257  0.7 0921  2.9 1523  0.7 2137  2.8
27  Th        220 0332  0.7 0959  2.9 1559  0.7 2213  2.8
28  Fr        220 0408  0.8 1036  2.8 1634  0.8 2249  2.8
29  Sa        220 0445  0.8 1113  2.8 1712  0.8 2327  2.7
 1  Su        320 0525  0.9 1150  2.7 1752  0.8 9999  9.9
 2  Mo        320 0007  2.7 0609  1.0 1230  2.7 1835  0.9
 3  Tu        320 0052  2.6 0700  1.0 1315  2.6 1925  0.9
 4  We        320 0145  2.6 0755  1.1 1406  2.6 2020  0.9
 5  Th        320 0245  2.6 0855  1.0 1506  2.6 2121  0.9
 6  Fr        320 0349  2.7 0955  1.0 1610  2.6 2224  0.8
 7  Sa        320 0450  2.8 1056  0.9 1713  2.8 2325  0.7
 8  Su        320 0546  2.9 1155  0.7 1813  2.9 9999  9.9
 9  Mo        320 0022  0.5 0640  3.1 1252  0.6 1909  3.1
10  Tu        320 0115  0.4 0733  3.2 1346  0.4 2003  3.2
11  We        320 0206  0.3 0825  3.3 1438  0.3 2055  3.3
12  Th        320 0256  0.2 0917  3.4 1528  0.2 2146  3.3
13  Fr        320 0346  0.3 1008  3.3 1617  0.3 2236  3.3
14  Sa        320 0438  0.4 1059  3.3 1707  0.3 2327  3.2
15  Su        320 0531  0.5 1150  3.1 1759  0.5 9999  9.9
16  Mo        320 0020  3.1 0628  0.6 1242  3.0 1853  0.6
17  Tu        320 0116  2.9 0727  0.8 1336  2.8 1951  0.8
18  We        320 0216  2.8 0827  0.9 1434  2.7 2052  0.9
19  Th        320 0319  2.7 0926  1.0 1536  2.6 2154  0.9
20  Fr        320 0420  2.7 1024  1.0 1639  2.6 2253  0.9
21  Sa        320 0516  2.7 1120  1.0 1736  2.6 2347  0.9
22  Su        320 0605  2.8 1211  0.9 1827  2.6 9999  9.9
23  Mo        320 0034  0.9 0650  2.8 1257  0.9 1912  2.7
24  Tu        320 0116  0.8 0732  2.8 1338  0.8 1953  2.8
25  We        320 0154  0.8 0811  2.8 1416  0.8 2031  2.8
26  Th        320 0229  0.8 0849  2.8 1451  0.7 2107  2.8
27  Fr        320 0304  0.8 0926  2.8 1526  0.7 2143  2.8
28  Sa        320 0339  0.8 1003  2.8 1602  0.7 2219  2.8
29  Su        320 0416  0.8 1041  2.8 1638  0.7 2257  2.8
30  Mo        320 0456  0.9 1119  2.7 1718  0.8 2338  2.7
31  Tu        320 0541  0.9 1200  2.7 1802  0.8 9999  9.9
 1  We        420 0023  2.7 0631  1.0 1246  2.6 1852  0.9
 2  Th        420 0115  2.7 0728  1.0 1338  2.6 1950  0.9
 3  Fr        420 0215  2.7 0828  1.0 1439  2.6 2053  0.8
 4  Sa        420 0319  2.7 0930  0.9 1545  2.7 2157  0.8
 5  Su        420 0421  2.9 1031  0.8 1650  2.8 2259  0.6
 6  Mo        420 0519  3.0 1131  0.6 1751  3.0 2357  0.5
 7  Tu        420 0614  3.1 1228  0.5 1847  3.1 9999  9.9
 8  We        420 0052  0.4 0708  3.2 1323  0.3 1941  3.2
 9  Th        420 0144  0.3 0801  3.3 1414  0.2 2033  3.3
10  Fr        420 0235  0.3 0853  3.3 1504  0.2 2124  3.3
11  Sa        420 0326  0.3 0945  3.3 1553  0.3 2215  3.3
12  Su        420 0417  0.4 1036  3.2 1642  0.4 2306  3.2
13  Mo        420 0510  0.6 1127  3.0 1733  0.5 2358  3.0
14  Tu        420 0606  0.7 1218  2.9 1826  0.7 9999  9.9
15  We        420 0052  2.9 0704  0.8 1311  2.7 1923  0.8
16  Th        420 0149  2.8 0802  0.9 1408  2.6 2024  0.9
17  Fr        420 0249  2.7 0900  1.0 1509  2.5 2124  1.0
18  Sa        420 0348  2.7 0955  1.0 1610  2.5 2222  1.0
19  Su        420 0442  2.7 1048  1.0 1707  2.6 2315  1.0
20  Mo        420 0531  2.7 1137  0.9 1757  2.6 9999  9.9
21  Tu        420 0002  0.9 0615  2.7 1223  0.9 1841  2.7
22  We        420 0044  0.9 0657  2.8 1304  0.8 1922  2.7
23  Th        420 0122  0.9 0736  2.8 1342  0.8 1959  2.8
24  Fr        420 0159  0.8 0815  2.8 1419  0.7 2036  2.8
25  Sa        420 0235  0.8 0853  2.8 1455  0.7 2113  2.8
26  Su        420 0312  0.8 0932  2.8 1531  0.7 2152  2.8
27  Mo        420 0350  0.8 1012  2.8 1610  0.7 2232  2.8
28  Tu        420 0433  0.9 1054  2.7 1651  0.7 2315  2.8
29  We        420 0520  0.9 1138  2.7 1737  0.8 9999  9.9
30  Th        420 0002  2.8 0612  0.9 1225  2.7 1829  0.8
 1  Fr        520 0055  2.8 0709  0.9 1319  2.7 1928  0.8
 2  Sa        520 0153  2.8 0808  0.9 1420  2.7 2031  0.8
 3  Su        520 0254  2.8 0908  0.8 1525  2.7 2134  0.7
 4  Mo        520 0354  2.9 1008  0.7 1629  2.9 2236  0.6
 5  Tu        520 0453  3.0 1107  0.6 1730  3.0 2334  0.5
 6  We        520 0548  3.1 1204  0.4 1826  3.1 9999  9.9
 7  Th        520 0029  0.4 0643  3.2 1259  0.3 1920  3.2
 8  Fr        520 0122  0.4 0736  3.2 1351  0.3 2011  3.3
 9  Sa        520 0214  0.4 0830  3.2 1441  0.3 2102  3.3
10  Su        520 0305  0.4 0922  3.1 1529  0.3 2153  3.2
11  Mo        520 0356  0.5 1014  3.1 1617  0.4 2243  3.1
12  Tu        520 0448  0.6 1104  2.9 1706  0.6 2334  3.0
13  We        520 0542  0.7 1154  2.8 1757  0.7 9999  9.9
14  Th        520 0026  2.9 0637  0.8 1244  2.7 1852  0.9
15  Fr        520 0119  2.8 0732  0.9 1337  2.6 1949  1.0
16  Sa        520 0214  2.7 0826  1.0 1434  2.5 2048  1.0
17  Su        520 0309  2.7 0918  1.0 1533  2.5 2143  1.0
18  Mo        520 0401  2.6 1008  1.0 1630  2.5 2235  1.0
19  Tu        520 0450  2.7 1057  0.9 1721  2.6 2323  1.0
20  We        520 0535  2.7 1143  0.9 1806  2.7 9999  9.9
21  Th        520 0006  1.0 0618  2.7 1227  0.8 1847  2.7
22  Fr        520 0047  0.9 0659  2.7 1307  0.8 1927  2.8
23  Sa        520 0127  0.9 0740  2.7 1347  0.7 2006  2.8
24  Su        520 0206  0.8 0821  2.8 1426  0.6 2046  2.9
25  Mo        520 0247  0.8 0904  2.8 1505  0.6 2127  2.9
26  Tu        520 0329  0.8 0948  2.8 1546  0.6 2211  2.9
27  We        520 0414  0.8 1033  2.8 1630  0.6 2257  2.9
28  Th        520 0504  0.8 1120  2.8 1718  0.7 2346  2.9
29  Fr        520 0557  0.8 1210  2.8 1811  0.7 9999  9.9
30  Sa        520 0038  2.9 0652  0.8 1304  2.8 1910  0.7
31  Su        520 0133  2.9 0750  0.7 1403  2.8 2012  0.7
 1  Mo        620 0231  2.9 0848  0.7 1506  2.8 2114  0.7
 2  Tu        620 0330  3.0 0946  0.6 1609  2.9 2214  0.7
 3  We        620 0428  3.0 1044  0.5 1710  3.0 2312  0.6
 4  Th        620 0525  3.1 1142  0.5 1806  3.1 9999  9.9
 5  Fr        620 0008  0.6 0620  3.1 1237  0.4 1859  3.2
 6  Sa        620 0102  0.5 0714  3.1 1329  0.4 1951  3.2
 7  Su        620 0154  0.5 0808  3.1 1419  0.4 2041  3.2
 8  Mo        620 0245  0.5 0900  3.0 1506  0.4 2131  3.2
 9  Tu        620 0335  0.6 0951  3.0 1552  0.5 2220  3.1
10  We        620 0425  0.7 1040  2.9 1639  0.6 2309  3.0
11  Th        620 0515  0.8 1127  2.8 1726  0.8 2357  2.9
12  Fr        620 0606  0.8 1214  2.7 1816  0.9 9999  9.9
13  Sa        620 0045  2.8 0656  0.9 1302  2.6 1909  1.0
14  Su        620 0134  2.7 0746  0.9 1353  2.5 2004  1.0
15  Mo        620 0224  2.7 0835  1.0 1449  2.5 2058  1.1
16  Tu        620 0315  2.6 0924  1.0 1545  2.5 2150  1.1
17  We        620 0404  2.6 1012  0.9 1639  2.5 2239  1.1
18  Th        620 0451  2.6 1101  0.9 1727  2.6 2326  1.0
19  Fr        620 0537  2.6 1148  0.8 1812  2.7 9999  9.9
20  Sa        620 0011  1.0 0622  2.7 1233  0.8 1854  2.8
21  Su        620 0055  0.9 0707  2.7 1316  0.7 1937  2.9
22  Mo        620 0139  0.8 0753  2.8 1359  0.6 2020  2.9
23  Tu        620 0224  0.8 0839  2.8 1442  0.5 2105  3.0
24  We        620 0310  0.7 0927  2.9 1526  0.5 2151  3.0
25  Th        620 0358  0.7 1015  2.9 1612  0.5 2239  3.1
26  Fr        620 0448  0.7 1104  2.9 1701  0.6 2329  3.1
27  Sa        620 0540  0.7 1154  2.9 1755  0.6 9999  9.9
28  Su        620 0021  3.0 0635  0.6 1248  2.9 1852  0.7
29  Mo        620 0114  3.0 0731  0.6 1345  2.8 1953  0.7
30  Tu        620 0210  3.0 0827  0.6 1447  2.8 2054  0.7
 1  We        720 0308  3.0 0925  0.6 1550  2.9 2154  0.7
 2  Th        720 0406  3.0 1024  0.6 1651  2.9 2252  0.7
 3  Fr        720 0504  3.0 1122  0.5 1748  3.0 2349  0.7
 4  Sa        720 0601  3.0 1218  0.5 1841  3.1 9999  9.9
 5  Su        720 0044  0.7 0656  3.0 1310  0.5 1932  3.1
 6  Mo        720 0137  0.6 0749  2.9 1359  0.5 2022  3.1
 7  Tu        720 0227  0.6 0840  2.9 1445  0.5 2109  3.1
 8  We        720 0314  0.7 0928  2.9 1528  0.6 2156  3.0
 9  Th        720 0400  0.7 1014  2.8 1611  0.7 2241  3.0
10  Fr        720 0445  0.8 1057  2.8 1654  0.8 2325  2.9
11  Sa        720 0530  0.8 1140  2.7 1738  0.9 9999  9.9
12  Su        720 0008  2.8 0615  0.9 1224  2.6 1826  1.0
13  Mo        720 0053  2.7 0701  0.9 1310  2.6 1917  1.0
14  Tu        720 0138  2.7 0748  0.9 1401  2.5 2010  1.1
15  We        720 0225  2.6 0836  1.0 1456  2.5 2103  1.1
16  Th        720 0315  2.6 0926  1.0 1553  2.5 2155  1.1
17  Fr        720 0406  2.6 1018  0.9 1647  2.6 2246  1.1
18  Sa        720 0457  2.6 1110  0.9 1736  2.7 2336  1.0
19  Su        720 0548  2.7 1200  0.8 1823  2.8 9999  9.9
20  Mo        720 0025  0.9 0638  2.7 1248  0.6 1909  2.9
21  Tu        720 0114  0.8 0728  2.8 1335  0.5 1955  3.0
22  We        720 0203  0.7 0818  2.9 1421  0.4 2042  3.1
23  Th        720 0251  0.6 0907  3.0 1507  0.4 2131  3.2
24  Fr        720 0340  0.5 0956  3.0 1554  0.4 2220  3.2
25  Sa        720 0430  0.5 1046  3.1 1644  0.4 2311  3.2
26  Su        720 0521  0.5 1137  3.0 1737  0.5 9999  9.9
27  Mo        720 0001  3.1 0614  0.5 1230  3.0 1834  0.6
28  Tu        720 0054  3.1 0709  0.6 1326  2.9 1934  0.7
29  We        720 0149  3.0 0806  0.6 1427  2.9 2036  0.8
30  Th        720 0247  2.9 0905  0.6 1531  2.9 2136  0.8
31  Fr        720 0347  2.9 1005  0.7 1634  2.9 2236  0.8
 1  Sa        820 0447  2.8 1105  0.7 1732  2.9 2334  0.8
 2  Su        820 0546  2.8 1202  0.6 1825  3.0 9999  9.9
 3  Mo        820 0029  0.8 0641  2.8 1254  0.6 1914  3.0
 4  Tu        820 0120  0.7 0732  2.8 1341  0.6 2001  3.0
 5  We        820 0207  0.7 0820  2.9 1424  0.6 2046  3.0
 6  Th        820 0252  0.7 0905  2.9 1504  0.6 2129  3.0
 7  Fr        820 0333  0.7 0947  2.8 1543  0.7 2211  2.9
 8  Sa        820 0413  0.7 1027  2.8 1621  0.8 2251  2.9
 9  Su        820 0452  0.8 1106  2.7 1701  0.8 2331  2.8
10  Mo        820 0533  0.8 1145  2.7 1744  0.9 9999  9.9
11  Tu        820 0011  2.7 0615  0.9 1228  2.6 1831  1.0
12  We        820 0053  2.7 0700  0.9 1314  2.5 1923  1.1
13  Th        820 0138  2.6 0748  1.0 1408  2.5 2017  1.1
14  Fr        820 0228  2.6 0841  1.0 1507  2.5 2113  1.1
15  Sa        820 0323  2.5 0937  0.9 1606  2.6 2208  1.1
16  Su        820 0421  2.6 1034  0.9 1701  2.7 2303  1.0
17  Mo        820 0518  2.7 1130  0.8 1753  2.8 2357  0.9
18  Tu        820 0612  2.8 1222  0.6 1842  3.0 9999  9.9
19  We        820 0050  0.7 0705  2.9 1312  0.5 1930  3.1
20  Th        820 0141  0.6 0756  3.0 1400  0.4 2019  3.2
21  Fr        820 0231  0.4 0847  3.1 1448  0.3 2109  3.3
22  Sa        820 0320  0.4 0937  3.2 1536  0.3 2159  3.3
23  Su        820 0409  0.3 1027  3.2 1626  0.4 2250  3.3
24  Mo        820 0459  0.4 1117  3.2 1719  0.5 2341  3.2
25  Tu        820 0551  0.4 1210  3.1 1816  0.6 9999  9.9
26  We        820 0033  3.1 0646  0.5 1306  3.0 1916  0.7
27  Th        820 0128  2.9 0744  0.6 1407  2.9 2018  0.8
28  Fr        820 0227  2.8 0845  0.7 1512  2.8 2120  0.9
29  Sa        820 0329  2.7 0948  0.8 1616  2.8 2220  0.9
30  Su        820 0432  2.7 1049  0.8 1714  2.8 2318  0.9
31  Mo        820 0532  2.7 1146  0.7 1807  2.9 9999  9.9
 1  Tu        920 0012  0.8 0626  2.8 1237  0.7 1854  2.9
 2  We        920 0101  0.8 0715  2.8 1322  0.7 1939  3.0
 3  Th        920 0146  0.7 0759  2.8 1402  0.7 2021  3.0
 4  Fr        920 0226  0.7 0840  2.9 1439  0.7 2101  2.9
 5  Sa        920 0304  0.7 0918  2.9 1515  0.7 2139  2.9
 6  Su        920 0340  0.7 0956  2.8 1551  0.8 2217  2.9
 7  Mo        920 0416  0.7 1032  2.8 1628  0.8 2255  2.8
 8  Tu        920 0453  0.8 1110  2.7 1707  0.9 2333  2.7
 9  We        920 0533  0.8 1150  2.7 1752  1.0 9999  9.9
10  Th        920 0014  2.7 0616  0.9 1234  2.6 1842  1.1
11  Fr        920 0058  2.6 0705  0.9 1326  2.6 1937  1.1
12  Sa        920 0148  2.5 0800  1.0 1425  2.5 2036  1.1
13  Su        920 0246  2.5 0900  0.9 1528  2.6 2135  1.0
14  Mo        920 0348  2.6 1002  0.9 1628  2.7 2234  0.9
15  Tu        920 0451  2.7 1101  0.7 1723  2.9 2331  0.8
16  We        920 0549  2.8 1157  0.6 1815  3.0 9999  9.9
17  Th        920 0026  0.6 0643  3.0 1249  0.4 1905  3.2
18  Fr        920 0118  0.4 0735  3.2 1339  0.3 1956  3.3
19  Sa        920 0209  0.3 0826  3.3 1428  0.2 2046  3.3
20  Su        920 0258  0.2 0916  3.3 1517  0.2 2137  3.3
21  Mo        920 0347  0.2 1006  3.3 1607  0.3 2228  3.3
22  Tu        920 0436  0.3 1057  3.2 1700  0.4 2320  3.2
23  We        920 0528  0.4 1150  3.1 1757  0.6 9999  9.9
24  Th        920 0012  3.0 0622  0.5 1246  3.0 1857  0.7
25  Fr        920 0107  2.9 0721  0.7 1346  2.9 1959  0.8
26  Sa        920 0206  2.7 0824  0.8 1451  2.8 2101  0.9
27  Su        920 0310  2.6 0928  0.9 1554  2.8 2201  0.9
28  Mo        920 0415  2.6 1030  0.9 1652  2.8 2258  0.9
29  Tu        920 0515  2.7 1126  0.8 1744  2.8 2351  0.9
30  We        920 0608  2.7 1215  0.8 1830  2.9 9999  9.9
 1  Th       1020 0038  0.8 0654  2.8 1259  0.8 1912  2.9
 2  Fr       1020 0120  0.7 0735  2.8 1337  0.7 1952  2.9
 3  Sa       1020 0159  0.7 0814  2.9 1413  0.7 2031  2.9
 4  Su       1020 0235  0.7 0850  2.9 1448  0.7 2108  2.9
 5  Mo       1020 0309  0.7 0926  2.9 1523  0.8 2145  2.8
 6  Tu       1020 0344  0.7 1002  2.8 1559  0.8 2222  2.8
 7  We       1020 0420  0.7 1039  2.8 1638  0.9 2301  2.7
 8  Th       1020 0458  0.8 1119  2.7 1721  1.0 2341  2.7
 9  Fr       1020 0540  0.8 1203  2.7 1810  1.0 9999  9.9
10  Sa       1020 0026  2.6 0629  0.9 1254  2.6 1906  1.0
11  Su       1020 0116  2.6 0726  0.9 1351  2.6 2006  1.0
12  Mo       1020 0215  2.6 0828  0.9 1454  2.7 2106  1.0
13  Tu       1020 0320  2.6 0932  0.9 1556  2.8 2206  0.8
14  We       1020 0425  2.7 1034  0.7 1653  2.9 2305  0.7
15  Th       1020 0525  2.9 1131  0.6 1747  3.1 9999  9.9
16  Fr       1020 0001  0.5 0621  3.1 1225  0.4 1840  3.2
17  Sa       1020 0055  0.4 0714  3.2 1317  0.3 1932  3.3
18  Su       1020 0146  0.2 0805  3.3 1408  0.3 2023  3.3
19  Mo       1020 0236  0.2 0856  3.4 1458  0.3 2116  3.3
20  Tu       1020 0325  0.2 0946  3.4 1549  0.3 2208  3.2
21  We       1020 0414  0.3 1038  3.3 1642  0.5 2259  3.1
22  Th       1020 0505  0.4 1130  3.2 1738  0.6 2352  3.0
23  Fr       1020 0558  0.6 1225  3.0 1837  0.7 9999  9.9
24  Sa       1020 0046  2.8 0656  0.7 1323  2.9 1937  0.8
25  Su       1020 0144  2.7 0759  0.9 1424  2.8 2038  0.9
26  Mo       1020 0246  2.6 0902  0.9 1525  2.7 2135  0.9
27  Tu       1020 0350  2.6 1003  1.0 1622  2.7 2230  0.9
28  We       1020 0450  2.6 1058  0.9 1713  2.7 2321  0.9
29  Th       1020 0542  2.7 1147  0.9 1759  2.8 9999  9.9
30  Fr       1020 0008  0.8 0627  2.7 1230  0.9 1842  2.8
31  Sa       1020 0050  0.8 0708  2.8 1310  0.8 1921  2.8
 1  Su       1120 0129  0.7 0746  2.8 1346  0.8 2000  2.8
 2  Mo       1120 0205  0.7 0823  2.9 1422  0.8 2038  2.8
 3  Tu       1120 0241  0.7 0859  2.9 1458  0.8 2116  2.8
 4  We       1120 0316  0.7 0936  2.9 1535  0.8 2155  2.8
 5  Th       1120 0352  0.7 1014  2.8 1615  0.9 2235  2.7
 6  Fr       1120 0431  0.7 1055  2.8 1659  0.9 2317  2.7
 7  Sa       1120 0514  0.8 1140  2.8 1748  0.9 9999  9.9
 8  Su       1120 0002  2.7 0602  0.8 1230  2.7 1843  1.0
 9  Mo       1120 0053  2.6 0659  0.9 1325  2.7 1941  0.9
10  Tu       1120 0151  2.6 0801  0.9 1425  2.8 2040  0.9
11  We       1120 0255  2.7 0905  0.8 1525  2.9 2140  0.8
12  Th       1120 0400  2.8 1007  0.7 1624  3.0 2238  0.6
13  Fr       1120 0502  2.9 1106  0.6 1720  3.1 2336  0.5
14  Sa       1120 0559  3.1 1202  0.5 1815  3.2 9999  9.9
15  Su       1120 0032  0.3 0653  3.2 1256  0.4 1909  3.2
16  Mo       1120 0125  0.3 0745  3.3 1348  0.4 2002  3.2
17  Tu       1120 0215  0.2 0836  3.4 1440  0.4 2055  3.2
18  We       1120 0304  0.2 0928  3.3 1531  0.4 2148  3.1
19  Th       1120 0353  0.3 1019  3.3 1624  0.5 2240  3.0
20  Fr       1120 0442  0.4 1110  3.1 1718  0.6 2331  2.9
21  Sa       1120 0534  0.6 1203  3.0 1814  0.7 9999  9.9
22  Su       1120 0022  2.8 0629  0.8 1256  2.9 1910  0.8
23  Mo       1120 0116  2.7 0727  0.9 1352  2.8 2006  0.9
24  Tu       1120 0214  2.6 0828  1.0 1448  2.7 2100  0.9
25  We       1120 0314  2.5 0926  1.0 1543  2.7 2153  0.9
26  Th       1120 0414  2.5 1021  1.0 1635  2.7 2243  0.9
27  Fr       1120 0508  2.6 1111  1.0 1722  2.7 2331  0.9
28  Sa       1120 0556  2.7 1156  1.0 1806  2.7 9999  9.9
29  Su       1120 0016  0.8 0638  2.7 1238  0.9 1848  2.7
30  Mo       1120 0057  0.8 0718  2.8 1318  0.9 1929  2.7
 1  Tu       1220 0136  0.7 0756  2.8 1356  0.9 2010  2.7
 2  We       1220 0214  0.7 0834  2.9 1435  0.9 2051  2.8
 3  Th       1220 0251  0.6 0913  2.9 1515  0.8 2132  2.8
 4  Fr       1220 0330  0.6 0954  2.9 1557  0.8 2214  2.8
 5  Sa       1220 0410  0.6 1037  2.9 1642  0.8 2258  2.8
 6  Su       1220 0454  0.7 1122  2.9 1731  0.8 2344  2.7
 7  Mo       1220 0543  0.7 1211  2.9 1823  0.8 9999  9.9
 8  Tu       1220 0034  2.7 0637  0.8 1303  2.9 1918  0.8
 9  We       1220 0130  2.7 0738  0.8 1359  2.9 2016  0.7
10  Th       1220 0232  2.7 0840  0.8 1457  2.9 2114  0.7
11  Fr       1220 0336  2.8 0942  0.7 1556  3.0 2213  0.6
12  Sa       1220 0440  2.9 1042  0.7 1655  3.0 2313  0.5
13  Su       1220 0539  3.0 1140  0.6 1752  3.1 9999  9.9
14  Mo       1220 0010  0.4 0634  3.2 1237  0.5 1849  3.1
15  Tu       1220 0105  0.3 0727  3.2 1331  0.5 1944  3.1
16  We       1220 0157  0.3 0819  3.3 1424  0.5 2038  3.1
17  Th       1220 0246  0.3 0910  3.3 1515  0.5 2130  3.1
18  Fr       1220 0333  0.4 1000  3.2 1606  0.6 2220  3.0
19  Sa       1220 0420  0.5 1049  3.1 1656  0.6 2308  2.9
20  Su       1220 0508  0.6 1138  3.0 1746  0.7 2356  2.8
21  Mo       1220 0558  0.8 1226  2.9 1837  0.8 9999  9.9
22  Tu       1220 0044  2.7 0650  0.9 1315  2.8 1927  0.9
23  We       1220 0135  2.6 0746  1.0 1405  2.7 2017  0.9
24  Th       1220 0230  2.5 0841  1.1 1456  2.6 2107  1.0
25  Fr       1220 0328  2.5 0935  1.1 1548  2.6 2158  1.0
26  Sa       1220 0426  2.5 1027  1.1 1638  2.6 2249  0.9
27  Su       1220 0517  2.6 1116  1.1 1727  2.6 2338  0.9
28  Mo       1220 0604  2.6 1203  1.0 1813  2.6 9999  9.9
29  Tu       1220 0024  0.8 0647  2.7 1248  1.0 1859  2.7
30  We       1220 0107  0.7 0728  2.8 1331  0.9 1943  2.7
31  Th       1220 0148  0.7 0809  2.9 1413  0.9 2027  2.8
