313Castlepoint
Based on data from  1-Jan-2012
Local Std Time, tidal heights in metres.
 1  Mo        118 0346  1.6 1005  0.1 1615  1.6 2227  0.0
 2  Tu        118 0443  1.7 1103  0.0 1713  1.6 2325  0.0
 3  We        118 0541  1.8 1201  0.0 1811  1.6 9999  9.9
 4  Th        118 0022  0.0 0638  1.8 1258 -0.1 1910  1.6
 5  Fr        118 0119 -0.1 0734  1.8 1356 -0.1 2007  1.6
 6  Sa        118 0216  0.0 0831  1.8 1452  0.0 2103  1.6
 7  Su        118 0311  0.0 0926  1.7 1548  0.0 2158  1.6
 8  Mo        118 0407  0.0 1022  1.6 1642  0.1 2252  1.5
 9  Tu        118 0502  0.1 1116  1.6 1734  0.1 2345  1.5
10  We        118 0557  0.2 1209  1.5 1825  0.2 9999  9.9
11  Th        118 0037  1.5 0651  0.2 1300  1.4 1914  0.2
12  Fr        118 0129  1.4 0744  0.3 1350  1.4 2002  0.3
13  Sa        118 0220  1.4 0835  0.3 1439  1.3 2050  0.3
14  Su        118 0309  1.4 0924  0.3 1526  1.3 2138  0.3
15  Mo        118 0357  1.4 1012  0.3 1614  1.3 2225  0.3
16  Tu        118 0443  1.4 1058  0.3 1700  1.3 2310  0.3
17  We        118 0527  1.4 1143  0.3 1746  1.3 2355  0.3
18  Th        118 0609  1.4 1227  0.3 1831  1.3 9999  9.9
19  Fr        118 0038  0.3 0651  1.4 1311  0.3 1915  1.3
20  Sa        118 0120  0.3 0733  1.4 1354  0.3 1958  1.3
21  Su        118 0202  0.3 0816  1.4 1437  0.3 2041  1.4
22  Mo        118 0245  0.3 0900  1.4 1520  0.2 2124  1.4
23  Tu        118 0330  0.3 0945  1.4 1604  0.2 2208  1.4
24  We        118 0416  0.2 1031  1.4 1649  0.2 2254  1.4
25  Th        118 0505  0.2 1120  1.4 1735  0.2 2343  1.4
26  Fr        118 0558  0.2 1211  1.5 1824  0.2 9999  9.9
27  Sa        118 0035  1.5 0652  0.2 1304  1.5 1916  0.2
28  Su        118 0130  1.5 0749  0.1 1358  1.5 2010  0.1
29  Mo        118 0227  1.6 0846  0.1 1455  1.5 2107  0.1
30  Tu        118 0325  1.6 0944  0.1 1553  1.5 2206  0.0
31  We        118 0423  1.7 1042  0.0 1652  1.6 2304  0.0
 1  Th        218 0520  1.7 1140  0.0 1751  1.6 9999  9.9
 2  Fr        218 0002  0.0 0617  1.8 1237  0.0 1848  1.6
 3  Sa        218 0059  0.0 0713  1.7 1334  0.0 1945  1.6
 4  Su        218 0154  0.0 0809  1.7 1429  0.0 2039  1.6
 5  Mo        218 0249  0.0 0903  1.7 1523  0.1 2133  1.6
 6  Tu        218 0343  0.1 0957  1.6 1614  0.1 2225  1.5
 7  We        218 0437  0.1 1049  1.5 1704  0.2 2316  1.5
 8  Th        218 0529  0.2 1140  1.4 1753  0.2 9999  9.9
 9  Fr        218 0006  1.4 0621  0.3 1229  1.4 1841  0.3
10  Sa        218 0056  1.4 0713  0.3 1317  1.3 1928  0.3
11  Su        218 0146  1.4 0802  0.3 1405  1.3 2016  0.3
12  Mo        218 0235  1.4 0851  0.3 1453  1.3 2104  0.3
13  Tu        218 0322  1.4 0938  0.3 1540  1.3 2151  0.3
14  We        218 0409  1.4 1025  0.3 1627  1.3 2238  0.3
15  Th        218 0453  1.4 1110  0.3 1714  1.3 2323  0.3
16  Fr        218 0537  1.4 1154  0.3 1759  1.3 9999  9.9
17  Sa        218 0007  0.3 0620  1.4 1238  0.3 1843  1.3
18  Su        218 0050  0.3 0704  1.4 1322  0.3 1927  1.4
19  Mo        218 0134  0.2 0748  1.5 1406  0.2 2011  1.4
20  Tu        218 0219  0.2 0834  1.5 1451  0.2 2056  1.4
21  We        218 0306  0.2 0921  1.5 1537  0.2 2142  1.5
22  Th        218 0355  0.2 1010  1.5 1623  0.2 2231  1.5
23  Fr        218 0446  0.2 1100  1.5 1712  0.2 2322  1.5
24  Sa        218 0540  0.2 1152  1.5 1803  0.2 9999  9.9
25  Su        218 0015  1.5 0635  0.1 1246  1.5 1856  0.1
26  Mo        218 0111  1.6 0732  0.1 1341  1.5 1952  0.1
27  Tu        218 0209  1.6 0829  0.1 1437  1.5 2049  0.1
28  We        218 0306  1.6 0926  0.1 1535  1.5 2147  0.1
 1  Th        318 0404  1.7 1023  0.0 1633  1.6 2245  0.0
 2  Fr        318 0501  1.7 1119  0.0 1730  1.6 2342  0.0
 3  Sa        318 0556  1.7 1215  0.0 1826  1.6 9999  9.9
 4  Su        318 0038  0.0 0651  1.7 1310  0.1 1921  1.6
 5  Mo        318 0132  0.0 0745  1.6 1403  0.1 2014  1.6
 6  Tu        318 0225  0.1 0838  1.6 1454  0.1 2105  1.5
 7  We        318 0317  0.1 0929  1.5 1544  0.2 2154  1.5
 8  Th        318 0408  0.2 1019  1.4 1631  0.2 2243  1.4
 9  Fr        318 0459  0.2 1108  1.4 1718  0.3 2331  1.4
10  Sa        318 0549  0.3 1156  1.3 1805  0.3 9999  9.9
11  Su        318 0020  1.4 0638  0.3 1243  1.3 1852  0.3
12  Mo        318 0109  1.4 0727  0.3 1330  1.3 1939  0.3
13  Tu        318 0157  1.4 0815  0.3 1417  1.3 2028  0.3
14  We        318 0245  1.4 0902  0.3 1505  1.3 2116  0.3
15  Th        318 0332  1.4 0948  0.3 1552  1.3 2203  0.3
16  Fr        318 0417  1.4 1033  0.3 1638  1.3 2249  0.3
17  Sa        318 0502  1.4 1118  0.3 1724  1.4 2334  0.3
18  Su        318 0547  1.4 1203  0.3 1810  1.4 9999  9.9
19  Mo        318 0020  0.2 0633  1.5 1249  0.2 1856  1.4
20  Tu        318 0106  0.2 0720  1.5 1336  0.2 1942  1.5
21  We        318 0155  0.2 0809  1.5 1423  0.2 2030  1.5
22  Th        318 0245  0.1 0859  1.5 1512  0.2 2120  1.5
23  Fr        318 0337  0.1 0951  1.5 1602  0.2 2211  1.6
24  Sa        318 0431  0.1 1044  1.5 1653  0.1 2304  1.6
25  Su        318 0526  0.1 1137  1.5 1746  0.1 9999  9.9
26  Mo        318 0000  1.6 0622  0.1 1232  1.5 1841  0.1
27  Tu        318 0056  1.6 0718  0.1 1327  1.5 1937  0.1
28  We        318 0153  1.6 0813  0.1 1422  1.5 2034  0.1
29  Th        318 0250  1.6 0909  0.1 1519  1.5 2132  0.1
30  Fr        318 0346  1.6 1003  0.1 1615  1.5 2228  0.1
31  Sa        318 0441  1.6 1058  0.1 1710  1.5 2323  0.1
 1  Su        418 0535  1.6 1151  0.1 1804  1.5 9999  9.9
 2  Mo        418 0016  0.1 0628  1.6 1243  0.1 1856  1.5
 3  Tu        418 0109  0.1 0720  1.5 1334  0.2 1946  1.5
 4  We        418 0159  0.1 0810  1.5 1423  0.2 2034  1.5
 5  Th        418 0249  0.2 0859  1.4 1510  0.2 2122  1.5
 6  Fr        418 0338  0.2 0947  1.4 1556  0.3 2208  1.4
 7  Sa        418 0427  0.3 1035  1.3 1642  0.3 2255  1.4
 8  Su        418 0515  0.3 1121  1.3 1728  0.3 2342  1.4
 9  Mo        418 0603  0.3 1208  1.3 1815  0.3 9999  9.9
10  Tu        418 0030  1.4 0650  0.3 1254  1.3 1902  0.3
11  We        418 0119  1.4 0737  0.3 1341  1.3 1951  0.3
12  Th        418 0206  1.4 0823  0.3 1428  1.3 2039  0.3
13  Fr        418 0253  1.4 0909  0.3 1515  1.3 2127  0.3
14  Sa        418 0339  1.4 0954  0.3 1602  1.4 2214  0.3
15  Su        418 0426  1.4 1040  0.2 1649  1.4 2302  0.2
16  Mo        418 0513  1.4 1127  0.2 1737  1.5 2350  0.2
17  Tu        418 0602  1.5 1216  0.2 1825  1.5 9999  9.9
18  We        418 0040  0.1 0652  1.5 1306  0.2 1915  1.6
19  Th        418 0132  0.1 0745  1.5 1357  0.1 2007  1.6
20  Fr        418 0225  0.1 0839  1.5 1449  0.1 2059  1.6
21  Sa        418 0320  0.1 0933  1.5 1542  0.1 2154  1.6
22  Su        418 0416  0.1 1028  1.5 1636  0.1 2249  1.6
23  Mo        418 0512  0.1 1123  1.5 1731  0.1 2346  1.6
24  Tu        418 0608  0.1 1218  1.5 1827  0.1 9999  9.9
25  We        418 0043  1.6 0704  0.1 1313  1.5 1924  0.1
26  Th        418 0139  1.6 0758  0.1 1408  1.5 2021  0.1
27  Fr        418 0234  1.6 0851  0.1 1503  1.5 2116  0.1
28  Sa        418 0328  1.5 0944  0.1 1557  1.5 2211  0.1
29  Su        418 0421  1.5 1035  0.2 1649  1.5 2304  0.1
30  Mo        418 0512  1.5 1126  0.2 1740  1.5 2355  0.2
 1  Tu        518 0603  1.5 1216  0.2 1830  1.5 9999  9.9
 2  We        518 0044  0.2 0652  1.4 1304  0.2 1917  1.5
 3  Th        518 0133  0.2 0741  1.4 1351  0.3 2003  1.5
 4  Fr        518 0220  0.2 0828  1.4 1436  0.3 2048  1.4
 5  Sa        518 0307  0.3 0915  1.3 1521  0.3 2133  1.4
 6  Su        518 0354  0.3 1001  1.3 1606  0.3 2219  1.4
 7  Mo        518 0441  0.3 1047  1.3 1651  0.3 2305  1.4
 8  Tu        518 0528  0.3 1132  1.3 1737  0.3 2352  1.4
 9  We        518 0614  0.3 1218  1.3 1825  0.4 9999  9.9
10  Th        518 0040  1.4 0659  0.3 1304  1.3 1913  0.3
11  Fr        518 0127  1.4 0744  0.3 1351  1.3 2002  0.3
12  Sa        518 0215  1.4 0830  0.3 1438  1.4 2051  0.3
13  Su        518 0302  1.4 0916  0.2 1526  1.4 2140  0.2
14  Mo        518 0351  1.4 1004  0.2 1615  1.5 2231  0.2
15  Tu        518 0441  1.5 1053  0.2 1706  1.5 2322  0.1
16  We        518 0533  1.5 1145  0.1 1757  1.6 9999  9.9
17  Th        518 0015  0.1 0626  1.5 1238  0.1 1850  1.7
18  Fr        518 0110  0.0 0722  1.6 1332  0.1 1944  1.7
19  Sa        518 0205  0.0 0818  1.6 1427  0.0 2040  1.7
20  Su        518 0302  0.0 0915  1.6 1522  0.0 2136  1.7
21  Mo        518 0400  0.0 1011  1.6 1619  0.1 2233  1.7
22  Tu        518 0457  0.0 1108  1.5 1715  0.1 2330  1.6
23  We        518 0553  0.1 1203  1.5 1812  0.1 9999  9.9
24  Th        518 0027  1.6 0647  0.1 1258  1.5 1909  0.1
25  Fr        518 0123  1.6 0740  0.1 1352  1.5 2006  0.2
26  Sa        518 0217  1.5 0832  0.2 1446  1.5 2100  0.2
27  Su        518 0309  1.5 0922  0.2 1538  1.5 2153  0.2
28  Mo        518 0400  1.4 1012  0.2 1628  1.5 2244  0.2
29  Tu        518 0449  1.4 1100  0.2 1717  1.5 2332  0.2
30  We        518 0537  1.4 1148  0.2 1803  1.5 9999  9.9
31  Th        518 0019  0.2 0624  1.4 1234  0.3 1848  1.5
 1  Fr        618 0106  0.2 0711  1.3 1319  0.3 1932  1.4
 2  Sa        618 0151  0.3 0757  1.3 1403  0.3 2016  1.4
 3  Su        618 0236  0.3 0842  1.3 1446  0.3 2059  1.4
 4  Mo        618 0322  0.3 0927  1.3 1530  0.3 2144  1.4
 5  Tu        618 0407  0.3 1012  1.3 1615  0.3 2229  1.4
 6  We        618 0452  0.3 1057  1.3 1701  0.3 2316  1.4
 7  Th        618 0537  0.3 1142  1.3 1748  0.3 9999  9.9
 8  Fr        618 0003  1.4 0622  0.3 1228  1.3 1837  0.3
 9  Sa        618 0050  1.4 0707  0.3 1314  1.4 1927  0.3
10  Su        618 0139  1.4 0753  0.2 1403  1.4 2018  0.3
11  Mo        618 0228  1.4 0841  0.2 1453  1.5 2110  0.2
12  Tu        618 0319  1.5 0931  0.2 1545  1.5 2203  0.1
13  We        618 0412  1.5 1023  0.1 1638  1.6 2257  0.1
14  Th        618 0506  1.5 1117  0.1 1732  1.7 2352  0.0
15  Fr        618 0602  1.6 1213  0.0 1828  1.7 9999  9.9
16  Sa        618 0048  0.0 0700  1.6 1309  0.0 1923  1.8
17  Su        618 0145  0.0 0757  1.6 1406  0.0 2020  1.8
18  Mo        618 0243  0.0 0855  1.6 1503  0.0 2117  1.7
19  Tu        618 0341  0.0 0952  1.6 1600  0.0 2215  1.7
20  We        618 0437  0.0 1048  1.6 1657  0.1 2312  1.6
21  Th        618 0533  0.0 1144  1.5 1755  0.1 9999  9.9
22  Fr        618 0009  1.6 0627  0.1 1239  1.5 1852  0.1
23  Sa        618 0103  1.5 0719  0.1 1333  1.5 1947  0.2
24  Su        618 0156  1.5 0810  0.2 1426  1.5 2041  0.2
25  Mo        618 0247  1.4 0859  0.2 1517  1.5 2132  0.2
26  Tu        618 0336  1.4 0947  0.2 1605  1.5 2221  0.2
27  We        618 0424  1.4 1034  0.3 1652  1.4 2308  0.3
28  Th        618 0511  1.3 1120  0.3 1737  1.4 2353  0.3
29  Fr        618 0557  1.3 1205  0.3 1820  1.4 9999  9.9
30  Sa        618 0038  0.3 0642  1.3 1248  0.3 1902  1.4
 1  Su        718 0122  0.3 0727  1.3 1331  0.3 1945  1.4
 2  Mo        718 0206  0.3 0811  1.3 1414  0.3 2027  1.4
 3  Tu        718 0250  0.3 0855  1.3 1457  0.3 2111  1.4
 4  We        718 0334  0.3 0938  1.3 1542  0.3 2156  1.4
 5  Th        718 0418  0.3 1022  1.3 1627  0.3 2242  1.4
 6  Fr        718 0502  0.3 1107  1.3 1715  0.3 2329  1.4
 7  Sa        718 0546  0.3 1153  1.4 1804  0.3 9999  9.9
 8  Su        718 0017  1.4 0632  0.2 1241  1.4 1856  0.3
 9  Mo        718 0107  1.4 0720  0.2 1332  1.5 1949  0.2
10  Tu        718 0158  1.4 0810  0.2 1424  1.5 2043  0.2
11  We        718 0251  1.5 0903  0.1 1519  1.6 2138  0.1
12  Th        718 0346  1.5 0958  0.1 1614  1.7 2234  0.0
13  Fr        718 0443  1.6 1054  0.0 1710  1.7 2330  0.0
14  Sa        718 0540  1.6 1151  0.0 1806  1.8 9999  9.9
15  Su        718 0027 -0.1 0638  1.6 1248  0.0 1903  1.8
16  Mo        718 0125 -0.1 0736  1.6 1345 -0.1 2000  1.8
17  Tu        718 0222 -0.1 0833  1.6 1442  0.0 2057  1.7
18  We        718 0318  0.0 0930  1.6 1539  0.0 2154  1.7
19  Th        718 0414  0.0 1025  1.6 1636  0.1 2250  1.6
20  Fr        718 0509  0.1 1120  1.5 1733  0.1 2346  1.5
21  Sa        718 0601  0.1 1215  1.5 1829  0.2 9999  9.9
22  Su        718 0039  1.5 0653  0.2 1308  1.5 1924  0.2
23  Mo        718 0131  1.4 0743  0.2 1401  1.4 2017  0.2
24  Tu        718 0221  1.4 0832  0.3 1451  1.4 2107  0.3
25  We        718 0310  1.3 0920  0.3 1539  1.4 2155  0.3
26  Th        718 0357  1.3 1006  0.3 1625  1.4 2241  0.3
27  Fr        718 0443  1.3 1052  0.3 1709  1.4 2325  0.3
28  Sa        718 0528  1.3 1136  0.3 1751  1.4 9999  9.9
29  Su        718 0009  0.3 0613  1.3 1219  0.3 1833  1.4
30  Mo        718 0052  0.3 0657  1.3 1302  0.3 1915  1.4
31  Tu        718 0135  0.3 0740  1.3 1344  0.3 1957  1.4
 1  We        818 0218  0.3 0823  1.3 1427  0.3 2040  1.4
 2  Th        818 0301  0.3 0906  1.4 1511  0.3 2125  1.4
 3  Fr        818 0345  0.3 0949  1.4 1557  0.3 2211  1.4
 4  Sa        818 0429  0.3 1035  1.4 1646  0.3 2259  1.4
 5  Su        818 0514  0.2 1122  1.4 1737  0.3 2349  1.4
 6  Mo        818 0601  0.2 1212  1.5 1830  0.2 9999  9.9
 7  Tu        818 0040  1.4 0651  0.2 1305  1.5 1925  0.2
 8  We        818 0134  1.5 0744  0.2 1400  1.6 2021  0.1
 9  Th        818 0228  1.5 0839  0.1 1457  1.6 2117  0.1
10  Fr        818 0325  1.5 0936  0.0 1553  1.7 2213  0.0
11  Sa        818 0422  1.6 1033  0.0 1650  1.8 2310  0.0
12  Su        818 0520  1.6 1131  0.0 1746  1.8 9999  9.9
13  Mo        818 0006 -0.1 0617  1.6 1228 -0.1 1842  1.8
14  Tu        818 0103 -0.1 0714  1.7 1324 -0.1 1938  1.8
15  We        818 0159  0.0 0810  1.6 1420  0.0 2034  1.7
16  Th        818 0254  0.0 0905  1.6 1516  0.0 2130  1.6
17  Fr        818 0348  0.0 0959  1.6 1612  0.1 2225  1.6
18  Sa        818 0440  0.1 1053  1.5 1707  0.1 2318  1.5
19  Su        818 0532  0.2 1146  1.5 1802  0.2 9999  9.9
20  Mo        818 0011  1.4 0622  0.2 1238  1.4 1856  0.2
21  Tu        818 0101  1.4 0711  0.3 1330  1.4 1948  0.3
22  We        818 0151  1.3 0801  0.3 1420  1.4 2037  0.3
23  Th        818 0239  1.3 0849  0.3 1508  1.4 2124  0.3
24  Fr        818 0327  1.3 0937  0.3 1554  1.4 2210  0.3
25  Sa        818 0413  1.3 1023  0.3 1638  1.4 2255  0.3
26  Su        818 0459  1.3 1107  0.3 1721  1.4 2338  0.3
27  Mo        818 0543  1.3 1151  0.3 1803  1.4 9999  9.9
28  Tu        818 0021  0.3 0627  1.4 1233  0.3 1845  1.4
29  We        818 0104  0.2 0710  1.4 1316  0.3 1928  1.4
30  Th        818 0147  0.2 0752  1.4 1400  0.2 2012  1.4
31  Fr        818 0230  0.2 0835  1.4 1445  0.2 2058  1.4
 1  Sa        918 0314  0.2 0920  1.4 1532  0.2 2146  1.4
 2  Su        918 0400  0.2 1007  1.5 1622  0.2 2235  1.4
 3  Mo        918 0447  0.2 1056  1.5 1715  0.2 2326  1.4
 4  Tu        918 0536  0.2 1149  1.5 1809  0.2 9999  9.9
 5  We        918 0019  1.4 0628  0.2 1243  1.5 1905  0.1
 6  Th        918 0113  1.5 0723  0.1 1340  1.6 2001  0.1
 7  Fr        918 0209  1.5 0820  0.1 1437  1.6 2058  0.1
 8  Sa        918 0306  1.5 0918  0.0 1535  1.7 2154  0.0
 9  Su        918 0403  1.6 1015  0.0 1631  1.7 2250  0.0
10  Mo        918 0500  1.6 1112  0.0 1727  1.7 2345  0.0
11  Tu        918 0557  1.6 1208  0.0 1822  1.7 9999  9.9
12  We        918 0040  0.0 0652  1.6 1304  0.0 1917  1.7
13  Th        918 0134  0.0 0746  1.6 1358  0.0 2011  1.6
14  Fr        918 0227  0.0 0839  1.6 1452  0.1 2104  1.6
15  Sa        918 0319  0.1 0931  1.6 1545  0.1 2157  1.5
16  Su        918 0409  0.2 1022  1.5 1639  0.2 2248  1.4
17  Mo        918 0458  0.2 1113  1.5 1731  0.2 2338  1.4
18  Tu        918 0547  0.3 1203  1.4 1823  0.3 9999  9.9
19  We        918 0028  1.3 0636  0.3 1254  1.4 1913  0.3
20  Th        918 0116  1.3 0725  0.3 1344  1.4 2002  0.3
21  Fr        918 0205  1.3 0815  0.3 1432  1.4 2049  0.3
22  Sa        918 0253  1.3 0903  0.3 1519  1.4 2136  0.3
23  Su        918 0340  1.3 0951  0.3 1605  1.4 2220  0.3
24  Mo        918 0427  1.3 1036  0.3 1648  1.4 2304  0.3
25  Tu        918 0511  1.4 1121  0.3 1732  1.4 2348  0.2
26  We        918 0555  1.4 1204  0.2 1816  1.4 9999  9.9
27  Th        918 0032  0.2 0639  1.4 1249  0.2 1900  1.5
28  Fr        918 0116  0.2 0723  1.5 1334  0.2 1946  1.5
29  Sa        918 0201  0.2 0808  1.5 1421  0.2 2034  1.5
30  Su        918 0247  0.2 0855  1.5 1511  0.2 2124  1.5
 1  Mo       1018 0334  0.2 0944  1.5 1603  0.1 2215  1.5
 2  Tu       1018 0424  0.2 1035  1.6 1657  0.1 2308  1.5
 3  We       1018 0516  0.2 1130  1.6 1752  0.1 9999  9.9
 4  Th       1018 0002  1.5 0610  0.1 1226  1.6 1848  0.1
 5  Fr       1018 0057  1.5 0706  0.1 1323  1.6 1944  0.1
 6  Sa       1018 0153  1.5 0804  0.1 1420  1.6 2040  0.1
 7  Su       1018 0249  1.5 0902  0.1 1517  1.7 2135  0.1
 8  Mo       1018 0346  1.6 0959  0.0 1613  1.7 2230  0.0
 9  Tu       1018 0442  1.6 1055  0.0 1707  1.7 2324  0.0
10  We       1018 0537  1.6 1150  0.0 1801  1.6 9999  9.9
11  Th       1018 0017  0.1 0630  1.6 1243  0.0 1854  1.6
12  Fr       1018 0109  0.1 0722  1.6 1336  0.1 1946  1.5
13  Sa       1018 0159  0.1 0812  1.6 1427  0.1 2037  1.5
14  Su       1018 0248  0.2 0901  1.5 1518  0.2 2127  1.4
15  Mo       1018 0336  0.2 0949  1.5 1608  0.2 2216  1.4
16  Tu       1018 0423  0.2 1037  1.5 1658  0.2 2304  1.4
17  We       1018 0510  0.3 1126  1.4 1747  0.3 2351  1.3
18  Th       1018 0558  0.3 1215  1.4 1836  0.3 9999  9.9
19  Fr       1018 0039  1.3 0647  0.3 1304  1.4 1924  0.3
20  Sa       1018 0128  1.3 0737  0.3 1353  1.4 2011  0.3
21  Su       1018 0216  1.3 0827  0.3 1441  1.4 2057  0.3
22  Mo       1018 0304  1.3 0915  0.3 1527  1.4 2143  0.3
23  Tu       1018 0351  1.4 1002  0.3 1613  1.4 2228  0.3
24  We       1018 0437  1.4 1049  0.3 1658  1.4 2313  0.2
25  Th       1018 0522  1.4 1135  0.2 1745  1.5 2358  0.2
26  Fr       1018 0608  1.5 1222  0.2 1832  1.5 9999  9.9
27  Sa       1018 0045  0.2 0655  1.5 1310  0.1 1921  1.5
28  Su       1018 0133  0.1 0743  1.6 1400  0.1 2012  1.5
29  Mo       1018 0222  0.1 0833  1.6 1452  0.1 2104  1.5
30  Tu       1018 0313  0.1 0924  1.6 1546  0.1 2157  1.5
31  We       1018 0405  0.1 1018  1.6 1641  0.1 2251  1.5
 1  Th       1118 0458  0.1 1113  1.6 1737  0.1 2346  1.5
 2  Fr       1118 0554  0.1 1210  1.6 1832  0.1 9999  9.9
 3  Sa       1118 0041  1.5 0651  0.1 1307  1.6 1927  0.1
 4  Su       1118 0137  1.5 0749  0.1 1404  1.6 2022  0.1
 5  Mo       1118 0233  1.5 0847  0.1 1500  1.6 2116  0.1
 6  Tu       1118 0329  1.5 0943  0.1 1554  1.6 2209  0.1
 7  We       1118 0424  1.6 1038  0.1 1648  1.6 2302  0.1
 8  Th       1118 0517  1.6 1131  0.1 1740  1.5 2353  0.1
 9  Fr       1118 0608  1.6 1223  0.1 1831  1.5 9999  9.9
10  Sa       1118 0043  0.1 0657  1.6 1313  0.1 1921  1.5
11  Su       1118 0131  0.2 0745  1.5 1402  0.2 2009  1.4
12  Mo       1118 0218  0.2 0831  1.5 1450  0.2 2057  1.4
13  Tu       1118 0303  0.2 0917  1.5 1537  0.2 2143  1.4
14  We       1118 0348  0.3 1002  1.4 1624  0.3 2229  1.3
15  Th       1118 0433  0.3 1049  1.4 1711  0.3 2315  1.3
16  Fr       1118 0520  0.3 1136  1.4 1757  0.3 9999  9.9
17  Sa       1118 0001  1.3 0608  0.3 1224  1.4 1844  0.3
18  Su       1118 0049  1.3 0657  0.3 1312  1.4 1930  0.3
19  Mo       1118 0136  1.3 0747  0.3 1400  1.4 2016  0.3
20  Tu       1118 0224  1.3 0837  0.3 1448  1.4 2102  0.3
21  We       1118 0312  1.4 0926  0.3 1536  1.4 2149  0.2
22  Th       1118 0400  1.4 1015  0.2 1624  1.4 2237  0.2
23  Fr       1118 0449  1.5 1104  0.2 1714  1.5 2326  0.2
24  Sa       1118 0538  1.5 1155  0.1 1805  1.5 9999  9.9
25  Su       1118 0016  0.1 0628  1.6 1247  0.1 1857  1.5
26  Mo       1118 0107  0.1 0720  1.7 1340  0.0 1951  1.5
27  Tu       1118 0200  0.1 0812  1.7 1434  0.0 2045  1.6
28  We       1118 0253  0.0 0906  1.7 1529  0.0 2140  1.6
29  Th       1118 0347  0.0 1001  1.7 1625  0.0 2235  1.6
30  Fr       1118 0442  0.1 1058  1.7 1720  0.0 2330  1.5
 1  Sa       1218 0539  0.1 1154  1.6 1815  0.1 9999  9.9
 2  Su       1218 0025  1.5 0636  0.1 1251  1.6 1909  0.1
 3  Mo       1218 0121  1.5 0734  0.1 1347  1.6 2003  0.1
 4  Tu       1218 0216  1.5 0831  0.1 1441  1.5 2056  0.1
 5  We       1218 0311  1.5 0927  0.2 1535  1.5 2148  0.2
 6  Th       1218 0405  1.5 1021  0.2 1627  1.5 2239  0.2
 7  Fr       1218 0457  1.5 1112  0.2 1718  1.4 2329  0.2
 8  Sa       1218 0546  1.5 1202  0.2 1807  1.4 9999  9.9
 9  Su       1218 0017  0.2 0633  1.5 1250  0.2 1855  1.4
10  Mo       1218 0103  0.2 0718  1.5 1336  0.2 1941  1.4
11  Tu       1218 0148  0.2 0802  1.5 1422  0.2 2027  1.3
12  We       1218 0232  0.3 0845  1.5 1507  0.2 2111  1.3
13  Th       1218 0315  0.3 0929  1.4 1551  0.3 2155  1.3
14  Fr       1218 0359  0.3 1013  1.4 1636  0.3 2239  1.3
15  Sa       1218 0444  0.3 1059  1.4 1720  0.3 2324  1.3
16  Su       1218 0530  0.3 1145  1.4 1805  0.3 9999  9.9
17  Mo       1218 0010  1.3 0619  0.3 1233  1.4 1850  0.3
18  Tu       1218 0056  1.3 0708  0.3 1320  1.4 1935  0.3
19  We       1218 0144  1.4 0759  0.3 1409  1.4 2022  0.3
20  Th       1218 0234  1.4 0850  0.3 1459  1.4 2111  0.2
21  Fr       1218 0325  1.5 0942  0.2 1550  1.4 2202  0.2
22  Sa       1218 0417  1.5 1035  0.1 1643  1.5 2255  0.1
23  Su       1218 0510  1.6 1129  0.1 1738  1.5 2349  0.1
24  Mo       1218 0604  1.7 1223  0.0 1834  1.6 9999  9.9
25  Tu       1218 0043  0.0 0658  1.7 1319  0.0 1930  1.6
26  We       1218 0138  0.0 0753  1.8 1415  0.0 2025  1.6
27  Th       1218 0233  0.0 0848  1.8 1511  0.0 2121  1.6
28  Fr       1218 0329  0.0 0944  1.7 1607  0.0 2217  1.6
29  Sa       1218 0425  0.0 1041  1.7 1702  0.0 2312  1.6
30  Su       1218 0522  0.1 1137  1.6 1756  0.1 9999  9.9
31  Mo       1218 0007  1.5 0620  0.1 1233  1.6 1849  0.1
