330Fresh Water Basin
Based on data from  1-Sep-2008
Local Std Time, tidal heights in metres.
 1  Su        117 0050  2.3 0656  0.6 1302  2.3 1922  0.5
 2  Mo        117 0130  2.2 0736  0.6 1343  2.3 2003  0.5
 3  Tu        117 0213  2.2 0819  0.6 1427  2.3 2049  0.6
 4  We        117 0259  2.2 0906  0.6 1517  2.2 2139  0.6
 5  Th        117 0351  2.1 1000  0.7 1613  2.2 2236  0.6
 6  Fr        117 0450  2.1 1101  0.7 1716  2.2 2338  0.7
 7  Sa        117 0554  2.1 1208  0.7 1824  2.2 9999  9.9
 8  Su        117 0043  0.6 0700  2.2 1316  0.6 1931  2.2
 9  Mo        117 0148  0.6 0804  2.3 1421  0.5 2034  2.3
10  Tu        117 0250  0.5 0904  2.4 1522  0.4 2134  2.4
11  We        117 0348  0.4 1000  2.5 1618  0.3 2229  2.5
12  Th        117 0442  0.3 1052  2.6 1710  0.2 2321  2.5
13  Fr        117 0532  0.3 1142  2.6 1801  0.2 9999  9.9
14  Sa        117 0011  2.5 0621  0.3 1230  2.6 1849  0.2
15  Su        117 0059  2.5 0708  0.4 1317  2.5 1935  0.3
16  Mo        117 0145  2.4 0753  0.4 1402  2.4 2021  0.4
17  Tu        117 0230  2.3 0838  0.6 1448  2.3 2106  0.6
18  We        117 0315  2.2 0923  0.7 1534  2.2 2153  0.7
19  Th        117 0401  2.1 1012  0.8 1624  2.0 2242  0.8
20  Fr        117 0452  2.0 1105  0.9 1719  2.0 2335  0.9
21  Sa        117 0548  1.9 1205  0.9 1818  1.9 9999  9.9
22  Su        117 0033  0.9 0649  1.9 1308  0.9 1919  1.9
23  Mo        117 0133  0.9 0748  1.9 1408  0.9 2017  1.9
24  Tu        117 0229  0.9 0842  2.0 1501  0.8 2108  2.0
25  We        117 0319  0.8 0929  2.1 1547  0.7 2153  2.1
26  Th        117 0403  0.7 1011  2.2 1628  0.6 2235  2.2
27  Fr        117 0443  0.6 1050  2.3 1707  0.5 2314  2.2
28  Sa        117 0521  0.5 1127  2.4 1744  0.5 2352  2.3
29  Su        117 0559  0.5 1205  2.4 1822  0.4 9999  9.9
30  Mo        117 0030  2.3 0637  0.5 1244  2.4 1902  0.4
31  Tu        117 0110  2.4 0717  0.4 1325  2.4 1943  0.4
 1  We        217 0152  2.3 0800  0.5 1409  2.4 2028  0.4
 2  Th        217 0237  2.3 0846  0.5 1457  2.3 2117  0.5
 3  Fr        217 0327  2.2 0939  0.6 1552  2.3 2212  0.6
 4  Sa        217 0424  2.2 1039  0.6 1655  2.2 2315  0.7
 5  Su        217 0529  2.1 1147  0.7 1805  2.1 9999  9.9
 6  Mo        217 0023  0.7 0639  2.1 1259  0.6 1916  2.2
 7  Tu        217 0133  0.7 0748  2.2 1408  0.6 2023  2.2
 8  We        217 0238  0.6 0852  2.3 1511  0.5 2124  2.3
 9  Th        217 0337  0.5 0949  2.4 1607  0.4 2218  2.4
10  Fr        217 0430  0.4 1040  2.5 1657  0.3 2308  2.4
11  Sa        217 0518  0.4 1127  2.6 1744  0.3 2353  2.5
12  Su        217 0603  0.3 1211  2.5 1828  0.3 9999  9.9
13  Mo        217 0036  2.4 0645  0.4 1253  2.5 1909  0.4
14  Tu        217 0116  2.4 0725  0.4 1333  2.4 1949  0.4
15  We        217 0155  2.3 0804  0.5 1413  2.3 2028  0.6
16  Th        217 0233  2.2 0843  0.6 1453  2.2 2108  0.7
17  Fr        217 0313  2.1 0925  0.8 1536  2.0 2151  0.8
18  Sa        217 0358  2.0 1013  0.9 1626  1.9 2241  0.9
19  Su        217 0451  1.9 1111  0.9 1726  1.9 2340  1.0
20  Mo        217 0554  1.9 1218  1.0 1833  1.9 9999  9.9
21  Tu        217 0046  1.0 0702  1.9 1325  0.9 1938  1.9
22  We        217 0151  0.9 0804  1.9 1425  0.8 2035  2.0
23  Th        217 0247  0.8 0856  2.0 1515  0.7 2124  2.1
24  Fr        217 0334  0.7 0942  2.2 1559  0.6 2207  2.2
25  Sa        217 0416  0.6 1023  2.3 1639  0.5 2247  2.3
26  Su        217 0456  0.5 1102  2.4 1718  0.4 2327  2.4
27  Mo        217 0535  0.4 1142  2.5 1758  0.3 9999  9.9
28  Tu        217 0006  2.5 0615  0.3 1223  2.5 1839  0.3
 1  We        317 0047  2.5 0657  0.3 1306  2.5 1922  0.3
 2  Th        317 0131  2.5 0741  0.3 1351  2.5 2008  0.4
 3  Fr        317 0217  2.4 0829  0.4 1441  2.4 2058  0.5
 4  Sa        317 0308  2.3 0923  0.5 1538  2.3 2155  0.6
 5  Su        317 0406  2.2 1024  0.6 1642  2.2 2258  0.7
 6  Mo        317 0512  2.1 1134  0.7 1753  2.1 9999  9.9
 7  Tu        317 0009  0.7 0625  2.1 1248  0.7 1906  2.1
 8  We        317 0122  0.7 0736  2.2 1357  0.6 2014  2.2
 9  Th        317 0228  0.7 0840  2.2 1459  0.5 2113  2.2
10  Fr        317 0325  0.6 0935  2.3 1552  0.4 2204  2.3
11  Sa        317 0415  0.5 1024  2.4 1640  0.4 2250  2.4
12  Su        317 0500  0.4 1108  2.5 1723  0.4 2331  2.4
13  Mo        317 0541  0.4 1148  2.5 1802  0.4 9999  9.9
14  Tu        317 0009  2.4 0619  0.4 1226  2.4 1840  0.4
15  We        317 0045  2.4 0655  0.5 1303  2.4 1915  0.5
16  Th        317 0120  2.3 0731  0.5 1338  2.3 1950  0.6
17  Fr        317 0154  2.2 0806  0.6 1415  2.2 2026  0.7
18  Sa        317 0230  2.1 0845  0.7 1455  2.1 2106  0.8
19  Su        317 0311  2.0 0929  0.8 1542  2.0 2153  0.9
20  Mo        317 0401  1.9 1024  0.9 1640  1.9 2252  1.0
21  Tu        317 0503  1.9 1130  0.9 1748  1.8 9999  9.9
22  We        317 0000  1.0 0613  1.9 1239  0.9 1856  1.9
23  Th        317 0108  1.0 0720  1.9 1342  0.9 1957  2.0
24  Fr        317 0208  0.9 0817  2.0 1436  0.7 2048  2.1
25  Sa        317 0259  0.7 0906  2.2 1523  0.6 2134  2.2
26  Su        317 0344  0.6 0950  2.3 1606  0.5 2216  2.3
27  Mo        317 0426  0.5 1033  2.4 1649  0.4 2258  2.5
28  Tu        317 0508  0.3 1116  2.5 1732  0.3 2340  2.5
29  We        317 0551  0.3 1200  2.6 1816  0.2 9999  9.9
30  Th        317 0024  2.6 0636  0.2 1247  2.6 1902  0.3
31  Fr        317 0110  2.5 0724  0.3 1336  2.5 1950  0.3
 1  Sa        417 0159  2.5 0815  0.3 1428  2.4 2043  0.5
 2  Su        417 0252  2.4 0911  0.4 1527  2.3 2141  0.6
 3  Mo        417 0352  2.3 1014  0.5 1632  2.2 2247  0.7
 4  Tu        417 0500  2.2 1123  0.6 1743  2.1 2357  0.8
 5  We        417 0612  2.1 1235  0.7 1854  2.1 9999  9.9
 6  Th        417 0108  0.7 0722  2.1 1342  0.6 1959  2.1
 7  Fr        417 0212  0.7 0823  2.2 1441  0.6 2056  2.2
 8  Sa        417 0308  0.6 0916  2.3 1532  0.5 2144  2.3
 9  Su        417 0355  0.5 1003  2.3 1616  0.5 2226  2.3
10  Mo        417 0437  0.5 1044  2.4 1657  0.5 2304  2.3
11  Tu        417 0515  0.5 1122  2.4 1734  0.5 2340  2.3
12  We        417 0551  0.5 1158  2.3 1809  0.5 9999  9.9
13  Th        417 0013  2.3 0626  0.5 1233  2.3 1842  0.6
14  Fr        417 0046  2.3 0700  0.5 1307  2.2 1916  0.6
15  Sa        417 0120  2.2 0735  0.6 1344  2.1 1952  0.7
16  Su        417 0156  2.1 0813  0.7 1423  2.1 2031  0.8
17  Mo        417 0236  2.1 0856  0.8 1509  2.0 2117  0.9
18  Tu        417 0323  2.0 0948  0.8 1604  1.9 2212  0.9
19  We        417 0421  1.9 1048  0.9 1707  1.9 2316  1.0
20  Th        417 0527  1.9 1154  0.9 1813  1.9 9999  9.9
21  Fr        417 0023  0.9 0634  1.9 1257  0.8 1914  2.0
22  Sa        417 0124  0.9 0734  2.0 1353  0.7 2008  2.1
23  Su        417 0219  0.7 0827  2.2 1444  0.6 2057  2.2
24  Mo        417 0308  0.6 0916  2.3 1532  0.5 2143  2.4
25  Tu        417 0355  0.4 1004  2.5 1618  0.3 2229  2.5
26  We        417 0442  0.3 1051  2.6 1705  0.3 2315  2.6
27  Th        417 0529  0.2 1139  2.6 1753  0.2 9999  9.9
28  Fr        417 0003  2.6 0618  0.2 1229  2.6 1843  0.3
29  Sa        417 0052  2.6 0708  0.2 1321  2.5 1935  0.3
30  Su        417 0143  2.5 0802  0.3 1417  2.4 2029  0.4
 1  Mo        517 0239  2.4 0900  0.4 1517  2.3 2129  0.6
 2  Tu        517 0339  2.3 1003  0.5 1621  2.2 2233  0.7
 3  We        517 0445  2.2 1109  0.6 1728  2.1 2340  0.7
 4  Th        517 0554  2.1 1216  0.6 1835  2.1 9999  9.9
 5  Fr        517 0047  0.8 0700  2.1 1319  0.6 1936  2.1
 6  Sa        517 0149  0.7 0759  2.2 1415  0.6 2030  2.2
 7  Su        517 0243  0.7 0851  2.2 1505  0.6 2116  2.2
 8  Mo        517 0329  0.6 0936  2.2 1548  0.6 2158  2.2
 9  Tu        517 0411  0.6 1017  2.2 1627  0.6 2235  2.3
10  We        517 0449  0.5 1055  2.3 1704  0.6 2310  2.3
11  Th        517 0525  0.5 1130  2.2 1739  0.6 2344  2.3
12  Fr        517 0559  0.5 1206  2.2 1813  0.6 9999  9.9
13  Sa        517 0018  2.3 0634  0.6 1241  2.2 1848  0.7
14  Su        517 0052  2.2 0710  0.6 1318  2.1 1925  0.7
15  Mo        517 0129  2.2 0749  0.7 1359  2.1 2004  0.8
16  Tu        517 0209  2.1 0831  0.7 1443  2.0 2049  0.8
17  We        517 0254  2.0 0919  0.8 1534  2.0 2140  0.9
18  Th        517 0347  2.0 1013  0.8 1630  2.0 2237  0.9
19  Fr        517 0447  2.0 1113  0.8 1731  2.0 2340  0.9
20  Sa        517 0550  2.0 1213  0.8 1830  2.0 9999  9.9
21  Su        517 0041  0.8 0652  2.1 1311  0.7 1927  2.1
22  Mo        517 0140  0.7 0750  2.2 1406  0.6 2021  2.3
23  Tu        517 0234  0.6 0844  2.3 1459  0.5 2112  2.4
24  We        517 0327  0.4 0937  2.4 1551  0.4 2203  2.5
25  Th        517 0418  0.3 1029  2.5 1642  0.3 2253  2.6
26  Fr        517 0509  0.2 1121  2.6 1734  0.3 2344  2.6
27  Sa        517 0601  0.2 1214  2.6 1826  0.3 9999  9.9
28  Su        517 0036  2.6 0655  0.2 1308  2.5 1920  0.3
29  Mo        517 0129  2.6 0750  0.2 1404  2.4 2015  0.4
30  Tu        517 0224  2.5 0846  0.3 1502  2.3 2112  0.5
31  We        517 0322  2.3 0946  0.5 1602  2.2 2212  0.6
 1  Th        617 0424  2.2 1047  0.6 1704  2.1 2314  0.7
 2  Fr        617 0527  2.1 1148  0.6 1805  2.1 9999  9.9
 3  Sa        617 0017  0.8 0629  2.1 1247  0.7 1903  2.1
 4  Su        617 0116  0.8 0727  2.1 1341  0.7 1956  2.1
 5  Mo        617 0211  0.7 0819  2.1 1431  0.7 2044  2.1
 6  Tu        617 0259  0.7 0906  2.1 1516  0.7 2126  2.2
 7  We        617 0342  0.7 0948  2.1 1557  0.7 2206  2.2
 8  Th        617 0422  0.6 1028  2.2 1636  0.7 2243  2.2
 9  Fr        617 0500  0.6 1105  2.2 1713  0.6 2319  2.2
10  Sa        617 0536  0.6 1142  2.2 1749  0.6 2354  2.2
11  Su        617 0612  0.6 1219  2.2 1825  0.7 9999  9.9
12  Mo        617 0030  2.2 0649  0.6 1257  2.1 1903  0.7
13  Tu        617 0107  2.2 0727  0.6 1337  2.1 1942  0.7
14  We        617 0146  2.2 0808  0.6 1419  2.1 2024  0.8
15  Th        617 0229  2.1 0853  0.7 1506  2.1 2111  0.8
16  Fr        617 0317  2.1 0942  0.7 1556  2.0 2203  0.8
17  Sa        617 0412  2.1 1036  0.7 1652  2.0 2302  0.8
18  Su        617 0513  2.1 1134  0.7 1751  2.1 9999  9.9
19  Mo        617 0003  0.8 0616  2.1 1234  0.7 1851  2.1
20  Tu        617 0106  0.7 0718  2.2 1334  0.6 1950  2.3
21  We        617 0206  0.6 0817  2.3 1432  0.5 2047  2.4
22  Th        617 0304  0.4 0915  2.4 1529  0.4 2142  2.5
23  Fr        617 0359  0.3 1011  2.5 1624  0.3 2235  2.6
24  Sa        617 0454  0.2 1106  2.5 1718  0.3 2328  2.6
25  Su        617 0547  0.2 1200  2.6 1811  0.3 9999  9.9
26  Mo        617 0020  2.6 0640  0.2 1253  2.5 1903  0.3
27  Tu        617 0113  2.6 0733  0.2 1347  2.5 1956  0.4
28  We        617 0205  2.5 0827  0.3 1440  2.4 2049  0.5
29  Th        617 0259  2.4 0920  0.4 1534  2.2 2143  0.6
30  Fr        617 0354  2.2 1015  0.6 1629  2.1 2239  0.7
 1  Sa        717 0451  2.1 1110  0.7 1725  2.1 2337  0.8
 2  Su        717 0549  2.0 1206  0.8 1821  2.0 9999  9.9
 3  Mo        717 0036  0.8 0647  2.0 1301  0.8 1916  2.0
 4  Tu        717 0133  0.8 0742  2.0 1353  0.8 2007  2.0
 5  We        717 0226  0.8 0833  2.0 1443  0.8 2055  2.1
 6  Th        717 0313  0.7 0920  2.0 1528  0.8 2138  2.1
 7  Fr        717 0356  0.7 1003  2.1 1610  0.7 2218  2.2
 8  Sa        717 0436  0.6 1043  2.1 1649  0.7 2256  2.2
 9  Su        717 0514  0.6 1121  2.2 1727  0.6 2332  2.3
10  Mo        717 0551  0.5 1159  2.2 1804  0.6 9999  9.9
11  Tu        717 0009  2.3 0628  0.5 1236  2.2 1841  0.6
12  We        717 0046  2.3 0705  0.5 1314  2.2 1919  0.6
13  Th        717 0124  2.3 0745  0.5 1355  2.2 2000  0.6
14  Fr        717 0206  2.2 0827  0.6 1438  2.2 2044  0.7
15  Sa        717 0251  2.2 0913  0.6 1525  2.1 2133  0.7
16  Su        717 0343  2.2 1005  0.6 1619  2.1 2230  0.7
17  Mo        717 0442  2.1 1102  0.7 1718  2.1 2333  0.7
18  Tu        717 0547  2.1 1205  0.7 1822  2.2 9999  9.9
19  We        717 0040  0.7 0654  2.2 1310  0.6 1926  2.2
20  Th        717 0145  0.6 0759  2.2 1413  0.6 2028  2.3
21  Fr        717 0247  0.5 0900  2.3 1513  0.5 2126  2.4
22  Sa        717 0346  0.3 0958  2.4 1610  0.4 2221  2.5
23  Su        717 0441  0.2 1053  2.5 1704  0.3 2314  2.6
24  Mo        717 0533  0.2 1145  2.5 1755  0.3 9999  9.9
25  Tu        717 0004  2.6 0624  0.2 1235  2.5 1844  0.3
26  We        717 0053  2.6 0713  0.2 1324  2.5 1932  0.4
27  Th        717 0141  2.5 0800  0.3 1411  2.4 2020  0.5
28  Fr        717 0229  2.4 0848  0.5 1458  2.2 2108  0.6
29  Sa        717 0318  2.2 0936  0.6 1546  2.1 2158  0.7
30  Su        717 0409  2.1 1025  0.7 1637  2.0 2251  0.8
31  Mo        717 0503  2.0 1118  0.8 1731  2.0 2350  0.9
 1  Tu        817 0602  1.9 1214  0.9 1830  1.9 9999  9.9
 2  We        817 0051  0.9 0702  1.9 1313  0.9 1928  2.0
 3  Th        817 0150  0.9 0800  1.9 1409  0.9 2022  2.0
 4  Fr        817 0244  0.8 0852  2.0 1500  0.8 2111  2.1
 5  Sa        817 0330  0.7 0938  2.1 1545  0.8 2153  2.2
 6  Su        817 0412  0.6 1020  2.1 1626  0.7 2232  2.2
 7  Mo        817 0450  0.6 1058  2.2 1704  0.6 2309  2.3
 8  Tu        817 0527  0.5 1135  2.3 1741  0.6 2346  2.4
 9  We        817 0604  0.4 1212  2.3 1818  0.5 9999  9.9
10  Th        817 0023  2.4 0641  0.4 1250  2.3 1856  0.5
11  Fr        817 0101  2.4 0720  0.4 1329  2.3 1936  0.5
12  Sa        817 0143  2.4 0801  0.5 1411  2.3 2020  0.6
13  Su        817 0229  2.3 0847  0.5 1458  2.2 2109  0.6
14  Mo        817 0320  2.2 0939  0.6 1551  2.2 2206  0.7
15  Tu        817 0420  2.2 1038  0.7 1653  2.1 2311  0.7
16  We        817 0528  2.1 1144  0.7 1801  2.1 9999  9.9
17  Th        817 0022  0.7 0639  2.1 1254  0.7 1910  2.2
18  Fr        817 0132  0.6 0748  2.2 1401  0.6 2016  2.3
19  Sa        817 0237  0.5 0851  2.3 1503  0.5 2115  2.4
20  Su        817 0335  0.4 0948  2.4 1559  0.4 2209  2.5
21  Mo        817 0428  0.3 1040  2.5 1650  0.3 2259  2.6
22  Tu        817 0517  0.2 1128  2.5 1737  0.3 2345  2.6
23  We        817 0603  0.2 1213  2.5 1822  0.3 9999  9.9
24  Th        817 0030  2.6 0647  0.3 1256  2.4 1905  0.4
25  Fr        817 0113  2.5 0729  0.4 1337  2.4 1947  0.5
26  Sa        817 0155  2.3 0811  0.5 1418  2.3 2029  0.6
27  Su        817 0238  2.2 0852  0.6 1500  2.1 2113  0.7
28  Mo        817 0323  2.1 0937  0.8 1545  2.0 2203  0.8
29  Tu        817 0414  2.0 1026  0.9 1638  1.9 2300  0.9
30  We        817 0514  1.9 1125  0.9 1740  1.9 9999  9.9
31  Th        817 0006  0.9 0620  1.8 1230  1.0 1846  1.9
 1  Fr        917 0112  0.9 0725  1.9 1334  0.9 1948  1.9
 2  Sa        917 0211  0.8 0822  1.9 1430  0.9 2040  2.0
 3  Su        917 0301  0.7 0910  2.0 1518  0.8 2125  2.1
 4  Mo        917 0343  0.6 0952  2.1 1559  0.7 2205  2.2
 5  Tu        917 0422  0.5 1031  2.2 1638  0.6 2243  2.3
 6  We        917 0459  0.4 1108  2.3 1715  0.5 2320  2.4
 7  Th        917 0536  0.4 1145  2.4 1753  0.4 2358  2.5
 8  Fr        917 0615  0.3 1224  2.4 1832  0.4 9999  9.9
 9  Sa        917 0039  2.5 0655  0.3 1304  2.4 1914  0.4
10  Su        917 0122  2.5 0738  0.4 1348  2.4 1959  0.4
11  Mo        917 0210  2.4 0826  0.5 1436  2.3 2050  0.5
12  Tu        917 0303  2.3 0919  0.6 1531  2.2 2150  0.6
13  We        917 0405  2.2 1021  0.7 1635  2.2 2258  0.7
14  Th        917 0516  2.1 1131  0.7 1747  2.1 9999  9.9
15  Fr        917 0012  0.7 0630  2.1 1244  0.7 1900  2.2
16  Sa        917 0123  0.6 0740  2.2 1353  0.7 2006  2.3
17  Su        917 0227  0.5 0842  2.2 1453  0.6 2104  2.4
18  Mo        917 0323  0.4 0936  2.3 1546  0.5 2155  2.5
19  Tu        917 0412  0.3 1023  2.4 1633  0.4 2241  2.5
20  We        917 0457  0.3 1107  2.5 1717  0.3 2324  2.5
21  Th        917 0539  0.3 1148  2.5 1758  0.4 9999  9.9
22  Fr        917 0005  2.5 0619  0.3 1226  2.4 1837  0.4
23  Sa        917 0044  2.4 0657  0.4 1303  2.4 1914  0.5
24  Su        917 0121  2.3 0733  0.5 1339  2.3 1952  0.6
25  Mo        917 0200  2.2 0811  0.7 1417  2.2 2032  0.7
26  Tu        917 0241  2.1 0851  0.8 1458  2.0 2118  0.8
27  We        917 0328  1.9 0938  0.9 1547  2.0 2213  0.9
28  Th        917 0427  1.9 1036  1.0 1649  1.9 2319  0.9
29  Fr        917 0536  1.8 1144  1.0 1800  1.9 9999  9.9
30  Sa        917 0029  0.9 0645  1.8 1253  1.0 1907  1.9
 1  Su       1017 0131  0.9 0746  1.9 1354  0.9 2003  2.0
 2  Mo       1017 0224  0.8 0836  2.0 1444  0.8 2051  2.1
 3  Tu       1017 0309  0.6 0919  2.2 1527  0.7 2133  2.3
 4  We       1017 0349  0.5 0959  2.3 1608  0.5 2213  2.4
 5  Th       1017 0429  0.4 1038  2.4 1647  0.4 2253  2.5
 6  Fr       1017 0508  0.3 1118  2.5 1728  0.3 2335  2.5
 7  Sa       1017 0550  0.3 1159  2.5 1810  0.3 9999  9.9
 8  Su       1017 0018  2.6 0633  0.3 1242  2.5 1855  0.3
 9  Mo       1017 0105  2.5 0719  0.3 1328  2.5 1944  0.3
10  Tu       1017 0155  2.4 0809  0.4 1419  2.4 2038  0.4
11  We       1017 0251  2.3 0905  0.6 1517  2.3 2139  0.5
12  Th       1017 0356  2.2 1009  0.7 1623  2.2 2248  0.6
13  Fr       1017 0507  2.1 1120  0.7 1735  2.1 9999  9.9
14  Sa       1017 0001  0.6 0621  2.1 1233  0.8 1847  2.2
15  Su       1017 0111  0.6 0729  2.1 1340  0.7 1952  2.2
16  Mo       1017 0213  0.5 0828  2.2 1439  0.6 2048  2.3
17  Tu       1017 0306  0.5 0919  2.3 1529  0.5 2137  2.4
18  We       1017 0353  0.4 1004  2.4 1614  0.4 2221  2.4
19  Th       1017 0435  0.4 1044  2.4 1655  0.4 2301  2.4
20  Fr       1017 0514  0.4 1122  2.4 1733  0.4 2339  2.4
21  Sa       1017 0551  0.4 1157  2.4 1810  0.4 9999  9.9
22  Su       1017 0016  2.3 0626  0.5 1232  2.3 1845  0.5
23  Mo       1017 0051  2.3 0700  0.6 1306  2.3 1921  0.6
24  Tu       1017 0128  2.2 0736  0.7 1342  2.2 1959  0.7
25  We       1017 0207  2.1 0814  0.8 1421  2.1 2042  0.8
26  Th       1017 0252  2.0 0859  0.9 1507  2.0 2133  0.8
27  Fr       1017 0346  1.9 0953  0.9 1604  1.9 2234  0.9
28  Sa       1017 0451  1.8 1057  1.0 1710  1.9 2341  0.9
29  Su       1017 0558  1.9 1206  1.0 1818  1.9 9999  9.9
30  Mo       1017 0044  0.8 0700  1.9 1309  0.9 1918  2.0
31  Tu       1017 0140  0.8 0754  2.0 1403  0.8 2010  2.1
 1  We       1117 0229  0.6 0842  2.2 1451  0.7 2058  2.3
 2  Th       1117 0314  0.5 0926  2.3 1536  0.5 2143  2.4
 3  Fr       1117 0358  0.4 1009  2.4 1620  0.4 2227  2.5
 4  Sa       1117 0442  0.3 1052  2.5 1705  0.3 2313  2.6
 5  Su       1117 0527  0.2 1137  2.6 1751  0.2 9999  9.9
 6  Mo       1117 0001  2.6 0614  0.2 1224  2.6 1840  0.2
 7  Tu       1117 0051  2.5 0704  0.3 1313  2.6 1932  0.3
 8  We       1117 0144  2.5 0756  0.4 1407  2.5 2028  0.4
 9  Th       1117 0242  2.3 0853  0.5 1505  2.4 2129  0.5
10  Fr       1117 0345  2.2 0956  0.6 1609  2.3 2235  0.6
11  Sa       1117 0453  2.1 1104  0.7 1719  2.2 2344  0.6
12  Su       1117 0602  2.1 1213  0.7 1828  2.2 9999  9.9
13  Mo       1117 0050  0.6 0708  2.1 1319  0.7 1931  2.2
14  Tu       1117 0150  0.6 0806  2.2 1417  0.7 2027  2.2
15  We       1117 0243  0.6 0856  2.2 1508  0.6 2115  2.3
16  Th       1117 0329  0.5 0940  2.3 1552  0.5 2159  2.3
17  Fr       1117 0411  0.5 1020  2.3 1633  0.5 2238  2.3
18  Sa       1117 0449  0.5 1057  2.3 1710  0.5 2316  2.3
19  Su       1117 0525  0.5 1132  2.3 1746  0.5 2352  2.3
20  Mo       1117 0600  0.6 1206  2.3 1822  0.5 9999  9.9
21  Tu       1117 0027  2.2 0635  0.6 1240  2.3 1858  0.6
22  We       1117 0104  2.2 0710  0.7 1316  2.2 1935  0.6
23  Th       1117 0142  2.1 0748  0.7 1354  2.1 2016  0.7
24  Fr       1117 0225  2.0 0830  0.8 1437  2.1 2102  0.8
25  Sa       1117 0313  2.0 0917  0.9 1526  2.0 2154  0.8
26  Su       1117 0408  1.9 1013  0.9 1624  2.0 2252  0.8
27  Mo       1117 0508  1.9 1115  0.9 1727  2.0 2353  0.8
28  Tu       1117 0610  1.9 1218  0.9 1830  2.0 9999  9.9
29  We       1117 0052  0.8 0708  2.0 1318  0.8 1928  2.1
30  Th       1117 0147  0.7 0802  2.2 1413  0.7 2022  2.2
 1  Fr       1217 0239  0.5 0853  2.3 1505  0.5 2114  2.4
 2  Sa       1217 0329  0.4 0942  2.4 1555  0.4 2205  2.5
 3  Su       1217 0419  0.3 1030  2.5 1645  0.2 2255  2.6
 4  Mo       1217 0509  0.3 1119  2.6 1736  0.2 2347  2.6
 5  Tu       1217 0559  0.2 1209  2.7 1827  0.2 9999  9.9
 6  We       1217 0039  2.6 0651  0.3 1301  2.6 1921  0.2
 7  Th       1217 0133  2.5 0744  0.3 1354  2.5 2016  0.3
 8  Fr       1217 0230  2.4 0839  0.5 1451  2.4 2114  0.4
 9  Sa       1217 0329  2.3 0938  0.6 1551  2.3 2215  0.5
10  Su       1217 0430  2.2 1040  0.7 1654  2.2 2317  0.6
11  Mo       1217 0534  2.1 1144  0.7 1759  2.1 9999  9.9
12  Tu       1217 0020  0.7 0636  2.1 1248  0.8 1901  2.1
13  We       1217 0119  0.7 0735  2.1 1348  0.7 1958  2.1
14  Th       1217 0213  0.7 0827  2.1 1441  0.7 2049  2.1
15  Fr       1217 0302  0.7 0914  2.2 1528  0.7 2135  2.2
16  Sa       1217 0346  0.6 0956  2.2 1611  0.6 2216  2.2
17  Su       1217 0426  0.6 1034  2.2 1650  0.6 2255  2.2
18  Mo       1217 0503  0.6 1111  2.3 1727  0.6 2332  2.2
19  Tu       1217 0539  0.6 1146  2.3 1803  0.6 9999  9.9
20  We       1217 0008  2.2 0615  0.6 1220  2.3 1839  0.6
21  Th       1217 0045  2.2 0650  0.6 1256  2.3 1915  0.6
22  Fr       1217 0122  2.1 0727  0.7 1332  2.2 1953  0.6
23  Sa       1217 0201  2.1 0805  0.7 1412  2.2 2034  0.7
24  Su       1217 0243  2.1 0847  0.8 1455  2.1 2119  0.7
25  Mo       1217 0330  2.0 0935  0.8 1545  2.1 2210  0.7
26  Tu       1217 0423  2.0 1030  0.8 1642  2.0 2306  0.8
27  We       1217 0521  2.0 1131  0.8 1745  2.1 9999  9.9
28  Th       1217 0006  0.7 0623  2.0 1235  0.8 1849  2.1
29  Fr       1217 0108  0.7 0724  2.1 1339  0.7 1951  2.2
30  Sa       1217 0208  0.6 0823  2.3 1439  0.5 2050  2.3
31  Su       1217 0305  0.5 0919  2.4 1535  0.4 2146  2.4
