330Fresh Water Basin
Based on data from  6-Sep-2015
Local Std Time, tidal heights in metres.
 1  Tu        119 0117  0.8 0732  2.2 1347  0.8 1959  2.2
 2  We        119 0215  0.8 0829  2.2 1444  0.8 2054  2.2
 3  Th        119 0308  0.8 0919  2.3 1534  0.7 2143  2.3
 4  Fr        119 0355  0.7 1004  2.3 1620  0.7 2227  2.3
 5  Sa        119 0438  0.7 1045  2.4 1702  0.6 2308  2.3
 6  Su        119 0518  0.7 1124  2.4 1741  0.6 2347  2.3
 7  Mo        119 0556  0.7 1200  2.4 1819  0.6 9999  9.9
 8  Tu        119 0024  2.3 0632  0.7 1236  2.4 1855  0.6
 9  We        119 0100  2.3 0707  0.7 1311  2.3 1931  0.7
10  Th        119 0136  2.2 0743  0.8 1347  2.3 2008  0.7
11  Fr        119 0213  2.2 0820  0.8 1425  2.2 2047  0.8
12  Sa        119 0253  2.1 0900  0.9 1507  2.2 2129  0.8
13  Su        119 0336  2.1 0944  0.9 1554  2.1 2217  0.9
14  Mo        119 0426  2.1 1036  1.0 1649  2.1 2310  0.9
15  Tu        119 0522  2.0 1135  1.0 1749  2.1 9999  9.9
16  We        119 0008  0.9 0623  2.0 1239  0.9 1853  2.1
17  Th        119 0109  0.9 0725  2.1 1342  0.8 1954  2.2
18  Fr        119 0210  0.8 0824  2.2 1441  0.7 2053  2.3
19  Sa        119 0308  0.7 0919  2.4 1537  0.6 2149  2.4
20  Su        119 0402  0.6 1012  2.5 1631  0.4 2242  2.5
21  Mo        119 0455  0.5 1104  2.6 1723  0.3 2335  2.6
22  Tu        119 0546  0.4 1155  2.7 1815  0.2 9999  9.9
23  We        119 0026  2.6 0637  0.3 1245  2.7 1907  0.2
24  Th        119 0117  2.6 0727  0.4 1337  2.7 1959  0.3
25  Fr        119 0209  2.6 0819  0.4 1430  2.6 2052  0.4
26  Sa        119 0301  2.5 0912  0.5 1525  2.5 2146  0.5
27  Su        119 0356  2.3 1008  0.7 1622  2.3 2242  0.7
28  Mo        119 0453  2.2 1107  0.8 1724  2.2 2341  0.8
29  Tu        119 0555  2.1 1212  0.9 1828  2.1 9999  9.9
30  We        119 0044  0.9 0659  2.1 1318  0.9 1932  2.1
31  Th        119 0147  0.9 0801  2.1 1420  0.9 2032  2.1
 1  Fr        219 0245  0.9 0857  2.2 1514  0.8 2124  2.1
 2  Sa        219 0336  0.8 0944  2.2 1602  0.7 2210  2.2
 3  Su        219 0420  0.8 1027  2.3 1644  0.7 2251  2.2
 4  Mo        219 0500  0.7 1105  2.3 1722  0.6 2328  2.3
 5  Tu        219 0536  0.7 1140  2.4 1757  0.6 9999  9.9
 6  We        219 0003  2.3 0610  0.7 1213  2.4 1831  0.6
 7  Th        219 0036  2.3 0643  0.7 1246  2.4 1904  0.6
 8  Fr        219 0109  2.3 0716  0.7 1320  2.4 1938  0.6
 9  Sa        219 0142  2.3 0750  0.7 1355  2.3 2013  0.7
10  Su        219 0218  2.2 0826  0.8 1433  2.3 2052  0.7
11  Mo        219 0257  2.2 0906  0.8 1516  2.2 2134  0.8
12  Tu        219 0341  2.1 0954  0.9 1607  2.1 2225  0.9
13  We        219 0434  2.1 1051  0.9 1707  2.1 2324  0.9
14  Th        219 0538  2.1 1159  0.9 1816  2.1 9999  9.9
15  Fr        219 0032  0.9 0648  2.1 1310  0.8 1926  2.1
16  Sa        219 0141  0.8 0757  2.2 1418  0.7 2032  2.3
17  Su        219 0246  0.7 0859  2.4 1519  0.6 2132  2.4
18  Mo        219 0345  0.6 0955  2.5 1615  0.4 2227  2.5
19  Tu        219 0439  0.4 1048  2.7 1708  0.3 2319  2.6
20  We        219 0531  0.3 1139  2.8 1759  0.2 9999  9.9
21  Th        219 0009  2.7 0620  0.3 1229  2.8 1849  0.2
22  Fr        219 0058  2.7 0709  0.3 1319  2.7 1938  0.3
23  Sa        219 0146  2.6 0757  0.4 1408  2.6 2027  0.4
24  Su        219 0234  2.5 0847  0.5 1459  2.5 2116  0.6
25  Mo        219 0324  2.3 0938  0.7 1552  2.3 2208  0.7
26  Tu        219 0417  2.2 1034  0.8 1650  2.2 2305  0.9
27  We        219 0516  2.1 1137  0.9 1754  2.0 9999  9.9
28  Th        219 0007  1.0 0623  2.0 1245  0.9 1902  2.0
 1  Fr        319 0115  1.0 0730  2.0 1352  0.9 2006  2.0
 2  Sa        319 0218  1.0 0830  2.1 1449  0.9 2101  2.1
 3  Su        319 0312  0.9 0921  2.2 1538  0.8 2148  2.2
 4  Mo        319 0357  0.8 1003  2.2 1619  0.7 2227  2.2
 5  Tu        319 0436  0.7 1040  2.3 1656  0.6 2303  2.3
 6  We        319 0511  0.7 1115  2.4 1730  0.6 2336  2.3
 7  Th        319 0544  0.6 1147  2.4 1803  0.6 9999  9.9
 8  Fr        319 0008  2.4 0616  0.6 1219  2.4 1836  0.6
 9  Sa        319 0040  2.4 0648  0.6 1252  2.4 1909  0.6
10  Su        319 0112  2.4 0721  0.6 1327  2.4 1943  0.6
11  Mo        319 0147  2.3 0757  0.7 1405  2.3 2021  0.7
12  Tu        319 0225  2.3 0837  0.7 1448  2.2 2103  0.8
13  We        319 0308  2.2 0925  0.8 1539  2.2 2153  0.9
14  Th        319 0401  2.1 1023  0.9 1641  2.1 2255  0.9
15  Fr        319 0508  2.1 1134  0.9 1753  2.1 9999  9.9
16  Sa        319 0007  0.9 0623  2.1 1249  0.8 1907  2.1
17  Su        319 0121  0.9 0736  2.2 1359  0.7 2016  2.3
18  Mo        319 0229  0.7 0841  2.4 1502  0.5 2116  2.4
19  Tu        319 0329  0.6 0939  2.5 1558  0.4 2210  2.5
20  We        319 0422  0.4 1031  2.7 1650  0.3 2301  2.6
21  Th        319 0512  0.3 1121  2.8 1740  0.2 2349  2.7
22  Fr        319 0600  0.3 1210  2.8 1827  0.3 9999  9.9
23  Sa        319 0035  2.7 0647  0.3 1257  2.7 1914  0.3
24  Su        319 0120  2.6 0733  0.4 1344  2.6 1959  0.5
25  Mo        319 0205  2.5 0820  0.5 1431  2.4 2046  0.6
26  Tu        319 0251  2.3 0909  0.7 1522  2.3 2134  0.8
27  We        319 0341  2.2 1002  0.8 1617  2.1 2228  0.9
28  Th        319 0438  2.1 1102  0.9 1719  2.0 2330  1.0
29  Fr        319 0544  2.0 1209  1.0 1827  2.0 9999  9.9
30  Sa        319 0038  1.0 0653  2.0 1316  0.9 1932  2.0
31  Su        319 0144  1.0 0756  2.0 1415  0.9 2029  2.1
 1  Mo        419 0240  0.9 0848  2.1 1504  0.8 2116  2.1
 2  Tu        419 0326  0.8 0931  2.2 1546  0.7 2156  2.2
 3  We        419 0405  0.8 1009  2.3 1624  0.7 2231  2.3
 4  Th        419 0441  0.7 1044  2.4 1658  0.6 2305  2.4
 5  Fr        419 0514  0.6 1117  2.4 1732  0.6 2337  2.4
 6  Sa        419 0547  0.6 1151  2.4 1806  0.6 9999  9.9
 7  Su        419 0010  2.4 0621  0.6 1226  2.4 1840  0.6
 8  Mo        419 0044  2.4 0656  0.6 1303  2.4 1917  0.6
 9  Tu        419 0121  2.4 0735  0.6 1344  2.3 1957  0.7
10  We        419 0201  2.3 0818  0.7 1430  2.3 2042  0.8
11  Th        419 0248  2.2 0909  0.7 1524  2.2 2136  0.9
12  Fr        419 0344  2.2 1010  0.8 1628  2.1 2240  0.9
13  Sa        419 0453  2.1 1121  0.8 1741  2.1 2353  0.9
14  Su        419 0608  2.2 1234  0.8 1853  2.2 9999  9.9
15  Mo        419 0106  0.8 0720  2.3 1343  0.7 1959  2.3
16  Tu        419 0212  0.7 0824  2.4 1444  0.5 2058  2.4
17  We        419 0311  0.6 0921  2.5 1539  0.4 2151  2.5
18  Th        419 0403  0.4 1012  2.6 1630  0.4 2240  2.6
19  Fr        419 0452  0.4 1101  2.7 1718  0.3 2326  2.6
20  Sa        419 0539  0.3 1148  2.7 1803  0.4 9999  9.9
21  Su        419 0010  2.6 0624  0.4 1234  2.6 1848  0.4
22  Mo        419 0053  2.5 0709  0.4 1319  2.5 1931  0.6
23  Tu        419 0136  2.4 0754  0.5 1404  2.3 2015  0.7
24  We        419 0220  2.3 0840  0.7 1452  2.2 2102  0.8
25  Th        419 0307  2.2 0931  0.8 1544  2.1 2153  0.9
26  Fr        419 0401  2.1 1028  0.9 1643  2.0 2251  1.0
27  Sa        419 0503  2.0 1130  0.9 1746  2.0 2356  1.0
28  Su        419 0609  2.0 1233  0.9 1849  2.0 9999  9.9
29  Mo        419 0100  1.0 0711  2.0 1330  0.9 1946  2.0
30  Tu        419 0157  1.0 0805  2.1 1421  0.8 2034  2.1
 1  We        519 0245  0.9 0850  2.2 1505  0.8 2116  2.2
 2  Th        519 0327  0.8 0931  2.2 1545  0.7 2154  2.3
 3  Fr        519 0405  0.7 1009  2.3 1622  0.6 2230  2.3
 4  Sa        519 0441  0.6 1045  2.4 1659  0.6 2305  2.4
 5  Su        519 0518  0.6 1123  2.4 1736  0.6 2342  2.4
 6  Mo        519 0555  0.5 1202  2.4 1815  0.6 9999  9.9
 7  Tu        519 0020  2.4 0635  0.5 1244  2.4 1856  0.6
 8  We        519 0100  2.4 0718  0.6 1329  2.4 1941  0.7
 9  Th        519 0145  2.4 0807  0.6 1420  2.3 2030  0.7
10  Fr        519 0236  2.3 0902  0.7 1517  2.2 2127  0.8
11  Sa        519 0336  2.3 1004  0.7 1621  2.2 2231  0.8
12  Su        519 0444  2.2 1112  0.7 1730  2.2 2341  0.8
13  Mo        519 0555  2.2 1220  0.7 1838  2.2 9999  9.9
14  Tu        519 0050  0.8 0703  2.3 1324  0.6 1941  2.3
15  We        519 0154  0.7 0805  2.4 1424  0.6 2038  2.4
16  Th        519 0251  0.6 0901  2.5 1518  0.5 2130  2.5
17  Fr        519 0343  0.5 0953  2.5 1608  0.5 2218  2.5
18  Sa        519 0432  0.4 1041  2.5 1655  0.5 2303  2.5
19  Su        519 0518  0.4 1127  2.5 1740  0.5 2346  2.5
20  Mo        519 0602  0.4 1211  2.5 1823  0.6 9999  9.9
21  Tu        519 0028  2.5 0646  0.5 1255  2.4 1905  0.6
22  We        519 0109  2.4 0729  0.6 1339  2.3 1948  0.7
23  Th        519 0151  2.3 0814  0.7 1424  2.2 2032  0.8
24  Fr        519 0236  2.2 0901  0.8 1512  2.1 2119  0.9
25  Sa        519 0326  2.1 0952  0.9 1605  2.0 2212  1.0
26  Su        519 0421  2.0 1047  0.9 1701  2.0 2310  1.0
27  Mo        519 0520  2.0 1143  0.9 1759  2.0 9999  9.9
28  Tu        519 0009  1.0 0620  2.0 1238  0.9 1854  2.0
29  We        519 0106  1.0 0714  2.1 1330  0.9 1945  2.1
30  Th        519 0158  0.9 0804  2.1 1418  0.8 2031  2.2
31  Fr        519 0244  0.8 0849  2.2 1503  0.8 2114  2.2
 1  Sa        619 0327  0.7 0932  2.3 1545  0.7 2155  2.3
 2  Su        619 0408  0.6 1015  2.3 1627  0.6 2235  2.4
 3  Mo        619 0450  0.6 1057  2.4 1710  0.6 2316  2.5
 4  Tu        619 0533  0.5 1142  2.4 1754  0.6 2359  2.5
 5  We        619 0618  0.5 1229  2.4 1840  0.6 9999  9.9
 6  Th        619 0045  2.5 0706  0.5 1318  2.4 1928  0.6
 7  Fr        619 0134  2.5 0758  0.5 1412  2.4 2021  0.7
 8  Sa        619 0228  2.4 0855  0.5 1509  2.3 2118  0.7
 9  Su        619 0328  2.4 0955  0.6 1610  2.3 2220  0.8
10  Mo        619 0432  2.3 1058  0.6 1714  2.2 2325  0.8
11  Tu        619 0539  2.3 1201  0.7 1818  2.2 9999  9.9
12  We        619 0031  0.8 0645  2.3 1304  0.7 1919  2.3
13  Th        619 0134  0.7 0746  2.3 1402  0.7 2017  2.3
14  Fr        619 0232  0.7 0842  2.4 1457  0.6 2109  2.4
15  Sa        619 0325  0.6 0934  2.4 1547  0.6 2157  2.4
16  Su        619 0413  0.5 1022  2.4 1634  0.6 2242  2.4
17  Mo        619 0459  0.5 1108  2.4 1718  0.6 2324  2.4
18  Tu        619 0543  0.5 1151  2.4 1801  0.6 9999  9.9
19  We        619 0005  2.4 0625  0.6 1233  2.3 1841  0.7
20  Th        619 0045  2.4 0707  0.6 1315  2.3 1922  0.7
21  Fr        619 0125  2.3 0748  0.7 1356  2.2 2003  0.8
22  Sa        619 0206  2.2 0830  0.7 1439  2.1 2045  0.9
23  Su        619 0250  2.2 0915  0.8 1524  2.1 2131  0.9
24  Mo        619 0337  2.1 1002  0.9 1612  2.0 2221  1.0
25  Tu        619 0429  2.1 1051  0.9 1704  2.0 2315  1.0
26  We        619 0525  2.0 1144  0.9 1759  2.0 9999  9.9
27  Th        619 0012  1.0 0621  2.0 1237  0.9 1853  2.1
28  Fr        619 0108  0.9 0716  2.1 1330  0.9 1945  2.1
29  Sa        619 0201  0.9 0808  2.1 1421  0.8 2035  2.2
30  Su        619 0250  0.8 0858  2.2 1511  0.7 2122  2.3
 1  Mo        719 0338  0.7 0947  2.3 1559  0.7 2208  2.4
 2  Tu        719 0426  0.5 1036  2.4 1647  0.6 2255  2.5
 3  We        719 0514  0.4 1125  2.5 1736  0.5 2342  2.6
 4  Th        719 0603  0.4 1215  2.5 1825  0.5 9999  9.9
 5  Fr        719 0031  2.6 0654  0.4 1306  2.5 1916  0.5
 6  Sa        719 0123  2.6 0747  0.4 1359  2.5 2008  0.5
 7  Su        719 0217  2.5 0842  0.4 1454  2.4 2104  0.6
 8  Mo        719 0314  2.5 0938  0.5 1551  2.4 2202  0.7
 9  Tu        719 0415  2.4 1037  0.6 1651  2.3 2304  0.7
10  We        719 0519  2.3 1138  0.7 1753  2.2 9999  9.9
11  Th        719 0008  0.8 0623  2.2 1240  0.7 1856  2.2
12  Fr        719 0112  0.8 0726  2.2 1340  0.8 1955  2.2
13  Sa        719 0213  0.7 0825  2.2 1437  0.8 2050  2.3
14  Su        719 0308  0.7 0918  2.2 1530  0.7 2139  2.3
15  Mo        719 0358  0.6 1007  2.3 1617  0.7 2224  2.4
16  Tu        719 0443  0.6 1052  2.3 1700  0.7 2306  2.4
17  We        719 0525  0.6 1133  2.3 1741  0.7 2345  2.4
18  Th        719 0605  0.6 1212  2.3 1819  0.7 9999  9.9
19  Fr        719 0022  2.4 0643  0.6 1250  2.3 1856  0.7
20  Sa        719 0059  2.3 0720  0.6 1327  2.2 1933  0.8
21  Su        719 0136  2.3 0757  0.7 1404  2.2 2010  0.8
22  Mo        719 0214  2.2 0835  0.7 1442  2.2 2050  0.9
23  Tu        719 0254  2.2 0916  0.8 1524  2.1 2133  0.9
24  We        719 0340  2.1 1001  0.9 1611  2.1 2222  1.0
25  Th        719 0431  2.1 1050  0.9 1703  2.0 2318  1.0
26  Fr        719 0529  2.0 1145  0.9 1801  2.0 9999  9.9
27  Sa        719 0019  1.0 0631  2.0 1245  0.9 1901  2.1
28  Su        719 0120  0.9 0732  2.1 1344  0.9 1959  2.2
29  Mo        719 0219  0.8 0830  2.2 1442  0.8 2054  2.3
30  Tu        719 0313  0.6 0925  2.3 1536  0.7 2146  2.4
31  We        719 0406  0.5 1017  2.4 1628  0.6 2236  2.6
 1  Th        819 0457  0.4 1108  2.5 1719  0.5 2326  2.7
 2  Fr        819 0547  0.3 1159  2.6 1809  0.4 9999  9.9
 3  Sa        819 0016  2.7 0638  0.3 1250  2.6 1859  0.4
 4  Su        819 0107  2.7 0730  0.3 1340  2.6 1950  0.4
 5  Mo        819 0200  2.6 0822  0.4 1433  2.5 2043  0.5
 6  Tu        819 0254  2.5 0916  0.5 1526  2.4 2139  0.6
 7  We        819 0352  2.4 1012  0.6 1624  2.3 2239  0.7
 8  Th        819 0454  2.3 1111  0.7 1725  2.2 2343  0.8
 9  Fr        819 0559  2.2 1213  0.8 1829  2.1 9999  9.9
10  Sa        819 0050  0.8 0705  2.1 1318  0.9 1934  2.1
11  Su        819 0155  0.8 0808  2.1 1419  0.9 2032  2.2
12  Mo        819 0252  0.8 0904  2.1 1513  0.8 2123  2.2
13  Tu        819 0342  0.7 0952  2.2 1600  0.8 2207  2.3
14  We        819 0426  0.7 1035  2.2 1642  0.7 2247  2.3
15  Th        819 0505  0.6 1113  2.3 1720  0.7 2324  2.4
16  Fr        819 0542  0.6 1149  2.3 1755  0.7 2358  2.4
17  Sa        819 0617  0.6 1223  2.3 1829  0.7 9999  9.9
18  Su        819 0031  2.4 0650  0.6 1255  2.3 1902  0.7
19  Mo        819 0105  2.3 0723  0.6 1328  2.3 1936  0.7
20  Tu        819 0139  2.3 0757  0.7 1403  2.2 2011  0.8
21  We        819 0216  2.2 0834  0.8 1440  2.2 2050  0.8
22  Th        819 0257  2.2 0915  0.8 1523  2.1 2136  0.9
23  Fr        819 0346  2.1 1003  0.9 1613  2.1 2232  0.9
24  Sa        819 0445  2.0 1100  1.0 1714  2.0 2337  1.0
25  Su        819 0552  2.0 1205  1.0 1822  2.1 9999  9.9
26  Mo        819 0047  0.9 0702  2.1 1314  0.9 1930  2.2
27  Tu        819 0153  0.8 0807  2.2 1419  0.8 2031  2.3
28  We        819 0253  0.6 0906  2.3 1517  0.7 2127  2.5
29  Th        819 0347  0.5 1000  2.5 1610  0.5 2219  2.6
30  Fr        819 0439  0.3 1051  2.6 1701  0.4 2309  2.7
31  Sa        819 0529  0.2 1140  2.7 1750  0.3 2359  2.8
 1  Su        919 0619  0.2 1229  2.7 1840  0.3 9999  9.9
 2  Mo        919 0048  2.8 0708  0.2 1318  2.7 1929  0.3
 3  Tu        919 0139  2.7 0758  0.3 1407  2.6 2019  0.4
 4  We        919 0231  2.5 0849  0.5 1458  2.4 2113  0.6
 5  Th        919 0326  2.4 0942  0.7 1552  2.3 2211  0.7
 6  Fr        919 0426  2.2 1040  0.8 1653  2.1 2315  0.8
 7  Sa        919 0532  2.1 1144  0.9 1800  2.1 9999  9.9
 8  Su        919 0025  0.9 0642  2.0 1252  1.0 1909  2.1
 9  Mo        919 0133  0.9 0749  2.0 1358  1.0 2011  2.1
10  Tu        919 0232  0.8 0846  2.1 1454  0.9 2103  2.2
11  We        919 0322  0.8 0933  2.2 1540  0.8 2146  2.3
12  Th        919 0404  0.7 1013  2.2 1620  0.7 2224  2.3
13  Fr        919 0441  0.6 1049  2.3 1656  0.7 2258  2.4
14  Sa        919 0515  0.6 1122  2.3 1729  0.6 2331  2.4
15  Su        919 0547  0.6 1153  2.4 1801  0.6 9999  9.9
16  Mo        919 0003  2.4 0619  0.6 1224  2.4 1832  0.6
17  Tu        919 0034  2.4 0650  0.6 1255  2.3 1904  0.7
18  We        919 0108  2.3 0723  0.7 1328  2.3 1938  0.7
19  Th        919 0144  2.3 0759  0.7 1404  2.2 2017  0.8
20  Fr        919 0224  2.2 0839  0.8 1445  2.2 2102  0.8
21  Sa        919 0313  2.1 0926  0.9 1535  2.1 2158  0.9
22  Su        919 0413  2.0 1025  1.0 1639  2.1 2307  0.9
23  Mo        919 0525  2.0 1136  1.0 1753  2.1 9999  9.9
24  Tu        919 0022  0.9 0640  2.1 1251  0.9 1907  2.2
25  We        919 0132  0.8 0748  2.2 1359  0.8 2011  2.3
26  Th        919 0233  0.6 0848  2.3 1458  0.6 2108  2.5
27  Fr        919 0329  0.4 0942  2.5 1552  0.5 2201  2.7
28  Sa        919 0420  0.3 1032  2.6 1642  0.3 2251  2.8
29  Su        919 0510  0.2 1120  2.7 1731  0.3 2340  2.8
30  Mo        919 0558  0.2 1207  2.7 1819  0.3 9999  9.9
 1  Tu       1019 0028  2.7 0645  0.3 1253  2.7 1906  0.3
 2  We       1019 0116  2.6 0732  0.4 1340  2.6 1955  0.4
 3  Th       1019 0206  2.5 0820  0.6 1428  2.4 2046  0.6
 4  Fr       1019 0258  2.3 0911  0.7 1519  2.3 2142  0.8
 5  Sa       1019 0356  2.1 1006  0.9 1618  2.1 2245  0.9
 6  Su       1019 0501  2.0 1110  1.0 1726  2.0 2354  0.9
 7  Mo       1019 0612  2.0 1220  1.0 1837  2.0 9999  9.9
 8  Tu       1019 0103  0.9 0720  2.0 1328  1.0 1941  2.1
 9  We       1019 0202  0.9 0817  2.0 1425  0.9 2034  2.1
10  Th       1019 0252  0.8 0904  2.1 1512  0.9 2117  2.2
11  Fr       1019 0333  0.7 0944  2.2 1551  0.8 2155  2.3
12  Sa       1019 0410  0.7 1019  2.3 1627  0.7 2229  2.4
13  Su       1019 0444  0.6 1051  2.3 1700  0.6 2302  2.4
14  Mo       1019 0516  0.6 1123  2.4 1731  0.6 2334  2.4
15  Tu       1019 0548  0.6 1154  2.4 1804  0.6 9999  9.9
16  We       1019 0007  2.4 0621  0.6 1226  2.4 1837  0.6
17  Th       1019 0042  2.4 0655  0.6 1300  2.4 1913  0.7
18  Fr       1019 0120  2.3 0732  0.7 1338  2.3 1954  0.7
19  Sa       1019 0203  2.2 0814  0.8 1420  2.2 2041  0.8
20  Su       1019 0253  2.1 0904  0.9 1512  2.2 2140  0.8
21  Mo       1019 0355  2.1 1004  0.9 1617  2.1 2249  0.9
22  Tu       1019 0506  2.0 1116  1.0 1733  2.1 9999  9.9
23  We       1019 0003  0.8 0621  2.1 1231  0.9 1846  2.2
24  Th       1019 0112  0.7 0728  2.2 1339  0.8 1952  2.3
25  Fr       1019 0213  0.6 0828  2.3 1439  0.6 2049  2.5
26  Sa       1019 0309  0.4 0922  2.5 1533  0.5 2142  2.6
27  Su       1019 0400  0.3 1012  2.6 1623  0.4 2232  2.7
28  Mo       1019 0449  0.3 1059  2.7 1711  0.3 2320  2.7
29  Tu       1019 0536  0.3 1145  2.7 1758  0.3 9999  9.9
30  We       1019 0007  2.7 0622  0.4 1229  2.6 1845  0.4
31  Th       1019 0054  2.5 0708  0.5 1314  2.5 1932  0.5
 1  Fr       1119 0142  2.4 0753  0.6 1359  2.4 2020  0.6
 2  Sa       1119 0231  2.3 0841  0.8 1448  2.3 2113  0.8
 3  Su       1119 0325  2.1 0933  0.9 1543  2.1 2211  0.9
 4  Mo       1119 0425  2.0 1032  1.0 1646  2.0 2315  0.9
 5  Tu       1119 0531  2.0 1138  1.1 1754  2.0 9999  9.9
 6  We       1119 0020  0.9 0636  2.0 1244  1.0 1858  2.0
 7  Th       1119 0119  0.9 0735  2.0 1344  1.0 1953  2.1
 8  Fr       1119 0211  0.9 0824  2.1 1434  0.9 2039  2.2
 9  Sa       1119 0255  0.8 0906  2.2 1516  0.8 2119  2.2
10  Su       1119 0334  0.7 0944  2.3 1553  0.7 2156  2.3
11  Mo       1119 0410  0.7 1019  2.3 1629  0.7 2232  2.3
12  Tu       1119 0445  0.6 1052  2.4 1703  0.6 2307  2.4
13  We       1119 0520  0.6 1126  2.4 1739  0.6 2344  2.4
14  Th       1119 0556  0.6 1202  2.4 1816  0.6 9999  9.9
15  Fr       1119 0022  2.4 0634  0.6 1239  2.4 1856  0.6
16  Sa       1119 0104  2.3 0715  0.7 1320  2.4 1940  0.6
17  Su       1119 0150  2.3 0800  0.7 1407  2.3 2031  0.7
18  Mo       1119 0243  2.2 0852  0.8 1501  2.3 2129  0.7
19  Tu       1119 0343  2.1 0952  0.9 1604  2.2 2235  0.8
20  We       1119 0450  2.1 1100  0.9 1715  2.2 2343  0.7
21  Th       1119 0600  2.2 1210  0.8 1826  2.3 9999  9.9
22  Fr       1119 0050  0.7 0706  2.2 1318  0.8 1931  2.3
23  Sa       1119 0152  0.6 0807  2.3 1419  0.6 2030  2.4
24  Su       1119 0249  0.5 0902  2.4 1514  0.5 2124  2.5
25  Mo       1119 0341  0.5 0952  2.5 1606  0.4 2215  2.6
26  Tu       1119 0430  0.4 1040  2.6 1654  0.4 2303  2.6
27  We       1119 0517  0.4 1125  2.6 1741  0.4 2350  2.5
28  Th       1119 0602  0.5 1209  2.5 1826  0.4 9999  9.9
29  Fr       1119 0035  2.4 0646  0.6 1252  2.5 1911  0.5
30  Sa       1119 0120  2.3 0729  0.7 1335  2.4 1957  0.6
 1  Su       1219 0206  2.2 0813  0.8 1420  2.3 2045  0.7
 2  Mo       1219 0254  2.1 0900  0.9 1508  2.2 2135  0.8
 3  Tu       1219 0345  2.0 0951  1.0 1602  2.1 2230  0.9
 4  We       1219 0441  2.0 1048  1.0 1701  2.0 2327  0.9
 5  Th       1219 0541  2.0 1149  1.0 1802  2.0 9999  9.9
 6  Fr       1219 0024  0.9 0639  2.0 1250  1.0 1900  2.0
 7  Sa       1219 0118  0.9 0733  2.0 1345  1.0 1952  2.1
 8  Su       1219 0208  0.9 0822  2.1 1433  0.9 2038  2.1
 9  Mo       1219 0253  0.8 0905  2.2 1517  0.8 2121  2.2
10  Tu       1219 0335  0.7 0945  2.3 1557  0.7 2202  2.3
11  We       1219 0416  0.7 1024  2.3 1637  0.6 2243  2.3
12  Th       1219 0456  0.6 1102  2.4 1717  0.6 2324  2.4
13  Fr       1219 0536  0.6 1142  2.5 1759  0.5 9999  9.9
14  Sa       1219 0008  2.4 0618  0.6 1224  2.5 1844  0.5
15  Su       1219 0053  2.4 0703  0.6 1309  2.5 1931  0.5
16  Mo       1219 0141  2.4 0750  0.6 1358  2.4 2022  0.5
17  Tu       1219 0233  2.3 0842  0.7 1451  2.4 2118  0.6
18  We       1219 0330  2.3 0939  0.7 1551  2.3 2218  0.6
19  Th       1219 0431  2.2 1041  0.8 1656  2.3 2322  0.7
20  Fr       1219 0536  2.2 1148  0.8 1804  2.3 9999  9.9
21  Sa       1219 0026  0.7 0641  2.2 1255  0.8 1910  2.3
22  Su       1219 0129  0.7 0744  2.3 1359  0.7 2011  2.3
23  Mo       1219 0229  0.6 0842  2.3 1457  0.6 2108  2.4
24  Tu       1219 0324  0.6 0935  2.4 1551  0.6 2201  2.4
25  We       1219 0414  0.6 1023  2.5 1640  0.5 2249  2.4
26  Th       1219 0501  0.6 1108  2.5 1726  0.5 2335  2.4
27  Fr       1219 0545  0.6 1151  2.5 1810  0.5 9999  9.9
28  Sa       1219 0018  2.4 0627  0.6 1232  2.5 1852  0.6
29  Su       1219 0100  2.3 0707  0.7 1313  2.4 1934  0.6
30  Mo       1219 0141  2.3 0747  0.7 1353  2.3 2016  0.7
31  Tu       1219 0222  2.2 0828  0.8 1434  2.2 2058  0.8
