333Scott Base
Based on data from  1-Jan-2007
Local Std Time, tidal heights in metres.
 1  Mo        118 1258  1.4 9999  9.9 9999  9.9 9999  9.9
 2  Tu        118 0013  2.5 1345  1.3 9999  9.9 9999  9.9
 3  We        118 0047  2.5 1439  1.3 9999  9.9 9999  9.9
 4  Th        118 0123  2.5 1539  1.3 9999  9.9 9999  9.9
 5  Fr        118 0202  2.4 1645  1.5 9999  9.9 9999  9.9
 6  Sa        118 0242  2.3 1755  1.6 9999  9.9 9999  9.9
 7  Su        118 0323  2.2 1908  1.7 9999  9.9 9999  9.9
 8  Mo        118 0402  2.1 1209  1.8 1758  1.9 2047  1.9
 9  Tu        118 0436  2.1 1210  1.7 2017  2.0 9999  9.9
10  We        118 1229  1.7 2116  2.2 9999  9.9 9999  9.9
11  Th        118 1251  1.6 2200  2.3 9999  9.9 9999  9.9
12  Fr        118 1307  1.6 2238  2.3 9999  9.9 9999  9.9
13  Sa        118 1315  1.6 2312  2.4 9999  9.9 9999  9.9
14  Su        118 1317  1.6 2344  2.4 9999  9.9 9999  9.9
15  Mo        118 1324  1.5 9999  9.9 9999  9.9 9999  9.9
16  Tu        118 0015  2.4 1341  1.5 9999  9.9 9999  9.9
17  We        118 0046  2.4 1402  1.5 9999  9.9 9999  9.9
18  Th        118 0119  2.4 1425  1.5 9999  9.9 9999  9.9
19  Fr        118 0155  2.4 1443  1.6 9999  9.9 9999  9.9
20  Sa        118 0236  2.3 1453  1.6 9999  9.9 9999  9.9
21  Su        118 0326  2.2 1457  1.6 9999  9.9 9999  9.9
22  Mo        118 0435  2.2 1456  1.7 9999  9.9 9999  9.9
23  Tu        118 0544  2.1 1443  1.8 9999  9.9 9999  9.9
24  We        118 0039  2.0 0353  2.0 0637  2.0 1343  1.8 2222  2.0
25  Th        118 0517  1.9 0707  1.9 1228  1.8 2159  2.1
26  Fr        118 1132  1.7 2209  2.2 9999  9.9 9999  9.9
27  Sa        118 1057  1.6 2231  2.3 9999  9.9 9999  9.9
28  Su        118 1118  1.5 2259  2.4 9999  9.9 9999  9.9
29  Mo        118 1202  1.4 2328  2.5 9999  9.9 9999  9.9
30  Tu        118 1254  1.4 2358  2.5 9999  9.9 9999  9.9
31  We        118 1353  1.4 9999  9.9 9999  9.9 9999  9.9
 1  Th        218 0026  2.4 1458  1.4 9999  9.9 9999  9.9
 2  Fr        218 0052  2.4 1608  1.5 9999  9.9 9999  9.9
 3  Sa        218 0116  2.3 1721  1.6 9999  9.9 9999  9.9
 4  Su        218 0138  2.2 1832  1.7 9999  9.9 9999  9.9
 5  Mo        218 0155  2.1 0957  1.9 1352  1.9 1954  1.8
 6  Tu        218 0152  2.0 1021  1.8 1736  2.0 2257  2.0
 7  We        218 0014  2.0 1056  1.8 1953  2.1 9999  9.9
 8  Th        218 1131  1.7 2052  2.2 9999  9.9 9999  9.9
 9  Fr        218 1202  1.7 2135  2.3 9999  9.9 9999  9.9
10  Sa        218 1226  1.7 2211  2.3 9999  9.9 9999  9.9
11  Su        218 1241  1.6 2244  2.4 9999  9.9 9999  9.9
12  Mo        218 1254  1.6 2314  2.4 9999  9.9 9999  9.9
13  Tu        218 1313  1.6 2343  2.4 9999  9.9 9999  9.9
14  We        218 1341  1.6 9999  9.9 9999  9.9 9999  9.9
15  Th        218 0013  2.4 1414  1.6 9999  9.9 9999  9.9
16  Fr        218 0043  2.3 1447  1.6 9999  9.9 9999  9.9
17  Sa        218 0114  2.2 1518  1.7 9999  9.9 9999  9.9
18  Su        218 0146  2.2 1542  1.7 9999  9.9 9999  9.9
19  Mo        218 0206  2.1 1538  1.8 9999  9.9 9999  9.9
20  Tu        218 0029  2.0 0309  2.0 0601  2.0 1450  1.9 2328  2.0
21  We        218 0345  1.9 0726  1.9 1044  1.9 2037  2.0
22  Th        218 0431  1.8 2027  2.1 9999  9.9 9999  9.9
23  Fr        218 0533  1.7 2049  2.2 9999  9.9 9999  9.9
24  Sa        218 0726  1.7 2120  2.3 9999  9.9 9999  9.9
25  Su        218 0933  1.6 2154  2.4 9999  9.9 9999  9.9
26  Mo        218 1047  1.5 2228  2.4 9999  9.9 9999  9.9
27  Tu        218 1154  1.5 2258  2.4 9999  9.9 9999  9.9
28  We        218 1304  1.5 2324  2.4 9999  9.9 9999  9.9
 1  Th        318 1420  1.5 2342  2.3 9999  9.9 9999  9.9
 2  Fr        318 1539  1.6 2355  2.2 9999  9.9 9999  9.9
 3  Sa        318 1657  1.6 9999  9.9 9999  9.9 9999  9.9
 4  Su        318 0003  2.1 0623  2.0 1028  2.0 1811  1.7
 5  Mo        318 0006  2.0 0619  1.9 1222  2.0 1933  1.8 2357  2.0
 6  Tu        318 0633  1.8 1440  2.1 9999  9.9 9999  9.9
 7  We        318 0719  1.8 1704  2.1 9999  9.9 9999  9.9
 8  Th        318 0537  1.8 1904  2.2 9999  9.9 9999  9.9
 9  Fr        318 0459  1.7 0746  1.7 0949  1.7 2008  2.3
10  Sa        318 0512  1.7 0806  1.7 1031  1.7 2053  2.3
11  Su        318 0548  1.7 0802  1.7 1102  1.7 2130  2.3
12  Mo        318 1131  1.7 2202  2.3 9999  9.9 9999  9.9
13  Tu        318 1207  1.7 2231  2.3 9999  9.9 9999  9.9
14  We        318 1253  1.7 2300  2.3 9999  9.9 9999  9.9
15  Th        318 1347  1.7 2327  2.2 9999  9.9 9999  9.9
16  Fr        318 1450  1.7 2352  2.2 9999  9.9 9999  9.9
17  Sa        318 1558  1.8 9999  9.9 9999  9.9 9999  9.9
18  Su        318 0005  2.1 1706  1.8 2334  2.0 9999  9.9
19  Mo        318 0344  2.0 0954  2.0 1826  1.9 2247  1.9
20  Tu        318 0303  1.9 1149  2.0 9999  9.9 9999  9.9
21  We        318 0319  1.8 1426  2.1 9999  9.9 9999  9.9
22  Th        318 0352  1.7 1701  2.2 9999  9.9 9999  9.9
23  Fr        318 0434  1.6 1841  2.2 9999  9.9 9999  9.9
24  Sa        318 0526  1.6 1942  2.3 9999  9.9 9999  9.9
25  Su        318 0642  1.6 2029  2.4 9999  9.9 9999  9.9
26  Mo        318 0839  1.6 2110  2.4 9999  9.9 9999  9.9
27  Tu        318 1028  1.6 2144  2.3 9999  9.9 9999  9.9
28  We        318 1204  1.6 2210  2.3 9999  9.9 9999  9.9
29  Th        318 1346  1.7 2226  2.2 9999  9.9 9999  9.9
30  Fr        318 0510  1.9 0734  2.0 1526  1.7 2231  2.1
31  Sa        318 0429  1.9 0905  2.0 1649  1.8 2230  2.0
 1  Su        418 0400  1.9 1028  2.1 1804  1.8 2227  2.0
 2  Mo        418 0353  1.8 1154  2.1 1929  1.9 2212  1.9
 3  Tu        418 0357  1.7 1322  2.2 9999  9.9 9999  9.9
 4  We        418 0403  1.7 1452  2.2 9999  9.9 9999  9.9
 5  Th        418 0402  1.7 1630  2.2 9999  9.9 9999  9.9
 6  Fr        418 0400  1.6 1805  2.3 9999  9.9 9999  9.9
 7  Sa        418 0407  1.6 1911  2.3 9999  9.9 9999  9.9
 8  Su        418 0424  1.6 1959  2.3 9999  9.9 9999  9.9
 9  Mo        418 0449  1.7 2038  2.3 9999  9.9 9999  9.9
10  Tu        418 0517  1.7 2111  2.3 9999  9.9 9999  9.9
11  We        418 0547  1.7 2141  2.2 9999  9.9 9999  9.9
12  Th        418 0611  1.8 2208  2.2 9999  9.9 9999  9.9
13  Fr        418 0611  1.8 0926  1.8 1508  1.8 2229  2.1
14  Sa        418 0543  1.9 0933  1.9 1642  1.8 2232  2.0
15  Su        418 0424  1.9 1020  2.0 1759  1.9 2149  1.9
16  Mo        418 0236  1.8 1118  2.1 9999  9.9 9999  9.9
17  Tu        418 0220  1.7 1217  2.1 9999  9.9 9999  9.9
18  We        418 0238  1.6 1319  2.2 9999  9.9 9999  9.9
19  Th        418 0310  1.5 1428  2.3 9999  9.9 9999  9.9
20  Fr        418 0350  1.5 1551  2.3 9999  9.9 9999  9.9
21  Sa        418 0434  1.5 1724  2.3 9999  9.9 9999  9.9
22  Su        418 0525  1.5 1840  2.4 9999  9.9 9999  9.9
23  Mo        418 0630  1.6 1934  2.3 9999  9.9 9999  9.9
24  Tu        418 0813  1.6 2014  2.3 9999  9.9 9999  9.9
25  We        418 1028  1.7 2044  2.2 9999  9.9 9999  9.9
26  Th        418 0414  1.8 0709  1.9 1300  1.8 2101  2.1
27  Fr        418 0333  1.8 0830  2.0 1517  1.8 2105  2.0
28  Sa        418 0312  1.8 0941  2.1 1649  1.9 2058  2.0
29  Su        418 0256  1.7 1047  2.2 9999  9.9 9999  9.9
30  Mo        418 0249  1.7 1149  2.2 9999  9.9 9999  9.9
 1  Tu        518 0252  1.6 1248  2.3 9999  9.9 9999  9.9
 2  We        518 0302  1.6 1347  2.3 9999  9.9 9999  9.9
 3  Th        518 0311  1.6 1449  2.3 9999  9.9 9999  9.9
 4  Fr        518 0318  1.6 1557  2.3 9999  9.9 9999  9.9
 5  Sa        518 0326  1.6 1707  2.3 9999  9.9 9999  9.9
 6  Su        518 0338  1.6 1811  2.3 9999  9.9 9999  9.9
 7  Mo        518 0354  1.6 1901  2.3 9999  9.9 9999  9.9
 8  Tu        518 0412  1.6 1941  2.3 9999  9.9 9999  9.9
 9  We        518 0428  1.7 2016  2.2 9999  9.9 9999  9.9
10  Th        518 0438  1.7 2046  2.1 9999  9.9 9999  9.9
11  Fr        518 0434  1.8 1302  1.9 1508  1.9 2108  2.1
12  Sa        518 0409  1.8 1146  2.0 1659  1.9 2105  2.0
13  Su        518 0304  1.8 1136  2.1 9999  9.9 9999  9.9
14  Mo        518 0145  1.8 1147  2.2 9999  9.9 9999  9.9
15  Tu        518 0128  1.6 1211  2.3 9999  9.9 9999  9.9
16  We        518 0147  1.5 1245  2.3 9999  9.9 9999  9.9
17  Th        518 0222  1.4 1329  2.4 9999  9.9 9999  9.9
18  Fr        518 0304  1.4 1421  2.4 9999  9.9 9999  9.9
19  Sa        518 0351  1.4 1524  2.4 9999  9.9 9999  9.9
20  Su        518 0442  1.4 1634  2.4 9999  9.9 9999  9.9
21  Mo        518 0540  1.5 1739  2.3 9999  9.9 9999  9.9
22  Tu        518 0648  1.6 1830  2.3 9999  9.9 9999  9.9
23  We        518 0823  1.7 1906  2.2 9999  9.9 9999  9.9
24  Th        518 0239  1.8 0753  1.9 1117  1.9 1927  2.1
25  Fr        518 0214  1.8 0908  2.0 1451  1.9 1932  2.0
26  Sa        518 0209  1.7 1006  2.1 1658  1.9 1916  1.9
27  Su        518 0206  1.7 1055  2.2 9999  9.9 9999  9.9
28  Mo        518 0203  1.6 1139  2.3 9999  9.9 9999  9.9
29  Tu        518 0205  1.6 1221  2.3 9999  9.9 9999  9.9
30  We        518 0213  1.5 1303  2.4 9999  9.9 9999  9.9
31  Th        518 0226  1.5 1347  2.4 9999  9.9 9999  9.9
 1  Fr        618 0240  1.5 1433  2.4 9999  9.9 9999  9.9
 2  Sa        618 0254  1.5 1523  2.4 9999  9.9 9999  9.9
 3  Su        618 0307  1.5 1618  2.3 9999  9.9 9999  9.9
 4  Mo        618 0319  1.6 1713  2.3 9999  9.9 9999  9.9
 5  Tu        618 0331  1.6 1804  2.3 9999  9.9 9999  9.9
 6  We        618 0341  1.6 1848  2.2 9999  9.9 9999  9.9
 7  Th        618 0345  1.7 1925  2.1 9999  9.9 9999  9.9
 8  Fr        618 0337  1.7 1330  2.0 1514  2.0 1952  2.0
 9  Sa        618 0308  1.8 1143  2.0 1732  1.9 1945  1.9
10  Su        618 0212  1.8 1124  2.1 9999  9.9 9999  9.9
11  Mo        618 0100  1.7 1129  2.2 9999  9.9 9999  9.9
12  Tu        618 0033  1.6 1147  2.3 9999  9.9 9999  9.9
13  We        618 0050  1.5 1213  2.4 9999  9.9 9999  9.9
14  Th        618 0126  1.4 1245  2.5 9999  9.9 9999  9.9
15  Fr        618 0212  1.3 1324  2.5 9999  9.9 9999  9.9
16  Sa        618 0303  1.3 1408  2.5 9999  9.9 9999  9.9
17  Su        618 0400  1.4 1455  2.4 9999  9.9 9999  9.9
18  Mo        618 0504  1.4 1545  2.4 9999  9.9 9999  9.9
19  Tu        618 0615  1.6 1632  2.3 9999  9.9 9999  9.9
20  We        618 0732  1.7 1711  2.2 9999  9.9 9999  9.9
21  Th        618 0109  1.8 0629  1.9 0915  1.9 1737  2.1
22  Fr        618 0052  1.7 0835  2.0 1350  2.0 1739  2.0
23  Sa        618 0100  1.7 0939  2.1 9999  9.9 9999  9.9
24  Su        618 0112  1.6 1027  2.2 9999  9.9 9999  9.9
25  Mo        618 0121  1.6 1108  2.3 9999  9.9 9999  9.9
26  Tu        618 0126  1.6 1144  2.4 9999  9.9 9999  9.9
27  We        618 0134  1.5 1219  2.4 9999  9.9 9999  9.9
28  Th        618 0147  1.5 1254  2.4 9999  9.9 9999  9.9
29  Fr        618 0205  1.5 1330  2.4 9999  9.9 9999  9.9
30  Sa        618 0226  1.5 1407  2.4 9999  9.9 9999  9.9
 1  Su        718 0244  1.5 1448  2.4 9999  9.9 9999  9.9
 2  Mo        718 0258  1.6 1533  2.3 9999  9.9 9999  9.9
 3  Tu        718 0305  1.6 1624  2.2 9999  9.9 9999  9.9
 4  We        718 0308  1.6 1718  2.2 9999  9.9 9999  9.9
 5  Th        718 0306  1.7 1808  2.1 9999  9.9 9999  9.9
 6  Fr        718 0252  1.7 1321  2.0 1552  2.0 1847  2.0
 7  Sa        718 0211  1.8 1106  2.0 1752  1.9 1849  1.9
 8  Su        718 0115  1.8 1042  2.1 9999  9.9 9999  9.9
 9  Mo        718 0010  1.7 1048  2.2 2333  1.6 9999  9.9
10  Tu        718 1107  2.3 2348  1.5 9999  9.9 9999  9.9
11  We        718 1133  2.4 9999  9.9 9999  9.9 9999  9.9
12  Th        718 0026  1.4 1203  2.5 9999  9.9 9999  9.9
13  Fr        718 0115  1.3 1235  2.5 9999  9.9 9999  9.9
14  Sa        718 0210  1.3 1308  2.5 9999  9.9 9999  9.9
15  Su        718 0313  1.3 1341  2.4 9999  9.9 9999  9.9
16  Mo        718 0423  1.4 1412  2.3 9999  9.9 9999  9.9
17  Tu        718 0538  1.5 1441  2.2 9999  9.9 9999  9.9
18  We        718 0654  1.7 1505  2.1 2314  1.9 9999  9.9
19  Th        718 0331  1.9 0819  1.8 1514  2.0 2317  1.8
20  Fr        718 0635  2.0 1115  2.0 1359  2.0 2339  1.7
21  Sa        718 0830  2.1 9999  9.9 9999  9.9 9999  9.9
22  Su        718 0005  1.6 0930  2.2 9999  9.9 9999  9.9
23  Mo        718 0029  1.6 1014  2.3 9999  9.9 9999  9.9
24  Tu        718 0047  1.6 1052  2.4 9999  9.9 9999  9.9
25  We        718 0100  1.6 1126  2.4 9999  9.9 9999  9.9
26  Th        718 0114  1.5 1158  2.4 9999  9.9 9999  9.9
27  Fr        718 0135  1.5 1229  2.4 9999  9.9 9999  9.9
28  Sa        718 0200  1.5 1301  2.4 9999  9.9 9999  9.9
29  Su        718 0228  1.6 1334  2.3 9999  9.9 9999  9.9
30  Mo        718 0252  1.6 1409  2.3 9999  9.9 9999  9.9
31  Tu        718 0304  1.6 1449  2.2 9999  9.9 9999  9.9
 1  We        818 0257  1.7 1543  2.1 9999  9.9 9999  9.9
 2  Th        818 0241  1.7 1703  2.1 9999  9.9 9999  9.9
 3  Fr        818 0214  1.8 1229  2.0 1555  2.0 1813  2.0
 4  Sa        818 0047  1.8 0955  2.0 1704  1.9 1901  1.9 2349  1.8
 5  Su        818 0931  2.1 2251  1.8 9999  9.9 9999  9.9
 6  Mo        818 0943  2.2 2205  1.7 9999  9.9 9999  9.9
 7  Tu        818 1008  2.3 2233  1.5 9999  9.9 9999  9.9
 8  We        818 1038  2.4 2320  1.5 9999  9.9 9999  9.9
 9  Th        818 1111  2.5 9999  9.9 9999  9.9 9999  9.9
10  Fr        818 0014  1.4 1142  2.5 9999  9.9 9999  9.9
11  Sa        818 0115  1.4 1210  2.4 9999  9.9 9999  9.9
12  Su        818 0223  1.4 1234  2.4 9999  9.9 9999  9.9
13  Mo        818 0339  1.5 1252  2.3 9999  9.9 9999  9.9
14  Tu        818 0459  1.6 1305  2.2 9999  9.9 9999  9.9
15  We        818 0618  1.7 1314  2.1 2046  1.9 9999  9.9
16  Th        818 0105  2.0 0742  1.8 1311  2.0 2113  1.8
17  Fr        818 0358  2.0 0954  1.9 1229  2.0 2152  1.7
18  Sa        818 0624  2.1 2234  1.7 9999  9.9 9999  9.9
19  Su        818 0803  2.2 2314  1.7 9999  9.9 9999  9.9
20  Mo        818 0900  2.3 2349  1.6 9999  9.9 9999  9.9
21  Tu        818 0944  2.3 9999  9.9 9999  9.9 9999  9.9
22  We        818 0017  1.6 1021  2.4 9999  9.9 9999  9.9
23  Th        818 0040  1.6 1053  2.4 9999  9.9 9999  9.9
24  Fr        818 0104  1.6 1124  2.4 9999  9.9 9999  9.9
25  Sa        818 0135  1.6 1153  2.3 9999  9.9 9999  9.9
26  Su        818 0212  1.6 1223  2.3 9999  9.9 9999  9.9
27  Mo        818 0252  1.7 1251  2.2 9999  9.9 9999  9.9
28  Tu        818 0333  1.7 1318  2.1 9999  9.9 9999  9.9
29  We        818 0411  1.8 1326  2.1 9999  9.9 9999  9.9
30  Th        818 0436  1.8 1214  2.0 9999  9.9 9999  9.9
31  Fr        818 0141  1.9 1105  1.9 1531  1.9 1919  1.9 2150  1.9
 1  Sa        918 0715  2.0 1608  1.8 9999  9.9 9999  9.9
 2  Su        918 0735  2.1 1659  1.7 9999  9.9 9999  9.9
 3  Mo        918 0810  2.2 1815  1.7 9999  9.9 9999  9.9
 4  Tu        918 0848  2.3 2022  1.6 9999  9.9 9999  9.9
 5  We        918 0926  2.4 2154  1.5 9999  9.9 9999  9.9
 6  Th        918 1003  2.4 2306  1.5 9999  9.9 9999  9.9
 7  Fr        918 1037  2.4 9999  9.9 9999  9.9 9999  9.9
 8  Sa        918 0017  1.5 1105  2.4 9999  9.9 9999  9.9
 9  Su        918 0135  1.5 1124  2.3 9999  9.9 9999  9.9
10  Mo        918 0302  1.6 1131  2.2 9999  9.9 9999  9.9
11  Tu        918 0430  1.6 1133  2.1 1714  2.0 2209  2.1
12  We        918 0554  1.7 1133  2.0 1706  1.9 9999  9.9
13  Th        918 0001  2.1 0720  1.8 1128  1.9 1729  1.8
14  Fr        918 0202  2.1 1808  1.7 9999  9.9 9999  9.9
15  Sa        918 0400  2.2 1927  1.7 9999  9.9 9999  9.9
16  Su        918 0556  2.2 2104  1.7 9999  9.9 9999  9.9
17  Mo        918 0721  2.3 2206  1.7 9999  9.9 9999  9.9
18  Tu        918 0817  2.3 1752  1.7 1834  1.7 2253  1.7
19  We        918 0901  2.3 2332  1.7 9999  9.9 9999  9.9
20  Th        918 0937  2.3 9999  9.9 9999  9.9 9999  9.9
21  Fr        918 0011  1.7 1009  2.3 9999  9.9 9999  9.9
22  Sa        918 0056  1.7 1038  2.3 9999  9.9 9999  9.9
23  Su        918 0155  1.7 1105  2.2 9999  9.9 9999  9.9
24  Mo        918 0310  1.7 1129  2.1 9999  9.9 9999  9.9
25  Tu        918 0429  1.8 1142  2.1 9999  9.9 9999  9.9
26  We        918 0543  1.8 1119  2.0 1532  1.9 2241  2.0
27  Th        918 0710  1.9 1026  1.9 1444  1.8 9999  9.9
28  Fr        918 0102  2.0 1452  1.8 9999  9.9 9999  9.9
29  Sa        918 0252  2.1 1521  1.7 9999  9.9 9999  9.9
30  Su        918 0426  2.2 1558  1.6 9999  9.9 9999  9.9
 1  Mo       1018 0554  2.2 1644  1.6 9999  9.9 9999  9.9
 2  Tu       1018 0702  2.3 1744  1.6 9999  9.9 9999  9.9
 3  We       1018 0756  2.4 1923  1.6 9999  9.9 9999  9.9
 4  Th       1018 0840  2.4 2127  1.6 9999  9.9 9999  9.9
 5  Fr       1018 0918  2.4 2308  1.6 9999  9.9 9999  9.9
 6  Sa       1018 0947  2.3 9999  9.9 9999  9.9 9999  9.9
 7  Su       1018 0051  1.7 1003  2.2 1658  1.9 1855  2.0
 8  Mo       1018 0244  1.7 1005  2.1 1551  1.9 2036  2.0
 9  Tu       1018 0424  1.8 0959  2.0 1517  1.8 2203  2.1
10  We       1018 0549  1.8 0952  1.9 1517  1.7 2330  2.2
11  Th       1018 0721  1.9 0937  1.9 1533  1.7 9999  9.9
12  Fr       1018 0058  2.2 1552  1.6 9999  9.9 9999  9.9
13  Sa       1018 0223  2.3 1606  1.6 9999  9.9 9999  9.9
14  Su       1018 0350  2.3 1607  1.6 9999  9.9 9999  9.9
15  Mo       1018 0518  2.3 1601  1.6 9999  9.9 9999  9.9
16  Tu       1018 0631  2.3 1605  1.6 9999  9.9 9999  9.9
17  We       1018 0726  2.3 1619  1.7 9999  9.9 9999  9.9
18  Th       1018 0809  2.3 1638  1.7 9999  9.9 9999  9.9
19  Fr       1018 0844  2.3 1655  1.7 9999  9.9 9999  9.9
20  Sa       1018 0915  2.2 1706  1.8 2136  1.8 9999  9.9
21  Su       1018 0053  1.8 0941  2.2 1705  1.8 2149  1.9
22  Mo       1018 0328  1.8 1002  2.1 1647  1.9 2222  1.9
23  Tu       1018 0454  1.9 1006  2.0 1542  1.9 2305  2.0
24  We       1018 0615  1.9 0927  1.9 1421  1.8 2350  2.1
25  Th       1018 1359  1.7 9999  9.9 9999  9.9 9999  9.9
26  Fr       1018 0037  2.2 1410  1.6 9999  9.9 9999  9.9
27  Sa       1018 0128  2.2 1437  1.5 9999  9.9 9999  9.9
28  Su       1018 0226  2.3 1512  1.5 9999  9.9 9999  9.9
29  Mo       1018 0335  2.3 1552  1.5 9999  9.9 9999  9.9
30  Tu       1018 0454  2.4 1636  1.5 9999  9.9 9999  9.9
31  We       1018 0606  2.4 1725  1.5 9999  9.9 9999  9.9
 1  Th       1118 0703  2.4 1835  1.6 9999  9.9 9999  9.9
 2  Fr       1118 0746  2.3 2107  1.7 9999  9.9 9999  9.9
 3  Sa       1118 0817  2.2 1611  1.8 1850  1.8 2353  1.8
 4  Su       1118 0834  2.1 1510  1.8 2008  2.0 9999  9.9
 5  Mo       1118 0239  1.8 0834  2.0 1440  1.8 2116  2.1
 6  Tu       1118 0431  1.9 0821  1.9 1420  1.7 2222  2.2
 7  We       1118 1418  1.6 2325  2.3 9999  9.9 9999  9.9
 8  Th       1118 1429  1.6 9999  9.9 9999  9.9 9999  9.9
 9  Fr       1118 0025  2.3 1446  1.5 9999  9.9 9999  9.9
10  Sa       1118 0125  2.4 1502  1.5 9999  9.9 9999  9.9
11  Su       1118 0226  2.4 1514  1.5 9999  9.9 9999  9.9
12  Mo       1118 0331  2.4 1518  1.5 9999  9.9 9999  9.9
13  Tu       1118 0438  2.4 1521  1.6 9999  9.9 9999  9.9
14  We       1118 0541  2.3 1528  1.6 9999  9.9 9999  9.9
15  Th       1118 0633  2.3 1539  1.6 9999  9.9 9999  9.9
16  Fr       1118 0715  2.3 1548  1.7 9999  9.9 9999  9.9
17  Sa       1118 0750  2.2 1552  1.7 9999  9.9 9999  9.9
18  Su       1118 0818  2.1 1546  1.8 2348  2.0 9999  9.9
19  Mo       1118 0323  1.9 0839  2.0 1527  1.8 2316  2.0
20  Tu       1118 0505  1.9 0837  1.9 1440  1.8 2322  2.1
21  We       1118 1340  1.7 2342  2.2 9999  9.9 9999  9.9
22  Th       1118 1315  1.6 9999  9.9 9999  9.9 9999  9.9
23  Fr       1118 0010  2.3 1325  1.5 9999  9.9 9999  9.9
24  Sa       1118 0044  2.4 1353  1.4 9999  9.9 9999  9.9
25  Su       1118 0124  2.4 1430  1.4 9999  9.9 9999  9.9
26  Mo       1118 0212  2.4 1511  1.4 9999  9.9 9999  9.9
27  Tu       1118 0309  2.4 1556  1.4 9999  9.9 9999  9.9
28  We       1118 0413  2.4 1643  1.5 9999  9.9 9999  9.9
29  Th       1118 0515  2.4 1728  1.6 9999  9.9 9999  9.9
30  Fr       1118 0605  2.3 1709  1.7 9999  9.9 9999  9.9
 1  Sa       1218 0640  2.2 1438  1.8 9999  9.9 9999  9.9
 2  Su       1218 0659  2.1 1355  1.8 2100  2.0 9999  9.9
 3  Mo       1218 0212  1.9 0658  2.0 1343  1.7 2147  2.1
 4  Tu       1218 0500  1.9 0623  1.9 1338  1.6 2234  2.2
 5  We       1218 1339  1.6 2318  2.3 9999  9.9 9999  9.9
 6  Th       1218 1347  1.5 9999  9.9 9999  9.9 9999  9.9
 7  Fr       1218 0001  2.4 1401  1.5 9999  9.9 9999  9.9
 8  Sa       1218 0044  2.4 1419  1.5 9999  9.9 9999  9.9
 9  Su       1218 0129  2.4 1437  1.5 9999  9.9 9999  9.9
10  Mo       1218 0215  2.4 1451  1.5 9999  9.9 9999  9.9
11  Tu       1218 0305  2.4 1459  1.5 9999  9.9 9999  9.9
12  We       1218 0359  2.4 1504  1.6 9999  9.9 9999  9.9
13  Th       1218 0455  2.3 1508  1.6 9999  9.9 9999  9.9
14  Fr       1218 0546  2.3 1512  1.6 9999  9.9 9999  9.9
15  Sa       1218 0629  2.2 1511  1.7 9999  9.9 9999  9.9
16  Su       1218 0704  2.1 1501  1.7 9999  9.9 9999  9.9
17  Mo       1218 0021  2.0 0327  2.0 0730  2.0 1440  1.8 2312  2.1
18  Tu       1218 0523  1.9 0731  1.9 1403  1.8 2304  2.1
19  We       1218 1307  1.7 2316  2.2 9999  9.9 9999  9.9
20  Th       1218 1232  1.6 2338  2.3 9999  9.9 9999  9.9
21  Fr       1218 1237  1.5 9999  9.9 9999  9.9 9999  9.9
22  Sa       1218 0005  2.4 1305  1.4 9999  9.9 9999  9.9
23  Su       1218 0038  2.5 1344  1.3 9999  9.9 9999  9.9
24  Mo       1218 0116  2.5 1431  1.3 9999  9.9 9999  9.9
25  Tu       1218 0157  2.5 1522  1.3 9999  9.9 9999  9.9
26  We       1218 0242  2.5 1619  1.4 9999  9.9 9999  9.9
27  Th       1218 0329  2.4 1719  1.5 9999  9.9 9999  9.9
28  Fr       1218 0414  2.3 1822  1.7 9999  9.9 9999  9.9
29  Sa       1218 0449  2.2 1332  1.8 9999  9.9 9999  9.9
30  Su       1218 0508  2.1 1236  1.8 2034  2.0 9999  9.9
31  Mo       1218 0042  2.0 0445  2.0 1238  1.7 2121  2.1
