333Scott Base
Based on data from  1-Jul-2009
Local Std Time, tidal heights in metres.
 1  Fr        121 0205  2.5 1430  1.4 9999  9.9 9999  9.9
 2  Sa        121 0251  2.4 1502  1.4 9999  9.9 9999  9.9
 3  Su        121 0343  2.4 1533  1.5 9999  9.9 9999  9.9
 4  Mo        121 0439  2.3 1555  1.6 9999  9.9 9999  9.9
 5  Tu        121 0528  2.2 1550  1.7 9999  9.9 9999  9.9
 6  We        121 0553  2.1 1402  1.8 9999  9.9 9999  9.9
 7  Th        121 0103  2.0 1224  1.8 2214  2.1 9999  9.9
 8  Fr        121 1146  1.7 2207  2.2 9999  9.9 9999  9.9
 9  Sa        121 1138  1.6 2230  2.4 9999  9.9 9999  9.9
10  Su        121 1158  1.4 2302  2.5 9999  9.9 9999  9.9
11  Mo        121 1234  1.3 2338  2.5 9999  9.9 9999  9.9
12  Tu        121 1318  1.3 9999  9.9 9999  9.9 9999  9.9
13  We        121 0016  2.6 1408  1.3 9999  9.9 9999  9.9
14  Th        121 0054  2.5 1503  1.3 9999  9.9 9999  9.9
15  Fr        121 0133  2.5 1601  1.4 9999  9.9 9999  9.9
16  Sa        121 0214  2.4 1658  1.5 9999  9.9 9999  9.9
17  Su        121 0257  2.3 1743  1.6 9999  9.9 9999  9.9
18  Mo        121 0345  2.2 1749  1.8 9999  9.9 9999  9.9
19  Tu        121 0439  2.1 1318  1.8 9999  9.9 9999  9.9
20  We        121 0532  2.0 1243  1.8 2149  2.0 9999  9.9
21  Th        121 0417  1.9 0609  1.9 1236  1.8 2142  2.1
22  Fr        121 1229  1.7 2201  2.2 9999  9.9 9999  9.9
23  Sa        121 1215  1.7 2224  2.3 9999  9.9 9999  9.9
24  Su        121 1202  1.6 2250  2.4 9999  9.9 9999  9.9
25  Mo        121 1204  1.6 2319  2.4 9999  9.9 9999  9.9
26  Tu        121 1222  1.5 2351  2.5 9999  9.9 9999  9.9
27  We        121 1250  1.5 9999  9.9 9999  9.9 9999  9.9
28  Th        121 0025  2.5 1324  1.4 9999  9.9 9999  9.9
29  Fr        121 0101  2.5 1404  1.4 9999  9.9 9999  9.9
30  Sa        121 0138  2.4 1449  1.5 9999  9.9 9999  9.9
31  Su        121 0215  2.3 1539  1.5 9999  9.9 9999  9.9
 1  Mo        221 0247  2.2 1631  1.6 9999  9.9 9999  9.9
 2  Tu        221 0211  2.1 1711  1.8 9999  9.9 9999  9.9
 3  We        221 0103  2.0 1103  1.9 2349  2.0 9999  9.9
 4  Th        221 1005  1.8 2038  2.1 9999  9.9 9999  9.9
 5  Fr        221 0953  1.7 2055  2.2 9999  9.9 9999  9.9
 6  Sa        221 1018  1.6 2131  2.4 9999  9.9 9999  9.9
 7  Su        221 1057  1.5 2210  2.5 9999  9.9 9999  9.9
 8  Mo        221 1144  1.4 2247  2.5 9999  9.9 9999  9.9
 9  Tu        221 1235  1.4 2322  2.5 9999  9.9 9999  9.9
10  We        221 1331  1.4 2355  2.5 9999  9.9 9999  9.9
11  Th        221 1431  1.4 9999  9.9 9999  9.9 9999  9.9
12  Fr        221 0027  2.4 1535  1.5 9999  9.9 9999  9.9
13  Sa        221 0057  2.4 1636  1.6 9999  9.9 9999  9.9
14  Su        221 0125  2.3 1730  1.7 9999  9.9 9999  9.9
15  Mo        221 0150  2.2 1818  1.8 9999  9.9 9999  9.9
16  Tu        221 0158  2.0 1901  1.9 9999  9.9 9999  9.9
17  We        221 0035  2.0 1041  1.9 1936  2.0 9999  9.9
18  Th        221 0405  1.9 0714  1.9 1041  1.8 2011  2.1
19  Fr        221 0437  1.8 0808  1.8 1036  1.8 2043  2.2
20  Sa        221 0521  1.7 0853  1.8 1006  1.8 2113  2.3
21  Su        221 0938  1.7 2143  2.3 9999  9.9 9999  9.9
22  Mo        221 1016  1.6 2214  2.4 9999  9.9 9999  9.9
23  Tu        221 1056  1.6 2246  2.4 9999  9.9 9999  9.9
24  We        221 1139  1.5 2320  2.4 9999  9.9 9999  9.9
25  Th        221 1227  1.5 2354  2.4 9999  9.9 9999  9.9
26  Fr        221 1322  1.5 9999  9.9 9999  9.9 9999  9.9
27  Sa        221 0026  2.4 1426  1.5 9999  9.9 9999  9.9
28  Su        221 0050  2.3 1541  1.6 9999  9.9 9999  9.9
 1  Mo        321 0042  2.1 1659  1.7 2357  2.0 9999  9.9
 2  Tu        321 0400  2.0 1033  2.0 1823  1.8 2324  2.0
 3  We        321 0419  1.8 1311  2.1 9999  9.9 9999  9.9
 4  Th        321 0502  1.7 1608  2.2 9999  9.9 9999  9.9
 5  Fr        321 0602  1.6 1843  2.3 9999  9.9 9999  9.9
 6  Sa        321 0732  1.6 2002  2.4 9999  9.9 9999  9.9
 7  Su        321 0913  1.5 2054  2.4 9999  9.9 9999  9.9
 8  Mo        321 1032  1.5 2138  2.5 9999  9.9 9999  9.9
 9  Tu        321 1142  1.5 2215  2.5 9999  9.9 9999  9.9
10  We        321 1251  1.5 2247  2.4 9999  9.9 9999  9.9
11  Th        321 1403  1.5 2315  2.4 9999  9.9 9999  9.9
12  Fr        321 1517  1.6 2338  2.3 9999  9.9 9999  9.9
13  Sa        321 1624  1.6 2356  2.2 9999  9.9 9999  9.9
14  Su        321 1727  1.7 9999  9.9 9999  9.9 9999  9.9
15  Mo        321 0002  2.1 0649  1.9 1038  2.0 1832  1.8 2343  2.0
16  Tu        321 0414  1.9 1240  2.0 2004  1.9 2248  1.9
17  We        321 0331  1.8 1447  2.1 9999  9.9 9999  9.9
18  Th        321 0327  1.7 1649  2.1 9999  9.9 9999  9.9
19  Fr        321 0343  1.7 1835  2.2 9999  9.9 9999  9.9
20  Sa        321 0409  1.6 1934  2.3 9999  9.9 9999  9.9
21  Su        321 0443  1.6 2017  2.3 9999  9.9 9999  9.9
22  Mo        321 0527  1.6 2055  2.4 9999  9.9 9999  9.9
23  Tu        321 0634  1.6 2131  2.4 9999  9.9 9999  9.9
24  We        321 0841  1.6 2206  2.4 9999  9.9 9999  9.9
25  Th        321 1027  1.6 2240  2.4 9999  9.9 9999  9.9
26  Fr        321 1155  1.6 2310  2.3 9999  9.9 9999  9.9
27  Sa        321 1340  1.7 2325  2.2 9999  9.9 9999  9.9
28  Su        321 1541  1.7 2258  2.0 9999  9.9 9999  9.9
29  Mo        321 0305  2.0 0852  2.1 1725  1.8 2213  1.9
30  Tu        321 0247  1.8 1044  2.1 1910  1.9 2134  1.9
31  We        321 0312  1.7 1227  2.2 9999  9.9 9999  9.9
 1  Th        421 0351  1.5 1409  2.3 9999  9.9 9999  9.9
 2  Fr        421 0437  1.5 1558  2.4 9999  9.9 9999  9.9
 3  Sa        421 0532  1.5 1753  2.4 9999  9.9 9999  9.9
 4  Su        421 0647  1.5 1916  2.4 9999  9.9 9999  9.9
 5  Mo        421 0835  1.5 2012  2.4 9999  9.9 9999  9.9
 6  Tu        421 1015  1.6 2054  2.4 9999  9.9 9999  9.9
 7  We        421 1143  1.6 2129  2.4 9999  9.9 9999  9.9
 8  Th        421 1316  1.7 2156  2.3 9999  9.9 9999  9.9
 9  Fr        421 0510  1.9 0742  1.9 1452  1.7 2217  2.2
10  Sa        421 0455  1.9 0854  1.9 1613  1.8 2228  2.1
11  Su        421 0441  1.9 1008  2.0 1725  1.8 2224  2.0
12  Mo        421 0354  1.8 1124  2.1 1842  1.8 2157  1.9
13  Tu        421 0303  1.8 1234  2.1 9999  9.9 9999  9.9
14  We        421 0246  1.7 1337  2.2 9999  9.9 9999  9.9
15  Th        421 0246  1.6 1442  2.2 9999  9.9 9999  9.9
16  Fr        421 0259  1.6 1555  2.3 9999  9.9 9999  9.9
17  Sa        421 0319  1.5 1716  2.3 9999  9.9 9999  9.9
18  Su        421 0345  1.5 1827  2.3 9999  9.9 9999  9.9
19  Mo        421 0416  1.5 1921  2.4 9999  9.9 9999  9.9
20  Tu        421 0453  1.5 2005  2.4 9999  9.9 9999  9.9
21  We        421 0539  1.6 2045  2.4 9999  9.9 9999  9.9
22  Th        421 0642  1.6 2121  2.3 9999  9.9 9999  9.9
23  Fr        421 0822  1.7 2150  2.2 9999  9.9 9999  9.9
24  Sa        421 1055  1.8 2200  2.1 9999  9.9 9999  9.9
25  Su        421 0424  1.9 0731  2.0 1619  1.8 2117  1.9
26  Mo        421 0200  1.9 0917  2.1 9999  9.9 9999  9.9
27  Tu        421 0145  1.7 1043  2.2 9999  9.9 9999  9.9
28  We        421 0210  1.5 1159  2.3 9999  9.9 9999  9.9
29  Th        421 0249  1.4 1312  2.4 9999  9.9 9999  9.9
30  Fr        421 0333  1.3 1427  2.5 9999  9.9 9999  9.9
 1  Sa        521 0424  1.3 1551  2.5 9999  9.9 9999  9.9
 2  Su        521 0522  1.4 1718  2.5 9999  9.9 9999  9.9
 3  Mo        521 0637  1.5 1829  2.4 9999  9.9 9999  9.9
 4  Tu        521 0816  1.6 1922  2.4 9999  9.9 9999  9.9
 5  We        521 0953  1.7 2001  2.3 9999  9.9 9999  9.9
 6  Th        521 0359  1.8 0713  1.8 1135  1.8 2031  2.2
 7  Fr        521 0334  1.8 0839  1.9 1401  1.8 2051  2.1
 8  Sa        521 0327  1.8 0953  2.0 1558  1.9 2100  2.0
 9  Su        521 0316  1.8 1050  2.1 1727  1.9 2049  1.9
10  Mo        521 0247  1.7 1136  2.2 9999  9.9 9999  9.9
11  Tu        521 0214  1.7 1217  2.2 9999  9.9 9999  9.9
12  We        521 0202  1.6 1259  2.3 9999  9.9 9999  9.9
13  Th        521 0206  1.6 1342  2.3 9999  9.9 9999  9.9
14  Fr        521 0219  1.5 1429  2.4 9999  9.9 9999  9.9
15  Sa        521 0238  1.5 1523  2.4 9999  9.9 9999  9.9
16  Su        521 0301  1.5 1626  2.4 9999  9.9 9999  9.9
17  Mo        521 0327  1.5 1731  2.4 9999  9.9 9999  9.9
18  Tu        521 0356  1.5 1828  2.4 9999  9.9 9999  9.9
19  We        521 0427  1.5 1916  2.3 9999  9.9 9999  9.9
20  Th        521 0459  1.6 1956  2.3 9999  9.9 9999  9.9
21  Fr        521 0525  1.7 2027  2.2 9999  9.9 9999  9.9
22  Sa        521 0503  1.8 2032  2.0 9999  9.9 9999  9.9
23  Su        521 0251  1.9 1125  2.0 1750  1.9 1851  1.9
24  Mo        521 0108  1.8 1037  2.1 9999  9.9 9999  9.9
25  Tu        521 0048  1.6 1100  2.3 9999  9.9 9999  9.9
26  We        521 0111  1.4 1144  2.4 9999  9.9 9999  9.9
27  Th        521 0149  1.3 1235  2.5 9999  9.9 9999  9.9
28  Fr        521 0234  1.3 1330  2.6 9999  9.9 9999  9.9
29  Sa        521 0325  1.3 1430  2.5 9999  9.9 9999  9.9
30  Su        521 0422  1.3 1534  2.5 9999  9.9 9999  9.9
31  Mo        521 0528  1.4 1639  2.4 9999  9.9 9999  9.9
 1  Tu        621 0644  1.5 1737  2.4 9999  9.9 9999  9.9
 2  We        621 0759  1.7 1824  2.3 9999  9.9 9999  9.9
 3  Th        621 0256  1.8 0643  1.8 0907  1.8 1859  2.2
 4  Fr        621 0218  1.8 1923  2.1 9999  9.9 9999  9.9
 5  Sa        621 0211  1.7 1008  2.0 1551  1.9 1930  2.0
 6  Su        621 0207  1.7 1045  2.1 9999  9.9 9999  9.9
 7  Mo        621 0152  1.7 1117  2.2 9999  9.9 9999  9.9
 8  Tu        621 0128  1.6 1148  2.3 9999  9.9 9999  9.9
 9  We        621 0118  1.6 1219  2.4 9999  9.9 9999  9.9
10  Th        621 0124  1.5 1253  2.4 9999  9.9 9999  9.9
11  Fr        621 0140  1.5 1330  2.4 9999  9.9 9999  9.9
12  Sa        621 0201  1.4 1411  2.4 9999  9.9 9999  9.9
13  Su        621 0226  1.4 1456  2.4 9999  9.9 9999  9.9
14  Mo        621 0252  1.4 1547  2.4 9999  9.9 9999  9.9
15  Tu        621 0318  1.5 1645  2.4 9999  9.9 9999  9.9
16  We        621 0344  1.5 1741  2.3 9999  9.9 9999  9.9
17  Th        621 0405  1.6 1828  2.2 9999  9.9 9999  9.9
18  Fr        621 0413  1.7 1901  2.1 9999  9.9 9999  9.9
19  Sa        621 0327  1.8 1347  2.0 1652  2.0 1850  2.0
20  Su        621 0130  1.8 1113  2.1 9999  9.9 9999  9.9
21  Mo        621 0014  1.7 1043  2.2 2351  1.6 9999  9.9
22  Tu        621 1055  2.3 9999  9.9 9999  9.9 9999  9.9
23  We        621 0012  1.4 1125  2.5 9999  9.9 9999  9.9
24  Th        621 0051  1.3 1203  2.5 9999  9.9 9999  9.9
25  Fr        621 0137  1.2 1245  2.6 9999  9.9 9999  9.9
26  Sa        621 0230  1.2 1329  2.6 9999  9.9 9999  9.9
27  Su        621 0330  1.3 1416  2.5 9999  9.9 9999  9.9
28  Mo        621 0436  1.4 1503  2.5 9999  9.9 9999  9.9
29  Tu        621 0546  1.5 1551  2.4 9999  9.9 9999  9.9
30  We        621 0650  1.6 1637  2.3 9999  9.9 9999  9.9
 1  Th        721 0300  1.8 0401  1.8 0738  1.8 1717  2.1
 2  Fr        721 0103  1.8 1746  2.0 9999  9.9 9999  9.9
 3  Sa        721 0054  1.7 0944  2.0 9999  9.9 9999  9.9
 4  Su        721 0055  1.7 1008  2.2 9999  9.9 9999  9.9
 5  Mo        721 0051  1.7 1035  2.3 9999  9.9 9999  9.9
 6  Tu        721 0038  1.6 1103  2.3 9999  9.9 9999  9.9
 7  We        721 0031  1.6 1132  2.4 9999  9.9 9999  9.9
 8  Th        721 0039  1.5 1202  2.4 9999  9.9 9999  9.9
 9  Fr        721 0058  1.5 1235  2.5 9999  9.9 9999  9.9
10  Sa        721 0124  1.4 1310  2.5 9999  9.9 9999  9.9
11  Su        721 0153  1.4 1347  2.5 9999  9.9 9999  9.9
12  Mo        721 0224  1.4 1427  2.4 9999  9.9 9999  9.9
13  Tu        721 0255  1.5 1510  2.4 9999  9.9 9999  9.9
14  We        721 0324  1.5 1559  2.3 9999  9.9 9999  9.9
15  Th        721 0346  1.6 1649  2.2 9999  9.9 9999  9.9
16  Fr        721 0343  1.7 1426  2.1 9999  9.9 9999  9.9
17  Sa        721 0151  1.8 1235  2.0 2346  1.8 9999  9.9
18  Su        721 1006  2.1 2257  1.7 9999  9.9 9999  9.9
19  Mo        721 0952  2.2 2247  1.6 9999  9.9 9999  9.9
20  Tu        721 1014  2.4 2313  1.4 9999  9.9 9999  9.9
21  We        721 1046  2.5 2354  1.3 9999  9.9 9999  9.9
22  Th        721 1121  2.5 9999  9.9 9999  9.9 9999  9.9
23  Fr        721 0044  1.3 1158  2.6 9999  9.9 9999  9.9
24  Sa        721 0139  1.3 1234  2.6 9999  9.9 9999  9.9
25  Su        721 0241  1.3 1309  2.5 9999  9.9 9999  9.9
26  Mo        721 0350  1.4 1344  2.4 9999  9.9 9999  9.9
27  Tu        721 0501  1.5 1417  2.3 9999  9.9 9999  9.9
28  We        721 0605  1.6 1448  2.2 9999  9.9 9999  9.9
29  Th        721 0700  1.8 1511  2.1 2326  1.8 9999  9.9
30  Fr        721 0440  1.9 0752  1.9 1418  2.0 2322  1.8
31  Sa        721 0816  2.0 2330  1.8 9999  9.9 9999  9.9
 1  Su        821 0857  2.1 2334  1.7 9999  9.9 9999  9.9
 2  Mo        821 0931  2.2 2332  1.7 9999  9.9 9999  9.9
 3  Tu        821 1002  2.3 2331  1.6 9999  9.9 9999  9.9
 4  We        821 1033  2.4 2344  1.6 9999  9.9 9999  9.9
 5  Th        821 1103  2.4 9999  9.9 9999  9.9 9999  9.9
 6  Fr        821 0007  1.5 1135  2.5 9999  9.9 9999  9.9
 7  Sa        821 0038  1.5 1208  2.5 9999  9.9 9999  9.9
 8  Su        821 0114  1.5 1242  2.4 9999  9.9 9999  9.9
 9  Mo        821 0154  1.5 1316  2.4 9999  9.9 9999  9.9
10  Tu        821 0239  1.5 1349  2.3 9999  9.9 9999  9.9
11  We        821 0331  1.6 1413  2.2 9999  9.9 9999  9.9
12  Th        821 0427  1.7 1330  2.1 9999  9.9 9999  9.9
13  Fr        821 0522  1.8 1231  2.0 2205  1.9 9999  9.9
14  Sa        821 1113  2.0 2019  1.8 9999  9.9 9999  9.9
15  Su        821 0743  2.1 2008  1.7 9999  9.9 9999  9.9
16  Mo        821 0820  2.2 2106  1.6 9999  9.9 9999  9.9
17  Tu        821 0902  2.4 2201  1.5 9999  9.9 9999  9.9
18  We        821 0944  2.5 2256  1.4 9999  9.9 9999  9.9
19  Th        821 1023  2.5 2353  1.4 9999  9.9 9999  9.9
20  Fr        821 1100  2.5 9999  9.9 9999  9.9 9999  9.9
21  Sa        821 0053  1.4 1133  2.5 9999  9.9 9999  9.9
22  Su        821 0200  1.4 1203  2.4 9999  9.9 9999  9.9
23  Mo        821 0313  1.5 1229  2.3 9999  9.9 9999  9.9
24  Tu        821 0427  1.6 1250  2.2 9999  9.9 9999  9.9
25  We        821 0535  1.7 1304  2.1 2059  1.9 2237  2.0
26  Th        821 0641  1.8 1257  2.0 2053  1.9 9999  9.9
27  Fr        821 0157  2.0 0806  1.9 1208  1.9 2105  1.9
28  Sa        821 0431  2.0 1659  1.8 1900  1.8 2116  1.8
29  Su        821 0649  2.1 1657  1.8 2008  1.8 2113  1.8
30  Mo        821 0757  2.2 1730  1.7 9999  9.9 9999  9.9
31  Tu        821 0842  2.3 2123  1.7 9999  9.9 9999  9.9
 1  We        921 0918  2.4 2207  1.6 9999  9.9 9999  9.9
 2  Th        921 0953  2.4 2249  1.6 9999  9.9 9999  9.9
 3  Fr        921 1026  2.4 2331  1.6 9999  9.9 9999  9.9
 4  Sa        921 1059  2.4 9999  9.9 9999  9.9 9999  9.9
 5  Su        921 0017  1.6 1132  2.4 9999  9.9 9999  9.9
 6  Mo        921 0111  1.6 1204  2.3 9999  9.9 9999  9.9
 7  Tu        921 0217  1.6 1230  2.2 9999  9.9 9999  9.9
 8  We        921 0339  1.7 1226  2.1 9999  9.9 9999  9.9
 9  Th        921 0507  1.8 1134  2.0 1529  1.9 2237  2.0
10  Fr        921 0646  1.9 1050  1.9 1544  1.8 9999  9.9
11  Sa        921 0110  2.1 1623  1.7 9999  9.9 9999  9.9
12  Su        921 0337  2.2 1715  1.6 9999  9.9 9999  9.9
13  Mo        921 0547  2.3 1827  1.5 9999  9.9 9999  9.9
14  Tu        921 0720  2.4 2009  1.5 9999  9.9 9999  9.9
15  We        921 0821  2.4 2141  1.5 9999  9.9 9999  9.9
16  Th        921 0908  2.5 2257  1.5 9999  9.9 9999  9.9
17  Fr        921 0948  2.5 9999  9.9 9999  9.9 9999  9.9
18  Sa        921 0009  1.5 1021  2.4 9999  9.9 9999  9.9
19  Su        921 0125  1.5 1049  2.3 9999  9.9 9999  9.9
20  Mo        921 0248  1.6 1109  2.2 9999  9.9 9999  9.9
21  Tu        921 0408  1.7 1122  2.1 1747  2.0 2117  2.0
22  We        921 0521  1.7 1124  2.0 1701  1.9 2257  2.0
23  Th        921 0636  1.8 1106  1.9 1557  1.8 9999  9.9
24  Fr        921 0048  2.1 0822  1.9 1014  1.9 1534  1.8
25  Sa        921 0228  2.1 1528  1.7 9999  9.9 9999  9.9
26  Su        921 0403  2.2 1537  1.7 9999  9.9 9999  9.9
27  Mo        921 0541  2.2 1558  1.6 9999  9.9 9999  9.9
28  Tu        921 0654  2.3 1627  1.6 9999  9.9 9999  9.9
29  We        921 0746  2.3 1705  1.6 9999  9.9 9999  9.9
30  Th        921 0828  2.4 1801  1.6 9999  9.9 9999  9.9
 1  Fr       1021 0906  2.4 2031  1.6 9999  9.9 9999  9.9
 2  Sa       1021 0941  2.4 2224  1.6 9999  9.9 9999  9.9
 3  Su       1021 1015  2.3 2348  1.7 9999  9.9 9999  9.9
 4  Mo       1021 1045  2.2 9999  9.9 9999  9.9 9999  9.9
 5  Tu       1021 0143  1.7 1104  2.1 9999  9.9 9999  9.9
 6  We       1021 0407  1.8 1041  2.0 1440  1.9 2056  2.1
 7  Th       1021 0553  1.8 0943  1.9 1414  1.8 2243  2.1
 8  Fr       1021 1436  1.6 9999  9.9 9999  9.9 9999  9.9
 9  Sa       1021 0023  2.2 1513  1.5 9999  9.9 9999  9.9
10  Su       1021 0156  2.3 1558  1.4 9999  9.9 9999  9.9
11  Mo       1021 0330  2.4 1650  1.4 9999  9.9 9999  9.9
12  Tu       1021 0511  2.4 1758  1.4 9999  9.9 9999  9.9
13  We       1021 0637  2.5 1942  1.5 9999  9.9 9999  9.9
14  Th       1021 0737  2.5 2133  1.5 9999  9.9 9999  9.9
15  Fr       1021 0822  2.4 2305  1.6 9999  9.9 9999  9.9
16  Sa       1021 0858  2.3 9999  9.9 9999  9.9 9999  9.9
17  Su       1021 0038  1.7 0925  2.3 1623  1.9 1927  1.9
18  Mo       1021 0223  1.7 0943  2.2 1604  1.9 2043  2.0
19  Tu       1021 0358  1.8 0951  2.0 1544  1.8 2159  2.1
20  We       1021 0519  1.8 0944  2.0 1509  1.8 2315  2.1
21  Th       1021 0647  1.9 0914  1.9 1442  1.7 9999  9.9
22  Fr       1021 0023  2.2 1433  1.7 9999  9.9 9999  9.9
23  Sa       1021 0126  2.3 1435  1.6 9999  9.9 9999  9.9
24  Su       1021 0228  2.3 1445  1.5 9999  9.9 9999  9.9
25  Mo       1021 0335  2.3 1502  1.5 9999  9.9 9999  9.9
26  Tu       1021 0448  2.3 1524  1.5 9999  9.9 9999  9.9
27  We       1021 0556  2.3 1550  1.5 9999  9.9 9999  9.9
28  Th       1021 0652  2.4 1620  1.5 9999  9.9 9999  9.9
29  Fr       1021 0737  2.4 1654  1.6 9999  9.9 9999  9.9
30  Sa       1021 0816  2.3 1732  1.6 9999  9.9 9999  9.9
31  Su       1021 0852  2.3 1811  1.7 9999  9.9 9999  9.9
 1  Mo       1121 0921  2.2 1752  1.8 9999  9.9 9999  9.9
 2  Tu       1121 0935  2.1 1541  1.9 2051  2.0 9999  9.9
 3  We       1121 0453  1.9 0853  1.9 1340  1.8 2149  2.1
 4  Th       1121 1317  1.7 2253  2.2 9999  9.9 9999  9.9
 5  Fr       1121 1337  1.5 2356  2.4 9999  9.9 9999  9.9
 6  Sa       1121 1413  1.4 9999  9.9 9999  9.9 9999  9.9
 7  Su       1121 0100  2.5 1457  1.3 9999  9.9 9999  9.9
 8  Mo       1121 0209  2.5 1546  1.3 9999  9.9 9999  9.9
 9  Tu       1121 0324  2.5 1642  1.3 9999  9.9 9999  9.9
10  We       1121 0444  2.5 1752  1.4 9999  9.9 9999  9.9
11  Th       1121 0554  2.5 1934  1.5 9999  9.9 9999  9.9
12  Fr       1121 0647  2.4 2122  1.6 9999  9.9 9999  9.9
13  Sa       1121 0727  2.3 1524  1.8 1845  1.8 2309  1.8
14  Su       1121 0756  2.2 1450  1.8 2011  1.9 9999  9.9
15  Mo       1121 0133  1.8 0814  2.1 1441  1.8 2126  2.0
16  Tu       1121 0347  1.9 0819  2.0 1433  1.7 2228  2.1
17  We       1121 0529  1.9 0800  1.9 1415  1.7 2319  2.2
18  Th       1121 1356  1.6 9999  9.9 9999  9.9 9999  9.9
19  Fr       1121 0003  2.3 1349  1.6 9999  9.9 9999  9.9
20  Sa       1121 0046  2.4 1354  1.5 9999  9.9 9999  9.9
21  Su       1121 0130  2.4 1406  1.5 9999  9.9 9999  9.9
22  Mo       1121 0217  2.4 1423  1.4 9999  9.9 9999  9.9
23  Tu       1121 0309  2.4 1443  1.4 9999  9.9 9999  9.9
24  We       1121 0407  2.4 1505  1.5 9999  9.9 9999  9.9
25  Th       1121 0508  2.4 1528  1.5 9999  9.9 9999  9.9
26  Fr       1121 0602  2.4 1550  1.5 9999  9.9 9999  9.9
27  Sa       1121 0649  2.3 1610  1.6 9999  9.9 9999  9.9
28  Su       1121 0729  2.2 1620  1.7 9999  9.9 9999  9.9
29  Mo       1121 0800  2.1 1554  1.8 9999  9.9 9999  9.9
30  Tu       1121 0119  2.0 0316  1.9 0811  2.0 1431  1.8 2314  2.0
 1  We       1221 1259  1.8 2250  2.2 9999  9.9 9999  9.9
 2  Th       1221 1226  1.6 2306  2.3 9999  9.9 9999  9.9
 3  Fr       1221 1243  1.4 2340  2.4 9999  9.9 9999  9.9
 4  Sa       1221 1318  1.3 9999  9.9 9999  9.9 9999  9.9
 5  Su       1221 0024  2.5 1403  1.2 9999  9.9 9999  9.9
 6  Mo       1221 0115  2.6 1452  1.2 9999  9.9 9999  9.9
 7  Tu       1221 0210  2.6 1548  1.2 9999  9.9 9999  9.9
 8  We       1221 0310  2.5 1652  1.3 9999  9.9 9999  9.9
 9  Th       1221 0411  2.5 1807  1.5 9999  9.9 9999  9.9
10  Fr       1221 0506  2.4 1930  1.6 9999  9.9 9999  9.9
11  Sa       1221 0551  2.3 1433  1.8 9999  9.9 9999  9.9
12  Su       1221 0624  2.2 1339  1.8 2015  1.9 2338  1.9
13  Mo       1221 0645  2.1 1333  1.7 2131  2.1 9999  9.9
14  Tu       1221 0351  1.9 0646  2.0 1334  1.7 2219  2.2
15  We       1221 1330  1.6 2258  2.3 9999  9.9 9999  9.9
16  Th       1221 1319  1.6 2333  2.4 9999  9.9 9999  9.9
17  Fr       1221 1313  1.5 9999  9.9 9999  9.9 9999  9.9
18  Sa       1221 0007  2.4 1319  1.5 9999  9.9 9999  9.9
19  Su       1221 0042  2.5 1334  1.4 9999  9.9 9999  9.9
20  Mo       1221 0119  2.5 1355  1.4 9999  9.9 9999  9.9
21  Tu       1221 0159  2.5 1417  1.4 9999  9.9 9999  9.9
22  We       1221 0243  2.5 1438  1.4 9999  9.9 9999  9.9
23  Th       1221 0333  2.4 1458  1.5 9999  9.9 9999  9.9
24  Fr       1221 0427  2.4 1516  1.5 9999  9.9 9999  9.9
25  Sa       1221 0522  2.3 1529  1.6 9999  9.9 9999  9.9
26  Su       1221 0611  2.2 1531  1.7 9999  9.9 9999  9.9
27  Mo       1221 0650  2.1 1456  1.8 9999  9.9 9999  9.9
28  Tu       1221 0032  2.0 0449  2.0 0702  2.0 1329  1.8 2250  2.1
29  We       1221 1212  1.7 2235  2.2 9999  9.9 9999  9.9
30  Th       1221 1133  1.6 2248  2.4 9999  9.9 9999  9.9
31  Fr       1221 1147  1.4 2316  2.5 9999  9.9 9999  9.9
