352Owenga
Based on data from  1-Jan-2011
Local Std Time, tidal heights in metres.
 1  Su        117 0133  0.3 0746  1.2 1404  0.2 2014  1.1
 2  Mo        117 0217  0.3 0830  1.2 1449  0.2 2059  1.1
 3  Tu        117 0302  0.2 0915  1.2 1534  0.2 2144  1.2
 4  We        117 0349  0.2 1002  1.2 1620  0.2 2231  1.2
 5  Th        117 0437  0.2 1050  1.2 1707  0.2 2319  1.2
 6  Fr        117 0528  0.2 1141  1.2 1757  0.2 9999  9.9
 7  Sa        117 0010  1.2 0620  0.2 1234  1.2 1849  0.2
 8  Su        117 0103  1.2 0716  0.2 1329  1.2 1943  0.2
 9  Mo        117 0158  1.3 0813  0.1 1426  1.2 2039  0.1
10  Tu        117 0255  1.3 0911  0.1 1525  1.2 2136  0.1
11  We        117 0353  1.3 1011  0.1 1624  1.3 2234  0.1
12  Th        117 0451  1.3 1109  0.1 1722  1.3 2332  0.1
13  Fr        117 0548  1.3 1207  0.1 1820  1.3 9999  9.9
14  Sa        117 0029  0.1 0644  1.3 1303  0.0 1916  1.3
15  Su        117 0124  0.1 0739  1.3 1358  0.1 2010  1.3
16  Mo        117 0218  0.1 0833  1.3 1451  0.1 2102  1.2
17  Tu        117 0310  0.2 0924  1.3 1541  0.1 2153  1.2
18  We        117 0401  0.2 1014  1.2 1631  0.2 2242  1.2
19  Th        117 0450  0.2 1103  1.2 1718  0.2 2330  1.2
20  Fr        117 0539  0.3 1150  1.1 1805  0.2 9999  9.9
21  Sa        117 0017  1.1 0627  0.3 1238  1.1 1851  0.3
22  Su        117 0105  1.1 0715  0.3 1326  1.1 1938  0.3
23  Mo        117 0152  1.1 0804  0.3 1414  1.1 2025  0.3
24  Tu        117 0239  1.1 0853  0.3 1503  1.1 2112  0.3
25  We        117 0326  1.1 0942  0.3 1552  1.1 2159  0.3
26  Th        117 0413  1.1 1030  0.3 1640  1.1 2245  0.3
27  Fr        117 0459  1.1 1117  0.3 1727  1.1 2331  0.3
28  Sa        117 0545  1.1 1203  0.2 1813  1.1 9999  9.9
29  Su        117 0017  0.3 0630  1.2 1249  0.2 1859  1.1
30  Mo        117 0103  0.3 0717  1.2 1335  0.2 1945  1.1
31  Tu        117 0150  0.2 0804  1.2 1422  0.2 2032  1.2
 1  We        217 0238  0.2 0852  1.2 1509  0.2 2120  1.2
 2  Th        217 0328  0.2 0941  1.2 1558  0.2 2210  1.2
 3  Fr        217 0419  0.2 1032  1.2 1648  0.1 2300  1.2
 4  Sa        217 0511  0.1 1125  1.2 1739  0.1 2353  1.2
 5  Su        217 0606  0.1 1219  1.2 1832  0.2 9999  9.9
 6  Mo        217 0047  1.3 0702  0.1 1315  1.2 1927  0.2
 7  Tu        217 0142  1.3 0759  0.1 1411  1.2 2023  0.2
 8  We        217 0239  1.3 0856  0.1 1509  1.2 2119  0.2
 9  Th        217 0336  1.3 0954  0.1 1607  1.2 2216  0.1
10  Fr        217 0433  1.3 1051  0.1 1703  1.2 2312  0.1
11  Sa        217 0529  1.3 1147  0.1 1759  1.2 9999  9.9
12  Su        217 0008  0.1 0623  1.3 1241  0.1 1853  1.2
13  Mo        217 0101  0.2 0716  1.3 1334  0.1 1945  1.2
14  Tu        217 0153  0.2 0807  1.2 1424  0.2 2035  1.2
15  We        217 0243  0.2 0856  1.2 1512  0.2 2123  1.2
16  Th        217 0331  0.2 0944  1.2 1559  0.2 2210  1.1
17  Fr        217 0419  0.2 1030  1.1 1644  0.2 2256  1.1
18  Sa        217 0505  0.3 1116  1.1 1729  0.3 2341  1.1
19  Su        217 0552  0.3 1203  1.1 1814  0.3 9999  9.9
20  Mo        217 0027  1.1 0639  0.3 1250  1.1 1900  0.3
21  Tu        217 0113  1.1 0727  0.3 1338  1.1 1946  0.3
22  We        217 0200  1.1 0816  0.3 1426  1.1 2033  0.3
23  Th        217 0247  1.1 0904  0.3 1514  1.1 2120  0.3
24  Fr        217 0334  1.1 0953  0.3 1602  1.1 2207  0.3
25  Sa        217 0422  1.1 1040  0.3 1650  1.1 2255  0.3
26  Su        217 0509  1.2 1128  0.2 1738  1.1 2343  0.2
27  Mo        217 0558  1.2 1216  0.2 1826  1.2 9999  9.9
28  Tu        217 0033  0.2 0647  1.2 1305  0.2 1916  1.2
 1  We        317 0124  0.2 0738  1.2 1355  0.1 2006  1.2
 2  Th        317 0215  0.1 0830  1.3 1446  0.1 2057  1.3
 3  Fr        317 0308  0.1 0923  1.3 1537  0.1 2150  1.3
 4  Sa        317 0402  0.1 1016  1.3 1630  0.1 2243  1.3
 5  Su        317 0457  0.1 1111  1.3 1723  0.1 2337  1.3
 6  Mo        317 0553  0.1 1206  1.2 1818  0.1 9999  9.9
 7  Tu        317 0032  1.3 0649  0.1 1302  1.2 1913  0.2
 8  We        317 0128  1.3 0746  0.1 1358  1.2 2008  0.2
 9  Th        317 0224  1.3 0842  0.1 1454  1.2 2104  0.2
10  Fr        317 0320  1.3 0938  0.1 1550  1.2 2159  0.2
11  Sa        317 0415  1.2 1033  0.1 1644  1.2 2253  0.2
12  Su        317 0508  1.2 1126  0.2 1737  1.2 2346  0.2
13  Mo        317 0601  1.2 1217  0.2 1828  1.2 9999  9.9
14  Tu        317 0037  0.2 0651  1.2 1307  0.2 1918  1.2
15  We        317 0127  0.2 0740  1.2 1355  0.2 2005  1.2
16  Th        317 0214  0.2 0827  1.1 1440  0.2 2051  1.1
17  Fr        317 0301  0.2 0913  1.1 1525  0.3 2136  1.1
18  Sa        317 0347  0.3 0958  1.1 1609  0.3 2220  1.1
19  Su        317 0432  0.3 1043  1.1 1653  0.3 2305  1.1
20  Mo        317 0518  0.3 1129  1.1 1738  0.3 2350  1.1
21  Tu        317 0604  0.3 1215  1.1 1823  0.3 9999  9.9
22  We        317 0035  1.1 0651  0.3 1302  1.1 1908  0.3
23  Th        317 0121  1.1 0739  0.3 1349  1.1 1955  0.3
24  Fr        317 0208  1.1 0826  0.3 1437  1.1 2042  0.3
25  Sa        317 0256  1.1 0914  0.3 1525  1.1 2130  0.3
26  Su        317 0344  1.1 1003  0.2 1614  1.1 2220  0.2
27  Mo        317 0435  1.2 1052  0.2 1703  1.2 2312  0.2
28  Tu        317 0526  1.2 1143  0.2 1755  1.2 9999  9.9
29  We        317 0004  0.2 0619  1.3 1235  0.1 1847  1.2
30  Th        317 0058  0.1 0713  1.3 1328  0.1 1941  1.3
31  Fr        317 0154  0.1 0808  1.3 1422  0.1 2035  1.3
 1  Sa        417 0249  0.1 0904  1.3 1517  0.1 2130  1.3
 2  Su        417 0346  0.1 1000  1.3 1612  0.1 2226  1.3
 3  Mo        417 0443  0.1 1057  1.3 1708  0.1 2322  1.3
 4  Tu        417 0539  0.1 1153  1.3 1803  0.1 9999  9.9
 5  We        417 0018  1.3 0635  0.1 1249  1.2 1858  0.2
 6  Th        417 0113  1.3 0731  0.1 1344  1.2 1953  0.2
 7  Fr        417 0208  1.2 0826  0.1 1438  1.2 2047  0.2
 8  Sa        417 0302  1.2 0920  0.2 1532  1.2 2141  0.2
 9  Su        417 0355  1.2 1012  0.2 1623  1.2 2233  0.2
10  Mo        417 0447  1.2 1102  0.2 1713  1.2 2323  0.2
11  Tu        417 0536  1.2 1151  0.2 1802  1.1 9999  9.9
12  We        417 0012  0.2 0625  1.1 1238  0.3 1848  1.1
13  Th        417 0059  0.3 0711  1.1 1323  0.3 1934  1.1
14  Fr        417 0145  0.3 0757  1.1 1407  0.3 2018  1.1
15  Sa        417 0230  0.3 0842  1.1 1451  0.3 2102  1.1
16  Su        417 0315  0.3 0926  1.1 1534  0.3 2146  1.1
17  Mo        417 0400  0.3 1011  1.1 1618  0.3 2229  1.1
18  Tu        417 0445  0.3 1056  1.1 1702  0.3 2314  1.1
19  We        417 0531  0.3 1142  1.1 1746  0.3 2358  1.1
20  Th        417 0617  0.3 1227  1.1 1832  0.3 9999  9.9
21  Fr        417 0044  1.1 0703  0.3 1314  1.1 1918  0.3
22  Sa        417 0131  1.1 0750  0.3 1401  1.1 2006  0.3
23  Su        417 0220  1.1 0838  0.2 1449  1.1 2056  0.2
24  Mo        417 0310  1.2 0928  0.2 1540  1.2 2149  0.2
25  Tu        417 0403  1.2 1019  0.2 1632  1.2 2243  0.2
26  We        417 0457  1.2 1112  0.1 1725  1.3 2338  0.1
27  Th        417 0553  1.3 1207  0.1 1821  1.3 9999  9.9
28  Fr        417 0035  0.1 0650  1.3 1303  0.1 1917  1.3
29  Sa        417 0133  0.0 0747  1.3 1359  0.1 2013  1.4
30  Su        417 0230  0.0 0845  1.3 1456  0.1 2110  1.4
 1  Mo        517 0328  0.0 0943  1.3 1553  0.1 2207  1.3
 2  Tu        517 0426  0.0 1040  1.3 1650  0.1 2304  1.3
 3  We        517 0523  0.1 1136  1.3 1746  0.1 9999  9.9
 4  Th        517 0000  1.3 0618  0.1 1232  1.2 1841  0.2
 5  Fr        517 0055  1.3 0713  0.1 1326  1.2 1935  0.2
 6  Sa        517 0149  1.2 0806  0.2 1419  1.2 2028  0.2
 7  Su        517 0242  1.2 0858  0.2 1510  1.2 2120  0.2
 8  Mo        517 0333  1.2 0948  0.2 1559  1.1 2210  0.3
 9  Tu        517 0422  1.1 1036  0.3 1647  1.1 2258  0.3
10  We        517 0510  1.1 1122  0.3 1733  1.1 2345  0.3
11  Th        517 0556  1.1 1207  0.3 1818  1.1 9999  9.9
12  Fr        517 0031  0.3 0642  1.1 1251  0.3 1902  1.1
13  Sa        517 0116  0.3 0727  1.1 1334  0.3 1946  1.1
14  Su        517 0200  0.3 0811  1.1 1417  0.3 2029  1.1
15  Mo        517 0245  0.3 0855  1.1 1500  0.3 2112  1.1
16  Tu        517 0329  0.3 0940  1.1 1544  0.3 2155  1.1
17  We        517 0413  0.3 1024  1.1 1628  0.3 2239  1.1
18  Th        517 0458  0.3 1109  1.1 1712  0.3 2324  1.1
19  Fr        517 0543  0.3 1154  1.1 1758  0.3 9999  9.9
20  Sa        517 0010  1.1 0629  0.2 1240  1.1 1846  0.3
21  Su        517 0058  1.1 0716  0.2 1328  1.1 1935  0.2
22  Mo        517 0148  1.2 0805  0.2 1418  1.2 2027  0.2
23  Tu        517 0241  1.2 0857  0.2 1510  1.2 2122  0.2
24  We        517 0335  1.2 0950  0.1 1604  1.3 2218  0.1
25  Th        517 0432  1.3 1045  0.1 1700  1.3 2316  0.1
26  Fr        517 0530  1.3 1142  0.1 1757  1.3 9999  9.9
27  Sa        517 0014  0.0 0628  1.3 1239  0.1 1854  1.4
28  Su        517 0112  0.0 0726  1.3 1337  0.1 1952  1.4
29  Mo        517 0211  0.0 0824  1.3 1434  0.1 2049  1.4
30  Tu        517 0308  0.0 0922  1.3 1532  0.1 2147  1.4
31  We        517 0406  0.0 1019  1.3 1628  0.1 2243  1.3
 1  Th        617 0502  0.1 1115  1.3 1724  0.1 2338  1.3
 2  Fr        617 0557  0.1 1210  1.2 1819  0.2 9999  9.9
 3  Sa        617 0033  1.2 0650  0.1 1303  1.2 1912  0.2
 4  Su        617 0125  1.2 0742  0.2 1354  1.2 2004  0.2
 5  Mo        617 0217  1.2 0831  0.2 1444  1.1 2054  0.3
 6  Tu        617 0306  1.1 0920  0.3 1532  1.1 2143  0.3
 7  We        617 0354  1.1 1006  0.3 1618  1.1 2231  0.3
 8  Th        617 0441  1.1 1051  0.3 1704  1.1 2317  0.3
 9  Fr        617 0527  1.1 1136  0.3 1748  1.1 9999  9.9
10  Sa        617 0002  0.3 0612  1.1 1219  0.3 1831  1.1
11  Su        617 0047  0.3 0657  1.1 1302  0.3 1914  1.1
12  Mo        617 0131  0.3 0741  1.1 1345  0.3 1957  1.1
13  Tu        617 0215  0.3 0825  1.1 1428  0.3 2040  1.1
14  We        617 0259  0.3 0909  1.1 1511  0.3 2123  1.1
15  Th        617 0343  0.2 0953  1.1 1556  0.3 2208  1.1
16  Fr        617 0427  0.2 1038  1.1 1641  0.3 2253  1.1
17  Sa        617 0512  0.2 1124  1.1 1728  0.3 2341  1.2
18  Su        617 0559  0.2 1211  1.1 1818  0.2 9999  9.9
19  Mo        617 0030  1.2 0647  0.2 1300  1.2 1910  0.2
20  Tu        617 0122  1.2 0738  0.2 1352  1.2 2004  0.2
21  We        617 0217  1.2 0831  0.2 1445  1.2 2100  0.1
22  Th        617 0313  1.2 0926  0.1 1541  1.3 2157  0.1
23  Fr        617 0410  1.3 1022  0.1 1638  1.3 2255  0.0
24  Sa        617 0509  1.3 1119  0.1 1735  1.4 2354  0.0
25  Su        617 0607  1.3 1217  0.1 1833  1.4 9999  9.9
26  Mo        617 0052  0.0 0705  1.3 1315  0.1 1930  1.4
27  Tu        617 0150  0.0 0803  1.3 1412  0.1 2027  1.4
28  We        617 0247  0.0 0900  1.3 1508  0.1 2123  1.3
29  Th        617 0342  0.0 0955  1.3 1604  0.1 2219  1.3
30  Fr        617 0437  0.1 1050  1.2 1659  0.2 2312  1.3
 1  Sa        717 0530  0.1 1143  1.2 1752  0.2 9999  9.9
 2  Su        717 0005  1.2 0622  0.2 1234  1.2 1844  0.2
 3  Mo        717 0056  1.2 0712  0.2 1325  1.1 1935  0.3
 4  Tu        717 0147  1.1 0800  0.3 1413  1.1 2025  0.3
 5  We        717 0236  1.1 0848  0.3 1501  1.1 2113  0.3
 6  Th        717 0324  1.1 0934  0.3 1547  1.1 2201  0.3
 7  Fr        717 0411  1.1 1019  0.3 1632  1.1 2247  0.3
 8  Sa        717 0457  1.1 1104  0.3 1717  1.1 2333  0.3
 9  Su        717 0542  1.1 1147  0.3 1800  1.1 9999  9.9
10  Mo        717 0017  0.3 0627  1.1 1231  0.3 1843  1.1
11  Tu        717 0101  0.2 0711  1.1 1314  0.3 1926  1.1
12  We        717 0145  0.2 0754  1.1 1357  0.3 2010  1.2
13  Th        717 0229  0.2 0839  1.1 1441  0.3 2054  1.2
14  Fr        717 0313  0.2 0923  1.1 1527  0.3 2140  1.2
15  Sa        717 0358  0.2 1009  1.1 1614  0.2 2227  1.2
16  Su        717 0445  0.2 1056  1.2 1704  0.2 2316  1.2
17  Mo        717 0533  0.2 1145  1.2 1755  0.2 9999  9.9
18  Tu        717 0008  1.2 0623  0.2 1237  1.2 1849  0.2
19  We        717 0102  1.2 0715  0.2 1330  1.2 1945  0.1
20  Th        717 0157  1.2 0810  0.2 1425  1.3 2042  0.1
21  Fr        717 0254  1.2 0906  0.1 1522  1.3 2140  0.1
22  Sa        717 0352  1.3 1003  0.1 1619  1.3 2238  0.0
23  Su        717 0450  1.3 1100  0.1 1716  1.4 2335  0.0
24  Mo        717 0548  1.3 1157  0.1 1813  1.4 9999  9.9
25  Tu        717 0032  0.0 0644  1.3 1253  0.1 1909  1.4
26  We        717 0128  0.0 0740  1.3 1349  0.1 2004  1.3
27  Th        717 0223  0.0 0835  1.3 1443  0.1 2058  1.3
28  Fr        717 0316  0.1 0928  1.3 1537  0.1 2151  1.3
29  Sa        717 0408  0.1 1020  1.2 1629  0.2 2243  1.2
30  Su        717 0459  0.2 1111  1.2 1721  0.2 2333  1.2
31  Mo        717 0548  0.2 1201  1.2 1811  0.2 9999  9.9
 1  Tu        817 0023  1.1 0637  0.3 1250  1.1 1901  0.3
 2  We        817 0112  1.1 0725  0.3 1338  1.1 1951  0.3
 3  Th        817 0201  1.1 0812  0.3 1426  1.1 2040  0.3
 4  Fr        817 0250  1.1 0859  0.3 1513  1.1 2128  0.3
 5  Sa        817 0338  1.1 0945  0.3 1559  1.1 2215  0.3
 6  Su        817 0425  1.1 1030  0.3 1644  1.1 2301  0.3
 7  Mo        817 0510  1.1 1115  0.3 1728  1.1 2346  0.2
 8  Tu        817 0555  1.1 1159  0.3 1812  1.2 9999  9.9
 9  We        817 0030  0.2 0639  1.1 1243  0.3 1856  1.2
10  Th        817 0114  0.2 0724  1.1 1328  0.2 1941  1.2
11  Fr        817 0159  0.2 0809  1.2 1414  0.2 2027  1.2
12  Sa        817 0245  0.2 0855  1.2 1502  0.2 2115  1.2
13  Su        817 0332  0.2 0943  1.2 1552  0.2 2205  1.2
14  Mo        817 0421  0.2 1033  1.2 1643  0.2 2257  1.2
15  Tu        817 0511  0.2 1124  1.2 1737  0.2 2350  1.2
16  We        817 0603  0.2 1217  1.2 1832  0.1 9999  9.9
17  Th        817 0045  1.2 0657  0.2 1312  1.3 1929  0.1
18  Fr        817 0142  1.2 0753  0.2 1408  1.3 2026  0.1
19  Sa        817 0239  1.2 0849  0.1 1505  1.3 2124  0.1
20  Su        817 0336  1.3 0946  0.1 1602  1.3 2221  0.1
21  Mo        817 0433  1.3 1042  0.1 1658  1.3 2317  0.1
22  Tu        817 0529  1.3 1138  0.1 1754  1.3 9999  9.9
23  We        817 0012  0.1 0623  1.3 1232  0.1 1848  1.3
24  Th        817 0105  0.1 0717  1.3 1326  0.1 1940  1.3
25  Fr        817 0157  0.1 0808  1.2 1418  0.1 2032  1.3
26  Sa        817 0248  0.1 0859  1.2 1508  0.2 2122  1.2
27  Su        817 0337  0.2 0948  1.2 1558  0.2 2211  1.2
28  Mo        817 0425  0.2 1036  1.2 1647  0.2 2259  1.1
29  Tu        817 0512  0.3 1124  1.1 1736  0.3 2347  1.1
30  We        817 0559  0.3 1212  1.1 1825  0.3 9999  9.9
31  Th        817 0036  1.1 0646  0.3 1300  1.1 1914  0.3
 1  Fr        917 0125  1.1 0734  0.3 1347  1.1 2003  0.3
 2  Sa        917 0214  1.1 0821  0.3 1435  1.1 2052  0.3
 3  Su        917 0302  1.1 0909  0.3 1522  1.1 2140  0.3
 4  Mo        917 0350  1.1 0955  0.3 1608  1.1 2226  0.2
 5  Tu        917 0436  1.1 1041  0.3 1654  1.2 2312  0.2
 6  We        917 0522  1.1 1127  0.3 1740  1.2 2357  0.2
 7  Th        917 0607  1.1 1213  0.2 1826  1.2 9999  9.9
 8  Fr        917 0043  0.2 0653  1.2 1301  0.2 1914  1.2
 9  Sa        917 0130  0.2 0741  1.2 1350  0.2 2003  1.2
10  Su        917 0219  0.1 0830  1.2 1440  0.1 2054  1.3
11  Mo        917 0308  0.1 0920  1.3 1532  0.1 2146  1.3
12  Tu        917 0359  0.1 1012  1.3 1626  0.1 2240  1.3
13  We        917 0452  0.1 1106  1.3 1721  0.1 2335  1.2
14  Th        917 0546  0.1 1200  1.3 1818  0.1 9999  9.9
15  Fr        917 0031  1.2 0641  0.2 1256  1.3 1914  0.1
16  Sa        917 0127  1.2 0737  0.2 1353  1.3 2012  0.1
17  Su        917 0224  1.2 0834  0.2 1450  1.3 2108  0.1
18  Mo        917 0320  1.2 0930  0.1 1546  1.3 2204  0.1
19  Tu        917 0416  1.2 1025  0.1 1641  1.3 2258  0.1
20  We        917 0510  1.2 1119  0.1 1734  1.3 2351  0.1
21  Th        917 0602  1.2 1211  0.1 1826  1.3 9999  9.9
22  Fr        917 0041  0.1 0652  1.2 1302  0.2 1916  1.2
23  Sa        917 0131  0.2 0741  1.2 1352  0.2 2005  1.2
24  Su        917 0218  0.2 0829  1.2 1440  0.2 2052  1.2
25  Mo        917 0304  0.2 0915  1.2 1527  0.2 2139  1.1
26  Tu        917 0350  0.3 1001  1.1 1614  0.2 2225  1.1
27  We        917 0435  0.3 1047  1.1 1700  0.3 2312  1.1
28  Th        917 0520  0.3 1133  1.1 1748  0.3 2359  1.1
29  Fr        917 0607  0.3 1220  1.1 1836  0.3 9999  9.9
30  Sa        917 0047  1.1 0654  0.3 1307  1.1 1925  0.3
 1  Su       1017 0136  1.1 0742  0.3 1355  1.1 2013  0.3
 2  Mo       1017 0224  1.1 0830  0.3 1443  1.1 2101  0.3
 3  Tu       1017 0312  1.1 0917  0.3 1531  1.1 2149  0.2
 4  We       1017 0359  1.1 1005  0.3 1619  1.2 2236  0.2
 5  Th       1017 0447  1.1 1054  0.2 1708  1.2 2324  0.2
 6  Fr       1017 0535  1.2 1144  0.2 1758  1.2 9999  9.9
 7  Sa       1017 0013  0.2 0624  1.2 1235  0.1 1849  1.3
 8  Su       1017 0103  0.1 0715  1.3 1327  0.1 1941  1.3
 9  Mo       1017 0154  0.1 0806  1.3 1420  0.1 2034  1.3
10  Tu       1017 0246  0.1 0859  1.3 1515  0.1 2129  1.3
11  We       1017 0340  0.1 0953  1.3 1610  0.1 2224  1.3
12  Th       1017 0434  0.1 1049  1.3 1706  0.1 2320  1.3
13  Fr       1017 0530  0.1 1144  1.3 1803  0.1 9999  9.9
14  Sa       1017 0016  1.3 0626  0.1 1241  1.3 1900  0.1
15  Su       1017 0113  1.2 0722  0.2 1337  1.3 1956  0.1
16  Mo       1017 0209  1.2 0818  0.2 1433  1.3 2051  0.1
17  Tu       1017 0304  1.2 0913  0.2 1528  1.2 2145  0.2
18  We       1017 0357  1.2 1007  0.2 1622  1.2 2238  0.2
19  Th       1017 0449  1.2 1100  0.2 1714  1.2 2328  0.2
20  Fr       1017 0539  1.2 1150  0.2 1804  1.2 9999  9.9
21  Sa       1017 0017  0.2 0628  1.2 1239  0.2 1852  1.2
22  Su       1017 0103  0.2 0714  1.2 1326  0.2 1938  1.1
23  Mo       1017 0148  0.2 0759  1.2 1412  0.2 2023  1.1
24  Tu       1017 0232  0.3 0844  1.2 1457  0.2 2108  1.1
25  We       1017 0316  0.3 0927  1.1 1542  0.2 2153  1.1
26  Th       1017 0400  0.3 1011  1.1 1627  0.3 2238  1.1
27  Fr       1017 0444  0.3 1056  1.1 1713  0.3 2324  1.1
28  Sa       1017 0529  0.3 1141  1.1 1759  0.3 9999  9.9
29  Su       1017 0011  1.1 0615  0.3 1227  1.1 1846  0.3
30  Mo       1017 0058  1.1 0702  0.3 1315  1.1 1934  0.3
31  Tu       1017 0145  1.1 0751  0.3 1403  1.1 2022  0.3
 1  We       1117 0233  1.1 0840  0.3 1453  1.1 2111  0.2
 2  Th       1117 0323  1.1 0931  0.2 1544  1.2 2200  0.2
 3  Fr       1117 0413  1.2 1023  0.2 1636  1.2 2251  0.2
 4  Sa       1117 0504  1.2 1116  0.1 1730  1.3 2343  0.1
 5  Su       1117 0556  1.3 1211  0.1 1824  1.3 9999  9.9
 6  Mo       1117 0037  0.1 0650  1.3 1306  0.0 1920  1.3
 7  Tu       1117 0131  0.1 0745  1.4 1401  0.0 2015  1.3
 8  We       1117 0226  0.1 0840  1.4 1458  0.0 2111  1.3
 9  Th       1117 0321  0.1 0935  1.4 1554  0.0 2208  1.3
10  Fr       1117 0417  0.1 1031  1.4 1650  0.0 2304  1.3
11  Sa       1117 0513  0.1 1127  1.3 1746  0.1 9999  9.9
12  Su       1117 0000  1.3 0609  0.1 1223  1.3 1842  0.1
13  Mo       1117 0055  1.2 0705  0.2 1319  1.3 1937  0.1
14  Tu       1117 0150  1.2 0800  0.2 1414  1.2 2031  0.2
15  We       1117 0244  1.2 0854  0.2 1508  1.2 2124  0.2
16  Th       1117 0336  1.2 0947  0.2 1600  1.2 2214  0.2
17  Fr       1117 0427  1.2 1038  0.2 1651  1.1 2303  0.2
18  Sa       1117 0515  1.2 1128  0.2 1740  1.1 2350  0.3
19  Su       1117 0602  1.1 1215  0.2 1826  1.1 9999  9.9
20  Mo       1117 0036  0.3 0647  1.1 1301  0.2 1912  1.1
21  Tu       1117 0119  0.3 0731  1.1 1345  0.2 1956  1.1
22  We       1117 0202  0.3 0814  1.1 1429  0.2 2040  1.1
23  Th       1117 0245  0.3 0856  1.1 1513  0.2 2123  1.1
24  Fr       1117 0327  0.3 0939  1.1 1556  0.2 2207  1.1
25  Sa       1117 0410  0.3 1022  1.1 1640  0.3 2251  1.1
26  Su       1117 0454  0.3 1106  1.1 1725  0.3 2336  1.1
27  Mo       1117 0539  0.3 1151  1.1 1810  0.3 9999  9.9
28  Tu       1117 0021  1.1 0626  0.3 1238  1.1 1856  0.3
29  We       1117 0108  1.1 0714  0.3 1327  1.1 1944  0.2
30  Th       1117 0157  1.1 0806  0.2 1418  1.2 2035  0.2
 1  Fr       1217 0248  1.2 0859  0.2 1512  1.2 2127  0.2
 2  Sa       1217 0341  1.2 0954  0.2 1608  1.2 2221  0.2
 3  Su       1217 0435  1.3 1051  0.1 1704  1.3 2316  0.1
 4  Mo       1217 0531  1.3 1148  0.1 1801  1.3 9999  9.9
 5  Tu       1217 0012  0.1 0627  1.4 1245  0.0 1859  1.3
 6  We       1217 0109  0.1 0724  1.4 1342  0.0 1956  1.3
 7  Th       1217 0205  0.1 0820  1.4 1439  0.0 2053  1.3
 8  Fr       1217 0302  0.1 0917  1.4 1536  0.0 2149  1.3
 9  Sa       1217 0358  0.1 1013  1.4 1632  0.0 2245  1.3
10  Su       1217 0454  0.1 1108  1.3 1727  0.1 2340  1.3
11  Mo       1217 0549  0.1 1203  1.3 1821  0.1 9999  9.9
12  Tu       1217 0035  1.2 0644  0.2 1258  1.2 1915  0.2
13  We       1217 0128  1.2 0738  0.2 1352  1.2 2007  0.2
14  Th       1217 0220  1.2 0831  0.2 1444  1.1 2058  0.2
15  Fr       1217 0311  1.1 0923  0.3 1535  1.1 2148  0.3
16  Sa       1217 0401  1.1 1014  0.3 1625  1.1 2236  0.3
17  Su       1217 0448  1.1 1102  0.3 1713  1.1 2322  0.3
18  Mo       1217 0535  1.1 1149  0.3 1800  1.1 9999  9.9
19  Tu       1217 0007  0.3 0619  1.1 1235  0.3 1845  1.1
20  We       1217 0050  0.3 0702  1.1 1319  0.3 1929  1.1
21  Th       1217 0133  0.3 0745  1.1 1402  0.2 2012  1.1
22  Fr       1217 0215  0.3 0827  1.1 1445  0.2 2055  1.1
23  Sa       1217 0257  0.3 0909  1.1 1527  0.2 2137  1.1
24  Su       1217 0339  0.3 0951  1.1 1610  0.2 2220  1.1
25  Mo       1217 0423  0.3 1034  1.1 1653  0.2 2304  1.1
26  Tu       1217 0508  0.3 1119  1.1 1737  0.2 2349  1.1
27  We       1217 0555  0.3 1206  1.1 1823  0.2 9999  9.9
28  Th       1217 0036  1.1 0644  0.2 1256  1.2 1912  0.2
29  Fr       1217 0126  1.2 0737  0.2 1349  1.2 2003  0.2
30  Sa       1217 0218  1.2 0832  0.2 1445  1.2 2058  0.2
31  Su       1217 0313  1.2 0929  0.1 1542  1.2 2154  0.1
