354Green Island
Based on data from  1-Jul-2008
Local Std Time, tidal heights in metres.
 1  Tu        119 0514  0.3 1128  1.9 1740  0.3 2354  1.9
 2  We        119 0610  0.3 1221  1.8 1830  0.3 9999  9.9
 3  Th        119 0046  1.9 0702  0.3 1309  1.8 1918  0.3
 4  Fr        119 0135  1.9 0749  0.4 1354  1.8 2002  0.3
 5  Sa        119 0221  1.9 0834  0.4 1436  1.8 2045  0.3
 6  Su        119 0304  1.9 0915  0.4 1517  1.8 2127  0.3
 7  Mo        119 0345  1.9 0956  0.4 1558  1.8 2208  0.4
 8  Tu        119 0426  1.8 1036  0.4 1639  1.7 2250  0.4
 9  We        119 0506  1.8 1116  0.5 1721  1.7 2332  0.4
10  Th        119 0547  1.8 1159  0.5 1805  1.7 9999  9.9
11  Fr        119 0015  0.5 0629  1.7 1243  0.5 1851  1.6
12  Sa        119 0100  0.5 0714  1.7 1330  0.5 1939  1.6
13  Su        119 0147  0.5 0802  1.7 1419  0.6 2029  1.6
14  Mo        119 0237  0.5 0852  1.6 1509  0.6 2119  1.6
15  Tu        119 0329  0.5 0944  1.7 1559  0.5 2210  1.7
16  We        119 0423  0.5 1037  1.7 1649  0.5 2302  1.7
17  Th        119 0516  0.5 1128  1.7 1738  0.4 2353  1.8
18  Fr        119 0609  0.4 1218  1.8 1828  0.3 9999  9.9
19  Sa        119 0045  1.9 0701  0.3 1308  1.9 1918  0.2
20  Su        119 0137  2.0 0753  0.2 1359  2.0 2010  0.1
21  Mo        119 0230  2.1 0844  0.1 1450  2.1 2103  0.0
22  Tu        119 0323  2.2 0936  0.1 1543  2.1 2157  0.0
23  We        119 0416  2.2 1030  0.1 1638  2.1 2253  0.0
24  Th        119 0511  2.2 1124  0.1 1735  2.1 2350  0.0
25  Fr        119 0607  2.1 1221  0.1 1834  2.0 9999  9.9
26  Sa        119 0048  0.1 0705  2.0 1321  0.2 1934  2.0
27  Su        119 0148  0.2 0805  1.9 1422  0.3 2036  1.9
28  Mo        119 0251  0.3 0907  1.9 1524  0.3 2138  1.9
29  Tu        119 0354  0.4 1009  1.8 1623  0.4 2239  1.8
30  We        119 0456  0.4 1108  1.8 1720  0.4 2336  1.8
31  Th        119 0553  0.4 1202  1.8 1811  0.4 9999  9.9
 1  Fr        219 0029  1.8 0645  0.4 1250  1.8 1858  0.4
 2  Sa        219 0117  1.8 0731  0.4 1334  1.8 1942  0.4
 3  Su        219 0201  1.8 0812  0.4 1414  1.8 2023  0.4
 4  Mo        219 0241  1.9 0851  0.4 1453  1.8 2103  0.4
 5  Tu        219 0320  1.9 0929  0.4 1531  1.8 2142  0.4
 6  We        219 0357  1.8 1006  0.4 1610  1.8 2220  0.4
 7  Th        219 0434  1.8 1043  0.4 1649  1.7 2259  0.4
 8  Fr        219 0512  1.8 1122  0.5 1729  1.7 2339  0.4
 9  Sa        219 0551  1.7 1203  0.5 1812  1.7 9999  9.9
10  Su        219 0021  0.5 0634  1.7 1247  0.5 1857  1.6
11  Mo        219 0107  0.5 0720  1.7 1334  0.6 1947  1.6
12  Tu        219 0157  0.5 0811  1.6 1426  0.6 2040  1.6
13  We        219 0253  0.5 0907  1.6 1521  0.5 2136  1.7
14  Th        219 0351  0.5 1004  1.7 1616  0.5 2233  1.8
15  Fr        219 0450  0.5 1101  1.7 1711  0.4 2329  1.9
16  Sa        219 0547  0.4 1155  1.8 1805  0.3 9999  9.9
17  Su        219 0025  2.0 0641  0.3 1248  1.9 1858  0.2
18  Mo        219 0119  2.1 0734  0.2 1340  2.0 1952  0.1
19  Tu        219 0211  2.2 0825  0.1 1431  2.1 2045  0.0
20  We        219 0304  2.2 0916  0.0 1524  2.2 2139 -0.1
21  Th        219 0356  2.2 1008  0.0 1618  2.2 2233  0.0
22  Fr        219 0449  2.2 1101  0.1 1713  2.1 2328  0.0
23  Sa        219 0543  2.1 1156  0.1 1810  2.0 9999  9.9
24  Su        219 0025  0.1 0640  2.0 1254  0.2 1909  2.0
25  Mo        219 0124  0.2 0739  1.9 1354  0.3 2011  1.9
26  Tu        219 0226  0.3 0841  1.8 1457  0.4 2113  1.8
27  We        219 0331  0.4 0945  1.7 1558  0.4 2215  1.8
28  Th        219 0434  0.5 1045  1.7 1655  0.4 2313  1.8
 1  Fr        319 0531  0.5 1139  1.7 1747  0.4 9999  9.9
 2  Sa        319 0006  1.8 0622  0.5 1226  1.7 1834  0.4
 3  Su        319 0053  1.8 0706  0.4 1309  1.7 1917  0.4
 4  Mo        319 0135  1.8 0746  0.4 1348  1.8 1957  0.4
 5  Tu        319 0213  1.8 0822  0.4 1426  1.8 2035  0.4
 6  We        319 0250  1.8 0858  0.4 1502  1.8 2112  0.4
 7  Th        319 0325  1.8 0933  0.4 1539  1.8 2149  0.4
 8  Fr        319 0401  1.8 1009  0.4 1616  1.8 2227  0.4
 9  Sa        319 0438  1.8 1046  0.4 1655  1.7 2306  0.4
10  Su        319 0516  1.8 1126  0.5 1737  1.7 2348  0.5
11  Mo        319 0558  1.7 1209  0.5 1823  1.7 9999  9.9
12  Tu        319 0035  0.5 0645  1.7 1258  0.5 1914  1.7
13  We        319 0127  0.5 0739  1.6 1353  0.5 2010  1.7
14  Th        319 0226  0.5 0838  1.6 1451  0.5 2110  1.7
15  Fr        319 0328  0.5 0940  1.7 1551  0.4 2211  1.8
16  Sa        319 0430  0.5 1040  1.7 1650  0.4 2310  1.9
17  Su        319 0528  0.4 1136  1.8 1746  0.2 9999  9.9
18  Mo        319 0007  2.0 0623  0.3 1229  1.9 1841  0.1
19  Tu        319 0101  2.1 0714  0.1 1321  2.1 1934  0.0
20  We        319 0153  2.2 0805  0.1 1413  2.1 2027  0.0
21  Th        319 0244  2.2 0855  0.0 1505  2.2 2120  0.0
22  Fr        319 0335  2.2 0945  0.0 1557  2.2 2213  0.0
23  Sa        319 0426  2.1 1037  0.1 1651  2.1 2306  0.1
24  Su        319 0518  2.0 1130  0.2 1746  2.0 9999  9.9
25  Mo        319 0002  0.2 0613  1.9 1226  0.3 1844  1.9
26  Tu        319 0059  0.3 0711  1.8 1325  0.4 1944  1.8
27  We        319 0200  0.4 0812  1.7 1426  0.4 2045  1.8
28  Th        319 0303  0.5 0915  1.7 1527  0.5 2146  1.7
29  Fr        319 0405  0.5 1015  1.6 1624  0.5 2243  1.7
30  Sa        319 0501  0.5 1108  1.7 1716  0.5 2334  1.7
31  Su        319 0551  0.5 1156  1.7 1803  0.4 9999  9.9
 1  Mo        419 0020  1.8 0634  0.5 1238  1.7 1846  0.4
 2  Tu        419 0102  1.8 0713  0.4 1317  1.8 1926  0.4
 3  We        419 0140  1.8 0749  0.4 1354  1.8 2004  0.4
 4  Th        419 0216  1.8 0824  0.4 1430  1.8 2041  0.4
 5  Fr        419 0252  1.8 0859  0.4 1507  1.8 2118  0.4
 6  Sa        419 0328  1.8 0935  0.4 1545  1.8 2157  0.4
 7  Su        419 0405  1.8 1013  0.4 1625  1.8 2238  0.4
 8  Mo        419 0445  1.8 1054  0.4 1709  1.8 2322  0.4
 9  Tu        419 0529  1.7 1140  0.4 1757  1.8 9999  9.9
10  We        419 0011  0.5 0619  1.7 1231  0.5 1850  1.8
11  Th        419 0106  0.5 0715  1.6 1329  0.5 1949  1.8
12  Fr        419 0207  0.5 0818  1.6 1430  0.4 2050  1.8
13  Sa        419 0310  0.5 0921  1.7 1532  0.4 2153  1.8
14  Su        419 0413  0.4 1022  1.8 1632  0.3 2253  1.9
15  Mo        419 0511  0.3 1118  1.9 1729  0.2 2349  2.0
16  Tu        419 0604  0.2 1212  2.0 1824  0.1 9999  9.9
17  We        419 0043  2.1 0655  0.2 1304  2.1 1918  0.1
18  Th        419 0134  2.1 0745  0.1 1355  2.1 2010  0.0
19  Fr        419 0224  2.1 0834  0.1 1446  2.1 2101  0.0
20  Sa        419 0313  2.1 0923  0.1 1537  2.1 2153  0.1
21  Su        419 0403  2.0 1013  0.1 1630  2.1 2245  0.2
22  Mo        419 0454  2.0 1105  0.2 1723  2.0 2338  0.3
23  Tu        419 0546  1.8 1159  0.3 1818  1.9 9999  9.9
24  We        419 0033  0.4 0642  1.7 1255  0.4 1914  1.8
25  Th        419 0130  0.5 0740  1.7 1353  0.5 2011  1.7
26  Fr        419 0229  0.5 0840  1.6 1450  0.5 2109  1.7
27  Sa        419 0328  0.5 0937  1.6 1546  0.5 2204  1.7
28  Su        419 0423  0.5 1030  1.6 1637  0.5 2255  1.7
29  Mo        419 0512  0.5 1118  1.7 1725  0.5 2341  1.7
30  Tu        419 0555  0.5 1201  1.7 1808  0.5 9999  9.9
 1  We        519 0023  1.8 0635  0.4 1241  1.7 1850  0.4
 2  Th        519 0103  1.8 0712  0.4 1319  1.8 1930  0.4
 3  Fr        519 0141  1.8 0749  0.4 1357  1.8 2009  0.4
 4  Sa        519 0218  1.8 0825  0.3 1436  1.8 2048  0.3
 5  Su        519 0256  1.8 0903  0.3 1516  1.9 2129  0.3
 6  Mo        519 0336  1.8 0944  0.3 1559  1.9 2213  0.3
 7  Tu        519 0419  1.8 1028  0.3 1646  1.9 2301  0.4
 8  We        519 0507  1.8 1118  0.4 1737  1.9 2352  0.4
 9  Th        519 0559  1.7 1212  0.4 1833  1.9 9999  9.9
10  Fr        519 0049  0.4 0658  1.7 1311  0.4 1932  1.9
11  Sa        519 0150  0.4 0800  1.7 1413  0.4 2033  1.9
12  Su        519 0253  0.4 0903  1.8 1515  0.3 2135  1.9
13  Mo        519 0354  0.4 1004  1.8 1615  0.3 2235  1.9
14  Tu        519 0452  0.3 1101  1.9 1713  0.2 2332  2.0
15  We        519 0546  0.2 1155  2.0 1809  0.2 9999  9.9
16  Th        519 0025  2.0 0637  0.2 1247  2.0 1902  0.1
17  Fr        519 0116  2.0 0726  0.1 1339  2.1 1954  0.1
18  Sa        519 0205  2.0 0814  0.1 1429  2.1 2045  0.2
19  Su        519 0253  2.0 0903  0.2 1520  2.0 2135  0.2
20  Mo        519 0341  1.9 0951  0.2 1610  2.0 2224  0.3
21  Tu        519 0430  1.9 1041  0.3 1700  1.9 2314  0.3
22  We        519 0519  1.8 1131  0.3 1751  1.9 9999  9.9
23  Th        519 0004  0.4 0611  1.7 1223  0.4 1842  1.8
24  Fr        519 0056  0.5 0704  1.6 1316  0.5 1933  1.7
25  Sa        519 0150  0.5 0759  1.6 1409  0.5 2026  1.7
26  Su        519 0244  0.6 0853  1.6 1501  0.5 2118  1.7
27  Mo        519 0337  0.6 0945  1.6 1552  0.5 2209  1.7
28  Tu        519 0426  0.5 1034  1.6 1641  0.5 2257  1.7
29  We        519 0512  0.5 1119  1.7 1727  0.5 2342  1.7
30  Th        519 0554  0.5 1202  1.7 1812  0.5 9999  9.9
31  Fr        519 0024  1.8 0634  0.4 1243  1.8 1855  0.4
 1  Sa        619 0105  1.8 0713  0.4 1324  1.8 1937  0.4
 2  Su        619 0145  1.8 0752  0.3 1406  1.9 2020  0.3
 3  Mo        619 0226  1.8 0834  0.3 1451  1.9 2105  0.3
 4  Tu        619 0310  1.9 0919  0.3 1537  2.0 2152  0.3
 5  We        619 0357  1.9 1007  0.2 1627  2.0 2242  0.3
 6  Th        619 0447  1.9 1059  0.2 1720  2.0 2335  0.3
 7  Fr        619 0542  1.8 1155  0.2 1816  2.0 9999  9.9
 8  Sa        619 0032  0.3 0641  1.8 1254  0.3 1914  2.0
 9  Su        619 0132  0.3 0742  1.8 1355  0.3 2015  1.9
10  Mo        619 0233  0.3 0844  1.8 1456  0.3 2116  1.9
11  Tu        619 0334  0.3 0945  1.9 1557  0.3 2216  1.9
12  We        619 0432  0.3 1043  1.9 1657  0.3 2314  1.9
13  Th        619 0528  0.3 1139  1.9 1754  0.2 9999  9.9
14  Fr        619 0009  1.9 0619  0.2 1233  2.0 1849  0.2
15  Sa        619 0100  1.9 0709  0.2 1325  2.0 1941  0.2
16  Su        619 0148  1.9 0757  0.2 1415  2.0 2030  0.3
17  Mo        619 0235  1.9 0845  0.2 1503  2.0 2117  0.3
18  Tu        619 0321  1.9 0931  0.3 1551  1.9 2203  0.3
19  We        619 0407  1.8 1017  0.3 1637  1.9 2248  0.4
20  Th        619 0452  1.8 1104  0.4 1722  1.8 2334  0.4
21  Fr        619 0539  1.7 1150  0.4 1807  1.8 9999  9.9
22  Sa        619 0020  0.5 0627  1.7 1237  0.5 1853  1.7
23  Su        619 0108  0.5 0716  1.6 1325  0.5 1940  1.7
24  Mo        619 0157  0.6 0806  1.6 1414  0.5 2030  1.7
25  Tu        619 0248  0.6 0857  1.6 1504  0.5 2120  1.7
26  We        619 0338  0.6 0947  1.6 1555  0.5 2210  1.7
27  Th        619 0426  0.5 1035  1.6 1645  0.5 2259  1.7
28  Fr        619 0512  0.5 1121  1.7 1733  0.5 2345  1.7
29  Sa        619 0555  0.4 1207  1.8 1821  0.4 9999  9.9
30  Su        619 0030  1.8 0638  0.4 1253  1.8 1908  0.4
 1  Mo        719 0115  1.8 0723  0.3 1340  1.9 1955  0.3
 2  Tu        719 0200  1.9 0809  0.2 1428  2.0 2042  0.2
 3  We        719 0247  1.9 0857  0.2 1517  2.1 2131  0.2
 4  Th        719 0336  2.0 0948  0.1 1609  2.1 2222  0.2
 5  Fr        719 0429  2.0 1042  0.1 1702  2.1 2316  0.2
 6  Sa        719 0524  2.0 1138  0.1 1757  2.1 9999  9.9
 7  Su        719 0011  0.2 0621  2.0 1235  0.1 1854  2.0
 8  Mo        719 0110  0.2 0721  1.9 1335  0.2 1953  2.0
 9  Tu        719 0211  0.3 0823  1.9 1437  0.2 2055  1.9
10  We        719 0312  0.3 0925  1.9 1539  0.3 2157  1.9
11  Th        719 0412  0.3 1025  1.9 1641  0.3 2256  1.9
12  Fr        719 0509  0.3 1124  1.9 1741  0.3 2353  1.8
13  Sa        719 0603  0.3 1219  1.9 1836  0.3 9999  9.9
14  Su        719 0045  1.8 0654  0.3 1312  1.9 1927  0.3
15  Mo        719 0133  1.8 0742  0.3 1401  1.9 2014  0.3
16  Tu        719 0218  1.8 0827  0.3 1446  1.9 2058  0.3
17  We        719 0301  1.8 0911  0.3 1530  1.9 2140  0.4
18  Th        719 0343  1.8 0953  0.3 1611  1.9 2221  0.4
19  Fr        719 0424  1.8 1035  0.4 1651  1.8 2301  0.4
20  Sa        719 0506  1.7 1117  0.4 1731  1.8 2342  0.5
21  Su        719 0549  1.7 1159  0.4 1813  1.8 9999  9.9
22  Mo        719 0025  0.5 0634  1.7 1243  0.5 1856  1.7
23  Tu        719 0111  0.5 0721  1.6 1329  0.5 1943  1.7
24  We        719 0159  0.6 0810  1.6 1418  0.6 2033  1.6
25  Th        719 0249  0.6 0900  1.6 1510  0.6 2125  1.6
26  Fr        719 0340  0.6 0952  1.6 1604  0.6 2218  1.6
27  Sa        719 0430  0.5 1043  1.7 1658  0.5 2309  1.7
28  Su        719 0519  0.5 1134  1.8 1750  0.4 2359  1.7
29  Mo        719 0608  0.4 1225  1.9 1841  0.4 9999  9.9
30  Tu        719 0047  1.8 0656  0.3 1315  2.0 1931  0.3
31  We        719 0136  1.9 0746  0.2 1406  2.1 2020  0.2
 1  Th        819 0225  2.0 0837  0.1 1457  2.1 2110  0.1
 2  Fr        819 0316  2.1 0929  0.0 1548  2.2 2201  0.1
 3  Sa        819 0409  2.1 1023  0.0 1641  2.2 2254  0.1
 4  Su        819 0503  2.1 1118  0.0 1735  2.2 2348  0.1
 5  Mo        819 0600  2.1 1215  0.1 1831  2.1 9999  9.9
 6  Tu        819 0046  0.2 0659  2.0 1314  0.2 1930  2.0
 7  We        819 0146  0.2 0801  2.0 1416  0.2 2032  1.9
 8  Th        819 0248  0.3 0904  1.9 1520  0.3 2136  1.8
 9  Fr        819 0351  0.3 1007  1.9 1624  0.4 2238  1.8
10  Sa        819 0450  0.3 1107  1.9 1726  0.4 2336  1.8
11  Su        819 0546  0.3 1204  1.9 1821  0.4 9999  9.9
12  Mo        819 0028  1.8 0637  0.3 1256  1.9 1911  0.4
13  Tu        819 0115  1.8 0723  0.3 1342  1.9 1955  0.4
14  We        819 0157  1.8 0807  0.3 1425  1.9 2035  0.4
15  Th        819 0238  1.8 0848  0.3 1504  1.9 2113  0.4
16  Fr        819 0316  1.8 0927  0.3 1542  1.9 2150  0.4
17  Sa        819 0355  1.8 1005  0.3 1619  1.8 2227  0.4
18  Su        819 0433  1.8 1044  0.4 1656  1.8 2305  0.4
19  Mo        819 0513  1.7 1123  0.4 1735  1.8 2345  0.5
20  Tu        819 0555  1.7 1205  0.5 1816  1.7 9999  9.9
21  We        819 0028  0.5 0639  1.7 1249  0.5 1900  1.7
22  Th        819 0114  0.6 0727  1.6 1338  0.6 1950  1.6
23  Fr        819 0205  0.6 0819  1.6 1431  0.6 2045  1.6
24  Sa        819 0259  0.6 0914  1.7 1529  0.6 2142  1.6
25  Su        819 0354  0.5 1010  1.7 1628  0.5 2238  1.7
26  Mo        819 0448  0.4 1106  1.8 1724  0.4 2332  1.7
27  Tu        819 0541  0.3 1201  1.9 1817  0.3 9999  9.9
28  We        819 0023  1.9 0633  0.2 1253  2.0 1908  0.2
29  Th        819 0114  2.0 0725  0.1 1345  2.1 1958  0.1
30  Fr        819 0204  2.1 0817  0.0 1436  2.2 2048  0.0
31  Sa        819 0255  2.1 0910  0.0 1527  2.2 2138  0.0
 1  Su        919 0348  2.2 1003 -0.1 1619  2.2 2230  0.0
 2  Mo        919 0442  2.2 1057  0.0 1712  2.2 2324  0.1
 3  Tu        919 0538  2.1 1154  0.1 1807  2.1 9999  9.9
 4  We        919 0021  0.2 0637  2.0 1252  0.2 1906  2.0
 5  Th        919 0121  0.2 0738  2.0 1354  0.3 2009  1.8
 6  Fr        919 0224  0.3 0841  1.9 1459  0.4 2113  1.8
 7  Sa        919 0327  0.4 0945  1.8 1605  0.4 2217  1.7
 8  Su        919 0428  0.4 1047  1.8 1706  0.4 2315  1.7
 9  Mo        919 0524  0.4 1143  1.8 1800  0.4 9999  9.9
10  Tu        919 0006  1.7 0614  0.4 1233  1.8 1848  0.4
11  We        919 0051  1.8 0700  0.4 1317  1.8 1929  0.4
12  Th        919 0132  1.8 0741  0.3 1357  1.9 2007  0.4
13  Fr        919 0210  1.8 0820  0.3 1435  1.9 2043  0.4
14  Sa        919 0247  1.8 0858  0.3 1510  1.9 2118  0.4
15  Su        919 0324  1.8 0935  0.3 1546  1.8 2153  0.4
16  Mo        919 0401  1.8 1012  0.4 1622  1.8 2230  0.4
17  Tu        919 0440  1.8 1051  0.4 1700  1.8 2309  0.4
18  We        919 0521  1.7 1132  0.4 1740  1.7 2351  0.5
19  Th        919 0605  1.7 1216  0.5 1825  1.7 9999  9.9
20  Fr        919 0037  0.5 0653  1.7 1306  0.5 1916  1.6
21  Sa        919 0129  0.5 0746  1.7 1402  0.6 2013  1.6
22  Su        919 0226  0.5 0844  1.7 1502  0.5 2113  1.6
23  Mo        919 0325  0.5 0944  1.7 1603  0.5 2213  1.7
24  Tu        919 0422  0.4 1042  1.8 1701  0.4 2309  1.8
25  We        919 0518  0.3 1138  1.9 1755  0.3 9999  9.9
26  Th        919 0001  1.9 0612  0.2 1232  2.0 1846  0.2
27  Fr        919 0053  2.0 0705  0.1 1324  2.1 1936  0.1
28  Sa        919 0144  2.1 0758  0.0 1415  2.2 2025  0.0
29  Su        919 0235  2.2 0850 -0.1 1505  2.2 2116  0.0
30  Mo        919 0327  2.2 0943  0.0 1556  2.2 2207  0.0
 1  Tu       1019 0421  2.2 1037  0.0 1649  2.1 2300  0.1
 2  We       1019 0517  2.1 1133  0.1 1744  2.0 2357  0.2
 3  Th       1019 0614  2.0 1230  0.2 1842  1.9 9999  9.9
 4  Fr       1019 0056  0.3 0715  1.9 1331  0.3 1943  1.8
 5  Sa       1019 0158  0.3 0817  1.9 1435  0.4 2047  1.7
 6  Su       1019 0300  0.4 0919  1.8 1539  0.5 2150  1.7
 7  Mo       1019 0400  0.4 1019  1.8 1639  0.5 2247  1.7
 8  Tu       1019 0455  0.4 1114  1.8 1731  0.5 2337  1.7
 9  We       1019 0544  0.4 1202  1.8 1816  0.4 9999  9.9
10  Th       1019 0021  1.7 0629  0.4 1245  1.8 1857  0.4
11  Fr       1019 0101  1.8 0710  0.4 1325  1.8 1934  0.4
12  Sa       1019 0139  1.8 0749  0.4 1402  1.8 2010  0.4
13  Su       1019 0216  1.8 0827  0.4 1437  1.8 2045  0.4
14  Mo       1019 0253  1.8 0905  0.4 1513  1.8 2120  0.4
15  Tu       1019 0331  1.8 0943  0.4 1550  1.8 2157  0.4
16  We       1019 0410  1.8 1022  0.4 1629  1.8 2237  0.4
17  Th       1019 0452  1.8 1104  0.4 1711  1.7 2320  0.4
18  Fr       1019 0537  1.8 1151  0.5 1757  1.7 9999  9.9
19  Sa       1019 0009  0.5 0628  1.8 1242  0.5 1850  1.6
20  Su       1019 0103  0.5 0722  1.7 1339  0.5 1949  1.6
21  Mo       1019 0201  0.5 0821  1.8 1440  0.5 2050  1.7
22  Tu       1019 0301  0.4 0921  1.8 1541  0.4 2150  1.7
23  We       1019 0400  0.4 1021  1.9 1639  0.4 2247  1.8
24  Th       1019 0458  0.3 1118  2.0 1733  0.3 2341  1.9
25  Fr       1019 0553  0.2 1211  2.0 1825  0.2 9999  9.9
26  Sa       1019 0033  2.0 0647  0.1 1303  2.1 1915  0.1
27  Su       1019 0125  2.1 0740  0.0 1354  2.1 2004  0.0
28  Mo       1019 0217  2.2 0832  0.0 1445  2.2 2054  0.0
29  Tu       1019 0309  2.2 0925  0.0 1535  2.1 2145  0.1
30  We       1019 0402  2.2 1018  0.1 1627  2.0 2238  0.1
31  Th       1019 0457  2.1 1112  0.2 1721  1.9 2333  0.2
 1  Fr       1119 0553  2.0 1208  0.3 1817  1.8 9999  9.9
 2  Sa       1119 0030  0.3 0650  1.9 1306  0.4 1916  1.7
 3  Su       1119 0129  0.4 0748  1.8 1406  0.5 2016  1.7
 4  Mo       1119 0228  0.4 0847  1.8 1506  0.5 2115  1.7
 5  Tu       1119 0325  0.5 0943  1.7 1602  0.5 2210  1.7
 6  We       1119 0418  0.5 1036  1.7 1653  0.5 2300  1.7
 7  Th       1119 0507  0.5 1124  1.7 1738  0.5 2344  1.7
 8  Fr       1119 0553  0.4 1208  1.8 1819  0.4 9999  9.9
 9  Sa       1119 0026  1.8 0635  0.4 1248  1.8 1858  0.4
10  Su       1119 0106  1.8 0716  0.4 1327  1.8 1935  0.4
11  Mo       1119 0144  1.8 0756  0.4 1404  1.8 2012  0.4
12  Tu       1119 0223  1.8 0835  0.4 1442  1.8 2049  0.4
13  We       1119 0302  1.8 0915  0.4 1521  1.8 2128  0.4
14  Th       1119 0344  1.9 0957  0.4 1602  1.8 2210  0.4
15  Fr       1119 0428  1.9 1042  0.4 1646  1.8 2257  0.4
16  Sa       1119 0516  1.9 1130  0.4 1736  1.7 2347  0.4
17  Su       1119 0608  1.8 1223  0.4 1830  1.7 9999  9.9
18  Mo       1119 0042  0.4 0703  1.8 1320  0.4 1929  1.7
19  Tu       1119 0141  0.4 0801  1.9 1420  0.4 2029  1.7
20  We       1119 0241  0.3 0901  1.9 1520  0.4 2129  1.8
21  Th       1119 0340  0.3 1000  1.9 1618  0.3 2227  1.9
22  Fr       1119 0439  0.3 1058  1.9 1713  0.3 2322  1.9
23  Sa       1119 0536  0.2 1153  2.0 1805  0.2 9999  9.9
24  Su       1119 0016  2.0 0631  0.1 1245  2.0 1856  0.1
25  Mo       1119 0109  2.1 0725  0.1 1336  2.0 1946  0.1
26  Tu       1119 0201  2.1 0817  0.1 1426  2.0 2036  0.1
27  We       1119 0253  2.1 0909  0.1 1516  2.0 2127  0.1
28  Th       1119 0346  2.1 1001  0.2 1607  1.9 2218  0.2
29  Fr       1119 0438  2.0 1052  0.3 1658  1.9 2310  0.2
30  Sa       1119 0530  2.0 1144  0.3 1750  1.8 9999  9.9
 1  Su       1219 0003  0.3 0622  1.9 1237  0.4 1845  1.7
 2  Mo       1219 0057  0.4 0715  1.8 1331  0.5 1940  1.7
 3  Tu       1219 0150  0.4 0807  1.8 1425  0.5 2034  1.6
 4  We       1219 0243  0.5 0900  1.7 1518  0.5 2127  1.6
 5  Th       1219 0334  0.5 0951  1.7 1609  0.5 2217  1.7
 6  Fr       1219 0424  0.5 1040  1.7 1656  0.5 2304  1.7
 7  Sa       1219 0512  0.5 1127  1.7 1739  0.5 2348  1.7
 8  Su       1219 0558  0.5 1210  1.7 1820  0.4 9999  9.9
 9  Mo       1219 0030  1.7 0642  0.4 1252  1.8 1900  0.4
10  Tu       1219 0112  1.8 0725  0.4 1332  1.8 1939  0.4
11  We       1219 0153  1.8 0807  0.4 1412  1.8 2020  0.3
12  Th       1219 0236  1.9 0850  0.4 1454  1.8 2102  0.3
13  Fr       1219 0320  1.9 0934  0.3 1538  1.8 2147  0.3
14  Sa       1219 0407  1.9 1021  0.3 1625  1.8 2236  0.3
15  Su       1219 0456  2.0 1110  0.3 1716  1.8 2328  0.3
16  Mo       1219 0548  2.0 1203  0.3 1811  1.8 9999  9.9
17  Tu       1219 0024  0.3 0643  2.0 1259  0.3 1909  1.8
18  We       1219 0121  0.3 0741  1.9 1358  0.3 2008  1.8
19  Th       1219 0221  0.3 0840  1.9 1458  0.3 2109  1.9
20  Fr       1219 0321  0.3 0940  1.9 1557  0.3 2208  1.9
21  Sa       1219 0422  0.3 1039  1.9 1654  0.3 2306  1.9
22  Su       1219 0521  0.3 1136  1.9 1748  0.2 9999  9.9
23  Mo       1219 0002  2.0 0618  0.2 1230  1.9 1840  0.2
24  Tu       1219 0056  2.0 0713  0.2 1322  1.9 1931  0.2
25  We       1219 0149  2.0 0805  0.2 1411  1.9 2021  0.2
26  Th       1219 0240  2.0 0855  0.2 1500  1.9 2110  0.2
27  Fr       1219 0330  2.0 0943  0.3 1547  1.9 2158  0.2
28  Sa       1219 0418  2.0 1030  0.3 1634  1.8 2246  0.3
29  Su       1219 0505  1.9 1117  0.4 1722  1.8 2334  0.3
30  Mo       1219 0551  1.9 1203  0.4 1810  1.7 9999  9.9
31  Tu       1219 0021  0.4 0637  1.8 1251  0.5 1859  1.7
