356French Bay
Based on data from 15-Jan-2008
Local Std Time, tidal heights in metres.
 1  Tu        119 0555  0.7 1206  2.5 1821  0.7 9999  9.9
 2  We        119 0037  2.5 0649  0.7 1301  2.5 1912  0.6
 3  Th        119 0131  2.5 0742  0.6 1354  2.5 2001  0.6
 4  Fr        119 0223  2.5 0833  0.6 1444  2.5 2050  0.6
 5  Sa        119 0311  2.5 0923  0.6 1531  2.4 2138  0.6
 6  Su        119 0356  2.5 1010  0.7 1615  2.4 2224  0.7
 7  Mo        119 0439  2.5 1055  0.7 1658  2.3 2308  0.7
 8  Tu        119 0521  2.4 1137  0.8 1741  2.3 2350  0.8
 9  We        119 0603  2.3 1218  0.8 1823  2.2 9999  9.9
10  Th        119 0030  0.9 0645  2.3 1257  0.9 1907  2.2
11  Fr        119 0110  0.9 0729  2.2 1338  0.9 1952  2.1
12  Sa        119 0153  0.9 0814  2.2 1422  1.0 2038  2.1
13  Su        119 0240  1.0 0901  2.2 1510  1.0 2124  2.1
14  Mo        119 0332  1.0 0949  2.2 1602  1.0 2212  2.2
15  Tu        119 0427  0.9 1038  2.2 1653  0.9 2301  2.2
16  We        119 0521  0.9 1128  2.2 1743  0.8 2352  2.3
17  Th        119 0612  0.8 1219  2.3 1831  0.7 9999  9.9
18  Fr        119 0044  2.4 0702  0.7 1311  2.3 1920  0.6
19  Sa        119 0137  2.5 0753  0.7 1403  2.4 2011  0.6
20  Su        119 0229  2.6 0846  0.6 1455  2.5 2103  0.5
21  Mo        119 0321  2.7 0940  0.5 1546  2.6 2158  0.5
22  Tu        119 0413  2.8 1034  0.5 1639  2.7 2253  0.5
23  We        119 0506  2.8 1127  0.5 1733  2.7 2347  0.5
24  Th        119 0602  2.8 1220  0.6 1830  2.7 9999  9.9
25  Fr        119 0042  0.5 0659  2.8 1314  0.6 1929  2.7
26  Sa        119 0138  0.6 0757  2.7 1409  0.7 2029  2.6
27  Su        119 0236  0.7 0855  2.6 1507  0.7 2127  2.6
28  Mo        119 0337  0.7 0952  2.5 1606  0.7 2223  2.6
29  Tu        119 0438  0.8 1048  2.5 1704  0.7 2319  2.5
30  We        119 0535  0.7 1143  2.4 1758  0.7 9999  9.9
31  Th        119 0014  2.5 0629  0.7 1238  2.4 1848  0.7
 1  Fr        219 0108  2.5 0721  0.7 1330  2.4 1936  0.7
 2  Sa        219 0159  2.5 0809  0.7 1420  2.3 2023  0.7
 3  Su        219 0246  2.4 0856  0.7 1505  2.3 2109  0.7
 4  Mo        219 0328  2.4 0941  0.7 1547  2.3 2153  0.7
 5  Tu        219 0409  2.4 1023  0.7 1627  2.3 2235  0.8
 6  We        219 0447  2.3 1103  0.8 1705  2.3 2316  0.8
 7  Th        219 0525  2.3 1142  0.8 1745  2.2 2355  0.8
 8  Fr        219 0605  2.3 1220  0.9 1826  2.2 9999  9.9
 9  Sa        219 0035  0.9 0648  2.2 1300  0.9 1911  2.2
10  Su        219 0118  0.9 0735  2.2 1344  0.9 2000  2.2
11  Mo        219 0205  0.9 0825  2.2 1432  0.9 2050  2.2
12  Tu        219 0258  0.9 0916  2.2 1524  0.9 2141  2.3
13  We        219 0356  0.9 1008  2.2 1620  0.9 2233  2.3
14  Th        219 0453  0.9 1100  2.3 1714  0.8 2326  2.4
15  Fr        219 0548  0.8 1154  2.3 1806  0.7 9999  9.9
16  Sa        219 0020  2.5 0641  0.7 1248  2.4 1857  0.6
17  Su        219 0116  2.6 0733  0.6 1342  2.5 1950  0.5
18  Mo        219 0210  2.7 0826  0.6 1436  2.6 2044  0.5
19  Tu        219 0303  2.7 0920  0.5 1528  2.6 2139  0.5
20  We        219 0355  2.8 1014  0.5 1621  2.7 2235  0.4
21  Th        219 0448  2.8 1107  0.5 1715  2.7 2330  0.5
22  Fr        219 0542  2.8 1200  0.5 1811  2.7 9999  9.9
23  Sa        219 0024  0.5 0638  2.7 1252  0.6 1909  2.7
24  Su        219 0119  0.6 0735  2.7 1346  0.6 2007  2.6
25  Mo        219 0216  0.7 0833  2.6 1442  0.7 2105  2.6
26  Tu        219 0315  0.8 0929  2.5 1540  0.8 2201  2.5
27  We        219 0415  0.8 1025  2.4 1638  0.8 2256  2.5
28  Th        219 0513  0.8 1119  2.3 1733  0.8 2349  2.4
 1  Fr        319 0607  0.8 1213  2.3 1823  0.8 9999  9.9
 2  Sa        319 0042  2.4 0656  0.8 1304  2.3 1909  0.8
 3  Su        319 0131  2.3 0743  0.8 1352  2.2 1954  0.8
 4  Mo        319 0216  2.3 0826  0.8 1436  2.2 2037  0.8
 5  Tu        319 0257  2.3 0908  0.8 1516  2.2 2119  0.8
 6  We        319 0335  2.3 0948  0.8 1553  2.2 2201  0.8
 7  Th        319 0412  2.3 1026  0.8 1630  2.2 2241  0.8
 8  Fr        319 0449  2.3 1105  0.8 1708  2.3 2322  0.8
 9  Sa        319 0529  2.3 1145  0.8 1750  2.3 9999  9.9
10  Su        319 0004  0.8 0613  2.3 1227  0.8 1836  2.3
11  Mo        319 0049  0.8 0701  2.3 1311  0.8 1926  2.3
12  Tu        319 0137  0.9 0753  2.3 1359  0.8 2020  2.3
13  We        319 0230  0.9 0847  2.3 1453  0.8 2114  2.4
14  Th        319 0328  0.9 0941  2.3 1550  0.8 2208  2.4
15  Fr        319 0428  0.8 1036  2.3 1648  0.8 2303  2.5
16  Sa        319 0526  0.8 1131  2.4 1743  0.7 2359  2.5
17  Su        319 0621  0.7 1227  2.4 1837  0.6 9999  9.9
18  Mo        319 0055  2.6 0714  0.6 1323  2.5 1931  0.5
19  Tu        319 0151  2.7 0807  0.6 1418  2.6 2026  0.5
20  We        319 0245  2.7 0900  0.5 1511  2.7 2121  0.5
21  Th        319 0337  2.8 0953  0.5 1604  2.7 2217  0.4
22  Fr        319 0429  2.8 1046  0.5 1657  2.8 2312  0.5
23  Sa        319 0522  2.8 1139  0.5 1751  2.7 9999  9.9
24  Su        319 0006  0.5 0616  2.7 1231  0.6 1847  2.7
25  Mo        319 0059  0.6 0712  2.6 1323  0.6 1945  2.6
26  Tu        319 0154  0.7 0809  2.5 1417  0.7 2042  2.6
27  We        319 0251  0.8 0905  2.4 1513  0.8 2136  2.5
28  Th        319 0350  0.8 1000  2.3 1610  0.8 2229  2.4
29  Fr        319 0447  0.9 1053  2.3 1704  0.9 2320  2.3
30  Sa        319 0540  0.9 1144  2.2 1754  0.9 9999  9.9
31  Su        319 0010  2.3 0628  0.9 1233  2.2 1839  0.8
 1  Mo        419 0058  2.2 0712  0.8 1320  2.2 1922  0.8
 2  Tu        419 0142  2.2 0753  0.8 1402  2.2 2003  0.8
 3  We        419 0223  2.2 0832  0.8 1441  2.2 2044  0.8
 4  Th        419 0300  2.2 0910  0.8 1518  2.2 2126  0.8
 5  Fr        419 0337  2.3 0949  0.8 1555  2.3 2208  0.8
 6  Sa        419 0416  2.3 1030  0.8 1635  2.3 2252  0.8
 7  Su        419 0457  2.3 1112  0.8 1718  2.4 2336  0.8
 8  Mo        419 0542  2.3 1157  0.7 1806  2.4 9999  9.9
 9  Tu        419 0023  0.8 0631  2.3 1243  0.8 1858  2.4
10  We        419 0112  0.8 0725  2.3 1333  0.8 1953  2.5
11  Th        419 0206  0.8 0821  2.3 1426  0.8 2049  2.5
12  Fr        419 0304  0.8 0918  2.3 1524  0.8 2146  2.5
13  Sa        419 0405  0.8 1015  2.4 1624  0.7 2242  2.5
14  Su        419 0505  0.8 1111  2.4 1723  0.7 2339  2.6
15  Mo        419 0601  0.7 1208  2.5 1819  0.6 9999  9.9
16  Tu        419 0036  2.6 0655  0.6 1304  2.5 1913  0.5
17  We        419 0132  2.7 0747  0.6 1400  2.6 2008  0.5
18  Th        419 0226  2.7 0839  0.5 1454  2.7 2104  0.5
19  Fr        419 0319  2.7 0932  0.5 1546  2.7 2159  0.5
20  Sa        419 0410  2.7 1025  0.5 1638  2.8 2254  0.5
21  Su        419 0501  2.7 1117  0.5 1731  2.7 2347  0.6
22  Mo        419 0554  2.6 1208  0.6 1825  2.7 9999  9.9
23  Tu        419 0038  0.6 0648  2.6 1259  0.6 1920  2.6
24  We        419 0131  0.7 0743  2.5 1350  0.7 2015  2.5
25  Th        419 0224  0.8 0838  2.4 1443  0.8 2108  2.4
26  Fr        419 0320  0.9 0932  2.3 1537  0.9 2158  2.3
27  Sa        419 0416  0.9 1022  2.2 1631  0.9 2247  2.3
28  Su        419 0508  0.9 1111  2.1 1721  0.9 2334  2.2
29  Mo        419 0555  0.9 1157  2.1 1806  0.9 9999  9.9
30  Tu        419 0020  2.2 0637  0.9 1241  2.1 1848  0.9
 1  We        519 0104  2.2 0716  0.9 1324  2.1 1929  0.9
 2  Th        519 0145  2.2 0754  0.8 1404  2.2 2010  0.8
 3  Fr        519 0225  2.2 0833  0.8 1443  2.2 2052  0.8
 4  Sa        519 0304  2.3 0913  0.8 1523  2.3 2137  0.7
 5  Su        519 0345  2.3 0957  0.7 1605  2.4 2223  0.7
 6  Mo        519 0428  2.4 1043  0.7 1651  2.5 2311  0.7
 7  Tu        519 0515  2.4 1130  0.7 1740  2.5 9999  9.9
 8  We        519 0000  0.7 0605  2.4 1219  0.7 1833  2.5
 9  Th        519 0051  0.7 0700  2.4 1309  0.7 1929  2.6
10  Fr        519 0144  0.8 0758  2.4 1403  0.7 2027  2.6
11  Sa        519 0242  0.8 0857  2.4 1502  0.7 2125  2.6
12  Su        519 0343  0.8 0955  2.4 1603  0.7 2222  2.6
13  Mo        519 0443  0.7 1052  2.5 1704  0.7 2320  2.6
14  Tu        519 0540  0.7 1149  2.5 1801  0.6 9999  9.9
15  We        519 0017  2.6 0634  0.6 1246  2.6 1857  0.6
16  Th        519 0113  2.6 0727  0.6 1342  2.6 1951  0.5
17  Fr        519 0207  2.7 0818  0.5 1436  2.7 2046  0.5
18  Sa        519 0300  2.7 0911  0.5 1528  2.7 2141  0.5
19  Su        519 0350  2.7 1003  0.5 1619  2.7 2234  0.5
20  Mo        519 0441  2.6 1055  0.5 1710  2.7 2326  0.6
21  Tu        519 0531  2.6 1145  0.6 1801  2.6 9999  9.9
22  We        519 0016  0.7 0623  2.5 1233  0.7 1853  2.5
23  Th        519 0105  0.8 0715  2.4 1321  0.8 1945  2.4
24  Fr        519 0154  0.8 0808  2.3 1410  0.9 2035  2.4
25  Sa        519 0245  0.9 0859  2.2 1500  0.9 2123  2.3
26  Su        519 0338  1.0 0948  2.2 1552  1.0 2210  2.2
27  Mo        519 0429  1.0 1033  2.1 1642  1.0 2255  2.1
28  Tu        519 0516  1.0 1117  2.1 1729  1.0 2339  2.1
29  We        519 0558  0.9 1200  2.1 1813  0.9 9999  9.9
30  Th        519 0023  2.1 0638  0.9 1243  2.1 1855  0.9
31  Fr        519 0107  2.1 0717  0.8 1326  2.2 1937  0.8
 1  Sa        619 0150  2.2 0757  0.8 1410  2.3 2022  0.8
 2  Su        619 0233  2.3 0841  0.7 1454  2.4 2109  0.7
 3  Mo        619 0317  2.4 0927  0.7 1539  2.5 2158  0.7
 4  Tu        619 0403  2.4 1016  0.6 1627  2.6 2248  0.6
 5  We        619 0451  2.5 1106  0.6 1717  2.6 2339  0.6
 6  Th        619 0543  2.5 1157  0.6 1811  2.7 9999  9.9
 7  Fr        619 0031  0.7 0638  2.5 1249  0.6 1908  2.7
 8  Sa        619 0124  0.7 0737  2.5 1344  0.6 2006  2.6
 9  Su        619 0221  0.7 0837  2.5 1442  0.7 2105  2.6
10  Mo        619 0321  0.7 0935  2.5 1544  0.7 2203  2.6
11  Tu        619 0421  0.7 1033  2.5 1645  0.7 2300  2.6
12  We        619 0519  0.7 1130  2.6 1744  0.7 2357  2.6
13  Th        619 0614  0.6 1227  2.6 1840  0.6 9999  9.9
14  Fr        619 0053  2.6 0706  0.6 1323  2.6 1934  0.6
15  Sa        619 0148  2.6 0757  0.5 1417  2.7 2028  0.6
16  Su        619 0240  2.6 0849  0.5 1509  2.7 2121  0.6
17  Mo        619 0330  2.6 0940  0.5 1559  2.7 2213  0.6
18  Tu        619 0419  2.6 1031  0.6 1647  2.6 2303  0.6
19  We        619 0507  2.5 1119  0.6 1735  2.6 2351  0.7
20  Th        619 0556  2.4 1206  0.7 1823  2.5 9999  9.9
21  Fr        619 0036  0.8 0645  2.3 1251  0.8 1911  2.4
22  Sa        619 0122  0.9 0734  2.3 1335  0.9 1958  2.3
23  Su        619 0207  0.9 0822  2.2 1421  1.0 2044  2.2
24  Mo        619 0254  1.0 0909  2.1 1509  1.0 2129  2.1
25  Tu        619 0343  1.0 0953  2.1 1600  1.0 2214  2.1
26  We        619 0431  1.0 1036  2.1 1650  1.0 2259  2.1
27  Th        619 0517  1.0 1119  2.1 1737  0.9 2344  2.1
28  Fr        619 0600  0.9 1205  2.1 1823  0.9 9999  9.9
29  Sa        619 0030  2.1 0642  0.8 1252  2.2 1908  0.8
30  Su        619 0117  2.2 0725  0.7 1339  2.3 1954  0.7
 1  Mo        719 0204  2.3 0811  0.7 1428  2.4 2043  0.7
 2  Tu        719 0252  2.4 0900  0.6 1516  2.6 2134  0.6
 3  We        719 0340  2.5 0951  0.6 1605  2.6 2226  0.6
 4  Th        719 0430  2.5 1044  0.5 1657  2.7 2319  0.6
 5  Fr        719 0523  2.6 1137  0.5 1751  2.7 9999  9.9
 6  Sa        719 0011  0.6 0618  2.6 1230  0.6 1847  2.7
 7  Su        719 0105  0.6 0717  2.6 1325  0.6 1946  2.7
 8  Mo        719 0200  0.7 0817  2.6 1423  0.7 2045  2.6
 9  Tu        719 0258  0.7 0916  2.6 1524  0.7 2143  2.6
10  We        719 0358  0.7 1013  2.6 1626  0.7 2240  2.6
11  Th        719 0457  0.7 1110  2.6 1726  0.7 2336  2.5
12  Fr        719 0552  0.7 1207  2.6 1822  0.7 9999  9.9
13  Sa        719 0032  2.5 0645  0.6 1304  2.6 1916  0.6
14  Su        719 0127  2.5 0736  0.6 1358  2.6 2009  0.6
15  Mo        719 0220  2.5 0826  0.6 1449  2.6 2100  0.6
16  Tu        719 0309  2.5 0916  0.6 1536  2.6 2150  0.6
17  We        719 0356  2.5 1005  0.6 1622  2.5 2237  0.7
18  Th        719 0442  2.4 1052  0.7 1706  2.5 2322  0.7
19  Fr        719 0526  2.4 1137  0.7 1750  2.4 9999  9.9
20  Sa        719 0005  0.8 0611  2.3 1219  0.8 1834  2.3
21  Su        719 0046  0.9 0656  2.2 1300  0.9 1918  2.2
22  Mo        719 0127  0.9 0741  2.2 1342  0.9 2003  2.2
23  Tu        719 0210  1.0 0826  2.1 1427  1.0 2048  2.1
24  We        719 0255  1.0 0911  2.1 1517  1.0 2134  2.1
25  Th        719 0344  1.0 0956  2.1 1610  1.0 2221  2.1
26  Fr        719 0434  1.0 1042  2.2 1702  0.9 2309  2.1
27  Sa        719 0523  0.9 1131  2.2 1752  0.9 2358  2.2
28  Su        719 0610  0.8 1221  2.3 1841  0.8 9999  9.9
29  Mo        719 0048  2.2 0657  0.7 1312  2.4 1930  0.7
30  Tu        719 0138  2.3 0745  0.6 1404  2.5 2020  0.6
31  We        719 0229  2.4 0836  0.6 1455  2.6 2113  0.6
 1  Th        819 0320  2.5 0929  0.5 1546  2.7 2206  0.6
 2  Fr        819 0411  2.6 1024  0.5 1638  2.8 2259  0.5
 3  Sa        819 0504  2.6 1119  0.5 1731  2.8 2351  0.6
 4  Su        819 0559  2.7 1213  0.5 1827  2.8 9999  9.9
 5  Mo        819 0044  0.6 0657  2.7 1308  0.6 1925  2.7
 6  Tu        819 0139  0.6 0757  2.6 1405  0.6 2024  2.6
 7  We        819 0235  0.7 0856  2.6 1505  0.7 2122  2.6
 8  Th        819 0334  0.7 0954  2.6 1607  0.7 2219  2.5
 9  Fr        819 0433  0.7 1050  2.6 1707  0.7 2315  2.5
10  Sa        819 0530  0.7 1147  2.5 1803  0.7 9999  9.9
11  Su        819 0011  2.4 0623  0.7 1242  2.5 1857  0.7
12  Mo        819 0105  2.4 0713  0.7 1336  2.5 1948  0.7
13  Tu        819 0158  2.4 0802  0.6 1426  2.5 2037  0.7
14  We        819 0246  2.4 0850  0.7 1512  2.5 2124  0.7
15  Th        819 0332  2.4 0937  0.7 1554  2.4 2208  0.7
16  Fr        819 0414  2.3 1022  0.7 1635  2.4 2251  0.8
17  Sa        819 0455  2.3 1105  0.8 1715  2.3 2331  0.8
18  Su        819 0535  2.3 1146  0.8 1755  2.3 9999  9.9
19  Mo        819 0010  0.9 0616  2.2 1225  0.9 1837  2.2
20  Tu        819 0048  0.9 0659  2.2 1306  0.9 1921  2.2
21  We        819 0129  0.9 0745  2.2 1350  0.9 2008  2.2
22  Th        819 0213  1.0 0832  2.2 1439  1.0 2057  2.2
23  Fr        819 0303  0.9 0921  2.2 1533  1.0 2147  2.2
24  Sa        819 0355  0.9 1010  2.2 1630  0.9 2237  2.2
25  Su        819 0449  0.9 1101  2.3 1724  0.9 2329  2.2
26  Mo        819 0541  0.8 1154  2.4 1816  0.8 9999  9.9
27  Tu        819 0021  2.3 0632  0.7 1248  2.5 1908  0.7
28  We        819 0115  2.4 0723  0.6 1342  2.6 1959  0.6
29  Th        819 0208  2.5 0815  0.5 1435  2.7 2052  0.6
30  Fr        819 0301  2.6 0910  0.5 1527  2.7 2145  0.5
31  Sa        819 0353  2.7 1006  0.5 1619  2.8 2238  0.5
 1  Su        919 0446  2.7 1101  0.5 1712  2.8 2331  0.5
 2  Mo        919 0540  2.7 1156  0.5 1807  2.8 9999  9.9
 3  Tu        919 0024  0.6 0638  2.7 1250  0.6 1904  2.7
 4  We        919 0117  0.6 0736  2.7 1346  0.6 2002  2.6
 5  Th        919 0212  0.7 0835  2.6 1445  0.7 2100  2.5
 6  Fr        919 0310  0.7 0933  2.6 1546  0.8 2157  2.5
 7  Sa        919 0409  0.7 1029  2.5 1646  0.8 2253  2.4
 8  Su        919 0506  0.8 1124  2.5 1742  0.8 2348  2.4
 9  Mo        919 0600  0.7 1218  2.4 1835  0.8 9999  9.9
10  Tu        919 0042  2.3 0649  0.7 1310  2.4 1924  0.7
11  We        919 0133  2.3 0737  0.7 1359  2.4 2010  0.7
12  Th        919 0220  2.3 0822  0.7 1444  2.4 2054  0.7
13  Fr        919 0304  2.3 0907  0.8 1524  2.3 2136  0.8
14  Sa        919 0343  2.3 0950  0.8 1603  2.3 2216  0.8
15  Su        919 0421  2.3 1032  0.8 1640  2.3 2254  0.8
16  Mo        919 0459  2.3 1112  0.8 1718  2.3 2333  0.8
17  Tu        919 0538  2.3 1152  0.8 1759  2.2 9999  9.9
18  We        919 0012  0.8 0620  2.3 1234  0.9 1843  2.2
19  Th        919 0053  0.9 0707  2.3 1318  0.9 1932  2.2
20  Fr        919 0138  0.9 0757  2.3 1407  0.9 2023  2.2
21  Sa        919 0227  0.9 0849  2.3 1502  0.9 2116  2.2
22  Su        919 0322  0.9 0942  2.3 1601  0.9 2210  2.2
23  Mo        919 0419  0.8 1035  2.4 1659  0.8 2304  2.3
24  Tu        919 0515  0.7 1130  2.4 1754  0.8 2358  2.3
25  We        919 0609  0.7 1226  2.5 1847  0.7 9999  9.9
26  Th        919 0054  2.4 0703  0.6 1322  2.6 1939  0.6
27  Fr        919 0149  2.5 0757  0.5 1416  2.7 2031  0.5
28  Sa        919 0243  2.6 0852  0.5 1509  2.7 2124  0.5
29  Su        919 0335  2.7 0948  0.5 1601  2.8 2218  0.5
30  Mo        919 0428  2.8 1044  0.5 1653  2.8 2310  0.5
 1  Tu       1019 0522  2.8 1138  0.5 1747  2.7 9999  9.9
 2  We       1019 0003  0.5 0618  2.7 1232  0.6 1842  2.7
 3  Th       1019 0055  0.6 0715  2.7 1327  0.7 1940  2.6
 4  Fr       1019 0149  0.7 0813  2.6 1423  0.7 2037  2.5
 5  Sa       1019 0245  0.7 0910  2.6 1522  0.8 2134  2.4
 6  Su       1019 0343  0.8 1005  2.5 1622  0.8 2229  2.3
 7  Mo       1019 0440  0.8 1058  2.4 1718  0.8 2322  2.3
 8  Tu       1019 0534  0.8 1150  2.3 1809  0.8 9999  9.9
 9  We       1019 0014  2.2 0623  0.8 1241  2.3 1856  0.8
10  Th       1019 0104  2.2 0709  0.8 1328  2.3 1940  0.8
11  Fr       1019 0150  2.2 0752  0.8 1412  2.3 2020  0.8
12  Sa       1019 0232  2.2 0834  0.8 1452  2.2 2100  0.8
13  Su       1019 0310  2.2 0916  0.8 1529  2.2 2138  0.8
14  Mo       1019 0346  2.2 0957  0.8 1606  2.3 2217  0.8
15  Tu       1019 0423  2.3 1039  0.8 1644  2.3 2257  0.8
16  We       1019 0503  2.3 1121  0.8 1725  2.3 2339  0.8
17  Th       1019 0546  2.3 1205  0.8 1810  2.3 9999  9.9
18  Fr       1019 0022  0.8 0635  2.4 1251  0.8 1900  2.3
19  Sa       1019 0109  0.8 0727  2.4 1340  0.8 1954  2.3
20  Su       1019 0159  0.8 0822  2.4 1435  0.9 2050  2.3
21  Mo       1019 0254  0.8 0917  2.4 1535  0.8 2146  2.3
22  Tu       1019 0353  0.8 1013  2.5 1635  0.8 2242  2.3
23  We       1019 0452  0.7 1109  2.5 1732  0.8 2337  2.4
24  Th       1019 0549  0.7 1205  2.6 1826  0.7 9999  9.9
25  Fr       1019 0034  2.5 0645  0.6 1302  2.6 1918  0.6
26  Sa       1019 0130  2.6 0739  0.5 1357  2.7 2010  0.5
27  Su       1019 0225  2.7 0835  0.5 1450  2.7 2103  0.5
28  Mo       1019 0318  2.7 0931  0.5 1542  2.7 2156  0.5
29  Tu       1019 0410  2.8 1026  0.5 1634  2.7 2249  0.5
30  We       1019 0503  2.8 1120  0.5 1726  2.7 2342  0.5
31  Th       1019 0557  2.7 1213  0.6 1820  2.6 9999  9.9
 1  Fr       1119 0033  0.6 0653  2.7 1306  0.7 1916  2.5
 2  Sa       1119 0125  0.7 0749  2.6 1400  0.8 2013  2.4
 3  Su       1119 0218  0.8 0844  2.5 1456  0.8 2109  2.4
 4  Mo       1119 0314  0.8 0937  2.4 1553  0.9 2202  2.3
 5  Tu       1119 0410  0.9 1028  2.3 1648  0.9 2253  2.2
 6  We       1119 0504  0.9 1118  2.3 1739  0.9 2343  2.2
 7  Th       1119 0553  0.9 1207  2.2 1824  0.9 9999  9.9
 8  Fr       1119 0030  2.1 0638  0.9 1253  2.2 1906  0.9
 9  Sa       1119 0114  2.1 0720  0.9 1336  2.2 1944  0.8
10  Su       1119 0155  2.2 0800  0.8 1416  2.2 2022  0.8
11  Mo       1119 0234  2.2 0841  0.8 1454  2.2 2100  0.8
12  Tu       1119 0312  2.3 0924  0.8 1532  2.3 2141  0.8
13  We       1119 0351  2.3 1007  0.8 1612  2.3 2224  0.7
14  Th       1119 0432  2.4 1052  0.7 1655  2.3 2309  0.7
15  Fr       1119 0518  2.5 1138  0.7 1741  2.4 2355  0.7
16  Sa       1119 0607  2.5 1226  0.7 1833  2.4 9999  9.9
17  Su       1119 0043  0.7 0701  2.5 1317  0.8 1928  2.4
18  Mo       1119 0135  0.7 0757  2.5 1412  0.8 2026  2.4
19  Tu       1119 0230  0.7 0855  2.5 1511  0.8 2124  2.4
20  We       1119 0330  0.7 0952  2.5 1611  0.8 2221  2.4
21  Th       1119 0432  0.7 1049  2.5 1710  0.7 2318  2.5
22  Fr       1119 0531  0.7 1146  2.6 1805  0.7 9999  9.9
23  Sa       1119 0015  2.5 0628  0.6 1242  2.6 1858  0.6
24  Su       1119 0111  2.6 0723  0.6 1338  2.6 1950  0.5
25  Mo       1119 0207  2.7 0818  0.5 1432  2.7 2042  0.5
26  Tu       1119 0300  2.7 0913  0.5 1524  2.7 2135  0.5
27  We       1119 0353  2.8 1008  0.5 1615  2.7 2228  0.5
28  Th       1119 0444  2.8 1101  0.5 1706  2.6 2320  0.5
29  Fr       1119 0536  2.7 1152  0.6 1758  2.6 9999  9.9
30  Sa       1119 0010  0.6 0629  2.6 1243  0.7 1851  2.5
 1  Su       1219 0100  0.7 0722  2.5 1333  0.8 1946  2.4
 2  Mo       1219 0150  0.8 0815  2.4 1425  0.9 2040  2.3
 3  Tu       1219 0242  0.9 0906  2.3 1518  0.9 2131  2.2
 4  We       1219 0335  0.9 0955  2.3 1612  1.0 2220  2.2
 5  Th       1219 0429  1.0 1042  2.2 1702  1.0 2306  2.1
 6  Fr       1219 0518  1.0 1129  2.1 1747  1.0 2350  2.1
 7  Sa       1219 0603  0.9 1214  2.1 1828  0.9 9999  9.9
 8  Su       1219 0033  2.1 0645  0.9 1257  2.1 1906  0.9
 9  Mo       1219 0115  2.1 0727  0.9 1338  2.1 1944  0.8
10  Tu       1219 0157  2.2 0808  0.8 1419  2.2 2024  0.8
11  We       1219 0238  2.3 0852  0.8 1500  2.3 2107  0.7
12  Th       1219 0321  2.4 0938  0.7 1543  2.3 2153  0.7
13  Fr       1219 0405  2.5 1026  0.7 1628  2.4 2242  0.6
14  Sa       1219 0452  2.5 1114  0.7 1717  2.4 2331  0.6
15  Su       1219 0543  2.6 1204  0.7 1809  2.5 9999  9.9
16  Mo       1219 0022  0.6 0638  2.6 1256  0.7 1906  2.5
17  Tu       1219 0114  0.7 0735  2.6 1350  0.7 2005  2.5
18  We       1219 0210  0.7 0833  2.6 1448  0.8 2104  2.5
19  Th       1219 0310  0.7 0931  2.6 1548  0.8 2202  2.5
20  Fr       1219 0413  0.7 1029  2.6 1647  0.7 2259  2.5
21  Sa       1219 0513  0.7 1126  2.6 1743  0.7 2356  2.6
22  Su       1219 0611  0.6 1223  2.6 1837  0.6 9999  9.9
23  Mo       1219 0053  2.6 0706  0.6 1319  2.6 1929  0.6
24  Tu       1219 0149  2.7 0801  0.6 1413  2.6 2021  0.5
25  We       1219 0243  2.7 0855  0.6 1505  2.6 2114  0.5
26  Th       1219 0334  2.7 0948  0.6 1555  2.6 2206  0.5
27  Fr       1219 0424  2.7 1040  0.6 1644  2.6 2257  0.6
28  Sa       1219 0513  2.6 1130  0.6 1734  2.5 2346  0.6
29  Su       1219 0602  2.6 1217  0.7 1825  2.4 9999  9.9
30  Mo       1219 0033  0.7 0652  2.5 1304  0.8 1916  2.3
31  Tu       1219 0120  0.8 0741  2.4 1351  0.9 2007  2.3
