357Lottin Point
Based on data from  1-Jan-2012
Local Std Time, tidal heights in metres.
 1  Su        117 0227  0.3 0845  1.9 1455  0.4 2054  1.8
 2  Mo        117 0307  0.3 0925  1.9 1538  0.4 2137  1.8
 3  Tu        117 0348  0.3 1007  1.9 1621  0.4 2221  1.8
 4  We        117 0431  0.3 1050  1.9 1706  0.4 2307  1.8
 5  Th        117 0517  0.3 1136  1.9 1754  0.3 2357  1.8
 6  Fr        117 0607  0.4 1226  1.9 1845  0.3 9999  9.9
 7  Sa        117 0052  1.8 0702  0.4 1319  1.9 1940  0.3
 8  Su        117 0150  1.8 0801  0.4 1415  1.9 2037  0.3
 9  Mo        117 0253  1.8 0903  0.4 1514  1.9 2137  0.3
10  Tu        117 0356  1.8 1006  0.4 1615  1.9 2237  0.2
11  We        117 0458  1.9 1108  0.3 1716  1.9 2336  0.2
12  Th        117 0557  2.0 1208  0.3 1815  1.9 9999  9.9
13  Fr        117 0033  0.1 0653  2.0 1305  0.3 1912  1.9
14  Sa        117 0127  0.1 0746  2.1 1400  0.2 2006  1.9
15  Su        117 0218  0.1 0837  2.1 1453  0.2 2058  1.9
16  Mo        117 0308  0.1 0926  2.0 1543  0.3 2148  1.9
17  Tu        117 0356  0.2 1013  2.0 1631  0.3 2236  1.8
18  We        117 0443  0.3 1100  1.9 1718  0.3 2324  1.8
19  Th        117 0530  0.4 1145  1.8 1805  0.4 9999  9.9
20  Fr        117 0012  1.7 0618  0.5 1231  1.8 1852  0.4
21  Sa        117 0102  1.6 0708  0.5 1319  1.7 1941  0.5
22  Su        117 0155  1.6 0801  0.6 1408  1.7 2032  0.5
23  Mo        117 0250  1.6 0855  0.6 1459  1.6 2124  0.5
24  Tu        117 0345  1.6 0949  0.6 1551  1.6 2216  0.5
25  We        117 0438  1.6 1041  0.6 1642  1.6 2306  0.5
26  Th        117 0527  1.7 1131  0.6 1731  1.6 2353  0.4
27  Fr        117 0612  1.7 1217  0.5 1818  1.7 9999  9.9
28  Sa        117 0037  0.4 0655  1.8 1302  0.5 1903  1.7
29  Su        117 0119  0.3 0736  1.8 1346  0.4 1947  1.8
30  Mo        117 0201  0.3 0818  1.9 1429  0.4 2031  1.8
31  Tu        117 0243  0.3 0900  1.9 1513  0.3 2115  1.9
 1  We        217 0326  0.2 0943  2.0 1558  0.3 2201  1.9
 2  Th        217 0411  0.3 1028  2.0 1644  0.3 2248  1.9
 3  Fr        217 0459  0.3 1115  1.9 1733  0.3 2339  1.8
 4  Sa        217 0550  0.3 1205  1.9 1824  0.3 9999  9.9
 5  Su        217 0033  1.8 0645  0.4 1259  1.9 1919  0.3
 6  Mo        217 0132  1.8 0744  0.4 1356  1.9 2017  0.3
 7  Tu        217 0235  1.8 0847  0.4 1456  1.8 2118  0.3
 8  We        217 0339  1.8 0951  0.4 1559  1.8 2220  0.3
 9  Th        217 0441  1.9 1054  0.4 1701  1.8 2320  0.2
10  Fr        217 0540  1.9 1153  0.4 1800  1.9 9999  9.9
11  Sa        217 0016  0.2 0635  1.9 1249  0.3 1856  1.9
12  Su        217 0109  0.2 0727  2.0 1342  0.3 1949  1.9
13  Mo        217 0159  0.2 0815  2.0 1431  0.3 2037  1.9
14  Tu        217 0246  0.2 0901  2.0 1517  0.3 2124  1.9
15  We        217 0331  0.3 0945  1.9 1602  0.3 2208  1.8
16  Th        217 0415  0.3 1028  1.9 1644  0.4 2251  1.8
17  Fr        217 0458  0.4 1110  1.8 1727  0.4 2336  1.7
18  Sa        217 0543  0.5 1152  1.7 1811  0.4 9999  9.9
19  Su        217 0022  1.7 0630  0.5 1237  1.7 1857  0.5
20  Mo        217 0111  1.6 0720  0.6 1325  1.6 1946  0.5
21  Tu        217 0205  1.6 0812  0.6 1415  1.6 2039  0.5
22  We        217 0300  1.6 0907  0.6 1508  1.6 2133  0.5
23  Th        217 0355  1.6 1001  0.6 1602  1.6 2226  0.5
24  Fr        217 0446  1.7 1053  0.6 1655  1.6 2316  0.4
25  Sa        217 0534  1.7 1142  0.5 1745  1.7 9999  9.9
26  Su        217 0003  0.4 0620  1.8 1229  0.4 1833  1.8
27  Mo        217 0048  0.3 0704  1.9 1315  0.4 1920  1.8
28  Tu        217 0133  0.3 0748  1.9 1401  0.3 2006  1.9
 1  We        317 0218  0.2 0833  2.0 1447  0.2 2053  1.9
 2  Th        317 0304  0.2 0919  2.0 1534  0.2 2141  2.0
 3  Fr        317 0352  0.2 1006  2.0 1622  0.2 2231  1.9
 4  Sa        317 0442  0.2 1056  2.0 1712  0.2 2323  1.9
 5  Su        317 0535  0.3 1148  1.9 1805  0.2 9999  9.9
 6  Mo        317 0018  1.9 0632  0.3 1243  1.9 1901  0.3
 7  Tu        317 0117  1.8 0732  0.4 1341  1.8 2000  0.3
 8  We        317 0220  1.8 0835  0.4 1443  1.8 2102  0.3
 9  Th        317 0323  1.8 0938  0.4 1546  1.8 2204  0.3
10  Fr        317 0425  1.8 1039  0.4 1648  1.8 2304  0.3
11  Sa        317 0522  1.8 1137  0.4 1746  1.8 2359  0.3
12  Su        317 0615  1.9 1231  0.4 1840  1.8 9999  9.9
13  Mo        317 0050  0.3 0704  1.9 1320  0.3 1929  1.8
14  Tu        317 0137  0.3 0750  1.9 1406  0.3 2015  1.8
15  We        317 0222  0.3 0833  1.9 1449  0.3 2057  1.8
16  Th        317 0304  0.3 0914  1.8 1530  0.3 2139  1.8
17  Fr        317 0346  0.4 0954  1.8 1610  0.4 2219  1.8
18  Sa        317 0427  0.4 1034  1.8 1650  0.4 2301  1.7
19  Su        317 0510  0.5 1116  1.7 1731  0.4 2345  1.7
20  Mo        317 0555  0.5 1159  1.7 1816  0.5 9999  9.9
21  Tu        317 0032  1.7 0643  0.6 1245  1.6 1903  0.5
22  We        317 0122  1.6 0734  0.6 1335  1.6 1955  0.5
23  Th        317 0216  1.6 0827  0.6 1428  1.6 2049  0.5
24  Fr        317 0310  1.6 0920  0.6 1523  1.6 2144  0.5
25  Sa        317 0402  1.7 1013  0.5 1618  1.7 2237  0.5
26  Su        317 0453  1.7 1104  0.5 1711  1.7 2327  0.4
27  Mo        317 0541  1.8 1154  0.4 1802  1.8 9999  9.9
28  Tu        317 0016  0.3 0629  1.9 1243  0.3 1852  1.9
29  We        317 0105  0.2 0717  2.0 1332  0.2 1942  2.0
30  Th        317 0154  0.2 0806  2.0 1421  0.1 2032  2.0
31  Fr        317 0243  0.2 0855  2.0 1511  0.1 2122  2.0
 1  Sa        417 0334  0.2 0946  2.0 1601  0.1 2214  2.0
 2  Su        417 0427  0.2 1038  2.0 1653  0.1 2308  2.0
 3  Mo        417 0523  0.3 1132  1.9 1747  0.2 9999  9.9
 4  Tu        417 0004  1.9 0621  0.3 1229  1.9 1844  0.3
 5  We        417 0103  1.9 0721  0.4 1329  1.8 1944  0.3
 6  Th        417 0205  1.8 0823  0.4 1431  1.7 2046  0.4
 7  Fr        417 0306  1.8 0924  0.4 1534  1.7 2147  0.4
 8  Sa        417 0405  1.8 1023  0.4 1634  1.7 2245  0.4
 9  Su        417 0500  1.8 1117  0.4 1730  1.7 2339  0.4
10  Mo        417 0551  1.8 1208  0.4 1820  1.8 9999  9.9
11  Tu        417 0028  0.4 0637  1.8 1254  0.4 1907  1.8
12  We        417 0113  0.4 0721  1.8 1337  0.4 1950  1.8
13  Th        417 0156  0.4 0802  1.8 1418  0.3 2030  1.8
14  Fr        417 0237  0.4 0842  1.8 1457  0.4 2110  1.8
15  Sa        417 0317  0.4 0922  1.7 1536  0.4 2149  1.8
16  Su        417 0358  0.5 1001  1.7 1615  0.4 2229  1.8
17  Mo        417 0440  0.5 1042  1.7 1656  0.4 2312  1.7
18  Tu        417 0524  0.5 1125  1.7 1739  0.5 2357  1.7
19  We        417 0610  0.5 1211  1.6 1825  0.5 9999  9.9
20  Th        417 0045  1.7 0659  0.6 1300  1.6 1915  0.5
21  Fr        417 0135  1.7 0750  0.6 1352  1.6 2008  0.5
22  Sa        417 0228  1.7 0842  0.5 1447  1.6 2103  0.5
23  Su        417 0320  1.7 0935  0.5 1543  1.7 2158  0.4
24  Mo        417 0412  1.8 1028  0.4 1638  1.8 2252  0.4
25  Tu        417 0504  1.9 1120  0.3 1733  1.9 2345  0.3
26  We        417 0556  1.9 1213  0.2 1826  1.9 9999  9.9
27  Th        417 0037  0.2 0647  2.0 1304  0.1 1918  2.0
28  Fr        417 0130  0.2 0739  2.0 1356  0.1 2011  2.1
29  Sa        417 0223  0.2 0832  2.0 1448  0.0 2103  2.1
30  Su        417 0317  0.2 0926  2.0 1541  0.1 2157  2.1
 1  Mo        517 0412  0.2 1021  2.0 1635  0.1 2252  2.0
 2  Tu        517 0509  0.2 1117  1.9 1730  0.2 2349  2.0
 3  We        517 0608  0.3 1215  1.8 1827  0.3 9999  9.9
 4  Th        517 0047  1.9 0707  0.4 1315  1.8 1926  0.4
 5  Fr        517 0146  1.8 0806  0.4 1416  1.7 2026  0.4
 6  Sa        517 0244  1.8 0905  0.4 1516  1.7 2126  0.5
 7  Su        517 0340  1.8 1000  0.4 1614  1.7 2222  0.5
 8  Mo        517 0433  1.8 1052  0.4 1708  1.7 2314  0.5
 9  Tu        517 0522  1.7 1140  0.4 1757  1.7 9999  9.9
10  We        517 0002  0.5 0607  1.7 1225  0.4 1841  1.8
11  Th        517 0046  0.5 0650  1.7 1307  0.4 1923  1.8
12  Fr        517 0129  0.5 0731  1.7 1347  0.4 2003  1.8
13  Sa        517 0210  0.5 0811  1.7 1426  0.4 2042  1.8
14  Su        517 0250  0.5 0851  1.7 1505  0.4 2121  1.8
15  Mo        517 0331  0.5 0931  1.7 1544  0.4 2201  1.8
16  Tu        517 0413  0.5 1012  1.7 1624  0.4 2242  1.8
17  We        517 0456  0.5 1055  1.7 1707  0.4 2326  1.7
18  Th        517 0541  0.5 1140  1.6 1751  0.5 9999  9.9
19  Fr        517 0011  1.7 0628  0.5 1228  1.6 1840  0.5
20  Sa        517 0100  1.7 0717  0.5 1319  1.6 1932  0.5
21  Su        517 0150  1.7 0808  0.5 1414  1.7 2027  0.5
22  Mo        517 0243  1.8 0901  0.4 1511  1.7 2123  0.4
23  Tu        517 0336  1.8 0955  0.3 1609  1.8 2220  0.4
24  We        517 0431  1.9 1050  0.2 1706  1.9 2317  0.3
25  Th        517 0526  2.0 1145  0.1 1801  2.0 9999  9.9
26  Fr        517 0012  0.2 0621  2.0 1239  0.1 1856  2.1
27  Sa        517 0108  0.2 0716  2.0 1334  0.0 1951  2.1
28  Su        517 0204  0.2 0812  2.0 1427  0.0 2045  2.1
29  Mo        517 0300  0.2 0908  2.0 1521  0.0 2139  2.1
30  Tu        517 0357  0.2 1003  2.0 1615  0.1 2234  2.1
31  We        517 0453  0.2 1100  1.9 1710  0.2 2330  2.0
 1  Th        617 0550  0.3 1157  1.8 1806  0.3 9999  9.9
 2  Fr        617 0026  1.9 0647  0.3 1255  1.8 1903  0.4
 3  Sa        617 0122  1.8 0743  0.4 1353  1.7 2001  0.4
 4  Su        617 0216  1.8 0838  0.4 1452  1.7 2058  0.5
 5  Mo        617 0310  1.7 0931  0.4 1548  1.7 2153  0.5
 6  Tu        617 0400  1.7 1022  0.4 1640  1.7 2244  0.5
 7  We        617 0449  1.7 1109  0.4 1729  1.7 2332  0.5
 8  Th        617 0534  1.7 1154  0.4 1813  1.7 9999  9.9
 9  Fr        617 0018  0.5 0618  1.7 1237  0.4 1855  1.8
10  Sa        617 0101  0.5 0701  1.7 1318  0.4 1936  1.8
11  Su        617 0143  0.5 0742  1.7 1357  0.4 2015  1.8
12  Mo        617 0224  0.5 0823  1.7 1437  0.4 2054  1.8
13  Tu        617 0305  0.5 0904  1.7 1516  0.4 2134  1.8
14  We        617 0346  0.5 0945  1.7 1556  0.4 2215  1.8
15  Th        617 0429  0.5 1028  1.7 1638  0.4 2257  1.8
16  Fr        617 0513  0.5 1112  1.7 1722  0.4 2341  1.8
17  Sa        617 0559  0.4 1200  1.7 1810  0.4 9999  9.9
18  Su        617 0028  1.8 0647  0.4 1251  1.7 1901  0.4
19  Mo        617 0118  1.8 0738  0.4 1346  1.7 1957  0.4
20  Tu        617 0211  1.8 0832  0.3 1444  1.8 2055  0.4
21  We        617 0306  1.9 0927  0.3 1543  1.8 2154  0.4
22  Th        617 0403  1.9 1024  0.2 1642  1.9 2253  0.3
23  Fr        617 0501  1.9 1122  0.1 1741  2.0 2352  0.3
24  Sa        617 0559  2.0 1218  0.1 1837  2.1 9999  9.9
25  Su        617 0049  0.2 0656  2.0 1314  0.0 1932  2.1
26  Mo        617 0147  0.2 0753  2.0 1408  0.0 2027  2.1
27  Tu        617 0243  0.2 0849  2.0 1502  0.1 2120  2.1
28  We        617 0338  0.2 0945  2.0 1555  0.1 2214  2.1
29  Th        617 0433  0.2 1039  1.9 1648  0.2 2306  2.0
30  Fr        617 0527  0.3 1134  1.8 1741  0.3 2359  1.9
 1  Sa        717 0620  0.3 1228  1.8 1835  0.4 9999  9.9
 2  Su        717 0051  1.8 0712  0.4 1323  1.7 1930  0.5
 3  Mo        717 0142  1.8 0804  0.4 1419  1.7 2025  0.5
 4  Tu        717 0233  1.7 0856  0.4 1514  1.7 2119  0.6
 5  We        717 0324  1.7 0946  0.5 1607  1.7 2211  0.6
 6  Th        717 0413  1.7 1035  0.4 1657  1.7 2301  0.6
 7  Fr        717 0501  1.7 1122  0.4 1743  1.7 2348  0.5
 8  Sa        717 0547  1.7 1207  0.4 1827  1.7 9999  9.9
 9  Su        717 0032  0.5 0632  1.7 1249  0.4 1908  1.8
10  Mo        717 0115  0.5 0714  1.7 1330  0.4 1948  1.8
11  Tu        717 0157  0.5 0756  1.7 1410  0.3 2027  1.8
12  We        717 0238  0.4 0838  1.7 1450  0.3 2107  1.8
13  Th        717 0320  0.4 0920  1.7 1530  0.3 2147  1.9
14  Fr        717 0402  0.4 1002  1.8 1612  0.3 2230  1.9
15  Sa        717 0446  0.4 1047  1.8 1656  0.4 2314  1.9
16  Su        717 0531  0.4 1135  1.8 1744  0.4 9999  9.9
17  Mo        717 0001  1.9 0620  0.3 1226  1.8 1836  0.4
18  Tu        717 0051  1.8 0711  0.3 1322  1.8 1932  0.4
19  We        717 0145  1.9 0806  0.3 1421  1.8 2032  0.4
20  Th        717 0242  1.9 0904  0.3 1522  1.8 2134  0.4
21  Fr        717 0342  1.9 1003  0.2 1623  1.9 2235  0.3
22  Sa        717 0442  1.9 1103  0.2 1723  2.0 2335  0.3
23  Su        717 0542  1.9 1200  0.1 1820  2.0 9999  9.9
24  Mo        717 0033  0.2 0640  2.0 1256  0.1 1915  2.1
25  Tu        717 0130  0.2 0737  2.0 1350  0.1 2008  2.1
26  We        717 0224  0.2 0831  2.0 1442  0.1 2059  2.1
27  Th        717 0317  0.2 0924  1.9 1533  0.2 2149  2.0
28  Fr        717 0408  0.2 1015  1.9 1623  0.2 2238  2.0
29  Sa        717 0458  0.3 1105  1.8 1712  0.3 2327  1.9
30  Su        717 0546  0.3 1156  1.8 1803  0.4 9999  9.9
31  Mo        717 0015  1.8 0635  0.4 1247  1.7 1854  0.5
 1  Tu        817 0104  1.7 0725  0.4 1340  1.7 1947  0.6
 2  We        817 0154  1.7 0815  0.5 1435  1.6 2041  0.6
 3  Th        817 0245  1.6 0907  0.5 1529  1.6 2135  0.6
 4  Fr        817 0336  1.6 0959  0.5 1621  1.7 2227  0.6
 5  Sa        817 0427  1.6 1049  0.5 1710  1.7 2316  0.6
 6  Su        817 0516  1.6 1136  0.4 1755  1.7 9999  9.9
 7  Mo        817 0002  0.5 0603  1.7 1220  0.4 1838  1.8
 8  Tu        817 0046  0.5 0647  1.7 1302  0.4 1918  1.8
 9  We        817 0128  0.4 0730  1.8 1343  0.3 1958  1.9
10  Th        817 0210  0.4 0812  1.8 1423  0.3 2039  1.9
11  Fr        817 0252  0.3 0855  1.8 1505  0.3 2120  1.9
12  Sa        817 0335  0.3 0939  1.8 1548  0.3 2203  1.9
13  Su        817 0420  0.3 1025  1.8 1634  0.3 2249  1.9
14  Mo        817 0506  0.3 1113  1.8 1723  0.3 2337  1.9
15  Tu        817 0556  0.3 1205  1.8 1817  0.4 9999  9.9
16  We        817 0029  1.9 0648  0.3 1302  1.8 1914  0.4
17  Th        817 0125  1.8 0745  0.3 1403  1.8 2016  0.4
18  Fr        817 0224  1.8 0845  0.3 1506  1.8 2119  0.4
19  Sa        817 0326  1.8 0947  0.3 1608  1.9 2221  0.4
20  Su        817 0429  1.9 1047  0.2 1707  1.9 2322  0.3
21  Mo        817 0529  1.9 1145  0.2 1803  2.0 9999  9.9
22  Tu        817 0019  0.3 0627  1.9 1240  0.2 1857  2.0
23  We        817 0113  0.2 0721  1.9 1332  0.1 1947  2.0
24  Th        817 0204  0.2 0813  1.9 1421  0.2 2035  2.0
25  Fr        817 0253  0.2 0901  1.9 1509  0.2 2122  2.0
26  Sa        817 0340  0.2 0948  1.9 1555  0.3 2207  1.9
27  Su        817 0425  0.3 1034  1.8 1642  0.4 2252  1.8
28  Mo        817 0509  0.3 1121  1.8 1728  0.4 2337  1.8
29  Tu        817 0555  0.4 1208  1.7 1817  0.5 9999  9.9
30  We        817 0023  1.7 0642  0.5 1259  1.7 1908  0.6
31  Th        817 0112  1.6 0732  0.5 1353  1.6 2002  0.6
 1  Fr        917 0204  1.6 0825  0.5 1448  1.6 2057  0.6
 2  Sa        917 0258  1.6 0920  0.5 1542  1.6 2151  0.6
 3  Su        917 0352  1.6 1013  0.5 1633  1.7 2241  0.6
 4  Mo        917 0444  1.6 1102  0.5 1720  1.7 2329  0.5
 5  Tu        917 0532  1.7 1148  0.4 1804  1.8 9999  9.9
 6  We        917 0014  0.4 0618  1.7 1232  0.3 1846  1.9
 7  Th        917 0058  0.4 0703  1.8 1314  0.3 1928  1.9
 8  Fr        917 0141  0.3 0747  1.9 1357  0.3 2010  2.0
 9  Sa        917 0225  0.2 0831  1.9 1441  0.2 2054  2.0
10  Su        917 0309  0.2 0917  1.9 1527  0.2 2139  2.0
11  Mo        917 0355  0.2 1004  1.9 1615  0.3 2227  2.0
12  Tu        917 0443  0.2 1054  1.9 1706  0.3 2317  1.9
13  We        917 0534  0.2 1148  1.9 1802  0.3 9999  9.9
14  Th        917 0011  1.9 0629  0.2 1246  1.9 1901  0.4
15  Fr        917 0109  1.8 0727  0.3 1347  1.8 2004  0.4
16  Sa        917 0211  1.8 0829  0.3 1451  1.8 2107  0.4
17  Su        917 0315  1.8 0932  0.3 1553  1.9 2210  0.4
18  Mo        917 0418  1.8 1033  0.3 1652  1.9 2308  0.3
19  Tu        917 0518  1.8 1130  0.3 1746  1.9 9999  9.9
20  We        917 0003  0.3 0614  1.9 1223  0.2 1837  2.0
21  Th        917 0054  0.3 0705  1.9 1313  0.2 1925  2.0
22  Fr        917 0142  0.2 0753  1.9 1400  0.3 2010  1.9
23  Sa        917 0227  0.2 0838  1.9 1444  0.3 2053  1.9
24  Su        917 0310  0.3 0921  1.9 1528  0.3 2135  1.9
25  Mo        917 0351  0.3 1003  1.8 1611  0.4 2217  1.8
26  Tu        917 0433  0.3 1046  1.8 1655  0.5 2300  1.7
27  We        917 0515  0.4 1131  1.7 1742  0.5 2344  1.7
28  Th        917 0600  0.5 1219  1.7 1831  0.6 9999  9.9
29  Fr        917 0032  1.6 0649  0.5 1310  1.7 1923  0.6
30  Sa        917 0124  1.6 0742  0.5 1405  1.6 2018  0.6
 1  Su       1017 0218  1.6 0837  0.5 1459  1.6 2112  0.6
 2  Mo       1017 0314  1.6 0932  0.5 1551  1.7 2204  0.5
 3  Tu       1017 0408  1.6 1024  0.5 1640  1.7 2253  0.5
 4  We       1017 0459  1.7 1113  0.4 1726  1.8 2340  0.4
 5  Th       1017 0548  1.8 1159  0.4 1811  1.9 9999  9.9
 6  Fr       1017 0026  0.3 0635  1.9 1245  0.3 1856  1.9
 7  Sa       1017 0111  0.2 0721  1.9 1331  0.2 1941  2.0
 8  Su       1017 0158  0.1 0808  2.0 1418  0.2 2028  2.0
 9  Mo       1017 0245  0.1 0856  2.0 1507  0.2 2117  2.0
10  Tu       1017 0333  0.1 0946  2.0 1558  0.2 2207  2.0
11  We       1017 0423  0.1 1038  2.0 1652  0.3 2300  1.9
12  Th       1017 0516  0.2 1133  2.0 1749  0.3 2357  1.9
13  Fr       1017 0612  0.2 1231  1.9 1849  0.4 9999  9.9
14  Sa       1017 0056  1.8 0711  0.3 1333  1.9 1952  0.4
15  Su       1017 0159  1.8 0813  0.3 1435  1.8 2055  0.4
16  Mo       1017 0304  1.7 0917  0.4 1536  1.8 2155  0.4
17  Tu       1017 0406  1.8 1017  0.4 1633  1.9 2252  0.3
18  We       1017 0505  1.8 1113  0.4 1726  1.9 2345  0.3
19  Th       1017 0558  1.8 1205  0.3 1815  1.9 9999  9.9
20  Fr       1017 0033  0.3 0647  1.9 1252  0.3 1900  1.9
21  Sa       1017 0118  0.3 0732  1.9 1337  0.3 1943  1.9
22  Su       1017 0200  0.3 0814  1.9 1420  0.4 2024  1.8
23  Mo       1017 0240  0.3 0855  1.9 1501  0.4 2105  1.8
24  Tu       1017 0320  0.3 0935  1.8 1543  0.4 2145  1.8
25  We       1017 0359  0.3 1015  1.8 1625  0.5 2226  1.7
26  Th       1017 0440  0.4 1058  1.8 1710  0.5 2309  1.7
27  Fr       1017 0523  0.4 1143  1.7 1757  0.5 2355  1.6
28  Sa       1017 0609  0.5 1231  1.7 1846  0.6 9999  9.9
29  Su       1017 0045  1.6 0659  0.5 1322  1.7 1938  0.6
30  Mo       1017 0138  1.6 0753  0.5 1414  1.7 2031  0.5
31  Tu       1017 0233  1.6 0848  0.5 1506  1.7 2123  0.5
 1  We       1117 0329  1.6 0942  0.5 1557  1.8 2214  0.4
 2  Th       1117 0423  1.7 1035  0.4 1647  1.8 2304  0.3
 3  Fr       1117 0516  1.8 1126  0.4 1736  1.9 2354  0.2
 4  Sa       1117 0607  1.9 1216  0.3 1825  2.0 9999  9.9
 5  Su       1117 0043  0.1 0657  2.0 1306  0.2 1915  2.0
 6  Mo       1117 0132  0.1 0747  2.1 1357  0.2 2005  2.0
 7  Tu       1117 0222  0.0 0838  2.1 1449  0.2 2057  2.0
 8  We       1117 0313  0.0 0929  2.1 1543  0.2 2150  2.0
 9  Th       1117 0405  0.1 1023  2.1 1639  0.2 2245  1.9
10  Fr       1117 0458  0.1 1118  2.0 1736  0.3 2342  1.9
11  Sa       1117 0555  0.2 1216  2.0 1836  0.3 9999  9.9
12  Su       1117 0042  1.8 0654  0.3 1315  1.9 1937  0.4
13  Mo       1117 0144  1.7 0755  0.4 1415  1.8 2037  0.4
14  Tu       1117 0248  1.7 0857  0.4 1514  1.8 2136  0.4
15  We       1117 0349  1.7 0956  0.4 1609  1.8 2231  0.4
16  Th       1117 0447  1.7 1052  0.4 1701  1.8 2322  0.4
17  Fr       1117 0539  1.8 1143  0.4 1749  1.8 9999  9.9
18  Sa       1117 0009  0.3 0626  1.8 1230  0.4 1834  1.8
19  Su       1117 0053  0.3 0710  1.8 1314  0.4 1916  1.8
20  Mo       1117 0134  0.3 0750  1.8 1356  0.4 1957  1.8
21  Tu       1117 0213  0.3 0830  1.8 1437  0.4 2037  1.7
22  We       1117 0252  0.3 0909  1.8 1518  0.5 2117  1.7
23  Th       1117 0330  0.3 0948  1.8 1559  0.5 2157  1.7
24  Fr       1117 0409  0.4 1028  1.8 1641  0.5 2239  1.7
25  Sa       1117 0450  0.4 1111  1.8 1725  0.5 2323  1.6
26  Su       1117 0534  0.5 1155  1.7 1812  0.5 9999  9.9
27  Mo       1117 0009  1.6 0621  0.5 1242  1.7 1900  0.5
28  Tu       1117 0100  1.6 0711  0.5 1331  1.7 1950  0.5
29  We       1117 0154  1.6 0805  0.5 1423  1.7 2042  0.4
30  Th       1117 0250  1.7 0901  0.5 1515  1.8 2136  0.4
 1  Fr       1217 0348  1.7 0958  0.4 1608  1.8 2230  0.3
 2  Sa       1217 0444  1.8 1053  0.4 1702  1.9 2323  0.2
 3  Su       1217 0540  1.9 1149  0.3 1756  2.0 9999  9.9
 4  Mo       1217 0016  0.1 0634  2.0 1243  0.2 1850  2.0
 5  Tu       1217 0109  0.0 0727  2.1 1338  0.2 1945  2.0
 6  We       1217 0202  0.0 0820  2.1 1433  0.2 2039  2.0
 7  Th       1217 0255  0.0 0913  2.1 1528  0.2 2134  2.0
 8  Fr       1217 0347  0.0 1007  2.1 1624  0.2 2230  2.0
 9  Sa       1217 0441  0.1 1101  2.1 1721  0.2 2326  1.9
10  Su       1217 0536  0.2 1157  2.0 1818  0.3 9999  9.9
11  Mo       1217 0024  1.8 0633  0.3 1253  1.9 1915  0.3
12  Tu       1217 0124  1.7 0732  0.4 1349  1.8 2012  0.4
13  We       1217 0224  1.7 0831  0.5 1445  1.8 2108  0.4
14  Th       1217 0324  1.7 0930  0.5 1539  1.7 2203  0.4
15  Fr       1217 0421  1.7 1025  0.5 1631  1.7 2254  0.4
16  Sa       1217 0514  1.7 1117  0.5 1720  1.7 2342  0.4
17  Su       1217 0602  1.7 1204  0.5 1806  1.7 9999  9.9
18  Mo       1217 0026  0.4 0645  1.8 1249  0.5 1849  1.7
19  Tu       1217 0108  0.4 0726  1.8 1332  0.5 1931  1.7
20  We       1217 0147  0.3 0806  1.8 1413  0.5 2012  1.7
21  Th       1217 0226  0.3 0844  1.8 1453  0.5 2051  1.7
22  Fr       1217 0304  0.3 0923  1.8 1534  0.5 2131  1.7
23  Sa       1217 0343  0.4 1002  1.8 1615  0.5 2212  1.7
24  Su       1217 0422  0.4 1042  1.8 1656  0.5 2254  1.7
25  Mo       1217 0503  0.4 1123  1.8 1740  0.5 2338  1.7
26  Tu       1217 0547  0.4 1207  1.8 1825  0.5 9999  9.9
27  We       1217 0026  1.7 0635  0.5 1254  1.8 1914  0.4
28  Th       1217 0118  1.7 0728  0.5 1344  1.8 2006  0.4
29  Fr       1217 0215  1.7 0825  0.5 1438  1.8 2101  0.3
30  Sa       1217 0315  1.7 0924  0.4 1535  1.8 2158  0.3
31  Su       1217 0415  1.8 1025  0.4 1633  1.9 2256  0.2
