357Lottin Point
Based on data from  1-Jan-2012
Local Std Time, tidal heights in metres.
 1  Mo        118 0515  1.9 1124  0.3 1731  1.9 2353  0.1
 2  Tu        118 0612  2.0 1223  0.3 1830  2.0 9999  9.9
 3  We        118 0049  0.1 0708  2.1 1320  0.2 1927  2.0
 4  Th        118 0143  0.0 0802  2.1 1417  0.2 2023  2.0
 5  Fr        118 0237  0.0 0856  2.1 1512  0.2 2118  2.0
 6  Sa        118 0330  0.1 0949  2.1 1607  0.2 2213  2.0
 7  Su        118 0422  0.1 1041  2.1 1701  0.2 2307  1.9
 8  Mo        118 0515  0.2 1134  2.0 1754  0.3 9999  9.9
 9  Tu        118 0001  1.8 0609  0.3 1226  1.9 1847  0.3
10  We        118 0057  1.7 0704  0.4 1318  1.8 1940  0.4
11  Th        118 0154  1.7 0800  0.5 1411  1.7 2034  0.4
12  Fr        118 0252  1.6 0856  0.6 1504  1.7 2128  0.5
13  Sa        118 0349  1.6 0952  0.6 1556  1.6 2220  0.5
14  Su        118 0442  1.7 1045  0.6 1647  1.6 2310  0.4
15  Mo        118 0532  1.7 1135  0.6 1736  1.6 2357  0.4
16  Tu        118 0618  1.7 1222  0.6 1822  1.7 9999  9.9
17  We        118 0041  0.4 0700  1.8 1306  0.5 1905  1.7
18  Th        118 0122  0.4 0740  1.8 1347  0.5 1947  1.7
19  Fr        118 0201  0.4 0818  1.8 1428  0.5 2027  1.7
20  Sa        118 0239  0.3 0856  1.8 1508  0.4 2106  1.7
21  Su        118 0317  0.3 0935  1.8 1547  0.4 2146  1.7
22  Mo        118 0356  0.4 1013  1.8 1628  0.4 2228  1.7
23  Tu        118 0437  0.4 1054  1.8 1710  0.4 2311  1.7
24  We        118 0520  0.4 1137  1.8 1755  0.4 2358  1.7
25  Th        118 0607  0.4 1223  1.8 1843  0.4 9999  9.9
26  Fr        118 0050  1.7 0659  0.4 1314  1.8 1935  0.3
27  Sa        118 0147  1.7 0757  0.5 1409  1.8 2032  0.3
28  Su        118 0248  1.8 0858  0.4 1508  1.8 2132  0.3
29  Mo        118 0351  1.8 1002  0.4 1610  1.9 2233  0.2
30  Tu        118 0453  1.9 1104  0.4 1712  1.9 2333  0.2
31  We        118 0552  2.0 1205  0.3 1812  1.9 9999  9.9
 1  Th        218 0030  0.1 0649  2.0 1304  0.2 1911  2.0
 2  Fr        218 0126  0.1 0744  2.1 1400  0.2 2007  2.0
 3  Sa        218 0219  0.1 0837  2.1 1454  0.2 2101  2.0
 4  Su        218 0311  0.1 0928  2.1 1546  0.2 2153  2.0
 5  Mo        218 0401  0.2 1018  2.0 1636  0.2 2243  1.9
 6  Tu        218 0451  0.2 1107  1.9 1725  0.3 2334  1.8
 7  We        218 0542  0.3 1155  1.9 1814  0.3 9999  9.9
 8  Th        218 0025  1.7 0633  0.4 1244  1.8 1904  0.4
 9  Fr        218 0118  1.7 0725  0.5 1333  1.7 1955  0.5
10  Sa        218 0213  1.6 0820  0.6 1425  1.6 2048  0.5
11  Su        218 0309  1.6 0915  0.6 1518  1.6 2142  0.5
12  Mo        218 0405  1.6 1010  0.6 1611  1.6 2235  0.5
13  Tu        218 0457  1.6 1102  0.6 1703  1.6 2325  0.5
14  We        218 0545  1.7 1150  0.6 1752  1.6 9999  9.9
15  Th        218 0010  0.4 0628  1.7 1235  0.5 1837  1.7
16  Fr        218 0053  0.4 0709  1.8 1318  0.5 1920  1.7
17  Sa        218 0133  0.4 0749  1.8 1359  0.4 2000  1.7
18  Su        218 0212  0.3 0827  1.8 1439  0.4 2041  1.8
19  Mo        218 0251  0.3 0906  1.9 1519  0.4 2121  1.8
20  Tu        218 0331  0.3 0946  1.9 1600  0.3 2204  1.8
21  We        218 0413  0.3 1027  1.9 1643  0.3 2248  1.8
22  Th        218 0458  0.4 1112  1.9 1728  0.3 2336  1.8
23  Fr        218 0546  0.4 1159  1.9 1817  0.3 9999  9.9
24  Sa        218 0028  1.8 0639  0.4 1251  1.8 1911  0.3
25  Su        218 0125  1.8 0738  0.4 1348  1.8 2009  0.3
26  Mo        218 0227  1.8 0840  0.4 1449  1.8 2111  0.3
27  Tu        218 0331  1.8 0945  0.4 1553  1.8 2214  0.3
28  We        218 0434  1.9 1048  0.4 1656  1.8 2315  0.2
 1  Th        318 0534  1.9 1149  0.3 1758  1.9 9999  9.9
 2  Fr        318 0013  0.2 0630  2.0 1246  0.3 1855  1.9
 3  Sa        318 0108  0.2 0724  2.0 1340  0.2 1950  2.0
 4  Su        318 0200  0.1 0815  2.0 1432  0.2 2041  2.0
 5  Mo        318 0250  0.2 0903  2.0 1520  0.2 2130  1.9
 6  Tu        318 0338  0.2 0951  2.0 1607  0.2 2217  1.9
 7  We        318 0425  0.3 1036  1.9 1653  0.3 2304  1.8
 8  Th        318 0512  0.4 1122  1.8 1738  0.4 2351  1.8
 9  Fr        318 0600  0.5 1208  1.7 1825  0.4 9999  9.9
10  Sa        318 0040  1.7 0650  0.5 1255  1.7 1914  0.5
11  Su        318 0132  1.6 0742  0.6 1345  1.6 2006  0.5
12  Mo        318 0227  1.6 0837  0.6 1439  1.6 2100  0.5
13  Tu        318 0323  1.6 0931  0.6 1533  1.6 2155  0.5
14  We        318 0416  1.6 1024  0.6 1627  1.6 2247  0.5
15  Th        318 0505  1.7 1114  0.6 1718  1.6 2335  0.5
16  Fr        318 0550  1.7 1200  0.5 1805  1.7 9999  9.9
17  Sa        318 0019  0.4 0633  1.8 1244  0.4 1849  1.7
18  Su        318 0101  0.4 0714  1.8 1326  0.4 1932  1.8
19  Mo        318 0143  0.3 0754  1.9 1408  0.3 2014  1.8
20  Tu        318 0224  0.3 0836  1.9 1450  0.3 2057  1.9
21  We        318 0307  0.3 0919  1.9 1534  0.2 2141  1.9
22  Th        318 0352  0.3 1003  1.9 1619  0.2 2228  1.9
23  Fr        318 0440  0.3 1051  1.9 1706  0.2 2318  1.9
24  Sa        318 0531  0.4 1141  1.9 1757  0.3 9999  9.9
25  Su        318 0012  1.8 0626  0.4 1235  1.8 1852  0.3
26  Mo        318 0110  1.8 0726  0.4 1334  1.8 1952  0.3
27  Tu        318 0212  1.8 0828  0.4 1436  1.8 2055  0.3
28  We        318 0315  1.8 0932  0.4 1541  1.8 2158  0.3
29  Th        318 0416  1.9 1033  0.4 1644  1.8 2258  0.3
30  Fr        318 0515  1.9 1132  0.3 1744  1.8 2355  0.3
31  Sa        318 0609  1.9 1227  0.3 1839  1.9 9999  9.9
 1  Su        418 0049  0.2 0701  1.9 1318  0.2 1931  1.9
 2  Mo        418 0139  0.2 0750  1.9 1407  0.2 2019  1.9
 3  Tu        418 0227  0.3 0836  1.9 1453  0.2 2105  1.9
 4  We        418 0313  0.3 0921  1.9 1536  0.3 2149  1.9
 5  Th        418 0358  0.4 1005  1.8 1619  0.3 2233  1.8
 6  Fr        418 0443  0.4 1048  1.7 1702  0.4 2317  1.8
 7  Sa        418 0529  0.5 1132  1.7 1746  0.4 9999  9.9
 8  Su        418 0004  1.7 0616  0.5 1218  1.6 1833  0.5
 9  Mo        418 0053  1.7 0706  0.6 1307  1.6 1924  0.5
10  Tu        418 0145  1.6 0758  0.6 1400  1.6 2018  0.6
11  We        418 0239  1.6 0851  0.6 1454  1.6 2112  0.6
12  Th        418 0331  1.6 0943  0.6 1549  1.6 2205  0.5
13  Fr        418 0421  1.7 1033  0.5 1640  1.6 2255  0.5
14  Sa        418 0507  1.7 1120  0.5 1729  1.7 2342  0.4
15  Su        418 0552  1.8 1206  0.4 1816  1.8 9999  9.9
16  Mo        418 0027  0.4 0636  1.8 1251  0.3 1901  1.8
17  Tu        418 0112  0.3 0721  1.9 1336  0.3 1947  1.9
18  We        418 0157  0.3 0806  1.9 1422  0.2 2033  2.0
19  Th        418 0244  0.3 0853  1.9 1509  0.2 2121  2.0
20  Fr        418 0333  0.3 0942  1.9 1557  0.2 2211  2.0
21  Sa        418 0425  0.3 1033  1.9 1648  0.2 2303  1.9
22  Su        418 0519  0.3 1127  1.9 1741  0.2 2359  1.9
23  Mo        418 0617  0.4 1224  1.8 1838  0.3 9999  9.9
24  Tu        418 0057  1.9 0716  0.4 1324  1.8 1938  0.3
25  We        418 0158  1.9 0818  0.4 1426  1.8 2040  0.4
26  Th        418 0259  1.8 0919  0.4 1530  1.8 2142  0.4
27  Fr        418 0358  1.8 1017  0.4 1631  1.8 2241  0.4
28  Sa        418 0454  1.8 1113  0.3 1728  1.8 2337  0.4
29  Su        418 0546  1.9 1205  0.3 1821  1.8 9999  9.9
30  Mo        418 0028  0.3 0636  1.9 1254  0.3 1910  1.9
 1  Tu        518 0116  0.3 0723  1.8 1340  0.3 1955  1.9
 2  We        518 0202  0.4 0808  1.8 1424  0.3 2039  1.9
 3  Th        518 0247  0.4 0851  1.8 1505  0.3 2121  1.8
 4  Fr        518 0330  0.4 0933  1.7 1546  0.4 2203  1.8
 5  Sa        518 0414  0.5 1015  1.7 1628  0.4 2245  1.8
 6  Su        518 0458  0.5 1059  1.7 1711  0.4 2330  1.7
 7  Mo        518 0544  0.5 1144  1.6 1756  0.5 9999  9.9
 8  Tu        518 0016  1.7 0632  0.5 1232  1.6 1844  0.5
 9  We        518 0105  1.7 0721  0.6 1322  1.6 1936  0.6
10  Th        518 0155  1.7 0812  0.6 1415  1.6 2029  0.6
11  Fr        518 0246  1.7 0902  0.5 1508  1.6 2122  0.5
12  Sa        518 0335  1.7 0951  0.5 1601  1.7 2213  0.5
13  Su        518 0423  1.7 1040  0.4 1652  1.7 2303  0.4
14  Mo        518 0511  1.8 1129  0.3 1742  1.8 2352  0.4
15  Tu        518 0600  1.9 1217  0.3 1832  1.9 9999  9.9
16  We        518 0041  0.3 0649  1.9 1306  0.2 1921  2.0
17  Th        518 0132  0.3 0739  2.0 1356  0.1 2011  2.0
18  Fr        518 0223  0.2 0830  2.0 1446  0.1 2102  2.0
19  Sa        518 0316  0.2 0923  2.0 1538  0.1 2155  2.0
20  Su        518 0411  0.2 1018  1.9 1631  0.1 2249  2.0
21  Mo        518 0507  0.3 1114  1.9 1726  0.2 2345  2.0
22  Tu        518 0605  0.3 1212  1.8 1823  0.3 9999  9.9
23  We        518 0043  1.9 0704  0.3 1312  1.8 1923  0.3
24  Th        518 0142  1.9 0803  0.3 1414  1.8 2024  0.4
25  Fr        518 0240  1.8 0902  0.4 1515  1.7 2124  0.4
26  Sa        518 0336  1.8 0958  0.4 1614  1.8 2221  0.4
27  Su        518 0430  1.8 1051  0.3 1710  1.8 2315  0.4
28  Mo        518 0521  1.8 1142  0.3 1800  1.8 9999  9.9
29  Tu        518 0006  0.4 0610  1.8 1229  0.3 1847  1.8
30  We        518 0053  0.4 0655  1.8 1313  0.3 1931  1.8
31  Th        518 0138  0.4 0739  1.7 1355  0.3 2013  1.8
 1  Fr        618 0221  0.5 0822  1.7 1436  0.3 2054  1.8
 2  Sa        618 0304  0.5 0903  1.7 1516  0.4 2134  1.8
 3  Su        618 0346  0.5 0945  1.7 1556  0.4 2215  1.8
 4  Mo        618 0429  0.5 1028  1.7 1638  0.4 2258  1.8
 5  Tu        618 0513  0.5 1111  1.6 1721  0.5 2341  1.7
 6  We        618 0558  0.5 1157  1.6 1807  0.5 9999  9.9
 7  Th        618 0027  1.7 0645  0.5 1245  1.6 1856  0.5
 8  Fr        618 0114  1.7 0732  0.5 1336  1.6 1947  0.5
 9  Sa        618 0202  1.7 0821  0.5 1429  1.6 2040  0.5
10  Su        618 0252  1.7 0912  0.4 1523  1.7 2133  0.5
11  Mo        618 0343  1.8 1003  0.4 1618  1.8 2227  0.4
12  Tu        618 0434  1.8 1055  0.3 1711  1.8 2321  0.4
13  We        618 0527  1.9 1147  0.2 1805  1.9 9999  9.9
14  Th        618 0015  0.3 0621  1.9 1240  0.1 1858  2.0
15  Fr        618 0109  0.3 0715  2.0 1333  0.1 1951  2.1
16  Sa        618 0204  0.2 0810  2.0 1426  0.1 2044  2.1
17  Su        618 0300  0.2 0906  2.0 1519  0.1 2138  2.1
18  Mo        618 0356  0.2 1002  2.0 1613  0.1 2233  2.1
19  Tu        618 0452  0.2 1059  1.9 1709  0.2 2328  2.0
20  We        618 0549  0.3 1156  1.9 1806  0.3 9999  9.9
21  Th        618 0024  2.0 0646  0.3 1255  1.8 1904  0.3
22  Fr        618 0121  1.9 0743  0.3 1355  1.8 2003  0.4
23  Sa        618 0216  1.8 0839  0.4 1455  1.7 2102  0.5
24  Su        618 0311  1.8 0934  0.4 1553  1.7 2158  0.5
25  Mo        618 0404  1.7 1026  0.4 1647  1.7 2252  0.5
26  Tu        618 0455  1.7 1116  0.4 1737  1.8 2342  0.5
27  We        618 0543  1.7 1203  0.4 1823  1.8 9999  9.9
28  Th        618 0028  0.5 0629  1.7 1247  0.4 1906  1.8
29  Fr        618 0113  0.5 0713  1.7 1329  0.4 1947  1.8
30  Sa        618 0156  0.5 0755  1.7 1409  0.4 2027  1.8
 1  Su        718 0238  0.5 0836  1.7 1448  0.4 2107  1.8
 2  Mo        718 0319  0.5 0917  1.7 1528  0.4 2146  1.8
 3  Tu        718 0400  0.5 0959  1.7 1608  0.4 2227  1.8
 4  We        718 0442  0.5 1041  1.7 1649  0.4 2308  1.8
 5  Th        718 0525  0.5 1124  1.7 1733  0.5 2351  1.8
 6  Fr        718 0609  0.5 1210  1.7 1819  0.5 9999  9.9
 7  Sa        718 0036  1.7 0655  0.4 1300  1.7 1909  0.5
 8  Su        718 0124  1.8 0744  0.4 1353  1.7 2002  0.5
 9  Mo        718 0214  1.8 0835  0.4 1449  1.7 2059  0.5
10  Tu        718 0308  1.8 0930  0.3 1547  1.8 2156  0.4
11  We        718 0403  1.8 1026  0.2 1644  1.9 2254  0.4
12  Th        718 0501  1.9 1122  0.2 1741  2.0 2352  0.3
13  Fr        718 0558  1.9 1218  0.1 1837  2.0 9999  9.9
14  Sa        718 0049  0.2 0656  2.0 1313  0.1 1931  2.1
15  Su        718 0146  0.2 0753  2.0 1407  0.0 2025  2.1
16  Mo        718 0242  0.2 0849  2.0 1501  0.0 2119  2.1
17  Tu        718 0338  0.2 0945  2.0 1555  0.1 2213  2.1
18  We        718 0433  0.2 1040  1.9 1649  0.2 2307  2.0
19  Th        718 0527  0.2 1136  1.9 1744  0.3 9999  9.9
20  Fr        718 0000  1.9 0621  0.3 1232  1.8 1840  0.4
21  Sa        718 0054  1.9 0715  0.3 1330  1.8 1937  0.4
22  Su        718 0148  1.8 0810  0.4 1428  1.7 2035  0.5
23  Mo        718 0242  1.7 0904  0.4 1525  1.7 2131  0.5
24  Tu        718 0335  1.7 0957  0.4 1620  1.7 2225  0.6
25  We        718 0427  1.7 1048  0.4 1710  1.7 2315  0.5
26  Th        718 0516  1.7 1136  0.4 1757  1.7 9999  9.9
27  Fr        718 0003  0.5 0603  1.7 1221  0.4 1840  1.8
28  Sa        718 0047  0.5 0648  1.7 1303  0.4 1921  1.8
29  Su        718 0130  0.5 0730  1.7 1343  0.4 2000  1.8
30  Mo        718 0211  0.5 0811  1.7 1422  0.4 2039  1.8
31  Tu        718 0251  0.4 0851  1.7 1501  0.4 2117  1.8
 1  We        818 0331  0.4 0931  1.7 1540  0.4 2156  1.8
 2  Th        818 0411  0.4 1012  1.7 1620  0.4 2236  1.8
 3  Fr        818 0452  0.4 1054  1.7 1702  0.4 2317  1.8
 4  Sa        818 0535  0.4 1139  1.7 1748  0.5 9999  9.9
 5  Su        818 0002  1.8 0621  0.4 1228  1.7 1838  0.5
 6  Mo        818 0050  1.8 0710  0.4 1322  1.7 1933  0.5
 7  Tu        818 0143  1.8 0804  0.3 1421  1.8 2032  0.5
 8  We        818 0240  1.8 0902  0.3 1521  1.8 2133  0.4
 9  Th        818 0340  1.8 1001  0.2 1622  1.9 2234  0.4
10  Fr        818 0441  1.9 1101  0.2 1721  2.0 2334  0.3
11  Sa        818 0541  1.9 1159  0.1 1817  2.0 9999  9.9
12  Su        818 0032  0.2 0640  2.0 1255  0.1 1912  2.1
13  Mo        818 0129  0.2 0737  2.0 1349  0.1 2006  2.1
14  Tu        818 0223  0.1 0832  2.0 1442  0.1 2058  2.1
15  We        818 0317  0.1 0925  2.0 1534  0.1 2150  2.1
16  Th        818 0409  0.2 1018  2.0 1626  0.2 2241  2.0
17  Fr        818 0500  0.2 1111  1.9 1719  0.3 2332  1.9
18  Sa        818 0551  0.3 1204  1.8 1812  0.4 9999  9.9
19  Su        818 0023  1.8 0642  0.3 1258  1.8 1907  0.5
20  Mo        818 0115  1.7 0735  0.4 1355  1.7 2003  0.5
21  Tu        818 0208  1.7 0829  0.5 1452  1.7 2100  0.6
22  We        818 0302  1.6 0924  0.5 1547  1.7 2155  0.6
23  Th        818 0356  1.6 1017  0.5 1639  1.7 2246  0.6
24  Fr        818 0448  1.6 1107  0.5 1727  1.7 2335  0.5
25  Sa        818 0537  1.6 1153  0.4 1811  1.8 9999  9.9
26  Su        818 0020  0.5 0622  1.7 1236  0.4 1852  1.8
27  Mo        818 0102  0.5 0705  1.7 1317  0.4 1931  1.8
28  Tu        818 0142  0.4 0745  1.7 1355  0.4 2009  1.8
29  We        818 0221  0.4 0825  1.8 1434  0.3 2047  1.9
30  Th        818 0300  0.4 0904  1.8 1513  0.4 2125  1.9
31  Fr        818 0340  0.3 0945  1.8 1553  0.4 2206  1.8
 1  Sa        918 0421  0.3 1027  1.8 1636  0.4 2248  1.8
 2  Su        918 0505  0.3 1113  1.8 1723  0.4 2334  1.8
 3  Mo        918 0552  0.3 1203  1.8 1814  0.4 9999  9.9
 4  Tu        918 0024  1.8 0643  0.3 1258  1.8 1911  0.5
 5  We        918 0119  1.8 0739  0.3 1358  1.8 2012  0.5
 6  Th        918 0219  1.8 0840  0.3 1501  1.8 2115  0.4
 7  Fr        918 0322  1.8 0942  0.3 1603  1.9 2218  0.4
 8  Sa        918 0426  1.8 1043  0.2 1702  2.0 2318  0.3
 9  Su        918 0527  1.9 1142  0.2 1759  2.0 9999  9.9
10  Mo        918 0016  0.2 0626  2.0 1238  0.1 1853  2.1
11  Tu        918 0110  0.2 0721  2.0 1331  0.1 1945  2.1
12  We        918 0203  0.1 0814  2.0 1422  0.1 2035  2.1
13  Th        918 0253  0.1 0904  2.0 1513  0.2 2124  2.0
14  Fr        918 0342  0.2 0954  2.0 1602  0.2 2212  1.9
15  Sa        918 0430  0.2 1043  1.9 1652  0.3 2300  1.9
16  Su        918 0517  0.3 1132  1.8 1742  0.4 2349  1.8
17  Mo        918 0606  0.4 1223  1.8 1835  0.5 9999  9.9
18  Tu        918 0039  1.7 0656  0.4 1317  1.7 1929  0.6
19  We        918 0131  1.6 0749  0.5 1413  1.7 2025  0.6
20  Th        918 0226  1.6 0845  0.5 1509  1.7 2120  0.6
21  Fr        918 0322  1.6 0941  0.5 1602  1.7 2213  0.6
22  Sa        918 0417  1.6 1033  0.5 1651  1.7 2302  0.5
23  Su        918 0507  1.6 1122  0.5 1736  1.7 2348  0.5
24  Mo        918 0554  1.7 1206  0.4 1818  1.8 9999  9.9
25  Tu        918 0030  0.4 0637  1.7 1247  0.4 1858  1.8
26  We        918 0111  0.4 0718  1.8 1327  0.4 1937  1.9
27  Th        918 0151  0.3 0758  1.8 1406  0.3 2016  1.9
28  Fr        918 0231  0.3 0838  1.9 1447  0.3 2056  1.9
29  Sa        918 0312  0.3 0920  1.9 1529  0.3 2139  1.9
30  Su        918 0354  0.2 1005  1.9 1615  0.4 2224  1.9
 1  Mo       1018 0440  0.3 1052  1.9 1704  0.4 2312  1.8
 2  Tu       1018 0528  0.3 1144  1.8 1758  0.4 9999  9.9
 3  We       1018 0005  1.8 0621  0.3 1240  1.8 1856  0.4
 4  Th       1018 0102  1.8 0720  0.3 1341  1.8 1958  0.4
 5  Fr       1018 0205  1.8 0822  0.3 1443  1.8 2102  0.4
 6  Sa       1018 0309  1.8 0926  0.3 1545  1.9 2204  0.3
 7  Su       1018 0414  1.8 1027  0.3 1644  1.9 2303  0.3
 8  Mo       1018 0515  1.9 1126  0.2 1740  2.0 2359  0.2
 9  Tu       1018 0612  1.9 1221  0.2 1832  2.0 9999  9.9
10  We       1018 0051  0.2 0705  2.0 1312  0.2 1923  2.0
11  Th       1018 0141  0.1 0755  2.0 1402  0.2 2011  2.0
12  Fr       1018 0228  0.1 0842  2.0 1450  0.2 2058  1.9
13  Sa       1018 0314  0.2 0929  2.0 1537  0.3 2143  1.9
14  Su       1018 0359  0.2 1014  1.9 1624  0.4 2228  1.8
15  Mo       1018 0443  0.3 1100  1.8 1712  0.4 2314  1.7
16  Tu       1018 0528  0.4 1148  1.8 1801  0.5 9999  9.9
17  We       1018 0002  1.7 0616  0.5 1238  1.7 1853  0.6
18  Th       1018 0053  1.6 0708  0.5 1332  1.7 1947  0.6
19  Fr       1018 0147  1.6 0803  0.5 1426  1.7 2041  0.6
20  Sa       1018 0244  1.6 0859  0.6 1520  1.7 2134  0.6
21  Su       1018 0339  1.6 0954  0.5 1610  1.7 2224  0.5
22  Mo       1018 0432  1.6 1044  0.5 1656  1.7 2311  0.5
23  Tu       1018 0520  1.7 1130  0.5 1740  1.8 2355  0.4
24  We       1018 0605  1.7 1213  0.4 1822  1.8 9999  9.9
25  Th       1018 0037  0.3 0648  1.8 1256  0.4 1903  1.9
26  Fr       1018 0119  0.3 0731  1.9 1339  0.3 1946  1.9
27  Sa       1018 0202  0.2 0814  1.9 1423  0.3 2030  1.9
28  Su       1018 0246  0.2 0859  2.0 1509  0.3 2116  1.9
29  Mo       1018 0331  0.2 0946  2.0 1558  0.3 2204  1.9
30  Tu       1018 0419  0.2 1035  2.0 1650  0.3 2256  1.9
31  We       1018 0510  0.2 1128  1.9 1745  0.4 2351  1.8
 1  Th       1118 0604  0.3 1225  1.9 1844  0.4 9999  9.9
 2  Fr       1118 0050  1.8 0703  0.3 1325  1.9 1946  0.4
 3  Sa       1118 0153  1.7 0806  0.3 1426  1.9 2048  0.4
 4  Su       1118 0257  1.8 0909  0.4 1527  1.9 2148  0.3
 5  Mo       1118 0401  1.8 1011  0.4 1625  1.9 2246  0.3
 6  Tu       1118 0501  1.8 1109  0.3 1719  1.9 2340  0.2
 7  We       1118 0556  1.9 1203  0.3 1811  1.9 9999  9.9
 8  Th       1118 0031  0.2 0647  1.9 1253  0.3 1900  1.9
 9  Fr       1118 0119  0.2 0735  1.9 1342  0.3 1946  1.9
10  Sa       1118 0204  0.2 0821  1.9 1428  0.3 2031  1.9
11  Su       1118 0247  0.2 0904  1.9 1513  0.4 2115  1.8
12  Mo       1118 0329  0.3 0947  1.9 1558  0.4 2158  1.7
13  Tu       1118 0411  0.3 1030  1.8 1643  0.5 2242  1.7
14  We       1118 0454  0.4 1115  1.8 1729  0.5 2327  1.6
15  Th       1118 0539  0.4 1201  1.7 1817  0.5 9999  9.9
16  Fr       1118 0015  1.6 0627  0.5 1250  1.7 1907  0.6
17  Sa       1118 0107  1.6 0719  0.5 1341  1.7 1959  0.6
18  Su       1118 0201  1.6 0813  0.6 1432  1.7 2050  0.5
19  Mo       1118 0256  1.6 0908  0.6 1522  1.7 2141  0.5
20  Tu       1118 0350  1.6 1000  0.5 1611  1.7 2229  0.4
21  We       1118 0442  1.7 1050  0.5 1658  1.8 2316  0.4
22  Th       1118 0530  1.7 1137  0.5 1744  1.8 9999  9.9
23  Fr       1118 0003  0.3 0617  1.8 1225  0.4 1830  1.9
24  Sa       1118 0049  0.2 0704  1.9 1312  0.3 1918  1.9
25  Su       1118 0135  0.1 0751  2.0 1401  0.3 2006  1.9
26  Mo       1118 0223  0.1 0839  2.0 1451  0.3 2056  2.0
27  Tu       1118 0311  0.1 0929  2.0 1543  0.3 2148  1.9
28  We       1118 0402  0.1 1020  2.0 1637  0.3 2242  1.9
29  Th       1118 0454  0.2 1114  2.0 1733  0.3 2338  1.8
30  Fr       1118 0549  0.2 1210  2.0 1831  0.3 9999  9.9
 1  Sa       1218 0037  1.8 0648  0.3 1308  1.9 1931  0.3
 2  Su       1218 0139  1.8 0749  0.4 1407  1.9 2030  0.3
 3  Mo       1218 0242  1.7 0851  0.4 1506  1.8 2129  0.3
 4  Tu       1218 0345  1.8 0952  0.4 1603  1.8 2226  0.3
 5  We       1218 0444  1.8 1050  0.4 1657  1.8 2320  0.3
 6  Th       1218 0539  1.8 1143  0.4 1748  1.8 9999  9.9
 7  Fr       1218 0010  0.3 0629  1.8 1234  0.4 1837  1.8
 8  Sa       1218 0056  0.3 0715  1.9 1321  0.4 1923  1.8
 9  Su       1218 0140  0.3 0759  1.9 1406  0.4 2007  1.8
10  Mo       1218 0222  0.3 0841  1.9 1450  0.4 2049  1.7
11  Tu       1218 0303  0.3 0922  1.9 1533  0.4 2131  1.7
12  We       1218 0343  0.3 1002  1.8 1615  0.5 2213  1.7
13  Th       1218 0423  0.4 1044  1.8 1658  0.5 2255  1.7
14  Fr       1218 0505  0.4 1126  1.8 1743  0.5 2340  1.6
15  Sa       1218 0550  0.5 1211  1.7 1828  0.5 9999  9.9
16  Su       1218 0027  1.6 0637  0.5 1257  1.7 1916  0.5
17  Mo       1218 0118  1.6 0727  0.6 1345  1.7 2005  0.5
18  Tu       1218 0211  1.6 0820  0.6 1434  1.7 2055  0.5
19  We       1218 0306  1.6 0914  0.6 1524  1.7 2146  0.4
20  Th       1218 0401  1.7 1008  0.5 1615  1.8 2238  0.4
21  Fr       1218 0454  1.7 1101  0.5 1707  1.8 2329  0.3
22  Sa       1218 0547  1.8 1154  0.4 1759  1.9 9999  9.9
23  Su       1218 0020  0.2 0638  1.9 1247  0.3 1852  1.9
24  Mo       1218 0111  0.1 0729  2.0 1340  0.3 1946  2.0
25  Tu       1218 0202  0.1 0820  2.1 1434  0.2 2039  2.0
26  We       1218 0254  0.1 0912  2.1 1528  0.2 2133  2.0
27  Th       1218 0346  0.1 1005  2.1 1623  0.2 2228  1.9
28  Fr       1218 0439  0.1 1058  2.1 1718  0.2 2324  1.9
29  Sa       1218 0533  0.2 1153  2.0 1814  0.3 9999  9.9
30  Su       1218 0021  1.8 0630  0.3 1248  1.9 1911  0.3
31  Mo       1218 0121  1.8 0729  0.4 1345  1.9 2008  0.3
