372Anawhata
Based on data from  2-Jul-2002
Local Std Time, tidal heights in metres.
 1  Su        117 0518  0.5 1125  3.1 1744  0.6 2344  2.9
 2  Mo        117 0555  0.6 1203  3.0 1823  0.6 9999  9.9
 3  Tu        117 0024  2.9 0635  0.6 1244  3.0 1906  0.6
 4  We        117 0108  2.8 0719  0.7 1330  2.9 1953  0.7
 5  Th        117 0158  2.8 0810  0.8 1423  2.9 2046  0.7
 6  Fr        117 0255  2.7 0909  0.9 1524  2.8 2147  0.8
 7  Sa        117 0400  2.7 1016  0.9 1629  2.8 2253  0.8
 8  Su        117 0510  2.7 1127  0.8 1738  2.8 9999  9.9
 9  Mo        117 0001  0.7 0620  2.8 1237  0.7 1845  2.9
10  Tu        117 0107  0.6 0724  3.0 1341  0.6 1948  3.0
11  We        117 0207  0.5 0822  3.1 1438  0.5 2045  3.1
12  Th        117 0301  0.3 0915  3.3 1529  0.4 2137  3.2
13  Fr        117 0350  0.3 1003  3.3 1618  0.3 2226  3.2
14  Sa        117 0436  0.3 1049  3.3 1704  0.3 2311  3.2
15  Su        117 0520  0.3 1133  3.3 1749  0.4 2355  3.1
16  Mo        117 0603  0.4 1216  3.2 1832  0.5 9999  9.9
17  Tu        117 0038  3.0 0645  0.6 1259  3.0 1915  0.6
18  We        117 0122  2.8 0729  0.7 1342  2.9 2000  0.8
19  Th        117 0207  2.7 0815  0.9 1429  2.7 2046  0.9
20  Fr        117 0256  2.5 0906  1.0 1520  2.6 2138  1.0
21  Sa        117 0353  2.5 1006  1.2 1617  2.5 2237  1.1
22  Su        117 0457  2.4 1112  1.2 1719  2.4 2341  1.1
23  Mo        117 0604  2.5 1218  1.1 1822  2.5 9999  9.9
24  Tu        117 0043  1.0 0704  2.6 1317  1.0 1919  2.6
25  We        117 0138  0.9 0754  2.7 1406  0.9 2009  2.7
26  Th        117 0225  0.8 0837  2.9 1450  0.8 2053  2.8
27  Fr        117 0306  0.6 0916  3.0 1530  0.6 2133  2.9
28  Sa        117 0345  0.5 0953  3.1 1608  0.5 2211  3.0
29  Su        117 0422  0.5 1029  3.2 1646  0.5 2248  3.0
30  Mo        117 0459  0.4 1106  3.2 1724  0.4 2326  3.1
31  Tu        117 0536  0.4 1144  3.2 1803  0.4 9999  9.9
 1  We        217 0005  3.1 0616  0.5 1224  3.2 1844  0.5
 2  Th        217 0048  3.0 0659  0.5 1309  3.1 1930  0.6
 3  Fr        217 0136  2.9 0748  0.7 1400  3.0 2021  0.7
 4  Sa        217 0230  2.8 0845  0.8 1459  2.8 2120  0.8
 5  Su        217 0334  2.7 0952  0.9 1605  2.7 2227  0.8
 6  Mo        217 0447  2.7 1107  0.9 1719  2.7 2341  0.8
 7  Tu        217 0603  2.8 1223  0.8 1832  2.8 9999  9.9
 8  We        217 0053  0.7 0713  2.9 1330  0.7 1939  2.9
 9  Th        217 0156  0.6 0812  3.0 1427  0.6 2036  3.0
10  Fr        217 0249  0.5 0903  3.2 1517  0.4 2126  3.1
11  Sa        217 0336  0.4 0949  3.3 1603  0.4 2211  3.1
12  Su        217 0419  0.3 1031  3.3 1645  0.3 2252  3.2
13  Mo        217 0459  0.3 1110  3.3 1725  0.4 2331  3.1
14  Tu        217 0538  0.4 1148  3.2 1803  0.5 9999  9.9
15  We        217 0008  3.0 0616  0.5 1225  3.0 1841  0.6
16  Th        217 0046  2.9 0654  0.7 1303  2.9 1919  0.7
17  Fr        217 0124  2.8 0734  0.8 1343  2.7 2000  0.9
18  Sa        217 0207  2.6 0820  1.0 1428  2.6 2047  1.0
19  Su        217 0258  2.5 0914  1.1 1522  2.5 2142  1.1
20  Mo        217 0400  2.4 1019  1.2 1626  2.4 2249  1.1
21  Tu        217 0512  2.4 1132  1.2 1737  2.4 9999  9.9
22  We        217 0000  1.1 0622  2.5 1239  1.1 1843  2.5
23  Th        217 0103  1.0 0720  2.6 1335  1.0 1939  2.6
24  Fr        217 0155  0.8 0807  2.8 1422  0.8 2026  2.8
25  Sa        217 0239  0.7 0848  3.0 1504  0.6 2108  2.9
26  Su        217 0320  0.5 0927  3.1 1543  0.5 2147  3.1
27  Mo        217 0358  0.4 1005  3.2 1622  0.3 2226  3.2
28  Tu        217 0436  0.3 1043  3.3 1701  0.3 2305  3.2
 1  We        317 0516  0.3 1123  3.3 1741  0.3 2346  3.2
 2  Th        317 0557  0.3 1205  3.3 1823  0.3 9999  9.9
 3  Fr        317 0029  3.1 0642  0.4 1251  3.1 1909  0.5
 4  Sa        317 0117  3.0 0731  0.6 1342  3.0 2001  0.6
 5  Su        317 0212  2.9 0829  0.7 1441  2.8 2100  0.8
 6  Mo        317 0317  2.7 0937  0.9 1550  2.7 2210  0.9
 7  Tu        317 0432  2.7 1054  0.9 1707  2.6 2327  0.9
 8  We        317 0552  2.7 1211  0.9 1824  2.7 9999  9.9
 9  Th        317 0042  0.8 0702  2.8 1319  0.8 1930  2.8
10  Fr        317 0143  0.7 0759  3.0 1414  0.6 2024  2.9
11  Sa        317 0234  0.5 0847  3.1 1500  0.5 2110  3.0
12  Su        317 0318  0.4 0929  3.2 1542  0.4 2151  3.1
13  Mo        317 0358  0.4 1007  3.2 1621  0.4 2228  3.1
14  Tu        317 0435  0.4 1043  3.2 1657  0.4 2303  3.1
15  We        317 0511  0.4 1118  3.1 1732  0.5 2337  3.0
16  Th        317 0546  0.5 1152  3.0 1807  0.6 9999  9.9
17  Fr        317 0012  2.9 0622  0.7 1227  2.9 1843  0.7
18  Sa        317 0047  2.8 0700  0.8 1304  2.7 1921  0.8
19  Su        317 0127  2.7 0742  1.0 1347  2.6 2004  1.0
20  Mo        317 0214  2.6 0833  1.1 1438  2.5 2056  1.1
21  Tu        317 0312  2.5 0935  1.2 1541  2.4 2200  1.2
22  We        317 0422  2.4 1046  1.2 1652  2.4 2313  1.1
23  Th        317 0534  2.5 1156  1.1 1802  2.5 9999  9.9
24  Fr        317 0022  1.0 0637  2.6 1256  1.0 1902  2.6
25  Sa        317 0118  0.9 0728  2.8 1346  0.8 1953  2.8
26  Su        317 0206  0.7 0814  3.0 1431  0.6 2037  3.0
27  Mo        317 0249  0.5 0856  3.2 1513  0.4 2119  3.2
28  Tu        317 0331  0.3 0937  3.3 1555  0.3 2201  3.3
29  We        317 0412  0.3 1019  3.4 1636  0.2 2243  3.3
30  Th        317 0455  0.2 1102  3.4 1719  0.2 2326  3.3
31  Fr        317 0539  0.3 1147  3.3 1804  0.3 9999  9.9
 1  Sa        417 0012  3.2 0627  0.4 1236  3.1 1852  0.4
 2  Su        417 0102  3.1 0719  0.6 1329  3.0 1945  0.6
 3  Mo        417 0159  2.9 0818  0.7 1430  2.8 2046  0.8
 4  Tu        417 0305  2.8 0927  0.9 1540  2.6 2156  0.9
 5  We        417 0420  2.7 1042  0.9 1657  2.6 2312  0.9
 6  Th        417 0537  2.7 1156  0.9 1811  2.6 9999  9.9
 7  Fr        417 0025  0.9 0644  2.8 1300  0.8 1914  2.7
 8  Sa        417 0124  0.8 0738  2.9 1353  0.7 2005  2.9
 9  Su        417 0213  0.6 0824  3.0 1437  0.6 2048  3.0
10  Mo        417 0255  0.6 0904  3.1 1517  0.5 2126  3.0
11  Tu        417 0333  0.5 0940  3.1 1553  0.5 2201  3.1
12  We        417 0409  0.5 1015  3.1 1628  0.5 2235  3.1
13  Th        417 0444  0.5 1048  3.0 1702  0.5 2308  3.0
14  Fr        417 0519  0.6 1122  3.0 1736  0.6 2342  3.0
15  Sa        417 0554  0.7 1156  2.9 1812  0.7 9999  9.9
16  Su        417 0017  2.9 0632  0.8 1234  2.7 1849  0.8
17  Mo        417 0056  2.7 0714  0.9 1316  2.6 1931  0.9
18  Tu        417 0141  2.6 0802  1.0 1405  2.5 2020  1.0
19  We        417 0235  2.5 0859  1.1 1504  2.4 2120  1.1
20  Th        417 0339  2.5 1004  1.1 1611  2.4 2228  1.1
21  Fr        417 0447  2.5 1110  1.1 1718  2.5 2335  1.0
22  Sa        417 0550  2.6 1211  0.9 1820  2.6 9999  9.9
23  Su        417 0036  0.9 0645  2.8 1306  0.7 1915  2.8
24  Mo        417 0129  0.7 0736  3.0 1355  0.5 2004  3.0
25  Tu        417 0217  0.5 0823  3.2 1442  0.4 2051  3.2
26  We        417 0303  0.3 0909  3.3 1527  0.2 2136  3.3
27  Th        417 0349  0.2 0955  3.4 1613  0.2 2222  3.4
28  Fr        417 0436  0.2 1042  3.3 1659  0.2 2309  3.4
29  Sa        417 0524  0.3 1131  3.3 1747  0.3 2357  3.3
30  Su        417 0614  0.4 1223  3.1 1837  0.4 9999  9.9
 1  Mo        517 0050  3.1 0709  0.5 1319  3.0 1932  0.6
 2  Tu        517 0148  3.0 0808  0.7 1420  2.8 2032  0.8
 3  We        517 0252  2.8 0914  0.8 1527  2.7 2138  0.9
 4  Th        517 0402  2.7 1023  0.9 1639  2.6 2250  0.9
 5  Fr        517 0513  2.7 1132  0.9 1748  2.6 2359  0.9
 6  Sa        517 0616  2.8 1233  0.8 1848  2.7 9999  9.9
 7  Su        517 0057  0.8 0709  2.8 1324  0.7 1938  2.8
 8  Mo        517 0146  0.8 0754  2.9 1408  0.7 2021  2.9
 9  Tu        517 0228  0.7 0834  2.9 1448  0.6 2059  3.0
10  We        517 0307  0.6 0911  3.0 1525  0.5 2134  3.0
11  Th        517 0343  0.6 0946  3.0 1600  0.5 2209  3.0
12  Fr        517 0419  0.6 1021  2.9 1635  0.5 2243  3.0
13  Sa        517 0455  0.6 1056  2.9 1710  0.6 2317  3.0
14  Su        517 0532  0.7 1132  2.8 1746  0.7 2353  2.9
15  Mo        517 0610  0.8 1210  2.7 1824  0.8 9999  9.9
16  Tu        517 0032  2.8 0652  0.9 1252  2.6 1905  0.9
17  We        517 0115  2.7 0738  0.9 1339  2.6 1951  1.0
18  Th        517 0204  2.6 0829  1.0 1433  2.5 2045  1.0
19  Fr        517 0302  2.6 0927  1.0 1533  2.5 2147  1.0
20  Sa        517 0403  2.6 1027  0.9 1637  2.6 2251  1.0
21  Su        517 0505  2.7 1128  0.8 1739  2.7 2354  0.9
22  Mo        517 0604  2.8 1226  0.7 1838  2.8 9999  9.9
23  Tu        517 0053  0.7 0659  3.0 1320  0.5 1932  3.0
24  We        517 0147  0.5 0752  3.1 1413  0.4 2024  3.2
25  Th        517 0238  0.4 0844  3.2 1503  0.3 2114  3.3
26  Fr        517 0329  0.3 0935  3.3 1553  0.2 2204  3.4
27  Sa        517 0419  0.2 1026  3.3 1642  0.2 2254  3.4
28  Su        517 0510  0.3 1118  3.2 1732  0.3 2344  3.3
29  Mo        517 0602  0.4 1211  3.1 1823  0.4 9999  9.9
30  Tu        517 0037  3.2 0656  0.5 1306  3.0 1916  0.6
31  We        517 0133  3.0 0753  0.6 1404  2.8 2013  0.7
 1  Th        617 0233  2.9 0853  0.8 1505  2.7 2113  0.9
 2  Fr        617 0335  2.8 0954  0.9 1609  2.6 2218  1.0
 3  Sa        617 0438  2.7 1056  0.9 1713  2.6 2322  1.0
 4  Su        617 0538  2.7 1155  0.9 1813  2.6 9999  9.9
 5  Mo        617 0022  1.0 0632  2.7 1248  0.8 1905  2.7
 6  Tu        617 0113  0.9 0720  2.7 1335  0.8 1950  2.8
 7  We        617 0158  0.8 0802  2.8 1417  0.7 2031  2.9
 8  Th        617 0240  0.8 0842  2.8 1457  0.6 2109  2.9
 9  Fr        617 0319  0.7 0920  2.9 1535  0.6 2145  3.0
10  Sa        617 0357  0.7 0958  2.9 1612  0.6 2221  3.0
11  Su        617 0435  0.7 1035  2.9 1649  0.6 2257  3.0
12  Mo        617 0513  0.7 1113  2.8 1725  0.6 2333  2.9
13  Tu        617 0551  0.7 1151  2.8 1803  0.7 9999  9.9
14  We        617 0011  2.9 0631  0.8 1231  2.7 1842  0.8
15  Th        617 0051  2.8 0714  0.8 1315  2.7 1925  0.8
16  Fr        617 0137  2.8 0801  0.9 1404  2.6 2014  0.9
17  Sa        617 0228  2.7 0852  0.9 1459  2.6 2111  0.9
18  Su        617 0325  2.7 0949  0.8 1559  2.6 2213  0.9
19  Mo        617 0426  2.8 1049  0.8 1702  2.7 2318  0.9
20  Tu        617 0528  2.8 1150  0.7 1805  2.8 9999  9.9
21  We        617 0021  0.7 0629  2.9 1251  0.6 1906  3.0
22  Th        617 0122  0.6 0728  3.1 1349  0.4 2003  3.1
23  Fr        617 0219  0.5 0825  3.2 1444  0.3 2057  3.3
24  Sa        617 0313  0.3 0919  3.2 1536  0.2 2149  3.4
25  Su        617 0405  0.3 1013  3.2 1627  0.2 2240  3.4
26  Mo        617 0457  0.3 1105  3.2 1717  0.3 2330  3.3
27  Tu        617 0548  0.3 1156  3.1 1806  0.4 9999  9.9
28  We        617 0020  3.2 0638  0.4 1247  3.0 1855  0.5
29  Th        617 0112  3.1 0730  0.6 1339  2.9 1946  0.7
30  Fr        617 0204  2.9 0822  0.7 1433  2.7 2040  0.8
 1  Sa        717 0259  2.8 0916  0.8 1529  2.6 2138  1.0
 2  Su        717 0355  2.7 1013  0.9 1629  2.5 2238  1.0
 3  Mo        717 0453  2.6 1110  1.0 1729  2.5 2340  1.1
 4  Tu        717 0549  2.6 1207  0.9 1827  2.6 9999  9.9
 5  We        717 0037  1.0 0642  2.6 1300  0.9 1918  2.7
 6  Th        717 0128  1.0 0731  2.7 1348  0.8 2004  2.8
 7  Fr        717 0214  0.9 0816  2.7 1432  0.7 2045  2.9
 8  Sa        717 0256  0.8 0858  2.8 1513  0.7 2124  2.9
 9  Su        717 0337  0.7 0938  2.8 1551  0.6 2201  3.0
10  Mo        717 0415  0.7 1016  2.9 1628  0.6 2236  3.0
11  Tu        717 0453  0.6 1054  2.9 1705  0.6 2312  3.0
12  We        717 0530  0.6 1131  2.9 1741  0.6 2348  3.0
13  Th        717 0608  0.6 1209  2.8 1819  0.7 9999  9.9
14  Fr        717 0027  3.0 0649  0.7 1250  2.8 1900  0.7
15  Sa        717 0110  2.9 0732  0.7 1335  2.8 1946  0.8
16  Su        717 0158  2.9 0821  0.7 1427  2.7 2040  0.8
17  Mo        717 0253  2.8 0915  0.8 1526  2.7 2141  0.9
18  Tu        717 0354  2.8 1017  0.8 1632  2.7 2249  0.9
19  We        717 0500  2.8 1123  0.7 1741  2.8 2358  0.8
20  Th        717 0607  2.9 1230  0.7 1847  2.9 9999  9.9
21  Fr        717 0105  0.7 0712  2.9 1333  0.5 1949  3.1
22  Sa        717 0206  0.5 0813  3.1 1430  0.4 2045  3.2
23  Su        717 0301  0.4 0908  3.1 1523  0.3 2136  3.3
24  Mo        717 0352  0.3 1000  3.2 1612  0.3 2225  3.4
25  Tu        717 0441  0.3 1049  3.2 1659  0.3 2312  3.3
26  We        717 0528  0.3 1136  3.1 1744  0.3 2357  3.2
27  Th        717 0614  0.4 1221  3.0 1829  0.5 9999  9.9
28  Fr        717 0043  3.1 0659  0.5 1307  2.9 1914  0.6
29  Sa        717 0128  2.9 0745  0.7 1353  2.8 2001  0.8
30  Su        717 0216  2.8 0832  0.8 1443  2.6 2053  1.0
31  Mo        717 0307  2.6 0924  1.0 1538  2.5 2150  1.1
 1  Tu        817 0402  2.5 1020  1.0 1640  2.5 2254  1.2
 2  We        817 0503  2.5 1122  1.1 1745  2.5 2359  1.1
 3  Th        817 0604  2.5 1224  1.0 1846  2.6 9999  9.9
 4  Fr        817 0058  1.1 0701  2.5 1319  0.9 1937  2.7
 5  Sa        817 0149  0.9 0752  2.6 1407  0.8 2021  2.8
 6  Su        817 0233  0.8 0837  2.8 1450  0.7 2101  2.9
 7  Mo        817 0314  0.7 0917  2.9 1529  0.6 2137  3.0
 8  Tu        817 0352  0.6 0955  2.9 1606  0.5 2213  3.1
 9  We        817 0429  0.5 1031  3.0 1642  0.5 2248  3.1
10  Th        817 0506  0.5 1108  3.0 1718  0.5 2324  3.1
11  Fr        817 0543  0.5 1145  3.0 1755  0.5 9999  9.9
12  Sa        817 0002  3.1 0622  0.5 1225  3.0 1836  0.6
13  Su        817 0044  3.0 0705  0.6 1309  2.9 1921  0.7
14  Mo        817 0132  2.9 0753  0.7 1400  2.8 2015  0.8
15  Tu        817 0227  2.8 0848  0.8 1500  2.7 2118  0.9
16  We        817 0331  2.7 0952  0.8 1610  2.7 2229  0.9
17  Th        817 0441  2.7 1103  0.8 1725  2.7 2345  0.9
18  Fr        817 0555  2.7 1216  0.8 1836  2.9 9999  9.9
19  Sa        817 0055  0.7 0704  2.8 1323  0.6 1939  3.0
20  Su        817 0156  0.6 0805  3.0 1420  0.5 2034  3.2
21  Mo        817 0249  0.4 0858  3.1 1510  0.3 2122  3.3
22  Tu        817 0337  0.3 0946  3.2 1555  0.3 2207  3.3
23  We        817 0422  0.3 1030  3.2 1638  0.3 2249  3.3
24  Th        817 0504  0.3 1111  3.2 1719  0.3 2330  3.2
25  Fr        817 0545  0.4 1151  3.1 1759  0.5 9999  9.9
26  Sa        817 0009  3.1 0625  0.5 1231  3.0 1839  0.6
27  Su        817 0049  2.9 0705  0.7 1311  2.8 1921  0.8
28  Mo        817 0131  2.8 0747  0.8 1355  2.6 2008  1.0
29  Tu        817 0217  2.6 0834  1.0 1447  2.5 2102  1.1
30  We        817 0312  2.5 0930  1.1 1549  2.4 2207  1.2
31  Th        817 0415  2.4 1035  1.1 1700  2.4 2318  1.2
 1  Fr        917 0525  2.4 1145  1.1 1809  2.5 9999  9.9
 2  Sa        917 0025  1.1 0630  2.5 1248  1.0 1906  2.6
 3  Su        917 0120  1.0 0725  2.6 1340  0.9 1952  2.8
 4  Mo        917 0206  0.8 0811  2.8 1423  0.7 2032  2.9
 5  Tu        917 0247  0.7 0852  2.9 1503  0.6 2109  3.1
 6  We        917 0325  0.5 0929  3.0 1540  0.5 2145  3.2
 7  Th        917 0402  0.4 1006  3.1 1616  0.4 2221  3.2
 8  Fr        917 0439  0.4 1043  3.2 1653  0.4 2259  3.2
 9  Sa        917 0517  0.3 1121  3.2 1732  0.4 2338  3.2
10  Su        917 0557  0.4 1202  3.1 1814  0.5 9999  9.9
11  Mo        917 0022  3.1 0641  0.5 1247  3.0 1902  0.6
12  Tu        917 0111  3.0 0730  0.6 1339  2.9 1957  0.7
13  We        917 0208  2.8 0827  0.8 1441  2.8 2102  0.9
14  Th        917 0315  2.7 0934  0.9 1555  2.7 2218  0.9
15  Fr        917 0431  2.6 1050  0.9 1715  2.7 2336  0.9
16  Sa        917 0549  2.7 1207  0.8 1828  2.8 9999  9.9
17  Su        917 0046  0.8 0658  2.8 1313  0.7 1929  3.0
18  Mo        917 0145  0.6 0756  2.9 1407  0.5 2020  3.1
19  Tu        917 0234  0.5 0844  3.1 1454  0.4 2104  3.2
20  We        917 0318  0.4 0928  3.2 1536  0.3 2145  3.3
21  Th        917 0359  0.3 1007  3.2 1615  0.3 2223  3.2
22  Fr        917 0437  0.3 1044  3.2 1652  0.4 2300  3.2
23  Sa        917 0514  0.4 1120  3.1 1729  0.5 2336  3.1
24  Su        917 0550  0.5 1156  3.0 1806  0.6 9999  9.9
25  Mo        917 0012  2.9 0627  0.7 1232  2.8 1845  0.8
26  Tu        917 0050  2.8 0706  0.8 1313  2.7 1928  1.0
27  We        917 0133  2.6 0750  1.0 1400  2.6 2020  1.1
28  Th        917 0226  2.4 0843  1.1 1500  2.4 2123  1.2
29  Fr        917 0330  2.4 0948  1.2 1611  2.4 2234  1.2
30  Sa        917 0442  2.3 1101  1.2 1724  2.5 2344  1.1
 1  Su       1017 0552  2.4 1209  1.1 1825  2.6 9999  9.9
 2  Mo       1017 0043  1.0 0651  2.6 1305  0.9 1915  2.8
 3  Tu       1017 0131  0.8 0739  2.7 1351  0.7 1958  2.9
 4  We       1017 0214  0.6 0821  2.9 1432  0.6 2037  3.1
 5  Th       1017 0254  0.5 0900  3.1 1511  0.4 2116  3.2
 6  Fr       1017 0333  0.3 0939  3.2 1550  0.3 2155  3.3
 7  Sa       1017 0412  0.3 1018  3.3 1630  0.3 2235  3.3
 8  Su       1017 0453  0.2 1059  3.3 1712  0.3 2318  3.3
 9  Mo       1017 0536  0.3 1143  3.2 1757  0.4 9999  9.9
10  Tu       1017 0004  3.1 0622  0.4 1230  3.1 1848  0.5
11  We       1017 0056  3.0 0713  0.6 1325  3.0 1945  0.7
12  Th       1017 0156  2.8 0812  0.7 1429  2.8 2052  0.8
13  Fr       1017 0305  2.7 0920  0.9 1544  2.7 2207  0.9
14  Sa       1017 0422  2.6 1037  0.9 1702  2.7 2324  0.9
15  Su       1017 0539  2.6 1153  0.9 1813  2.8 9999  9.9
16  Mo       1017 0032  0.8 0646  2.8 1257  0.8 1912  2.9
17  Tu       1017 0127  0.6 0740  2.9 1349  0.6 2000  3.0
18  We       1017 0215  0.5 0826  3.0 1434  0.5 2043  3.1
19  Th       1017 0256  0.4 0906  3.1 1514  0.5 2121  3.1
20  Fr       1017 0334  0.4 0943  3.1 1551  0.4 2157  3.1
21  Sa       1017 0410  0.4 1018  3.1 1627  0.5 2231  3.1
22  Su       1017 0445  0.4 1052  3.1 1702  0.5 2305  3.0
23  Mo       1017 0520  0.5 1126  3.0 1738  0.6 2340  2.9
24  Tu       1017 0555  0.6 1201  2.9 1816  0.8 9999  9.9
25  We       1017 0017  2.8 0632  0.8 1239  2.8 1858  0.9
26  Th       1017 0059  2.6 0714  0.9 1324  2.6 1946  1.0
27  Fr       1017 0148  2.5 0803  1.0 1418  2.5 2043  1.1
28  Sa       1017 0248  2.4 0903  1.1 1523  2.5 2149  1.2
29  Su       1017 0356  2.4 1011  1.2 1632  2.5 2255  1.1
30  Mo       1017 0505  2.4 1120  1.1 1735  2.6 2356  1.0
31  Tu       1017 0606  2.6 1221  1.0 1830  2.7 9999  9.9
 1  We       1117 0050  0.8 0700  2.7 1312  0.8 1918  2.9
 2  Th       1117 0137  0.6 0746  2.9 1359  0.6 2003  3.1
 3  Fr       1117 0222  0.4 0830  3.1 1442  0.4 2046  3.2
 4  Sa       1117 0305  0.3 0913  3.3 1526  0.3 2130  3.3
 5  Su       1117 0348  0.2 0957  3.3 1610  0.3 2215  3.3
 6  Mo       1117 0433  0.2 1041  3.4 1656  0.3 2302  3.3
 7  Tu       1117 0519  0.2 1128  3.3 1745  0.3 2352  3.2
 8  We       1117 0607  0.4 1218  3.2 1837  0.5 9999  9.9
 9  Th       1117 0046  3.0 0700  0.5 1314  3.0 1935  0.6
10  Fr       1117 0146  2.8 0758  0.7 1417  2.9 2040  0.8
11  Sa       1117 0252  2.7 0904  0.9 1527  2.8 2150  0.9
12  Su       1117 0405  2.6 1016  0.9 1640  2.7 2301  0.9
13  Mo       1117 0518  2.6 1129  0.9 1748  2.8 9999  9.9
14  Tu       1117 0007  0.8 0623  2.7 1233  0.8 1846  2.8
15  We       1117 0102  0.7 0718  2.8 1326  0.8 1935  2.9
16  Th       1117 0150  0.6 0804  2.9 1411  0.7 2018  3.0
17  Fr       1117 0231  0.6 0843  3.0 1451  0.6 2056  3.0
18  Sa       1117 0309  0.5 0920  3.0 1528  0.6 2132  3.0
19  Su       1117 0345  0.5 0955  3.1 1604  0.6 2207  3.0
20  Mo       1117 0420  0.5 1029  3.1 1640  0.6 2242  2.9
21  Tu       1117 0455  0.5 1103  3.0 1717  0.7 2317  2.9
22  We       1117 0531  0.6 1138  2.9 1755  0.7 2354  2.8
23  Th       1117 0608  0.7 1215  2.8 1835  0.8 9999  9.9
24  Fr       1117 0034  2.7 0647  0.8 1256  2.7 1919  0.9
25  Sa       1117 0119  2.6 0731  1.0 1343  2.6 2008  1.0
26  Su       1117 0211  2.5 0822  1.0 1438  2.6 2104  1.0
27  Mo       1117 0310  2.4 0922  1.1 1539  2.6 2204  1.0
28  Tu       1117 0413  2.5 1027  1.1 1642  2.6 2305  0.9
29  We       1117 0517  2.6 1131  1.0 1742  2.7 9999  9.9
30  Th       1117 0004  0.8 0617  2.7 1231  0.8 1837  2.9
 1  Fr       1217 0059  0.6 0711  2.9 1325  0.7 1930  3.0
 2  Sa       1217 0151  0.5 0802  3.1 1416  0.5 2021  3.2
 3  Su       1217 0240  0.3 0851  3.3 1506  0.3 2110  3.3
 4  Mo       1217 0329  0.2 0939  3.4 1555  0.3 2200  3.3
 5  Tu       1217 0417  0.2 1028  3.4 1644  0.2 2250  3.3
 6  We       1217 0505  0.2 1117  3.4 1735  0.3 2342  3.2
 7  Th       1217 0555  0.3 1208  3.3 1827  0.4 9999  9.9
 8  Fr       1217 0035  3.1 0647  0.5 1302  3.1 1922  0.5
 9  Sa       1217 0132  2.9 0741  0.6 1400  3.0 2021  0.7
10  Su       1217 0232  2.8 0841  0.8 1502  2.8 2122  0.8
11  Mo       1217 0336  2.6 0945  0.9 1607  2.7 2227  0.9
12  Tu       1217 0443  2.6 1054  1.0 1712  2.7 2330  0.9
13  We       1217 0549  2.6 1159  1.0 1812  2.7 9999  9.9
14  Th       1217 0029  0.8 0648  2.7 1256  0.9 1904  2.7
15  Fr       1217 0120  0.8 0737  2.8 1345  0.8 1950  2.8
16  Sa       1217 0205  0.7 0820  2.8 1428  0.8 2032  2.8
17  Su       1217 0246  0.6 0859  2.9 1508  0.7 2111  2.9
18  Mo       1217 0324  0.6 0935  3.0 1546  0.7 2148  2.9
19  Tu       1217 0400  0.6 1010  3.0 1623  0.6 2224  2.9
20  We       1217 0436  0.6 1045  3.0 1700  0.6 2300  2.9
21  Th       1217 0512  0.6 1120  3.0 1737  0.7 2337  2.8
22  Fr       1217 0548  0.7 1155  2.9 1815  0.7 9999  9.9
23  Sa       1217 0014  2.8 0624  0.7 1232  2.9 1854  0.8
24  Su       1217 0054  2.7 0704  0.8 1313  2.8 1937  0.8
25  Mo       1217 0138  2.6 0748  0.9 1400  2.7 2024  0.9
26  Tu       1217 0228  2.6 0839  1.0 1453  2.7 2118  0.9
27  We       1217 0326  2.6 0939  1.0 1553  2.7 2217  0.9
28  Th       1217 0430  2.6 1045  1.0 1657  2.7 2320  0.8
29  Fr       1217 0536  2.7 1152  0.9 1800  2.8 9999  9.9
30  Sa       1217 0024  0.7 0640  2.9 1256  0.7 1902  2.9
31  Su       1217 0124  0.6 0739  3.0 1355  0.6 2000  3.1
