374Kaingaroa
Based on data from  3-Jul-2008
Local Std Time, tidal heights in metres.
 1  Tu        119 0202  1.3 0809  0.3 1419  1.3 2039  0.2
 2  We        119 0300  1.3 0907  0.3 1515  1.3 2134  0.3
 3  Th        119 0357  1.3 1004  0.3 1609  1.2 2227  0.3
 4  Fr        119 0451  1.3 1100  0.4 1702  1.2 2317  0.3
 5  Sa        119 0542  1.3 1152  0.4 1752  1.2 9999  9.9
 6  Su        119 0006  0.3 0630  1.3 1241  0.4 1840  1.2
 7  Mo        119 0052  0.3 0715  1.3 1328  0.3 1926  1.2
 8  Tu        119 0136  0.3 0759  1.3 1412  0.3 2011  1.2
 9  We        119 0220  0.3 0840  1.3 1455  0.3 2054  1.2
10  Th        119 0302  0.3 0921  1.3 1537  0.3 2137  1.2
11  Fr        119 0344  0.3 1001  1.3 1617  0.3 2219  1.2
12  Sa        119 0425  0.3 1040  1.3 1657  0.3 2301  1.2
13  Su        119 0506  0.4 1120  1.3 1737  0.3 2343  1.2
14  Mo        119 0549  0.4 1200  1.2 1818  0.3 9999  9.9
15  Tu        119 0026  1.2 0633  0.4 1242  1.2 1901  0.3
16  We        119 0112  1.2 0720  0.4 1327  1.2 1947  0.3
17  Th        119 0201  1.2 0812  0.4 1417  1.2 2037  0.3
18  Fr        119 0254  1.3 0907  0.4 1512  1.3 2130  0.2
19  Sa        119 0349  1.3 1005  0.3 1609  1.3 2226  0.2
20  Su        119 0447  1.3 1103  0.3 1708  1.3 2323  0.2
21  Mo        119 0544  1.4 1202  0.2 1808  1.4 9999  9.9
22  Tu        119 0021  0.1 0642  1.5 1259  0.2 1906  1.4
23  We        119 0118  0.1 0738  1.5 1356  0.1 2004  1.4
24  Th        119 0214  0.1 0833  1.5 1451  0.1 2101  1.4
25  Fr        119 0310  0.1 0928  1.5 1546  0.1 2157  1.4
26  Sa        119 0406  0.1 1022  1.5 1640  0.1 2253  1.4
27  Su        119 0501  0.1 1115  1.5 1734  0.1 2348  1.4
28  Mo        119 0557  0.2 1209  1.4 1828  0.2 9999  9.9
29  Tu        119 0044  1.4 0652  0.2 1302  1.4 1921  0.2
30  We        119 0140  1.3 0748  0.3 1355  1.3 2014  0.3
31  Th        119 0235  1.3 0844  0.3 1449  1.2 2106  0.3
 1  Fr        219 0330  1.3 0939  0.4 1542  1.2 2158  0.3
 2  Sa        219 0423  1.2 1033  0.4 1633  1.2 2248  0.3
 3  Su        219 0514  1.2 1124  0.4 1724  1.2 2337  0.3
 4  Mo        219 0601  1.2 1213  0.4 1812  1.2 9999  9.9
 5  Tu        219 0023  0.3 0647  1.3 1259  0.4 1859  1.2
 6  We        219 0108  0.3 0730  1.3 1343  0.4 1944  1.2
 7  Th        219 0152  0.3 0811  1.3 1425  0.3 2027  1.2
 8  Fr        219 0235  0.3 0852  1.3 1506  0.3 2110  1.2
 9  Sa        219 0316  0.3 0931  1.3 1545  0.3 2151  1.2
10  Su        219 0357  0.3 1010  1.3 1624  0.3 2231  1.2
11  Mo        219 0438  0.4 1048  1.3 1703  0.3 2312  1.2
12  Tu        219 0519  0.4 1127  1.3 1743  0.3 2354  1.2
13  We        219 0603  0.4 1210  1.2 1827  0.3 9999  9.9
14  Th        219 0039  1.2 0651  0.4 1256  1.3 1914  0.3
15  Fr        219 0128  1.3 0743  0.3 1347  1.3 2006  0.3
16  Sa        219 0222  1.3 0839  0.3 1443  1.3 2101  0.2
17  Su        219 0320  1.3 0938  0.3 1543  1.3 2200  0.2
18  Mo        219 0420  1.4 1038  0.3 1645  1.3 2300  0.2
19  Tu        219 0520  1.4 1139  0.2 1747  1.4 9999  9.9
20  We        219 0000  0.1 0619  1.4 1238  0.2 1847  1.4
21  Th        219 0059  0.1 0717  1.5 1335  0.1 1946  1.4
22  Fr        219 0156  0.1 0813  1.5 1431  0.1 2043  1.5
23  Sa        219 0253  0.1 0908  1.5 1525  0.1 2139  1.5
24  Su        219 0348  0.1 1002  1.5 1619  0.1 2233  1.4
25  Mo        219 0443  0.1 1054  1.4 1711  0.1 2327  1.4
26  Tu        219 0537  0.2 1146  1.4 1803  0.2 9999  9.9
27  We        219 0020  1.4 0630  0.2 1237  1.3 1854  0.2
28  Th        219 0113  1.3 0724  0.3 1328  1.3 1945  0.3
 1  Fr        319 0206  1.3 0817  0.3 1420  1.2 2035  0.3
 2  Sa        319 0258  1.2 0910  0.4 1511  1.2 2126  0.4
 3  Su        319 0349  1.2 1002  0.4 1602  1.2 2216  0.4
 4  Mo        319 0439  1.2 1052  0.4 1653  1.1 2304  0.4
 5  Tu        319 0527  1.2 1140  0.4 1742  1.2 2352  0.4
 6  We        319 0613  1.2 1226  0.4 1829  1.2 9999  9.9
 7  Th        319 0038  0.4 0657  1.2 1310  0.4 1915  1.2
 8  Fr        319 0123  0.4 0739  1.2 1352  0.3 1959  1.2
 9  Sa        319 0206  0.4 0820  1.3 1432  0.3 2041  1.2
10  Su        319 0248  0.3 0900  1.3 1512  0.3 2122  1.2
11  Mo        319 0330  0.3 0939  1.3 1551  0.3 2202  1.3
12  Tu        319 0411  0.3 1019  1.3 1632  0.3 2243  1.3
13  We        319 0454  0.3 1100  1.3 1714  0.3 2326  1.3
14  Th        319 0540  0.3 1144  1.3 1759  0.3 9999  9.9
15  Fr        319 0013  1.3 0628  0.3 1233  1.3 1848  0.3
16  Sa        319 0103  1.3 0721  0.3 1326  1.3 1942  0.2
17  Su        319 0158  1.3 0818  0.3 1423  1.3 2039  0.2
18  Mo        319 0256  1.3 0917  0.3 1524  1.3 2139  0.2
19  Tu        319 0357  1.4 1018  0.2 1627  1.3 2240  0.2
20  We        319 0458  1.4 1118  0.2 1729  1.4 2341  0.2
21  Th        319 0558  1.4 1217  0.2 1829  1.4 9999  9.9
22  Fr        319 0041  0.1 0656  1.4 1313  0.1 1927  1.4
23  Sa        319 0138  0.1 0752  1.5 1409  0.1 2024  1.4
24  Su        319 0234  0.1 0846  1.5 1502  0.1 2118  1.4
25  Mo        319 0329  0.1 0939  1.4 1554  0.1 2211  1.4
26  Tu        319 0422  0.2 1030  1.4 1645  0.2 2302  1.4
27  We        319 0514  0.2 1120  1.3 1734  0.2 2353  1.4
28  Th        319 0605  0.3 1210  1.3 1824  0.3 9999  9.9
29  Fr        319 0043  1.3 0656  0.3 1259  1.2 1912  0.3
30  Sa        319 0133  1.3 0747  0.4 1349  1.2 2001  0.3
31  Su        319 0222  1.2 0837  0.4 1439  1.2 2051  0.4
 1  Mo        419 0311  1.2 0927  0.4 1530  1.1 2140  0.4
 2  Tu        419 0400  1.2 1016  0.4 1620  1.1 2230  0.4
 3  We        419 0448  1.2 1103  0.4 1709  1.2 2318  0.4
 4  Th        419 0534  1.2 1148  0.4 1757  1.2 9999  9.9
 5  Fr        419 0005  0.4 0619  1.2 1232  0.3 1843  1.2
 6  Sa        419 0051  0.4 0703  1.2 1315  0.3 1927  1.2
 7  Su        419 0136  0.4 0746  1.2 1357  0.3 2010  1.3
 8  Mo        419 0219  0.3 0827  1.3 1438  0.3 2052  1.3
 9  Tu        419 0303  0.3 0909  1.3 1520  0.3 2135  1.3
10  We        419 0347  0.3 0952  1.3 1603  0.3 2218  1.3
11  Th        419 0433  0.3 1037  1.3 1649  0.2 2304  1.3
12  Fr        419 0521  0.3 1125  1.3 1737  0.2 2352  1.3
13  Sa        419 0611  0.3 1216  1.3 1829  0.2 9999  9.9
14  Su        419 0045  1.3 0705  0.3 1311  1.3 1924  0.2
15  Mo        419 0140  1.3 0802  0.3 1410  1.3 2023  0.2
16  Tu        419 0238  1.4 0901  0.2 1511  1.3 2123  0.2
17  We        419 0338  1.4 1000  0.2 1612  1.3 2224  0.2
18  Th        419 0439  1.4 1058  0.2 1713  1.4 2324  0.2
19  Fr        419 0537  1.4 1156  0.2 1812  1.4 9999  9.9
20  Sa        419 0023  0.2 0634  1.4 1251  0.1 1909  1.4
21  Su        419 0119  0.2 0729  1.4 1345  0.1 2003  1.4
22  Mo        419 0214  0.2 0822  1.4 1436  0.1 2055  1.4
23  Tu        419 0307  0.2 0913  1.4 1527  0.2 2146  1.4
24  We        419 0358  0.2 1003  1.3 1616  0.2 2235  1.4
25  Th        419 0449  0.2 1052  1.3 1704  0.2 2323  1.3
26  Fr        419 0538  0.3 1140  1.2 1751  0.3 9999  9.9
27  Sa        419 0010  1.3 0627  0.3 1228  1.2 1838  0.3
28  Su        419 0057  1.3 0715  0.3 1317  1.2 1926  0.4
29  Mo        419 0144  1.2 0802  0.4 1406  1.2 2014  0.4
30  Tu        419 0232  1.2 0850  0.4 1455  1.2 2103  0.4
 1  We        519 0319  1.2 0937  0.4 1545  1.2 2153  0.4
 2  Th        519 0406  1.2 1023  0.4 1634  1.2 2241  0.4
 3  Fr        519 0453  1.2 1108  0.3 1721  1.2 2330  0.4
 4  Sa        519 0539  1.2 1152  0.3 1808  1.2 9999  9.9
 5  Su        519 0017  0.4 0625  1.2 1236  0.3 1853  1.3
 6  Mo        519 0104  0.4 0710  1.2 1321  0.3 1939  1.3
 7  Tu        519 0150  0.3 0755  1.3 1406  0.2 2024  1.3
 8  We        519 0237  0.3 0841  1.3 1451  0.2 2109  1.3
 9  Th        519 0325  0.3 0929  1.3 1539  0.2 2156  1.4
10  Fr        519 0414  0.3 1018  1.3 1628  0.2 2245  1.4
11  Sa        519 0505  0.2 1110  1.3 1720  0.2 2336  1.4
12  Su        519 0557  0.2 1204  1.3 1814  0.2 9999  9.9
13  Mo        519 0030  1.4 0652  0.2 1300  1.3 1911  0.2
14  Tu        519 0126  1.4 0748  0.2 1359  1.3 2009  0.2
15  We        519 0224  1.4 0846  0.2 1459  1.3 2109  0.2
16  Th        519 0322  1.4 0943  0.2 1559  1.3 2209  0.2
17  Fr        519 0420  1.3 1040  0.2 1658  1.3 2308  0.2
18  Sa        519 0517  1.3 1135  0.2 1755  1.4 9999  9.9
19  Su        519 0005  0.2 0612  1.3 1228  0.2 1849  1.4
20  Mo        519 0100  0.2 0705  1.3 1320  0.2 1941  1.4
21  Tu        519 0153  0.2 0757  1.3 1410  0.2 2031  1.4
22  We        519 0244  0.2 0846  1.3 1458  0.2 2119  1.4
23  Th        519 0333  0.3 0934  1.3 1545  0.2 2205  1.4
24  Fr        519 0421  0.3 1022  1.2 1631  0.3 2251  1.3
25  Sa        519 0508  0.3 1109  1.2 1717  0.3 2336  1.3
26  Su        519 0554  0.3 1156  1.2 1803  0.4 9999  9.9
27  Mo        519 0021  1.3 0640  0.3 1243  1.2 1850  0.4
28  Tu        519 0106  1.2 0725  0.4 1331  1.2 1937  0.4
29  We        519 0151  1.2 0810  0.4 1419  1.2 2025  0.4
30  Th        519 0237  1.2 0856  0.4 1507  1.2 2114  0.4
31  Fr        519 0324  1.2 0941  0.3 1556  1.2 2203  0.4
 1  Sa        619 0411  1.2 1026  0.3 1644  1.2 2253  0.4
 2  Su        619 0459  1.2 1113  0.3 1732  1.3 2342  0.4
 3  Mo        619 0547  1.2 1200  0.3 1820  1.3 9999  9.9
 4  Tu        619 0032  0.3 0636  1.3 1247  0.2 1908  1.3
 5  We        619 0122  0.3 0726  1.3 1336  0.2 1956  1.4
 6  Th        619 0212  0.3 0816  1.3 1426  0.2 2046  1.4
 7  Fr        619 0303  0.2 0908  1.3 1518  0.2 2137  1.4
 8  Sa        619 0355  0.2 1001  1.3 1610  0.2 2228  1.4
 9  Su        619 0448  0.2 1056  1.3 1704  0.2 2321  1.4
10  Mo        619 0543  0.2 1152  1.3 1800  0.2 9999  9.9
11  Tu        619 0016  1.4 0638  0.2 1249  1.3 1858  0.2
12  We        619 0112  1.4 0734  0.2 1348  1.3 1956  0.2
13  Th        619 0209  1.4 0830  0.2 1447  1.3 2055  0.3
14  Fr        619 0306  1.3 0926  0.2 1546  1.3 2154  0.3
15  Sa        619 0402  1.3 1021  0.2 1643  1.3 2251  0.3
16  Su        619 0457  1.3 1114  0.2 1737  1.3 2347  0.3
17  Mo        619 0550  1.3 1205  0.2 1829  1.3 9999  9.9
18  Tu        619 0040  0.3 0642  1.3 1255  0.2 1918  1.3
19  We        619 0130  0.3 0731  1.3 1343  0.2 2005  1.3
20  Th        619 0219  0.3 0819  1.2 1429  0.3 2051  1.3
21  Fr        619 0306  0.3 0905  1.2 1515  0.3 2135  1.3
22  Sa        619 0352  0.3 0951  1.2 1559  0.3 2219  1.3
23  Su        619 0436  0.3 1037  1.2 1644  0.3 2302  1.3
24  Mo        619 0520  0.3 1122  1.2 1729  0.4 2344  1.3
25  Tu        619 0604  0.3 1208  1.2 1814  0.4 9999  9.9
26  We        619 0027  1.2 0647  0.3 1254  1.2 1859  0.4
27  Th        619 0111  1.2 0730  0.3 1341  1.2 1947  0.4
28  Fr        619 0156  1.2 0814  0.3 1428  1.2 2035  0.4
29  Sa        619 0242  1.2 0900  0.3 1516  1.2 2125  0.4
30  Su        619 0330  1.2 0947  0.3 1606  1.2 2217  0.4
 1  Mo        719 0421  1.2 1036  0.3 1656  1.3 2309  0.3
 2  Tu        719 0513  1.3 1126  0.2 1748  1.3 9999  9.9
 3  We        719 0002  0.3 0606  1.3 1218  0.2 1839  1.4
 4  Th        719 0055  0.2 0700  1.3 1311  0.2 1931  1.4
 5  Fr        719 0149  0.2 0754  1.4 1404  0.1 2024  1.5
 6  Sa        719 0242  0.2 0849  1.4 1458  0.1 2117  1.5
 7  Su        719 0336  0.1 0944  1.4 1553  0.1 2211  1.5
 8  Mo        719 0430  0.1 1040  1.4 1649  0.1 2305  1.5
 9  Tu        719 0525  0.1 1137  1.4 1746  0.2 9999  9.9
10  We        719 0000  1.4 0620  0.2 1235  1.4 1843  0.2
11  Th        719 0056  1.4 0716  0.2 1333  1.3 1941  0.2
12  Fr        719 0152  1.3 0811  0.2 1431  1.3 2039  0.3
13  Sa        719 0248  1.3 0906  0.2 1529  1.3 2137  0.3
14  Su        719 0343  1.3 1000  0.2 1624  1.3 2233  0.3
15  Mo        719 0437  1.3 1052  0.3 1717  1.3 2327  0.3
16  Tu        719 0528  1.2 1142  0.3 1807  1.3 9999  9.9
17  We        719 0018  0.3 0618  1.2 1230  0.3 1854  1.3
18  Th        719 0106  0.3 0706  1.2 1316  0.3 1939  1.3
19  Fr        719 0153  0.3 0752  1.2 1401  0.3 2022  1.3
20  Sa        719 0237  0.3 0837  1.2 1445  0.3 2105  1.3
21  Su        719 0321  0.3 0921  1.2 1529  0.3 2146  1.3
22  Mo        719 0403  0.3 1005  1.2 1612  0.3 2227  1.3
23  Tu        719 0445  0.3 1049  1.2 1655  0.4 2308  1.3
24  We        719 0526  0.3 1133  1.2 1739  0.4 2349  1.2
25  Th        719 0607  0.3 1216  1.2 1823  0.4 9999  9.9
26  Fr        719 0032  1.2 0649  0.3 1301  1.2 1909  0.4
27  Sa        719 0116  1.2 0733  0.3 1348  1.2 1958  0.4
28  Su        719 0203  1.2 0821  0.3 1438  1.2 2050  0.4
29  Mo        719 0254  1.2 0911  0.3 1530  1.3 2144  0.3
30  Tu        719 0348  1.3 1003  0.2 1624  1.3 2239  0.3
31  We        719 0443  1.3 1058  0.2 1718  1.4 2335  0.3
 1  Th        819 0540  1.3 1153  0.2 1813  1.4 9999  9.9
 2  Fr        819 0031  0.2 0637  1.4 1249  0.1 1908  1.5
 3  Sa        819 0126  0.1 0734  1.4 1344  0.1 2003  1.5
 4  Su        819 0221  0.1 0830  1.4 1440  0.1 2057  1.5
 5  Mo        819 0316  0.1 0926  1.4 1536  0.1 2152  1.5
 6  Tu        819 0410  0.1 1023  1.4 1632  0.1 2246  1.5
 7  We        819 0505  0.1 1119  1.4 1728  0.2 2341  1.4
 8  Th        819 0559  0.1 1216  1.4 1825  0.2 9999  9.9
 9  Fr        819 0036  1.4 0654  0.2 1313  1.4 1922  0.3
10  Sa        819 0131  1.3 0749  0.2 1410  1.3 2020  0.3
11  Su        819 0226  1.3 0843  0.3 1507  1.3 2116  0.3
12  Mo        819 0321  1.2 0936  0.3 1601  1.3 2211  0.3
13  Tu        819 0414  1.2 1028  0.3 1653  1.3 2304  0.4
14  We        819 0505  1.2 1117  0.3 1741  1.3 2353  0.4
15  Th        819 0554  1.2 1205  0.3 1827  1.3 9999  9.9
16  Fr        819 0040  0.3 0640  1.2 1250  0.3 1911  1.3
17  Sa        819 0124  0.3 0726  1.2 1335  0.3 1953  1.3
18  Su        819 0207  0.3 0810  1.2 1418  0.3 2034  1.3
19  Mo        819 0248  0.3 0853  1.2 1500  0.3 2114  1.3
20  Tu        819 0329  0.3 0935  1.2 1542  0.3 2154  1.3
21  We        819 0409  0.3 1016  1.2 1624  0.4 2234  1.3
22  Th        819 0448  0.3 1058  1.2 1706  0.4 2314  1.2
23  Fr        819 0528  0.3 1140  1.2 1749  0.4 2355  1.2
24  Sa        819 0611  0.3 1224  1.2 1836  0.4 9999  9.9
25  Su        819 0040  1.2 0656  0.3 1312  1.2 1925  0.4
26  Mo        819 0129  1.2 0746  0.3 1403  1.3 2019  0.4
27  Tu        819 0223  1.2 0839  0.3 1457  1.3 2115  0.3
28  We        819 0320  1.3 0935  0.2 1554  1.3 2213  0.3
29  Th        819 0419  1.3 1033  0.2 1652  1.4 2311  0.2
30  Fr        819 0518  1.4 1131  0.1 1750  1.4 9999  9.9
31  Sa        819 0008  0.2 0617  1.4 1229  0.1 1846  1.5
 1  Su        919 0104  0.1 0715  1.4 1326  0.1 1942  1.5
 2  Mo        919 0159  0.1 0812  1.5 1422  0.1 2037  1.5
 3  Tu        919 0254  0.1 0907  1.5 1518  0.1 2131  1.5
 4  We        919 0348  0.1 1003  1.5 1613  0.1 2224  1.5
 5  Th        919 0441  0.1 1058  1.4 1708  0.2 2318  1.4
 6  Fr        919 0535  0.1 1153  1.4 1804  0.2 9999  9.9
 7  Sa        919 0012  1.4 0628  0.2 1248  1.4 1900  0.3
 8  Su        919 0106  1.3 0722  0.2 1343  1.3 1955  0.3
 9  Mo        919 0200  1.2 0815  0.3 1438  1.3 2051  0.3
10  Tu        919 0254  1.2 0908  0.3 1532  1.3 2144  0.4
11  We        919 0348  1.2 1000  0.3 1623  1.2 2236  0.4
12  Th        919 0439  1.2 1050  0.4 1711  1.2 2324  0.4
13  Fr        919 0528  1.2 1137  0.4 1757  1.2 9999  9.9
14  Sa        919 0010  0.3 0614  1.2 1223  0.3 1840  1.3
15  Su        919 0053  0.3 0659  1.2 1308  0.3 1922  1.3
16  Mo        919 0135  0.3 0742  1.2 1351  0.3 2003  1.3
17  Tu        919 0215  0.3 0824  1.2 1432  0.3 2043  1.3
18  We        919 0255  0.3 0905  1.3 1514  0.3 2122  1.3
19  Th        919 0334  0.3 0945  1.3 1555  0.3 2201  1.3
20  Fr        919 0413  0.3 1026  1.3 1637  0.3 2242  1.2
21  Sa        919 0454  0.3 1107  1.3 1721  0.4 2324  1.2
22  Su        919 0538  0.3 1152  1.3 1807  0.3 9999  9.9
23  Mo        919 0011  1.2 0625  0.3 1240  1.3 1858  0.3
24  Tu        919 0102  1.2 0717  0.3 1333  1.3 1953  0.3
25  We        919 0158  1.3 0813  0.3 1430  1.3 2051  0.3
26  Th        919 0258  1.3 0912  0.2 1529  1.4 2150  0.2
27  Fr        919 0359  1.3 1012  0.2 1629  1.4 2248  0.2
28  Sa        919 0500  1.4 1112  0.2 1728  1.4 2346  0.1
29  Su        919 0559  1.4 1211  0.1 1825  1.5 9999  9.9
30  Mo        919 0043  0.1 0657  1.5 1308  0.1 1921  1.5
 1  Tu       1019 0138  0.1 0753  1.5 1404  0.1 2015  1.5
 2  We       1019 0231  0.1 0848  1.5 1459  0.1 2109  1.5
 3  Th       1019 0324  0.1 0941  1.5 1553  0.1 2201  1.4
 4  Fr       1019 0416  0.1 1034  1.4 1647  0.2 2253  1.4
 5  Sa       1019 0507  0.2 1127  1.4 1740  0.2 2345  1.3
 6  Su       1019 0559  0.2 1219  1.4 1834  0.3 9999  9.9
 7  Mo       1019 0038  1.3 0651  0.3 1312  1.3 1927  0.3
 8  Tu       1019 0131  1.2 0743  0.3 1404  1.3 2020  0.3
 9  We       1019 0224  1.2 0835  0.4 1456  1.2 2112  0.4
10  Th       1019 0317  1.2 0927  0.4 1546  1.2 2202  0.4
11  Fr       1019 0408  1.2 1018  0.4 1635  1.2 2250  0.4
12  Sa       1019 0458  1.2 1106  0.4 1721  1.2 2335  0.3
13  Su       1019 0545  1.2 1153  0.4 1806  1.2 9999  9.9
14  Mo       1019 0019  0.3 0630  1.2 1239  0.4 1849  1.2
15  Tu       1019 0100  0.3 0713  1.2 1322  0.3 1930  1.2
16  We       1019 0141  0.3 0755  1.3 1405  0.3 2011  1.3
17  Th       1019 0221  0.3 0836  1.3 1446  0.3 2051  1.3
18  Fr       1019 0301  0.3 0916  1.3 1529  0.3 2132  1.3
19  Sa       1019 0342  0.3 0958  1.3 1612  0.3 2215  1.3
20  Su       1019 0425  0.3 1041  1.3 1657  0.3 2300  1.3
21  Mo       1019 0511  0.3 1126  1.3 1745  0.3 2349  1.3
22  Tu       1019 0600  0.3 1216  1.3 1837  0.3 9999  9.9
23  We       1019 0042  1.3 0654  0.3 1310  1.3 1932  0.3
24  Th       1019 0139  1.3 0752  0.3 1407  1.3 2030  0.2
25  Fr       1019 0240  1.3 0852  0.2 1507  1.4 2129  0.2
26  Sa       1019 0342  1.3 0953  0.2 1607  1.4 2228  0.2
27  Su       1019 0443  1.4 1054  0.2 1707  1.4 2325  0.1
28  Mo       1019 0542  1.4 1153  0.2 1804  1.4 9999  9.9
29  Tu       1019 0021  0.1 0639  1.4 1251  0.1 1900  1.4
30  We       1019 0116  0.1 0734  1.5 1346  0.1 1954  1.4
31  Th       1019 0208  0.1 0827  1.5 1440  0.1 2046  1.4
 1  Fr       1119 0259  0.1 0919  1.5 1532  0.2 2137  1.4
 2  Sa       1119 0350  0.1 1009  1.4 1624  0.2 2227  1.3
 3  Su       1119 0439  0.2 1059  1.4 1714  0.2 2317  1.3
 4  Mo       1119 0528  0.2 1148  1.3 1805  0.3 9999  9.9
 5  Tu       1119 0007  1.2 0618  0.3 1237  1.3 1855  0.3
 6  We       1119 0058  1.2 0707  0.3 1326  1.3 1945  0.3
 7  Th       1119 0149  1.2 0758  0.4 1415  1.2 2034  0.4
 8  Fr       1119 0241  1.2 0849  0.4 1504  1.2 2123  0.4
 9  Sa       1119 0332  1.2 0940  0.4 1553  1.2 2210  0.4
10  Su       1119 0422  1.2 1030  0.4 1641  1.2 2256  0.3
11  Mo       1119 0511  1.2 1119  0.4 1727  1.2 2340  0.3
12  Tu       1119 0557  1.2 1206  0.4 1812  1.2 9999  9.9
13  We       1119 0023  0.3 0641  1.3 1251  0.4 1856  1.2
14  Th       1119 0106  0.3 0725  1.3 1336  0.3 1939  1.3
15  Fr       1119 0148  0.3 0807  1.3 1420  0.3 2023  1.3
16  Sa       1119 0231  0.2 0850  1.3 1504  0.3 2107  1.3
17  Su       1119 0316  0.2 0933  1.4 1550  0.3 2153  1.3
18  Mo       1119 0402  0.2 1019  1.4 1637  0.3 2241  1.3
19  Tu       1119 0450  0.2 1106  1.4 1727  0.2 2332  1.3
20  We       1119 0542  0.2 1157  1.4 1819  0.2 9999  9.9
21  Th       1119 0027  1.3 0637  0.2 1251  1.4 1914  0.2
22  Fr       1119 0124  1.3 0735  0.2 1348  1.4 2011  0.2
23  Sa       1119 0225  1.3 0835  0.3 1447  1.4 2110  0.2
24  Su       1119 0326  1.3 0936  0.2 1547  1.4 2208  0.2
25  Mo       1119 0427  1.4 1037  0.2 1646  1.4 2305  0.2
26  Tu       1119 0525  1.4 1136  0.2 1744  1.4 9999  9.9
27  We       1119 0000  0.1 0622  1.4 1233  0.2 1839  1.4
28  Th       1119 0054  0.1 0715  1.4 1327  0.2 1932  1.4
29  Fr       1119 0145  0.1 0807  1.4 1420  0.2 2023  1.3
30  Sa       1119 0235  0.2 0856  1.4 1510  0.2 2112  1.3
 1  Su       1219 0323  0.2 0944  1.4 1559  0.2 2201  1.3
 2  Mo       1219 0411  0.2 1030  1.4 1647  0.3 2248  1.3
 3  Tu       1219 0457  0.3 1116  1.3 1734  0.3 2336  1.2
 4  We       1219 0544  0.3 1201  1.3 1821  0.3 9999  9.9
 5  Th       1219 0024  1.2 0631  0.4 1247  1.3 1907  0.3
 6  Fr       1219 0112  1.2 0719  0.4 1333  1.2 1953  0.4
 7  Sa       1219 0202  1.2 0809  0.4 1420  1.2 2040  0.4
 8  Su       1219 0252  1.2 0859  0.4 1508  1.2 2126  0.4
 9  Mo       1219 0342  1.2 0950  0.4 1556  1.2 2212  0.3
10  Tu       1219 0431  1.2 1040  0.4 1645  1.2 2259  0.3
11  We       1219 0519  1.2 1129  0.4 1733  1.2 2345  0.3
12  Th       1219 0606  1.3 1218  0.4 1820  1.2 9999  9.9
13  Fr       1219 0031  0.3 0653  1.3 1306  0.3 1908  1.3
14  Sa       1219 0117  0.2 0739  1.3 1353  0.3 1956  1.3
15  Su       1219 0205  0.2 0825  1.4 1441  0.3 2045  1.3
16  Mo       1219 0253  0.2 0912  1.4 1530  0.2 2134  1.3
17  Tu       1219 0343  0.2 1000  1.4 1619  0.2 2225  1.3
18  We       1219 0434  0.2 1050  1.4 1711  0.2 2318  1.3
19  Th       1219 0527  0.2 1142  1.4 1803  0.2 9999  9.9
20  Fr       1219 0013  1.3 0622  0.2 1235  1.4 1858  0.2
21  Sa       1219 0111  1.3 0720  0.2 1331  1.4 1954  0.2
22  Su       1219 0210  1.3 0819  0.3 1429  1.3 2051  0.2
23  Mo       1219 0310  1.3 0920  0.3 1528  1.3 2148  0.2
24  Tu       1219 0410  1.3 1020  0.3 1626  1.3 2244  0.2
25  We       1219 0508  1.3 1119  0.3 1723  1.3 2339  0.2
26  Th       1219 0604  1.4 1215  0.3 1818  1.3 9999  9.9
27  Fr       1219 0032  0.2 0656  1.4 1308  0.3 1910  1.3
28  Sa       1219 0122  0.2 0746  1.4 1359  0.3 2000  1.3
29  Su       1219 0211  0.2 0833  1.4 1447  0.3 2048  1.3
30  Mo       1219 0257  0.2 0918  1.4 1534  0.3 2134  1.3
31  Tu       1219 0343  0.3 1002  1.3 1619  0.3 2220  1.2
