376Ben Gunn
Based on data from  1-Jul-2009
Local Std Time, tidal heights in metres.
 1  Mo        118 0131  0.2 0732  2.4 1401  0.3 1950  2.4
 2  Tu        118 0227  0.1 0829  2.5 1458  0.2 2046  2.4
 3  We        118 0321  0.0 0923  2.5 1552  0.2 2140  2.4
 4  Th        118 0413  0.0 1014  2.6 1645  0.1 2231  2.4
 5  Fr        118 0503  0.0 1103  2.5 1735  0.2 2322  2.4
 6  Sa        118 0552  0.1 1152  2.5 1825  0.2 9999  9.9
 7  Su        118 0011  2.3 0640  0.2 1240  2.4 1914  0.2
 8  Mo        118 0101  2.2 0729  0.3 1329  2.3 2003  0.3
 9  Tu        118 0153  2.2 0819  0.4 1421  2.3 2053  0.4
10  We        118 0249  2.1 0911  0.5 1516  2.2 2145  0.4
11  Th        118 0351  2.0 1006  0.5 1614  2.1 2238  0.4
12  Fr        118 0454  2.0 1102  0.6 1712  2.1 2332  0.4
13  Sa        118 0554  2.1 1159  0.6 1807  2.1 9999  9.9
14  Su        118 0025  0.4 0648  2.1 1253  0.6 1858  2.1
15  Mo        118 0116  0.4 0737  2.2 1344  0.5 1945  2.1
16  Tu        118 0203  0.4 0822  2.2 1432  0.5 2027  2.1
17  We        118 0248  0.3 0902  2.3 1517  0.4 2107  2.2
18  Th        118 0331  0.3 0938  2.3 1600  0.4 2144  2.2
19  Fr        118 0412  0.3 1012  2.3 1642  0.4 2221  2.2
20  Sa        118 0453  0.3 1046  2.3 1724  0.4 2259  2.2
21  Su        118 0534  0.3 1122  2.3 1805  0.4 2339  2.2
22  Mo        118 0615  0.3 1200  2.3 1848  0.4 9999  9.9
23  Tu        118 0021  2.2 0657  0.4 1241  2.3 1932  0.4
24  We        118 0106  2.2 0742  0.4 1326  2.3 2018  0.4
25  Th        118 0155  2.2 0831  0.5 1415  2.3 2109  0.4
26  Fr        118 0249  2.1 0927  0.5 1510  2.2 2205  0.4
27  Sa        118 0350  2.1 1029  0.5 1612  2.2 2304  0.4
28  Su        118 0458  2.2 1135  0.5 1720  2.2 9999  9.9
29  Mo        118 0006  0.3 0607  2.2 1240  0.4 1828  2.2
30  Tu        118 0107  0.2 0713  2.3 1341  0.3 1932  2.3
31  We        118 0206  0.2 0812  2.4 1439  0.3 2030  2.4
 1  Th        218 0301  0.1 0906  2.5 1534  0.2 2125  2.4
 2  Fr        218 0354  0.1 0957  2.5 1625  0.1 2216  2.4
 3  Sa        218 0443  0.1 1045  2.5 1714  0.1 2304  2.4
 4  Su        218 0531  0.1 1131  2.5 1802  0.2 2351  2.3
 5  Mo        218 0617  0.2 1216  2.4 1848  0.2 9999  9.9
 6  Tu        218 0037  2.3 0703  0.3 1301  2.3 1934  0.3
 7  We        218 0125  2.2 0750  0.4 1346  2.2 2020  0.4
 8  Th        218 0214  2.1 0838  0.5 1434  2.1 2108  0.4
 9  Fr        218 0309  2.0 0930  0.6 1527  2.1 2159  0.5
10  Sa        218 0412  2.0 1025  0.6 1625  2.0 2252  0.5
11  Su        218 0516  2.0 1122  0.7 1726  2.0 2347  0.5
12  Mo        218 0615  2.0 1219  0.6 1822  2.0 9999  9.9
13  Tu        218 0040  0.5 0707  2.1 1313  0.6 1913  2.0
14  We        218 0131  0.4 0753  2.1 1402  0.5 1959  2.1
15  Th        218 0219  0.4 0834  2.2 1449  0.5 2041  2.1
16  Fr        218 0304  0.3 0910  2.3 1533  0.4 2120  2.2
17  Sa        218 0347  0.3 0945  2.3 1617  0.3 2159  2.2
18  Su        218 0429  0.3 1021  2.3 1659  0.3 2238  2.3
19  Mo        218 0511  0.3 1058  2.4 1741  0.3 2319  2.3
20  Tu        218 0553  0.3 1137  2.4 1824  0.3 9999  9.9
21  We        218 0001  2.3 0637  0.3 1219  2.4 1908  0.3
22  Th        218 0046  2.3 0722  0.4 1304  2.3 1954  0.3
23  Fr        218 0134  2.2 0812  0.4 1353  2.3 2045  0.4
24  Sa        218 0228  2.2 0908  0.5 1448  2.2 2140  0.4
25  Su        218 0328  2.2 1010  0.5 1551  2.2 2240  0.4
26  Mo        218 0436  2.2 1115  0.5 1700  2.2 2343  0.4
27  Tu        218 0548  2.2 1220  0.4 1811  2.2 9999  9.9
28  We        218 0046  0.3 0655  2.3 1322  0.4 1916  2.3
 1  Th        318 0146  0.2 0755  2.4 1420  0.3 2015  2.3
 2  Fr        318 0242  0.2 0848  2.5 1513  0.2 2108  2.4
 3  Sa        318 0334  0.1 0937  2.5 1603  0.1 2158  2.4
 4  Su        318 0422  0.1 1023  2.5 1650  0.1 2244  2.4
 5  Mo        318 0508  0.2 1107  2.4 1735  0.2 2328  2.3
 6  Tu        318 0552  0.2 1148  2.4 1819  0.2 9999  9.9
 7  We        318 0011  2.3 0636  0.3 1229  2.3 1902  0.3
 8  Th        318 0054  2.2 0720  0.4 1309  2.2 1946  0.4
 9  Fr        318 0138  2.1 0806  0.5 1352  2.1 2031  0.4
10  Sa        318 0226  2.1 0855  0.6 1438  2.0 2119  0.5
11  Su        318 0320  2.0 0948  0.7 1532  2.0 2211  0.6
12  Mo        318 0425  2.0 1045  0.7 1634  1.9 2306  0.6
13  Tu        318 0531  2.0 1142  0.7 1738  1.9 9999  9.9
14  We        318 0002  0.6 0628  2.0 1237  0.6 1836  2.0
15  Th        318 0056  0.5 0716  2.1 1329  0.5 1926  2.0
16  Fr        318 0146  0.4 0757  2.2 1418  0.4 2011  2.1
17  Sa        318 0234  0.4 0836  2.2 1504  0.4 2053  2.2
18  Su        318 0320  0.3 0914  2.3 1549  0.3 2135  2.3
19  Mo        318 0404  0.3 0953  2.4 1632  0.2 2216  2.3
20  Tu        318 0448  0.2 1034  2.4 1716  0.2 2258  2.4
21  We        318 0533  0.3 1115  2.4 1800  0.2 2342  2.4
22  Th        318 0619  0.3 1159  2.4 1846  0.2 9999  9.9
23  Fr        318 0028  2.3 0706  0.3 1245  2.3 1933  0.3
24  Sa        318 0117  2.3 0758  0.4 1336  2.3 2024  0.3
25  Su        318 0210  2.2 0854  0.5 1432  2.2 2120  0.4
26  Mo        318 0311  2.2 0954  0.5 1535  2.1 2219  0.4
27  Tu        318 0420  2.2 1058  0.5 1646  2.1 2322  0.4
28  We        318 0531  2.2 1201  0.4 1757  2.2 9999  9.9
29  Th        318 0025  0.3 0637  2.3 1301  0.3 1901  2.2
30  Fr        318 0125  0.3 0734  2.4 1357  0.3 1958  2.3
31  Sa        318 0221  0.2 0826  2.4 1450  0.2 2049  2.4
 1  Su        418 0311  0.2 0913  2.4 1538  0.2 2137  2.4
 2  Mo        418 0358  0.2 0958  2.4 1623  0.2 2221  2.4
 3  Tu        418 0443  0.2 1039  2.4 1707  0.2 2303  2.3
 4  We        418 0526  0.3 1118  2.3 1748  0.2 2343  2.3
 5  Th        418 0608  0.4 1156  2.2 1830  0.3 9999  9.9
 6  Fr        418 0022  2.2 0651  0.4 1233  2.2 1911  0.4
 7  Sa        418 0102  2.2 0735  0.5 1313  2.1 1954  0.5
 8  Su        418 0145  2.1 0822  0.6 1357  2.0 2040  0.5
 9  Mo        418 0232  2.0 0913  0.6 1446  1.9 2129  0.6
10  Tu        418 0326  2.0 1007  0.7 1543  1.9 2223  0.6
11  We        418 0427  2.0 1104  0.7 1646  1.9 2320  0.6
12  Th        418 0530  2.0 1159  0.6 1749  1.9 9999  9.9
13  Fr        418 0016  0.6 0624  2.1 1253  0.5 1846  2.0
14  Sa        418 0110  0.5 0712  2.1 1343  0.4 1936  2.1
15  Su        418 0202  0.4 0758  2.2 1432  0.3 2023  2.2
16  Mo        418 0251  0.3 0842  2.3 1519  0.2 2109  2.3
17  Tu        418 0338  0.3 0925  2.4 1605  0.2 2154  2.4
18  We        418 0426  0.2 1010  2.4 1652  0.1 2239  2.4
19  Th        418 0513  0.2 1055  2.4 1738  0.1 2324  2.4
20  Fr        418 0602  0.3 1141  2.4 1825  0.2 9999  9.9
21  Sa        418 0012  2.4 0652  0.3 1230  2.3 1914  0.2
22  Su        418 0102  2.3 0744  0.4 1322  2.2 2006  0.3
23  Mo        418 0156  2.3 0840  0.4 1419  2.2 2101  0.4
24  Tu        418 0257  2.2 0939  0.4 1523  2.1 2200  0.4
25  We        418 0404  2.2 1039  0.4 1632  2.1 2302  0.4
26  Th        418 0513  2.2 1140  0.4 1741  2.1 9999  9.9
27  Fr        418 0003  0.4 0615  2.3 1238  0.3 1843  2.2
28  Sa        418 0102  0.4 0710  2.3 1332  0.3 1938  2.3
29  Su        418 0156  0.3 0800  2.3 1423  0.2 2028  2.3
30  Mo        418 0246  0.3 0847  2.4 1510  0.2 2114  2.4
 1  Tu        518 0333  0.3 0930  2.3 1555  0.2 2157  2.3
 2  We        518 0416  0.3 1010  2.3 1637  0.2 2237  2.3
 3  Th        518 0459  0.4 1047  2.2 1718  0.3 2315  2.3
 4  Fr        518 0541  0.4 1124  2.2 1758  0.3 2351  2.2
 5  Sa        518 0623  0.5 1200  2.1 1838  0.4 9999  9.9
 6  Su        518 0029  2.2 0706  0.5 1239  2.1 1920  0.5
 7  Mo        518 0109  2.1 0752  0.6 1322  2.0 2004  0.5
 8  Tu        518 0152  2.1 0840  0.6 1409  1.9 2051  0.6
 9  We        518 0240  2.0 0931  0.6 1502  1.9 2142  0.6
10  Th        518 0333  2.0 1025  0.6 1600  1.9 2238  0.6
11  Fr        518 0431  2.0 1120  0.6 1702  2.0 2335  0.6
12  Sa        518 0529  2.1 1214  0.5 1803  2.0 9999  9.9
13  Su        518 0033  0.5 0625  2.2 1307  0.4 1900  2.1
14  Mo        518 0128  0.4 0718  2.2 1359  0.3 1953  2.3
15  Tu        518 0221  0.4 0809  2.3 1449  0.2 2043  2.4
16  We        518 0313  0.3 0858  2.4 1539  0.1 2131  2.4
17  Th        518 0404  0.2 0947  2.4 1628  0.1 2219  2.5
18  Fr        518 0455  0.2 1036  2.4 1716  0.1 2308  2.5
19  Sa        518 0545  0.3 1125  2.3 1806  0.1 2357  2.4
20  Su        518 0637  0.3 1216  2.3 1856  0.2 9999  9.9
21  Mo        518 0048  2.4 0730  0.3 1309  2.2 1947  0.3
22  Tu        518 0142  2.3 0824  0.4 1406  2.1 2042  0.4
23  We        518 0241  2.3 0920  0.4 1508  2.1 2139  0.4
24  Th        518 0345  2.2 1018  0.4 1615  2.1 2238  0.4
25  Fr        518 0449  2.2 1115  0.4 1721  2.1 2338  0.4
26  Sa        518 0549  2.2 1211  0.3 1821  2.2 9999  9.9
27  Su        518 0036  0.4 0643  2.3 1304  0.3 1915  2.2
28  Mo        518 0129  0.4 0732  2.3 1354  0.3 2004  2.3
29  Tu        518 0219  0.4 0818  2.3 1441  0.3 2050  2.3
30  We        518 0306  0.4 0901  2.2 1525  0.3 2132  2.3
31  Th        518 0350  0.4 0941  2.2 1607  0.3 2211  2.3
 1  Fr        618 0432  0.4 1018  2.2 1648  0.3 2247  2.3
 2  Sa        618 0514  0.5 1054  2.1 1728  0.3 2323  2.2
 3  Su        618 0557  0.5 1131  2.1 1808  0.4 2358  2.2
 4  Mo        618 0639  0.5 1209  2.1 1848  0.4 9999  9.9
 5  Tu        618 0036  2.2 0723  0.6 1251  2.0 1931  0.5
 6  We        618 0118  2.1 0808  0.6 1337  2.0 2015  0.5
 7  Th        618 0203  2.1 0856  0.6 1427  2.0 2104  0.6
 8  Fr        618 0252  2.1 0947  0.6 1521  2.0 2158  0.6
 9  Sa        618 0346  2.1 1041  0.5 1621  2.0 2256  0.6
10  Su        618 0444  2.1 1136  0.5 1724  2.1 2357  0.5
11  Mo        618 0544  2.2 1232  0.4 1825  2.2 9999  9.9
12  Tu        618 0056  0.5 0643  2.2 1327  0.3 1924  2.3
13  We        618 0154  0.4 0740  2.3 1421  0.2 2018  2.4
14  Th        618 0249  0.3 0834  2.4 1514  0.1 2111  2.5
15  Fr        618 0343  0.3 0927  2.4 1606  0.1 2202  2.5
16  Sa        618 0436  0.2 1018  2.4 1656  0.1 2252  2.5
17  Su        618 0528  0.2 1110  2.3 1746  0.1 2342  2.5
18  Mo        618 0620  0.2 1201  2.3 1837  0.2 9999  9.9
19  Tu        618 0033  2.4 0712  0.3 1254  2.2 1928  0.3
20  We        618 0125  2.3 0804  0.3 1349  2.2 2020  0.3
21  Th        618 0221  2.3 0857  0.3 1449  2.1 2115  0.4
22  Fr        618 0320  2.2 0952  0.4 1552  2.1 2212  0.5
23  Sa        618 0421  2.2 1047  0.4 1656  2.1 2310  0.5
24  Su        618 0519  2.2 1141  0.4 1756  2.1 9999  9.9
25  Mo        618 0007  0.5 0613  2.2 1234  0.4 1850  2.2
26  Tu        618 0101  0.5 0704  2.2 1324  0.3 1940  2.2
27  We        618 0151  0.5 0750  2.2 1412  0.3 2026  2.2
28  Th        618 0239  0.5 0834  2.2 1457  0.3 2108  2.3
29  Fr        618 0324  0.5 0914  2.1 1539  0.3 2146  2.3
30  Sa        618 0407  0.5 0951  2.1 1620  0.3 2222  2.3
 1  Su        718 0449  0.5 1028  2.1 1700  0.3 2255  2.2
 2  Mo        718 0531  0.5 1105  2.1 1740  0.4 2330  2.2
 3  Tu        718 0613  0.5 1143  2.1 1820  0.4 9999  9.9
 4  We        718 0007  2.2 0655  0.5 1224  2.1 1901  0.5
 5  Th        718 0047  2.2 0738  0.5 1308  2.0 1944  0.5
 6  Fr        718 0130  2.2 0824  0.5 1356  2.0 2031  0.5
 7  Sa        718 0217  2.2 0912  0.5 1448  2.0 2124  0.6
 8  Su        718 0309  2.2 1005  0.5 1546  2.0 2222  0.6
 9  Mo        718 0407  2.2 1102  0.4 1649  2.1 2325  0.6
10  Tu        718 0509  2.2 1201  0.4 1755  2.2 9999  9.9
11  We        718 0029  0.5 0613  2.2 1259  0.3 1858  2.3
12  Th        718 0130  0.4 0715  2.3 1357  0.2 1957  2.4
13  Fr        718 0228  0.3 0814  2.3 1452  0.1 2052  2.5
14  Sa        718 0324  0.3 0910  2.4 1545  0.1 2145  2.5
15  Su        718 0418  0.2 1003  2.4 1637  0.1 2235  2.5
16  Mo        718 0509  0.2 1054  2.4 1727  0.1 2325  2.5
17  Tu        718 0600  0.2 1145  2.3 1816  0.2 9999  9.9
18  We        718 0014  2.4 0650  0.2 1236  2.2 1906  0.3
19  Th        718 0104  2.3 0740  0.3 1328  2.2 1956  0.4
20  Fr        718 0155  2.3 0830  0.3 1423  2.1 2048  0.4
21  Sa        718 0249  2.2 0921  0.4 1522  2.1 2142  0.5
22  Su        718 0346  2.1 1014  0.4 1626  2.0 2238  0.6
23  Mo        718 0445  2.1 1108  0.4 1727  2.1 2336  0.6
24  Tu        718 0541  2.1 1202  0.4 1824  2.1 9999  9.9
25  We        718 0031  0.6 0635  2.1 1254  0.4 1915  2.1
26  Th        718 0123  0.6 0723  2.1 1343  0.4 2002  2.2
27  Fr        718 0212  0.5 0808  2.1 1429  0.4 2044  2.2
28  Sa        718 0258  0.5 0849  2.1 1512  0.3 2122  2.2
29  Su        718 0341  0.5 0927  2.1 1554  0.3 2156  2.3
30  Mo        718 0423  0.4 1004  2.1 1634  0.3 2229  2.3
31  Tu        718 0505  0.4 1041  2.1 1714  0.3 2303  2.3
 1  We        818 0546  0.4 1119  2.1 1754  0.4 2339  2.3
 2  Th        818 0628  0.4 1200  2.1 1835  0.4 9999  9.9
 3  Fr        818 0019  2.2 0710  0.4 1243  2.1 1918  0.5
 4  Sa        818 0101  2.2 0754  0.5 1329  2.1 2004  0.5
 5  Su        818 0148  2.2 0842  0.5 1420  2.1 2057  0.6
 6  Mo        818 0239  2.2 0935  0.5 1517  2.1 2156  0.6
 7  Tu        818 0337  2.2 1032  0.4 1621  2.1 2301  0.6
 8  We        818 0442  2.2 1134  0.4 1730  2.2 9999  9.9
 9  Th        818 0007  0.5 0551  2.2 1235  0.3 1838  2.3
10  Fr        818 0110  0.4 0657  2.2 1335  0.2 1939  2.4
11  Sa        818 0209  0.3 0758  2.3 1432  0.1 2036  2.5
12  Su        818 0305  0.2 0855  2.4 1526  0.1 2128  2.5
13  Mo        818 0358  0.2 0947  2.4 1617  0.1 2217  2.5
14  Tu        818 0449  0.1 1038  2.4 1706  0.1 2305  2.5
15  We        818 0537  0.2 1126  2.3 1754  0.2 2351  2.4
16  Th        818 0625  0.2 1214  2.3 1841  0.3 9999  9.9
17  Fr        818 0037  2.3 0712  0.3 1302  2.2 1929  0.4
18  Sa        818 0123  2.2 0759  0.3 1352  2.1 2018  0.5
19  Su        818 0212  2.1 0848  0.4 1447  2.0 2110  0.6
20  Mo        818 0305  2.1 0939  0.5 1549  2.0 2205  0.6
21  Tu        818 0404  2.0 1032  0.5 1654  2.0 2303  0.7
22  We        818 0506  2.0 1127  0.5 1755  2.0 9999  9.9
23  Th        818 0000  0.7 0604  2.0 1221  0.5 1848  2.1
24  Fr        818 0054  0.6 0657  2.0 1313  0.5 1936  2.1
25  Sa        818 0144  0.6 0743  2.0 1400  0.4 2018  2.2
26  Su        818 0230  0.5 0825  2.1 1445  0.4 2055  2.2
27  Mo        818 0314  0.4 0904  2.1 1528  0.3 2128  2.3
28  Tu        818 0357  0.4 0941  2.2 1609  0.3 2202  2.3
29  We        818 0438  0.4 1019  2.2 1650  0.3 2237  2.3
30  Th        818 0520  0.3 1057  2.2 1731  0.3 2314  2.3
31  Fr        818 0601  0.3 1138  2.2 1813  0.4 2354  2.3
 1  Sa        918 0644  0.4 1220  2.2 1857  0.4 9999  9.9
 2  Su        918 0037  2.3 0728  0.4 1306  2.2 1945  0.5
 3  Mo        918 0124  2.2 0816  0.4 1357  2.1 2038  0.5
 4  Tu        918 0216  2.2 0910  0.4 1454  2.1 2138  0.6
 5  We        918 0316  2.1 1008  0.4 1559  2.1 2243  0.6
 6  Th        918 0423  2.1 1111  0.4 1710  2.2 2348  0.5
 7  Fr        918 0534  2.1 1214  0.3 1820  2.2 9999  9.9
 8  Sa        918 0051  0.4 0643  2.2 1316  0.3 1923  2.4
 9  Su        918 0150  0.3 0744  2.3 1413  0.2 2018  2.4
10  Mo        918 0245  0.2 0840  2.4 1507  0.1 2109  2.5
11  Tu        918 0337  0.1 0931  2.4 1557  0.1 2157  2.5
12  We        918 0425  0.1 1019  2.4 1644  0.1 2242  2.5
13  Th        918 0512  0.1 1105  2.4 1730  0.2 2325  2.4
14  Fr        918 0557  0.2 1149  2.3 1816  0.3 9999  9.9
15  Sa        918 0008  2.3 0641  0.3 1233  2.2 1901  0.4
16  Su        918 0050  2.2 0726  0.4 1319  2.1 1948  0.5
17  Mo        918 0134  2.1 0812  0.4 1408  2.1 2038  0.6
18  Tu        918 0222  2.0 0901  0.5 1504  2.0 2131  0.7
19  We        918 0317  1.9 0953  0.6 1611  2.0 2228  0.7
20  Th        918 0422  1.9 1048  0.6 1718  2.0 2326  0.7
21  Fr        918 0528  1.9 1145  0.6 1815  2.0 9999  9.9
22  Sa        918 0021  0.6 0626  1.9 1239  0.5 1904  2.1
23  Su        918 0113  0.6 0715  2.0 1329  0.5 1945  2.1
24  Mo        918 0200  0.5 0759  2.1 1416  0.4 2022  2.2
25  Tu        918 0245  0.4 0838  2.2 1500  0.3 2058  2.3
26  We        918 0328  0.3 0917  2.2 1544  0.3 2134  2.3
27  Th        918 0411  0.3 0956  2.3 1626  0.3 2211  2.3
28  Fr        918 0453  0.2 1036  2.3 1709  0.3 2251  2.3
29  Sa        918 0536  0.3 1118  2.3 1754  0.3 2333  2.3
30  Su        918 0620  0.3 1201  2.3 1840  0.4 9999  9.9
 1  Mo       1018 0017  2.3 0706  0.3 1248  2.3 1930  0.4
 2  Tu       1018 0105  2.2 0755  0.4 1339  2.2 2024  0.5
 3  We       1018 0159  2.2 0849  0.4 1437  2.2 2124  0.5
 4  Th       1018 0300  2.1 0948  0.4 1542  2.1 2227  0.5
 5  Fr       1018 0409  2.1 1051  0.4 1654  2.2 2331  0.4
 6  Sa       1018 0522  2.1 1155  0.4 1804  2.3 9999  9.9
 7  Su       1018 0032  0.4 0630  2.2 1256  0.3 1904  2.3
 8  Mo       1018 0130  0.3 0730  2.3 1353  0.2 1958  2.4
 9  Tu       1018 0223  0.2 0823  2.4 1446  0.2 2048  2.5
10  We       1018 0313  0.1 0913  2.4 1535  0.2 2134  2.5
11  Th       1018 0400  0.1 0959  2.4 1621  0.2 2217  2.4
12  Fr       1018 0445  0.1 1042  2.4 1706  0.3 2258  2.4
13  Sa       1018 0528  0.2 1124  2.3 1750  0.3 2338  2.3
14  Su       1018 0611  0.3 1205  2.3 1833  0.4 9999  9.9
15  Mo       1018 0017  2.2 0653  0.4 1246  2.2 1918  0.5
16  Tu       1018 0058  2.1 0737  0.5 1330  2.1 2006  0.6
17  We       1018 0142  2.0 0823  0.5 1418  2.0 2057  0.7
18  Th       1018 0232  1.9 0912  0.6 1514  2.0 2152  0.7
19  Fr       1018 0331  1.9 1007  0.6 1620  1.9 2248  0.7
20  Sa       1018 0438  1.9 1104  0.6 1725  2.0 2344  0.6
21  Su       1018 0543  1.9 1200  0.6 1818  2.0 9999  9.9
22  Mo       1018 0036  0.5 0638  2.0 1254  0.5 1902  2.1
23  Tu       1018 0126  0.4 0725  2.1 1344  0.5 1944  2.2
24  We       1018 0213  0.3 0809  2.2 1431  0.4 2024  2.3
25  Th       1018 0259  0.3 0851  2.3 1518  0.3 2105  2.3
26  Fr       1018 0344  0.2 0934  2.4 1604  0.3 2147  2.4
27  Sa       1018 0428  0.2 1016  2.4 1650  0.3 2230  2.4
28  Su       1018 0513  0.2 1100  2.4 1737  0.3 2315  2.3
29  Mo       1018 0559  0.2 1145  2.4 1825  0.3 9999  9.9
30  Tu       1018 0002  2.3 0647  0.2 1233  2.3 1916  0.4
31  We       1018 0052  2.2 0737  0.3 1325  2.3 2011  0.4
 1  Th       1118 0146  2.2 0831  0.4 1422  2.2 2109  0.4
 2  Fr       1118 0247  2.1 0929  0.4 1527  2.2 2209  0.4
 3  Sa       1118 0356  2.1 1030  0.4 1637  2.2 2310  0.4
 4  Su       1118 0507  2.1 1133  0.4 1743  2.3 9999  9.9
 5  Mo       1118 0010  0.3 0614  2.2 1235  0.4 1842  2.3
 6  Tu       1118 0107  0.2 0712  2.3 1331  0.3 1935  2.4
 7  We       1118 0159  0.2 0804  2.4 1424  0.3 2024  2.4
 8  Th       1118 0248  0.1 0853  2.4 1512  0.3 2109  2.4
 9  Fr       1118 0334  0.1 0937  2.4 1558  0.3 2151  2.4
10  Sa       1118 0418  0.2 1020  2.4 1641  0.3 2231  2.3
11  Su       1118 0500  0.2 1100  2.3 1724  0.4 2309  2.2
12  Mo       1118 0541  0.3 1138  2.3 1807  0.4 2347  2.1
13  Tu       1118 0622  0.3 1216  2.2 1851  0.5 9999  9.9
14  We       1118 0026  2.1 0703  0.4 1256  2.2 1936  0.6
15  Th       1118 0108  2.0 0747  0.5 1338  2.1 2024  0.6
16  Fr       1118 0154  1.9 0833  0.6 1426  2.0 2115  0.6
17  Sa       1118 0246  1.9 0924  0.6 1518  2.0 2208  0.6
18  Su       1118 0345  1.9 1020  0.6 1616  2.0 2303  0.6
19  Mo       1118 0448  1.9 1117  0.6 1715  2.0 2356  0.5
20  Tu       1118 0550  2.0 1214  0.6 1810  2.1 9999  9.9
21  We       1118 0049  0.4 0646  2.1 1309  0.5 1901  2.2
22  Th       1118 0139  0.3 0737  2.2 1401  0.4 1950  2.3
23  Fr       1118 0229  0.2 0825  2.3 1452  0.3 2038  2.3
24  Sa       1118 0317  0.2 0911  2.4 1542  0.3 2125  2.4
25  Su       1118 0405  0.1 0958  2.5 1631  0.2 2212  2.4
26  Mo       1118 0452  0.1 1044  2.5 1721  0.2 2300  2.4
27  Tu       1118 0540  0.1 1131  2.5 1811  0.3 2349  2.3
28  We       1118 0629  0.2 1220  2.4 1902  0.3 9999  9.9
29  Th       1118 0040  2.3 0719  0.2 1312  2.4 1956  0.3
30  Fr       1118 0134  2.2 0812  0.3 1408  2.3 2051  0.4
 1  Sa       1218 0234  2.1 0908  0.4 1509  2.3 2148  0.4
 2  Su       1218 0339  2.1 1008  0.4 1614  2.2 2247  0.4
 3  Mo       1218 0448  2.1 1109  0.4 1718  2.2 2344  0.3
 4  Tu       1218 0553  2.2 1210  0.4 1817  2.3 9999  9.9
 5  We       1218 0040  0.3 0651  2.2 1307  0.4 1910  2.3
 6  Th       1218 0133  0.2 0743  2.3 1359  0.4 1959  2.3
 7  Fr       1218 0222  0.2 0832  2.3 1448  0.4 2044  2.3
 8  Sa       1218 0308  0.2 0916  2.4 1534  0.4 2127  2.3
 9  Su       1218 0352  0.2 0958  2.4 1618  0.4 2206  2.2
10  Mo       1218 0433  0.2 1037  2.3 1700  0.4 2244  2.2
11  Tu       1218 0513  0.3 1113  2.3 1742  0.4 2321  2.1
12  We       1218 0553  0.3 1149  2.3 1825  0.5 2359  2.1
13  Th       1218 0633  0.4 1225  2.2 1908  0.5 9999  9.9
14  Fr       1218 0039  2.0 0715  0.5 1304  2.2 1952  0.5
15  Sa       1218 0122  2.0 0758  0.5 1347  2.1 2039  0.6
16  Su       1218 0210  2.0 0845  0.6 1433  2.1 2128  0.6
17  Mo       1218 0302  1.9 0937  0.6 1525  2.1 2221  0.6
18  Tu       1218 0400  1.9 1034  0.6 1621  2.1 2315  0.5
19  We       1218 0502  2.0 1134  0.6 1721  2.1 9999  9.9
20  Th       1218 0011  0.4 0605  2.1 1234  0.5 1821  2.2
21  Fr       1218 0106  0.3 0704  2.2 1332  0.5 1918  2.2
22  Sa       1218 0200  0.2 0759  2.3 1428  0.4 2012  2.3
23  Su       1218 0252  0.1 0850  2.4 1521  0.3 2105  2.4
24  Mo       1218 0343  0.1 0940  2.5 1613  0.2 2156  2.4
25  Tu       1218 0433  0.1 1029  2.5 1704  0.2 2246  2.4
26  We       1218 0522  0.1 1118  2.5 1755  0.2 2336  2.4
27  Th       1218 0611  0.1 1207  2.5 1846  0.2 9999  9.9
28  Fr       1218 0027  2.3 0701  0.2 1257  2.4 1937  0.2
29  Sa       1218 0120  2.2 0753  0.3 1350  2.4 2030  0.3
30  Su       1218 0217  2.2 0847  0.4 1447  2.3 2124  0.3
31  Mo       1218 0318  2.1 0943  0.4 1547  2.2 2219  0.3
