376Ben Gunn Wharf
Based on data from  1-Jan-2011
Local Std Time, tidal heights in metres.
 1  We        120 0018  2.1 0647  0.4 1244  2.2 1924  0.5
 2  Th        120 0059  2.0 0729  0.5 1323  2.1 2008  0.5
 3  Fr        120 0143  2.0 0813  0.6 1404  2.1 2054  0.6
 4  Sa        120 0230  1.9 0900  0.6 1450  2.0 2142  0.6
 5  Su        120 0323  1.9 0952  0.7 1540  2.0 2233  0.6
 6  Mo        120 0422  1.9 1049  0.7 1635  2.0 2326  0.5
 7  Tu        120 0523  1.9 1148  0.7 1733  2.0 9999  9.9
 8  We        120 0020  0.5 0623  2.0 1246  0.6 1831  2.1
 9  Th        120 0114  0.4 0718  2.1 1342  0.5 1926  2.1
10  Fr        120 0206  0.3 0809  2.2 1436  0.4 2018  2.2
11  Sa        120 0257  0.2 0857  2.3 1528  0.4 2109  2.3
12  Su        120 0346  0.2 0944  2.4 1618  0.3 2158  2.3
13  Mo        120 0435  0.1 1030  2.5 1707  0.2 2247  2.3
14  Tu        120 0523  0.1 1117  2.5 1756  0.2 2336  2.3
15  We        120 0611  0.1 1204  2.5 1845  0.2 9999  9.9
16  Th        120 0025  2.3 0700  0.2 1252  2.4 1935  0.2
17  Fr        120 0117  2.3 0750  0.3 1343  2.4 2027  0.3
18  Sa        120 0211  2.2 0844  0.4 1437  2.3 2120  0.3
19  Su        120 0311  2.2 0941  0.4 1536  2.2 2216  0.3
20  Mo        120 0417  2.1 1041  0.5 1639  2.2 2314  0.3
21  Tu        120 0524  2.1 1143  0.5 1742  2.2 9999  9.9
22  We        120 0012  0.3 0627  2.2 1243  0.5 1842  2.2
23  Th        120 0109  0.3 0724  2.2 1340  0.5 1937  2.2
24  Fr        120 0203  0.3 0815  2.3 1433  0.4 2027  2.2
25  Sa        120 0252  0.3 0903  2.3 1521  0.4 2114  2.2
26  Su        120 0338  0.3 0946  2.3 1607  0.4 2157  2.2
27  Mo        120 0420  0.3 1027  2.3 1650  0.4 2237  2.2
28  Tu        120 0501  0.3 1104  2.3 1731  0.4 2315  2.1
29  We        120 0540  0.3 1138  2.3 1812  0.4 2351  2.1
30  Th        120 0619  0.4 1211  2.2 1852  0.4 9999  9.9
31  Fr        120 0029  2.1 0658  0.5 1246  2.2 1933  0.5
 1  Sa        220 0108  2.0 0738  0.5 1324  2.1 2015  0.5
 2  Su        220 0151  2.0 0822  0.6 1406  2.1 2100  0.5
 3  Mo        220 0239  2.0 0911  0.7 1454  2.1 2149  0.6
 4  Tu        220 0333  1.9 1007  0.7 1547  2.0 2243  0.6
 5  We        220 0434  2.0 1109  0.7 1648  2.0 2341  0.5
 6  Th        220 0539  2.0 1213  0.6 1753  2.0 9999  9.9
 7  Fr        220 0040  0.4 0643  2.1 1314  0.6 1856  2.1
 8  Sa        220 0137  0.3 0741  2.2 1411  0.4 1955  2.2
 9  Su        220 0232  0.2 0834  2.4 1506  0.3 2050  2.3
10  Mo        220 0325  0.1 0924  2.5 1558  0.2 2142  2.4
11  Tu        220 0415  0.1 1012  2.5 1648  0.1 2232  2.4
12  We        220 0504  0.1 1059  2.5 1737  0.1 2321  2.4
13  Th        220 0553  0.1 1146  2.5 1825  0.1 9999  9.9
14  Fr        220 0010  2.4 0641  0.2 1233  2.5 1913  0.2
15  Sa        220 0100  2.3 0731  0.2 1322  2.4 2003  0.2
16  Su        220 0152  2.3 0823  0.4 1414  2.3 2054  0.3
17  Mo        220 0249  2.2 0918  0.5 1511  2.2 2149  0.4
18  Tu        220 0353  2.1 1017  0.5 1613  2.1 2246  0.4
19  We        220 0501  2.1 1119  0.6 1718  2.1 2345  0.4
20  Th        220 0605  2.1 1220  0.6 1820  2.1 9999  9.9
21  Fr        220 0044  0.4 0703  2.2 1317  0.5 1917  2.1
22  Sa        220 0139  0.4 0755  2.2 1410  0.5 2008  2.1
23  Su        220 0229  0.4 0841  2.3 1458  0.4 2054  2.1
24  Mo        220 0314  0.3 0924  2.3 1542  0.4 2136  2.2
25  Tu        220 0355  0.3 1002  2.3 1623  0.4 2215  2.2
26  We        220 0435  0.3 1036  2.3 1703  0.4 2250  2.2
27  Th        220 0513  0.3 1107  2.3 1742  0.4 2324  2.2
28  Fr        220 0551  0.4 1139  2.2 1821  0.4 9999  9.9
29  Sa        220 0000  2.1 0629  0.4 1213  2.2 1900  0.4
 1  Su        320 0037  2.1 0709  0.5 1250  2.2 1940  0.5
 2  Mo        320 0119  2.1 0752  0.6 1332  2.1 2023  0.5
 3  Tu        320 0205  2.0 0839  0.6 1419  2.1 2111  0.5
 4  We        320 0257  2.0 0935  0.7 1512  2.0 2206  0.5
 5  Th        320 0356  2.0 1038  0.7 1614  2.0 2306  0.5
 6  Fr        320 0503  2.0 1144  0.6 1723  2.0 9999  9.9
 7  Sa        320 0009  0.5 0611  2.1 1247  0.5 1831  2.1
 8  Su        320 0110  0.4 0714  2.3 1347  0.4 1934  2.2
 9  Mo        320 0208  0.2 0810  2.4 1442  0.3 2032  2.3
10  Tu        320 0303  0.1 0902  2.5 1535  0.1 2125  2.4
11  We        320 0354  0.1 0951  2.5 1625  0.1 2215  2.5
12  Th        320 0444  0.1 1039  2.6 1714  0.0 2304  2.5
13  Fr        320 0533  0.1 1126  2.5 1802  0.1 2352  2.4
14  Sa        320 0622  0.2 1212  2.4 1850  0.1 9999  9.9
15  Su        320 0040  2.4 0711  0.3 1300  2.3 1938  0.2
16  Mo        320 0131  2.3 0802  0.4 1350  2.2 2028  0.3
17  Tu        320 0226  2.2 0856  0.5 1445  2.1 2121  0.4
18  We        320 0329  2.1 0954  0.6 1547  2.0 2217  0.5
19  Th        320 0437  2.1 1054  0.6 1654  2.0 2317  0.5
20  Fr        320 0541  2.1 1154  0.6 1758  2.0 9999  9.9
21  Sa        320 0016  0.5 0638  2.1 1251  0.6 1855  2.0
22  Su        320 0112  0.5 0729  2.2 1342  0.5 1946  2.1
23  Mo        320 0202  0.4 0815  2.2 1430  0.4 2032  2.1
24  Tu        320 0247  0.4 0856  2.2 1513  0.4 2113  2.2
25  We        320 0328  0.4 0932  2.3 1554  0.3 2150  2.2
26  Th        320 0408  0.4 1005  2.3 1633  0.3 2224  2.2
27  Fr        320 0446  0.4 1035  2.2 1712  0.3 2257  2.2
28  Sa        320 0525  0.4 1108  2.2 1750  0.4 2333  2.2
29  Su        320 0604  0.4 1143  2.2 1829  0.4 9999  9.9
30  Mo        320 0010  2.2 0645  0.5 1221  2.2 1910  0.4
31  Tu        320 0051  2.1 0729  0.6 1304  2.1 1953  0.5
 1  We        420 0137  2.1 0817  0.6 1352  2.1 2041  0.5
 2  Th        420 0229  2.1 0913  0.6 1447  2.0 2136  0.5
 3  Fr        420 0327  2.1 1015  0.6 1550  2.0 2237  0.5
 4  Sa        420 0433  2.1 1119  0.6 1659  2.1 2341  0.5
 5  Su        420 0542  2.2 1222  0.4 1809  2.1 9999  9.9
 6  Mo        420 0044  0.4 0646  2.3 1321  0.3 1913  2.3
 7  Tu        420 0144  0.3 0744  2.4 1417  0.2 2012  2.4
 8  We        420 0240  0.2 0838  2.5 1510  0.1 2105  2.5
 9  Th        420 0332  0.1 0928  2.5 1601  0.0 2156  2.5
10  Fr        420 0423  0.1 1016  2.5 1650  0.0 2244  2.5
11  Sa        420 0512  0.1 1103  2.5 1738  0.1 2332  2.4
12  Su        420 0601  0.2 1149  2.4 1825  0.2 9999  9.9
13  Mo        420 0020  2.4 0650  0.3 1236  2.3 1912  0.3
14  Tu        420 0109  2.3 0740  0.4 1326  2.1 2001  0.4
15  We        420 0202  2.2 0833  0.5 1419  2.0 2052  0.5
16  Th        420 0302  2.1 0929  0.6 1520  2.0 2146  0.5
17  Fr        420 0407  2.1 1026  0.6 1626  1.9 2244  0.6
18  Sa        420 0511  2.1 1123  0.6 1731  1.9 2342  0.6
19  Su        420 0608  2.1 1219  0.6 1829  2.0 9999  9.9
20  Mo        420 0038  0.6 0658  2.1 1310  0.5 1919  2.0
21  Tu        420 0129  0.5 0742  2.2 1357  0.4 2004  2.1
22  We        420 0214  0.5 0822  2.2 1440  0.4 2045  2.2
23  Th        420 0257  0.4 0857  2.2 1522  0.3 2121  2.2
24  Fr        420 0339  0.4 0930  2.2 1602  0.3 2156  2.2
25  Sa        420 0419  0.4 1003  2.2 1642  0.3 2231  2.2
26  Su        420 0500  0.4 1039  2.2 1722  0.3 2307  2.2
27  Mo        420 0542  0.5 1117  2.2 1802  0.4 2347  2.2
28  Tu        420 0625  0.5 1158  2.2 1844  0.4 9999  9.9
29  We        420 0029  2.2 0711  0.5 1243  2.1 1929  0.4
30  Th        420 0115  2.2 0801  0.6 1332  2.1 2018  0.5
 1  Fr        520 0206  2.2 0855  0.6 1428  2.1 2112  0.5
 2  Sa        520 0304  2.2 0954  0.5 1530  2.1 2212  0.5
 3  Su        520 0408  2.2 1055  0.5 1638  2.1 2315  0.4
 4  Mo        520 0515  2.2 1156  0.4 1747  2.2 9999  9.9
 5  Tu        520 0018  0.4 0619  2.3 1255  0.3 1852  2.3
 6  We        520 0119  0.3 0718  2.4 1351  0.2 1950  2.4
 7  Th        520 0216  0.2 0812  2.4 1445  0.1 2044  2.5
 8  Fr        520 0310  0.2 0903  2.5 1536  0.1 2135  2.5
 9  Sa        520 0401  0.2 0952  2.4 1625  0.1 2224  2.5
10  Su        520 0451  0.2 1039  2.4 1713  0.1 2311  2.4
11  Mo        520 0540  0.3 1125  2.3 1759  0.2 2358  2.3
12  Tu        520 0628  0.4 1212  2.2 1845  0.3 9999  9.9
13  We        520 0045  2.3 0717  0.5 1300  2.1 1932  0.4
14  Th        520 0135  2.2 0808  0.5 1351  2.0 2021  0.5
15  Fr        520 0230  2.1 0900  0.6 1447  1.9 2112  0.6
16  Sa        520 0329  2.1 0953  0.6 1550  1.9 2206  0.6
17  Su        520 0431  2.0 1047  0.6 1655  1.9 2303  0.6
18  Mo        520 0527  2.0 1140  0.6 1754  1.9 2358  0.6
19  Tu        520 0617  2.1 1231  0.5 1845  2.0 9999  9.9
20  We        520 0050  0.6 0701  2.1 1319  0.5 1931  2.1
21  Th        520 0138  0.5 0740  2.1 1404  0.4 2012  2.1
22  Fr        520 0224  0.5 0818  2.2 1448  0.3 2050  2.2
23  Sa        520 0309  0.5 0854  2.2 1530  0.3 2127  2.2
24  Su        520 0353  0.5 0933  2.2 1613  0.3 2205  2.3
25  Mo        520 0437  0.4 1013  2.2 1655  0.3 2244  2.3
26  Tu        520 0521  0.5 1054  2.2 1738  0.3 2326  2.3
27  We        520 0607  0.5 1139  2.2 1822  0.3 9999  9.9
28  Th        520 0010  2.3 0655  0.5 1226  2.1 1909  0.4
29  Fr        520 0056  2.3 0745  0.5 1316  2.1 1958  0.4
30  Sa        520 0147  2.2 0838  0.5 1412  2.1 2052  0.4
31  Su        520 0243  2.2 0934  0.4 1513  2.1 2150  0.4
 1  Mo        620 0344  2.2 1032  0.4 1618  2.1 2251  0.4
 2  Tu        620 0449  2.3 1131  0.3 1726  2.2 2354  0.4
 3  We        620 0552  2.3 1229  0.3 1830  2.3 9999  9.9
 4  Th        620 0055  0.4 0652  2.3 1326  0.2 1929  2.3
 5  Fr        620 0152  0.3 0747  2.4 1420  0.1 2024  2.4
 6  Sa        620 0247  0.3 0839  2.4 1511  0.1 2115  2.4
 7  Su        620 0339  0.3 0929  2.3 1601  0.2 2203  2.4
 8  Mo        620 0429  0.3 1016  2.3 1648  0.2 2250  2.4
 9  Tu        620 0518  0.4 1102  2.2 1733  0.3 2335  2.3
10  We        620 0605  0.4 1147  2.1 1818  0.3 9999  9.9
11  Th        620 0020  2.2 0652  0.5 1233  2.0 1903  0.4
12  Fr        620 0105  2.2 0739  0.5 1319  2.0 1948  0.5
13  Sa        620 0151  2.1 0827  0.6 1409  1.9 2035  0.6
14  Su        620 0241  2.1 0916  0.6 1504  1.9 2125  0.6
15  Mo        620 0333  2.0 1007  0.6 1604  1.9 2218  0.7
16  Tu        620 0427  2.0 1057  0.6 1705  1.9 2313  0.7
17  We        620 0519  2.0 1148  0.5 1800  2.0 9999  9.9
18  Th        620 0007  0.7 0607  2.0 1238  0.5 1850  2.0
19  Fr        620 0100  0.6 0652  2.1 1326  0.4 1935  2.1
20  Sa        620 0150  0.6 0737  2.1 1413  0.4 2017  2.2
21  Su        620 0239  0.5 0821  2.1 1500  0.3 2059  2.2
22  Mo        620 0327  0.5 0905  2.2 1545  0.3 2141  2.3
23  Tu        620 0414  0.4 0950  2.2 1631  0.3 2223  2.3
24  We        620 0502  0.4 1036  2.2 1716  0.3 2307  2.3
25  Th        620 0549  0.4 1123  2.2 1802  0.3 2352  2.3
26  Fr        620 0638  0.4 1211  2.2 1850  0.3 9999  9.9
27  Sa        620 0039  2.3 0727  0.4 1301  2.2 1939  0.3
28  Su        620 0129  2.3 0818  0.4 1356  2.2 2032  0.4
29  Mo        620 0223  2.3 0912  0.4 1454  2.1 2128  0.4
30  Tu        620 0321  2.3 1008  0.3 1558  2.1 2229  0.5
 1  We        720 0423  2.2 1106  0.3 1705  2.2 2331  0.5
 2  Th        720 0527  2.2 1204  0.3 1810  2.2 9999  9.9
 3  Fr        720 0032  0.4 0628  2.2 1301  0.3 1910  2.3
 4  Sa        720 0131  0.4 0725  2.3 1356  0.2 2005  2.3
 5  Su        720 0226  0.4 0818  2.2 1449  0.2 2056  2.3
 6  Mo        720 0319  0.4 0908  2.2 1538  0.2 2144  2.4
 7  Tu        720 0408  0.4 0955  2.2 1624  0.3 2229  2.3
 8  We        720 0455  0.4 1040  2.2 1708  0.3 2311  2.3
 9  Th        720 0540  0.4 1123  2.1 1750  0.4 2352  2.2
10  Fr        720 0624  0.5 1205  2.1 1832  0.4 9999  9.9
11  Sa        720 0031  2.2 0708  0.5 1246  2.0 1914  0.5
12  Su        720 0110  2.1 0752  0.5 1330  2.0 1958  0.6
13  Mo        720 0150  2.1 0837  0.6 1416  1.9 2043  0.6
14  Tu        720 0234  2.0 0923  0.6 1507  1.9 2133  0.7
15  We        720 0321  2.0 1012  0.6 1603  1.9 2227  0.7
16  Th        720 0413  2.0 1103  0.6 1702  1.9 2324  0.7
17  Fr        720 0508  2.0 1156  0.5 1801  2.0 9999  9.9
18  Sa        720 0022  0.7 0605  2.0 1249  0.5 1855  2.1
19  Su        720 0118  0.6 0659  2.1 1341  0.4 1945  2.2
20  Mo        720 0211  0.5 0752  2.1 1431  0.3 2032  2.2
21  Tu        720 0303  0.5 0842  2.2 1520  0.3 2118  2.3
22  We        720 0353  0.4 0931  2.2 1609  0.2 2203  2.4
23  Th        720 0441  0.3 1019  2.3 1656  0.2 2249  2.4
24  Fr        720 0530  0.3 1107  2.3 1743  0.2 2334  2.4
25  Sa        720 0618  0.3 1156  2.3 1831  0.2 9999  9.9
26  Su        720 0021  2.4 0707  0.3 1246  2.3 1921  0.3
27  Mo        720 0110  2.4 0757  0.3 1338  2.2 2013  0.4
28  Tu        720 0202  2.3 0849  0.3 1435  2.2 2108  0.4
29  We        720 0258  2.2 0944  0.3 1537  2.1 2207  0.5
30  Th        720 0400  2.2 1041  0.4 1645  2.1 2310  0.5
31  Fr        720 0504  2.1 1140  0.4 1752  2.1 9999  9.9
 1  Sa        820 0012  0.5 0608  2.1 1239  0.4 1853  2.2
 2  Su        820 0111  0.5 0707  2.1 1335  0.3 1948  2.2
 3  Mo        820 0207  0.5 0801  2.2 1428  0.3 2038  2.3
 4  Tu        820 0259  0.4 0850  2.2 1516  0.3 2124  2.3
 5  We        820 0346  0.4 0936  2.2 1601  0.3 2207  2.3
 6  Th        820 0431  0.4 1019  2.2 1643  0.3 2246  2.3
 7  Fr        820 0513  0.4 1059  2.1 1723  0.4 2322  2.3
 8  Sa        820 0555  0.4 1137  2.1 1802  0.4 2356  2.2
 9  Su        820 0635  0.5 1214  2.1 1842  0.5 9999  9.9
10  Mo        820 0030  2.2 0716  0.5 1253  2.0 1922  0.5
11  Tu        820 0107  2.1 0757  0.5 1335  2.0 2005  0.6
12  We        820 0148  2.1 0841  0.6 1420  1.9 2052  0.7
13  Th        820 0233  2.0 0928  0.6 1512  1.9 2146  0.7
14  Fr        820 0324  2.0 1020  0.6 1610  1.9 2245  0.7
15  Sa        820 0422  2.0 1116  0.6 1714  2.0 2348  0.7
16  Su        820 0525  2.0 1213  0.5 1817  2.0 9999  9.9
17  Mo        820 0048  0.6 0628  2.0 1310  0.4 1914  2.2
18  Tu        820 0145  0.5 0727  2.1 1405  0.3 2007  2.3
19  We        820 0239  0.4 0822  2.2 1457  0.2 2056  2.4
20  Th        820 0330  0.3 0914  2.3 1547  0.2 2143  2.5
21  Fr        820 0420  0.2 1003  2.4 1636  0.1 2229  2.5
22  Sa        820 0509  0.2 1052  2.4 1724  0.1 2315  2.5
23  Su        820 0557  0.2 1140  2.4 1813  0.2 9999  9.9
24  Mo        820 0002  2.4 0645  0.2 1229  2.3 1902  0.3
25  Tu        820 0050  2.4 0734  0.2 1320  2.3 1954  0.4
26  We        820 0141  2.3 0825  0.3 1415  2.2 2049  0.5
27  Th        820 0236  2.2 0919  0.4 1517  2.1 2148  0.5
28  Fr        820 0338  2.1 1017  0.4 1626  2.1 2250  0.6
29  Sa        820 0445  2.0 1117  0.5 1735  2.1 2353  0.6
30  Su        820 0551  2.0 1217  0.5 1836  2.1 9999  9.9
31  Mo        820 0052  0.5 0651  2.1 1315  0.4 1930  2.2
 1  Tu        920 0147  0.5 0745  2.1 1407  0.4 2019  2.3
 2  We        920 0237  0.4 0834  2.1 1454  0.4 2103  2.3
 3  Th        920 0322  0.4 0918  2.2 1537  0.3 2143  2.3
 4  Fr        920 0405  0.4 0958  2.2 1617  0.3 2219  2.3
 5  Sa        920 0445  0.4 1035  2.2 1656  0.4 2252  2.3
 6  Su        920 0524  0.4 1109  2.2 1734  0.4 2323  2.2
 7  Mo        920 0602  0.4 1144  2.1 1812  0.5 2355  2.2
 8  Tu        920 0641  0.4 1220  2.1 1851  0.5 9999  9.9
 9  We        920 0031  2.1 0721  0.5 1300  2.0 1933  0.6
10  Th        920 0111  2.1 0802  0.5 1344  2.0 2019  0.7
11  Fr        920 0156  2.0 0848  0.6 1433  2.0 2113  0.7
12  Sa        920 0247  2.0 0941  0.6 1530  1.9 2214  0.7
13  Su        920 0347  2.0 1039  0.6 1635  2.0 2318  0.7
14  Mo        920 0454  2.0 1141  0.5 1742  2.1 9999  9.9
15  Tu        920 0021  0.6 0602  2.0 1242  0.4 1845  2.2
16  We        920 0119  0.5 0706  2.2 1340  0.3 1941  2.3
17  Th        920 0215  0.3 0803  2.3 1434  0.2 2033  2.4
18  Fr        920 0307  0.2 0856  2.4 1526  0.1 2122  2.5
19  Sa        920 0357  0.1 0946  2.5 1616  0.1 2209  2.5
20  Su        920 0446  0.1 1035  2.5 1705  0.1 2255  2.5
21  Mo        920 0534  0.1 1122  2.4 1754  0.2 2342  2.4
22  Tu        920 0622  0.1 1211  2.4 1843  0.3 9999  9.9
23  We        920 0030  2.3 0711  0.2 1301  2.3 1935  0.4
24  Th        920 0120  2.2 0801  0.3 1355  2.2 2030  0.5
25  Fr        920 0215  2.1 0854  0.4 1457  2.1 2128  0.6
26  Sa        920 0317  2.0 0951  0.5 1606  2.1 2230  0.6
27  Su        920 0426  2.0 1052  0.5 1715  2.1 2331  0.6
28  Mo        920 0534  2.0 1154  0.5 1816  2.1 9999  9.9
29  Tu        920 0030  0.6 0634  2.0 1252  0.5 1908  2.2
30  We        920 0123  0.5 0727  2.1 1343  0.4 1955  2.2
 1  Th       1020 0211  0.4 0815  2.1 1430  0.4 2038  2.3
 2  Fr       1020 0255  0.4 0857  2.2 1512  0.4 2116  2.3
 3  Sa       1020 0336  0.3 0935  2.2 1551  0.4 2150  2.3
 4  Su       1020 0416  0.3 1010  2.2 1630  0.4 2221  2.2
 5  Mo       1020 0454  0.3 1043  2.2 1708  0.4 2251  2.2
 6  Tu       1020 0532  0.3 1117  2.2 1746  0.5 2325  2.2
 7  We       1020 0610  0.4 1153  2.2 1826  0.5 9999  9.9
 8  Th       1020 0001  2.1 0649  0.4 1232  2.1 1909  0.6
 9  Fr       1020 0042  2.1 0730  0.5 1315  2.1 1955  0.6
10  Sa       1020 0128  2.0 0816  0.5 1404  2.0 2049  0.7
11  Su       1020 0220  2.0 0909  0.6 1459  2.0 2148  0.7
12  Mo       1020 0320  2.0 1008  0.6 1602  2.0 2251  0.6
13  Tu       1020 0428  2.0 1111  0.5 1710  2.1 2354  0.5
14  We       1020 0538  2.1 1214  0.4 1815  2.2 9999  9.9
15  Th       1020 0053  0.4 0644  2.2 1315  0.3 1914  2.3
16  Fr       1020 0149  0.2 0743  2.3 1411  0.2 2008  2.4
17  Sa       1020 0242  0.1 0837  2.4 1504  0.1 2059  2.5
18  Su       1020 0333  0.0 0928  2.5 1556  0.1 2147  2.5
19  Mo       1020 0423  0.0 1017  2.5 1646  0.1 2235  2.5
20  Tu       1020 0511  0.1 1105  2.5 1735  0.2 2322  2.4
21  We       1020 0559  0.1 1153  2.4 1825  0.3 9999  9.9
22  Th       1020 0009  2.3 0647  0.2 1242  2.3 1916  0.4
23  Fr       1020 0059  2.2 0736  0.3 1335  2.2 2010  0.5
24  Sa       1020 0153  2.1 0828  0.4 1434  2.1 2106  0.6
25  Su       1020 0254  2.0 0924  0.5 1541  2.1 2205  0.6
26  Mo       1020 0402  1.9 1023  0.6 1648  2.1 2304  0.6
27  Tu       1020 0511  1.9 1123  0.6 1747  2.1 9999  9.9
28  We       1020 0000  0.5 0611  2.0 1221  0.6 1839  2.1
29  Th       1020 0053  0.5 0704  2.1 1313  0.5 1926  2.2
30  Fr       1020 0140  0.4 0750  2.1 1400  0.5 2007  2.2
31  Sa       1020 0224  0.4 0832  2.2 1443  0.4 2045  2.2
 1  Su       1120 0306  0.3 0910  2.2 1524  0.4 2118  2.2
 2  Mo       1120 0345  0.3 0945  2.3 1604  0.4 2150  2.2
 3  Tu       1120 0424  0.3 1018  2.3 1643  0.4 2223  2.2
 4  We       1120 0503  0.3 1052  2.3 1724  0.5 2259  2.2
 5  Th       1120 0542  0.3 1129  2.2 1806  0.5 2338  2.1
 6  Fr       1120 0623  0.4 1209  2.2 1850  0.5 9999  9.9
 7  Sa       1120 0020  2.1 0705  0.4 1252  2.2 1937  0.6
 8  Su       1120 0107  2.1 0751  0.5 1340  2.1 2029  0.6
 9  Mo       1120 0200  2.0 0843  0.5 1434  2.1 2126  0.6
10  Tu       1120 0259  2.0 0941  0.5 1534  2.1 2226  0.5
11  We       1120 0405  2.0 1044  0.5 1640  2.2 2327  0.4
12  Th       1120 0514  2.1 1147  0.4 1746  2.3 9999  9.9
13  Fr       1120 0026  0.3 0621  2.2 1249  0.4 1847  2.3
14  Sa       1120 0123  0.2 0722  2.3 1348  0.3 1943  2.4
15  Su       1120 0218  0.1 0818  2.4 1443  0.2 2036  2.5
16  Mo       1120 0310  0.0 0910  2.5 1536  0.2 2126  2.5
17  Tu       1120 0400  0.0 0959  2.5 1627  0.2 2214  2.4
18  We       1120 0449  0.1 1047  2.5 1717  0.2 2302  2.3
19  Th       1120 0536  0.1 1135  2.4 1806  0.3 2350  2.2
20  Fr       1120 0624  0.2 1223  2.3 1856  0.4 9999  9.9
21  Sa       1120 0039  2.1 0711  0.3 1313  2.2 1947  0.5
22  Su       1120 0130  2.0 0801  0.4 1407  2.2 2040  0.5
23  Mo       1120 0227  2.0 0852  0.5 1507  2.1 2134  0.6
24  Tu       1120 0330  1.9 0948  0.6 1609  2.1 2229  0.6
25  We       1120 0436  1.9 1045  0.6 1708  2.1 2323  0.5
26  Th       1120 0538  2.0 1142  0.6 1801  2.1 9999  9.9
27  Fr       1120 0015  0.5 0633  2.0 1236  0.6 1849  2.1
28  Sa       1120 0104  0.4 0721  2.1 1325  0.6 1931  2.1
29  Su       1120 0150  0.4 0804  2.2 1411  0.5 2010  2.2
30  Mo       1120 0233  0.3 0843  2.2 1455  0.5 2046  2.2
 1  Tu       1220 0315  0.3 0919  2.3 1538  0.4 2122  2.2
 2  We       1220 0356  0.3 0954  2.3 1621  0.4 2159  2.2
 3  Th       1220 0437  0.3 1030  2.3 1704  0.4 2238  2.2
 4  Fr       1220 0519  0.3 1109  2.3 1748  0.5 2319  2.2
 5  Sa       1220 0601  0.3 1149  2.3 1833  0.5 9999  9.9
 6  Su       1220 0004  2.1 0644  0.4 1233  2.3 1920  0.5
 7  Mo       1220 0051  2.1 0731  0.4 1320  2.3 2010  0.5
 8  Tu       1220 0143  2.1 0821  0.4 1412  2.2 2104  0.5
 9  We       1220 0240  2.1 0917  0.5 1509  2.2 2201  0.4
10  Th       1220 0343  2.1 1018  0.5 1611  2.2 2259  0.4
11  Fr       1220 0450  2.1 1121  0.5 1716  2.3 2359  0.3
12  Sa       1220 0558  2.2 1224  0.4 1820  2.3 9999  9.9
13  Su       1220 0057  0.2 0701  2.3 1325  0.3 1919  2.3
14  Mo       1220 0154  0.2 0759  2.4 1422  0.3 2014  2.4
15  Tu       1220 0247  0.1 0852  2.4 1516  0.3 2106  2.4
16  We       1220 0339  0.1 0942  2.5 1608  0.3 2156  2.3
17  Th       1220 0428  0.1 1030  2.5 1658  0.3 2244  2.3
18  Fr       1220 0515  0.2 1117  2.4 1746  0.3 2331  2.2
19  Sa       1220 0600  0.3 1203  2.3 1834  0.4 9999  9.9
20  Su       1220 0017  2.1 0646  0.3 1249  2.3 1921  0.4
21  Mo       1220 0105  2.1 0731  0.4 1336  2.2 2009  0.5
22  Tu       1220 0154  2.0 0818  0.5 1425  2.1 2058  0.5
23  We       1220 0249  1.9 0908  0.6 1518  2.1 2149  0.5
24  Th       1220 0349  1.9 1001  0.6 1613  2.0 2240  0.5
25  Fr       1220 0452  1.9 1057  0.7 1708  2.0 2332  0.5
26  Sa       1220 0551  2.0 1153  0.7 1759  2.0 9999  9.9
27  Su       1220 0023  0.5 0644  2.0 1247  0.6 1846  2.0
28  Mo       1220 0112  0.4 0730  2.1 1338  0.6 1930  2.1
29  Tu       1220 0200  0.4 0812  2.2 1426  0.5 2013  2.1
30  We       1220 0245  0.3 0852  2.2 1513  0.5 2055  2.1
31  Th       1220 0330  0.3 0930  2.3 1559  0.4 2137  2.2
