376Ben Gunn
Based on data from  1-Jan-2011
Local Std Time, tidal heights in metres.
 1  Tu        119 0425  2.1 1043  0.5 1650  2.2 2317  0.4
 2  We        119 0529  2.1 1143  0.5 1749  2.2 9999  9.9
 3  Th        119 0012  0.3 0628  2.2 1241  0.5 1843  2.2
 4  Fr        119 0106  0.3 0722  2.2 1334  0.5 1934  2.2
 5  Sa        119 0157  0.3 0811  2.3 1425  0.5 2021  2.2
 6  Su        119 0244  0.3 0856  2.3 1511  0.4 2104  2.2
 7  Mo        119 0328  0.3 0938  2.3 1555  0.4 2145  2.2
 8  Tu        119 0409  0.3 1016  2.3 1638  0.4 2222  2.2
 9  We        119 0449  0.3 1051  2.3 1719  0.4 2258  2.1
10  Th        119 0528  0.3 1124  2.3 1800  0.4 2335  2.1
11  Fr        119 0607  0.4 1158  2.3 1841  0.5 9999  9.9
12  Sa        119 0013  2.1 0647  0.4 1234  2.2 1922  0.5
13  Su        119 0054  2.1 0727  0.5 1314  2.2 2005  0.5
14  Mo        119 0138  2.0 0811  0.5 1358  2.2 2051  0.5
15  Tu        119 0227  2.0 0900  0.6 1446  2.1 2141  0.5
16  We        119 0322  2.0 0956  0.6 1541  2.1 2236  0.5
17  Th        119 0423  2.0 1058  0.6 1641  2.1 2335  0.4
18  Fr        119 0528  2.1 1203  0.6 1746  2.1 9999  9.9
19  Sa        119 0035  0.4 0634  2.2 1306  0.5 1850  2.2
20  Su        119 0133  0.3 0735  2.3 1405  0.4 1951  2.3
21  Mo        119 0229  0.2 0831  2.4 1502  0.3 2048  2.4
22  Tu        119 0323  0.1 0924  2.5 1556  0.2 2141  2.4
23  We        119 0415  0.0 1014  2.5 1648  0.1 2233  2.4
24  Th        119 0505  0.0 1103  2.6 1738  0.1 2323  2.4
25  Fr        119 0554  0.1 1152  2.5 1827  0.1 9999  9.9
26  Sa        119 0013  2.4 0643  0.1 1240  2.5 1917  0.2
27  Su        119 0104  2.3 0733  0.2 1330  2.4 2006  0.2
28  Mo        119 0156  2.2 0824  0.3 1422  2.3 2057  0.3
29  Tu        119 0253  2.1 0917  0.4 1517  2.2 2150  0.4
30  We        119 0356  2.1 1014  0.5 1617  2.1 2245  0.4
31  Th        119 0500  2.1 1113  0.6 1717  2.1 2341  0.4
 1  Fr        219 0602  2.1 1211  0.6 1815  2.1 9999  9.9
 2  Sa        219 0036  0.4 0657  2.1 1307  0.6 1908  2.1
 3  Su        219 0128  0.4 0748  2.2 1359  0.5 1957  2.1
 4  Mo        219 0217  0.4 0833  2.2 1446  0.5 2042  2.1
 5  Tu        219 0302  0.3 0915  2.3 1531  0.4 2123  2.1
 6  We        219 0344  0.3 0952  2.3 1613  0.4 2200  2.2
 7  Th        219 0424  0.3 1025  2.3 1653  0.4 2235  2.2
 8  Fr        219 0503  0.3 1057  2.3 1733  0.4 2311  2.2
 9  Sa        219 0542  0.3 1130  2.3 1813  0.4 2348  2.2
10  Su        219 0621  0.4 1205  2.3 1853  0.4 9999  9.9
11  Mo        219 0028  2.1 0701  0.4 1244  2.2 1935  0.4
12  Tu        219 0111  2.1 0744  0.5 1327  2.2 2019  0.5
13  We        219 0158  2.1 0832  0.6 1415  2.2 2108  0.5
14  Th        219 0251  2.1 0927  0.6 1509  2.1 2203  0.5
15  Fr        219 0351  2.1 1030  0.6 1610  2.1 2304  0.4
16  Sa        219 0458  2.1 1137  0.6 1718  2.1 9999  9.9
17  Su        219 0007  0.4 0607  2.2 1242  0.5 1828  2.2
18  Mo        219 0108  0.3 0713  2.3 1344  0.4 1932  2.3
19  Tu        219 0208  0.2 0812  2.4 1442  0.3 2031  2.3
20  We        219 0303  0.1 0906  2.5 1536  0.2 2126  2.4
21  Th        219 0356  0.1 0956  2.6 1627  0.1 2217  2.4
22  Fr        219 0446  0.0 1045  2.6 1717  0.1 2306  2.4
23  Sa        219 0534  0.1 1131  2.5 1804  0.1 2354  2.4
24  Su        219 0622  0.2 1217  2.4 1852  0.2 9999  9.9
25  Mo        219 0042  2.3 0710  0.3 1304  2.3 1939  0.2
26  Tu        219 0131  2.2 0758  0.4 1352  2.2 2027  0.3
27  We        219 0224  2.2 0850  0.5 1443  2.1 2117  0.4
28  Th        219 0323  2.1 0944  0.6 1541  2.1 2210  0.5
 1  Fr        319 0428  2.0 1042  0.6 1643  2.0 2306  0.5
 2  Sa        319 0532  2.0 1140  0.6 1745  2.0 9999  9.9
 3  Su        319 0003  0.5 0630  2.1 1237  0.6 1841  2.0
 4  Mo        319 0057  0.5 0721  2.1 1330  0.6 1932  2.0
 5  Tu        319 0148  0.5 0807  2.2 1418  0.5 2018  2.1
 6  We        319 0234  0.4 0847  2.2 1503  0.4 2059  2.1
 7  Th        319 0317  0.4 0923  2.3 1545  0.4 2136  2.2
 8  Fr        319 0357  0.3 0956  2.3 1626  0.3 2211  2.2
 9  Sa        319 0437  0.3 1028  2.3 1706  0.3 2247  2.2
10  Su        319 0517  0.3 1102  2.3 1746  0.3 2324  2.2
11  Mo        319 0557  0.4 1139  2.3 1826  0.3 9999  9.9
12  Tu        319 0004  2.2 0639  0.4 1219  2.3 1908  0.4
13  We        319 0047  2.2 0723  0.5 1302  2.2 1953  0.4
14  Th        319 0134  2.2 0812  0.5 1350  2.2 2042  0.4
15  Fr        319 0226  2.1 0908  0.6 1445  2.1 2137  0.5
16  Sa        319 0326  2.1 1010  0.6 1548  2.1 2238  0.5
17  Su        319 0433  2.1 1116  0.5 1658  2.1 2342  0.4
18  Mo        319 0545  2.2 1221  0.5 1809  2.2 9999  9.9
19  Tu        319 0046  0.3 0652  2.3 1323  0.3 1915  2.3
20  We        319 0146  0.2 0751  2.4 1420  0.2 2014  2.4
21  Th        319 0242  0.1 0845  2.5 1514  0.1 2108  2.4
22  Fr        319 0335  0.1 0935  2.5 1604  0.1 2159  2.5
23  Sa        319 0425  0.1 1022  2.5 1652  0.1 2246  2.5
24  Su        319 0512  0.1 1107  2.5 1739  0.1 2332  2.4
25  Mo        319 0559  0.2 1151  2.4 1824  0.2 9999  9.9
26  Tu        319 0018  2.3 0645  0.3 1235  2.3 1909  0.3
27  We        319 0104  2.2 0732  0.4 1320  2.2 1955  0.4
28  Th        319 0153  2.2 0821  0.5 1408  2.1 2043  0.5
29  Fr        319 0247  2.1 0914  0.6 1502  2.0 2134  0.5
30  Sa        319 0349  2.0 1009  0.6 1603  1.9 2228  0.6
31  Su        319 0455  2.0 1106  0.7 1709  1.9 2325  0.6
 1  Mo        419 0555  2.0 1203  0.6 1810  1.9 9999  9.9
 2  Tu        419 0021  0.6 0647  2.1 1256  0.6 1903  2.0
 3  We        419 0113  0.5 0733  2.1 1345  0.5 1949  2.1
 4  Th        419 0201  0.5 0812  2.2 1430  0.4 2030  2.1
 5  Fr        419 0246  0.4 0848  2.2 1514  0.4 2108  2.2
 6  Sa        419 0329  0.4 0922  2.3 1556  0.3 2145  2.2
 7  Su        419 0411  0.3 0958  2.3 1637  0.3 2222  2.3
 8  Mo        419 0453  0.3 1035  2.3 1719  0.3 2302  2.3
 9  Tu        419 0536  0.4 1115  2.3 1801  0.3 2343  2.3
10  We        419 0620  0.4 1157  2.3 1844  0.3 9999  9.9
11  Th        419 0027  2.3 0707  0.4 1242  2.2 1931  0.4
12  Fr        419 0115  2.2 0758  0.5 1332  2.2 2021  0.4
13  Sa        419 0208  2.2 0854  0.5 1429  2.1 2116  0.4
14  Su        419 0307  2.2 0954  0.5 1532  2.1 2217  0.4
15  Mo        419 0414  2.2 1057  0.5 1642  2.1 2320  0.4
16  Tu        419 0524  2.2 1200  0.4 1753  2.2 9999  9.9
17  We        419 0024  0.4 0630  2.3 1300  0.3 1858  2.3
18  Th        419 0124  0.3 0728  2.4 1356  0.2 1956  2.4
19  Fr        419 0220  0.2 0821  2.4 1449  0.1 2049  2.4
20  Sa        419 0312  0.2 0910  2.5 1539  0.1 2138  2.4
21  Su        419 0402  0.2 0957  2.4 1626  0.1 2224  2.4
22  Mo        419 0449  0.2 1041  2.4 1711  0.1 2309  2.4
23  Tu        419 0534  0.3 1123  2.3 1755  0.2 2352  2.3
24  We        419 0620  0.4 1205  2.2 1839  0.3 9999  9.9
25  Th        419 0036  2.2 0705  0.5 1248  2.1 1923  0.4
26  Fr        419 0120  2.2 0753  0.5 1333  2.0 2008  0.5
27  Sa        419 0209  2.1 0843  0.6 1422  1.9 2056  0.6
28  Su        419 0303  2.0 0935  0.6 1518  1.9 2148  0.6
29  Mo        419 0405  2.0 1030  0.6 1622  1.9 2243  0.6
30  Tu        419 0506  2.0 1124  0.6 1726  1.9 2339  0.6
 1  We        519 0600  2.0 1217  0.6 1823  2.0 9999  9.9
 2  Th        519 0033  0.6 0646  2.1 1307  0.5 1911  2.0
 3  Fr        519 0124  0.5 0728  2.1 1354  0.4 1954  2.1
 4  Sa        519 0212  0.5 0807  2.2 1440  0.3 2036  2.2
 5  Su        519 0259  0.4 0847  2.2 1524  0.3 2117  2.3
 6  Mo        519 0344  0.4 0928  2.3 1609  0.2 2158  2.3
 7  Tu        519 0430  0.4 1010  2.3 1653  0.2 2240  2.3
 8  We        519 0516  0.4 1053  2.3 1738  0.2 2324  2.3
 9  Th        519 0604  0.4 1139  2.3 1824  0.3 9999  9.9
10  Fr        519 0010  2.3 0653  0.4 1227  2.2 1912  0.3
11  Sa        519 0059  2.3 0745  0.4 1319  2.2 2003  0.4
12  Su        519 0152  2.3 0840  0.4 1415  2.1 2058  0.4
13  Mo        519 0251  2.2 0938  0.4 1518  2.1 2157  0.4
14  Tu        519 0356  2.2 1038  0.4 1627  2.1 2259  0.4
15  We        519 0503  2.3 1137  0.3 1735  2.2 9999  9.9
16  Th        519 0001  0.4 0606  2.3 1236  0.3 1839  2.2
17  Fr        519 0100  0.3 0703  2.3 1331  0.2 1935  2.3
18  Sa        519 0156  0.3 0755  2.4 1423  0.2 2027  2.4
19  Su        519 0248  0.3 0844  2.4 1513  0.1 2116  2.4
20  Mo        519 0337  0.3 0930  2.3 1559  0.2 2201  2.4
21  Tu        519 0424  0.3 1014  2.3 1643  0.2 2244  2.4
22  We        519 0509  0.4 1055  2.2 1726  0.3 2326  2.3
23  Th        519 0554  0.4 1136  2.1 1808  0.3 9999  9.9
24  Fr        519 0007  2.2 0638  0.5 1217  2.1 1851  0.4
25  Sa        519 0047  2.2 0724  0.5 1259  2.0 1934  0.5
26  Su        519 0130  2.1 0811  0.6 1344  1.9 2019  0.6
27  Mo        519 0215  2.1 0859  0.6 1434  1.9 2107  0.6
28  Tu        519 0305  2.0 0950  0.6 1529  1.9 2159  0.6
29  We        519 0358  2.0 1042  0.6 1629  1.9 2254  0.7
30  Th        519 0453  2.0 1134  0.6 1729  1.9 2350  0.6
31  Fr        519 0546  2.1 1226  0.5 1824  2.0 9999  9.9
 1  Sa        619 0045  0.6 0637  2.1 1316  0.4 1915  2.1
 2  Su        619 0137  0.5 0725  2.2 1405  0.3 2003  2.2
 3  Mo        619 0229  0.5 0813  2.2 1454  0.3 2049  2.3
 4  Tu        619 0319  0.4 0900  2.3 1541  0.2 2135  2.4
 5  We        619 0408  0.4 0947  2.3 1629  0.2 2221  2.4
 6  Th        619 0458  0.3 1035  2.3 1716  0.2 2307  2.4
 7  Fr        619 0547  0.3 1123  2.3 1804  0.2 2355  2.4
 8  Sa        619 0638  0.3 1213  2.2 1854  0.3 9999  9.9
 9  Su        619 0044  2.4 0730  0.4 1306  2.2 1945  0.3
10  Mo        619 0137  2.3 0823  0.4 1402  2.1 2039  0.4
11  Tu        619 0234  2.3 0919  0.4 1503  2.1 2136  0.4
12  We        619 0336  2.3 1015  0.3 1609  2.1 2236  0.4
13  Th        619 0439  2.2 1113  0.3 1715  2.2 2337  0.4
14  Fr        619 0540  2.3 1210  0.3 1818  2.2 9999  9.9
15  Sa        619 0036  0.4 0637  2.3 1305  0.3 1914  2.3
16  Su        619 0132  0.4 0730  2.3 1357  0.2 2006  2.3
17  Mo        619 0224  0.4 0819  2.3 1446  0.2 2054  2.3
18  Tu        619 0313  0.4 0905  2.2 1532  0.2 2139  2.3
19  We        619 0400  0.4 0948  2.2 1616  0.3 2221  2.3
20  Th        619 0444  0.4 1029  2.2 1658  0.3 2300  2.3
21  Fr        619 0528  0.5 1108  2.1 1739  0.4 2338  2.2
22  Sa        619 0611  0.5 1147  2.1 1820  0.4 9999  9.9
23  Su        619 0015  2.2 0654  0.5 1227  2.0 1901  0.5
24  Mo        619 0053  2.1 0738  0.6 1309  2.0 1943  0.5
25  Tu        619 0133  2.1 0823  0.6 1354  1.9 2028  0.6
26  We        619 0217  2.1 0910  0.6 1444  1.9 2116  0.6
27  Th        619 0305  2.0 0959  0.6 1538  1.9 2209  0.7
28  Fr        619 0357  2.0 1051  0.6 1637  1.9 2307  0.7
29  Sa        619 0453  2.1 1144  0.5 1737  2.0 9999  9.9
30  Su        619 0006  0.6 0550  2.1 1239  0.4 1836  2.1
 1  Mo        719 0104  0.6 0647  2.2 1332  0.3 1931  2.2
 2  Tu        719 0200  0.5 0743  2.2 1425  0.3 2023  2.3
 3  We        719 0255  0.4 0836  2.3 1517  0.2 2113  2.4
 4  Th        719 0347  0.3 0928  2.3 1607  0.1 2202  2.4
 5  Fr        719 0439  0.3 1018  2.3 1657  0.1 2251  2.5
 6  Sa        719 0530  0.3 1109  2.3 1746  0.2 2339  2.4
 7  Su        719 0621  0.3 1200  2.3 1836  0.2 9999  9.9
 8  Mo        719 0029  2.4 0711  0.3 1252  2.2 1926  0.3
 9  Tu        719 0120  2.4 0803  0.3 1346  2.2 2019  0.3
10  We        719 0214  2.3 0856  0.3 1444  2.1 2114  0.4
11  Th        719 0312  2.2 0950  0.3 1547  2.1 2212  0.5
12  Fr        719 0413  2.2 1046  0.4 1653  2.1 2312  0.5
13  Sa        719 0514  2.2 1143  0.4 1756  2.1 9999  9.9
14  Su        719 0011  0.5 0612  2.2 1238  0.3 1853  2.2
15  Mo        719 0107  0.5 0706  2.2 1331  0.3 1945  2.2
16  Tu        719 0200  0.5 0756  2.2 1421  0.3 2033  2.3
17  We        719 0250  0.5 0842  2.2 1507  0.3 2117  2.3
18  Th        719 0336  0.5 0925  2.1 1550  0.3 2158  2.3
19  Fr        719 0420  0.5 1005  2.1 1631  0.3 2235  2.3
20  Sa        719 0502  0.5 1043  2.1 1711  0.4 2309  2.2
21  Su        719 0543  0.5 1120  2.1 1750  0.4 2343  2.2
22  Mo        719 0624  0.5 1157  2.1 1830  0.5 9999  9.9
23  Tu        719 0018  2.2 0705  0.5 1237  2.0 1910  0.5
24  We        719 0056  2.1 0747  0.5 1319  2.0 1952  0.6
25  Th        719 0137  2.1 0831  0.5 1406  2.0 2038  0.6
26  Fr        719 0223  2.1 0918  0.6 1457  2.0 2130  0.7
27  Sa        719 0314  2.1 1010  0.5 1554  2.0 2229  0.7
28  Su        719 0411  2.1 1106  0.5 1657  2.0 2332  0.6
29  Mo        719 0513  2.1 1205  0.4 1802  2.1 9999  9.9
30  Tu        719 0035  0.6 0617  2.1 1303  0.4 1903  2.2
31  We        719 0136  0.5 0718  2.2 1400  0.3 2001  2.3
 1  Th        819 0233  0.4 0816  2.3 1454  0.2 2054  2.4
 2  Fr        819 0327  0.3 0911  2.3 1547  0.1 2145  2.5
 3  Sa        819 0420  0.2 1003  2.4 1637  0.1 2234  2.5
 4  Su        819 0511  0.2 1054  2.4 1727  0.1 2322  2.5
 5  Mo        819 0600  0.2 1144  2.3 1816  0.2 9999  9.9
 6  Tu        819 0010  2.4 0650  0.2 1234  2.3 1906  0.2
 7  We        819 0059  2.4 0739  0.2 1326  2.2 1957  0.3
 8  Th        819 0150  2.3 0830  0.3 1422  2.2 2050  0.4
 9  Fr        819 0245  2.2 0923  0.4 1522  2.1 2147  0.5
10  Sa        819 0344  2.1 1018  0.4 1628  2.1 2246  0.6
11  Su        819 0446  2.1 1114  0.4 1733  2.1 2346  0.6
12  Mo        819 0547  2.1 1211  0.4 1832  2.1 9999  9.9
13  Tu        819 0043  0.6 0644  2.1 1305  0.4 1924  2.2
14  We        819 0137  0.5 0735  2.1 1356  0.4 2012  2.2
15  Th        819 0226  0.5 0822  2.1 1442  0.4 2055  2.2
16  Fr        819 0311  0.5 0905  2.1 1525  0.4 2134  2.3
17  Sa        819 0354  0.4 0944  2.1 1606  0.3 2209  2.3
18  Su        819 0435  0.4 1020  2.1 1645  0.4 2241  2.3
19  Mo        819 0515  0.4 1055  2.1 1723  0.4 2312  2.2
20  Tu        819 0554  0.4 1130  2.1 1802  0.4 2346  2.2
21  We        819 0634  0.4 1208  2.1 1841  0.5 9999  9.9
22  Th        819 0023  2.2 0714  0.5 1249  2.1 1922  0.5
23  Fr        819 0104  2.2 0756  0.5 1334  2.0 2007  0.6
24  Sa        819 0149  2.1 0843  0.5 1424  2.0 2100  0.6
25  Su        819 0240  2.1 0935  0.5 1521  2.0 2200  0.7
26  Mo        819 0338  2.1 1033  0.5 1624  2.0 2306  0.6
27  Tu        819 0444  2.1 1135  0.5 1733  2.1 9999  9.9
28  We        819 0012  0.6 0553  2.1 1237  0.4 1840  2.2
29  Th        819 0114  0.4 0659  2.2 1337  0.3 1940  2.3
30  Fr        819 0212  0.3 0800  2.3 1434  0.2 2035  2.4
31  Sa        819 0307  0.2 0856  2.4 1527  0.1 2126  2.5
 1  Su        919 0359  0.1 0948  2.4 1618  0.1 2215  2.5
 2  Mo        919 0449  0.1 1038  2.4 1707  0.1 2302  2.5
 3  Tu        919 0538  0.1 1126  2.4 1756  0.2 2349  2.5
 4  We        919 0626  0.2 1214  2.3 1844  0.2 9999  9.9
 5  Th        919 0036  2.4 0713  0.2 1304  2.3 1934  0.4
 6  Fr        919 0124  2.3 0802  0.3 1356  2.2 2026  0.5
 7  Sa        919 0216  2.1 0853  0.4 1455  2.1 2121  0.6
 8  Su        919 0313  2.0 0947  0.5 1600  2.0 2219  0.6
 9  Mo        919 0417  2.0 1044  0.5 1707  2.0 2319  0.6
10  Tu        919 0522  2.0 1142  0.5 1808  2.1 9999  9.9
11  We        919 0017  0.6 0622  2.0 1238  0.5 1901  2.1
12  Th        919 0111  0.6 0715  2.0 1330  0.5 1948  2.2
13  Fr        919 0200  0.5 0802  2.1 1417  0.4 2030  2.2
14  Sa        919 0245  0.4 0844  2.1 1459  0.4 2108  2.2
15  Su        919 0327  0.4 0921  2.2 1540  0.4 2141  2.3
16  Mo        919 0407  0.4 0956  2.2 1619  0.4 2211  2.3
17  Tu        919 0446  0.3 1030  2.2 1658  0.4 2243  2.3
18  We        919 0525  0.4 1106  2.2 1737  0.4 2318  2.2
19  Th        919 0605  0.4 1143  2.2 1817  0.5 2356  2.2
20  Fr        919 0645  0.4 1224  2.2 1900  0.5 9999  9.9
21  Sa        919 0037  2.2 0728  0.5 1308  2.1 1946  0.6
22  Su        919 0123  2.1 0814  0.5 1358  2.1 2039  0.6
23  Mo        919 0215  2.1 0907  0.5 1454  2.1 2140  0.6
24  Tu        919 0315  2.0 1007  0.5 1559  2.1 2246  0.6
25  We        919 0423  2.0 1110  0.5 1709  2.1 2351  0.5
26  Th        919 0535  2.1 1214  0.4 1818  2.2 9999  9.9
27  Fr        919 0053  0.4 0643  2.2 1316  0.3 1919  2.4
28  Sa        919 0151  0.3 0744  2.3 1413  0.2 2015  2.5
29  Su        919 0245  0.1 0839  2.4 1507  0.1 2105  2.5
30  Mo        919 0337  0.1 0931  2.5 1558  0.1 2154  2.5
 1  Tu       1019 0426  0.0 1019  2.5 1647  0.1 2240  2.5
 2  We       1019 0513  0.1 1106  2.5 1734  0.2 2325  2.4
 3  Th       1019 0600  0.1 1153  2.4 1822  0.3 9999  9.9
 4  Fr       1019 0010  2.3 0646  0.2 1240  2.3 1910  0.4
 5  Sa       1019 0056  2.2 0733  0.3 1329  2.2 2000  0.5
 6  Su       1019 0145  2.1 0822  0.4 1424  2.1 2054  0.6
 7  Mo       1019 0240  2.0 0914  0.5 1527  2.0 2150  0.6
 8  Tu       1019 0344  1.9 1009  0.6 1636  2.0 2249  0.7
 9  We       1019 0453  1.9 1108  0.6 1738  2.0 2346  0.6
10  Th       1019 0555  1.9 1205  0.6 1832  2.1 9999  9.9
11  Fr       1019 0040  0.6 0650  2.0 1259  0.5 1918  2.1
12  Sa       1019 0129  0.5 0737  2.1 1347  0.5 2000  2.2
13  Su       1019 0214  0.4 0819  2.1 1431  0.4 2036  2.2
14  Mo       1019 0257  0.4 0856  2.2 1512  0.4 2109  2.2
15  Tu       1019 0338  0.3 0931  2.2 1553  0.4 2142  2.3
16  We       1019 0418  0.3 1006  2.3 1634  0.4 2216  2.3
17  Th       1019 0458  0.3 1043  2.3 1715  0.4 2253  2.3
18  Fr       1019 0539  0.3 1122  2.3 1758  0.4 2333  2.2
19  Sa       1019 0620  0.3 1203  2.2 1843  0.5 9999  9.9
20  Su       1019 0016  2.2 0704  0.4 1248  2.2 1931  0.5
21  Mo       1019 0104  2.1 0752  0.4 1338  2.2 2025  0.6
22  Tu       1019 0157  2.1 0845  0.5 1434  2.1 2124  0.6
23  We       1019 0258  2.1 0944  0.5 1538  2.1 2227  0.5
24  Th       1019 0406  2.1 1048  0.5 1648  2.2 2330  0.4
25  Fr       1019 0518  2.1 1152  0.4 1756  2.3 9999  9.9
26  Sa       1019 0030  0.3 0626  2.2 1254  0.3 1857  2.4
27  Su       1019 0128  0.2 0727  2.3 1352  0.2 1952  2.4
28  Mo       1019 0222  0.1 0822  2.4 1446  0.2 2043  2.5
29  Tu       1019 0313  0.1 0912  2.5 1537  0.1 2131  2.5
30  We       1019 0402  0.0 1000  2.5 1625  0.2 2217  2.4
31  Th       1019 0448  0.1 1046  2.5 1713  0.2 2301  2.4
 1  Fr       1119 0534  0.2 1131  2.4 1759  0.3 2345  2.3
 2  Sa       1119 0618  0.3 1216  2.3 1846  0.4 9999  9.9
 3  Su       1119 0029  2.1 0703  0.4 1302  2.2 1935  0.5
 4  Mo       1119 0115  2.0 0750  0.5 1351  2.1 2025  0.6
 5  Tu       1119 0206  2.0 0839  0.5 1447  2.0 2118  0.6
 6  We       1119 0304  1.9 0931  0.6 1551  2.0 2214  0.6
 7  Th       1119 0411  1.9 1027  0.6 1655  2.0 2309  0.6
 8  Fr       1119 0518  1.9 1125  0.6 1751  2.0 9999  9.9
 9  Sa       1119 0002  0.6 0616  1.9 1220  0.6 1838  2.1
10  Su       1119 0052  0.5 0705  2.0 1311  0.6 1920  2.1
11  Mo       1119 0139  0.4 0748  2.1 1358  0.5 1958  2.2
12  Tu       1119 0224  0.3 0827  2.2 1443  0.4 2034  2.2
13  We       1119 0307  0.3 0905  2.3 1527  0.4 2112  2.2
14  Th       1119 0350  0.2 0943  2.3 1611  0.4 2151  2.3
15  Fr       1119 0432  0.2 1022  2.3 1656  0.4 2232  2.3
16  Sa       1119 0515  0.2 1103  2.3 1741  0.4 2315  2.2
17  Su       1119 0559  0.3 1146  2.3 1828  0.4 9999  9.9
18  Mo       1119 0001  2.2 0645  0.3 1232  2.3 1918  0.4
19  Tu       1119 0050  2.2 0734  0.4 1322  2.3 2011  0.5
20  We       1119 0144  2.1 0827  0.4 1418  2.2 2107  0.5
21  Th       1119 0244  2.1 0924  0.4 1519  2.2 2207  0.4
22  Fr       1119 0350  2.1 1026  0.4 1625  2.2 2307  0.4
23  Sa       1119 0500  2.1 1129  0.4 1732  2.3 9999  9.9
24  Su       1119 0006  0.3 0607  2.2 1231  0.4 1833  2.3
25  Mo       1119 0104  0.2 0708  2.3 1329  0.3 1929  2.4
26  Tu       1119 0158  0.1 0803  2.4 1424  0.3 2020  2.4
27  We       1119 0249  0.1 0853  2.4 1515  0.2 2108  2.4
28  Th       1119 0338  0.1 0941  2.5 1604  0.3 2154  2.3
29  Fr       1119 0424  0.1 1026  2.4 1651  0.3 2238  2.3
30  Sa       1119 0508  0.2 1110  2.4 1737  0.4 2321  2.2
 1  Su       1219 0552  0.3 1152  2.3 1822  0.4 9999  9.9
 2  Mo       1219 0003  2.1 0634  0.4 1234  2.2 1908  0.5
 3  Tu       1219 0046  2.0 0718  0.4 1318  2.2 1955  0.5
 4  We       1219 0132  2.0 0803  0.5 1404  2.1 2044  0.6
 5  Th       1219 0222  1.9 0851  0.6 1454  2.0 2134  0.6
 6  Fr       1219 0318  1.9 0943  0.6 1549  2.0 2226  0.6
 7  Sa       1219 0421  1.9 1039  0.7 1646  2.0 2319  0.6
 8  Su       1219 0524  1.9 1135  0.7 1739  2.0 9999  9.9
 9  Mo       1219 0010  0.5 0620  2.0 1230  0.6 1828  2.1
10  Tu       1219 0101  0.4 0709  2.1 1322  0.6 1914  2.1
11  We       1219 0149  0.4 0753  2.2 1413  0.5 1959  2.2
12  Th       1219 0236  0.3 0837  2.3 1501  0.4 2044  2.2
13  Fr       1219 0323  0.2 0920  2.3 1549  0.4 2129  2.3
14  Sa       1219 0409  0.2 1003  2.4 1637  0.3 2214  2.3
15  Su       1219 0455  0.2 1046  2.4 1725  0.3 2301  2.3
16  Mo       1219 0541  0.2 1132  2.4 1814  0.3 2349  2.3
17  Tu       1219 0628  0.2 1218  2.4 1903  0.3 9999  9.9
18  We       1219 0038  2.2 0717  0.3 1308  2.4 1955  0.3
19  Th       1219 0131  2.2 0809  0.3 1401  2.3 2048  0.3
20  Fr       1219 0229  2.2 0904  0.4 1459  2.3 2144  0.3
21  Sa       1219 0332  2.1 1003  0.4 1601  2.3 2242  0.3
22  Su       1219 0439  2.1 1105  0.4 1706  2.3 2340  0.3
23  Mo       1219 0546  2.2 1207  0.4 1808  2.3 9999  9.9
24  Tu       1219 0038  0.3 0648  2.3 1306  0.4 1905  2.3
25  We       1219 0133  0.2 0743  2.3 1402  0.4 1958  2.3
26  Th       1219 0226  0.2 0834  2.4 1454  0.4 2047  2.3
27  Fr       1219 0315  0.2 0922  2.4 1543  0.4 2133  2.3
28  Sa       1219 0400  0.2 1007  2.4 1629  0.4 2217  2.2
29  Su       1219 0444  0.2 1049  2.4 1714  0.4 2259  2.2
30  Mo       1219 0526  0.3 1128  2.3 1757  0.4 2339  2.1
31  Tu       1219 0607  0.3 1206  2.3 1840  0.5 9999  9.9
