397Kaituna River
Based on data from  1-Jul-2007
Local Std Time, tidal heights in metres.
 1  Su        117 0340  0.2 0903  1.5 1602  0.3 2112  1.4
 2  Mo        117 0422  0.2 0943  1.5 1648  0.3 2154  1.4
 3  Tu        117 0503  0.2 1024  1.5 1733  0.3 2237  1.4
 4  We        117 0546  0.3 1107  1.5 1819  0.3 2324  1.4
 5  Th        117 0630  0.3 1154  1.5 1907  0.3 9999  9.9
 6  Fr        117 0016  1.4 0718  0.3 1245  1.5 1957  0.3
 7  Sa        117 0112  1.4 0811  0.3 1341  1.5 2053  0.3
 8  Su        117 0214  1.4 0910  0.3 1440  1.5 2154  0.3
 9  Mo        117 0317  1.4 1014  0.3 1540  1.5 2258  0.2
10  Tu        117 0421  1.4 1120  0.3 1641  1.5 9999  9.9
11  We        117 0000  0.2 0522  1.5 1224  0.3 1740  1.5
12  Th        117 0059  0.1 0620  1.5 1325  0.2 1837  1.5
13  Fr        117 0155  0.1 0714  1.6 1423  0.2 1932  1.5
14  Sa        117 0247  0.1 0806  1.6 1517  0.2 2025  1.5
15  Su        117 0337  0.1 0856  1.6 1608  0.2 2116  1.5
16  Mo        117 0425  0.1 0945  1.6 1657  0.2 2205  1.5
17  Tu        117 0511  0.1 1032  1.6 1744  0.2 2254  1.4
18  We        117 0555  0.2 1119  1.5 1829  0.2 2343  1.4
19  Th        117 0638  0.3 1206  1.5 1914  0.3 9999  9.9
20  Fr        117 0032  1.3 0721  0.3 1253  1.4 1958  0.3
21  Sa        117 0123  1.3 0804  0.4 1342  1.3 2044  0.3
22  Su        117 0217  1.3 0850  0.4 1431  1.3 2132  0.4
23  Mo        117 0311  1.2 0938  0.4 1522  1.3 2223  0.4
24  Tu        117 0405  1.2 1031  0.4 1613  1.3 2316  0.4
25  We        117 0457  1.3 1126  0.4 1703  1.3 9999  9.9
26  Th        117 0009  0.3 0545  1.3 1222  0.4 1752  1.3
27  Fr        117 0100  0.3 0631  1.3 1316  0.4 1838  1.3
28  Sa        117 0148  0.3 0714  1.4 1407  0.3 1923  1.4
29  Su        117 0234  0.2 0756  1.4 1456  0.3 2006  1.4
30  Mo        117 0319  0.2 0837  1.5 1544  0.3 2049  1.4
31  Tu        117 0403  0.2 0918  1.5 1631  0.2 2133  1.4
 1  We        217 0447  0.2 1001  1.5 1717  0.2 2218  1.4
 2  Th        217 0532  0.2 1045  1.5 1804  0.2 2306  1.5
 3  Fr        217 0618  0.2 1133  1.5 1853  0.2 2357  1.4
 4  Sa        217 0707  0.2 1225  1.5 1943  0.2 9999  9.9
 5  Su        217 0054  1.4 0800  0.3 1321  1.5 2038  0.2
 6  Mo        217 0155  1.4 0858  0.3 1420  1.5 2137  0.2
 7  Tu        217 0300  1.4 1000  0.3 1522  1.4 2240  0.2
 8  We        217 0404  1.4 1105  0.3 1624  1.4 2342  0.2
 9  Th        217 0505  1.5 1210  0.3 1724  1.4 9999  9.9
10  Fr        217 0042  0.2 0603  1.5 1311  0.2 1822  1.5
11  Sa        217 0138  0.2 0657  1.5 1408  0.2 1916  1.5
12  Su        217 0229  0.1 0748  1.6 1500  0.2 2007  1.5
13  Mo        217 0318  0.1 0835  1.6 1549  0.2 2056  1.5
14  Tu        217 0403  0.2 0921  1.5 1634  0.2 2142  1.5
15  We        217 0446  0.2 1005  1.5 1717  0.2 2228  1.4
16  Th        217 0526  0.2 1049  1.5 1758  0.2 2313  1.4
17  Fr        217 0605  0.3 1132  1.4 1838  0.3 2359  1.3
18  Sa        217 0644  0.3 1217  1.4 1917  0.3 9999  9.9
19  Su        217 0047  1.3 0724  0.4 1303  1.3 1958  0.4
20  Mo        217 0138  1.3 0808  0.4 1352  1.3 2044  0.4
21  Tu        217 0231  1.2 0856  0.4 1443  1.3 2135  0.4
22  We        217 0325  1.2 0949  0.4 1536  1.2 2231  0.4
23  Th        217 0418  1.3 1046  0.4 1628  1.3 2329  0.4
24  Fr        217 0509  1.3 1146  0.4 1719  1.3 9999  9.9
25  Sa        217 0025  0.3 0556  1.3 1246  0.4 1808  1.3
26  Su        217 0118  0.3 0642  1.4 1342  0.3 1856  1.4
27  Mo        217 0207  0.3 0726  1.5 1434  0.3 1941  1.4
28  Tu        217 0255  0.2 0809  1.5 1523  0.2 2027  1.5
 1  We        317 0341  0.2 0853  1.5 1611  0.2 2113  1.5
 2  Th        317 0428  0.2 0938  1.6 1659  0.2 2200  1.5
 3  Fr        317 0516  0.2 1025  1.6 1747  0.2 2249  1.5
 4  Sa        317 0604  0.2 1115  1.6 1836  0.2 2342  1.5
 5  Su        317 0655  0.2 1208  1.5 1927  0.2 9999  9.9
 6  Mo        317 0039  1.5 0749  0.2 1305  1.5 2022  0.2
 7  Tu        317 0141  1.4 0846  0.3 1405  1.4 2120  0.2
 8  We        317 0244  1.4 0947  0.3 1508  1.4 2221  0.2
 9  Th        317 0348  1.4 1051  0.3 1610  1.4 2323  0.2
10  Fr        317 0448  1.4 1155  0.3 1710  1.4 9999  9.9
11  Sa        317 0023  0.2 0545  1.5 1255  0.3 1807  1.4
12  Su        317 0118  0.2 0637  1.5 1349  0.2 1859  1.4
13  Mo        317 0208  0.2 0725  1.5 1439  0.2 1948  1.5
14  Tu        317 0255  0.2 0811  1.5 1525  0.2 2034  1.5
15  We        317 0338  0.2 0854  1.5 1607  0.2 2118  1.5
16  Th        317 0418  0.2 0935  1.5 1647  0.2 2200  1.4
17  Fr        317 0455  0.3 1017  1.4 1724  0.3 2243  1.4
18  Sa        317 0532  0.3 1058  1.4 1800  0.3 2326  1.4
19  Su        317 0609  0.3 1141  1.3 1837  0.3 9999  9.9
20  Mo        317 0012  1.3 0649  0.4 1226  1.3 1917  0.4
21  Tu        317 0100  1.3 0733  0.4 1314  1.3 2002  0.4
22  We        317 0151  1.3 0820  0.4 1405  1.2 2052  0.4
23  Th        317 0244  1.3 0912  0.4 1459  1.2 2148  0.4
24  Fr        317 0337  1.3 1009  0.4 1553  1.3 2247  0.4
25  Sa        317 0429  1.3 1110  0.4 1646  1.3 2347  0.3
26  Su        317 0519  1.4 1213  0.3 1737  1.3 9999  9.9
27  Mo        317 0044  0.3 0607  1.4 1312  0.3 1827  1.4
28  Tu        317 0137  0.2 0654  1.5 1407  0.2 1916  1.5
29  We        317 0228  0.2 0740  1.5 1458  0.2 2004  1.5
30  Th        317 0318  0.2 0827  1.6 1548  0.1 2052  1.6
31  Fr        317 0407  0.1 0915  1.6 1637  0.1 2142  1.6
 1  Sa        417 0457  0.1 1005  1.6 1726  0.1 2234  1.6
 2  Su        417 0548  0.1 1057  1.6 1817  0.1 2328  1.6
 3  Mo        417 0640  0.2 1152  1.5 1909  0.1 9999  9.9
 4  Tu        417 0025  1.5 0735  0.2 1251  1.5 2003  0.2
 5  We        417 0126  1.5 0832  0.2 1351  1.4 2100  0.2
 6  Th        417 0228  1.5 0932  0.3 1453  1.4 2200  0.2
 7  Fr        417 0329  1.4 1034  0.3 1554  1.4 2301  0.3
 8  Sa        417 0427  1.4 1136  0.3 1653  1.4 2359  0.2
 9  Su        417 0521  1.4 1233  0.2 1748  1.4 9999  9.9
10  Mo        417 0052  0.2 0611  1.4 1325  0.2 1838  1.4
11  Tu        417 0141  0.2 0658  1.4 1412  0.2 1925  1.4
12  We        417 0226  0.2 0741  1.4 1455  0.2 2009  1.4
13  Th        417 0307  0.2 0823  1.4 1535  0.2 2051  1.4
14  Fr        417 0346  0.3 0904  1.4 1613  0.2 2132  1.4
15  Sa        417 0423  0.3 0944  1.4 1648  0.3 2213  1.4
16  Su        417 0459  0.3 1025  1.4 1724  0.3 2254  1.4
17  Mo        417 0538  0.3 1107  1.3 1802  0.3 2338  1.4
18  Tu        417 0619  0.3 1151  1.3 1842  0.3 9999  9.9
19  We        417 0023  1.3 0703  0.4 1237  1.3 1926  0.4
20  Th        417 0112  1.3 0750  0.4 1328  1.2 2014  0.4
21  Fr        417 0203  1.3 0840  0.4 1422  1.3 2107  0.4
22  Sa        417 0256  1.3 0934  0.4 1517  1.3 2205  0.4
23  Su        417 0349  1.4 1034  0.3 1612  1.3 2306  0.3
24  Mo        417 0440  1.4 1138  0.3 1706  1.4 9999  9.9
25  Tu        417 0006  0.3 0531  1.5 1240  0.3 1758  1.5
26  We        417 0103  0.2 0621  1.5 1337  0.2 1850  1.5
27  Th        417 0158  0.2 0711  1.6 1431  0.1 1941  1.6
28  Fr        417 0252  0.1 0802  1.6 1522  0.1 2032  1.6
29  Sa        417 0344  0.1 0853  1.6 1613  0.1 2124  1.7
30  Su        417 0437  0.1 0946  1.6 1704  0.1 2217  1.6
 1  Mo        517 0530  0.1 1040  1.6 1755  0.1 2312  1.6
 2  Tu        517 0623  0.1 1136  1.5 1847  0.1 9999  9.9
 3  We        517 0009  1.6 0718  0.2 1234  1.5 1941  0.2
 4  Th        517 0107  1.5 0815  0.2 1333  1.4 2037  0.2
 5  Fr        517 0206  1.5 0913  0.2 1434  1.4 2135  0.2
 6  Sa        517 0304  1.5 1012  0.2 1533  1.4 2232  0.3
 7  Su        517 0359  1.4 1109  0.3 1630  1.4 2328  0.3
 8  Mo        517 0452  1.4 1204  0.3 1723  1.4 9999  9.9
 9  Tu        517 0020  0.3 0540  1.4 1254  0.2 1812  1.4
10  We        517 0108  0.3 0626  1.4 1339  0.2 1858  1.4
11  Th        517 0151  0.3 0709  1.4 1421  0.2 1941  1.4
12  Fr        517 0232  0.3 0751  1.4 1500  0.2 2022  1.4
13  Sa        517 0311  0.3 0831  1.4 1537  0.3 2103  1.4
14  Su        517 0349  0.3 0912  1.4 1614  0.3 2143  1.4
15  Mo        517 0429  0.3 0953  1.3 1651  0.3 2223  1.4
16  Tu        517 0510  0.3 1034  1.3 1730  0.3 2305  1.4
17  We        517 0552  0.3 1117  1.3 1811  0.3 2348  1.4
18  Th        517 0637  0.3 1202  1.3 1854  0.3 9999  9.9
19  Fr        517 0034  1.4 0723  0.3 1252  1.3 1940  0.4
20  Sa        517 0124  1.4 0811  0.3 1345  1.3 2030  0.4
21  Su        517 0216  1.4 0903  0.3 1442  1.3 2126  0.3
22  Mo        517 0310  1.4 1000  0.3 1539  1.4 2226  0.3
23  Tu        517 0404  1.5 1103  0.3 1635  1.4 2328  0.3
24  We        517 0458  1.5 1207  0.2 1731  1.5 9999  9.9
25  Th        517 0030  0.2 0552  1.5 1307  0.2 1826  1.6
26  Fr        517 0129  0.2 0645  1.6 1403  0.1 1919  1.6
27  Sa        517 0226  0.1 0738  1.6 1457  0.1 2012  1.7
28  Su        517 0322  0.1 0832  1.6 1549  0.0 2105  1.7
29  Mo        517 0416  0.1 0926  1.6 1641  0.1 2158  1.7
30  Tu        517 0510  0.1 1021  1.5 1733  0.1 2252  1.6
31  We        517 0604  0.1 1116  1.5 1824  0.1 2347  1.6
 1  Th        617 0658  0.1 1213  1.5 1917  0.2 9999  9.9
 2  Fr        617 0043  1.5 0753  0.2 1310  1.4 2010  0.2
 3  Sa        617 0138  1.5 0847  0.2 1408  1.4 2104  0.3
 4  Su        617 0233  1.4 0942  0.2 1506  1.4 2158  0.3
 5  Mo        617 0326  1.4 1036  0.3 1601  1.4 2250  0.3
 6  Tu        617 0417  1.4 1128  0.3 1653  1.4 2340  0.3
 7  We        617 0505  1.4 1216  0.3 1742  1.4 9999  9.9
 8  Th        617 0028  0.3 0551  1.4 1301  0.3 1828  1.4
 9  Fr        617 0112  0.3 0635  1.4 1343  0.3 1911  1.4
10  Sa        617 0154  0.3 0718  1.4 1424  0.3 1953  1.4
11  Su        617 0236  0.3 0800  1.4 1503  0.3 2033  1.4
12  Mo        617 0318  0.3 0841  1.4 1542  0.3 2113  1.4
13  Tu        617 0401  0.3 0922  1.3 1622  0.3 2153  1.4
14  We        617 0445  0.3 1003  1.3 1702  0.3 2233  1.4
15  Th        617 0529  0.3 1046  1.3 1744  0.3 2315  1.4
16  Fr        617 0613  0.3 1130  1.3 1826  0.3 2359  1.4
17  Sa        617 0659  0.3 1219  1.3 1911  0.3 9999  9.9
18  Su        617 0048  1.4 0746  0.3 1312  1.3 2000  0.3
19  Mo        617 0140  1.4 0836  0.3 1409  1.4 2054  0.3
20  Tu        617 0236  1.5 0932  0.3 1509  1.4 2153  0.3
21  We        617 0333  1.5 1033  0.2 1608  1.5 2257  0.3
22  Th        617 0430  1.5 1138  0.2 1707  1.5 9999  9.9
23  Fr        617 0001  0.2 0526  1.5 1240  0.2 1804  1.6
24  Sa        617 0104  0.2 0622  1.6 1338  0.1 1859  1.6
25  Su        617 0204  0.2 0717  1.6 1433  0.1 1953  1.7
26  Mo        617 0301  0.1 0812  1.6 1527  0.1 2046  1.7
27  Tu        617 0357  0.1 0906  1.6 1618  0.1 2138  1.7
28  We        617 0450  0.1 1000  1.5 1709  0.1 2230  1.7
29  Th        617 0543  0.1 1054  1.5 1759  0.1 2322  1.6
30  Fr        617 0634  0.1 1148  1.5 1849  0.2 9999  9.9
 1  Sa        717 0014  1.5 0725  0.2 1242  1.4 1939  0.2
 2  Su        717 0106  1.5 0816  0.2 1337  1.4 2028  0.3
 3  Mo        717 0158  1.4 0906  0.3 1433  1.3 2118  0.3
 4  Tu        717 0249  1.4 0956  0.3 1527  1.3 2207  0.4
 5  We        717 0340  1.4 1045  0.3 1620  1.3 2255  0.4
 6  Th        717 0429  1.3 1134  0.3 1710  1.4 2343  0.4
 7  Fr        717 0517  1.3 1221  0.3 1757  1.4 9999  9.9
 8  Sa        717 0031  0.3 0603  1.3 1306  0.3 1841  1.4
 9  Su        717 0118  0.3 0648  1.3 1350  0.3 1924  1.4
10  Mo        717 0205  0.3 0731  1.4 1432  0.3 2004  1.4
11  Tu        717 0251  0.3 0813  1.4 1515  0.2 2044  1.5
12  We        717 0337  0.3 0854  1.4 1557  0.2 2123  1.5
13  Th        717 0422  0.3 0936  1.4 1639  0.3 2203  1.5
14  Fr        717 0507  0.3 1018  1.4 1721  0.3 2244  1.5
15  Sa        717 0552  0.3 1102  1.4 1804  0.3 2329  1.5
16  Su        717 0638  0.3 1151  1.4 1850  0.3 9999  9.9
17  Mo        717 0017  1.5 0725  0.3 1244  1.4 1939  0.3
18  Tu        717 0110  1.5 0815  0.3 1342  1.4 2033  0.3
19  We        717 0207  1.5 0911  0.2 1444  1.4 2132  0.3
20  Th        717 0307  1.5 1012  0.2 1546  1.5 2236  0.3
21  Fr        717 0407  1.5 1116  0.2 1647  1.5 2341  0.2
22  Sa        717 0506  1.5 1218  0.2 1745  1.6 9999  9.9
23  Su        717 0045  0.2 0604  1.5 1318  0.1 1841  1.6
24  Mo        717 0146  0.2 0700  1.6 1413  0.1 1934  1.7
25  Tu        717 0244  0.1 0754  1.6 1506  0.1 2026  1.7
26  We        717 0338  0.1 0847  1.6 1557  0.1 2116  1.7
27  Th        717 0429  0.1 0939  1.5 1645  0.1 2205  1.6
28  Fr        717 0519  0.1 1029  1.5 1732  0.2 2254  1.6
29  Sa        717 0607  0.2 1120  1.5 1818  0.2 2342  1.5
30  Su        717 0653  0.2 1211  1.4 1904  0.3 9999  9.9
31  Mo        717 0031  1.5 0738  0.2 1303  1.4 1948  0.3
 1  Tu        817 0121  1.4 0824  0.3 1356  1.3 2034  0.3
 2  We        817 0211  1.3 0910  0.3 1450  1.3 2120  0.4
 3  Th        817 0302  1.3 0958  0.3 1544  1.3 2209  0.4
 4  Fr        817 0354  1.3 1048  0.3 1636  1.3 2300  0.4
 5  Sa        817 0444  1.3 1139  0.3 1724  1.3 2353  0.4
 6  Su        817 0532  1.3 1230  0.3 1810  1.4 9999  9.9
 7  Mo        817 0046  0.3 0619  1.3 1318  0.3 1853  1.4
 8  Tu        817 0137  0.3 0704  1.4 1404  0.3 1935  1.5
 9  We        817 0227  0.3 0747  1.4 1449  0.2 2015  1.5
10  Th        817 0315  0.3 0829  1.4 1533  0.2 2055  1.5
11  Fr        817 0401  0.2 0911  1.4 1617  0.2 2136  1.5
12  Sa        817 0447  0.2 0954  1.5 1701  0.2 2218  1.5
13  Su        817 0533  0.2 1039  1.5 1746  0.2 2303  1.5
14  Mo        817 0619  0.2 1128  1.5 1834  0.3 2353  1.5
15  Tu        817 0708  0.2 1222  1.5 1925  0.3 9999  9.9
16  We        817 0047  1.5 0759  0.2 1321  1.4 2020  0.3
17  Th        817 0146  1.5 0855  0.2 1424  1.4 2119  0.3
18  Fr        817 0247  1.5 0956  0.2 1528  1.5 2223  0.3
19  Sa        817 0350  1.5 1059  0.2 1630  1.5 2328  0.3
20  Su        817 0451  1.5 1202  0.2 1729  1.5 9999  9.9
21  Mo        817 0032  0.2 0549  1.5 1300  0.1 1824  1.6
22  Tu        817 0132  0.2 0645  1.5 1355  0.1 1916  1.6
23  We        817 0227  0.1 0738  1.5 1446  0.1 2005  1.6
24  Th        817 0318  0.1 0828  1.5 1534  0.1 2052  1.6
25  Fr        817 0406  0.1 0916  1.5 1620  0.1 2138  1.6
26  Sa        817 0452  0.2 1004  1.5 1703  0.2 2224  1.5
27  Su        817 0535  0.2 1050  1.5 1745  0.2 2309  1.5
28  Mo        817 0616  0.2 1138  1.4 1826  0.3 2355  1.4
29  Tu        817 0657  0.3 1227  1.4 1907  0.3 9999  9.9
30  We        817 0043  1.4 0738  0.3 1318  1.3 1951  0.4
31  Th        817 0133  1.3 0822  0.3 1412  1.3 2038  0.4
 1  Fr        917 0225  1.3 0911  0.4 1506  1.3 2128  0.4
 2  Sa        917 0318  1.3 1004  0.4 1559  1.3 2222  0.4
 3  Su        917 0411  1.3 1059  0.3 1650  1.3 2319  0.4
 4  Mo        917 0502  1.3 1155  0.3 1737  1.4 9999  9.9
 5  Tu        917 0016  0.3 0550  1.3 1247  0.3 1821  1.4
 6  We        917 0111  0.3 0636  1.4 1337  0.3 1904  1.5
 7  Th        917 0203  0.2 0721  1.4 1424  0.2 1946  1.5
 8  Fr        917 0252  0.2 0804  1.5 1510  0.2 2028  1.6
 9  Sa        917 0340  0.2 0848  1.5 1556  0.2 2110  1.6
10  Su        917 0426  0.2 0933  1.5 1643  0.2 2155  1.6
11  Mo        917 0513  0.2 1020  1.5 1730  0.2 2242  1.6
12  Tu        917 0601  0.2 1110  1.5 1820  0.2 2333  1.5
13  We        917 0651  0.2 1205  1.5 1913  0.2 9999  9.9
14  Th        917 0029  1.5 0744  0.2 1305  1.5 2009  0.3
15  Fr        917 0129  1.5 0840  0.2 1408  1.5 2109  0.3
16  Sa        917 0232  1.4 0941  0.2 1512  1.5 2213  0.3
17  Su        917 0336  1.4 1044  0.2 1614  1.5 2318  0.2
18  Mo        917 0437  1.4 1145  0.2 1712  1.5 9999  9.9
19  Tu        917 0020  0.2 0536  1.5 1243  0.2 1806  1.5
20  We        917 0117  0.2 0630  1.5 1336  0.2 1856  1.6
21  Th        917 0209  0.2 0721  1.5 1425  0.1 1943  1.6
22  Fr        917 0257  0.1 0808  1.5 1511  0.2 2027  1.6
23  Sa        917 0341  0.1 0854  1.5 1553  0.2 2111  1.5
24  Su        917 0422  0.2 0938  1.5 1633  0.2 2153  1.5
25  Mo        917 0501  0.2 1022  1.5 1711  0.3 2236  1.4
26  Tu        917 0538  0.2 1106  1.4 1749  0.3 2320  1.4
27  We        917 0614  0.3 1152  1.4 1829  0.3 9999  9.9
28  Th        917 0006  1.3 0654  0.3 1241  1.3 1913  0.4
29  Fr        917 0055  1.3 0738  0.3 1333  1.3 2001  0.4
30  Sa        917 0147  1.3 0827  0.4 1427  1.3 2052  0.4
 1  Su       1017 0242  1.2 0922  0.4 1520  1.3 2148  0.4
 2  Mo       1017 0336  1.3 1019  0.4 1612  1.3 2246  0.4
 3  Tu       1017 0429  1.3 1118  0.3 1700  1.4 2346  0.3
 4  We       1017 0520  1.3 1214  0.3 1747  1.4 9999  9.9
 5  Th       1017 0044  0.3 0608  1.4 1307  0.3 1832  1.5
 6  Fr       1017 0138  0.2 0655  1.5 1357  0.2 1916  1.5
 7  Sa       1017 0228  0.2 0741  1.5 1446  0.2 2001  1.6
 8  Su       1017 0317  0.1 0827  1.6 1535  0.2 2047  1.6
 9  Mo       1017 0405  0.1 0914  1.6 1624  0.1 2134  1.6
10  Tu       1017 0453  0.1 1003  1.6 1714  0.1 2224  1.6
11  We       1017 0542  0.1 1055  1.6 1806  0.2 2317  1.5
12  Th       1017 0633  0.1 1151  1.6 1901  0.2 9999  9.9
13  Fr       1017 0014  1.5 0727  0.2 1250  1.5 1958  0.2
14  Sa       1017 0115  1.4 0824  0.2 1352  1.5 2058  0.2
15  Su       1017 0218  1.4 0924  0.2 1455  1.5 2201  0.2
16  Mo       1017 0321  1.4 1026  0.2 1555  1.5 2304  0.2
17  Tu       1017 0423  1.4 1126  0.2 1652  1.5 9999  9.9
18  We       1017 0003  0.2 0520  1.4 1222  0.2 1744  1.5
19  Th       1017 0057  0.2 0613  1.5 1314  0.2 1832  1.5
20  Fr       1017 0147  0.2 0702  1.5 1401  0.2 1918  1.5
21  Sa       1017 0232  0.2 0747  1.5 1444  0.2 2001  1.5
22  Su       1017 0313  0.2 0831  1.5 1524  0.2 2043  1.5
23  Mo       1017 0352  0.2 0913  1.5 1602  0.2 2124  1.4
24  Tu       1017 0427  0.2 0954  1.5 1639  0.3 2205  1.4
25  We       1017 0502  0.2 1037  1.4 1716  0.3 2247  1.4
26  Th       1017 0538  0.3 1120  1.4 1757  0.3 2332  1.3
27  Fr       1017 0617  0.3 1206  1.4 1841  0.3 9999  9.9
28  Sa       1017 0019  1.3 0700  0.3 1254  1.3 1928  0.4
29  Su       1017 0109  1.2 0749  0.4 1345  1.3 2019  0.4
30  Mo       1017 0203  1.2 0842  0.4 1438  1.3 2114  0.4
31  Tu       1017 0258  1.3 0939  0.4 1530  1.3 2213  0.4
 1  We       1117 0353  1.3 1039  0.4 1621  1.4 2314  0.3
 2  Th       1117 0447  1.3 1138  0.3 1711  1.4 9999  9.9
 3  Fr       1117 0014  0.3 0538  1.4 1235  0.3 1759  1.5
 4  Sa       1117 0110  0.2 0628  1.5 1329  0.2 1847  1.6
 5  Su       1117 0203  0.1 0718  1.6 1422  0.2 1936  1.6
 6  Mo       1117 0254  0.1 0807  1.6 1514  0.1 2025  1.6
 7  Tu       1117 0343  0.1 0857  1.7 1606  0.1 2116  1.6
 8  We       1117 0433  0.1 0948  1.7 1658  0.1 2208  1.6
 9  Th       1117 0523  0.1 1041  1.6 1752  0.1 2302  1.5
10  Fr       1117 0615  0.1 1136  1.6 1847  0.2 9999  9.9
11  Sa       1117 0000  1.5 0709  0.1 1234  1.6 1944  0.2
12  Su       1117 0059  1.4 0805  0.2 1333  1.5 2043  0.2
13  Mo       1117 0201  1.4 0903  0.2 1433  1.5 2143  0.2
14  Tu       1117 0303  1.4 1003  0.2 1531  1.5 2243  0.2
15  We       1117 0403  1.4 1101  0.3 1626  1.5 2340  0.2
16  Th       1117 0500  1.4 1156  0.3 1718  1.4 9999  9.9
17  Fr       1117 0033  0.2 0552  1.4 1247  0.3 1806  1.4
18  Sa       1117 0121  0.2 0640  1.4 1333  0.3 1851  1.4
19  Su       1117 0204  0.2 0725  1.5 1416  0.3 1934  1.4
20  Mo       1117 0244  0.2 0807  1.5 1455  0.3 2015  1.4
21  Tu       1117 0322  0.2 0848  1.5 1533  0.3 2056  1.4
22  We       1117 0357  0.2 0929  1.5 1611  0.3 2137  1.4
23  Th       1117 0432  0.2 1009  1.4 1650  0.3 2218  1.3
24  Fr       1117 0509  0.3 1050  1.4 1731  0.3 2300  1.3
25  Sa       1117 0547  0.3 1132  1.4 1815  0.3 2344  1.3
26  Su       1117 0629  0.3 1217  1.4 1901  0.4 9999  9.9
27  Mo       1117 0031  1.3 0715  0.4 1304  1.4 1949  0.4
28  Tu       1117 0123  1.3 0804  0.4 1354  1.4 2042  0.4
29  We       1117 0218  1.3 0859  0.4 1447  1.4 2138  0.3
30  Th       1117 0315  1.3 0958  0.4 1541  1.4 2240  0.3
 1  Fr       1217 0412  1.4 1101  0.3 1634  1.5 2343  0.3
 2  Sa       1217 0508  1.4 1202  0.3 1728  1.5 9999  9.9
 3  Su       1217 0042  0.2 0603  1.5 1302  0.2 1820  1.5
 4  Mo       1217 0138  0.1 0656  1.6 1359  0.2 1913  1.6
 5  Tu       1217 0231  0.1 0748  1.6 1455  0.1 2006  1.6
 6  We       1217 0323  0.0 0840  1.7 1549  0.1 2059  1.6
 7  Th       1217 0414  0.0 0933  1.7 1643  0.1 2152  1.6
 8  Fr       1217 0505  0.0 1025  1.7 1737  0.1 2247  1.5
 9  Sa       1217 0557  0.1 1119  1.6 1832  0.1 2343  1.5
10  Su       1217 0649  0.1 1214  1.6 1927  0.2 9999  9.9
11  Mo       1217 0040  1.4 0743  0.2 1310  1.5 2023  0.2
12  Tu       1217 0139  1.4 0838  0.2 1406  1.5 2119  0.2
13  We       1217 0239  1.4 0934  0.3 1502  1.4 2216  0.2
14  Th       1217 0338  1.3 1030  0.3 1556  1.4 2311  0.3
15  Fr       1217 0435  1.3 1124  0.3 1647  1.4 9999  9.9
16  Sa       1217 0003  0.3 0527  1.4 1215  0.3 1736  1.4
17  Su       1217 0051  0.3 0616  1.4 1302  0.3 1822  1.4
18  Mo       1217 0135  0.2 0701  1.4 1346  0.3 1906  1.4
19  Tu       1217 0216  0.2 0743  1.4 1427  0.3 1949  1.4
20  We       1217 0254  0.2 0824  1.4 1508  0.3 2030  1.4
21  Th       1217 0332  0.2 0904  1.4 1548  0.3 2111  1.3
22  Fr       1217 0409  0.3 0943  1.4 1630  0.3 2151  1.3
23  Sa       1217 0447  0.3 1021  1.4 1712  0.3 2231  1.3
24  Su       1217 0525  0.3 1101  1.4 1754  0.3 2313  1.3
25  Mo       1217 0605  0.3 1142  1.4 1838  0.3 2357  1.3
26  Tu       1217 0647  0.3 1226  1.4 1924  0.3 9999  9.9
27  We       1217 0046  1.3 0733  0.4 1315  1.4 2013  0.3
28  Th       1217 0141  1.3 0825  0.4 1408  1.4 2107  0.3
29  Fr       1217 0239  1.3 0923  0.4 1504  1.4 2208  0.3
30  Sa       1217 0340  1.4 1026  0.3 1602  1.4 2313  0.3
31  Su       1217 0441  1.4 1133  0.3 1700  1.5 9999  9.9
