397Kaituna River
Based on data from  1-Jul-2008
Local Std Time, tidal heights in metres.
 1  Tu        119 0239  1.4 0935  0.3 1500  1.4 2217  0.2
 2  We        119 0340  1.4 1033  0.3 1556  1.4 2314  0.2
 3  Th        119 0438  1.4 1129  0.3 1650  1.4 9999  9.9
 4  Fr        119 0008  0.2 0533  1.4 1223  0.3 1742  1.4
 5  Sa        119 0059  0.2 0624  1.4 1314  0.3 1831  1.3
 6  Su        119 0145  0.2 0711  1.4 1401  0.3 1917  1.3
 7  Mo        119 0228  0.2 0754  1.4 1444  0.3 2001  1.3
 8  Tu        119 0307  0.2 0836  1.4 1525  0.3 2044  1.3
 9  We        119 0345  0.2 0916  1.4 1605  0.3 2125  1.3
10  Th        119 0420  0.3 0956  1.4 1644  0.3 2206  1.3
11  Fr        119 0456  0.3 1035  1.4 1723  0.3 2247  1.3
12  Sa        119 0534  0.3 1114  1.4 1804  0.3 2328  1.3
13  Su        119 0614  0.3 1154  1.4 1846  0.4 9999  9.9
14  Mo        119 0012  1.3 0656  0.4 1237  1.4 1931  0.4
15  Tu        119 0059  1.2 0742  0.4 1323  1.3 2019  0.4
16  We        119 0151  1.2 0832  0.4 1413  1.3 2112  0.4
17  Th        119 0248  1.3 0928  0.4 1508  1.4 2211  0.4
18  Fr        119 0347  1.3 1029  0.4 1605  1.4 2315  0.3
19  Sa        119 0446  1.4 1134  0.4 1702  1.4 9999  9.9
20  Su        119 0018  0.3 0543  1.4 1239  0.3 1759  1.4
21  Mo        119 0116  0.2 0638  1.5 1342  0.3 1855  1.5
22  Tu        119 0212  0.1 0732  1.6 1440  0.2 1949  1.5
23  We        119 0305  0.1 0824  1.6 1536  0.2 2043  1.6
24  Th        119 0357  0.1 0915  1.7 1630  0.1 2137  1.6
25  Fr        119 0448  0.1 1007  1.7 1723  0.1 2230  1.6
26  Sa        119 0539  0.1 1059  1.7 1815  0.1 2324  1.5
27  Su        119 0630  0.1 1151  1.6 1907  0.1 9999  9.9
28  Mo        119 0019  1.5 0722  0.2 1244  1.5 2000  0.2
29  Tu        119 0116  1.4 0815  0.2 1338  1.5 2053  0.2
30  We        119 0215  1.4 0909  0.3 1434  1.4 2148  0.3
31  Th        119 0315  1.4 1004  0.3 1529  1.4 2244  0.3
 1  Fr        219 0414  1.3 1100  0.4 1624  1.3 2339  0.3
 2  Sa        219 0509  1.4 1155  0.4 1717  1.3 9999  9.9
 3  Su        219 0031  0.3 0600  1.4 1248  0.4 1807  1.3
 4  Mo        219 0118  0.3 0647  1.4 1336  0.4 1854  1.3
 5  Tu        219 0202  0.3 0730  1.4 1421  0.4 1939  1.3
 6  We        219 0243  0.3 0811  1.4 1503  0.4 2020  1.3
 7  Th        219 0321  0.3 0850  1.4 1544  0.3 2101  1.4
 8  Fr        219 0359  0.3 0927  1.4 1624  0.3 2140  1.4
 9  Sa        219 0436  0.3 1004  1.4 1704  0.3 2218  1.3
10  Su        219 0514  0.3 1041  1.4 1743  0.3 2257  1.3
11  Mo        219 0553  0.4 1119  1.4 1824  0.4 2337  1.3
12  Tu        219 0634  0.4 1159  1.4 1905  0.4 9999  9.9
13  We        219 0022  1.3 0717  0.4 1245  1.4 1950  0.4
14  Th        219 0114  1.3 0805  0.4 1337  1.4 2039  0.4
15  Fr        219 0214  1.3 0859  0.4 1435  1.4 2138  0.4
16  Sa        219 0317  1.3 1000  0.4 1537  1.4 2244  0.4
17  Su        219 0420  1.4 1109  0.4 1639  1.4 2352  0.3
18  Mo        219 0520  1.5 1220  0.3 1739  1.5 9999  9.9
19  Tu        219 0055  0.2 0617  1.5 1325  0.3 1837  1.5
20  We        219 0153  0.2 0712  1.6 1425  0.2 1933  1.6
21  Th        219 0247  0.1 0805  1.7 1520  0.2 2027  1.6
22  Fr        219 0339  0.1 0856  1.7 1613  0.1 2120  1.6
23  Sa        219 0430  0.1 0946  1.7 1704  0.1 2212  1.6
24  Su        219 0520  0.1 1037  1.7 1753  0.1 2304  1.6
25  Mo        219 0609  0.2 1127  1.6 1843  0.2 2357  1.5
26  Tu        219 0658  0.2 1219  1.5 1932  0.2 9999  9.9
27  We        219 0052  1.5 0748  0.3 1311  1.5 2023  0.3
28  Th        219 0148  1.4 0839  0.3 1405  1.4 2115  0.3
 1  Fr        319 0247  1.4 0932  0.4 1501  1.3 2209  0.4
 2  Sa        319 0344  1.3 1026  0.4 1556  1.3 2304  0.4
 3  Su        319 0440  1.3 1122  0.4 1650  1.3 2357  0.4
 4  Mo        319 0531  1.4 1217  0.4 1742  1.3 9999  9.9
 5  Tu        319 0047  0.4 0618  1.4 1308  0.4 1829  1.3
 6  We        319 0132  0.4 0701  1.4 1354  0.4 1913  1.4
 7  Th        319 0215  0.3 0741  1.4 1438  0.4 1955  1.4
 8  Fr        319 0255  0.3 0820  1.4 1520  0.3 2034  1.4
 9  Sa        319 0335  0.3 0857  1.4 1601  0.3 2113  1.4
10  Su        319 0414  0.3 0933  1.4 1642  0.3 2150  1.4
11  Mo        319 0454  0.3 1010  1.4 1722  0.3 2229  1.4
12  Tu        319 0534  0.4 1048  1.4 1803  0.4 2310  1.4
13  We        319 0616  0.4 1130  1.4 1844  0.4 2356  1.4
14  Th        319 0700  0.4 1217  1.4 1928  0.4 9999  9.9
15  Fr        319 0049  1.4 0748  0.4 1312  1.4 2018  0.4
16  Sa        319 0149  1.4 0842  0.4 1413  1.4 2116  0.4
17  Su        319 0254  1.4 0944  0.4 1517  1.4 2222  0.4
18  Mo        319 0358  1.5 1054  0.4 1621  1.4 2330  0.3
19  Tu        319 0459  1.5 1204  0.3 1722  1.5 9999  9.9
20  We        319 0034  0.3 0556  1.6 1309  0.3 1820  1.5
21  Th        319 0132  0.2 0651  1.6 1407  0.2 1916  1.6
22  Fr        319 0227  0.2 0743  1.7 1501  0.2 2009  1.6
23  Sa        319 0318  0.1 0833  1.7 1551  0.1 2101  1.6
24  Su        319 0408  0.1 0923  1.7 1640  0.1 2151  1.6
25  Mo        319 0457  0.2 1012  1.6 1728  0.2 2241  1.6
26  Tu        319 0544  0.2 1101  1.6 1814  0.2 2332  1.6
27  We        319 0632  0.3 1151  1.5 1901  0.3 9999  9.9
28  Th        319 0025  1.5 0719  0.3 1243  1.4 1948  0.3
29  Fr        319 0119  1.4 0806  0.4 1336  1.4 2036  0.4
30  Sa        319 0214  1.4 0856  0.4 1430  1.3 2127  0.4
31  Su        319 0310  1.4 0948  0.5 1525  1.3 2221  0.4
 1  Mo        419 0404  1.4 1043  0.5 1619  1.3 2315  0.4
 2  Tu        419 0454  1.4 1139  0.5 1711  1.3 9999  9.9
 3  We        419 0007  0.4 0541  1.4 1232  0.4 1759  1.3
 4  Th        419 0055  0.4 0625  1.4 1321  0.4 1843  1.4
 5  Fr        419 0140  0.4 0705  1.4 1407  0.4 1925  1.4
 6  Sa        419 0224  0.4 0745  1.4 1451  0.3 2005  1.4
 7  Su        419 0306  0.3 0823  1.5 1534  0.3 2045  1.5
 8  Mo        419 0349  0.3 0901  1.5 1616  0.3 2124  1.5
 9  Tu        419 0431  0.3 0940  1.5 1658  0.3 2204  1.5
10  We        419 0515  0.3 1022  1.5 1740  0.3 2248  1.5
11  Th        419 0559  0.4 1107  1.5 1824  0.3 2337  1.5
12  Fr        419 0647  0.4 1159  1.4 1910  0.3 9999  9.9
13  Sa        419 0032  1.5 0737  0.4 1256  1.4 2002  0.4
14  Su        419 0132  1.5 0833  0.4 1358  1.4 2100  0.4
15  Mo        419 0235  1.5 0935  0.4 1501  1.4 2204  0.3
16  Tu        419 0337  1.5 1042  0.3 1604  1.5 2309  0.3
17  We        419 0437  1.6 1148  0.3 1705  1.5 9999  9.9
18  Th        419 0011  0.3 0533  1.6 1249  0.3 1803  1.6
19  Fr        419 0109  0.2 0627  1.6 1345  0.2 1857  1.6
20  Sa        419 0203  0.2 0718  1.6 1437  0.2 1949  1.6
21  Su        419 0255  0.2 0808  1.6 1526  0.2 2039  1.7
22  Mo        419 0343  0.2 0857  1.6 1613  0.2 2128  1.6
23  Tu        419 0431  0.2 0945  1.6 1658  0.2 2216  1.6
24  We        419 0516  0.3 1033  1.5 1742  0.2 2305  1.6
25  Th        419 0601  0.3 1121  1.4 1825  0.3 2354  1.5
26  Fr        419 0646  0.4 1211  1.4 1908  0.4 9999  9.9
27  Sa        419 0045  1.5 0730  0.4 1303  1.3 1953  0.4
28  Su        419 0138  1.4 0816  0.4 1356  1.3 2040  0.4
29  Mo        419 0230  1.4 0905  0.4 1450  1.3 2131  0.5
30  Tu        419 0322  1.4 0958  0.4 1543  1.3 2225  0.5
 1  We        519 0411  1.4 1054  0.4 1634  1.3 2319  0.4
 2  Th        519 0459  1.4 1150  0.4 1723  1.3 9999  9.9
 3  Fr        519 0011  0.4 0543  1.4 1242  0.4 1809  1.4
 4  Sa        519 0100  0.4 0626  1.4 1331  0.3 1852  1.4
 5  Su        519 0148  0.4 0707  1.5 1418  0.3 1934  1.5
 6  Mo        519 0234  0.3 0748  1.5 1503  0.3 2016  1.5
 7  Tu        519 0320  0.3 0830  1.5 1548  0.3 2059  1.5
 8  We        519 0406  0.3 0914  1.5 1632  0.3 2143  1.6
 9  Th        519 0454  0.3 1000  1.5 1717  0.3 2230  1.6
10  Fr        519 0542  0.3 1049  1.5 1804  0.3 2321  1.6
11  Sa        519 0633  0.3 1143  1.5 1853  0.3 9999  9.9
12  Su        519 0017  1.6 0726  0.3 1242  1.4 1947  0.3
13  Mo        519 0115  1.5 0823  0.3 1343  1.4 2044  0.3
14  Tu        519 0216  1.5 0923  0.3 1445  1.4 2145  0.3
15  We        519 0315  1.6 1026  0.3 1547  1.5 2247  0.3
16  Th        519 0413  1.6 1128  0.3 1647  1.5 2347  0.3
17  Fr        519 0509  1.6 1226  0.2 1743  1.6 9999  9.9
18  Sa        519 0044  0.3 0602  1.6 1320  0.2 1837  1.6
19  Su        519 0138  0.2 0652  1.6 1411  0.2 1927  1.6
20  Mo        519 0228  0.2 0742  1.6 1459  0.2 2016  1.6
21  Tu        519 0316  0.2 0829  1.5 1544  0.2 2103  1.6
22  We        519 0402  0.3 0916  1.5 1626  0.2 2149  1.6
23  Th        519 0446  0.3 1003  1.5 1707  0.3 2235  1.5
24  Fr        519 0528  0.3 1050  1.4 1747  0.3 2322  1.5
25  Sa        519 0610  0.4 1138  1.4 1826  0.4 9999  9.9
26  Su        519 0010  1.5 0652  0.4 1227  1.3 1908  0.4
27  Mo        519 0058  1.4 0736  0.4 1318  1.3 1953  0.4
28  Tu        519 0148  1.4 0823  0.4 1410  1.3 2043  0.4
29  We        519 0237  1.4 0914  0.4 1502  1.3 2135  0.4
30  Th        519 0326  1.4 1008  0.4 1554  1.3 2229  0.4
31  Fr        519 0413  1.4 1104  0.4 1643  1.3 2323  0.4
 1  Sa        619 0459  1.4 1159  0.4 1731  1.4 9999  9.9
 2  Su        619 0017  0.4 0545  1.4 1252  0.3 1818  1.4
 3  Mo        619 0109  0.4 0630  1.5 1342  0.3 1903  1.5
 4  Tu        619 0200  0.3 0716  1.5 1431  0.3 1949  1.5
 5  We        619 0251  0.3 0802  1.5 1519  0.2 2035  1.6
 6  Th        619 0342  0.3 0850  1.5 1606  0.2 2122  1.6
 7  Fr        619 0433  0.3 0940  1.5 1655  0.2 2212  1.6
 8  Sa        619 0525  0.2 1033  1.5 1744  0.2 2305  1.6
 9  Su        619 0618  0.2 1128  1.5 1836  0.2 2359  1.6
10  Mo        619 0713  0.2 1226  1.5 1930  0.2 9999  9.9
11  Tu        619 0056  1.6 0809  0.2 1325  1.5 2026  0.3
12  We        619 0154  1.6 0907  0.2 1427  1.5 2124  0.3
13  Th        619 0252  1.6 1006  0.2 1527  1.5 2223  0.3
14  Fr        619 0349  1.5 1104  0.2 1626  1.5 2321  0.3
15  Sa        619 0443  1.5 1200  0.2 1722  1.5 9999  9.9
16  Su        619 0017  0.3 0536  1.5 1254  0.2 1815  1.5
17  Mo        619 0110  0.3 0627  1.5 1343  0.2 1905  1.6
18  Tu        619 0200  0.3 0715  1.5 1430  0.2 1952  1.6
19  We        619 0247  0.3 0802  1.5 1513  0.2 2037  1.6
20  Th        619 0332  0.3 0848  1.4 1554  0.3 2122  1.5
21  Fr        619 0414  0.3 0933  1.4 1632  0.3 2205  1.5
22  Sa        619 0454  0.3 1018  1.4 1709  0.3 2249  1.5
23  Su        619 0534  0.3 1104  1.3 1746  0.3 2333  1.4
24  Mo        619 0615  0.4 1150  1.3 1827  0.4 9999  9.9
25  Tu        619 0018  1.4 0658  0.4 1238  1.3 1912  0.4
26  We        619 0104  1.4 0744  0.4 1327  1.3 2000  0.4
27  Th        619 0151  1.4 0833  0.4 1418  1.3 2051  0.4
28  Fr        619 0239  1.4 0924  0.4 1511  1.3 2143  0.4
29  Sa        619 0328  1.4 1018  0.4 1603  1.3 2238  0.4
30  Su        619 0417  1.4 1115  0.3 1654  1.4 2334  0.4
 1  Mo        719 0507  1.4 1212  0.3 1745  1.4 9999  9.9
 2  Tu        719 0031  0.3 0557  1.4 1307  0.3 1834  1.5
 3  We        719 0128  0.3 0648  1.5 1400  0.2 1924  1.6
 4  Th        719 0224  0.3 0739  1.5 1452  0.2 2013  1.6
 5  Fr        719 0319  0.2 0830  1.5 1543  0.1 2103  1.7
 6  Sa        719 0414  0.2 0922  1.5 1634  0.1 2154  1.7
 7  Su        719 0508  0.2 1016  1.5 1725  0.1 2246  1.7
 8  Mo        719 0601  0.2 1110  1.5 1818  0.1 2339  1.6
 9  Tu        719 0655  0.2 1207  1.5 1911  0.2 9999  9.9
10  We        719 0034  1.6 0750  0.2 1306  1.5 2006  0.2
11  Th        719 0131  1.6 0845  0.2 1406  1.4 2102  0.2
12  Fr        719 0227  1.5 0942  0.2 1506  1.4 2159  0.3
13  Sa        719 0323  1.5 1038  0.2 1605  1.4 2255  0.3
14  Su        719 0419  1.4 1134  0.2 1701  1.5 2351  0.3
15  Mo        719 0512  1.4 1227  0.2 1754  1.5 9999  9.9
16  Tu        719 0044  0.3 0603  1.4 1316  0.2 1843  1.5
17  We        719 0134  0.3 0652  1.4 1402  0.2 1929  1.5
18  Th        719 0220  0.3 0738  1.4 1444  0.2 2012  1.5
19  Fr        719 0303  0.3 0823  1.4 1523  0.3 2054  1.5
20  Sa        719 0344  0.3 0906  1.4 1559  0.3 2135  1.5
21  Su        719 0423  0.3 0948  1.4 1636  0.3 2215  1.5
22  Mo        719 0502  0.3 1031  1.3 1713  0.3 2256  1.4
23  Tu        719 0543  0.3 1113  1.3 1754  0.3 2337  1.4
24  We        719 0625  0.3 1157  1.3 1837  0.4 9999  9.9
25  Th        719 0020  1.4 0709  0.3 1244  1.3 1923  0.4
26  Fr        719 0105  1.4 0755  0.3 1334  1.3 2012  0.4
27  Sa        719 0153  1.3 0844  0.3 1428  1.3 2104  0.4
28  Su        719 0245  1.3 0937  0.3 1524  1.3 2159  0.4
29  Mo        719 0340  1.4 1034  0.3 1620  1.4 2257  0.3
30  Tu        719 0435  1.4 1135  0.3 1715  1.4 2359  0.3
31  We        719 0531  1.4 1235  0.2 1809  1.5 9999  9.9
 1  Th        819 0102  0.3 0625  1.5 1333  0.2 1901  1.6
 2  Fr        819 0202  0.2 0719  1.5 1428  0.1 1952  1.6
 3  Sa        819 0300  0.1 0812  1.6 1522  0.1 2043  1.7
 4  Su        819 0356  0.1 0905  1.6 1614  0.1 2134  1.7
 5  Mo        819 0450  0.1 0958  1.6 1706  0.1 2225  1.7
 6  Tu        819 0542  0.1 1052  1.5 1758  0.1 2317  1.6
 7  We        819 0635  0.1 1147  1.5 1851  0.1 9999  9.9
 8  Th        819 0011  1.6 0727  0.1 1244  1.5 1944  0.2
 9  Fr        819 0106  1.5 0820  0.2 1343  1.4 2038  0.2
10  Sa        819 0202  1.4 0915  0.2 1443  1.4 2133  0.3
11  Su        819 0258  1.4 1010  0.2 1542  1.4 2229  0.3
12  Mo        819 0355  1.3 1105  0.2 1639  1.4 2324  0.3
13  Tu        819 0449  1.3 1159  0.3 1731  1.4 9999  9.9
14  We        819 0018  0.3 0541  1.3 1249  0.3 1820  1.4
15  Th        819 0109  0.3 0630  1.3 1334  0.2 1904  1.4
16  Fr        819 0155  0.3 0716  1.3 1416  0.2 1946  1.4
17  Sa        819 0238  0.3 0759  1.3 1455  0.2 2026  1.4
18  Su        819 0318  0.3 0840  1.4 1532  0.2 2105  1.4
19  Mo        819 0357  0.3 0921  1.4 1609  0.3 2143  1.4
20  Tu        819 0436  0.3 1000  1.3 1647  0.3 2221  1.4
21  We        819 0515  0.3 1040  1.3 1727  0.3 2259  1.4
22  Th        819 0556  0.3 1120  1.3 1809  0.3 2339  1.4
23  Fr        819 0637  0.3 1204  1.3 1853  0.3 9999  9.9
24  Sa        819 0023  1.3 0721  0.3 1254  1.3 1941  0.3
25  Su        819 0113  1.3 0808  0.3 1350  1.3 2033  0.4
26  Mo        819 0210  1.3 0901  0.3 1450  1.3 2129  0.3
27  Tu        819 0309  1.3 1000  0.3 1551  1.4 2230  0.3
28  We        819 0410  1.4 1106  0.2 1650  1.4 2336  0.3
29  Th        819 0509  1.4 1211  0.2 1746  1.5 9999  9.9
30  Fr        819 0043  0.2 0606  1.5 1312  0.1 1840  1.6
31  Sa        819 0146  0.1 0702  1.5 1409  0.1 1932  1.6
 1  Su        919 0243  0.1 0755  1.6 1503  0.0 2022  1.7
 2  Mo        919 0338  0.0 0848  1.6 1555  0.0 2113  1.7
 3  Tu        919 0430  0.0 0940  1.6 1646  0.0 2203  1.6
 4  We        919 0520  0.0 1032  1.6 1737  0.1 2254  1.6
 5  Th        919 0610  0.0 1125  1.5 1828  0.1 2346  1.5
 6  Fr        919 0701  0.1 1220  1.5 1919  0.2 9999  9.9
 7  Sa        919 0040  1.4 0752  0.1 1318  1.4 2011  0.2
 8  Su        919 0136  1.4 0844  0.2 1417  1.4 2105  0.3
 9  Mo        919 0233  1.3 0938  0.2 1516  1.3 2201  0.3
10  Tu        919 0330  1.3 1034  0.3 1613  1.3 2257  0.3
11  We        919 0426  1.3 1128  0.3 1705  1.3 2352  0.3
12  Th        919 0519  1.3 1219  0.3 1753  1.4 9999  9.9
13  Fr        919 0043  0.3 0608  1.3 1305  0.3 1837  1.4
14  Sa        919 0130  0.3 0653  1.3 1348  0.2 1918  1.4
15  Su        919 0212  0.2 0735  1.3 1428  0.2 1957  1.4
16  Mo        919 0253  0.2 0815  1.4 1507  0.2 2035  1.4
17  Tu        919 0333  0.2 0854  1.4 1545  0.2 2112  1.4
18  We        919 0412  0.2 0932  1.4 1625  0.2 2148  1.4
19  Th        919 0451  0.2 1010  1.4 1705  0.3 2225  1.4
20  Fr        919 0531  0.2 1050  1.3 1747  0.3 2306  1.3
21  Sa        919 0611  0.2 1133  1.3 1831  0.3 2351  1.3
22  Su        919 0653  0.3 1223  1.3 1919  0.3 9999  9.9
23  Mo        919 0043  1.3 0740  0.3 1320  1.3 2011  0.3
24  Tu        919 0143  1.3 0834  0.3 1423  1.3 2109  0.3
25  We        919 0246  1.3 0936  0.3 1526  1.4 2213  0.3
26  Th        919 0350  1.3 1044  0.2 1627  1.4 2323  0.2
27  Fr        919 0451  1.4 1151  0.2 1724  1.5 9999  9.9
28  Sa        919 0029  0.2 0549  1.5 1253  0.1 1818  1.6
29  Su        919 0130  0.1 0645  1.5 1349  0.1 1910  1.6
30  Mo        919 0225  0.0 0738  1.6 1443  0.0 2001  1.6
 1  Tu       1019 0318  0.0 0830  1.6 1534  0.0 2051  1.6
 2  We       1019 0407  0.0 0921  1.6 1624  0.0 2140  1.6
 3  Th       1019 0456  0.0 1011  1.6 1714  0.1 2230  1.5
 4  Fr       1019 0544  0.0 1103  1.5 1803  0.1 2321  1.4
 5  Sa       1019 0631  0.1 1156  1.5 1852  0.2 9999  9.9
 6  Su       1019 0013  1.4 0720  0.2 1251  1.4 1943  0.2
 7  Mo       1019 0108  1.3 0810  0.2 1347  1.3 2035  0.3
 8  Tu       1019 0205  1.2 0902  0.3 1445  1.3 2129  0.3
 9  We       1019 0302  1.2 0956  0.3 1541  1.3 2225  0.3
10  Th       1019 0359  1.2 1051  0.3 1633  1.3 2321  0.3
11  Fr       1019 0452  1.2 1143  0.3 1721  1.3 9999  9.9
12  Sa       1019 0013  0.3 0541  1.3 1231  0.3 1805  1.3
13  Su       1019 0100  0.2 0627  1.3 1316  0.3 1846  1.4
14  Mo       1019 0144  0.2 0709  1.3 1359  0.2 1926  1.4
15  Tu       1019 0227  0.2 0749  1.4 1440  0.2 2004  1.4
16  We       1019 0308  0.2 0828  1.4 1521  0.2 2041  1.4
17  Th       1019 0348  0.2 0906  1.4 1603  0.2 2119  1.4
18  Fr       1019 0428  0.2 0945  1.4 1645  0.2 2158  1.4
19  Sa       1019 0508  0.2 1026  1.4 1728  0.2 2240  1.4
20  Su       1019 0549  0.2 1111  1.4 1814  0.3 2328  1.3
21  Mo       1019 0633  0.2 1201  1.4 1903  0.3 9999  9.9
22  Tu       1019 0022  1.3 0721  0.2 1259  1.4 1957  0.3
23  We       1019 0123  1.3 0817  0.2 1401  1.4 2057  0.3
24  Th       1019 0227  1.3 0920  0.2 1503  1.4 2203  0.2
25  Fr       1019 0331  1.3 1027  0.2 1604  1.5 2310  0.2
26  Sa       1019 0433  1.4 1132  0.2 1701  1.5 9999  9.9
27  Su       1019 0014  0.1 0532  1.5 1233  0.1 1756  1.5
28  Mo       1019 0112  0.1 0628  1.5 1329  0.1 1848  1.6
29  Tu       1019 0206  0.0 0721  1.6 1422  0.1 1939  1.6
30  We       1019 0256  0.0 0812  1.6 1513  0.0 2028  1.6
31  Th       1019 0344  0.0 0901  1.6 1602  0.1 2117  1.5
 1  Fr       1119 0431  0.0 0950  1.6 1650  0.1 2205  1.5
 2  Sa       1119 0516  0.1 1040  1.5 1737  0.2 2255  1.4
 3  Su       1119 0601  0.1 1130  1.5 1824  0.2 2346  1.3
 4  Mo       1119 0645  0.2 1221  1.4 1911  0.3 9999  9.9
 5  Tu       1119 0038  1.3 0731  0.3 1315  1.4 2000  0.3
 6  We       1119 0133  1.2 0820  0.3 1409  1.3 2052  0.3
 7  Th       1119 0229  1.2 0911  0.3 1502  1.3 2146  0.3
 8  Fr       1119 0325  1.2 1006  0.3 1553  1.3 2241  0.3
 9  Sa       1119 0418  1.2 1100  0.3 1642  1.3 2335  0.3
10  Su       1119 0509  1.2 1151  0.3 1727  1.3 9999  9.9
11  Mo       1119 0026  0.3 0556  1.3 1240  0.3 1810  1.3
12  Tu       1119 0113  0.2 0639  1.3 1326  0.3 1852  1.3
13  We       1119 0158  0.2 0721  1.4 1411  0.2 1932  1.4
14  Th       1119 0241  0.2 0802  1.4 1456  0.2 2012  1.4
15  Fr       1119 0324  0.2 0842  1.4 1541  0.2 2053  1.4
16  Sa       1119 0406  0.2 0923  1.4 1626  0.2 2135  1.4
17  Su       1119 0448  0.2 1007  1.5 1712  0.2 2221  1.4
18  Mo       1119 0532  0.2 1053  1.5 1801  0.2 2311  1.4
19  Tu       1119 0618  0.2 1145  1.5 1852  0.2 9999  9.9
20  We       1119 0006  1.3 0708  0.2 1241  1.5 1948  0.2
21  Th       1119 0106  1.3 0804  0.2 1340  1.4 2047  0.2
22  Fr       1119 0209  1.3 0905  0.2 1441  1.5 2151  0.2
23  Sa       1119 0312  1.3 1009  0.2 1540  1.5 2255  0.2
24  Su       1119 0415  1.4 1112  0.2 1637  1.5 2355  0.1
25  Mo       1119 0514  1.4 1212  0.2 1733  1.5 9999  9.9
26  Tu       1119 0052  0.1 0610  1.5 1308  0.1 1826  1.5
27  We       1119 0145  0.1 0703  1.5 1402  0.1 1917  1.5
28  Th       1119 0234  0.0 0753  1.6 1452  0.1 2006  1.5
29  Fr       1119 0321  0.1 0842  1.6 1540  0.1 2054  1.5
30  Sa       1119 0406  0.1 0929  1.5 1627  0.2 2142  1.4
 1  Su       1219 0449  0.1 1016  1.5 1712  0.2 2229  1.4
 2  Mo       1219 0530  0.2 1103  1.5 1755  0.2 2317  1.3
 3  Tu       1219 0611  0.2 1151  1.4 1839  0.3 9999  9.9
 4  We       1219 0007  1.3 0652  0.3 1239  1.4 1924  0.3
 5  Th       1219 0058  1.2 0736  0.3 1329  1.3 2011  0.3
 6  Fr       1219 0151  1.2 0825  0.4 1419  1.3 2102  0.3
 7  Sa       1219 0245  1.2 0917  0.4 1509  1.3 2156  0.3
 8  Su       1219 0338  1.2 1012  0.4 1558  1.3 2252  0.3
 9  Mo       1219 0430  1.2 1106  0.4 1645  1.3 2346  0.3
10  Tu       1219 0520  1.3 1200  0.3 1731  1.3 9999  9.9
11  We       1219 0038  0.3 0607  1.3 1252  0.3 1816  1.3
12  Th       1219 0127  0.2 0651  1.4 1342  0.3 1900  1.4
13  Fr       1219 0214  0.2 0735  1.4 1431  0.3 1945  1.4
14  Sa       1219 0259  0.2 0819  1.5 1520  0.2 2030  1.4
15  Su       1219 0344  0.1 0903  1.5 1609  0.2 2117  1.4
16  Mo       1219 0430  0.1 0949  1.5 1659  0.2 2206  1.4
17  Tu       1219 0516  0.1 1038  1.5 1750  0.2 2257  1.4
18  We       1219 0605  0.2 1129  1.5 1842  0.2 2352  1.4
19  Th       1219 0657  0.2 1223  1.5 1937  0.2 9999  9.9
20  Fr       1219 0050  1.4 0751  0.2 1320  1.5 2035  0.2
21  Sa       1219 0151  1.4 0850  0.2 1418  1.5 2135  0.2
22  Su       1219 0253  1.4 0950  0.2 1516  1.5 2235  0.2
23  Mo       1219 0356  1.4 1051  0.2 1614  1.5 2334  0.2
24  Tu       1219 0456  1.4 1151  0.2 1710  1.4 9999  9.9
25  We       1219 0031  0.2 0552  1.5 1248  0.2 1804  1.4
26  Th       1219 0124  0.1 0646  1.5 1342  0.2 1856  1.4
27  Fr       1219 0213  0.1 0735  1.5 1433  0.2 1945  1.4
28  Sa       1219 0300  0.1 0823  1.5 1520  0.2 2033  1.4
29  Su       1219 0343  0.2 0908  1.5 1605  0.2 2119  1.4
30  Mo       1219 0424  0.2 0952  1.5 1648  0.3 2204  1.3
31  Tu       1219 0502  0.2 1036  1.5 1728  0.3 2249  1.3
