397Kaituna River
Based on data from  1-Jul-2007
Local Std Time, tidal heights in metres.
 1  Mo        118 0016  0.2 0540  1.5 1238  0.3 1757  1.5
 2  Tu        118 0116  0.2 0636  1.6 1340  0.2 1853  1.5
 3  We        118 0212  0.1 0731  1.6 1438  0.2 1948  1.6
 4  Th        118 0305  0.1 0824  1.7 1534  0.1 2043  1.6
 5  Fr        118 0357  0.0 0916  1.7 1628  0.1 2136  1.6
 6  Sa        118 0448  0.0 1008  1.7 1721  0.1 2230  1.5
 7  Su        118 0538  0.1 1059  1.6 1813  0.1 2323  1.5
 8  Mo        118 0628  0.1 1151  1.6 1905  0.2 9999  9.9
 9  Tu        118 0018  1.4 0719  0.2 1243  1.5 1957  0.2
10  We        118 0113  1.4 0810  0.3 1336  1.5 2049  0.2
11  Th        118 0210  1.3 0901  0.3 1429  1.4 2142  0.3
12  Fr        118 0307  1.3 0953  0.4 1522  1.3 2235  0.3
13  Sa        118 0404  1.3 1046  0.4 1614  1.3 2327  0.3
14  Su        118 0458  1.3 1137  0.4 1704  1.3 9999  9.9
15  Mo        118 0017  0.3 0548  1.3 1227  0.4 1753  1.3
16  Tu        118 0103  0.3 0634  1.4 1315  0.4 1839  1.3
17  We        118 0147  0.3 0717  1.4 1401  0.3 1923  1.3
18  Th        118 0228  0.3 0758  1.4 1445  0.3 2005  1.3
19  Fr        118 0308  0.3 0837  1.4 1529  0.3 2046  1.3
20  Sa        118 0348  0.3 0916  1.4 1612  0.3 2125  1.3
21  Su        118 0428  0.3 0953  1.4 1655  0.3 2205  1.3
22  Mo        118 0508  0.3 1031  1.4 1737  0.3 2245  1.3
23  Tu        118 0548  0.3 1111  1.4 1820  0.3 2328  1.3
24  We        118 0629  0.3 1154  1.4 1904  0.3 9999  9.9
25  Th        118 0016  1.3 0713  0.3 1242  1.4 1951  0.3
26  Fr        118 0110  1.3 0803  0.3 1336  1.4 2043  0.3
27  Sa        118 0210  1.3 0859  0.3 1435  1.4 2143  0.3
28  Su        118 0314  1.4 1003  0.3 1536  1.4 2249  0.3
29  Mo        118 0418  1.4 1112  0.3 1637  1.4 2355  0.2
30  Tu        118 0519  1.5 1220  0.3 1738  1.5 9999  9.9
31  We        118 0056  0.2 0618  1.5 1325  0.2 1836  1.5
 1  Th        218 0154  0.1 0713  1.6 1424  0.2 1933  1.5
 2  Fr        218 0248  0.1 0806  1.6 1519  0.1 2027  1.5
 3  Sa        218 0339  0.1 0857  1.6 1612  0.1 2119  1.5
 4  Su        218 0429  0.1 0947  1.6 1702  0.1 2210  1.5
 5  Mo        218 0517  0.1 1036  1.6 1751  0.1 2301  1.5
 6  Tu        218 0605  0.2 1125  1.5 1839  0.2 2352  1.4
 7  We        218 0651  0.2 1214  1.5 1926  0.2 9999  9.9
 8  Th        218 0044  1.4 0738  0.3 1304  1.4 2014  0.3
 9  Fr        218 0138  1.3 0824  0.3 1355  1.3 2103  0.3
10  Sa        218 0233  1.3 0912  0.4 1447  1.3 2153  0.3
11  Su        218 0329  1.3 1002  0.4 1539  1.3 2245  0.4
12  Mo        218 0424  1.3 1055  0.4 1632  1.3 2338  0.4
13  Tu        218 0515  1.3 1149  0.4 1723  1.3 9999  9.9
14  We        218 0028  0.3 0603  1.3 1243  0.4 1811  1.3
15  Th        218 0116  0.3 0647  1.3 1334  0.4 1856  1.3
16  Fr        218 0201  0.3 0729  1.4 1422  0.3 1939  1.3
17  Sa        218 0244  0.3 0808  1.4 1508  0.3 2020  1.4
18  Su        218 0326  0.3 0847  1.4 1552  0.3 2100  1.4
19  Mo        218 0408  0.3 0925  1.5 1636  0.3 2140  1.4
20  Tu        218 0450  0.3 1004  1.5 1719  0.3 2221  1.4
21  We        218 0532  0.3 1044  1.5 1803  0.3 2305  1.4
22  Th        218 0615  0.3 1129  1.5 1847  0.3 2354  1.4
23  Fr        218 0701  0.3 1219  1.4 1935  0.3 9999  9.9
24  Sa        218 0049  1.4 0752  0.3 1314  1.4 2027  0.3
25  Su        218 0150  1.4 0848  0.3 1414  1.4 2126  0.3
26  Mo        218 0255  1.4 0951  0.3 1518  1.4 2231  0.3
27  Tu        218 0400  1.4 1059  0.3 1621  1.4 2336  0.2
28  We        218 0502  1.5 1207  0.3 1723  1.4 9999  9.9
 1  Th        318 0039  0.2 0600  1.5 1311  0.2 1822  1.5
 2  Fr        318 0136  0.2 0655  1.6 1409  0.2 1917  1.5
 3  Sa        318 0230  0.1 0747  1.6 1502  0.1 2010  1.5
 4  Su        318 0320  0.1 0836  1.6 1552  0.1 2100  1.5
 5  Mo        318 0408  0.1 0924  1.6 1640  0.1 2149  1.5
 6  Tu        318 0454  0.1 1010  1.5 1725  0.2 2236  1.5
 7  We        318 0538  0.2 1056  1.5 1809  0.2 2324  1.4
 8  Th        318 0621  0.2 1143  1.4 1852  0.2 9999  9.9
 9  Fr        318 0013  1.4 0703  0.3 1230  1.4 1935  0.3
10  Sa        318 0104  1.3 0746  0.4 1320  1.3 2018  0.3
11  Su        318 0157  1.3 0830  0.4 1411  1.3 2106  0.4
12  Mo        318 0252  1.3 0919  0.4 1505  1.2 2157  0.4
13  Tu        318 0346  1.3 1012  0.4 1558  1.2 2253  0.4
14  We        318 0438  1.3 1109  0.4 1650  1.2 2348  0.4
15  Th        318 0526  1.3 1208  0.4 1740  1.3 9999  9.9
16  Fr        318 0040  0.3 0612  1.3 1303  0.4 1826  1.3
17  Sa        318 0129  0.3 0654  1.4 1355  0.3 1910  1.4
18  Su        318 0216  0.3 0735  1.4 1443  0.3 1953  1.4
19  Mo        318 0301  0.2 0815  1.4 1529  0.2 2034  1.4
20  Tu        318 0345  0.2 0856  1.5 1614  0.2 2116  1.5
21  We        318 0429  0.2 0937  1.5 1658  0.2 2200  1.5
22  Th        318 0514  0.2 1022  1.5 1744  0.2 2247  1.5
23  Fr        318 0601  0.2 1109  1.5 1830  0.2 2338  1.5
24  Sa        318 0650  0.3 1201  1.5 1919  0.2 9999  9.9
25  Su        318 0034  1.4 0742  0.3 1259  1.4 2013  0.3
26  Mo        318 0135  1.4 0839  0.3 1400  1.4 2111  0.3
27  Tu        318 0239  1.4 0942  0.3 1504  1.4 2214  0.3
28  We        318 0343  1.4 1048  0.3 1607  1.4 2318  0.2
29  Th        318 0443  1.5 1153  0.3 1708  1.4 9999  9.9
30  Fr        318 0019  0.2 0540  1.5 1254  0.2 1806  1.5
31  Sa        318 0116  0.2 0633  1.5 1349  0.2 1900  1.5
 1  Su        418 0208  0.2 0724  1.5 1440  0.2 1950  1.5
 2  Mo        418 0257  0.2 0811  1.5 1528  0.1 2038  1.5
 3  Tu        418 0343  0.2 0857  1.5 1612  0.2 2124  1.5
 4  We        418 0426  0.2 0941  1.5 1655  0.2 2210  1.5
 5  Th        418 0508  0.2 1026  1.4 1735  0.2 2255  1.4
 6  Fr        418 0548  0.3 1111  1.4 1814  0.3 2342  1.4
 7  Sa        418 0627  0.3 1157  1.3 1853  0.3 9999  9.9
 8  Su        418 0030  1.4 0708  0.4 1245  1.3 1934  0.4
 9  Mo        418 0120  1.3 0752  0.4 1336  1.2 2019  0.4
10  Tu        418 0213  1.3 0839  0.4 1428  1.2 2110  0.4
11  We        418 0305  1.3 0932  0.4 1522  1.2 2205  0.4
12  Th        418 0356  1.3 1029  0.4 1614  1.2 2303  0.4
13  Fr        418 0445  1.3 1130  0.4 1705  1.3 2359  0.4
14  Sa        418 0531  1.3 1228  0.3 1753  1.3 9999  9.9
15  Su        418 0052  0.3 0616  1.4 1322  0.3 1839  1.4
16  Mo        418 0142  0.3 0700  1.4 1412  0.2 1924  1.4
17  Tu        418 0231  0.2 0743  1.5 1501  0.2 2008  1.5
18  We        418 0318  0.2 0827  1.5 1548  0.2 2054  1.5
19  Th        418 0406  0.2 0913  1.5 1635  0.2 2141  1.5
20  Fr        418 0455  0.2 1001  1.5 1722  0.2 2231  1.6
21  Sa        418 0545  0.2 1052  1.5 1811  0.2 2324  1.5
22  Su        418 0637  0.2 1147  1.5 1902  0.2 9999  9.9
23  Mo        418 0021  1.5 0731  0.2 1246  1.4 1957  0.2
24  Tu        418 0121  1.5 0829  0.2 1348  1.4 2055  0.2
25  We        418 0223  1.5 0930  0.2 1450  1.4 2155  0.2
26  Th        418 0324  1.5 1033  0.2 1552  1.4 2256  0.2
27  Fr        418 0422  1.5 1134  0.2 1652  1.4 2356  0.2
28  Sa        418 0517  1.5 1232  0.2 1747  1.5 9999  9.9
29  Su        418 0051  0.2 0608  1.5 1325  0.2 1839  1.5
30  Mo        418 0142  0.2 0657  1.5 1414  0.2 1928  1.5
 1  Tu        518 0229  0.2 0743  1.5 1459  0.2 2014  1.5
 2  We        518 0313  0.2 0827  1.4 1541  0.2 2058  1.5
 3  Th        518 0355  0.2 0911  1.4 1621  0.2 2142  1.5
 4  Fr        518 0434  0.3 0954  1.4 1658  0.2 2225  1.5
 5  Sa        518 0513  0.3 1038  1.3 1735  0.3 2309  1.4
 6  Su        518 0552  0.3 1123  1.3 1812  0.3 2355  1.4
 7  Mo        518 0633  0.3 1210  1.3 1853  0.3 9999  9.9
 8  Tu        518 0042  1.3 0717  0.4 1259  1.2 1938  0.4
 9  We        518 0132  1.3 0804  0.4 1350  1.2 2027  0.4
10  Th        518 0222  1.3 0855  0.4 1443  1.2 2120  0.4
11  Fr        518 0312  1.3 0950  0.4 1535  1.3 2216  0.4
12  Sa        518 0401  1.3 1048  0.3 1627  1.3 2314  0.4
13  Su        518 0449  1.4 1148  0.3 1717  1.4 9999  9.9
14  Mo        518 0010  0.3 0537  1.4 1245  0.3 1806  1.4
15  Tu        518 0105  0.3 0624  1.5 1339  0.2 1855  1.5
16  We        518 0158  0.2 0712  1.5 1430  0.2 1943  1.6
17  Th        518 0250  0.2 0800  1.5 1520  0.1 2032  1.6
18  Fr        518 0342  0.2 0850  1.5 1610  0.1 2122  1.6
19  Sa        518 0435  0.2 0942  1.5 1700  0.1 2214  1.6
20  Su        518 0528  0.1 1036  1.5 1751  0.1 2309  1.6
21  Mo        518 0622  0.2 1132  1.5 1843  0.1 9999  9.9
22  Tu        518 0005  1.6 0717  0.2 1231  1.4 1938  0.2
23  We        518 0103  1.5 0814  0.2 1331  1.4 2034  0.2
24  Th        518 0202  1.5 0913  0.2 1432  1.4 2133  0.2
25  Fr        518 0300  1.5 1012  0.2 1533  1.4 2231  0.2
26  Sa        518 0356  1.5 1110  0.2 1631  1.4 2328  0.3
27  Su        518 0450  1.5 1205  0.2 1725  1.4 9999  9.9
28  Mo        518 0021  0.3 0540  1.4 1256  0.2 1816  1.5
29  Tu        518 0111  0.3 0628  1.4 1344  0.2 1903  1.5
30  We        518 0158  0.3 0713  1.4 1427  0.2 1948  1.5
31  Th        518 0241  0.3 0757  1.4 1508  0.2 2031  1.5
 1  Fr        618 0321  0.3 0840  1.4 1545  0.2 2113  1.5
 2  Sa        618 0400  0.3 0923  1.4 1622  0.3 2155  1.5
 3  Su        618 0439  0.3 1006  1.3 1658  0.3 2237  1.4
 4  Mo        618 0519  0.3 1049  1.3 1736  0.3 2320  1.4
 5  Tu        618 0601  0.3 1134  1.3 1817  0.3 9999  9.9
 6  We        618 0004  1.4 0646  0.3 1220  1.3 1901  0.4
 7  Th        618 0050  1.4 0732  0.3 1310  1.3 1948  0.4
 8  Fr        618 0137  1.4 0821  0.3 1401  1.3 2039  0.4
 9  Sa        618 0227  1.4 0912  0.3 1455  1.3 2133  0.4
10  Su        618 0318  1.4 1008  0.3 1549  1.3 2229  0.3
11  Mo        618 0409  1.4 1107  0.3 1642  1.4 2328  0.3
12  Tu        618 0500  1.5 1207  0.2 1736  1.5 9999  9.9
13  We        618 0028  0.3 0552  1.5 1305  0.2 1828  1.5
14  Th        618 0126  0.2 0644  1.5 1400  0.1 1920  1.6
15  Fr        618 0224  0.2 0737  1.6 1454  0.1 2012  1.6
16  Sa        618 0320  0.1 0830  1.6 1546  0.1 2104  1.7
17  Su        618 0415  0.1 0924  1.6 1638  0.1 2157  1.7
18  Mo        618 0510  0.1 1019  1.5 1730  0.1 2250  1.7
19  Tu        618 0604  0.1 1115  1.5 1823  0.1 2345  1.6
20  We        618 0659  0.1 1212  1.5 1917  0.1 9999  9.9
21  Th        618 0041  1.6 0754  0.2 1310  1.4 2011  0.2
22  Fr        618 0137  1.5 0850  0.2 1410  1.4 2106  0.2
23  Sa        618 0233  1.5 0945  0.2 1508  1.4 2201  0.3
24  Su        618 0327  1.4 1040  0.2 1606  1.4 2256  0.3
25  Mo        618 0420  1.4 1134  0.2 1700  1.4 2348  0.3
26  Tu        618 0510  1.4 1224  0.2 1750  1.4 9999  9.9
27  We        618 0037  0.3 0558  1.4 1311  0.2 1837  1.4
28  Th        618 0124  0.3 0644  1.4 1354  0.2 1921  1.4
29  Fr        618 0207  0.3 0728  1.4 1434  0.2 2003  1.5
30  Sa        618 0248  0.3 0811  1.4 1512  0.3 2044  1.5
 1  Su        718 0329  0.3 0854  1.4 1549  0.3 2125  1.5
 2  Mo        718 0410  0.3 0935  1.3 1627  0.3 2205  1.4
 3  Tu        718 0451  0.3 1017  1.3 1706  0.3 2245  1.4
 4  We        718 0534  0.3 1059  1.3 1747  0.3 2326  1.4
 5  Th        718 0618  0.3 1143  1.3 1829  0.3 9999  9.9
 6  Fr        718 0009  1.4 0702  0.3 1230  1.3 1915  0.3
 7  Sa        718 0055  1.4 0748  0.3 1320  1.3 2003  0.4
 8  Su        718 0144  1.4 0837  0.3 1415  1.3 2055  0.4
 9  Mo        718 0238  1.4 0930  0.3 1513  1.4 2151  0.3
10  Tu        718 0333  1.4 1029  0.3 1611  1.4 2252  0.3
11  We        718 0429  1.5 1132  0.2 1709  1.5 2356  0.3
12  Th        718 0526  1.5 1235  0.2 1805  1.6 9999  9.9
13  Fr        718 0100  0.2 0622  1.5 1334  0.1 1859  1.6
14  Sa        718 0202  0.2 0717  1.6 1430  0.1 1952  1.7
15  Su        718 0301  0.1 0812  1.6 1525  0.1 2045  1.7
16  Mo        718 0357  0.1 0906  1.6 1617  0.1 2137  1.7
17  Tu        718 0451  0.1 1000  1.6 1709  0.1 2229  1.7
18  We        718 0545  0.1 1054  1.5 1801  0.1 2322  1.6
19  Th        718 0637  0.1 1149  1.5 1852  0.1 9999  9.9
20  Fr        718 0015  1.6 0729  0.1 1245  1.5 1944  0.2
21  Sa        718 0108  1.5 0821  0.2 1342  1.4 2036  0.3
22  Su        718 0202  1.4 0914  0.2 1440  1.4 2128  0.3
23  Mo        718 0256  1.4 1006  0.3 1537  1.4 2220  0.3
24  Tu        718 0349  1.4 1058  0.3 1631  1.4 2312  0.3
25  We        718 0440  1.3 1149  0.3 1722  1.4 9999  9.9
26  Th        718 0001  0.4 0530  1.3 1236  0.3 1810  1.4
27  Fr        718 0049  0.3 0617  1.3 1320  0.3 1854  1.4
28  Sa        718 0135  0.3 0702  1.3 1402  0.3 1936  1.4
29  Su        718 0219  0.3 0745  1.4 1443  0.3 2016  1.4
30  Mo        718 0303  0.3 0827  1.4 1522  0.3 2055  1.5
31  Tu        718 0346  0.3 0907  1.4 1602  0.3 2133  1.5
 1  We        818 0428  0.3 0947  1.4 1642  0.3 2212  1.5
 2  Th        818 0511  0.3 1028  1.4 1722  0.3 2250  1.4
 3  Fr        818 0553  0.3 1109  1.4 1804  0.3 2332  1.4
 4  Sa        818 0636  0.3 1155  1.4 1848  0.3 9999  9.9
 5  Su        818 0017  1.4 0720  0.3 1245  1.4 1936  0.3
 6  Mo        818 0109  1.4 0808  0.3 1342  1.4 2028  0.3
 7  Tu        818 0205  1.4 0901  0.3 1443  1.4 2125  0.3
 8  We        818 0305  1.4 1002  0.3 1546  1.4 2228  0.3
 9  Th        818 0405  1.4 1107  0.2 1647  1.5 2335  0.3
10  Fr        818 0505  1.5 1213  0.2 1745  1.6 9999  9.9
11  Sa        818 0042  0.2 0604  1.5 1314  0.1 1840  1.6
12  Su        818 0145  0.2 0700  1.6 1411  0.1 1933  1.7
13  Mo        818 0244  0.1 0755  1.6 1505  0.1 2025  1.7
14  Tu        818 0339  0.1 0848  1.6 1557  0.1 2116  1.7
15  We        818 0431  0.1 0940  1.6 1647  0.1 2206  1.7
16  Th        818 0522  0.1 1032  1.6 1737  0.1 2256  1.6
17  Fr        818 0611  0.1 1124  1.5 1826  0.2 2346  1.5
18  Sa        818 0700  0.2 1218  1.5 1914  0.2 9999  9.9
19  Su        818 0037  1.5 0748  0.2 1312  1.4 2003  0.3
20  Mo        818 0130  1.4 0837  0.3 1408  1.4 2052  0.3
21  Tu        818 0223  1.3 0927  0.3 1505  1.3 2142  0.4
22  We        818 0317  1.3 1018  0.3 1600  1.3 2233  0.4
23  Th        818 0410  1.3 1110  0.3 1652  1.3 2325  0.4
24  Fr        818 0502  1.3 1200  0.3 1740  1.4 9999  9.9
25  Sa        818 0017  0.4 0551  1.3 1248  0.3 1825  1.4
26  Su        818 0106  0.3 0636  1.3 1333  0.3 1907  1.4
27  Mo        818 0154  0.3 0720  1.4 1416  0.3 1947  1.4
28  Tu        818 0239  0.3 0801  1.4 1458  0.3 2025  1.5
29  We        818 0323  0.3 0841  1.4 1539  0.2 2103  1.5
30  Th        818 0407  0.2 0920  1.4 1620  0.3 2141  1.5
31  Fr        818 0449  0.2 1000  1.4 1702  0.3 2220  1.5
 1  Sa        918 0531  0.3 1042  1.4 1745  0.3 2302  1.5
 2  Su        918 0614  0.3 1128  1.4 1830  0.3 2349  1.5
 3  Mo        918 0659  0.3 1219  1.4 1918  0.3 9999  9.9
 4  Tu        918 0042  1.4 0747  0.3 1317  1.4 2012  0.3
 5  We        918 0141  1.4 0842  0.3 1421  1.4 2111  0.3
 6  Th        918 0244  1.4 0945  0.3 1526  1.4 2216  0.3
 7  Fr        918 0348  1.4 1051  0.2 1628  1.5 2324  0.3
 8  Sa        918 0450  1.5 1156  0.2 1726  1.6 9999  9.9
 9  Su        918 0031  0.2 0549  1.5 1257  0.1 1822  1.6
10  Mo        918 0132  0.2 0645  1.6 1353  0.1 1914  1.6
11  Tu        918 0228  0.1 0739  1.6 1446  0.1 2004  1.7
12  We        918 0320  0.1 0830  1.6 1536  0.1 2053  1.7
13  Th        918 0409  0.1 0920  1.6 1624  0.1 2141  1.6
14  Fr        918 0456  0.1 1009  1.6 1711  0.1 2228  1.6
15  Sa        918 0542  0.1 1058  1.5 1757  0.2 2316  1.5
16  Su        918 0627  0.2 1148  1.5 1842  0.3 9999  9.9
17  Mo        918 0005  1.4 0711  0.2 1240  1.4 1927  0.3
18  Tu        918 0056  1.4 0756  0.3 1334  1.4 2013  0.4
19  We        918 0149  1.3 0843  0.3 1430  1.3 2102  0.4
20  Th        918 0244  1.3 0934  0.4 1525  1.3 2154  0.4
21  Fr        918 0339  1.3 1027  0.4 1618  1.3 2249  0.4
22  Sa        918 0432  1.3 1121  0.4 1707  1.3 2345  0.4
23  Su        918 0522  1.3 1213  0.3 1752  1.4 9999  9.9
24  Mo        918 0038  0.3 0609  1.3 1302  0.3 1835  1.4
25  Tu        918 0128  0.3 0653  1.4 1348  0.3 1916  1.4
26  We        918 0215  0.2 0735  1.4 1432  0.2 1955  1.5
27  Th        918 0300  0.2 0815  1.4 1516  0.2 2033  1.5
28  Fr        918 0344  0.2 0856  1.5 1559  0.2 2113  1.5
29  Sa        918 0427  0.2 0937  1.5 1643  0.2 2154  1.5
30  Su        918 0510  0.2 1020  1.5 1728  0.3 2239  1.5
 1  Mo       1018 0555  0.2 1108  1.5 1816  0.3 2328  1.5
 2  Tu       1018 0642  0.2 1201  1.5 1907  0.3 9999  9.9
 3  We       1018 0024  1.4 0733  0.2 1300  1.5 2003  0.3
 4  Th       1018 0124  1.4 0829  0.3 1404  1.5 2103  0.3
 5  Fr       1018 0229  1.4 0932  0.3 1508  1.5 2209  0.3
 6  Sa       1018 0333  1.4 1037  0.2 1610  1.5 2315  0.2
 7  Su       1018 0436  1.4 1140  0.2 1708  1.5 9999  9.9
 8  Mo       1018 0018  0.2 0535  1.5 1240  0.2 1802  1.6
 9  Tu       1018 0116  0.1 0630  1.5 1335  0.1 1853  1.6
10  We       1018 0209  0.1 0722  1.6 1426  0.1 1942  1.6
11  Th       1018 0258  0.1 0811  1.6 1514  0.1 2029  1.6
12  Fr       1018 0345  0.1 0859  1.6 1559  0.1 2115  1.6
13  Sa       1018 0429  0.1 0945  1.6 1643  0.2 2200  1.5
14  Su       1018 0511  0.2 1032  1.5 1726  0.2 2246  1.4
15  Mo       1018 0551  0.2 1119  1.5 1807  0.3 2333  1.4
16  Tu       1018 0631  0.3 1208  1.4 1850  0.3 9999  9.9
17  We       1018 0023  1.3 0712  0.3 1259  1.4 1934  0.4
18  Th       1018 0115  1.3 0757  0.3 1352  1.3 2022  0.4
19  Fr       1018 0209  1.2 0847  0.4 1446  1.3 2115  0.4
20  Sa       1018 0304  1.2 0942  0.4 1538  1.3 2212  0.4
21  Su       1018 0358  1.2 1039  0.4 1628  1.3 2310  0.4
22  Mo       1018 0450  1.3 1135  0.4 1715  1.4 9999  9.9
23  Tu       1018 0007  0.3 0538  1.3 1227  0.3 1759  1.4
24  We       1018 0059  0.3 0623  1.4 1317  0.3 1842  1.4
25  Th       1018 0148  0.2 0707  1.4 1404  0.2 1923  1.5
26  Fr       1018 0235  0.2 0750  1.5 1451  0.2 2005  1.5
27  Sa       1018 0320  0.2 0833  1.5 1537  0.2 2048  1.5
28  Su       1018 0405  0.2 0917  1.5 1624  0.2 2133  1.5
29  Mo       1018 0450  0.2 1003  1.6 1713  0.2 2221  1.5
30  Tu       1018 0537  0.2 1053  1.6 1803  0.2 2313  1.5
31  We       1018 0626  0.2 1147  1.5 1857  0.2 9999  9.9
 1  Th       1118 0010  1.4 0719  0.2 1246  1.5 1954  0.3
 2  Fr       1118 0111  1.4 0816  0.2 1347  1.5 2055  0.3
 3  Sa       1118 0214  1.4 0917  0.2 1449  1.5 2158  0.2
 4  Su       1118 0318  1.4 1020  0.2 1549  1.5 2302  0.2
 5  Mo       1118 0420  1.4 1121  0.2 1646  1.5 9999  9.9
 6  Tu       1118 0002  0.2 0519  1.5 1219  0.2 1740  1.5
 7  We       1118 0057  0.1 0613  1.5 1313  0.2 1831  1.5
 8  Th       1118 0148  0.1 0704  1.5 1403  0.2 1918  1.5
 9  Fr       1118 0235  0.1 0752  1.6 1450  0.2 2004  1.5
10  Sa       1118 0319  0.1 0838  1.6 1534  0.2 2049  1.5
11  Su       1118 0400  0.2 0922  1.5 1615  0.2 2133  1.4
12  Mo       1118 0439  0.2 1006  1.5 1655  0.3 2217  1.4
13  Tu       1118 0516  0.2 1051  1.5 1735  0.3 2303  1.3
14  We       1118 0552  0.3 1136  1.4 1815  0.3 2350  1.3
15  Th       1118 0631  0.3 1224  1.4 1859  0.4 9999  9.9
16  Fr       1118 0039  1.3 0715  0.4 1313  1.3 1946  0.4
17  Sa       1118 0131  1.2 0804  0.4 1404  1.3 2038  0.4
18  Su       1118 0225  1.2 0858  0.4 1455  1.3 2133  0.4
19  Mo       1118 0319  1.2 0955  0.4 1545  1.3 2232  0.4
20  Tu       1118 0412  1.3 1052  0.4 1633  1.4 2330  0.3
21  We       1118 0502  1.3 1149  0.3 1720  1.4 9999  9.9
22  Th       1118 0026  0.3 0551  1.4 1242  0.3 1806  1.4
23  Fr       1118 0118  0.2 0638  1.4 1334  0.3 1852  1.5
24  Sa       1118 0207  0.2 0725  1.5 1425  0.2 1938  1.5
25  Su       1118 0256  0.1 0811  1.6 1516  0.2 2026  1.5
26  Mo       1118 0343  0.1 0859  1.6 1606  0.2 2115  1.5
27  Tu       1118 0431  0.1 0948  1.6 1658  0.2 2206  1.5
28  We       1118 0520  0.1 1039  1.6 1751  0.2 2300  1.5
29  Th       1118 0611  0.1 1133  1.6 1846  0.2 2356  1.5
30  Fr       1118 0704  0.2 1230  1.6 1943  0.2 9999  9.9
 1  Sa       1218 0056  1.4 0801  0.2 1328  1.5 2041  0.2
 2  Su       1218 0158  1.4 0859  0.2 1428  1.5 2142  0.2
 3  Mo       1218 0300  1.4 0959  0.2 1526  1.5 2242  0.2
 4  Tu       1218 0402  1.4 1059  0.3 1622  1.5 2340  0.2
 5  We       1218 0500  1.4 1156  0.3 1716  1.5 9999  9.9
 6  Th       1218 0034  0.2 0554  1.5 1249  0.3 1806  1.5
 7  Fr       1218 0124  0.2 0645  1.5 1339  0.3 1854  1.4
 8  Sa       1218 0210  0.2 0732  1.5 1425  0.3 1940  1.4
 9  Su       1218 0253  0.2 0816  1.5 1508  0.3 2024  1.4
10  Mo       1218 0333  0.2 0859  1.5 1549  0.3 2108  1.4
11  Tu       1218 0410  0.2 0941  1.5 1628  0.3 2151  1.4
12  We       1218 0445  0.3 1023  1.5 1706  0.3 2234  1.3
13  Th       1218 0521  0.3 1105  1.4 1746  0.3 2318  1.3
14  Fr       1218 0559  0.3 1149  1.4 1829  0.3 9999  9.9
15  Sa       1218 0003  1.3 0641  0.3 1233  1.4 1914  0.4
16  Su       1218 0051  1.2 0727  0.4 1320  1.3 2003  0.4
17  Mo       1218 0142  1.2 0817  0.4 1408  1.3 2055  0.4
18  Tu       1218 0235  1.2 0911  0.4 1458  1.3 2151  0.4
19  We       1218 0330  1.3 1008  0.4 1549  1.4 2251  0.3
20  Th       1218 0424  1.3 1107  0.4 1641  1.4 2350  0.3
21  Fr       1218 0518  1.4 1207  0.3 1732  1.4 9999  9.9
22  Sa       1218 0047  0.2 0610  1.4 1305  0.3 1823  1.5
23  Su       1218 0141  0.2 0700  1.5 1401  0.2 1915  1.5
24  Mo       1218 0232  0.1 0751  1.6 1456  0.2 2006  1.5
25  Tu       1218 0323  0.1 0841  1.6 1551  0.2 2058  1.5
26  We       1218 0413  0.1 0932  1.7 1644  0.1 2151  1.5
27  Th       1218 0504  0.1 1024  1.7 1738  0.1 2245  1.5
28  Fr       1218 0556  0.1 1117  1.6 1832  0.1 2341  1.5
29  Sa       1218 0648  0.1 1211  1.6 1927  0.2 9999  9.9
30  Su       1218 0039  1.4 0742  0.2 1307  1.5 2023  0.2
31  Mo       1218 0138  1.4 0838  0.2 1403  1.5 2120  0.2
