401Whangaroa
Based on data from  1-Jul-2011
Local Std Time, tidal heights in metres.
 1  Mo        118 0008  0.5 0630  2.6 1237  0.7 1845  2.6
 2  Tu        118 0103  0.4 0724  2.7 1333  0.6 1941  2.6
 3  We        118 0156  0.3 0817  2.8 1428  0.5 2035  2.7
 4  Th        118 0249  0.3 0909  2.8 1522  0.5 2128  2.7
 5  Fr        118 0340  0.3 1000  2.8 1616  0.5 2220  2.6
 6  Sa        118 0431  0.4 1051  2.8 1708  0.5 2312  2.6
 7  Su        118 0522  0.5 1141  2.7 1801  0.6 9999  9.9
 8  Mo        118 0005  2.5 0614  0.6 1233  2.6 1854  0.7
 9  Tu        118 0100  2.4 0708  0.7 1326  2.5 1948  0.8
10  We        118 0158  2.3 0804  0.9 1420  2.4 2043  0.8
11  Th        118 0258  2.2 0903  1.0 1516  2.3 2139  0.8
12  Fr        118 0359  2.2 1003  1.0 1611  2.2 2236  0.9
13  Sa        118 0458  2.2 1101  1.0 1705  2.2 2330  0.8
14  Su        118 0551  2.2 1155  1.0 1757  2.2 9999  9.9
15  Mo        118 0019  0.8 0640  2.3 1244  1.0 1845  2.3
16  Tu        118 0104  0.8 0723  2.4 1328  0.9 1929  2.3
17  We        118 0145  0.7 0804  2.4 1409  0.9 2011  2.3
18  Th        118 0223  0.7 0842  2.5 1448  0.8 2050  2.4
19  Fr        118 0300  0.7 0919  2.5 1527  0.8 2128  2.4
20  Sa        118 0337  0.7 0955  2.5 1604  0.8 2205  2.4
21  Su        118 0413  0.7 1032  2.5 1643  0.8 2244  2.4
22  Mo        118 0451  0.7 1110  2.5 1723  0.8 2325  2.4
23  Tu        118 0532  0.7 1150  2.5 1806  0.8 9999  9.9
24  We        118 0009  2.3 0616  0.8 1234  2.4 1852  0.8
25  Th        118 0059  2.3 0706  0.8 1324  2.4 1943  0.8
26  Fr        118 0156  2.3 0803  0.9 1419  2.4 2040  0.7
27  Sa        118 0259  2.3 0905  0.9 1519  2.4 2141  0.7
28  Su        118 0404  2.3 1012  0.9 1622  2.4 2245  0.7
29  Mo        118 0509  2.4 1117  0.8 1726  2.5 2347  0.6
30  Tu        118 0610  2.6 1219  0.7 1827  2.5 9999  9.9
31  We        118 0045  0.5 0707  2.7 1318  0.6 1925  2.6
 1  Th        218 0140  0.4 0801  2.8 1413  0.6 2021  2.7
 2  Fr        218 0233  0.4 0852  2.8 1506  0.5 2113  2.7
 3  Sa        218 0323  0.4 0941  2.8 1557  0.5 2203  2.7
 4  Su        218 0411  0.4 1029  2.8 1646  0.5 2251  2.6
 5  Mo        218 0459  0.5 1116  2.7 1734  0.6 2340  2.5
 6  Tu        218 0547  0.7 1202  2.6 1822  0.7 9999  9.9
 7  We        218 0029  2.4 0637  0.8 1250  2.5 1910  0.8
 8  Th        218 0121  2.3 0728  0.9 1341  2.3 2001  0.9
 9  Fr        218 0218  2.2 0824  1.0 1434  2.2 2056  0.9
10  Sa        218 0318  2.2 0924  1.1 1531  2.2 2155  1.0
11  Su        218 0419  2.2 1024  1.1 1630  2.2 2254  0.9
12  Mo        218 0517  2.2 1122  1.1 1726  2.2 2348  0.9
13  Tu        218 0609  2.3 1215  1.0 1818  2.2 9999  9.9
14  We        218 0036  0.8 0655  2.3 1301  1.0 1904  2.3
15  Th        218 0119  0.8 0737  2.4 1343  0.9 1947  2.4
16  Fr        218 0158  0.7 0815  2.5 1422  0.8 2026  2.4
17  Sa        218 0235  0.7 0852  2.5 1500  0.8 2104  2.5
18  Su        218 0312  0.7 0928  2.6 1538  0.7 2142  2.5
19  Mo        218 0349  0.7 1005  2.6 1616  0.7 2221  2.5
20  Tu        218 0427  0.7 1043  2.6 1656  0.7 2302  2.5
21  We        218 0508  0.7 1123  2.6 1739  0.7 2346  2.5
22  Th        218 0554  0.8 1208  2.5 1825  0.7 9999  9.9
23  Fr        218 0035  2.4 0644  0.8 1258  2.5 1916  0.7
24  Sa        218 0132  2.4 0741  0.9 1354  2.4 2014  0.8
25  Su        218 0235  2.4 0845  0.9 1457  2.4 2118  0.8
26  Mo        218 0343  2.4 0953  0.9 1604  2.4 2225  0.7
27  Tu        218 0449  2.4 1101  0.9 1710  2.4 2330  0.7
28  We        218 0552  2.5 1205  0.8 1813  2.5 9999  9.9
 1  Th        318 0029  0.6 0649  2.6 1303  0.7 1912  2.6
 2  Fr        318 0124  0.5 0742  2.7 1356  0.6 2005  2.7
 3  Sa        318 0215  0.5 0832  2.8 1446  0.5 2055  2.7
 4  Su        318 0303  0.5 0918  2.8 1534  0.5 2142  2.7
 5  Mo        318 0349  0.5 1003  2.7 1619  0.6 2227  2.6
 6  Tu        318 0434  0.6 1047  2.6 1703  0.6 2311  2.5
 7  We        318 0519  0.7 1130  2.5 1747  0.7 2357  2.5
 8  Th        318 0605  0.8 1214  2.4 1831  0.8 9999  9.9
 9  Fr        318 0044  2.4 0653  1.0 1301  2.3 1919  0.9
10  Sa        318 0137  2.3 0746  1.0 1353  2.2 2012  1.0
11  Su        318 0236  2.2 0844  1.1 1451  2.2 2111  1.0
12  Mo        318 0337  2.2 0945  1.1 1552  2.2 2213  1.0
13  Tu        318 0437  2.2 1045  1.1 1651  2.2 2312  1.0
14  We        318 0532  2.3 1140  1.0 1746  2.2 9999  9.9
15  Th        318 0003  0.9 0619  2.3 1228  1.0 1834  2.3
16  Fr        318 0047  0.9 0702  2.4 1311  0.9 1918  2.4
17  Sa        318 0128  0.8 0742  2.5 1351  0.8 1958  2.5
18  Su        318 0206  0.7 0820  2.6 1430  0.7 2038  2.5
19  Mo        318 0244  0.7 0858  2.6 1509  0.7 2117  2.6
20  Tu        318 0324  0.7 0937  2.7 1549  0.6 2158  2.6
21  We        318 0405  0.7 1017  2.7 1630  0.6 2241  2.6
22  Th        318 0449  0.7 1100  2.6 1715  0.6 2327  2.6
23  Fr        318 0537  0.8 1148  2.6 1803  0.7 9999  9.9
24  Sa        318 0018  2.5 0629  0.8 1240  2.5 1856  0.7
25  Su        318 0115  2.5 0728  0.9 1338  2.4 1955  0.8
26  Mo        318 0219  2.4 0833  0.9 1444  2.4 2101  0.8
27  Tu        318 0327  2.4 0941  0.9 1552  2.4 2209  0.8
28  We        318 0433  2.5 1048  0.9 1658  2.4 2314  0.8
29  Th        318 0534  2.5 1150  0.8 1800  2.5 9999  9.9
30  Fr        318 0013  0.7 0629  2.6 1246  0.7 1856  2.6
31  Sa        318 0106  0.6 0720  2.7 1336  0.6 1947  2.6
 1  Su        418 0155  0.6 0808  2.7 1423  0.6 2035  2.7
 2  Mo        418 0241  0.6 0852  2.7 1507  0.6 2119  2.7
 3  Tu        418 0325  0.7 0935  2.6 1550  0.6 2201  2.6
 4  We        418 0408  0.7 1016  2.6 1631  0.7 2243  2.6
 5  Th        418 0451  0.8 1057  2.5 1712  0.8 2325  2.5
 6  Fr        418 0535  0.9 1140  2.4 1754  0.8 9999  9.9
 7  Sa        418 0010  2.4 0621  1.0 1225  2.3 1840  0.9
 8  Su        418 0059  2.3 0711  1.1 1316  2.2 1931  1.0
 9  Mo        418 0155  2.3 0807  1.1 1412  2.2 2028  1.1
10  Tu        418 0254  2.2 0906  1.1 1512  2.2 2129  1.1
11  We        418 0353  2.2 1004  1.1 1612  2.2 2228  1.0
12  Th        418 0448  2.3 1059  1.0 1708  2.2 2322  1.0
13  Fr        418 0536  2.4 1148  1.0 1758  2.3 9999  9.9
14  Sa        418 0009  0.9 0621  2.4 1233  0.9 1844  2.4
15  Su        418 0052  0.8 0703  2.5 1315  0.8 1927  2.5
16  Mo        418 0134  0.8 0744  2.6 1357  0.7 2010  2.6
17  Tu        418 0216  0.7 0826  2.7 1439  0.6 2053  2.7
18  We        418 0259  0.7 0909  2.7 1522  0.5 2137  2.7
19  Th        418 0344  0.7 0954  2.7 1607  0.5 2223  2.7
20  Fr        418 0432  0.7 1041  2.6 1655  0.6 2311  2.7
21  Sa        418 0524  0.7 1132  2.6 1746  0.6 9999  9.9
22  Su        418 0004  2.6 0620  0.8 1227  2.5 1841  0.7
23  Mo        418 0103  2.5 0720  0.9 1328  2.4 1942  0.8
24  Tu        418 0206  2.5 0824  0.9 1433  2.4 2047  0.8
25  We        418 0311  2.5 0930  0.9 1541  2.4 2153  0.9
26  Th        418 0414  2.5 1033  0.8 1645  2.4 2256  0.8
27  Fr        418 0513  2.5 1132  0.8 1745  2.5 2354  0.8
28  Sa        418 0606  2.6 1225  0.7 1839  2.5 9999  9.9
29  Su        418 0046  0.8 0656  2.6 1313  0.7 1928  2.6
30  Mo        418 0133  0.7 0742  2.6 1358  0.6 2013  2.6
 1  Tu        518 0218  0.7 0825  2.6 1440  0.6 2055  2.6
 2  We        518 0300  0.8 0906  2.5 1520  0.7 2135  2.6
 3  Th        518 0342  0.8 0947  2.5 1600  0.7 2215  2.6
 4  Fr        518 0424  0.9 1027  2.4 1639  0.8 2256  2.5
 5  Sa        518 0507  0.9 1109  2.4 1721  0.8 2339  2.4
 6  Su        518 0552  1.0 1153  2.3 1805  0.9 9999  9.9
 7  Mo        518 0025  2.4 0640  1.0 1241  2.2 1853  1.0
 8  Tu        518 0117  2.3 0732  1.1 1334  2.2 1946  1.0
 9  We        518 0212  2.3 0826  1.1 1432  2.2 2043  1.1
10  Th        518 0307  2.3 0921  1.1 1530  2.2 2141  1.1
11  Fr        518 0400  2.3 1015  1.0 1626  2.2 2236  1.0
12  Sa        518 0450  2.4 1105  0.9 1719  2.3 2326  0.9
13  Su        518 0537  2.5 1153  0.8 1808  2.4 9999  9.9
14  Mo        518 0014  0.9 0623  2.5 1239  0.7 1855  2.6
15  Tu        518 0101  0.8 0710  2.6 1325  0.6 1942  2.7
16  We        518 0148  0.7 0757  2.7 1411  0.5 2029  2.7
17  Th        518 0236  0.7 0845  2.7 1459  0.5 2117  2.8
18  Fr        518 0326  0.6 0934  2.7 1547  0.5 2206  2.8
19  Sa        518 0418  0.7 1025  2.7 1638  0.5 2257  2.7
20  Su        518 0513  0.7 1119  2.6 1731  0.6 2352  2.7
21  Mo        518 0610  0.7 1215  2.5 1827  0.7 9999  9.9
22  Tu        518 0050  2.6 0710  0.8 1316  2.4 1927  0.8
23  We        518 0151  2.6 0811  0.8 1420  2.4 2030  0.8
24  Th        518 0252  2.5 0913  0.8 1525  2.4 2134  0.9
25  Fr        518 0352  2.5 1013  0.8 1628  2.4 2235  0.9
26  Sa        518 0448  2.5 1110  0.8 1726  2.4 2332  0.9
27  Su        518 0540  2.5 1201  0.7 1818  2.5 9999  9.9
28  Mo        518 0023  0.9 0629  2.5 1248  0.7 1906  2.5
29  Tu        518 0110  0.9 0715  2.5 1332  0.7 1950  2.5
30  We        518 0155  0.9 0758  2.5 1413  0.7 2031  2.6
31  Th        518 0237  0.9 0840  2.5 1453  0.7 2111  2.6
 1  Fr        618 0318  0.9 0920  2.4 1532  0.7 2150  2.5
 2  Sa        618 0359  0.9 1000  2.4 1611  0.8 2230  2.5
 3  Su        618 0441  0.9 1041  2.3 1651  0.8 2311  2.5
 4  Mo        618 0524  1.0 1124  2.3 1734  0.9 2354  2.4
 5  Tu        618 0609  1.0 1209  2.3 1818  0.9 9999  9.9
 6  We        618 0041  2.4 0657  1.0 1258  2.2 1907  1.0
 7  Th        618 0130  2.3 0746  1.0 1351  2.2 1959  1.0
 8  Fr        618 0221  2.3 0838  1.0 1447  2.2 2054  1.0
 9  Sa        618 0313  2.4 0930  0.9 1544  2.3 2150  1.0
10  Su        618 0404  2.4 1023  0.8 1640  2.3 2245  0.9
11  Mo        618 0456  2.5 1115  0.7 1733  2.4 2339  0.9
12  Tu        618 0547  2.5 1206  0.6 1826  2.6 9999  9.9
13  We        618 0032  0.8 0639  2.6 1257  0.5 1917  2.7
14  Th        618 0124  0.7 0731  2.7 1347  0.5 2008  2.8
15  Fr        618 0216  0.6 0824  2.7 1438  0.4 2059  2.8
16  Sa        618 0310  0.6 0917  2.7 1529  0.4 2150  2.8
17  Su        618 0404  0.6 1010  2.7 1622  0.5 2242  2.8
18  Mo        618 0459  0.6 1104  2.6 1715  0.5 2336  2.7
19  Tu        618 0556  0.7 1201  2.5 1811  0.6 9999  9.9
20  We        618 0032  2.7 0653  0.7 1259  2.5 1908  0.7
21  Th        618 0129  2.6 0751  0.8 1400  2.4 2008  0.8
22  Fr        618 0227  2.5 0849  0.8 1503  2.3 2109  0.9
23  Sa        618 0324  2.5 0947  0.8 1604  2.3 2209  0.9
24  Su        618 0419  2.4 1042  0.8 1702  2.4 2306  1.0
25  Mo        618 0512  2.4 1135  0.8 1755  2.4 2359  1.0
26  Tu        618 0602  2.4 1223  0.8 1843  2.4 9999  9.9
27  We        618 0047  0.9 0649  2.4 1308  0.7 1927  2.5
28  Th        618 0132  0.9 0734  2.4 1349  0.7 2009  2.5
29  Fr        618 0214  0.9 0816  2.4 1429  0.7 2048  2.5
30  Sa        618 0255  0.9 0857  2.4 1508  0.7 2127  2.5
 1  Su        718 0335  0.9 0936  2.4 1546  0.7 2205  2.5
 2  Mo        718 0416  0.9 1016  2.4 1625  0.8 2244  2.5
 3  Tu        718 0457  0.9 1056  2.3 1704  0.8 2324  2.4
 4  We        718 0538  0.9 1138  2.3 1746  0.9 9999  9.9
 5  Th        718 0006  2.4 0622  0.9 1223  2.3 1830  0.9
 6  Fr        718 0050  2.4 0708  0.9 1312  2.2 1919  1.0
 7  Sa        718 0138  2.4 0756  0.9 1407  2.2 2012  1.0
 8  Su        718 0230  2.4 0849  0.9 1505  2.3 2110  1.0
 9  Mo        718 0324  2.4 0944  0.8 1604  2.3 2210  0.9
10  Tu        718 0420  2.4 1041  0.7 1703  2.4 2309  0.9
11  We        718 0517  2.5 1138  0.6 1800  2.5 9999  9.9
12  Th        718 0007  0.8 0615  2.6 1233  0.5 1855  2.7
13  Fr        718 0104  0.7 0711  2.6 1327  0.4 1948  2.8
14  Sa        718 0159  0.6 0807  2.7 1420  0.4 2041  2.8
15  Su        718 0254  0.5 0901  2.7 1512  0.4 2133  2.9
16  Mo        718 0348  0.5 0954  2.7 1604  0.4 2224  2.8
17  Tu        718 0442  0.5 1047  2.6 1657  0.5 2316  2.8
18  We        718 0535  0.6 1141  2.6 1750  0.6 9999  9.9
19  Th        718 0008  2.7 0629  0.6 1236  2.5 1844  0.7
20  Fr        718 0101  2.6 0723  0.7 1334  2.4 1941  0.8
21  Sa        718 0156  2.5 0818  0.8 1434  2.3 2040  0.9
22  Su        718 0252  2.4 0914  0.8 1534  2.3 2140  1.0
23  Mo        718 0348  2.3 1011  0.8 1633  2.3 2238  1.0
24  Tu        718 0443  2.3 1106  0.8 1728  2.3 2334  1.0
25  We        718 0536  2.3 1157  0.8 1818  2.4 9999  9.9
26  Th        718 0024  1.0 0626  2.3 1244  0.8 1904  2.4
27  Fr        718 0110  0.9 0712  2.3 1327  0.7 1945  2.4
28  Sa        718 0152  0.9 0754  2.3 1407  0.7 2025  2.5
29  Su        718 0232  0.8 0835  2.4 1445  0.7 2103  2.5
30  Mo        718 0311  0.8 0913  2.4 1522  0.7 2139  2.5
31  Tu        718 0349  0.8 0951  2.4 1558  0.7 2216  2.5
 1  We        818 0427  0.8 1029  2.4 1636  0.7 2253  2.5
 2  Th        818 0507  0.8 1109  2.4 1715  0.8 2332  2.5
 3  Fr        818 0547  0.8 1151  2.3 1758  0.8 9999  9.9
 4  Sa        818 0014  2.4 0631  0.8 1239  2.3 1845  0.9
 5  Su        818 0101  2.4 0719  0.8 1332  2.3 1939  0.9
 6  Mo        818 0153  2.4 0813  0.8 1431  2.3 2039  0.9
 7  Tu        818 0251  2.4 0912  0.8 1535  2.3 2143  0.9
 8  We        818 0353  2.4 1014  0.7 1638  2.4 2247  0.8
 9  Th        818 0455  2.4 1116  0.6 1739  2.5 2349  0.7
10  Fr        818 0557  2.5 1215  0.5 1836  2.6 9999  9.9
11  Sa        818 0047  0.6 0655  2.6 1310  0.4 1930  2.7
12  Su        818 0143  0.5 0751  2.7 1403  0.4 2023  2.8
13  Mo        818 0237  0.5 0845  2.7 1455  0.3 2113  2.8
14  Tu        818 0329  0.4 0936  2.7 1545  0.4 2202  2.8
15  We        818 0419  0.5 1027  2.7 1635  0.5 2251  2.7
16  Th        818 0509  0.5 1117  2.6 1725  0.6 2339  2.6
17  Fr        818 0559  0.6 1208  2.5 1816  0.7 9999  9.9
18  Sa        818 0029  2.5 0649  0.7 1301  2.4 1910  0.8
19  Su        818 0121  2.4 0741  0.8 1358  2.3 2006  0.9
20  Mo        818 0216  2.3 0836  0.9 1459  2.2 2107  1.0
21  Tu        818 0314  2.2 0935  0.9 1600  2.2 2208  1.0
22  We        818 0413  2.2 1034  0.9 1658  2.2 2306  1.0
23  Th        818 0509  2.2 1130  0.9 1750  2.3 2358  1.0
24  Fr        818 0601  2.2 1219  0.8 1837  2.3 9999  9.9
25  Sa        818 0045  0.9 0649  2.3 1303  0.8 1919  2.4
26  Su        818 0127  0.8 0732  2.3 1342  0.7 1958  2.5
27  Mo        818 0206  0.8 0811  2.4 1420  0.7 2035  2.5
28  Tu        818 0244  0.7 0849  2.4 1456  0.7 2110  2.5
29  We        818 0320  0.7 0926  2.4 1531  0.7 2146  2.5
30  Th        818 0357  0.7 1003  2.4 1609  0.7 2222  2.5
31  Fr        818 0435  0.7 1042  2.4 1648  0.7 2301  2.5
 1  Sa        918 0516  0.7 1124  2.4 1731  0.8 2344  2.4
 2  Su        918 0600  0.7 1211  2.4 1819  0.8 9999  9.9
 3  Mo        918 0031  2.4 0649  0.7 1304  2.3 1914  0.9
 4  Tu        918 0126  2.3 0744  0.7 1405  2.3 2016  0.9
 5  We        918 0227  2.3 0846  0.7 1512  2.3 2123  0.9
 6  Th        918 0333  2.3 0953  0.7 1618  2.4 2231  0.8
 7  Fr        918 0440  2.4 1058  0.6 1721  2.5 2334  0.7
 8  Sa        918 0543  2.5 1159  0.5 1818  2.6 9999  9.9
 9  Su        918 0033  0.6 0642  2.5 1254  0.4 1912  2.7
10  Mo        918 0127  0.5 0737  2.6 1346  0.4 2002  2.8
11  Tu        918 0218  0.4 0828  2.7 1436  0.4 2051  2.8
12  We        918 0306  0.4 0917  2.7 1524  0.4 2137  2.7
13  Th        918 0353  0.4 1004  2.6 1611  0.5 2223  2.7
14  Fr        918 0439  0.5 1050  2.6 1658  0.6 2308  2.5
15  Sa        918 0525  0.6 1137  2.5 1746  0.7 2354  2.4
16  Su        918 0612  0.7 1226  2.4 1837  0.8 9999  9.9
17  Mo        918 0043  2.3 0701  0.8 1320  2.3 1931  0.9
18  Tu        918 0137  2.2 0755  0.9 1419  2.2 2031  1.0
19  We        918 0236  2.1 0855  0.9 1522  2.2 2133  1.0
20  Th        918 0339  2.1 0958  0.9 1622  2.2 2233  1.0
21  Fr        918 0439  2.1 1057  0.9 1717  2.2 2327  0.9
22  Sa        918 0533  2.2 1149  0.8 1804  2.3 9999  9.9
23  Su        918 0015  0.9 0622  2.2 1233  0.8 1847  2.4
24  Mo        918 0057  0.8 0705  2.3 1314  0.7 1926  2.4
25  Tu        918 0136  0.7 0744  2.4 1351  0.7 2003  2.5
26  We        918 0213  0.6 0822  2.4 1428  0.6 2039  2.5
27  Th        918 0250  0.6 0900  2.5 1505  0.6 2116  2.5
28  Fr        918 0328  0.5 0938  2.5 1544  0.6 2154  2.5
29  Sa        918 0407  0.5 1019  2.5 1625  0.6 2235  2.5
30  Su        918 0449  0.5 1102  2.5 1711  0.7 2320  2.4
 1  Mo       1018 0535  0.6 1150  2.4 1801  0.8 9999  9.9
 2  Tu       1018 0010  2.4 0625  0.6 1245  2.4 1858  0.8
 3  We       1018 0107  2.3 0723  0.7 1347  2.3 2002  0.9
 4  Th       1018 0211  2.3 0827  0.7 1454  2.3 2110  0.8
 5  Fr       1018 0320  2.3 0935  0.7 1601  2.4 2217  0.8
 6  Sa       1018 0428  2.3 1042  0.7 1703  2.5 2320  0.7
 7  Su       1018 0531  2.4 1143  0.6 1759  2.6 9999  9.9
 8  Mo       1018 0017  0.6 0628  2.5 1238  0.5 1852  2.6
 9  Tu       1018 0109  0.5 0721  2.6 1328  0.5 1940  2.7
10  We       1018 0157  0.4 0810  2.6 1416  0.5 2027  2.7
11  Th       1018 0243  0.4 0856  2.6 1502  0.5 2111  2.6
12  Fr       1018 0327  0.4 0940  2.6 1547  0.6 2154  2.6
13  Sa       1018 0409  0.5 1024  2.5 1631  0.6 2237  2.5
14  Su       1018 0452  0.6 1107  2.5 1717  0.7 2321  2.3
15  Mo       1018 0535  0.7 1153  2.4 1805  0.8 9999  9.9
16  Tu       1018 0008  2.2 0622  0.8 1243  2.3 1857  0.9
17  We       1018 0059  2.1 0714  0.9 1339  2.2 1953  1.0
18  Th       1018 0157  2.1 0812  0.9 1439  2.2 2054  1.0
19  Fr       1018 0259  2.0 0914  1.0 1540  2.2 2154  1.0
20  Sa       1018 0401  2.1 1015  0.9 1635  2.2 2249  0.9
21  Su       1018 0458  2.1 1110  0.9 1724  2.3 2338  0.8
22  Mo       1018 0548  2.2 1157  0.8 1808  2.3 9999  9.9
23  Tu       1018 0022  0.7 0633  2.3 1239  0.8 1849  2.4
24  We       1018 0102  0.6 0714  2.4 1319  0.7 1928  2.5
25  Th       1018 0141  0.6 0754  2.5 1359  0.6 2007  2.5
26  Fr       1018 0220  0.5 0835  2.5 1439  0.6 2048  2.5
27  Sa       1018 0301  0.4 0916  2.6 1522  0.6 2130  2.6
28  Su       1018 0343  0.4 0959  2.6 1607  0.6 2214  2.5
29  Mo       1018 0428  0.4 1045  2.6 1656  0.6 2302  2.5
30  Tu       1018 0516  0.5 1135  2.5 1749  0.7 2355  2.4
31  We       1018 0608  0.6 1230  2.5 1847  0.8 9999  9.9
 1  Th       1118 0053  2.3 0707  0.7 1332  2.4 1951  0.8
 2  Fr       1118 0158  2.3 0811  0.7 1437  2.4 2057  0.8
 3  Sa       1118 0307  2.2 0918  0.7 1542  2.4 2202  0.7
 4  Su       1118 0414  2.3 1024  0.7 1642  2.4 2303  0.7
 5  Mo       1118 0517  2.4 1125  0.7 1738  2.5 2359  0.6
 6  Tu       1118 0613  2.4 1219  0.6 1829  2.5 9999  9.9
 7  We       1118 0049  0.5 0704  2.5 1309  0.6 1917  2.6
 8  Th       1118 0136  0.5 0751  2.6 1356  0.6 2003  2.5
 9  Fr       1118 0219  0.4 0836  2.6 1441  0.6 2046  2.5
10  Sa       1118 0301  0.5 0918  2.6 1524  0.6 2128  2.5
11  Su       1118 0342  0.5 0959  2.5 1607  0.7 2210  2.4
12  Mo       1118 0422  0.6 1040  2.5 1650  0.8 2252  2.3
13  Tu       1118 0504  0.7 1123  2.4 1736  0.8 2336  2.2
14  We       1118 0547  0.8 1209  2.3 1824  0.9 9999  9.9
15  Th       1118 0023  2.1 0635  0.8 1300  2.2 1916  1.0
16  Fr       1118 0116  2.1 0728  0.9 1355  2.2 2011  1.0
17  Sa       1118 0215  2.0 0826  1.0 1451  2.2 2108  1.0
18  Su       1118 0316  2.0 0925  1.0 1546  2.2 2203  0.9
19  Mo       1118 0414  2.1 1022  0.9 1636  2.2 2254  0.8
20  Tu       1118 0508  2.2 1113  0.9 1723  2.3 2341  0.7
21  We       1118 0556  2.3 1201  0.8 1808  2.4 9999  9.9
22  Th       1118 0026  0.6 0642  2.4 1246  0.7 1852  2.5
23  Fr       1118 0109  0.5 0726  2.5 1330  0.7 1937  2.5
24  Sa       1118 0152  0.4 0810  2.6 1416  0.6 2022  2.6
25  Su       1118 0237  0.4 0855  2.6 1503  0.6 2109  2.6
26  Mo       1118 0323  0.4 0942  2.7 1552  0.6 2158  2.6
27  Tu       1118 0410  0.4 1030  2.7 1644  0.6 2249  2.5
28  We       1118 0501  0.4 1122  2.6 1738  0.6 2342  2.4
29  Th       1118 0554  0.5 1217  2.6 1836  0.7 9999  9.9
30  Fr       1118 0041  2.4 0652  0.6 1316  2.5 1937  0.7
 1  Sa       1218 0143  2.3 0753  0.7 1417  2.4 2040  0.7
 2  Su       1218 0250  2.3 0858  0.8 1519  2.4 2142  0.7
 3  Mo       1218 0356  2.3 1002  0.8 1618  2.4 2242  0.7
 4  Tu       1218 0458  2.3 1103  0.8 1714  2.4 2337  0.6
 5  We       1218 0555  2.4 1159  0.8 1806  2.4 9999  9.9
 6  Th       1218 0028  0.6 0646  2.4 1250  0.7 1854  2.4
 7  Fr       1218 0114  0.6 0733  2.5 1337  0.7 1940  2.4
 8  Sa       1218 0157  0.5 0816  2.5 1421  0.7 2024  2.4
 9  Su       1218 0238  0.5 0857  2.5 1503  0.7 2105  2.4
10  Mo       1218 0318  0.6 0937  2.5 1545  0.8 2146  2.3
11  Tu       1218 0357  0.6 1017  2.5 1627  0.8 2226  2.3
12  We       1218 0437  0.7 1057  2.4 1709  0.8 2308  2.2
13  Th       1218 0517  0.7 1139  2.4 1753  0.9 2351  2.2
14  Fr       1218 0601  0.8 1223  2.3 1839  0.9 9999  9.9
15  Sa       1218 0038  2.1 0647  0.9 1311  2.3 1928  0.9
16  Su       1218 0130  2.1 0737  0.9 1401  2.2 2019  0.9
17  Mo       1218 0226  2.1 0832  1.0 1453  2.2 2112  0.9
18  Tu       1218 0325  2.1 0929  1.0 1545  2.2 2205  0.8
19  We       1218 0422  2.2 1026  0.9 1637  2.3 2258  0.8
20  Th       1218 0517  2.3 1121  0.9 1728  2.4 2349  0.6
21  Fr       1218 0609  2.4 1213  0.8 1819  2.4 9999  9.9
22  Sa       1218 0038  0.5 0659  2.5 1304  0.7 1910  2.5
23  Su       1218 0127  0.4 0748  2.6 1355  0.6 2001  2.6
24  Mo       1218 0216  0.4 0837  2.7 1446  0.6 2052  2.6
25  Tu       1218 0305  0.3 0926  2.8 1538  0.5 2144  2.6
26  We       1218 0355  0.3 1016  2.8 1631  0.5 2236  2.6
27  Th       1218 0446  0.4 1107  2.7 1725  0.6 2329  2.5
28  Fr       1218 0539  0.5 1200  2.7 1821  0.6 9999  9.9
29  Sa       1218 0025  2.4 0634  0.6 1255  2.6 1917  0.6
30  Su       1218 0125  2.4 0732  0.7 1353  2.5 2016  0.7
31  Mo       1218 0228  2.3 0834  0.8 1451  2.4 2115  0.7
