407Charleston
Based on data from  1-Jan-2003
Local Std Time, tidal heights in metres.
 1  Tu        119 0044  0.9 0659  2.8 1313  1.0 1928  2.9
 2  We        119 0143  0.9 0757  2.9 1410  0.9 2023  2.9
 3  Th        119 0237  0.9 0849  2.9 1501  0.9 2113  3.0
 4  Fr        119 0324  0.9 0935  3.0 1546  0.8 2157  3.0
 5  Sa        119 0407  0.8 1016  3.0 1627  0.8 2238  3.0
 6  Su        119 0446  0.8 1054  3.1 1705  0.7 2316  3.0
 7  Mo        119 0523  0.8 1131  3.1 1742  0.7 2352  3.0
 8  Tu        119 0558  0.8 1206  3.1 1819  0.7 9999  9.9
 9  We        119 0029  3.0 0634  0.8 1242  3.1 1855  0.8
10  Th        119 0105  3.0 0710  0.9 1318  3.0 1933  0.9
11  Fr        119 0142  2.9 0747  0.9 1357  2.9 2012  0.9
12  Sa        119 0221  2.8 0826  1.0 1438  2.8 2055  1.0
13  Su        119 0304  2.8 0911  1.1 1526  2.8 2143  1.1
14  Mo        119 0354  2.7 1004  1.2 1621  2.7 2238  1.1
15  Tu        119 0452  2.7 1105  1.2 1722  2.7 2339  1.1
16  We        119 0554  2.7 1210  1.1 1825  2.8 9999  9.9
17  Th        119 0041  1.1 0657  2.8 1312  1.0 1926  2.9
18  Fr        119 0141  0.9 0756  2.9 1410  0.8 2024  3.0
19  Sa        119 0238  0.8 0852  3.1 1505  0.6 2119  3.2
20  Su        119 0332  0.6 0944  3.3 1558  0.5 2212  3.3
21  Mo        119 0424  0.5 1035  3.4 1649  0.3 2303  3.4
22  Tu        119 0513  0.4 1124  3.5 1740  0.3 2354  3.5
23  We        119 0603  0.3 1214  3.6 1830  0.3 9999  9.9
24  Th        119 0044  3.5 0652  0.4 1304  3.5 1921  0.3
25  Fr        119 0134  3.4 0742  0.5 1356  3.4 2014  0.5
26  Sa        119 0226  3.3 0835  0.6 1450  3.2 2108  0.6
27  Su        119 0320  3.1 0932  0.8 1549  3.1 2206  0.8
28  Mo        119 0419  2.9 1033  0.9 1651  2.9 2307  1.0
29  Tu        119 0522  2.8 1138  1.0 1755  2.8 9999  9.9
30  We        119 0011  1.1 0627  2.7 1244  1.1 1900  2.7
31  Th        119 0115  1.1 0731  2.7 1346  1.1 2000  2.7
 1  Fr        219 0214  1.1 0827  2.8 1441  1.0 2054  2.8
 2  Sa        219 0305  1.0 0916  2.9 1528  0.9 2140  2.9
 3  Su        219 0349  0.9 0958  3.0 1610  0.8 2221  3.0
 4  Mo        219 0428  0.9 1036  3.0 1647  0.8 2257  3.0
 5  Tu        219 0503  0.8 1111  3.1 1722  0.7 2332  3.1
 6  We        219 0537  0.7 1144  3.1 1756  0.7 9999  9.9
 7  Th        219 0006  3.1 0610  0.7 1217  3.1 1830  0.7
 8  Fr        219 0039  3.1 0643  0.8 1251  3.1 1903  0.7
 9  Sa        219 0112  3.0 0716  0.8 1325  3.0 1938  0.8
10  Su        219 0146  3.0 0751  0.9 1401  3.0 2015  0.9
11  Mo        219 0224  2.9 0831  1.0 1443  2.9 2058  1.0
12  Tu        219 0308  2.8 0918  1.1 1534  2.8 2150  1.1
13  We        219 0402  2.7 1018  1.1 1637  2.7 2253  1.1
14  Th        219 0510  2.7 1129  1.1 1748  2.7 9999  9.9
15  Fr        219 0004  1.1 0623  2.7 1242  1.0 1859  2.8
16  Sa        219 0115  1.0 0731  2.9 1348  0.9 2004  3.0
17  Su        219 0219  0.8 0833  3.1 1449  0.7 2104  3.2
18  Mo        219 0316  0.6 0928  3.3 1544  0.4 2158  3.3
19  Tu        219 0409  0.5 1020  3.5 1635  0.3 2249  3.5
20  We        219 0458  0.3 1109  3.6 1725  0.2 2338  3.6
21  Th        219 0546  0.3 1157  3.6 1813  0.2 9999  9.9
22  Fr        219 0025  3.5 0633  0.3 1245  3.6 1901  0.3
23  Sa        219 0112  3.5 0720  0.4 1334  3.5 1949  0.4
24  Su        219 0200  3.3 0809  0.6 1424  3.3 2039  0.6
25  Mo        219 0249  3.1 0901  0.8 1517  3.0 2132  0.9
26  Tu        219 0344  2.9 0959  1.0 1616  2.8 2230  1.1
27  We        219 0445  2.7 1104  1.1 1721  2.7 2335  1.2
28  Th        219 0552  2.6 1213  1.2 1829  2.6 9999  9.9
 1  Fr        319 0043  1.2 0700  2.6 1319  1.2 1933  2.6
 2  Sa        319 0146  1.2 0801  2.7 1417  1.1 2030  2.7
 3  Su        319 0240  1.1 0852  2.8 1505  1.0 2117  2.8
 4  Mo        319 0325  1.0 0934  2.9 1546  0.9 2157  2.9
 5  Tu        319 0404  0.9 1011  3.0 1623  0.8 2233  3.0
 6  We        319 0439  0.8 1045  3.1 1657  0.7 2307  3.1
 7  Th        319 0511  0.7 1118  3.2 1729  0.6 2339  3.1
 8  Fr        319 0543  0.7 1150  3.2 1801  0.6 9999  9.9
 9  Sa        319 0010  3.1 0614  0.7 1222  3.2 1834  0.7
10  Su        319 0042  3.1 0646  0.7 1255  3.1 1907  0.7
11  Mo        319 0115  3.0 0721  0.8 1331  3.0 1943  0.8
12  Tu        319 0151  3.0 0800  0.9 1413  2.9 2025  0.9
13  We        319 0235  2.9 0847  1.0 1503  2.8 2116  1.0
14  Th        319 0329  2.8 0948  1.1 1607  2.7 2222  1.1
15  Fr        319 0440  2.7 1103  1.1 1723  2.7 2339  1.1
16  Sa        319 0559  2.8 1221  1.0 1840  2.8 9999  9.9
17  Su        319 0055  1.0 0712  2.9 1331  0.8 1948  3.0
18  Mo        319 0201  0.8 0816  3.1 1433  0.6 2048  3.2
19  Tu        319 0259  0.6 0912  3.3 1528  0.4 2142  3.3
20  We        319 0352  0.4 1003  3.5 1618  0.3 2231  3.5
21  Th        319 0440  0.3 1051  3.6 1706  0.2 2318  3.6
22  Fr        319 0526  0.3 1137  3.6 1752  0.2 9999  9.9
23  Sa        319 0003  3.5 0611  0.3 1223  3.6 1837  0.3
24  Su        319 0047  3.4 0656  0.4 1309  3.4 1922  0.5
25  Mo        319 0132  3.3 0742  0.6 1356  3.2 2008  0.7
26  Tu        319 0218  3.1 0831  0.8 1446  3.0 2058  0.9
27  We        319 0309  2.9 0926  1.0 1542  2.8 2153  1.1
28  Th        319 0408  2.7 1029  1.1 1645  2.6 2257  1.2
29  Fr        319 0515  2.6 1138  1.2 1753  2.5 9999  9.9
30  Sa        319 0006  1.3 0624  2.6 1244  1.2 1859  2.6
31  Su        319 0111  1.3 0726  2.7 1342  1.1 1956  2.7
 1  Mo        419 0206  1.2 0818  2.8 1432  1.0 2044  2.8
 2  Tu        419 0252  1.0 0901  2.9 1513  0.9 2125  2.9
 3  We        419 0332  0.9 0939  3.0 1551  0.8 2201  3.0
 4  Th        419 0407  0.8 1014  3.1 1625  0.7 2235  3.1
 5  Fr        419 0440  0.7 1047  3.2 1659  0.6 2308  3.2
 6  Sa        419 0513  0.7 1120  3.2 1732  0.6 2340  3.2
 7  Su        419 0545  0.6 1154  3.2 1805  0.6 9999  9.9
 8  Mo        419 0013  3.2 0619  0.7 1229  3.2 1841  0.7
 9  Tu        419 0049  3.1 0657  0.7 1308  3.1 1919  0.8
10  We        419 0128  3.0 0739  0.8 1352  3.0 2004  0.9
11  Th        419 0214  2.9 0829  0.9 1446  2.9 2058  1.0
12  Fr        419 0312  2.8 0933  1.0 1553  2.8 2206  1.1
13  Sa        419 0425  2.8 1050  1.0 1709  2.8 2324  1.1
14  Su        419 0543  2.8 1206  1.0 1824  2.8 9999  9.9
15  Mo        419 0038  1.0 0655  3.0 1315  0.8 1931  3.0
16  Tu        419 0143  0.8 0757  3.1 1415  0.6 2030  3.1
17  We        419 0240  0.6 0853  3.3 1509  0.5 2122  3.3
18  Th        419 0332  0.5 0943  3.4 1558  0.4 2211  3.4
19  Fr        419 0419  0.4 1030  3.5 1645  0.3 2256  3.5
20  Sa        419 0504  0.3 1116  3.5 1729  0.3 2339  3.4
21  Su        419 0548  0.4 1200  3.4 1812  0.4 9999  9.9
22  Mo        419 0022  3.4 0632  0.5 1244  3.3 1855  0.6
23  Tu        419 0104  3.2 0716  0.6 1329  3.1 1939  0.8
24  We        419 0149  3.0 0803  0.8 1417  2.9 2025  0.9
25  Th        419 0237  2.9 0855  1.0 1509  2.8 2118  1.1
26  Fr        419 0333  2.7 0954  1.1 1609  2.6 2218  1.2
27  Sa        419 0436  2.6 1059  1.2 1713  2.6 2324  1.3
28  Su        419 0542  2.6 1202  1.2 1816  2.6 9999  9.9
29  Mo        419 0027  1.3 0643  2.6 1259  1.2 1913  2.6
30  Tu        419 0123  1.2 0735  2.7 1349  1.0 2002  2.7
 1  We        519 0211  1.1 0820  2.9 1433  0.9 2045  2.9
 2  Th        519 0253  0.9 0900  3.0 1513  0.8 2124  3.0
 3  Fr        519 0331  0.8 0938  3.1 1550  0.7 2200  3.1
 4  Sa        519 0407  0.7 1014  3.2 1626  0.7 2236  3.2
 5  Su        519 0442  0.7 1051  3.2 1703  0.6 2312  3.2
 6  Mo        519 0519  0.6 1129  3.2 1740  0.6 2349  3.2
 7  Tu        519 0557  0.6 1209  3.2 1820  0.7 9999  9.9
 8  We        519 0029  3.2 0639  0.7 1253  3.1 1903  0.7
 9  Th        519 0113  3.1 0727  0.7 1342  3.0 1952  0.8
10  Fr        519 0204  3.0 0822  0.8 1439  2.9 2049  0.9
11  Sa        519 0304  2.9 0928  0.9 1545  2.9 2157  1.0
12  Su        519 0416  2.9 1040  0.9 1657  2.8 2310  1.0
13  Mo        519 0529  2.9 1151  0.9 1807  2.9 9999  9.9
14  Tu        519 0020  0.9 0636  3.0 1255  0.8 1911  3.0
15  We        519 0123  0.8 0737  3.1 1354  0.7 2009  3.1
16  Th        519 0219  0.7 0832  3.2 1448  0.6 2101  3.2
17  Fr        519 0311  0.6 0922  3.3 1537  0.5 2149  3.3
18  Sa        519 0358  0.5 1010  3.4 1623  0.5 2234  3.3
19  Su        519 0443  0.5 1055  3.3 1707  0.5 2316  3.3
20  Mo        519 0526  0.5 1138  3.3 1749  0.6 2358  3.2
21  Tu        519 0609  0.6 1221  3.2 1830  0.7 9999  9.9
22  We        519 0039  3.1 0652  0.7 1304  3.0 1912  0.8
23  Th        519 0122  3.0 0737  0.8 1349  2.9 1956  0.9
24  Fr        519 0208  2.9 0825  1.0 1438  2.8 2044  1.1
25  Sa        519 0258  2.8 0919  1.1 1531  2.7 2139  1.2
26  Su        519 0355  2.7 1016  1.2 1628  2.6 2238  1.2
27  Mo        519 0455  2.6 1114  1.2 1727  2.6 2338  1.2
28  Tu        519 0553  2.7 1209  1.1 1823  2.6 9999  9.9
29  We        519 0034  1.2 0646  2.7 1300  1.1 1914  2.7
30  Th        519 0124  1.1 0734  2.8 1348  1.0 2001  2.8
31  Fr        519 0210  1.0 0819  2.9 1432  0.9 2044  2.9
 1  Sa        619 0252  0.9 0901  3.0 1514  0.8 2125  3.0
 2  Su        619 0333  0.7 0943  3.1 1555  0.7 2206  3.1
 3  Mo        619 0414  0.7 1025  3.2 1637  0.6 2247  3.2
 4  Tu        619 0456  0.6 1108  3.2 1720  0.6 2329  3.3
 5  We        619 0541  0.6 1154  3.2 1804  0.6 9999  9.9
 6  Th        619 0014  3.3 0628  0.6 1242  3.2 1852  0.6
 7  Fr        619 0103  3.2 0719  0.6 1335  3.1 1944  0.7
 8  Sa        619 0156  3.1 0816  0.7 1432  3.1 2041  0.8
 9  Su        619 0257  3.1 0919  0.8 1534  3.0 2145  0.9
10  Mo        619 0403  3.0 1025  0.8 1640  2.9 2252  0.9
11  Tu        619 0510  3.0 1130  0.8 1745  2.9 2358  0.9
12  We        619 0615  3.0 1233  0.8 1848  2.9 9999  9.9
13  Th        619 0101  0.9 0715  3.1 1332  0.8 1946  3.0
14  Fr        619 0158  0.8 0811  3.1 1426  0.7 2040  3.1
15  Sa        619 0251  0.7 0903  3.1 1517  0.7 2129  3.1
16  Su        619 0339  0.7 0951  3.2 1603  0.7 2214  3.2
17  Mo        619 0424  0.6 1036  3.2 1647  0.7 2256  3.2
18  Tu        619 0507  0.7 1119  3.1 1728  0.7 2337  3.1
19  We        619 0549  0.7 1201  3.1 1808  0.8 9999  9.9
20  Th        619 0017  3.1 0630  0.8 1242  3.0 1848  0.8
21  Fr        619 0057  3.0 0712  0.8 1323  2.9 1928  0.9
22  Sa        619 0139  2.9 0755  0.9 1406  2.8 2011  1.0
23  Su        619 0223  2.8 0841  1.0 1451  2.8 2057  1.1
24  Mo        619 0311  2.8 0930  1.1 1540  2.7 2148  1.2
25  Tu        619 0404  2.7 1021  1.1 1633  2.6 2244  1.2
26  We        619 0459  2.7 1115  1.1 1728  2.6 2340  1.2
27  Th        619 0554  2.7 1209  1.1 1823  2.7 9999  9.9
28  Fr        619 0035  1.1 0647  2.8 1301  1.0 1915  2.8
29  Sa        619 0127  1.0 0738  2.9 1352  1.0 2005  2.9
30  Su        619 0216  0.9 0827  3.0 1441  0.8 2053  3.0
 1  Mo        719 0304  0.8 0916  3.1 1529  0.7 2140  3.1
 2  Tu        719 0351  0.6 1004  3.2 1616  0.6 2226  3.3
 3  We        719 0439  0.5 1052  3.3 1703  0.5 2313  3.3
 4  Th        719 0527  0.5 1141  3.3 1751  0.5 9999  9.9
 5  Fr        719 0002  3.4 0617  0.4 1232  3.3 1840  0.5
 6  Sa        719 0052  3.4 0709  0.5 1324  3.3 1932  0.6
 7  Su        719 0145  3.3 0804  0.5 1418  3.2 2027  0.7
 8  Mo        719 0242  3.2 0902  0.6 1516  3.1 2126  0.8
 9  Tu        719 0343  3.1 1003  0.7 1616  3.0 2229  0.9
10  We        719 0447  3.0 1105  0.8 1719  2.9 2334  0.9
11  Th        719 0551  3.0 1208  0.9 1823  2.9 9999  9.9
12  Fr        719 0038  0.9 0653  2.9 1309  0.9 1924  2.9
13  Sa        719 0138  0.9 0752  2.9 1407  0.9 2020  2.9
14  Su        719 0234  0.9 0847  3.0 1459  0.9 2111  3.0
15  Mo        719 0324  0.8 0936  3.0 1547  0.8 2157  3.0
16  Tu        719 0409  0.8 1021  3.0 1630  0.8 2239  3.1
17  We        719 0451  0.7 1102  3.0 1709  0.8 2318  3.1
18  Th        719 0530  0.7 1141  3.0 1747  0.8 2355  3.1
19  Fr        719 0608  0.7 1218  3.0 1823  0.8 9999  9.9
20  Sa        719 0032  3.1 0645  0.8 1255  3.0 1859  0.8
21  Su        719 0108  3.0 0723  0.8 1332  2.9 1937  0.9
22  Mo        719 0147  2.9 0802  0.9 1411  2.9 2016  1.0
23  Tu        719 0227  2.9 0843  1.0 1452  2.8 2059  1.1
24  We        719 0312  2.8 0928  1.1 1538  2.7 2148  1.1
25  Th        719 0403  2.7 1019  1.1 1632  2.7 2245  1.2
26  Fr        719 0501  2.7 1116  1.1 1731  2.6 2346  1.2
27  Sa        719 0601  2.7 1216  1.1 1832  2.7 9999  9.9
28  Su        719 0048  1.1 0702  2.8 1316  1.0 1931  2.8
29  Mo        719 0146  0.9 0759  2.9 1413  0.9 2027  3.0
30  Tu        719 0240  0.8 0854  3.1 1507  0.7 2119  3.2
31  We        719 0333  0.6 0947  3.2 1558  0.6 2209  3.3
 1  Th        819 0423  0.4 1037  3.4 1647  0.5 2258  3.5
 2  Fr        819 0513  0.3 1127  3.4 1736  0.4 2347  3.5
 3  Sa        819 0603  0.3 1216  3.5 1825  0.4 9999  9.9
 4  Su        819 0036  3.5 0653  0.3 1306  3.4 1914  0.4
 5  Mo        819 0127  3.5 0745  0.4 1357  3.3 2006  0.5
 6  Tu        819 0221  3.3 0839  0.6 1450  3.2 2101  0.7
 7  We        819 0318  3.2 0935  0.7 1548  3.0 2202  0.8
 8  Th        819 0420  3.0 1036  0.9 1650  2.9 2307  1.0
 9  Fr        819 0525  2.9 1141  1.0 1757  2.8 9999  9.9
10  Sa        819 0014  1.0 0631  2.8 1246  1.1 1902  2.8
11  Su        819 0119  1.0 0734  2.8 1348  1.1 2003  2.8
12  Mo        819 0218  1.0 0832  2.8 1444  1.0 2055  2.9
13  Tu        819 0309  0.9 0922  2.9 1531  0.9 2140  3.0
14  We        819 0353  0.8 1004  2.9 1612  0.9 2220  3.0
15  Th        819 0432  0.8 1043  3.0 1648  0.8 2256  3.1
16  Fr        819 0508  0.7 1118  3.1 1723  0.8 2330  3.1
17  Sa        819 0542  0.7 1152  3.1 1756  0.7 9999  9.9
18  Su        819 0004  3.1 0616  0.7 1225  3.1 1829  0.8
19  Mo        819 0037  3.1 0649  0.8 1258  3.0 1902  0.8
20  Tu        819 0111  3.0 0723  0.8 1331  2.9 1936  0.9
21  We        819 0146  2.9 0800  0.9 1408  2.9 2014  1.0
22  Th        819 0226  2.8 0840  1.0 1449  2.8 2059  1.1
23  Fr        819 0314  2.7 0928  1.1 1540  2.7 2155  1.2
24  Sa        819 0413  2.7 1028  1.2 1644  2.6 2304  1.2
25  Su        819 0522  2.7 1137  1.2 1756  2.7 9999  9.9
26  Mo        819 0016  1.1 0632  2.7 1247  1.1 1904  2.8
27  Tu        819 0122  1.0 0738  2.9 1351  0.9 2006  3.0
28  We        819 0222  0.8 0837  3.1 1449  0.7 2101  3.2
29  Th        819 0316  0.5 0931  3.3 1541  0.5 2152  3.4
30  Fr        819 0407  0.4 1021  3.4 1630  0.4 2241  3.6
31  Sa        819 0456  0.2 1109  3.5 1718  0.3 2329  3.6
 1  Su        919 0544  0.2 1157  3.6 1805  0.3 9999  9.9
 2  Mo        919 0017  3.6 0632  0.2 1244  3.5 1852  0.3
 3  Tu        919 0105  3.5 0721  0.4 1332  3.4 1941  0.5
 4  We        919 0156  3.3 0811  0.5 1422  3.2 2034  0.7
 5  Th        919 0250  3.1 0905  0.8 1517  3.0 2133  0.9
 6  Fr        919 0351  2.9 1005  1.0 1619  2.8 2239  1.0
 7  Sa        919 0457  2.7 1111  1.1 1729  2.7 2350  1.1
 8  Su        919 0607  2.7 1221  1.2 1839  2.7 9999  9.9
 9  Mo        919 0059  1.1 0714  2.7 1327  1.2 1942  2.7
10  Tu        919 0159  1.1 0813  2.7 1423  1.1 2035  2.8
11  We        919 0249  1.0 0901  2.8 1509  1.0 2118  2.9
12  Th        919 0331  0.9 0942  2.9 1548  0.9 2156  3.0
13  Fr        919 0407  0.8 1018  3.0 1623  0.8 2230  3.1
14  Sa        919 0441  0.7 1051  3.1 1656  0.7 2302  3.2
15  Su        919 0513  0.7 1123  3.1 1727  0.7 2334  3.2
16  Mo        919 0545  0.7 1154  3.1 1758  0.7 9999  9.9
17  Tu        919 0005  3.1 0617  0.7 1225  3.1 1829  0.8
18  We        919 0038  3.1 0649  0.8 1257  3.0 1902  0.8
19  Th        919 0112  3.0 0724  0.9 1331  2.9 1939  0.9
20  Fr        919 0151  2.9 0803  1.0 1412  2.8 2023  1.0
21  Sa        919 0238  2.8 0850  1.1 1502  2.7 2119  1.1
22  Su        919 0338  2.7 0952  1.2 1609  2.7 2233  1.2
23  Mo        919 0453  2.7 1108  1.2 1728  2.7 2352  1.1
24  Tu        919 0611  2.7 1225  1.1 1843  2.8 9999  9.9
25  We        919 0103  0.9 0719  2.9 1332  0.9 1947  3.0
26  Th        919 0204  0.7 0819  3.1 1430  0.7 2043  3.3
27  Fr        919 0259  0.5 0913  3.3 1522  0.5 2134  3.5
28  Sa        919 0349  0.3 1002  3.5 1611  0.3 2222  3.6
29  Su        919 0437  0.2 1049  3.6 1657  0.2 2309  3.7
30  Mo        919 0523  0.2 1135  3.6 1743  0.2 2355  3.6
 1  Tu       1019 0609  0.2 1220  3.5 1829  0.3 9999  9.9
 2  We       1019 0042  3.5 0655  0.4 1305  3.4 1916  0.5
 3  Th       1019 0130  3.3 0743  0.6 1353  3.2 2006  0.7
 4  Fr       1019 0222  3.1 0834  0.8 1446  3.0 2103  0.9
 5  Sa       1019 0320  2.8 0932  1.0 1547  2.8 2209  1.1
 6  Su       1019 0427  2.7 1039  1.2 1657  2.6 2321  1.2
 7  Mo       1019 0537  2.6 1150  1.3 1809  2.6 9999  9.9
 8  Tu       1019 0030  1.2 0645  2.6 1257  1.2 1912  2.7
 9  We       1019 0129  1.1 0743  2.7 1353  1.1 2005  2.8
10  Th       1019 0219  1.0 0831  2.8 1439  1.0 2048  2.9
11  Fr       1019 0300  0.9 0911  2.9 1518  0.9 2125  3.0
12  Sa       1019 0336  0.8 0947  3.0 1553  0.8 2159  3.1
13  Su       1019 0410  0.7 1020  3.1 1625  0.7 2232  3.2
14  Mo       1019 0443  0.7 1052  3.1 1657  0.7 2304  3.2
15  Tu       1019 0515  0.6 1123  3.2 1728  0.7 2336  3.2
16  We       1019 0547  0.7 1155  3.1 1801  0.7 9999  9.9
17  Th       1019 0010  3.1 0620  0.7 1228  3.1 1835  0.8
18  Fr       1019 0046  3.0 0657  0.8 1305  3.0 1914  0.8
19  Sa       1019 0127  2.9 0738  0.9 1347  2.9 2001  0.9
20  Su       1019 0216  2.8 0827  1.0 1439  2.8 2100  1.0
21  Mo       1019 0318  2.7 0930  1.1 1548  2.7 2214  1.1
22  Tu       1019 0434  2.7 1048  1.2 1708  2.8 2333  1.0
23  We       1019 0551  2.8 1205  1.1 1823  2.9 9999  9.9
24  Th       1019 0043  0.9 0700  2.9 1312  0.9 1927  3.1
25  Fr       1019 0144  0.7 0800  3.1 1410  0.7 2023  3.3
26  Sa       1019 0239  0.5 0853  3.3 1502  0.5 2114  3.4
27  Su       1019 0329  0.4 0942  3.4 1551  0.4 2202  3.5
28  Mo       1019 0417  0.3 1028  3.5 1637  0.3 2249  3.6
29  Tu       1019 0502  0.3 1113  3.5 1722  0.3 2334  3.5
30  We       1019 0547  0.4 1157  3.4 1807  0.4 9999  9.9
31  Th       1019 0020  3.4 0632  0.5 1241  3.3 1853  0.5
 1  Fr       1119 0107  3.2 0717  0.7 1327  3.1 1941  0.7
 2  Sa       1119 0156  3.0 0805  0.9 1417  2.9 2035  0.9
 3  Su       1119 0250  2.8 0859  1.1 1514  2.8 2136  1.1
 4  Mo       1119 0352  2.6 1001  1.2 1619  2.6 2243  1.2
 5  Tu       1119 0458  2.6 1109  1.3 1727  2.6 2348  1.2
 6  We       1119 0602  2.6 1214  1.3 1830  2.6 9999  9.9
 7  Th       1119 0047  1.2 0700  2.6 1311  1.2 1923  2.7
 8  Fr       1119 0137  1.1 0750  2.7 1359  1.1 2008  2.8
 9  Sa       1119 0221  1.0 0833  2.8 1441  1.0 2048  2.9
10  Su       1119 0300  0.9 0912  3.0 1518  0.8 2125  3.0
11  Mo       1119 0337  0.8 0947  3.1 1553  0.8 2201  3.1
12  Tu       1119 0412  0.7 1022  3.1 1628  0.7 2236  3.2
13  We       1119 0447  0.7 1056  3.2 1702  0.7 2311  3.2
14  Th       1119 0522  0.7 1131  3.2 1738  0.7 2349  3.2
15  Fr       1119 0559  0.7 1207  3.1 1817  0.7 9999  9.9
16  Sa       1119 0029  3.1 0639  0.8 1248  3.1 1900  0.8
17  Su       1119 0114  3.0 0723  0.8 1334  3.0 1950  0.8
18  Mo       1119 0206  2.9 0815  0.9 1428  2.9 2050  0.9
19  Tu       1119 0307  2.8 0917  1.0 1535  2.9 2200  1.0
20  We       1119 0418  2.8 1030  1.1 1649  2.9 2313  0.9
21  Th       1119 0530  2.8 1143  1.0 1801  2.9 9999  9.9
22  Fr       1119 0021  0.9 0637  2.9 1249  0.9 1905  3.1
23  Sa       1119 0122  0.7 0737  3.0 1349  0.7 2002  3.2
24  Su       1119 0218  0.6 0832  3.2 1442  0.6 2055  3.3
25  Mo       1119 0310  0.5 0922  3.3 1532  0.5 2144  3.4
26  Tu       1119 0358  0.5 1009  3.4 1619  0.4 2231  3.4
27  We       1119 0444  0.5 1054  3.4 1704  0.4 2317  3.4
28  Th       1119 0528  0.5 1138  3.3 1749  0.5 9999  9.9
29  Fr       1119 0002  3.3 0611  0.6 1221  3.2 1834  0.6
30  Sa       1119 0046  3.1 0655  0.7 1304  3.1 1919  0.8
 1  Su       1219 0132  3.0 0739  0.9 1350  3.0 2008  0.9
 2  Mo       1219 0220  2.8 0827  1.0 1440  2.8 2100  1.0
 3  Tu       1219 0313  2.7 0919  1.1 1536  2.7 2157  1.1
 4  We       1219 0409  2.6 1018  1.2 1636  2.6 2256  1.2
 5  Th       1219 0509  2.6 1120  1.3 1736  2.6 2353  1.2
 6  Fr       1219 0606  2.6 1218  1.2 1832  2.7 9999  9.9
 7  Sa       1219 0046  1.1 0700  2.7 1311  1.1 1922  2.7
 8  Su       1219 0135  1.1 0749  2.8 1358  1.0 2007  2.8
 9  Mo       1219 0220  1.0 0833  2.9 1441  0.9 2050  2.9
10  Tu       1219 0302  0.9 0914  3.0 1522  0.8 2131  3.0
11  We       1219 0343  0.8 0953  3.1 1601  0.7 2211  3.1
12  Th       1219 0422  0.7 1032  3.2 1641  0.6 2252  3.2
13  Fr       1219 0503  0.7 1111  3.2 1722  0.6 2334  3.2
14  Sa       1219 0544  0.6 1153  3.2 1805  0.6 9999  9.9
15  Su       1219 0018  3.2 0627  0.7 1237  3.2 1852  0.6
16  Mo       1219 0106  3.1 0714  0.7 1325  3.2 1943  0.7
17  Tu       1219 0158  3.1 0806  0.8 1419  3.1 2040  0.7
18  We       1219 0255  3.0 0904  0.9 1521  3.0 2143  0.8
19  Th       1219 0358  2.9 1009  0.9 1628  3.0 2249  0.9
20  Fr       1219 0504  2.9 1117  0.9 1736  3.0 2355  0.9
21  Sa       1219 0610  2.9 1224  0.9 1841  3.0 9999  9.9
22  Su       1219 0058  0.8 0713  3.0 1327  0.8 1941  3.1
23  Mo       1219 0157  0.8 0812  3.0 1424  0.7 2037  3.1
24  Tu       1219 0252  0.7 0905  3.1 1517  0.7 2130  3.2
25  We       1219 0343  0.7 0954  3.2 1605  0.6 2218  3.2
26  Th       1219 0429  0.6 1039  3.2 1651  0.6 2303  3.2
27  Fr       1219 0513  0.6 1122  3.2 1734  0.6 2346  3.2
28  Sa       1219 0554  0.7 1203  3.2 1816  0.7 9999  9.9
29  Su       1219 0028  3.1 0634  0.7 1243  3.1 1858  0.7
30  Mo       1219 0109  3.0 0714  0.8 1324  3.0 1940  0.8
31  Tu       1219 0150  2.9 0755  0.9 1406  2.9 2023  0.9
