421Anakakata Bay
Based on data from 18-Feb-2017
Local Std Time, tidal heights in metres.
 1  Fr        722 0404  0.3 1027  1.4 1613  0.3 2251  1.5
 2  Sa        722 0437  0.3 1105  1.4 1648  0.3 2321  1.6
 3  Su        722 0510  0.3 1144  1.4 1722  0.3 2351  1.5
 4  Mo        722 0546  0.3 1223  1.4 1756  0.3 9999  9.9
 5  Tu        722 0024  1.5 0626  0.3 1304  1.4 1832  0.3
 6  We        722 0100  1.5 0711  0.4 1345  1.4 1911  0.4
 7  Th        722 0142  1.4 0803  0.4 1430  1.3 1955  0.4
 8  Fr        722 0238  1.3 0900  0.4 1519  1.3 2050  0.5
 9  Sa        722 0358  1.3 1001  0.5 1621  1.3 2203  0.5
10  Su        722 0526  1.2 1104  0.5 1742  1.3 2335  0.5
11  Mo        722 0640  1.3 1207  0.5 1906  1.3 9999  9.9
12  Tu        722 0055  0.5 0741  1.3 1310  0.4 2012  1.4
13  We        722 0154  0.4 0836  1.4 1410  0.4 2105  1.6
14  Th        722 0243  0.3 0928  1.5 1505  0.3 2150  1.7
15  Fr        722 0327  0.2 1016  1.5 1554  0.2 2232  1.7
16  Sa        722 0410  0.1 1102  1.5 1639  0.2 2312  1.8
17  Su        722 0452  0.1 1146  1.6 1721  0.1 2351  1.7
18  Mo        722 0535  0.2 1229  1.5 1802  0.1 9999  9.9
19  Tu        722 0029  1.7 0620  0.2 1309  1.5 1843  0.2
20  We        722 0109  1.6 0707  0.3 1349  1.5 1925  0.3
21  Th        722 0153  1.5 0756  0.3 1429  1.4 2011  0.4
22  Fr        722 0243  1.4 0848  0.4 1513  1.3 2107  0.5
23  Sa        722 0345  1.3 0944  0.5 1608  1.2 2225  0.6
24  Su        722 0501  1.2 1044  0.5 1738  1.2 2356  0.6
25  Mo        722 0616  1.2 1148  0.6 1919  1.2 9999  9.9
26  Tu        722 0107  0.6 0719  1.2 1253  0.6 2021  1.3
27  We        722 0200  0.5 0813  1.3 1355  0.5 2104  1.4
28  Th        722 0241  0.4 0859  1.3 1446  0.5 2139  1.5
29  Fr        722 0317  0.3 0941  1.4 1528  0.4 2209  1.5
30  Sa        722 0350  0.3 1020  1.4 1603  0.3 2239  1.6
31  Su        722 0422  0.2 1056  1.5 1634  0.3 2308  1.6
 1  Mo        822 0454  0.2 1132  1.5 1705  0.2 2338  1.6
 2  Tu        822 0527  0.2 1207  1.5 1735  0.2 9999  9.9
 3  We        822 0009  1.6 0602  0.2 1242  1.5 1808  0.2
 4  Th        822 0042  1.6 0641  0.3 1317  1.5 1842  0.2
 5  Fr        822 0119  1.5 0724  0.3 1354  1.4 1922  0.3
 6  Sa        822 0203  1.4 0813  0.4 1435  1.4 2009  0.4
 7  Su        822 0303  1.3 0910  0.5 1525  1.3 2116  0.5
 8  Mo        822 0433  1.2 1017  0.5 1647  1.2 2301  0.6
 9  Tu        822 0612  1.2 1135  0.5 1847  1.2 9999  9.9
10  We        822 0040  0.5 0730  1.2 1255  0.5 2004  1.4
11  Th        822 0145  0.4 0832  1.3 1403  0.4 2057  1.5
12  Fr        822 0234  0.3 0924  1.4 1459  0.3 2141  1.7
13  Sa        822 0317  0.2 1010  1.5 1545  0.2 2220  1.8
14  Su        822 0357  0.1 1051  1.6 1625  0.1 2256  1.8
15  Mo        822 0436  0.1 1129  1.6 1703  0.1 2332  1.8
16  Tu        822 0515  0.1 1205  1.6 1739  0.1 9999  9.9
17  We        822 0006  1.7 0554  0.1 1239  1.6 1815  0.1
18  Th        822 0041  1.6 0633  0.2 1311  1.5 1851  0.2
19  Fr        822 0116  1.5 0714  0.3 1343  1.5 1930  0.3
20  Sa        822 0155  1.4 0758  0.4 1415  1.4 2015  0.5
21  Su        822 0241  1.3 0846  0.5 1451  1.2 2124  0.6
22  Mo        822 0345  1.1 0946  0.6 1546  1.1 2318  0.7
23  Tu        822 0520  1.1 1102  0.7 1859  1.1 9999  9.9
24  We        822 0045  0.6 0654  1.1 1229  0.7 2010  1.2
25  Th        822 0141  0.5 0800  1.2 1343  0.6 2050  1.3
26  Fr        822 0222  0.4 0848  1.3 1436  0.5 2121  1.5
27  Sa        822 0258  0.3 0928  1.4 1513  0.4 2150  1.6
28  Su        822 0329  0.3 1004  1.5 1545  0.3 2219  1.6
29  Mo        822 0400  0.2 1038  1.6 1613  0.2 2248  1.7
30  Tu        822 0430  0.2 1111  1.6 1642  0.1 2317  1.7
31  We        822 0502  0.1 1143  1.6 1711  0.1 2347  1.7
 1  Th        922 0535  0.2 1215  1.6 1742  0.1 9999  9.9
 2  Fr        922 0019  1.6 0611  0.2 1248  1.6 1815  0.2
 3  Sa        922 0054  1.5 0651  0.3 1321  1.5 1853  0.3
 4  Su        922 0134  1.4 0736  0.4 1358  1.4 1938  0.4
 5  Mo        922 0227  1.2 0831  0.5 1443  1.3 2045  0.5
 6  Tu        922 0357  1.1 0943  0.6 1606  1.2 2247  0.6
 7  We        922 0601  1.1 1115  0.6 1843  1.2 9999  9.9
 8  Th        922 0032  0.5 0726  1.2 1247  0.6 1957  1.4
 9  Fr        922 0134  0.4 0826  1.3 1356  0.4 2045  1.5
10  Sa        922 0219  0.3 0913  1.5 1447  0.3 2124  1.7
11  Su        922 0259  0.2 0953  1.6 1528  0.2 2200  1.8
12  Mo        922 0336  0.1 1030  1.7 1605  0.1 2234  1.8
13  Tu        922 0412  0.1 1104  1.7 1639  0.0 2306  1.8
14  We        922 0448  0.1 1136  1.7 1713  0.0 2338  1.7
15  Th        922 0523  0.1 1206  1.7 1745  0.1 9999  9.9
16  Fr        922 0009  1.6 0559  0.2 1235  1.6 1818  0.2
17  Sa        922 0040  1.5 0635  0.3 1302  1.5 1852  0.3
18  Su        922 0114  1.4 0713  0.4 1329  1.4 1931  0.5
19  Mo        922 0155  1.3 0756  0.5 1359  1.3 2030  0.6
20  Tu        922 0250  1.1 0851  0.6 1438  1.1 2239  0.7
21  We        922 0424  1.1 1014  0.7 1828  1.0 9999  9.9
22  Th        922 0015  0.6 0624  1.1 1159  0.7 1944  1.2
23  Fr        922 0112  0.5 0737  1.2 1321  0.6 2022  1.3
24  Sa        922 0153  0.4 0824  1.3 1412  0.5 2053  1.5
25  Su        922 0228  0.3 0903  1.4 1447  0.4 2122  1.6
26  Mo        922 0300  0.2 0938  1.5 1518  0.3 2152  1.7
27  Tu        922 0331  0.2 1012  1.6 1547  0.2 2222  1.7
28  We        922 0402  0.1 1045  1.7 1616  0.1 2253  1.7
29  Th        922 0434  0.1 1117  1.7 1646  0.1 2324  1.7
30  Fr        922 0509  0.1 1149  1.7 1718  0.1 2358  1.6
 1  Sa       1022 0545  0.2 1222  1.6 1753  0.2 9999  9.9
 2  Su       1022 0034  1.5 0626  0.3 1256  1.5 1832  0.3
 3  Mo       1022 0116  1.3 0712  0.4 1333  1.4 1921  0.4
 4  Tu       1022 0213  1.2 0809  0.5 1420  1.3 2037  0.6
 5  We       1022 0351  1.1 0925  0.6 1559  1.2 2244  0.6
 6  Th       1022 0553  1.1 1102  0.6 1833  1.2 9999  9.9
 7  Fr       1022 0015  0.5 0712  1.2 1233  0.6 1938  1.4
 8  Sa       1022 0112  0.4 0807  1.4 1339  0.4 2023  1.5
 9  Su       1022 0155  0.3 0851  1.5 1427  0.3 2100  1.7
10  Mo       1022 0233  0.2 0930  1.6 1506  0.2 2135  1.7
11  Tu       1022 0309  0.2 1005  1.7 1541  0.1 2207  1.7
12  We       1022 0344  0.1 1037  1.7 1614  0.1 2238  1.7
13  Th       1022 0419  0.1 1107  1.7 1646  0.1 2308  1.7
14  Fr       1022 0453  0.2 1136  1.7 1718  0.1 2338  1.6
15  Sa       1022 0527  0.2 1203  1.6 1749  0.2 9999  9.9
16  Su       1022 0010  1.5 0602  0.3 1229  1.5 1822  0.3
17  Mo       1022 0045  1.4 0639  0.4 1256  1.4 1900  0.5
18  Tu       1022 0126  1.2 0721  0.5 1326  1.3 1958  0.6
19  We       1022 0222  1.1 0813  0.6 1405  1.2 2155  0.7
20  Th       1022 0345  1.1 0928  0.7 1609  1.1 2329  0.6
21  Fr       1022 0534  1.1 1108  0.7 1855  1.2 9999  9.9
22  Sa       1022 0028  0.5 0652  1.2 1235  0.6 1940  1.3
23  Su       1022 0112  0.4 0746  1.3 1332  0.5 2015  1.4
24  Mo       1022 0150  0.3 0828  1.4 1412  0.4 2049  1.6
25  Tu       1022 0225  0.2 0907  1.5 1446  0.3 2122  1.6
26  We       1022 0259  0.2 0943  1.6 1519  0.2 2155  1.7
27  Th       1022 0333  0.1 1018  1.7 1551  0.1 2229  1.7
28  Fr       1022 0409  0.1 1053  1.7 1625  0.1 2305  1.6
29  Sa       1022 0447  0.2 1128  1.7 1700  0.1 2342  1.5
30  Su       1022 0528  0.2 1203  1.6 1738  0.2 9999  9.9
31  Mo       1022 0024  1.4 0612  0.3 1240  1.6 1822  0.3
 1  Tu       1122 0114  1.3 0701  0.4 1322  1.4 1919  0.4
 2  We       1122 0219  1.2 0800  0.5 1417  1.3 2042  0.5
 3  Th       1122 0348  1.1 0912  0.6 1603  1.2 2224  0.6
 4  Fr       1122 0524  1.2 1038  0.6 1801  1.3 2342  0.5
 5  Sa       1122 0639  1.2 1204  0.5 1906  1.4 9999  9.9
 6  Su       1122 0037  0.4 0735  1.4 1311  0.4 1952  1.5
 7  Mo       1122 0122  0.3 0822  1.5 1401  0.3 2031  1.6
 8  Tu       1122 0202  0.3 0902  1.6 1441  0.2 2106  1.6
 9  We       1122 0240  0.2 0939  1.6 1517  0.2 2139  1.6
10  Th       1122 0316  0.2 1012  1.6 1551  0.1 2211  1.6
11  Fr       1122 0353  0.2 1042  1.6 1623  0.1 2243  1.6
12  Sa       1122 0428  0.2 1111  1.6 1655  0.2 2315  1.5
13  Su       1122 0504  0.3 1139  1.6 1728  0.3 2349  1.4
14  Mo       1122 0540  0.3 1206  1.5 1803  0.3 9999  9.9
15  Tu       1122 0028  1.3 0618  0.4 1235  1.4 1844  0.4
16  We       1122 0113  1.3 0659  0.5 1308  1.3 1941  0.5
17  Th       1122 0208  1.2 0747  0.5 1352  1.2 2106  0.6
18  Fr       1122 0314  1.2 0846  0.6 1516  1.1 2229  0.6
19  Sa       1122 0432  1.2 1003  0.6 1740  1.2 2331  0.5
20  Su       1122 0550  1.2 1129  0.6 1846  1.3 9999  9.9
21  Mo       1122 0021  0.4 0655  1.3 1241  0.5 1932  1.4
22  Tu       1122 0105  0.4 0748  1.4 1333  0.4 2013  1.5
23  We       1122 0146  0.3 0834  1.5 1415  0.3 2052  1.6
24  Th       1122 0227  0.2 0916  1.6 1454  0.2 2131  1.6
25  Fr       1122 0309  0.2 0956  1.7 1531  0.1 2211  1.6
26  Sa       1122 0351  0.2 1035  1.7 1609  0.1 2253  1.5
27  Su       1122 0435  0.2 1113  1.7 1649  0.1 2337  1.5
28  Mo       1122 0519  0.2 1152  1.7 1732  0.2 9999  9.9
29  Tu       1122 0025  1.4 0606  0.3 1233  1.6 1821  0.3
30  We       1122 0118  1.3 0655  0.3 1319  1.5 1919  0.4
 1  Th       1222 0217  1.3 0749  0.4 1416  1.4 2031  0.5
 2  Fr       1222 0324  1.2 0850  0.5 1539  1.3 2148  0.5
 3  Sa       1222 0436  1.2 1003  0.5 1713  1.3 2256  0.5
 4  Su       1222 0549  1.3 1124  0.5 1822  1.3 2352  0.4
 5  Mo       1222 0655  1.3 1236  0.5 1915  1.4 9999  9.9
 6  Tu       1222 0042  0.4 0750  1.4 1333  0.4 1959  1.4
 7  We       1222 0128  0.4 0836  1.5 1418  0.3 2038  1.5
 8  Th       1222 0212  0.3 0917  1.5 1457  0.3 2115  1.5
 9  Fr       1222 0254  0.3 0952  1.6 1533  0.2 2151  1.5
10  Sa       1222 0334  0.3 1025  1.6 1607  0.2 2226  1.5
11  Su       1222 0413  0.3 1055  1.6 1640  0.3 2302  1.4
12  Mo       1222 0450  0.3 1124  1.5 1714  0.3 2340  1.4
13  Tu       1222 0527  0.3 1153  1.5 1750  0.3 9999  9.9
14  We       1222 0021  1.4 0603  0.4 1224  1.5 1831  0.4
15  Th       1222 0104  1.3 0640  0.4 1258  1.4 1920  0.4
16  Fr       1222 0150  1.3 0720  0.4 1341  1.3 2019  0.5
17  Sa       1222 0240  1.3 0807  0.5 1441  1.3 2124  0.5
18  Su       1222 0336  1.2 0904  0.6 1614  1.2 2226  0.5
19  Mo       1222 0440  1.2 1018  0.6 1742  1.2 2323  0.5
20  Tu       1222 0555  1.3 1143  0.5 1846  1.3 9999  9.9
21  We       1222 0018  0.4 0706  1.3 1254  0.5 1939  1.4
22  Th       1222 0110  0.4 0805  1.4 1349  0.4 2028  1.4
23  Fr       1222 0202  0.3 0856  1.5 1435  0.3 2115  1.5
24  Sa       1222 0253  0.3 0941  1.6 1518  0.2 2202  1.5
25  Su       1222 0342  0.2 1023  1.7 1600  0.2 2249  1.5
26  Mo       1222 0428  0.2 1104  1.7 1643  0.1 2336  1.5
27  Tu       1222 0514  0.2 1145  1.7 1727  0.2 9999  9.9
28  We       1222 0023  1.5 0558  0.2 1226  1.7 1815  0.2
29  Th       1222 0110  1.4 0642  0.2 1310  1.6 1907  0.3
30  Fr       1222 0157  1.4 0728  0.3 1359  1.5 2003  0.4
31  Sa       1222 0246  1.3 0819  0.4 1459  1.4 2103  0.4
 1  Su        123 0340  1.3 0919  0.5 1612  1.3 2203  0.5
 2  Mo        123 0444  1.2 1035  0.5 1728  1.3 2302  0.5
 3  Tu        123 0602  1.2 1158  0.5 1833  1.3 9999  9.9
 4  We        123 0000  0.5 0718  1.3 1306  0.5 1927  1.3
 5  Th        123 0056  0.5 0817  1.3 1359  0.4 2015  1.3
 6  Fr        123 0151  0.5 0903  1.4 1442  0.4 2059  1.4
 7  Sa        123 0241  0.4 0941  1.5 1520  0.3 2140  1.4
 8  Su        123 0326  0.4 1014  1.5 1554  0.3 2219  1.4
 9  Mo        123 0405  0.3 1044  1.5 1628  0.3 2257  1.4
10  Tu        123 0440  0.3 1113  1.6 1701  0.3 2334  1.4
11  We        123 0513  0.3 1142  1.6 1735  0.3 9999  9.9
12  Th        123 0010  1.4 0545  0.3 1212  1.5 1811  0.3
13  Fr        123 0047  1.4 0617  0.3 1244  1.5 1851  0.3
14  Sa        123 0125  1.4 0651  0.3 1321  1.4 1936  0.4
15  Su        123 0204  1.4 0730  0.4 1406  1.4 2027  0.4
16  Mo        123 0247  1.3 0817  0.4 1508  1.3 2123  0.5
17  Tu        123 0338  1.3 0918  0.5 1634  1.2 2225  0.5
18  We        123 0449  1.2 1047  0.6 1801  1.2 2332  0.5
19  Th        123 0625  1.3 1223  0.5 1913  1.3 9999  9.9
20  Fr        123 0041  0.5 0746  1.4 1332  0.4 2014  1.3
21  Sa        123 0146  0.4 0845  1.5 1424  0.3 2108  1.4
22  Su        123 0245  0.3 0932  1.6 1509  0.2 2158  1.5
23  Mo        123 0336  0.3 1014  1.7 1552  0.2 2244  1.5
24  Tu        123 0421  0.2 1054  1.8 1633  0.1 2328  1.6
25  We        123 0502  0.1 1133  1.8 1715  0.1 9999  9.9
26  Th        123 0009  1.6 0542  0.1 1211  1.7 1758  0.1
27  Fr        123 0048  1.6 0621  0.1 1250  1.7 1842  0.2
28  Sa        123 0126  1.5 0701  0.2 1330  1.5 1928  0.3
29  Su        123 0204  1.5 0744  0.3 1416  1.4 2017  0.4
30  Mo        123 0244  1.4 0834  0.4 1510  1.3 2110  0.5
31  Tu        123 0330  1.3 0942  0.6 1621  1.2 2209  0.5
 1  We        223 0444  1.2 1119  0.6 1744  1.2 2316  0.6
 2  Th        223 0651  1.2 1244  0.6 1859  1.2 9999  9.9
 3  Fr        223 0029  0.6 0809  1.2 1344  0.5 2001  1.2
 4  Sa        223 0139  0.6 0856  1.4 1429  0.4 2051  1.3
 5  Su        223 0236  0.5 0931  1.4 1506  0.4 2134  1.4
 6  Mo        223 0320  0.4 1001  1.5 1540  0.3 2211  1.4
 7  Tu        223 0354  0.3 1029  1.6 1611  0.2 2245  1.5
 8  We        223 0425  0.3 1057  1.6 1642  0.2 2318  1.5
 9  Th        223 0453  0.2 1124  1.6 1713  0.2 2351  1.5
10  Fr        223 0521  0.2 1153  1.6 1745  0.2 9999  9.9
11  Sa        223 0023  1.6 0550  0.2 1223  1.6 1819  0.2
12  Su        223 0055  1.5 0622  0.2 1256  1.5 1857  0.3
13  Mo        223 0129  1.5 0657  0.3 1333  1.4 1941  0.4
14  Tu        223 0205  1.4 0738  0.4 1422  1.3 2032  0.4
15  We        223 0248  1.3 0833  0.5 1535  1.2 2135  0.5
16  Th        223 0350  1.2 1006  0.6 1725  1.1 2255  0.6
17  Fr        223 0557  1.2 1206  0.6 1900  1.2 9999  9.9
18  Sa        223 0023  0.6 0739  1.3 1322  0.5 2009  1.3
19  Su        223 0139  0.5 0837  1.5 1414  0.3 2104  1.4
20  Mo        223 0238  0.3 0921  1.6 1457  0.2 2150  1.5
21  Tu        223 0325  0.2 1001  1.7 1537  0.1 2231  1.6
22  We        223 0405  0.1 1037  1.8 1616  0.1 2309  1.7
23  Th        223 0443  0.0 1113  1.8 1654  0.1 2345  1.7
24  Fr        223 0519  0.0 1148  1.8 1732  0.1 9999  9.9
25  Sa        223 0019  1.7 0554  0.1 1222  1.7 1811  0.2
26  Su        223 0052  1.6 0630  0.1 1257  1.6 1851  0.2
27  Mo        223 0123  1.5 0708  0.3 1334  1.4 1933  0.3
28  Tu        223 0154  1.4 0750  0.4 1417  1.3 2019  0.5
 1  We        323 0228  1.3 0851  0.6 1514  1.2 2115  0.6
 2  Th        323 0311  1.1 1042  0.7 1647  1.1 2231  0.7
 3  Fr        323 0634  1.1 1223  0.6 1837  1.1 9999  9.9
 4  Sa        323 0005  0.7 0800  1.2 1325  0.5 1950  1.2
 5  Su        323 0130  0.6 0840  1.3 1409  0.4 2039  1.3
 6  Mo        323 0226  0.5 0912  1.4 1445  0.4 2118  1.4
 7  Tu        323 0304  0.4 0939  1.5 1517  0.3 2152  1.5
 8  We        323 0334  0.3 1006  1.6 1546  0.2 2224  1.5
 9  Th        323 0401  0.2 1033  1.7 1615  0.2 2254  1.6
10  Fr        323 0427  0.2 1100  1.7 1645  0.2 2325  1.6
11  Sa        323 0454  0.1 1129  1.7 1715  0.2 2355  1.6
12  Su        323 0523  0.1 1159  1.6 1749  0.2 9999  9.9
13  Mo        323 0026  1.6 0554  0.2 1231  1.5 1825  0.3
14  Tu        323 0058  1.5 0628  0.2 1307  1.4 1906  0.3
15  We        323 0132  1.5 0709  0.4 1352  1.3 1956  0.5
16  Th        323 0212  1.3 0805  0.5 1503  1.1 2101  0.6
17  Fr        323 0311  1.2 0950  0.6 1710  1.1 2232  0.6
18  Sa        323 0552  1.2 1157  0.6 1855  1.2 9999  9.9
19  Su        323 0011  0.6 0729  1.3 1307  0.5 2000  1.3
20  Mo        323 0129  0.5 0821  1.5 1356  0.3 2049  1.4
21  Tu        323 0224  0.3 0903  1.6 1437  0.2 2131  1.6
22  We        323 0307  0.2 0940  1.8 1514  0.1 2209  1.7
23  Th        323 0344  0.1 1014  1.8 1551  0.1 2244  1.7
24  Fr        323 0419  0.0 1048  1.8 1627  0.1 2317  1.7
25  Sa        323 0453  0.0 1120  1.8 1703  0.1 2349  1.7
26  Su        323 0527  0.0 1152  1.7 1739  0.2 9999  9.9
27  Mo        323 0018  1.6 0601  0.1 1224  1.5 1816  0.2
28  Tu        323 0047  1.5 0636  0.3 1259  1.4 1855  0.3
29  We        323 0114  1.4 0715  0.4 1338  1.3 1938  0.5
30  Th        323 0144  1.3 0811  0.6 1431  1.1 2031  0.6
31  Fr        323 0219  1.2 1008  0.7 1557  1.1 2149  0.7
 1  Sa        423 0553  1.0 1151  0.6 1804  1.1 2333  0.7
 2  Su        423 0730  1.2 1253  0.6 1922  1.2 9999  9.9
 3  Mo        423 0103  0.6 0809  1.3 1337  0.4 2010  1.3
 4  Tu        423 0158  0.5 0839  1.4 1412  0.3 2048  1.4
 5  We        423 0235  0.4 0908  1.5 1444  0.3 2122  1.5
 6  Th        423 0304  0.3 0936  1.6 1515  0.2 2155  1.6
 7  Fr        423 0332  0.2 1005  1.7 1545  0.2 2226  1.6
 8  Sa        423 0400  0.1 1034  1.7 1616  0.1 2258  1.7
 9  Su        423 0428  0.1 1105  1.6 1648  0.2 2329  1.7
10  Mo        423 0459  0.1 1137  1.6 1723  0.2 9999  9.9
11  Tu        423 0001  1.6 0532  0.1 1212  1.5 1802  0.3
12  We        423 0034  1.6 0609  0.2 1252  1.4 1845  0.4
13  Th        423 0110  1.5 0654  0.4 1343  1.2 1938  0.5
14  Fr        423 0153  1.3 0759  0.5 1503  1.1 2046  0.6
15  Sa        423 0303  1.2 0951  0.6 1703  1.1 2216  0.6
16  Su        423 0543  1.2 1137  0.6 1835  1.2 2352  0.6
17  Mo        423 0706  1.3 1240  0.4 1937  1.3 9999  9.9
18  Tu        423 0107  0.5 0756  1.5 1327  0.3 2025  1.5
19  We        423 0201  0.3 0837  1.6 1408  0.2 2106  1.6
20  Th        423 0243  0.2 0913  1.7 1446  0.2 2143  1.7
21  Fr        423 0320  0.1 0947  1.7 1522  0.1 2218  1.7
22  Sa        423 0355  0.1 1020  1.7 1559  0.1 2250  1.7
23  Su        423 0429  0.1 1052  1.7 1635  0.1 2321  1.7
24  Mo        423 0502  0.1 1124  1.6 1711  0.2 2350  1.6
25  Tu        423 0536  0.2 1157  1.5 1749  0.3 9999  9.9
26  We        423 0018  1.5 0611  0.3 1233  1.4 1827  0.4
27  Th        423 0046  1.4 0651  0.4 1315  1.3 1910  0.5
28  Fr        423 0116  1.3 0749  0.6 1409  1.2 2000  0.6
29  Sa        423 0154  1.2 0928  0.6 1524  1.1 2107  0.7
30  Su        423 0316  1.1 1103  0.6 1704  1.1 2238  0.7
 1  Mo        523 0630  1.1 1205  0.5 1827  1.2 9999  9.9
 2  Tu        523 0010  0.6 0720  1.3 1251  0.4 1924  1.3
 3  We        523 0113  0.5 0757  1.4 1330  0.4 2008  1.4
 4  Th        523 0156  0.4 0830  1.5 1406  0.3 2047  1.5
 5  Fr        523 0230  0.3 0903  1.6 1440  0.2 2124  1.6
 6  Sa        523 0302  0.2 0936  1.6 1515  0.2 2159  1.6
 7  Su        523 0334  0.1 1010  1.6 1550  0.2 2234  1.7
 8  Mo        523 0406  0.1 1045  1.6 1628  0.2 2309  1.7
 9  Tu        523 0441  0.1 1123  1.5 1707  0.2 2344  1.7
10  We        523 0519  0.2 1204  1.4 1750  0.3 9999  9.9
11  Th        523 0021  1.6 0601  0.3 1253  1.3 1838  0.4
12  Fr        523 0101  1.5 0653  0.4 1352  1.2 1932  0.4
13  Sa        523 0151  1.4 0804  0.5 1507  1.2 2035  0.5
14  Su        523 0310  1.3 0937  0.5 1635  1.2 2153  0.6
15  Mo        523 0510  1.3 1100  0.5 1756  1.2 2319  0.5
16  Tu        523 0629  1.3 1201  0.4 1900  1.3 9999  9.9
17  We        523 0035  0.5 0722  1.5 1251  0.4 1953  1.4
18  Th        523 0132  0.4 0806  1.5 1334  0.3 2038  1.5
19  Fr        523 0218  0.3 0844  1.6 1416  0.2 2118  1.6
20  Sa        523 0257  0.2 0921  1.6 1455  0.2 2154  1.6
21  Su        523 0333  0.1 0955  1.6 1535  0.2 2228  1.6
22  Mo        523 0408  0.1 1030  1.5 1614  0.2 2259  1.6
23  Tu        523 0443  0.2 1104  1.5 1652  0.3 2329  1.6
24  We        523 0518  0.2 1140  1.4 1731  0.3 2358  1.5
25  Th        523 0555  0.3 1220  1.4 1810  0.4 9999  9.9
26  Fr        523 0028  1.4 0637  0.4 1304  1.3 1850  0.4
27  Sa        523 0101  1.4 0731  0.5 1355  1.2 1935  0.5
28  Su        523 0142  1.3 0843  0.6 1453  1.2 2027  0.6
29  Mo        523 0248  1.2 0959  0.6 1600  1.2 2132  0.6
30  Tu        523 0455  1.2 1103  0.5 1713  1.2 2254  0.6
31  We        523 0615  1.2 1155  0.5 1822  1.2 9999  9.9
 1  Th        623 0012  0.6 0707  1.3 1241  0.4 1921  1.3
 2  Fr        623 0111  0.5 0750  1.4 1324  0.4 2011  1.4
 3  Sa        623 0156  0.4 0831  1.5 1407  0.3 2056  1.5
 4  Su        623 0236  0.3 0911  1.5 1449  0.3 2137  1.6
 5  Mo        623 0314  0.2 0952  1.5 1533  0.2 2217  1.7
 6  Tu        623 0352  0.2 1034  1.5 1616  0.2 2256  1.7
 7  We        623 0431  0.2 1119  1.5 1701  0.2 2335  1.7
 8  Th        623 0514  0.2 1207  1.4 1746  0.3 9999  9.9
 9  Fr        623 0015  1.6 0600  0.2 1257  1.4 1833  0.3
10  Sa        623 0059  1.5 0653  0.3 1351  1.3 1922  0.4
11  Su        623 0149  1.4 0756  0.4 1448  1.3 2016  0.4
12  Mo        623 0256  1.4 0906  0.4 1552  1.3 2120  0.5
13  Tu        623 0422  1.3 1014  0.5 1701  1.3 2236  0.5
14  We        623 0541  1.3 1114  0.4 1813  1.3 2356  0.5
15  Th        623 0643  1.4 1209  0.4 1918  1.3 9999  9.9
16  Fr        623 0103  0.4 0733  1.4 1300  0.4 2013  1.4
17  Sa        623 0155  0.4 0817  1.4 1348  0.4 2059  1.5
18  Su        623 0239  0.3 0859  1.4 1435  0.3 2138  1.5
19  Mo        623 0318  0.3 0938  1.4 1520  0.3 2214  1.6
20  Tu        623 0354  0.2 1016  1.4 1602  0.3 2246  1.6
21  We        623 0430  0.2 1055  1.4 1642  0.3 2317  1.6
22  Th        623 0505  0.3 1133  1.4 1719  0.3 2346  1.5
23  Fr        623 0542  0.3 1213  1.4 1754  0.3 9999  9.9
24  Sa        623 0017  1.5 0622  0.4 1253  1.4 1830  0.4
25  Su        623 0049  1.4 0706  0.4 1334  1.3 1906  0.4
26  Mo        623 0126  1.4 0757  0.4 1418  1.3 1947  0.5
27  Tu        623 0215  1.3 0854  0.5 1506  1.3 2035  0.5
28  We        623 0326  1.2 0952  0.5 1601  1.2 2138  0.6
29  Th        623 0456  1.2 1051  0.5 1710  1.2 2302  0.6
30  Fr        623 0611  1.2 1147  0.5 1829  1.3 9999  9.9
