372Anawhata
Based on data from  2-Jul-2002
Local Std Time, tidal heights in metres.
 1  Fr        116 0151  2.6 0759  0.9 1413  2.7 2033  0.9
 2  Sa        116 0239  2.5 0849  1.0 1503  2.6 2123  1.0
 3  Su        116 0334  2.5 0945  1.1 1558  2.5 2219  1.0
 4  Mo        116 0435  2.4 1049  1.2 1657  2.5 2320  1.0
 5  Tu        116 0539  2.5 1153  1.1 1758  2.5 9999  9.9
 6  We        116 0020  1.0 0639  2.6 1253  1.0 1854  2.6
 7  Th        116 0116  0.9 0732  2.7 1345  0.9 1946  2.7
 8  Fr        116 0205  0.7 0818  2.9 1431  0.8 2033  2.8
 9  Sa        116 0249  0.6 0900  3.0 1514  0.6 2116  2.9
10  Su        116 0331  0.5 0941  3.1 1556  0.5 2159  3.0
11  Mo        116 0412  0.4 1021  3.2 1638  0.4 2241  3.1
12  Tu        116 0453  0.4 1101  3.3 1720  0.4 2323  3.1
13  We        116 0535  0.4 1144  3.3 1804  0.4 9999  9.9
14  Th        116 0008  3.1 0619  0.4 1229  3.2 1849  0.4
15  Fr        116 0055  3.0 0706  0.5 1318  3.1 1939  0.5
16  Sa        116 0146  2.9 0758  0.6 1412  3.0 2033  0.6
17  Su        116 0243  2.8 0856  0.8 1512  2.9 2133  0.7
18  Mo        116 0347  2.7 1003  0.9 1618  2.8 2239  0.8
19  Tu        116 0459  2.7 1116  0.9 1728  2.7 2350  0.8
20  We        116 0611  2.8 1228  0.8 1838  2.8 9999  9.9
21  Th        116 0057  0.7 0718  2.9 1332  0.7 1940  2.8
22  Fr        116 0157  0.6 0814  3.0 1427  0.6 2035  2.9
23  Sa        116 0248  0.5 0902  3.1 1515  0.5 2122  3.0
24  Su        116 0333  0.5 0946  3.2 1558  0.5 2205  3.0
25  Mo        116 0414  0.4 1025  3.2 1639  0.5 2245  3.0
26  Tu        116 0452  0.4 1103  3.2 1717  0.5 2322  3.0
27  We        116 0529  0.5 1139  3.1 1754  0.5 2358  2.9
28  Th        116 0605  0.6 1214  3.0 1830  0.6 9999  9.9
29  Fr        116 0034  2.9 0641  0.7 1250  2.9 1908  0.7
30  Sa        116 0111  2.8 0720  0.8 1328  2.8 1947  0.8
31  Su        116 0152  2.6 0802  1.0 1411  2.6 2031  0.9
 1  Mo        216 0239  2.5 0852  1.1 1501  2.5 2123  1.0
 2  Tu        216 0336  2.5 0952  1.2 1600  2.5 2223  1.1
 3  We        216 0442  2.4 1100  1.2 1706  2.4 2330  1.1
 4  Th        216 0551  2.5 1209  1.1 1813  2.5 9999  9.9
 5  Fr        216 0037  1.0 0654  2.6 1311  1.0 1914  2.6
 6  Sa        216 0134  0.8 0748  2.8 1404  0.8 2007  2.8
 7  Su        216 0224  0.6 0835  3.0 1451  0.6 2055  3.0
 8  Mo        216 0309  0.5 0918  3.2 1535  0.4 2140  3.1
 9  Tu        216 0352  0.3 1001  3.3 1618  0.3 2223  3.2
10  We        216 0435  0.2 1043  3.4 1701  0.2 2306  3.3
11  Th        216 0517  0.2 1127  3.4 1745  0.2 2351  3.3
12  Fr        216 0602  0.3 1212  3.3 1830  0.3 9999  9.9
13  Sa        216 0037  3.2 0648  0.4 1300  3.2 1918  0.4
14  Su        216 0126  3.1 0739  0.5 1352  3.0 2010  0.6
15  Mo        216 0222  2.9 0836  0.7 1450  2.9 2109  0.7
16  Tu        216 0325  2.7 0942  0.9 1557  2.7 2216  0.9
17  We        216 0438  2.7 1057  1.0 1711  2.6 2331  0.9
18  Th        216 0556  2.7 1213  0.9 1825  2.6 9999  9.9
19  Fr        216 0043  0.9 0705  2.8 1320  0.8 1930  2.7
20  Sa        216 0144  0.8 0801  2.9 1414  0.7 2023  2.8
21  Su        216 0233  0.6 0847  3.0 1459  0.6 2108  2.9
22  Mo        216 0315  0.5 0927  3.1 1539  0.5 2147  3.0
23  Tu        216 0353  0.5 1003  3.1 1616  0.5 2222  3.0
24  We        216 0429  0.5 1037  3.1 1651  0.5 2256  3.0
25  Th        216 0503  0.5 1110  3.1 1725  0.5 2329  3.0
26  Fr        216 0537  0.5 1143  3.0 1758  0.6 9999  9.9
27  Sa        216 0001  2.9 0610  0.6 1216  2.9 1833  0.6
28  Su        216 0035  2.8 0646  0.8 1251  2.8 1909  0.8
29  Mo        216 0112  2.7 0725  0.9 1330  2.7 1949  0.9
 1  Tu        316 0155  2.6 0810  1.0 1416  2.6 2036  1.0
 2  We        316 0247  2.5 0906  1.1 1513  2.5 2134  1.1
 3  Th        316 0352  2.5 1014  1.2 1620  2.4 2243  1.1
 4  Fr        316 0505  2.5 1127  1.1 1733  2.5 2356  1.0
 5  Sa        316 0615  2.6 1235  1.0 1841  2.6 9999  9.9
 6  Su        316 0101  0.9 0714  2.8 1333  0.8 1939  2.8
 7  Mo        316 0155  0.6 0806  3.0 1423  0.5 2030  3.0
 8  Tu        316 0244  0.4 0852  3.2 1510  0.3 2117  3.2
 9  We        316 0329  0.3 0937  3.4 1555  0.2 2202  3.3
10  Th        316 0414  0.2 1022  3.5 1639  0.1 2246  3.4
11  Fr        316 0458  0.1 1107  3.5 1724  0.1 2331  3.4
12  Sa        316 0543  0.2 1153  3.4 1810  0.2 9999  9.9
13  Su        316 0018  3.3 0631  0.3 1241  3.2 1858  0.4
14  Mo        316 0108  3.1 0722  0.5 1334  3.0 1950  0.6
15  Tu        316 0203  2.9 0819  0.7 1432  2.8 2048  0.8
16  We        316 0306  2.8 0925  0.9 1539  2.6 2155  0.9
17  Th        316 0419  2.6 1039  1.0 1654  2.5 2310  1.0
18  Fr        316 0537  2.6 1155  1.0 1809  2.6 9999  9.9
19  Sa        316 0024  1.0 0645  2.7 1300  0.9 1913  2.6
20  Su        316 0124  0.9 0740  2.8 1353  0.8 2004  2.8
21  Mo        316 0212  0.7 0824  2.9 1436  0.7 2045  2.9
22  Tu        316 0252  0.6 0902  3.0 1514  0.6 2122  3.0
23  We        316 0329  0.6 0936  3.1 1549  0.5 2156  3.0
24  Th        316 0403  0.5 1009  3.1 1623  0.5 2228  3.0
25  Fr        316 0436  0.5 1041  3.1 1656  0.5 2300  3.0
26  Sa        316 0509  0.5 1113  3.0 1728  0.5 2332  3.0
27  Su        316 0543  0.6 1145  2.9 1802  0.6 9999  9.9
28  Mo        316 0005  2.9 0618  0.7 1220  2.8 1837  0.7
29  Tu        316 0041  2.8 0656  0.8 1258  2.7 1915  0.8
30  We        316 0122  2.7 0740  1.0 1343  2.6 2001  1.0
31  Th        316 0212  2.6 0834  1.1 1439  2.5 2057  1.0
 1  Fr        416 0314  2.5 0939  1.1 1546  2.5 2205  1.1
 2  Sa        416 0425  2.5 1050  1.1 1658  2.5 2318  1.0
 3  Su        416 0536  2.7 1158  0.9 1807  2.6 9999  9.9
 4  Mo        416 0026  0.8 0639  2.8 1259  0.7 1908  2.8
 5  Tu        416 0124  0.6 0734  3.0 1353  0.5 2002  3.1
 6  We        416 0216  0.4 0824  3.2 1443  0.3 2052  3.2
 7  Th        416 0305  0.3 0912  3.4 1530  0.2 2139  3.4
 8  Fr        416 0352  0.2 0959  3.5 1617  0.1 2226  3.4
 9  Sa        416 0438  0.1 1046  3.4 1703  0.1 2312  3.4
10  Su        416 0525  0.2 1134  3.3 1750  0.2 9999  9.9
11  Mo        416 0000  3.3 0614  0.3 1224  3.2 1839  0.4
12  Tu        416 0050  3.1 0706  0.5 1317  3.0 1930  0.6
13  We        416 0145  2.9 0803  0.7 1415  2.8 2027  0.8
14  Th        416 0247  2.8 0907  0.9 1520  2.6 2132  0.9
15  Fr        416 0356  2.6 1016  1.0 1631  2.5 2243  1.0
16  Sa        416 0508  2.6 1127  1.0 1742  2.5 2354  1.0
17  Su        416 0614  2.6 1230  0.9 1844  2.6 9999  9.9
18  Mo        416 0053  0.9 0707  2.7 1321  0.8 1934  2.7
19  Tu        416 0142  0.8 0751  2.8 1405  0.7 2016  2.8
20  We        416 0223  0.7 0830  2.9 1443  0.6 2053  2.9
21  Th        416 0300  0.6 0905  3.0 1519  0.6 2127  3.0
22  Fr        416 0336  0.6 0939  3.0 1553  0.5 2201  3.0
23  Sa        416 0410  0.6 1012  3.0 1627  0.5 2233  3.0
24  Su        416 0444  0.6 1046  3.0 1701  0.5 2306  3.0
25  Mo        416 0519  0.6 1120  2.9 1736  0.6 2340  2.9
26  Tu        416 0556  0.7 1156  2.8 1812  0.7 9999  9.9
27  We        416 0017  2.9 0635  0.8 1236  2.7 1851  0.8
28  Th        416 0058  2.8 0719  0.9 1322  2.6 1937  0.9
29  Fr        416 0148  2.7 0812  1.0 1416  2.6 2031  1.0
30  Sa        416 0247  2.6 0913  1.0 1520  2.5 2135  1.0
 1  Su        516 0354  2.7 1018  0.9 1628  2.6 2244  0.9
 2  Mo        516 0501  2.7 1124  0.8 1736  2.7 2352  0.8
 3  Tu        516 0605  2.9 1226  0.7 1838  2.9 9999  9.9
 4  We        516 0054  0.6 0703  3.0 1323  0.5 1935  3.1
 5  Th        516 0150  0.5 0757  3.2 1416  0.3 2028  3.2
 6  Fr        516 0241  0.3 0848  3.3 1507  0.2 2118  3.4
 7  Sa        516 0331  0.2 0938  3.4 1555  0.1 2206  3.4
 8  Su        516 0420  0.2 1028  3.3 1643  0.2 2254  3.4
 9  Mo        516 0509  0.3 1117  3.3 1731  0.3 2343  3.3
10  Tu        516 0559  0.4 1208  3.1 1820  0.4 9999  9.9
11  We        516 0033  3.1 0651  0.5 1300  2.9 1911  0.6
12  Th        516 0126  3.0 0745  0.7 1355  2.8 2004  0.8
13  Fr        516 0224  2.8 0843  0.9 1455  2.6 2103  0.9
14  Sa        516 0325  2.7 0945  1.0 1558  2.5 2207  1.0
15  Su        516 0429  2.6 1047  1.0 1703  2.5 2312  1.1
16  Mo        516 0530  2.6 1147  1.0 1803  2.5 9999  9.9
17  Tu        516 0012  1.0 0624  2.6 1240  0.9 1855  2.6
18  We        516 0104  0.9 0711  2.7 1327  0.8 1940  2.7
19  Th        516 0149  0.8 0753  2.8 1408  0.7 2021  2.8
20  Fr        516 0229  0.8 0832  2.9 1447  0.6 2058  2.9
21  Sa        516 0308  0.7 0909  2.9 1525  0.6 2134  3.0
22  Su        516 0345  0.6 0946  2.9 1601  0.6 2209  3.0
23  Mo        516 0422  0.6 1022  2.9 1638  0.6 2244  3.0
24  Tu        516 0459  0.6 1059  2.9 1714  0.6 2320  3.0
25  We        516 0538  0.7 1138  2.8 1752  0.6 2359  2.9
26  Th        516 0619  0.7 1219  2.8 1832  0.7 9999  9.9
27  Fr        516 0041  2.9 0703  0.8 1305  2.7 1918  0.8
28  Sa        516 0129  2.8 0754  0.8 1358  2.7 2010  0.9
29  Su        516 0225  2.8 0850  0.8 1457  2.7 2110  0.9
30  Mo        516 0327  2.8 0950  0.8 1601  2.7 2215  0.9
31  Tu        516 0431  2.8 1053  0.7 1706  2.8 2322  0.8
 1  We        616 0534  2.9 1156  0.6 1811  2.9 9999  9.9
 2  Th        616 0026  0.7 0635  3.0 1257  0.5 1911  3.0
 3  Fr        616 0126  0.5 0733  3.1 1353  0.4 2007  3.2
 4  Sa        616 0221  0.4 0828  3.2 1447  0.3 2100  3.3
 5  Su        616 0314  0.3 0921  3.2 1537  0.2 2150  3.3
 6  Mo        616 0404  0.3 1011  3.2 1626  0.3 2238  3.3
 7  Tu        616 0454  0.3 1101  3.2 1713  0.3 2326  3.3
 8  We        616 0543  0.4 1150  3.1 1800  0.4 9999  9.9
 9  Th        616 0014  3.1 0632  0.5 1240  2.9 1848  0.6
10  Fr        616 0103  3.0 0721  0.7 1330  2.8 1937  0.7
11  Sa        616 0154  2.8 0812  0.8 1421  2.6 2028  0.9
12  Su        616 0247  2.7 0905  0.9 1516  2.5 2123  1.0
13  Mo        616 0342  2.6 1000  1.0 1614  2.5 2222  1.1
14  Tu        616 0438  2.6 1056  1.0 1713  2.5 2323  1.1
15  We        616 0533  2.6 1152  1.0 1809  2.6 9999  9.9
16  Th        616 0020  1.0 0626  2.6 1244  0.9 1901  2.6
17  Fr        616 0111  1.0 0714  2.7 1332  0.8 1947  2.7
18  Sa        616 0158  0.9 0759  2.7 1417  0.7 2029  2.8
19  Su        616 0241  0.8 0841  2.8 1458  0.6 2109  2.9
20  Mo        616 0321  0.7 0922  2.9 1538  0.6 2147  3.0
21  Tu        616 0401  0.6 1002  2.9 1616  0.6 2224  3.0
22  We        616 0440  0.6 1041  2.9 1655  0.5 2302  3.1
23  Th        616 0520  0.6 1122  2.9 1734  0.6 2342  3.1
24  Fr        616 0602  0.6 1204  2.9 1815  0.6 9999  9.9
25  Sa        616 0024  3.0 0646  0.6 1249  2.9 1900  0.7
26  Su        616 0111  3.0 0734  0.7 1339  2.8 1950  0.7
27  Mo        616 0204  2.9 0827  0.7 1434  2.8 2046  0.8
28  Tu        616 0302  2.9 0924  0.7 1535  2.8 2149  0.8
29  We        616 0404  2.8 1026  0.7 1641  2.8 2257  0.8
30  Th        616 0509  2.9 1131  0.7 1748  2.8 9999  9.9
 1  Fr        716 0004  0.7 0614  2.9 1235  0.6 1853  2.9
 2  Sa        716 0108  0.6 0716  3.0 1336  0.5 1952  3.1
 3  Su        716 0207  0.5 0814  3.0 1431  0.4 2046  3.2
 4  Mo        716 0301  0.4 0908  3.1 1522  0.4 2136  3.2
 5  Tu        716 0351  0.4 0958  3.1 1610  0.3 2223  3.3
 6  We        716 0438  0.4 1045  3.1 1655  0.4 2308  3.2
 7  Th        716 0523  0.4 1130  3.0 1739  0.4 2351  3.1
 8  Fr        716 0608  0.5 1214  2.9 1821  0.6 9999  9.9
 9  Sa        716 0035  3.0 0651  0.6 1257  2.8 1904  0.7
10  Su        716 0118  2.9 0735  0.7 1342  2.7 1949  0.8
11  Mo        716 0203  2.8 0821  0.9 1429  2.6 2037  1.0
12  Tu        716 0251  2.6 0910  0.9 1520  2.5 2131  1.1
13  We        716 0344  2.6 1003  1.0 1618  2.5 2230  1.1
14  Th        716 0440  2.5 1100  1.0 1719  2.5 2332  1.1
15  Fr        716 0538  2.5 1159  1.0 1819  2.5 9999  9.9
16  Sa        716 0032  1.1 0635  2.6 1256  0.9 1913  2.7
17  Su        716 0126  1.0 0727  2.7 1347  0.8 2001  2.8
18  Mo        716 0214  0.8 0815  2.8 1432  0.7 2044  2.9
19  Tu        716 0258  0.7 0859  2.9 1515  0.6 2124  3.0
20  We        716 0339  0.6 0941  2.9 1555  0.5 2203  3.1
21  Th        716 0420  0.5 1022  3.0 1634  0.4 2242  3.2
22  Fr        716 0500  0.5 1103  3.1 1715  0.4 2323  3.2
23  Sa        716 0542  0.4 1145  3.1 1756  0.4 9999  9.9
24  Su        716 0005  3.2 0626  0.5 1230  3.0 1841  0.5
25  Mo        716 0052  3.1 0712  0.5 1318  3.0 1930  0.6
26  Tu        716 0142  3.0 0803  0.6 1412  2.9 2025  0.7
27  We        716 0239  2.9 0900  0.7 1512  2.8 2127  0.8
28  Th        716 0342  2.8 1002  0.8 1620  2.7 2237  0.9
29  Fr        716 0450  2.8 1111  0.8 1731  2.8 2349  0.8
30  Sa        716 0559  2.8 1220  0.7 1841  2.9 9999  9.9
31  Su        716 0057  0.8 0706  2.8 1324  0.6 1942  3.0
 1  Mo        816 0157  0.6 0805  2.9 1420  0.5 2035  3.1
 2  Tu        816 0249  0.5 0857  3.0 1509  0.4 2122  3.2
 3  We        816 0336  0.5 0944  3.1 1553  0.4 2205  3.2
 4  Th        816 0420  0.4 1026  3.1 1634  0.4 2246  3.2
 5  Fr        816 0500  0.4 1106  3.0 1714  0.4 2324  3.1
 6  Sa        816 0539  0.5 1144  3.0 1752  0.5 9999  9.9
 7  Su        816 0002  3.0 0618  0.6 1222  2.9 1830  0.6
 8  Mo        816 0039  2.9 0656  0.7 1300  2.8 1909  0.8
 9  Tu        816 0118  2.8 0736  0.8 1341  2.7 1952  0.9
10  We        816 0201  2.7 0820  0.9 1428  2.6 2041  1.1
11  Th        816 0250  2.5 0910  1.0 1523  2.5 2139  1.2
12  Fr        816 0348  2.5 1009  1.1 1627  2.4 2245  1.2
13  Sa        816 0451  2.4 1114  1.1 1735  2.5 2353  1.1
14  Su        816 0556  2.5 1219  1.0 1838  2.6 9999  9.9
15  Mo        816 0054  1.0 0656  2.6 1316  0.9 1930  2.7
16  Tu        816 0146  0.9 0749  2.7 1405  0.7 2016  2.9
17  We        816 0232  0.7 0835  2.9 1450  0.6 2058  3.1
18  Th        816 0314  0.5 0919  3.0 1531  0.4 2139  3.2
19  Fr        816 0356  0.4 1000  3.1 1612  0.3 2219  3.3
20  Sa        816 0437  0.3 1042  3.2 1653  0.3 2301  3.3
21  Su        816 0520  0.3 1124  3.2 1736  0.3 2345  3.3
22  Mo        816 0604  0.3 1209  3.2 1821  0.4 9999  9.9
23  Tu        816 0031  3.2 0650  0.4 1257  3.1 1910  0.5
24  We        816 0122  3.1 0741  0.5 1350  2.9 2006  0.7
25  Th        816 0219  2.9 0837  0.7 1452  2.8 2109  0.8
26  Fr        816 0323  2.8 0942  0.8 1603  2.7 2222  0.9
27  Sa        816 0436  2.7 1055  0.9 1719  2.7 2338  0.9
28  Su        816 0551  2.7 1209  0.8 1832  2.8 9999  9.9
29  Mo        816 0048  0.8 0659  2.7 1314  0.7 1932  2.9
30  Tu        816 0146  0.7 0756  2.8 1408  0.6 2022  3.0
31  We        816 0235  0.6 0844  2.9 1453  0.5 2105  3.1
 1  Th        916 0318  0.5 0926  3.0 1534  0.5 2144  3.2
 2  Fr        916 0357  0.4 1004  3.1 1611  0.4 2220  3.2
 3  Sa        916 0434  0.4 1039  3.1 1647  0.4 2254  3.1
 4  Su        916 0509  0.5 1113  3.0 1722  0.5 2328  3.1
 5  Mo        916 0543  0.5 1147  3.0 1756  0.6 9999  9.9
 6  Tu        916 0002  2.9 0618  0.6 1222  2.9 1833  0.7
 7  We        916 0037  2.8 0655  0.8 1259  2.7 1912  0.9
 8  Th        916 0117  2.7 0735  0.9 1342  2.6 1958  1.0
 9  Fr        916 0203  2.5 0823  1.0 1434  2.5 2053  1.1
10  Sa        916 0300  2.4 0920  1.1 1538  2.4 2200  1.2
11  Su        916 0407  2.4 1028  1.1 1650  2.4 2312  1.2
12  Mo        916 0518  2.4 1140  1.1 1759  2.6 9999  9.9
13  Tu        916 0018  1.0 0624  2.6 1243  0.9 1856  2.7
14  We        916 0114  0.8 0720  2.7 1336  0.7 1945  2.9
15  Th        916 0202  0.6 0808  2.9 1422  0.5 2030  3.1
16  Fr        916 0247  0.4 0853  3.1 1506  0.4 2113  3.3
17  Sa        916 0330  0.3 0936  3.3 1548  0.2 2155  3.4
18  Su        916 0413  0.2 1019  3.4 1631  0.2 2239  3.4
19  Mo        916 0457  0.2 1103  3.4 1716  0.2 2324  3.4
20  Tu        916 0541  0.2 1149  3.3 1802  0.3 9999  9.9
21  We        916 0011  3.2 0629  0.3 1238  3.2 1853  0.5
22  Th        916 0103  3.1 0720  0.5 1332  3.0 1949  0.7
23  Fr        916 0201  2.9 0817  0.7 1434  2.8 2054  0.8
24  Sa        916 0308  2.7 0924  0.9 1547  2.7 2208  0.9
25  Su        916 0423  2.6 1039  1.0 1705  2.7 2325  0.9
26  Mo        916 0540  2.6 1155  0.9 1817  2.7 9999  9.9
27  Tu        916 0034  0.9 0648  2.7 1259  0.8 1916  2.8
28  We        916 0130  0.7 0742  2.8 1350  0.7 2003  2.9
29  Th        916 0215  0.6 0826  2.9 1433  0.6 2043  3.0
30  Fr        916 0255  0.5 0904  3.0 1511  0.5 2119  3.1
 1  Sa       1016 0331  0.5 0939  3.0 1546  0.5 2152  3.1
 2  Su       1016 0405  0.5 1012  3.1 1620  0.5 2225  3.1
 3  Mo       1016 0439  0.5 1044  3.1 1653  0.5 2257  3.0
 4  Tu       1016 0512  0.5 1116  3.0 1727  0.6 2329  2.9
 5  We       1016 0545  0.6 1149  2.9 1802  0.7 9999  9.9
 6  Th       1016 0004  2.8 0620  0.7 1225  2.8 1840  0.9
 7  Fr       1016 0042  2.7 0659  0.8 1305  2.7 1924  1.0
 8  Sa       1016 0126  2.6 0744  1.0 1354  2.6 2017  1.1
 9  Su       1016 0221  2.5 0839  1.1 1455  2.5 2121  1.1
10  Mo       1016 0327  2.4 0945  1.1 1606  2.5 2231  1.1
11  Tu       1016 0439  2.4 1058  1.1 1716  2.6 2339  1.0
12  We       1016 0548  2.6 1205  0.9 1818  2.8 9999  9.9
13  Th       1016 0038  0.8 0647  2.8 1302  0.7 1911  3.0
14  Fr       1016 0130  0.6 0739  3.0 1353  0.5 2000  3.2
15  Sa       1016 0218  0.4 0827  3.2 1440  0.3 2046  3.3
16  Su       1016 0304  0.2 0913  3.3 1526  0.2 2132  3.4
17  Mo       1016 0350  0.1 0958  3.4 1611  0.1 2218  3.4
18  Tu       1016 0435  0.1 1044  3.4 1658  0.2 2305  3.4
19  We       1016 0522  0.2 1131  3.4 1746  0.3 2354  3.2
20  Th       1016 0610  0.3 1221  3.2 1838  0.4 9999  9.9
21  Fr       1016 0047  3.0 0702  0.5 1315  3.0 1934  0.6
22  Sa       1016 0146  2.8 0758  0.7 1417  2.8 2038  0.8
23  Su       1016 0251  2.7 0903  0.9 1527  2.7 2148  0.9
24  Mo       1016 0404  2.6 1015  1.0 1642  2.6 2301  1.0
25  Tu       1016 0518  2.5 1129  1.0 1751  2.7 9999  9.9
26  We       1016 0008  0.9 0624  2.6 1233  0.9 1848  2.8
27  Th       1016 0103  0.8 0717  2.7 1325  0.8 1935  2.8
28  Fr       1016 0148  0.7 0801  2.8 1407  0.7 2015  2.9
29  Sa       1016 0228  0.6 0839  2.9 1445  0.6 2051  3.0
30  Su       1016 0304  0.5 0913  3.0 1521  0.6 2124  3.0
31  Mo       1016 0338  0.5 0946  3.0 1555  0.6 2157  3.0
 1  Tu       1116 0412  0.5 1019  3.1 1629  0.6 2230  3.0
 2  We       1116 0445  0.5 1051  3.0 1704  0.6 2304  2.9
 3  Th       1116 0519  0.6 1124  3.0 1739  0.7 2339  2.8
 4  Fr       1116 0554  0.7 1200  2.9 1817  0.8 9999  9.9
 5  Sa       1116 0017  2.7 0632  0.8 1239  2.8 1900  0.9
 6  Su       1116 0100  2.6 0715  0.9 1325  2.7 1949  1.0
 7  Mo       1116 0152  2.5 0806  1.0 1421  2.6 2047  1.0
 8  Tu       1116 0253  2.5 0908  1.1 1526  2.6 2152  1.0
 9  We       1116 0401  2.5 1016  1.0 1634  2.6 2258  0.9
10  Th       1116 0509  2.6 1125  0.9 1738  2.8 9999  9.9
11  Fr       1116 0001  0.8 0613  2.8 1228  0.8 1837  2.9
12  Sa       1116 0058  0.6 0710  3.0 1324  0.6 1931  3.1
13  Su       1116 0151  0.4 0802  3.2 1416  0.4 2022  3.3
14  Mo       1116 0241  0.2 0852  3.3 1505  0.2 2111  3.4
15  Tu       1116 0329  0.1 0940  3.4 1554  0.2 2200  3.4
16  We       1116 0417  0.1 1028  3.4 1643  0.2 2250  3.3
17  Th       1116 0505  0.2 1116  3.4 1732  0.3 2340  3.2
18  Fr       1116 0554  0.3 1206  3.2 1824  0.4 9999  9.9
19  Sa       1116 0032  3.0 0644  0.5 1259  3.1 1918  0.6
20  Su       1116 0128  2.8 0738  0.7 1356  2.9 2016  0.8
21  Mo       1116 0228  2.7 0836  0.9 1458  2.7 2119  0.9
22  Tu       1116 0332  2.6 0941  1.0 1604  2.6 2224  1.0
23  We       1116 0440  2.5 1049  1.0 1710  2.6 2328  1.0
24  Th       1116 0545  2.5 1154  1.0 1808  2.6 9999  9.9
25  Fr       1116 0025  0.9 0642  2.6 1250  0.9 1859  2.7
26  Sa       1116 0114  0.8 0729  2.7 1336  0.9 1942  2.8
27  Su       1116 0156  0.7 0810  2.8 1418  0.8 2021  2.8
28  Mo       1116 0236  0.6 0847  2.9 1456  0.7 2058  2.9
29  Tu       1116 0313  0.6 0923  3.0 1533  0.6 2134  2.9
30  We       1116 0349  0.5 0957  3.0 1609  0.6 2210  2.9
 1  Th       1216 0424  0.5 1031  3.0 1645  0.6 2245  2.9
 2  Fr       1216 0459  0.6 1106  3.0 1722  0.7 2321  2.9
 3  Sa       1216 0535  0.6 1141  3.0 1800  0.7 9999  9.9
 4  Su       1216 0000  2.8 0612  0.7 1220  2.9 1841  0.8
 5  Mo       1216 0041  2.7 0653  0.8 1303  2.8 1927  0.8
 6  Tu       1216 0129  2.7 0741  0.9 1354  2.8 2019  0.9
 7  We       1216 0224  2.6 0836  0.9 1452  2.7 2117  0.9
 8  Th       1216 0326  2.6 0939  0.9 1556  2.7 2220  0.8
 9  Fr       1216 0432  2.7 1048  0.9 1701  2.8 2324  0.7
10  Sa       1216 0539  2.8 1155  0.8 1805  2.9 9999  9.9
11  Su       1216 0027  0.6 0642  2.9 1258  0.6 1905  3.0
12  Mo       1216 0126  0.5 0741  3.1 1356  0.5 2002  3.1
13  Tu       1216 0221  0.3 0835  3.3 1449  0.3 2056  3.2
14  We       1216 0313  0.2 0926  3.4 1540  0.3 2147  3.3
15  Th       1216 0402  0.2 1015  3.4 1630  0.3 2238  3.3
16  Fr       1216 0450  0.2 1103  3.4 1719  0.3 2327  3.2
17  Sa       1216 0538  0.3 1151  3.3 1808  0.4 9999  9.9
18  Su       1216 0016  3.0 0625  0.4 1240  3.1 1858  0.5
19  Mo       1216 0106  2.9 0713  0.6 1330  3.0 1948  0.7
20  Tu       1216 0157  2.7 0804  0.8 1422  2.8 2041  0.8
21  We       1216 0251  2.6 0859  1.0 1518  2.7 2136  0.9
22  Th       1216 0350  2.5 0959  1.1 1616  2.6 2235  1.0
23  Fr       1216 0452  2.5 1103  1.1 1716  2.5 2335  1.0
24  Sa       1216 0555  2.5 1205  1.1 1813  2.6 9999  9.9
25  Su       1216 0031  1.0 0651  2.6 1300  1.0 1904  2.6
26  Mo       1216 0122  0.9 0739  2.7 1349  0.9 1951  2.7
27  Tu       1216 0207  0.8 0822  2.8 1432  0.8 2034  2.8
28  We       1216 0249  0.7 0901  2.9 1512  0.7 2114  2.8
29  Th       1216 0328  0.6 0938  3.0 1551  0.6 2152  2.9
30  Fr       1216 0405  0.5 1014  3.0 1628  0.6 2229  2.9
31  Sa       1216 0442  0.5 1049  3.1 1706  0.6 2306  2.9
