070Auckland
Based on data from  1-Jan-2012
Local Std Time, tidal heights in metres.
 1  Fr        722 0234  1.0 0856  2.9 1448  0.8 2115  3.1
 2  Sa        722 0314  1.0 0935  2.9 1526  0.8 2153  3.1
 3  Su        722 0355  1.0 1015  2.9 1604  0.8 2232  3.1
 4  Mo        722 0436  1.0 1054  2.9 1644  0.8 2312  3.1
 5  Tu        722 0518  1.0 1135  2.9 1727  0.9 2355  3.0
 6  We        722 0602  0.9 1218  2.9 1813  0.9 9999  9.9
 7  Th        722 0040  3.0 0648  0.9 1306  2.9 1905  1.0
 8  Fr        722 0128  3.0 0738  0.9 1359  2.9 2002  1.0
 9  Sa        722 0220  3.0 0832  0.9 1459  2.9 2102  1.0
10  Su        722 0315  3.0 0931  0.8 1602  3.0 2203  0.9
11  Mo        722 0414  3.1 1031  0.7 1704  3.1 2302  0.8
12  Tu        722 0515  3.1 1130  0.6 1803  3.3 9999  9.9
13  We        722 0000  0.7 0617  3.2 1228  0.5 1900  3.4
14  Th        722 0057  0.6 0717  3.3 1323  0.4 1954  3.5
15  Fr        722 0152  0.5 0814  3.4 1416  0.3 2047  3.6
16  Sa        722 0247  0.5 0909  3.4 1508  0.3 2139  3.6
17  Su        722 0342  0.5 1002  3.4 1600  0.4 2231  3.5
18  Mo        722 0435  0.5 1054  3.3 1651  0.5 2323  3.4
19  Tu        722 0528  0.5 1145  3.2 1743  0.6 9999  9.9
20  We        722 0015  3.3 0619  0.6 1237  3.1 1838  0.8
21  Th        722 0106  3.2 0711  0.7 1330  3.0 1936  0.9
22  Fr        722 0158  3.1 0804  0.8 1426  2.9 2034  1.0
23  Sa        722 0251  3.0 0857  0.9 1524  2.8 2132  1.1
24  Su        722 0344  2.9 0952  0.9 1622  2.8 2227  1.1
25  Mo        722 0437  2.8 1046  0.9 1716  2.8 2318  1.1
26  Tu        722 0530  2.8 1136  0.9 1805  2.9 9999  9.9
27  We        722 0005  1.1 0620  2.8 1223  0.9 1850  3.0
28  Th        722 0049  1.0 0707  2.8 1306  0.8 1932  3.0
29  Fr        722 0130  1.0 0751  2.9 1345  0.8 2011  3.1
30  Sa        722 0210  0.9 0832  2.9 1423  0.7 2049  3.1
31  Su        722 0250  0.9 0911  3.0 1501  0.7 2126  3.1
 1  Mo        822 0329  0.8 0949  3.0 1539  0.7 2205  3.1
 2  Tu        822 0409  0.8 1028  3.0 1618  0.7 2245  3.1
 3  We        822 0449  0.8 1108  3.0 1700  0.8 2326  3.1
 4  Th        822 0531  0.8 1151  3.0 1745  0.8 9999  9.9
 5  Fr        822 0011  3.1 0617  0.8 1238  2.9 1836  0.9
 6  Sa        822 0058  3.0 0706  0.8 1331  2.9 1933  0.9
 7  Su        822 0151  3.0 0802  0.8 1432  2.9 2036  0.9
 8  Mo        822 0249  3.0 0904  0.8 1539  3.0 2140  0.9
 9  Tu        822 0352  3.0 1009  0.7 1644  3.1 2243  0.8
10  We        822 0458  3.0 1113  0.6 1746  3.2 2344  0.7
11  Th        822 0603  3.1 1212  0.5 1843  3.4 9999  9.9
12  Fr        822 0041  0.6 0703  3.2 1308  0.4 1936  3.5
13  Sa        822 0137  0.5 0759  3.3 1400  0.3 2028  3.5
14  Su        822 0230  0.4 0852  3.4 1450  0.3 2118  3.6
15  Mo        822 0321  0.4 0942  3.4 1539  0.4 2208  3.5
16  Tu        822 0410  0.4 1030  3.3 1627  0.5 2256  3.4
17  We        822 0458  0.5 1117  3.2 1715  0.6 2344  3.3
18  Th        822 0545  0.6 1205  3.1 1805  0.8 9999  9.9
19  Fr        822 0032  3.1 0633  0.7 1254  3.0 1859  0.9
20  Sa        822 0121  3.0 0722  0.8 1347  2.8 1956  1.1
21  Su        822 0212  2.8 0816  0.9 1445  2.8 2055  1.1
22  Mo        822 0306  2.7 0913  1.0 1545  2.7 2153  1.2
23  Tu        822 0402  2.7 1012  1.0 1642  2.7 2247  1.1
24  We        822 0459  2.7 1107  1.0 1734  2.8 2336  1.1
25  Th        822 0552  2.7 1156  0.9 1820  2.9 9999  9.9
26  Fr        822 0021  1.0 0641  2.8 1239  0.8 1902  3.0
27  Sa        822 0103  0.9 0724  2.9 1319  0.8 1942  3.1
28  Su        822 0143  0.9 0805  3.0 1357  0.7 2020  3.1
29  Mo        822 0222  0.8 0844  3.1 1435  0.6 2058  3.2
30  Tu        822 0301  0.7 0923  3.1 1514  0.6 2137  3.2
31  We        822 0341  0.6 1002  3.1 1554  0.6 2218  3.2
 1  Th        922 0421  0.6 1043  3.1 1636  0.7 2300  3.2
 2  Fr        922 0504  0.6 1127  3.1 1722  0.7 2346  3.1
 3  Sa        922 0550  0.7 1215  3.0 1814  0.8 9999  9.9
 4  Su        922 0035  3.0 0640  0.7 1310  3.0 1913  0.9
 5  Mo        922 0130  3.0 0738  0.8 1414  2.9 2018  0.9
 6  Tu        922 0231  2.9 0844  0.8 1522  3.0 2125  0.9
 7  We        922 0338  2.9 0953  0.8 1628  3.0 2229  0.8
 8  Th        922 0447  3.0 1059  0.7 1729  3.2 2330  0.7
 9  Fr        922 0551  3.1 1158  0.6 1825  3.3 9999  9.9
10  Sa        922 0026  0.6 0650  3.2 1252  0.4 1918  3.4
11  Su        922 0119  0.4 0743  3.3 1342  0.4 2007  3.5
12  Mo        922 0209  0.4 0832  3.4 1430  0.4 2055  3.5
13  Tu        922 0257  0.4 0919  3.4 1515  0.4 2142  3.4
14  We        922 0342  0.4 1004  3.3 1600  0.5 2227  3.3
15  Th        922 0426  0.5 1047  3.2 1645  0.7 2312  3.2
16  Fr        922 0509  0.6 1131  3.1 1731  0.8 2357  3.0
17  Sa        922 0553  0.7 1217  2.9 1821  1.0 9999  9.9
18  Su        922 0043  2.9 0640  0.9 1306  2.8 1915  1.1
19  Mo        922 0132  2.7 0731  1.0 1402  2.7 2014  1.2
20  Tu        922 0226  2.6 0830  1.1 1503  2.7 2114  1.2
21  We        922 0324  2.6 0933  1.1 1603  2.7 2211  1.2
22  Th        922 0424  2.6 1032  1.0 1657  2.7 2302  1.1
23  Fr        922 0520  2.7 1123  1.0 1744  2.8 2348  1.0
24  Sa        922 0609  2.8 1208  0.9 1827  2.9 9999  9.9
25  Su        922 0031  0.9 0654  2.9 1249  0.7 1908  3.0
26  Mo        922 0112  0.8 0736  3.0 1328  0.6 1948  3.1
27  Tu        922 0152  0.6 0816  3.1 1408  0.6 2028  3.2
28  We        922 0233  0.5 0856  3.2 1449  0.5 2110  3.2
29  Th        922 0314  0.5 0938  3.2 1531  0.5 2153  3.2
30  Fr        922 0356  0.5 1021  3.2 1616  0.6 2238  3.2
 1  Sa       1022 0441  0.5 1107  3.2 1705  0.7 2327  3.1
 2  Su       1022 0528  0.6 1158  3.1 1759  0.8 9999  9.9
 3  Mo       1022 0019  3.0 0621  0.7 1256  3.0 1900  0.8
 4  Tu       1022 0116  2.9 0721  0.8 1400  3.0 2005  0.9
 5  We       1022 0220  2.9 0829  0.8 1507  3.0 2112  0.8
 6  Th       1022 0328  2.9 0940  0.8 1612  3.1 2216  0.8
 7  Fr       1022 0435  2.9 1045  0.7 1711  3.1 2315  0.7
 8  Sa       1022 0537  3.0 1143  0.6 1805  3.2 9999  9.9
 9  Su       1022 0009  0.5 0633  3.2 1235  0.5 1856  3.3
10  Mo       1022 0100  0.5 0724  3.3 1323  0.5 1944  3.3
11  Tu       1022 0147  0.4 0811  3.3 1408  0.5 2030  3.3
12  We       1022 0231  0.4 0855  3.3 1451  0.5 2115  3.3
13  Th       1022 0314  0.4 0937  3.3 1533  0.6 2158  3.2
14  Fr       1022 0355  0.5 1018  3.2 1616  0.7 2240  3.0
15  Sa       1022 0435  0.6 1059  3.1 1659  0.9 2323  2.9
16  Su       1022 0516  0.7 1141  2.9 1746  1.0 9999  9.9
17  Mo       1022 0006  2.8 0600  0.9 1228  2.8 1837  1.1
18  Tu       1022 0053  2.7 0648  1.0 1320  2.7 1932  1.1
19  We       1022 0145  2.6 0745  1.1 1418  2.7 2031  1.2
20  Th       1022 0242  2.6 0847  1.1 1516  2.7 2128  1.1
21  Fr       1022 0342  2.6 0948  1.1 1611  2.7 2220  1.1
22  Sa       1022 0440  2.7 1043  1.0 1700  2.8 2309  0.9
23  Su       1022 0532  2.8 1131  0.9 1746  2.9 2354  0.8
24  Mo       1022 0620  2.9 1215  0.8 1830  3.0 9999  9.9
25  Tu       1022 0038  0.7 0704  3.1 1258  0.6 1914  3.1
26  We       1022 0121  0.5 0748  3.2 1341  0.5 1959  3.2
27  Th       1022 0205  0.4 0831  3.3 1425  0.5 2045  3.3
28  Fr       1022 0249  0.4 0916  3.3 1511  0.5 2132  3.3
29  Sa       1022 0335  0.4 1003  3.3 1559  0.5 2221  3.2
30  Su       1022 0422  0.4 1052  3.3 1652  0.6 2312  3.1
31  Mo       1022 0512  0.5 1145  3.2 1748  0.7 9999  9.9
 1  Tu       1122 0007  3.0 0607  0.6 1244  3.1 1849  0.8
 2  We       1122 0105  3.0 0708  0.7 1346  3.1 1953  0.8
 3  Th       1122 0208  2.9 0815  0.8 1450  3.0 2057  0.8
 4  Fr       1122 0314  2.9 0924  0.8 1551  3.1 2158  0.7
 5  Sa       1122 0419  2.9 1028  0.8 1649  3.1 2255  0.7
 6  Su       1122 0520  3.0 1124  0.7 1742  3.2 2348  0.6
 7  Mo       1122 0614  3.1 1215  0.7 1832  3.2 9999  9.9
 8  Tu       1122 0037  0.5 0703  3.2 1301  0.6 1920  3.2
 9  We       1122 0123  0.5 0749  3.2 1345  0.6 2006  3.2
10  Th       1122 0206  0.5 0831  3.2 1427  0.7 2049  3.1
11  Fr       1122 0246  0.5 0912  3.2 1509  0.7 2131  3.0
12  Sa       1122 0326  0.6 0951  3.1 1550  0.8 2212  3.0
13  Su       1122 0404  0.7 1031  3.0 1632  0.9 2253  2.9
14  Mo       1122 0444  0.8 1111  3.0 1716  1.0 2335  2.8
15  Tu       1122 0525  0.9 1154  2.9 1803  1.0 9999  9.9
16  We       1122 0018  2.7 0611  1.0 1241  2.8 1853  1.1
17  Th       1122 0106  2.6 0702  1.0 1333  2.7 1945  1.1
18  Fr       1122 0158  2.6 0759  1.1 1426  2.7 2039  1.1
19  Sa       1122 0255  2.6 0859  1.1 1520  2.8 2132  1.0
20  Su       1122 0354  2.7 0957  1.0 1612  2.8 2224  0.9
21  Mo       1122 0450  2.8 1050  0.9 1702  2.9 2314  0.8
22  Tu       1122 0543  2.9 1139  0.8 1752  3.0 9999  9.9
23  We       1122 0003  0.6 0633  3.1 1227  0.7 1842  3.1
24  Th       1122 0052  0.5 0721  3.2 1315  0.6 1932  3.2
25  Fr       1122 0140  0.4 0809  3.4 1403  0.5 2023  3.3
26  Sa       1122 0228  0.3 0857  3.4 1454  0.5 2115  3.3
27  Su       1122 0317  0.3 0947  3.5 1546  0.5 2207  3.3
28  Mo       1122 0406  0.3 1038  3.4 1640  0.5 2300  3.2
29  Tu       1122 0458  0.4 1132  3.4 1737  0.6 2355  3.1
30  We       1122 0553  0.6 1229  3.3 1836  0.6 9999  9.9
 1  Th       1222 0052  3.0 0653  0.7 1328  3.2 1935  0.7
 2  Fr       1222 0152  3.0 0757  0.8 1427  3.1 2035  0.7
 3  Sa       1222 0254  2.9 0903  0.9 1526  3.1 2134  0.7
 4  Su       1222 0357  2.9 1005  0.9 1622  3.0 2230  0.7
 5  Mo       1222 0456  3.0 1101  0.9 1715  3.0 2323  0.7
 6  Tu       1222 0551  3.0 1152  0.8 1807  3.0 9999  9.9
 7  We       1222 0012  0.7 0641  3.1 1239  0.8 1855  3.0
 8  Th       1222 0058  0.6 0726  3.1 1323  0.8 1942  3.0
 9  Fr       1222 0141  0.6 0809  3.1 1405  0.8 2026  3.0
10  Sa       1222 0222  0.6 0849  3.1 1446  0.9 2108  2.9
11  Su       1222 0300  0.7 0928  3.1 1527  0.9 2148  2.9
12  Mo       1222 0338  0.7 1006  3.1 1608  0.9 2227  2.9
13  Tu       1222 0417  0.8 1044  3.0 1649  0.9 2307  2.8
14  We       1222 0456  0.8 1125  3.0 1732  1.0 2347  2.8
15  Th       1222 0538  0.9 1207  2.9 1816  1.0 9999  9.9
16  Fr       1222 0030  2.7 0624  1.0 1252  2.9 1902  1.0
17  Sa       1222 0117  2.7 0715  1.0 1340  2.8 1952  1.0
18  Su       1222 0209  2.7 0812  1.1 1431  2.8 2044  1.0
19  Mo       1222 0307  2.7 0910  1.0 1524  2.9 2139  0.9
20  Tu       1222 0407  2.8 1008  1.0 1619  2.9 2235  0.8
21  We       1222 0506  2.9 1104  0.9 1715  3.0 2330  0.7
22  Th       1222 0603  3.1 1158  0.8 1812  3.1 9999  9.9
23  Fr       1222 0025  0.5 0656  3.3 1251  0.6 1909  3.2
24  Sa       1222 0118  0.4 0748  3.4 1345  0.5 2005  3.3
25  Su       1222 0209  0.3 0840  3.5 1438  0.5 2100  3.3
26  Mo       1222 0300  0.3 0931  3.5 1532  0.4 2153  3.3
27  Tu       1222 0352  0.3 1023  3.5 1627  0.5 2246  3.3
28  We       1222 0443  0.4 1116  3.5 1721  0.5 2339  3.2
29  Th       1222 0537  0.5 1210  3.4 1816  0.6 9999  9.9
30  Fr       1222 0033  3.1 0634  0.7 1305  3.3 1912  0.6
31  Sa       1222 0129  3.0 0733  0.8 1400  3.2 2007  0.7
 1  Su        123 0228  3.0 0835  0.9 1456  3.1 2103  0.8
 2  Mo        123 0328  2.9 0936  1.0 1551  3.0 2200  0.8
 3  Tu        123 0428  2.9 1034  1.0 1646  2.9 2254  0.8
 4  We        123 0525  2.9 1127  1.0 1739  2.9 2346  0.8
 5  Th        123 0616  3.0 1215  1.0 1831  2.9 9999  9.9
 6  Fr        123 0034  0.8 0703  3.0 1301  1.0 1919  2.9
 7  Sa        123 0118  0.8 0746  3.0 1344  1.0 2004  2.9
 8  Su        123 0159  0.7 0826  3.1 1425  0.9 2046  2.9
 9  Mo        123 0237  0.7 0904  3.1 1505  0.9 2125  2.9
10  Tu        123 0315  0.7 0942  3.1 1544  0.9 2203  2.9
11  We        123 0352  0.8 1019  3.1 1622  0.9 2240  2.9
12  Th        123 0429  0.8 1056  3.0 1702  0.9 2318  2.9
13  Fr        123 0509  0.8 1136  3.0 1742  0.9 2358  2.9
14  Sa        123 0551  0.9 1217  3.0 1824  0.9 9999  9.9
15  Su        123 0041  2.8 0638  1.0 1301  3.0 1910  0.9
16  Mo        123 0130  2.8 0731  1.0 1350  2.9 2001  0.9
17  Tu        123 0226  2.8 0830  1.0 1443  2.9 2058  0.9
18  We        123 0329  2.8 0932  1.0 1541  2.9 2159  0.8
19  Th        123 0434  2.9 1033  0.9 1644  3.0 2302  0.7
20  Fr        123 0536  3.1 1133  0.8 1748  3.1 9999  9.9
21  Sa        123 0002  0.6 0634  3.3 1231  0.7 1851  3.2
22  Su        123 0059  0.5 0729  3.4 1327  0.6 1949  3.3
23  Mo        123 0152  0.3 0822  3.5 1423  0.5 2045  3.4
24  Tu        123 0244  0.3 0914  3.6 1516  0.4 2137  3.4
25  We        123 0335  0.3 1005  3.6 1609  0.4 2228  3.4
26  Th        123 0425  0.4 1056  3.6 1700  0.4 2319  3.4
27  Fr        123 0517  0.5 1147  3.4 1751  0.5 9999  9.9
28  Sa        123 0009  3.2 0610  0.7 1238  3.3 1842  0.6
29  Su        123 0101  3.1 0705  0.8 1330  3.1 1934  0.7
30  Mo        123 0157  3.0 0804  1.0 1423  3.0 2028  0.9
31  Tu        123 0256  2.9 0904  1.1 1518  2.9 2125  0.9
 1  We        223 0356  2.8 1003  1.1 1614  2.8 2223  1.0
 2  Th        223 0455  2.8 1059  1.1 1711  2.8 2319  1.0
 3  Fr        223 0549  2.9 1150  1.1 1805  2.8 9999  9.9
 4  Sa        223 0009  0.9 0637  2.9 1238  1.1 1855  2.8
 5  Su        223 0054  0.9 0721  3.0 1321  1.0 1941  2.9
 6  Mo        223 0135  0.8 0801  3.0 1402  1.0 2022  2.9
 7  Tu        223 0213  0.8 0838  3.1 1440  0.9 2100  3.0
 8  We        223 0250  0.8 0915  3.1 1517  0.9 2137  3.0
 9  Th        223 0326  0.7 0951  3.1 1554  0.8 2213  3.0
10  Fr        223 0403  0.8 1028  3.1 1632  0.8 2250  3.0
11  Sa        223 0441  0.8 1106  3.1 1710  0.8 2329  3.0
12  Su        223 0522  0.9 1146  3.1 1751  0.8 9999  9.9
13  Mo        223 0011  3.0 0608  0.9 1230  3.0 1836  0.8
14  Tu        223 0100  2.9 0700  1.0 1318  3.0 1926  0.9
15  We        223 0156  2.9 0800  1.0 1412  3.0 2025  0.9
16  Th        223 0301  2.9 0904  1.0 1514  2.9 2132  0.9
17  Fr        223 0409  3.0 1010  1.0 1622  3.0 2239  0.8
18  Sa        223 0514  3.1 1113  0.9 1731  3.0 2343  0.7
19  Su        223 0614  3.3 1213  0.7 1835  3.2 9999  9.9
20  Mo        223 0041  0.5 0710  3.4 1310  0.6 1933  3.3
21  Tu        223 0135  0.4 0803  3.6 1404  0.5 2027  3.4
22  We        223 0226  0.3 0854  3.6 1456  0.4 2118  3.5
23  Th        223 0315  0.4 0943  3.6 1546  0.4 2207  3.5
24  Fr        223 0404  0.4 1032  3.5 1635  0.4 2254  3.4
25  Sa        223 0453  0.6 1121  3.4 1722  0.5 2342  3.3
26  Su        223 0542  0.7 1209  3.3 1809  0.7 9999  9.9
27  Mo        223 0031  3.1 0635  0.9 1258  3.1 1858  0.8
28  Tu        223 0123  3.0 0730  1.1 1348  2.9 1950  1.0
 1  We        323 0220  2.9 0829  1.2 1442  2.8 2047  1.1
 2  Th        323 0320  2.8 0930  1.2 1540  2.7 2148  1.1
 3  Fr        323 0421  2.8 1027  1.2 1639  2.7 2247  1.1
 4  Sa        323 0516  2.8 1121  1.2 1736  2.7 2340  1.1
 5  Su        323 0605  2.9 1208  1.1 1828  2.8 9999  9.9
 6  Mo        323 0026  1.0 0649  3.0 1252  1.1 1913  2.9
 7  Tu        323 0107  0.9 0729  3.0 1332  1.0 1954  3.0
 8  We        323 0145  0.8 0807  3.1 1410  0.9 2032  3.1
 9  Th        323 0222  0.8 0844  3.2 1447  0.8 2109  3.1
10  Fr        323 0259  0.7 0921  3.2 1524  0.8 2146  3.2
11  Sa        323 0336  0.7 0959  3.2 1602  0.7 2224  3.2
12  Su        323 0416  0.8 1039  3.2 1642  0.7 2304  3.1
13  Mo        323 0459  0.8 1121  3.1 1724  0.7 2348  3.1
14  Tu        323 0546  0.9 1207  3.1 1809  0.8 9999  9.9
15  We        323 0038  3.0 0640  1.0 1257  3.0 1902  0.9
16  Th        323 0136  3.0 0741  1.0 1354  3.0 2003  0.9
17  Fr        323 0242  3.0 0846  1.0 1458  2.9 2112  0.9
18  Sa        323 0350  3.0 0953  1.0 1608  3.0 2222  0.8
19  Su        323 0454  3.2 1056  0.8 1716  3.1 2326  0.7
20  Mo        323 0554  3.3 1155  0.7 1819  3.2 9999  9.9
21  Tu        323 0023  0.6 0648  3.4 1251  0.6 1915  3.3
22  We        323 0116  0.5 0740  3.5 1343  0.5 2007  3.5
23  Th        323 0205  0.4 0830  3.6 1433  0.4 2056  3.5
24  Fr        323 0253  0.5 0919  3.5 1520  0.4 2143  3.5
25  Sa        323 0340  0.5 1006  3.4 1606  0.5 2228  3.4
26  Su        323 0427  0.7 1053  3.3 1651  0.6 2313  3.3
27  Mo        323 0514  0.8 1139  3.2 1735  0.7 9999  9.9
28  Tu        323 0000  3.1 0604  1.0 1225  3.0 1821  0.9
29  We        323 0049  3.0 0657  1.1 1314  2.9 1911  1.0
30  Th        323 0143  2.9 0754  1.2 1406  2.8 2007  1.1
31  Fr        323 0241  2.8 0853  1.3 1503  2.7 2109  1.2
 1  Sa        423 0341  2.8 0951  1.3 1603  2.7 2210  1.2
 2  Su        423 0436  2.8 1044  1.2 1701  2.7 2304  1.1
 3  Mo        423 0525  2.9 1132  1.1 1753  2.8 2351  1.0
 4  Tu        423 0610  2.9 1215  1.0 1839  2.9 9999  9.9
 5  We        423 0033  0.9 0651  3.0 1256  0.9 1921  3.0
 6  Th        423 0112  0.9 0731  3.1 1336  0.8 2001  3.1
 7  Fr        423 0151  0.8 0810  3.2 1415  0.8 2039  3.2
 8  Sa        423 0230  0.7 0850  3.2 1455  0.7 2119  3.2
 9  Su        423 0311  0.7 0932  3.2 1535  0.6 2200  3.3
10  Mo        423 0354  0.8 1016  3.2 1617  0.6 2244  3.2
11  Tu        423 0440  0.8 1101  3.2 1702  0.7 2332  3.2
12  We        423 0531  0.9 1151  3.1 1751  0.8 9999  9.9
13  Th        423 0025  3.1 0628  0.9 1244  3.0 1846  0.8
14  Fr        423 0124  3.1 0729  1.0 1343  3.0 1949  0.9
15  Sa        423 0228  3.1 0834  1.0 1448  3.0 2058  0.9
16  Su        423 0333  3.1 0938  0.9 1556  3.0 2206  0.9
17  Mo        423 0434  3.2 1038  0.8 1701  3.1 2308  0.8
18  Tu        423 0531  3.3 1136  0.7 1801  3.2 9999  9.9
19  We        423 0004  0.7 0625  3.4 1229  0.6 1855  3.3
20  Th        423 0055  0.6 0716  3.4 1320  0.5 1946  3.4
21  Fr        423 0143  0.6 0805  3.4 1407  0.5 2033  3.4
22  Sa        423 0229  0.6 0853  3.4 1453  0.5 2118  3.4
23  Su        423 0315  0.7 0939  3.3 1537  0.6 2202  3.3
24  Mo        423 0400  0.8 1025  3.2 1619  0.7 2245  3.2
25  Tu        423 0446  0.9 1109  3.1 1702  0.8 2329  3.1
26  We        423 0534  1.0 1154  2.9 1746  0.9 9999  9.9
27  Th        423 0016  3.0 0624  1.1 1241  2.8 1833  1.1
28  Fr        423 0106  2.9 0718  1.2 1330  2.7 1927  1.2
29  Sa        423 0200  2.8 0813  1.2 1424  2.7 2026  1.2
30  Su        423 0255  2.8 0908  1.2 1521  2.7 2126  1.2
 1  Mo        523 0349  2.8 0959  1.2 1618  2.7 2221  1.2
 2  Tu        523 0438  2.9 1048  1.1 1712  2.8 2310  1.1
 3  We        523 0524  2.9 1133  1.0 1800  2.9 2355  1.0
 4  Th        523 0608  3.0 1217  0.9 1845  3.0 9999  9.9
 5  Fr        523 0037  0.9 0652  3.1 1300  0.8 1928  3.2
 6  Sa        523 0120  0.8 0736  3.2 1343  0.7 2011  3.3
 7  Su        523 0203  0.8 0821  3.2 1427  0.6 2054  3.3
 8  Mo        523 0248  0.7 0908  3.2 1511  0.6 2140  3.4
 9  Tu        523 0336  0.7 0957  3.2 1557  0.6 2227  3.3
10  We        523 0426  0.8 1047  3.2 1645  0.6 2319  3.3
11  Th        523 0520  0.8 1139  3.1 1737  0.7 9999  9.9
12  Fr        523 0014  3.2 0618  0.8 1235  3.1 1835  0.8
13  Sa        523 0112  3.2 0719  0.9 1334  3.0 1938  0.9
14  Su        523 0213  3.2 0820  0.8 1436  3.0 2044  0.9
15  Mo        523 0314  3.2 0921  0.8 1541  3.0 2149  0.9
16  Tu        523 0412  3.2 1019  0.7 1643  3.1 2248  0.8
17  We        523 0507  3.2 1114  0.7 1741  3.2 2343  0.8
18  Th        523 0600  3.3 1206  0.6 1834  3.3 9999  9.9
19  Fr        523 0033  0.8 0651  3.3 1255  0.6 1923  3.3
20  Sa        523 0120  0.7 0741  3.2 1342  0.6 2010  3.3
21  Su        523 0206  0.8 0828  3.2 1426  0.6 2054  3.3
22  Mo        523 0251  0.8 0914  3.1 1509  0.7 2136  3.3
23  Tu        523 0335  0.9 0958  3.1 1550  0.7 2218  3.2
24  We        523 0420  1.0 1042  3.0 1631  0.8 2300  3.1
25  Th        523 0505  1.0 1124  2.9 1713  0.9 2344  3.0
26  Fr        523 0552  1.1 1208  2.8 1758  1.0 9999  9.9
27  Sa        523 0030  2.9 0641  1.1 1254  2.8 1847  1.1
28  Su        523 0118  2.9 0730  1.2 1343  2.7 1942  1.2
29  Mo        523 0208  2.9 0821  1.1 1436  2.7 2039  1.2
30  Tu        523 0258  2.9 0911  1.1 1531  2.7 2134  1.2
31  We        523 0348  2.9 1001  1.0 1626  2.8 2226  1.1
 1  Th        623 0437  2.9 1050  1.0 1719  2.9 2315  1.0
 2  Fr        623 0525  3.0 1139  0.8 1809  3.0 9999  9.9
 3  Sa        623 0003  0.9 0615  3.1 1227  0.7 1857  3.2
 4  Su        623 0050  0.8 0705  3.1 1315  0.6 1944  3.3
 5  Mo        623 0138  0.7 0756  3.2 1403  0.5 2032  3.4
 6  Tu        623 0228  0.7 0848  3.2 1451  0.5 2122  3.4
 7  We        623 0320  0.7 0941  3.3 1540  0.5 2212  3.4
 8  Th        623 0413  0.7 1033  3.3 1631  0.5 2305  3.4
 9  Fr        623 0509  0.7 1127  3.2 1724  0.6 9999  9.9
10  Sa        623 0000  3.4 0606  0.7 1222  3.2 1821  0.7
11  Su        623 0057  3.3 0703  0.7 1319  3.1 1922  0.8
12  Mo        623 0154  3.3 0801  0.7 1419  3.1 2026  0.9
13  Tu        623 0251  3.2 0859  0.7 1521  3.0 2128  0.9
14  We        623 0347  3.2 0955  0.7 1622  3.1 2227  0.9
15  Th        623 0442  3.1 1050  0.7 1719  3.1 2321  0.9
16  Fr        623 0536  3.1 1143  0.7 1812  3.1 9999  9.9
17  Sa        623 0011  0.9 0628  3.1 1232  0.7 1901  3.2
18  Su        623 0059  0.9 0718  3.1 1319  0.7 1947  3.2
19  Mo        623 0145  0.9 0805  3.0 1402  0.7 2031  3.2
20  Tu        623 0229  0.9 0851  3.0 1444  0.7 2112  3.2
21  We        623 0312  0.9 0934  3.0 1524  0.8 2152  3.1
22  Th        623 0355  1.0 1015  2.9 1603  0.8 2232  3.1
23  Fr        623 0437  1.0 1055  2.9 1643  0.9 2313  3.0
24  Sa        623 0520  1.0 1135  2.8 1725  1.0 2355  3.0
25  Su        623 0603  1.0 1217  2.8 1810  1.0 9999  9.9
26  Mo        623 0038  2.9 0647  1.1 1302  2.8 1859  1.1
27  Tu        623 0123  2.9 0734  1.0 1351  2.8 1952  1.1
28  We        623 0211  2.9 0823  1.0 1445  2.8 2048  1.1
29  Th        623 0300  2.9 0915  1.0 1542  2.8 2144  1.1
30  Fr        623 0352  2.9 1009  0.9 1640  2.9 2238  1.0
