376Ben Gunn Wharf
Based on data from  1-Jul-2012
Local Std Time, tidal heights in metres.
 1  Sa        122 0053  0.3 0656  2.3 1323  0.5 1911  2.3
 2  Su        122 0151  0.3 0756  2.4 1423  0.4 2010  2.3
 3  Mo        122 0248  0.2 0852  2.5 1520  0.3 2106  2.3
 4  Tu        122 0342  0.2 0945  2.5 1614  0.3 2159  2.3
 5  We        122 0433  0.2 1035  2.5 1705  0.3 2250  2.3
 6  Th        122 0522  0.2 1124  2.5 1755  0.3 2340  2.3
 7  Fr        122 0609  0.2 1211  2.4 1843  0.3 9999  9.9
 8  Sa        122 0028  2.2 0656  0.3 1258  2.4 1930  0.4
 9  Su        122 0117  2.2 0742  0.4 1346  2.3 2018  0.4
10  Mo        122 0208  2.1 0831  0.5 1435  2.2 2106  0.5
11  Tu        122 0303  2.0 0921  0.6 1527  2.1 2157  0.5
12  We        122 0404  2.0 1016  0.7 1623  2.1 2249  0.5
13  Th        122 0507  2.0 1113  0.7 1719  2.0 2342  0.5
14  Fr        122 0606  2.0 1210  0.7 1813  2.0 9999  9.9
15  Sa        122 0035  0.5 0700  2.1 1304  0.7 1903  2.1
16  Su        122 0125  0.5 0747  2.1 1355  0.6 1948  2.1
17  Mo        122 0212  0.4 0829  2.2 1442  0.6 2030  2.1
18  Tu        122 0256  0.4 0907  2.3 1527  0.5 2110  2.1
19  We        122 0339  0.4 0942  2.3 1610  0.5 2149  2.2
20  Th        122 0420  0.3 1017  2.3 1652  0.5 2228  2.2
21  Fr        122 0501  0.3 1053  2.3 1735  0.4 2309  2.2
22  Sa        122 0542  0.3 1131  2.4 1817  0.4 2351  2.2
23  Su        122 0625  0.4 1212  2.4 1901  0.4 9999  9.9
24  Mo        122 0036  2.2 0709  0.4 1256  2.3 1947  0.4
25  Tu        122 0123  2.2 0756  0.5 1343  2.3 2035  0.4
26  We        122 0216  2.2 0848  0.5 1435  2.3 2128  0.4
27  Th        122 0313  2.2 0947  0.6 1532  2.2 2225  0.4
28  Fr        122 0418  2.1 1051  0.6 1636  2.2 2326  0.4
29  Sa        122 0528  2.2 1158  0.6 1744  2.2 9999  9.9
30  Su        122 0029  0.4 0637  2.2 1303  0.5 1852  2.2
31  Mo        122 0131  0.3 0740  2.3 1405  0.5 1954  2.2
 1  Tu        222 0229  0.3 0837  2.4 1503  0.4 2052  2.3
 2  We        222 0324  0.2 0929  2.5 1556  0.3 2145  2.3
 3  Th        222 0414  0.2 1018  2.5 1646  0.3 2234  2.3
 4  Fr        222 0502  0.2 1104  2.5 1732  0.3 2321  2.3
 5  Sa        222 0546  0.3 1147  2.4 1817  0.3 9999  9.9
 6  Su        222 0005  2.3 0630  0.3 1229  2.4 1901  0.3
 7  Mo        222 0049  2.2 0713  0.4 1310  2.3 1944  0.4
 8  Tu        222 0134  2.1 0757  0.5 1352  2.2 2028  0.5
 9  We        222 0221  2.1 0843  0.6 1436  2.1 2115  0.5
10  Th        222 0314  2.0 0934  0.7 1526  2.0 2204  0.6
11  Fr        222 0416  2.0 1031  0.8 1622  2.0 2258  0.6
12  Sa        222 0523  2.0 1130  0.8 1724  1.9 2353  0.6
13  Su        222 0623  2.0 1229  0.8 1822  2.0 9999  9.9
14  Mo        222 0048  0.6 0714  2.1 1323  0.7 1915  2.0
15  Tu        222 0139  0.5 0758  2.1 1413  0.6 2002  2.1
16  We        222 0227  0.4 0837  2.2 1500  0.5 2045  2.1
17  Th        222 0312  0.4 0914  2.3 1544  0.5 2127  2.2
18  Fr        222 0356  0.3 0951  2.3 1628  0.4 2208  2.3
19  Sa        222 0438  0.3 1029  2.4 1711  0.3 2250  2.3
20  Su        222 0521  0.3 1109  2.4 1754  0.3 2333  2.3
21  Mo        222 0605  0.3 1150  2.4 1838  0.3 9999  9.9
22  Tu        222 0017  2.3 0650  0.4 1234  2.4 1924  0.3
23  We        222 0104  2.3 0738  0.4 1321  2.3 2012  0.4
24  Th        222 0155  2.2 0831  0.5 1413  2.3 2104  0.4
25  Fr        222 0253  2.2 0929  0.6 1510  2.2 2201  0.5
26  Sa        222 0357  2.1 1034  0.6 1616  2.1 2304  0.5
27  Su        222 0510  2.1 1141  0.6 1728  2.1 9999  9.9
28  Mo        222 0008  0.5 0621  2.2 1246  0.5 1838  2.1
 1  Tu        322 0112  0.4 0724  2.3 1347  0.5 1941  2.2
 2  We        322 0211  0.3 0819  2.4 1444  0.4 2037  2.3
 3  Th        322 0305  0.3 0910  2.4 1535  0.3 2128  2.3
 4  Fr        322 0354  0.2 0956  2.5 1622  0.3 2215  2.3
 5  Sa        322 0439  0.3 1039  2.4 1706  0.3 2258  2.3
 6  Su        322 0521  0.3 1119  2.4 1748  0.3 2339  2.3
 7  Mo        322 0602  0.4 1157  2.3 1828  0.3 9999  9.9
 8  Tu        322 0019  2.2 0643  0.4 1233  2.3 1909  0.4
 9  We        322 0058  2.2 0724  0.5 1310  2.2 1950  0.5
10  Th        322 0140  2.1 0808  0.6 1350  2.1 2033  0.6
11  Fr        322 0225  2.0 0856  0.7 1435  2.0 2120  0.6
12  Sa        322 0319  2.0 0951  0.8 1527  1.9 2213  0.7
13  Su        322 0423  1.9 1051  0.8 1630  1.9 2310  0.7
14  Mo        322 0532  1.9 1151  0.8 1736  1.9 9999  9.9
15  Tu        322 0008  0.6 0630  2.0 1248  0.7 1837  2.0
16  We        322 0104  0.6 0718  2.1 1340  0.6 1930  2.1
17  Th        322 0155  0.5 0801  2.2 1429  0.5 2017  2.2
18  Fr        322 0243  0.4 0842  2.3 1515  0.4 2102  2.3
19  Sa        322 0329  0.3 0923  2.4 1601  0.3 2146  2.3
20  Su        322 0415  0.3 1004  2.4 1645  0.3 2230  2.4
21  Mo        322 0500  0.3 1046  2.4 1730  0.2 2314  2.4
22  Tu        322 0546  0.3 1129  2.4 1816  0.3 9999  9.9
23  We        322 0000  2.4 0634  0.4 1215  2.4 1902  0.3
24  Th        322 0047  2.3 0724  0.4 1303  2.3 1951  0.4
25  Fr        322 0139  2.3 0818  0.5 1356  2.2 2044  0.4
26  Sa        322 0237  2.2 0917  0.6 1455  2.1 2142  0.5
27  Su        322 0343  2.1 1020  0.6 1603  2.1 2244  0.5
28  Mo        322 0455  2.2 1124  0.6 1716  2.1 2349  0.5
29  Tu        322 0604  2.2 1227  0.5 1825  2.1 9999  9.9
30  We        322 0052  0.5 0704  2.3 1327  0.4 1926  2.2
31  Th        322 0151  0.4 0757  2.3 1420  0.4 2020  2.3
 1  Fr        422 0243  0.3 0845  2.4 1509  0.3 2108  2.3
 2  Sa        422 0330  0.3 0930  2.4 1554  0.3 2152  2.3
 3  Su        422 0413  0.3 1010  2.4 1636  0.3 2233  2.3
 4  Mo        422 0454  0.4 1048  2.3 1716  0.3 2311  2.3
 5  Tu        422 0534  0.4 1123  2.3 1755  0.3 2348  2.3
 6  We        422 0613  0.5 1157  2.2 1834  0.4 9999  9.9
 7  Th        422 0024  2.2 0654  0.6 1232  2.1 1913  0.5
 8  Fr        422 0103  2.1 0737  0.6 1311  2.1 1955  0.6
 9  Sa        422 0145  2.1 0824  0.7 1355  2.0 2040  0.6
10  Su        422 0233  2.0 0916  0.8 1446  1.9 2131  0.7
11  Mo        422 0328  2.0 1014  0.8 1546  1.9 2227  0.7
12  Tu        422 0431  2.0 1113  0.7 1651  1.9 2327  0.7
13  We        422 0533  2.0 1210  0.7 1756  2.0 9999  9.9
14  Th        422 0025  0.6 0629  2.1 1304  0.6 1854  2.1
15  Fr        422 0120  0.5 0719  2.2 1355  0.4 1946  2.2
16  Sa        422 0212  0.4 0806  2.3 1444  0.3 2035  2.3
17  Su        422 0302  0.3 0852  2.4 1532  0.2 2122  2.4
18  Mo        422 0351  0.3 0937  2.4 1619  0.2 2209  2.4
19  Tu        422 0440  0.3 1023  2.4 1707  0.2 2256  2.4
20  We        422 0529  0.3 1110  2.4 1754  0.2 2343  2.4
21  Th        422 0619  0.4 1158  2.3 1843  0.3 9999  9.9
22  Fr        422 0033  2.4 0711  0.4 1249  2.2 1933  0.3
23  Sa        422 0126  2.3 0806  0.5 1344  2.2 2026  0.4
24  Su        422 0224  2.2 0904  0.5 1444  2.1 2123  0.5
25  Mo        422 0329  2.2 1004  0.5 1552  2.0 2224  0.5
26  Tu        422 0438  2.2 1105  0.5 1702  2.1 2327  0.5
27  We        422 0542  2.2 1205  0.5 1808  2.1 9999  9.9
28  Th        422 0029  0.5 0639  2.3 1301  0.4 1906  2.2
29  Fr        422 0125  0.5 0730  2.3 1353  0.4 1957  2.3
30  Sa        422 0216  0.4 0817  2.3 1440  0.3 2044  2.3
 1  Su        522 0302  0.4 0859  2.3 1524  0.3 2127  2.3
 2  Mo        522 0345  0.4 0939  2.3 1605  0.3 2206  2.3
 3  Tu        522 0426  0.4 1015  2.3 1644  0.3 2243  2.3
 4  We        522 0506  0.5 1049  2.2 1723  0.4 2318  2.3
 5  Th        522 0546  0.5 1123  2.2 1801  0.4 2353  2.2
 6  Fr        522 0627  0.6 1159  2.1 1840  0.5 9999  9.9
 7  Sa        522 0030  2.2 0710  0.7 1239  2.0 1920  0.5
 8  Su        522 0111  2.1 0756  0.7 1324  2.0 2004  0.6
 9  Mo        522 0156  2.1 0845  0.7 1414  1.9 2053  0.7
10  Tu        522 0247  2.0 0939  0.7 1510  1.9 2148  0.7
11  We        522 0343  2.0 1035  0.7 1612  1.9 2246  0.7
12  Th        522 0442  2.1 1131  0.6 1716  2.0 2346  0.6
13  Fr        522 0541  2.2 1226  0.5 1818  2.1 9999  9.9
14  Sa        522 0044  0.5 0637  2.2 1320  0.4 1915  2.2
15  Su        522 0141  0.4 0731  2.3 1413  0.3 2008  2.3
16  Mo        522 0235  0.4 0822  2.4 1504  0.2 2059  2.4
17  Tu        522 0328  0.3 0912  2.4 1554  0.2 2149  2.5
18  We        522 0420  0.3 1002  2.4 1644  0.2 2238  2.5
19  Th        522 0512  0.3 1052  2.3 1734  0.2 2328  2.4
20  Fr        522 0605  0.4 1143  2.3 1824  0.3 9999  9.9
21  Sa        522 0019  2.4 0658  0.4 1236  2.2 1915  0.3
22  Su        522 0113  2.3 0752  0.4 1331  2.1 2008  0.4
23  Mo        522 0210  2.3 0847  0.5 1431  2.1 2103  0.5
24  Tu        522 0311  2.2 0943  0.5 1535  2.1 2201  0.5
25  We        522 0414  2.2 1040  0.5 1642  2.1 2300  0.6
26  Th        522 0514  2.2 1136  0.5 1744  2.1 2359  0.6
27  Fr        522 0609  2.2 1230  0.4 1841  2.2 9999  9.9
28  Sa        522 0054  0.5 0659  2.2 1321  0.4 1932  2.2
29  Su        522 0145  0.5 0745  2.2 1408  0.4 2018  2.3
30  Mo        522 0232  0.5 0828  2.2 1452  0.3 2101  2.3
31  Tu        522 0316  0.5 0908  2.2 1534  0.3 2140  2.3
 1  We        622 0358  0.5 0944  2.2 1614  0.4 2216  2.3
 2  Th        622 0439  0.5 1019  2.2 1652  0.4 2250  2.3
 3  Fr        622 0520  0.6 1054  2.1 1731  0.4 2324  2.2
 4  Sa        622 0602  0.6 1132  2.1 1810  0.5 9999  9.9
 5  Su        622 0001  2.2 0645  0.6 1213  2.0 1851  0.5
 6  Mo        622 0041  2.2 0729  0.6 1257  2.0 1933  0.6
 7  Tu        622 0124  2.1 0816  0.7 1345  2.0 2020  0.6
 8  We        622 0212  2.1 0906  0.6 1439  2.0 2112  0.6
 9  Th        622 0304  2.1 0958  0.6 1537  2.0 2209  0.6
10  Fr        622 0400  2.2 1054  0.5 1639  2.1 2309  0.6
11  Sa        622 0500  2.2 1150  0.5 1743  2.1 9999  9.9
12  Su        622 0011  0.6 0600  2.3 1247  0.4 1844  2.2
13  Mo        622 0112  0.5 0658  2.3 1343  0.3 1942  2.3
14  Tu        622 0210  0.4 0755  2.3 1438  0.2 2037  2.4
15  We        622 0307  0.4 0850  2.3 1532  0.2 2131  2.5
16  Th        622 0402  0.4 0944  2.3 1624  0.2 2222  2.5
17  Fr        622 0456  0.3 1037  2.3 1715  0.2 2314  2.5
18  Sa        622 0549  0.3 1129  2.3 1805  0.2 9999  9.9
19  Su        622 0005  2.4 0641  0.4 1222  2.2 1855  0.3
20  Mo        622 0056  2.4 0732  0.4 1315  2.2 1946  0.4
21  Tu        622 0149  2.3 0824  0.4 1411  2.1 2038  0.5
22  We        622 0244  2.3 0916  0.4 1511  2.1 2132  0.5
23  Th        622 0341  2.2 1009  0.5 1613  2.1 2228  0.6
24  Fr        622 0438  2.2 1102  0.5 1715  2.1 2325  0.6
25  Sa        622 0533  2.2 1155  0.5 1812  2.1 9999  9.9
26  Su        622 0021  0.6 0625  2.1 1247  0.5 1904  2.1
27  Mo        622 0113  0.6 0713  2.1 1335  0.4 1952  2.2
28  Tu        622 0203  0.6 0757  2.1 1421  0.4 2035  2.2
29  We        622 0249  0.6 0838  2.1 1504  0.4 2115  2.2
30  Th        622 0332  0.6 0916  2.1 1545  0.4 2151  2.3
 1  Fr        722 0415  0.6 0953  2.1 1625  0.4 2224  2.3
 2  Sa        722 0456  0.6 1030  2.1 1704  0.4 2258  2.3
 3  Su        722 0538  0.6 1109  2.1 1744  0.4 2334  2.2
 4  Mo        722 0620  0.6 1149  2.1 1824  0.5 9999  9.9
 5  Tu        722 0013  2.2 0703  0.6 1233  2.1 1906  0.5
 6  We        722 0055  2.2 0747  0.6 1319  2.1 1951  0.6
 7  Th        722 0140  2.2 0834  0.6 1410  2.1 2041  0.6
 8  Fr        722 0230  2.2 0925  0.5 1506  2.1 2137  0.6
 9  Sa        722 0325  2.2 1020  0.5 1607  2.1 2238  0.6
10  Su        722 0425  2.2 1118  0.5 1712  2.1 2343  0.6
11  Mo        722 0528  2.2 1218  0.4 1818  2.2 9999  9.9
12  Tu        722 0048  0.5 0632  2.2 1318  0.3 1921  2.3
13  We        722 0150  0.5 0734  2.3 1416  0.3 2020  2.4
14  Th        722 0249  0.4 0833  2.3 1512  0.2 2115  2.4
15  Fr        722 0345  0.4 0929  2.3 1605  0.2 2207  2.5
16  Sa        722 0439  0.3 1023  2.3 1656  0.2 2257  2.5
17  Su        722 0530  0.3 1114  2.3 1745  0.2 2346  2.4
18  Mo        722 0619  0.3 1204  2.3 1833  0.3 9999  9.9
19  Tu        722 0034  2.4 0708  0.3 1254  2.2 1921  0.4
20  We        722 0121  2.3 0755  0.4 1344  2.1 2009  0.5
21  Th        722 0210  2.2 0844  0.4 1438  2.1 2059  0.6
22  Fr        722 0301  2.2 0933  0.5 1536  2.0 2152  0.6
23  Sa        722 0355  2.1 1024  0.5 1639  2.0 2249  0.7
24  Su        722 0452  2.1 1117  0.6 1740  2.0 2346  0.7
25  Mo        722 0548  2.0 1211  0.6 1836  2.1 9999  9.9
26  Tu        722 0042  0.7 0640  2.0 1302  0.5 1926  2.1
27  We        722 0134  0.7 0728  2.0 1351  0.5 2010  2.2
28  Th        722 0222  0.6 0812  2.1 1436  0.5 2050  2.2
29  Fr        722 0307  0.6 0852  2.1 1518  0.4 2125  2.2
30  Sa        722 0350  0.6 0930  2.1 1559  0.4 2159  2.3
31  Su        722 0432  0.5 1009  2.1 1640  0.4 2233  2.3
 1  Mo        822 0513  0.5 1047  2.2 1720  0.4 2309  2.3
 2  Tu        822 0555  0.5 1128  2.2 1800  0.4 2347  2.3
 3  We        822 0637  0.5 1210  2.2 1843  0.5 9999  9.9
 4  Th        822 0028  2.3 0720  0.5 1256  2.1 1928  0.5
 5  Fr        822 0113  2.3 0806  0.5 1345  2.1 2017  0.6
 6  Sa        822 0202  2.2 0856  0.5 1439  2.1 2113  0.6
 7  Su        822 0256  2.2 0951  0.5 1541  2.1 2216  0.6
 8  Mo        822 0358  2.2 1051  0.5 1648  2.1 2323  0.6
 9  Tu        822 0505  2.2 1154  0.4 1759  2.2 9999  9.9
10  We        822 0029  0.6 0614  2.2 1257  0.4 1905  2.3
11  Th        822 0133  0.5 0720  2.2 1357  0.3 2005  2.4
12  Fr        822 0232  0.4 0821  2.3 1454  0.3 2059  2.4
13  Sa        822 0327  0.3 0916  2.3 1547  0.2 2150  2.5
14  Su        822 0419  0.3 1007  2.3 1636  0.2 2237  2.5
15  Mo        822 0508  0.3 1056  2.3 1723  0.2 2323  2.5
16  Tu        822 0554  0.3 1142  2.3 1808  0.3 9999  9.9
17  We        822 0006  2.4 0639  0.3 1227  2.2 1853  0.4
18  Th        822 0049  2.3 0723  0.4 1313  2.2 1938  0.5
19  Fr        822 0131  2.2 0808  0.5 1400  2.1 2025  0.6
20  Sa        822 0216  2.1 0854  0.5 1453  2.0 2116  0.7
21  Su        822 0306  2.0 0944  0.6 1554  2.0 2211  0.8
22  Mo        822 0403  2.0 1037  0.6 1702  2.0 2311  0.8
23  Tu        822 0506  1.9 1133  0.6 1804  2.0 9999  9.9
24  We        822 0009  0.8 0606  1.9 1228  0.6 1857  2.0
25  Th        822 0104  0.7 0700  2.0 1320  0.6 1942  2.1
26  Fr        822 0154  0.7 0746  2.0 1407  0.5 2021  2.2
27  Sa        822 0240  0.6 0829  2.1 1452  0.4 2057  2.2
28  Su        822 0324  0.5 0908  2.2 1534  0.4 2131  2.3
29  Mo        822 0406  0.4 0947  2.2 1616  0.4 2207  2.3
30  Tu        822 0447  0.4 1027  2.2 1657  0.4 2244  2.3
31  We        822 0529  0.4 1108  2.3 1739  0.4 2323  2.3
 1  Th        922 0612  0.4 1150  2.3 1823  0.4 9999  9.9
 2  Fr        922 0005  2.3 0655  0.4 1235  2.2 1909  0.5
 3  Sa        922 0050  2.3 0742  0.4 1324  2.2 2000  0.6
 4  Su        922 0140  2.2 0833  0.5 1419  2.1 2057  0.6
 5  Mo        922 0235  2.2 0929  0.5 1521  2.1 2201  0.7
 6  Tu        922 0339  2.1 1030  0.5 1631  2.1 2308  0.6
 7  We        922 0450  2.1 1135  0.5 1744  2.2 9999  9.9
 8  Th        922 0014  0.6 0603  2.1 1240  0.4 1851  2.3
 9  Fr        922 0117  0.5 0710  2.2 1341  0.4 1949  2.4
10  Sa        922 0214  0.4 0808  2.3 1437  0.3 2041  2.4
11  Su        922 0307  0.3 0901  2.3 1528  0.2 2129  2.5
12  Mo        922 0356  0.2 0950  2.4 1615  0.2 2214  2.5
13  Tu        922 0442  0.2 1035  2.4 1659  0.3 2256  2.4
14  We        922 0526  0.2 1118  2.3 1742  0.3 2336  2.4
15  Th        922 0608  0.3 1159  2.3 1824  0.4 9999  9.9
16  Fr        922 0014  2.3 0649  0.4 1240  2.2 1907  0.5
17  Sa        922 0052  2.2 0731  0.5 1322  2.1 1951  0.6
18  Su        922 0133  2.1 0814  0.6 1409  2.0 2040  0.7
19  Mo        922 0218  2.0 0902  0.6 1503  1.9 2135  0.8
20  Tu        922 0312  1.9 0954  0.7 1610  1.9 2235  0.8
21  We        922 0416  1.8 1052  0.7 1722  1.9 2335  0.8
22  Th        922 0527  1.9 1150  0.7 1820  2.0 9999  9.9
23  Fr        922 0031  0.7 0627  1.9 1246  0.6 1906  2.1
24  Sa        922 0122  0.6 0718  2.0 1336  0.5 1946  2.2
25  Su        922 0210  0.5 0802  2.1 1423  0.5 2024  2.3
26  Mo        922 0254  0.4 0844  2.2 1508  0.4 2101  2.3
27  Tu        922 0338  0.3 0925  2.3 1552  0.3 2140  2.4
28  We        922 0421  0.3 1006  2.3 1635  0.3 2220  2.4
29  Th        922 0504  0.3 1048  2.4 1720  0.4 2302  2.4
30  Fr        922 0548  0.3 1132  2.3 1806  0.4 2345  2.3
 1  Sa       1022 0634  0.3 1218  2.3 1855  0.5 9999  9.9
 2  Su       1022 0032  2.3 0722  0.4 1308  2.2 1948  0.6
 3  Mo       1022 0124  2.2 0814  0.5 1403  2.2 2046  0.6
 4  Tu       1022 0221  2.1 0910  0.5 1506  2.1 2149  0.6
 5  We       1022 0327  2.0 1012  0.5 1618  2.1 2254  0.6
 6  Th       1022 0441  2.0 1117  0.5 1730  2.2 2358  0.5
 7  Fr       1022 0553  2.1 1222  0.5 1834  2.3 9999  9.9
 8  Sa       1022 0058  0.4 0657  2.2 1322  0.4 1929  2.4
 9  Su       1022 0153  0.3 0753  2.3 1416  0.3 2019  2.4
10  Mo       1022 0244  0.3 0844  2.4 1506  0.3 2105  2.4
11  Tu       1022 0331  0.2 0930  2.4 1551  0.3 2148  2.4
12  We       1022 0415  0.2 1013  2.4 1634  0.3 2227  2.4
13  Th       1022 0456  0.2 1053  2.4 1715  0.4 2305  2.3
14  Fr       1022 0536  0.3 1131  2.3 1756  0.5 2341  2.2
15  Sa       1022 0616  0.4 1209  2.2 1838  0.6 9999  9.9
16  Su       1022 0017  2.1 0655  0.5 1247  2.1 1921  0.6
17  Mo       1022 0055  2.0 0737  0.6 1329  2.1 2009  0.7
18  Tu       1022 0139  1.9 0822  0.6 1417  2.0 2101  0.8
19  We       1022 0230  1.9 0912  0.7 1513  1.9 2158  0.8
20  Th       1022 0330  1.8 1009  0.7 1618  1.9 2257  0.8
21  Fr       1022 0438  1.8 1108  0.7 1722  2.0 2353  0.7
22  Sa       1022 0545  1.9 1207  0.7 1816  2.1 9999  9.9
23  Su       1022 0046  0.6 0642  2.0 1301  0.6 1903  2.2
24  Mo       1022 0135  0.5 0731  2.1 1352  0.5 1947  2.3
25  Tu       1022 0223  0.4 0817  2.3 1440  0.4 2030  2.3
26  We       1022 0309  0.3 0901  2.3 1528  0.4 2113  2.4
27  Th       1022 0355  0.2 0946  2.4 1615  0.3 2158  2.4
28  Fr       1022 0441  0.2 1031  2.4 1703  0.4 2243  2.4
29  Sa       1022 0527  0.2 1117  2.4 1753  0.4 2330  2.3
30  Su       1022 0615  0.3 1205  2.4 1844  0.4 9999  9.9
31  Mo       1022 0019  2.2 0704  0.3 1256  2.3 1938  0.5
 1  Tu       1122 0113  2.2 0757  0.4 1352  2.2 2035  0.5
 2  We       1122 0212  2.1 0853  0.5 1454  2.2 2134  0.5
 3  Th       1122 0317  2.0 0953  0.5 1602  2.2 2236  0.5
 4  Fr       1122 0429  2.1 1057  0.5 1710  2.2 2336  0.5
 5  Sa       1122 0538  2.1 1200  0.5 1810  2.3 9999  9.9
 6  Su       1122 0034  0.4 0639  2.2 1259  0.4 1904  2.3
 7  Mo       1122 0128  0.3 0733  2.3 1352  0.4 1953  2.4
 8  Tu       1122 0217  0.3 0823  2.3 1441  0.4 2038  2.4
 9  We       1122 0303  0.2 0908  2.4 1526  0.4 2120  2.3
10  Th       1122 0346  0.2 0949  2.4 1609  0.4 2159  2.3
11  Fr       1122 0427  0.3 1028  2.4 1650  0.4 2236  2.2
12  Sa       1122 0506  0.3 1105  2.3 1731  0.5 2311  2.2
13  Su       1122 0545  0.4 1141  2.3 1812  0.6 2347  2.1
14  Mo       1122 0623  0.5 1217  2.2 1855  0.6 9999  9.9
15  Tu       1122 0025  2.0 0704  0.5 1256  2.1 1940  0.7
16  We       1122 0108  2.0 0746  0.6 1339  2.1 2029  0.7
17  Th       1122 0156  1.9 0834  0.7 1428  2.0 2121  0.7
18  Fr       1122 0251  1.9 0927  0.7 1522  2.0 2216  0.7
19  Sa       1122 0352  1.9 1024  0.7 1621  2.0 2311  0.6
20  Su       1122 0457  1.9 1124  0.7 1720  2.1 9999  9.9
21  Mo       1122 0006  0.6 0559  2.0 1223  0.6 1816  2.2
22  Tu       1122 0059  0.4 0656  2.2 1319  0.5 1909  2.2
23  We       1122 0150  0.3 0748  2.3 1412  0.4 1959  2.3
24  Th       1122 0241  0.3 0838  2.4 1505  0.4 2049  2.4
25  Fr       1122 0330  0.2 0926  2.4 1556  0.3 2138  2.4
26  Sa       1122 0420  0.2 1015  2.5 1648  0.3 2227  2.4
27  Su       1122 0509  0.2 1103  2.5 1739  0.3 2318  2.3
28  Mo       1122 0558  0.2 1153  2.4 1831  0.4 9999  9.9
29  Tu       1122 0009  2.3 0648  0.3 1244  2.4 1925  0.4
30  We       1122 0103  2.2 0740  0.4 1339  2.3 2019  0.4
 1  Th       1222 0200  2.1 0834  0.4 1437  2.3 2114  0.4
 2  Fr       1222 0302  2.1 0931  0.5 1539  2.2 2211  0.4
 3  Sa       1222 0409  2.1 1031  0.5 1642  2.2 2308  0.4
 4  Su       1222 0515  2.1 1131  0.5 1740  2.2 9999  9.9
 5  Mo       1222 0004  0.4 0615  2.2 1230  0.5 1834  2.3
 6  Tu       1222 0058  0.4 0710  2.2 1324  0.5 1924  2.3
 7  We       1222 0148  0.3 0759  2.3 1414  0.5 2010  2.3
 8  Th       1222 0235  0.3 0845  2.3 1501  0.5 2053  2.2
 9  Fr       1222 0319  0.3 0927  2.3 1545  0.5 2133  2.2
10  Sa       1222 0400  0.3 1006  2.3 1627  0.5 2210  2.2
11  Su       1222 0439  0.3 1042  2.3 1708  0.5 2246  2.1
12  Mo       1222 0517  0.4 1116  2.3 1749  0.6 2322  2.1
13  Tu       1222 0556  0.4 1150  2.2 1830  0.6 9999  9.9
14  We       1222 0000  2.1 0635  0.5 1227  2.2 1913  0.6
15  Th       1222 0042  2.0 0716  0.5 1307  2.2 1958  0.6
16  Fr       1222 0127  2.0 0800  0.6 1351  2.1 2045  0.6
17  Sa       1222 0217  2.0 0849  0.6 1440  2.1 2136  0.6
18  Su       1222 0313  2.0 0943  0.7 1534  2.1 2229  0.6
19  Mo       1222 0414  2.0 1043  0.7 1632  2.1 2326  0.5
20  Tu       1222 0518  2.0 1146  0.6 1733  2.2 9999  9.9
21  We       1222 0023  0.4 0621  2.1 1247  0.6 1833  2.2
22  Th       1222 0119  0.4 0720  2.3 1347  0.5 1931  2.3
23  Fr       1222 0214  0.3 0816  2.4 1444  0.4 2027  2.3
24  Sa       1222 0308  0.2 0909  2.4 1539  0.4 2121  2.3
25  Su       1222 0400  0.2 1000  2.5 1632  0.3 2214  2.3
26  Mo       1222 0451  0.2 1050  2.5 1725  0.3 2306  2.3
27  Tu       1222 0541  0.2 1140  2.5 1816  0.3 2358  2.3
28  We       1222 0631  0.2 1230  2.5 1907  0.3 9999  9.9
29  Th       1222 0050  2.3 0721  0.3 1321  2.4 1958  0.3
30  Fr       1222 0143  2.2 0812  0.4 1414  2.3 2049  0.4
31  Sa       1222 0240  2.1 0905  0.5 1509  2.3 2142  0.4
