376Ben Gunn Wharf
Based on data from  1-Jan-2013
Local Std Time, tidal heights in metres.
 1  Mo        724 0342  2.3 1024  0.4 1620  2.2 2247  0.5
 2  Tu        724 0442  2.2 1121  0.4 1726  2.2 2348  0.6
 3  We        724 0543  2.2 1218  0.4 1829  2.2 9999  9.9
 4  Th        724 0049  0.6 0643  2.2 1315  0.4 1927  2.3
 5  Fr        724 0147  0.6 0738  2.2 1410  0.4 2020  2.3
 6  Sa        724 0242  0.5 0831  2.2 1501  0.4 2109  2.3
 7  Su        724 0333  0.5 0919  2.2 1548  0.4 2155  2.3
 8  Mo        724 0420  0.5 1004  2.1 1631  0.4 2237  2.3
 9  Tu        724 0504  0.5 1046  2.1 1713  0.4 2315  2.3
10  We        724 0547  0.5 1126  2.1 1752  0.5 2351  2.2
11  Th        724 0628  0.6 1205  2.1 1832  0.5 9999  9.9
12  Fr        724 0026  2.2 0710  0.6 1245  2.0 1912  0.6
13  Sa        724 0103  2.1 0752  0.6 1327  2.0 1954  0.6
14  Su        724 0143  2.1 0835  0.6 1413  1.9 2039  0.7
15  Mo        724 0226  2.1 0921  0.6 1505  1.9 2130  0.8
16  Tu        724 0315  2.0 1011  0.6 1602  1.9 2227  0.8
17  We        724 0409  2.0 1104  0.6 1703  2.0 2328  0.8
18  Th        724 0507  2.0 1200  0.6 1805  2.0 9999  9.9
19  Fr        724 0029  0.7 0607  2.0 1255  0.5 1901  2.1
20  Sa        724 0127  0.7 0706  2.1 1350  0.4 1954  2.2
21  Su        724 0222  0.6 0801  2.2 1442  0.3 2043  2.3
22  Mo        724 0315  0.5 0855  2.2 1533  0.3 2131  2.4
23  Tu        724 0407  0.4 0946  2.3 1622  0.2 2218  2.5
24  We        724 0456  0.3 1035  2.3 1711  0.2 2305  2.5
25  Th        724 0545  0.3 1125  2.3 1759  0.3 2351  2.5
26  Fr        724 0634  0.3 1214  2.3 1847  0.3 9999  9.9
27  Sa        724 0039  2.4 0722  0.3 1304  2.3 1937  0.4
28  Su        724 0128  2.4 0812  0.3 1357  2.2 2029  0.5
29  Mo        724 0220  2.3 0903  0.4 1455  2.2 2125  0.5
30  Tu        724 0315  2.2 0958  0.4 1558  2.1 2224  0.6
31  We        724 0416  2.1 1055  0.5 1706  2.1 2327  0.6
 1  Th        824 0521  2.1 1154  0.5 1811  2.1 9999  9.9
 2  Fr        824 0030  0.7 0623  2.1 1253  0.5 1911  2.2
 3  Sa        824 0129  0.6 0722  2.1 1349  0.5 2004  2.2
 4  Su        824 0223  0.6 0814  2.1 1440  0.4 2051  2.3
 5  Mo        824 0312  0.6 0902  2.1 1526  0.4 2134  2.3
 6  Tu        824 0357  0.5 0945  2.1 1607  0.4 2213  2.3
 7  We        824 0439  0.5 1025  2.1 1646  0.4 2247  2.3
 8  Th        824 0518  0.5 1101  2.1 1724  0.4 2319  2.3
 9  Fr        824 0557  0.5 1137  2.1 1801  0.5 2351  2.2
10  Sa        824 0635  0.5 1213  2.1 1839  0.6 9999  9.9
11  Su        824 0025  2.2 0714  0.5 1252  2.1 1919  0.6
12  Mo        824 0103  2.1 0755  0.6 1335  2.0 2003  0.7
13  Tu        824 0145  2.1 0839  0.6 1423  2.0 2052  0.8
14  We        824 0233  2.0 0928  0.6 1517  1.9 2150  0.8
15  Th        824 0327  2.0 1024  0.6 1619  2.0 2254  0.8
16  Fr        824 0429  2.0 1123  0.6 1726  2.0 9999  9.9
17  Sa        824 0000  0.7 0536  2.0 1224  0.5 1830  2.1
18  Su        824 0101  0.6 0642  2.1 1323  0.4 1928  2.2
19  Mo        824 0159  0.5 0742  2.2 1419  0.3 2021  2.4
20  Tu        824 0253  0.4 0837  2.3 1511  0.3 2110  2.5
21  We        824 0345  0.3 0930  2.4 1602  0.2 2158  2.5
22  Th        824 0435  0.2 1019  2.4 1651  0.2 2245  2.5
23  Fr        824 0523  0.2 1108  2.4 1739  0.2 2331  2.5
24  Sa        824 0611  0.2 1156  2.4 1827  0.3 9999  9.9
25  Su        824 0017  2.4 0658  0.2 1245  2.3 1917  0.4
26  Mo        824 0105  2.3 0747  0.3 1336  2.2 2008  0.5
27  Tu        824 0155  2.2 0837  0.4 1432  2.2 2104  0.6
28  We        824 0250  2.1 0931  0.5 1536  2.1 2204  0.7
29  Th        824 0353  2.0 1029  0.6 1647  2.0 2307  0.7
30  Fr        824 0501  2.0 1131  0.6 1754  2.1 9999  9.9
31  Sa        824 0010  0.7 0608  2.0 1232  0.6 1853  2.1
 1  Su        924 0109  0.7 0707  2.0 1329  0.5 1945  2.2
 2  Mo        924 0202  0.6 0759  2.1 1419  0.5 2030  2.2
 3  Tu        924 0249  0.5 0845  2.1 1502  0.4 2110  2.3
 4  We        924 0331  0.5 0925  2.2 1542  0.4 2146  2.3
 5  Th        924 0411  0.4 1002  2.2 1620  0.4 2217  2.3
 6  Fr        924 0448  0.4 1036  2.2 1657  0.4 2247  2.3
 7  Sa        924 0525  0.4 1109  2.2 1734  0.5 2318  2.2
 8  Su        924 0603  0.5 1144  2.2 1811  0.5 2352  2.2
 9  Mo        924 0641  0.5 1221  2.1 1851  0.6 9999  9.9
10  Tu        924 0030  2.1 0720  0.5 1303  2.1 1935  0.7
11  We        924 0112  2.1 0804  0.6 1349  2.0 2025  0.7
12  Th        924 0200  2.0 0853  0.6 1443  2.0 2123  0.8
13  Fr        924 0256  2.0 0950  0.6 1545  2.0 2229  0.8
14  Sa        924 0401  2.0 1052  0.6 1653  2.0 2334  0.7
15  Su        924 0512  2.0 1156  0.6 1801  2.1 9999  9.9
16  Mo        924 0037  0.6 0621  2.1 1258  0.4 1902  2.3
17  Tu        924 0135  0.4 0723  2.2 1355  0.3 1956  2.4
18  We        924 0229  0.3 0820  2.4 1449  0.2 2047  2.5
19  Th        924 0321  0.2 0912  2.4 1541  0.2 2136  2.5
20  Fr        924 0411  0.1 1001  2.5 1630  0.2 2223  2.5
21  Sa        924 0459  0.1 1050  2.5 1719  0.2 2309  2.5
22  Su        924 0547  0.2 1137  2.4 1808  0.3 2355  2.4
23  Mo        924 0634  0.2 1225  2.4 1857  0.4 9999  9.9
24  Tu        924 0042  2.3 0721  0.3 1315  2.3 1949  0.5
25  We        924 0132  2.2 0811  0.4 1410  2.1 2044  0.6
26  Th        924 0227  2.0 0904  0.5 1513  2.1 2143  0.7
27  Fr        924 0331  1.9 1002  0.6 1625  2.0 2245  0.7
28  Sa        924 0442  1.9 1104  0.7 1732  2.0 2347  0.7
29  Su        924 0550  1.9 1207  0.6 1830  2.1 9999  9.9
30  Mo        924 0044  0.6 0648  2.0 1303  0.6 1919  2.2
 1  Tu       1024 0135  0.6 0739  2.1 1352  0.5 2003  2.2
 2  We       1024 0220  0.5 0823  2.2 1435  0.5 2041  2.3
 3  Th       1024 0301  0.4 0902  2.2 1515  0.4 2115  2.3
 4  Fr       1024 0340  0.4 0937  2.2 1553  0.4 2146  2.3
 5  Sa       1024 0418  0.4 1011  2.3 1631  0.4 2216  2.3
 6  Su       1024 0455  0.4 1044  2.3 1709  0.5 2249  2.2
 7  Mo       1024 0533  0.4 1118  2.2 1749  0.5 2325  2.2
 8  Tu       1024 0612  0.5 1156  2.2 1831  0.6 9999  9.9
 9  We       1024 0004  2.1 0652  0.5 1238  2.1 1916  0.7
10  Th       1024 0048  2.1 0736  0.6 1324  2.1 2007  0.7
11  Fr       1024 0137  2.0 0826  0.6 1417  2.1 2105  0.7
12  Sa       1024 0235  2.0 0923  0.6 1517  2.1 2207  0.7
13  Su       1024 0340  2.0 1025  0.6 1624  2.1 2310  0.6
14  Mo       1024 0450  2.0 1129  0.5 1732  2.2 9999  9.9
15  Tu       1024 0011  0.5 0600  2.1 1232  0.4 1834  2.3
16  We       1024 0109  0.4 0703  2.3 1331  0.3 1930  2.4
17  Th       1024 0204  0.2 0800  2.4 1427  0.3 2023  2.5
18  Fr       1024 0256  0.1 0853  2.5 1519  0.2 2112  2.5
19  Sa       1024 0347  0.1 0943  2.5 1610  0.2 2200  2.5
20  Su       1024 0435  0.1 1031  2.5 1700  0.3 2247  2.4
21  Mo       1024 0523  0.2 1118  2.5 1749  0.3 2333  2.3
22  Tu       1024 0609  0.2 1206  2.4 1838  0.4 9999  9.9
23  We       1024 0020  2.2 0656  0.4 1254  2.3 1929  0.5
24  Th       1024 0109  2.1 0745  0.5 1347  2.2 2022  0.6
25  Fr       1024 0203  2.0 0836  0.6 1446  2.1 2118  0.7
26  Sa       1024 0305  1.9 0931  0.7 1553  2.0 2216  0.7
27  Su       1024 0415  1.9 1031  0.7 1659  2.0 2315  0.7
28  Mo       1024 0523  1.9 1131  0.7 1756  2.1 9999  9.9
29  Tu       1024 0010  0.6 0622  2.0 1228  0.7 1845  2.1
30  We       1024 0100  0.6 0712  2.1 1318  0.6 1928  2.2
31  Th       1024 0146  0.5 0756  2.1 1403  0.5 2007  2.2
 1  Fr       1124 0228  0.4 0835  2.2 1445  0.5 2041  2.2
 2  Sa       1124 0308  0.4 0911  2.3 1526  0.5 2114  2.2
 3  Su       1124 0348  0.3 0945  2.3 1607  0.5 2148  2.2
 4  Mo       1124 0427  0.3 1020  2.3 1648  0.5 2224  2.2
 5  Tu       1124 0507  0.4 1057  2.3 1730  0.5 2303  2.2
 6  We       1124 0547  0.4 1136  2.3 1815  0.6 2345  2.1
 7  Th       1124 0630  0.4 1218  2.2 1902  0.6 9999  9.9
 8  Fr       1124 0031  2.1 0715  0.5 1305  2.2 1952  0.6
 9  Sa       1124 0121  2.1 0805  0.5 1356  2.2 2047  0.6
10  Su       1124 0218  2.0 0900  0.6 1454  2.2 2144  0.6
11  Mo       1124 0321  2.1 1000  0.6 1556  2.2 2244  0.5
12  Tu       1124 0428  2.1 1103  0.5 1702  2.3 2343  0.4
13  We       1124 0537  2.2 1206  0.5 1804  2.3 9999  9.9
14  Th       1124 0042  0.3 0641  2.3 1306  0.4 1903  2.4
15  Fr       1124 0138  0.2 0739  2.4 1404  0.3 1957  2.4
16  Sa       1124 0232  0.2 0833  2.5 1458  0.3 2049  2.4
17  Su       1124 0323  0.1 0924  2.5 1551  0.3 2139  2.4
18  Mo       1124 0413  0.1 1013  2.5 1641  0.3 2227  2.3
19  Tu       1124 0500  0.2 1100  2.4 1730  0.4 2313  2.3
20  We       1124 0546  0.3 1147  2.4 1819  0.5 9999  9.9
21  Th       1124 0000  2.2 0632  0.4 1233  2.3 1907  0.5
22  Fr       1124 0047  2.1 0718  0.5 1321  2.2 1957  0.6
23  Sa       1124 0137  2.0 0805  0.6 1413  2.1 2047  0.6
24  Su       1124 0232  1.9 0855  0.6 1509  2.1 2140  0.7
25  Mo       1124 0335  1.9 0950  0.7 1610  2.0 2234  0.6
26  Tu       1124 0442  1.9 1047  0.7 1707  2.0 2327  0.6
27  We       1124 0543  2.0 1144  0.7 1759  2.1 9999  9.9
28  Th       1124 0018  0.6 0636  2.0 1237  0.7 1844  2.1
29  Fr       1124 0107  0.5 0723  2.1 1327  0.6 1926  2.1
30  Sa       1124 0152  0.4 0805  2.2 1414  0.6 2004  2.2
 1  Su       1224 0236  0.4 0843  2.2 1459  0.5 2043  2.2
 2  Mo       1224 0319  0.3 0920  2.3 1543  0.5 2122  2.2
 3  Tu       1224 0401  0.3 0958  2.3 1628  0.5 2203  2.2
 4  We       1224 0444  0.3 1037  2.3 1713  0.5 2246  2.2
 5  Th       1224 0527  0.3 1118  2.3 1759  0.5 2330  2.2
 6  Fr       1224 0611  0.4 1201  2.3 1847  0.5 9999  9.9
 7  Sa       1224 0017  2.2 0657  0.4 1248  2.3 1936  0.5
 8  Su       1224 0108  2.1 0746  0.4 1337  2.3 2027  0.5
 9  Mo       1224 0202  2.1 0838  0.5 1431  2.3 2121  0.5
10  Tu       1224 0301  2.1 0935  0.5 1529  2.3 2217  0.4
11  We       1224 0405  2.1 1036  0.5 1632  2.3 2315  0.4
12  Th       1224 0512  2.2 1140  0.5 1735  2.3 9999  9.9
13  Fr       1224 0014  0.3 0618  2.3 1242  0.5 1836  2.3
14  Sa       1224 0112  0.3 0719  2.3 1342  0.4 1934  2.3
15  Su       1224 0208  0.2 0815  2.4 1439  0.4 2029  2.3
16  Mo       1224 0302  0.2 0908  2.4 1533  0.4 2120  2.3
17  Tu       1224 0352  0.2 0957  2.4 1623  0.4 2209  2.3
18  We       1224 0439  0.3 1043  2.4 1711  0.4 2255  2.2
19  Th       1224 0524  0.3 1127  2.4 1758  0.5 2340  2.2
20  Fr       1224 0607  0.4 1210  2.3 1843  0.5 9999  9.9
21  Sa       1224 0024  2.1 0649  0.5 1252  2.2 1927  0.5
22  Su       1224 0108  2.0 0732  0.5 1334  2.2 2013  0.6
23  Mo       1224 0155  2.0 0817  0.6 1418  2.1 2059  0.6
24  Tu       1224 0246  1.9 0906  0.7 1505  2.1 2148  0.6
25  We       1224 0344  1.9 0959  0.7 1558  2.0 2239  0.6
26  Th       1224 0447  1.9 1055  0.8 1652  2.0 2332  0.6
27  Fr       1224 0549  2.0 1153  0.8 1747  2.0 9999  9.9
28  Sa       1224 0024  0.6 0642  2.0 1249  0.7 1838  2.0
29  Su       1224 0115  0.5 0730  2.1 1342  0.7 1927  2.1
30  Mo       1224 0204  0.4 0814  2.2 1432  0.6 2013  2.1
31  Tu       1224 0251  0.4 0856  2.3 1521  0.5 2059  2.2
 1  We        125 0337  0.3 0937  2.3 1608  0.5 2145  2.2
 2  Th        125 0422  0.3 1019  2.4 1655  0.4 2231  2.2
 3  Fr        125 0508  0.3 1101  2.4 1742  0.4 2317  2.3
 4  Sa        125 0553  0.3 1145  2.4 1829  0.4 9999  9.9
 5  Su        125 0004  2.3 0639  0.3 1230  2.4 1916  0.4
 6  Mo        125 0053  2.2 0727  0.4 1318  2.4 2005  0.4
 7  Tu        125 0145  2.2 0818  0.4 1409  2.3 2056  0.4
 8  We        125 0240  2.2 0913  0.5 1504  2.3 2151  0.4
 9  Th        125 0342  2.2 1012  0.5 1604  2.2 2248  0.4
10  Fr        125 0449  2.2 1116  0.6 1708  2.2 2348  0.4
11  Sa        125 0557  2.2 1220  0.6 1813  2.2 9999  9.9
12  Su        125 0049  0.4 0701  2.2 1323  0.6 1915  2.2
13  Mo        125 0147  0.4 0759  2.3 1422  0.5 2012  2.2
14  Tu        125 0242  0.3 0852  2.3 1515  0.5 2104  2.2
15  We        125 0332  0.3 0940  2.4 1605  0.4 2152  2.2
16  Th        125 0418  0.3 1024  2.4 1651  0.4 2237  2.2
17  Fr        125 0501  0.3 1105  2.4 1734  0.4 2319  2.2
18  Sa        125 0541  0.4 1143  2.3 1815  0.4 2358  2.1
19  Su        125 0621  0.4 1219  2.3 1855  0.5 9999  9.9
20  Mo        125 0037  2.1 0700  0.5 1254  2.2 1936  0.5
21  Tu        125 0117  2.1 0741  0.6 1331  2.2 2018  0.6
22  We        125 0201  2.0 0825  0.7 1412  2.1 2103  0.6
23  Th        125 0249  2.0 0913  0.7 1458  2.0 2151  0.6
24  Fr        125 0344  1.9 1009  0.8 1550  2.0 2244  0.6
25  Sa        125 0447  1.9 1109  0.8 1648  2.0 2340  0.6
26  Su        125 0552  2.0 1211  0.8 1751  2.0 9999  9.9
27  Mo        125 0037  0.6 0651  2.1 1310  0.7 1851  2.0
28  Tu        125 0131  0.5 0742  2.2 1405  0.6 1946  2.1
29  We        125 0224  0.4 0829  2.3 1457  0.5 2038  2.2
30  Th        125 0313  0.3 0914  2.4 1547  0.4 2127  2.3
31  Fr        125 0401  0.3 0959  2.4 1635  0.3 2215  2.3
 1  Sa        225 0448  0.2 1042  2.5 1721  0.3 2302  2.4
 2  Su        225 0535  0.2 1126  2.5 1808  0.2 2349  2.4
 3  Mo        225 0621  0.3 1211  2.5 1855  0.2 9999  9.9
 4  Tu        225 0037  2.3 0709  0.3 1258  2.4 1943  0.3
 5  We        225 0127  2.3 0759  0.4 1347  2.4 2033  0.3
 6  Th        225 0220  2.2 0853  0.5 1440  2.3 2126  0.4
 7  Fr        225 0320  2.2 0952  0.6 1540  2.2 2223  0.4
 8  Sa        225 0428  2.1 1056  0.6 1646  2.1 2324  0.5
 9  Su        225 0539  2.1 1201  0.7 1755  2.1 9999  9.9
10  Mo        225 0027  0.5 0645  2.2 1305  0.6 1859  2.1
11  Tu        225 0128  0.5 0743  2.2 1404  0.6 1957  2.1
12  We        225 0223  0.4 0834  2.3 1456  0.5 2048  2.2
13  Th        225 0313  0.4 0920  2.3 1543  0.4 2135  2.2
14  Fr        225 0356  0.4 1002  2.3 1626  0.4 2217  2.2
15  Sa        225 0436  0.4 1039  2.3 1706  0.4 2255  2.2
16  Su        225 0515  0.4 1113  2.3 1745  0.4 2331  2.2
17  Mo        225 0552  0.4 1145  2.3 1822  0.4 9999  9.9
18  Tu        225 0006  2.2 0629  0.5 1217  2.2 1900  0.5
19  We        225 0043  2.1 0708  0.6 1251  2.2 1940  0.5
20  Th        225 0122  2.1 0749  0.6 1330  2.1 2021  0.6
21  Fr        225 0206  2.0 0836  0.7 1414  2.0 2108  0.6
22  Sa        225 0257  2.0 0930  0.8 1505  2.0 2200  0.7
23  Su        225 0356  1.9 1032  0.8 1605  1.9 2259  0.7
24  Mo        225 0502  2.0 1136  0.8 1711  2.0 9999  9.9
25  Tu        225 0000  0.6 0608  2.0 1239  0.7 1819  2.0
26  We        225 0059  0.5 0707  2.2 1337  0.6 1920  2.1
27  Th        225 0156  0.4 0759  2.3 1431  0.4 2016  2.2
28  Fr        225 0248  0.3 0848  2.4 1522  0.3 2108  2.3
 1  Sa        325 0339  0.2 0935  2.5 1610  0.2 2156  2.4
 2  Su        325 0427  0.2 1020  2.5 1658  0.2 2244  2.4
 3  Mo        325 0515  0.2 1106  2.5 1745  0.2 2331  2.4
 4  Tu        325 0603  0.2 1151  2.5 1832  0.2 9999  9.9
 5  We        325 0019  2.4 0651  0.3 1238  2.4 1920  0.2
 6  Th        325 0109  2.3 0742  0.4 1327  2.3 2009  0.3
 7  Fr        325 0202  2.2 0836  0.5 1420  2.2 2102  0.4
 8  Sa        325 0302  2.1 0935  0.6 1520  2.1 2159  0.5
 9  Su        325 0410  2.1 1038  0.7 1628  2.0 2301  0.6
10  Mo        325 0522  2.1 1142  0.7 1739  2.0 9999  9.9
11  Tu        325 0005  0.6 0626  2.1 1245  0.6 1843  2.0
12  We        325 0107  0.5 0722  2.2 1341  0.6 1940  2.1
13  Th        325 0201  0.5 0811  2.2 1431  0.5 2029  2.2
14  Fr        325 0248  0.4 0855  2.3 1516  0.4 2113  2.2
15  Sa        325 0330  0.4 0934  2.3 1557  0.4 2153  2.2
16  Su        325 0409  0.4 1009  2.3 1635  0.4 2229  2.2
17  Mo        325 0447  0.4 1040  2.3 1713  0.4 2303  2.2
18  Tu        325 0524  0.4 1110  2.3 1749  0.4 2336  2.2
19  We        325 0601  0.5 1142  2.2 1827  0.4 9999  9.9
20  Th        325 0011  2.2 0640  0.6 1217  2.2 1905  0.5
21  Fr        325 0050  2.1 0722  0.6 1257  2.1 1946  0.6
22  Sa        325 0133  2.1 0808  0.7 1342  2.0 2031  0.6
23  Su        325 0221  2.0 0901  0.8 1433  2.0 2123  0.6
24  Mo        325 0318  2.0 1002  0.8 1533  2.0 2222  0.6
25  Tu        325 0421  2.0 1105  0.7 1640  2.0 2325  0.6
26  We        325 0528  2.1 1208  0.6 1750  2.0 9999  9.9
27  Th        325 0027  0.5 0631  2.2 1306  0.5 1854  2.2
28  Fr        325 0126  0.4 0727  2.3 1402  0.4 1952  2.3
29  Sa        325 0222  0.3 0819  2.4 1454  0.2 2046  2.4
30  Su        325 0315  0.2 0909  2.5 1545  0.2 2136  2.5
31  Mo        325 0405  0.2 0956  2.5 1634  0.1 2225  2.5
 1  Tu        425 0455  0.2 1043  2.5 1722  0.1 2313  2.5
 2  We        425 0544  0.3 1130  2.4 1810  0.2 9999  9.9
 3  Th        425 0001  2.4 0634  0.3 1218  2.3 1858  0.3
 4  Fr        425 0051  2.3 0726  0.4 1308  2.2 1947  0.4
 5  Sa        425 0144  2.2 0820  0.5 1402  2.1 2039  0.5
 6  Su        425 0244  2.1 0917  0.6 1502  2.0 2135  0.6
 7  Mo        425 0351  2.1 1018  0.7 1611  2.0 2236  0.6
 8  Tu        425 0500  2.1 1119  0.7 1720  2.0 2339  0.6
 9  We        425 0601  2.1 1218  0.6 1823  2.0 9999  9.9
10  Th        425 0038  0.6 0654  2.2 1312  0.6 1917  2.1
11  Fr        425 0131  0.6 0741  2.2 1400  0.5 2004  2.2
12  Sa        425 0218  0.5 0823  2.2 1444  0.4 2047  2.2
13  Su        425 0300  0.5 0901  2.3 1524  0.4 2126  2.3
14  Mo        425 0339  0.5 0934  2.3 1603  0.4 2201  2.3
15  Tu        425 0418  0.5 1006  2.2 1640  0.4 2234  2.3
16  We        425 0457  0.5 1037  2.2 1718  0.4 2308  2.2
17  Th        425 0536  0.5 1112  2.2 1756  0.4 2343  2.2
18  Fr        425 0617  0.6 1149  2.1 1835  0.5 9999  9.9
19  Sa        425 0022  2.2 0700  0.6 1231  2.1 1917  0.5
20  Su        425 0105  2.1 0748  0.7 1317  2.0 2003  0.6
21  Mo        425 0153  2.1 0840  0.7 1409  2.0 2054  0.6
22  Tu        425 0248  2.1 0937  0.7 1508  2.0 2151  0.6
23  We        425 0348  2.1 1037  0.6 1614  2.0 2253  0.6
24  Th        425 0452  2.2 1137  0.5 1722  2.1 2356  0.5
25  Fr        425 0555  2.3 1235  0.4 1827  2.2 9999  9.9
26  Sa        425 0057  0.4 0654  2.3 1332  0.3 1927  2.3
27  Su        425 0155  0.3 0749  2.4 1426  0.2 2022  2.4
28  Mo        425 0250  0.3 0841  2.5 1518  0.1 2115  2.5
29  Tu        425 0343  0.3 0932  2.5 1609  0.1 2205  2.5
30  We        425 0435  0.3 1021  2.4 1658  0.1 2255  2.5
 1  Th        525 0526  0.3 1110  2.3 1747  0.2 2344  2.4
 2  Fr        525 0617  0.4 1159  2.3 1835  0.3 9999  9.9
 3  Sa        525 0034  2.3 0709  0.5 1250  2.2 1924  0.4
 4  Su        525 0126  2.2 0801  0.5 1343  2.1 2015  0.5
 5  Mo        525 0222  2.2 0856  0.6 1442  2.0 2108  0.6
 6  Tu        525 0324  2.1 0951  0.6 1547  1.9 2205  0.6
 7  We        525 0427  2.1 1048  0.6 1653  2.0 2304  0.7
 8  Th        525 0525  2.1 1143  0.6 1753  2.0 9999  9.9
 9  Fr        525 0001  0.6 0617  2.1 1235  0.5 1847  2.1
10  Sa        525 0054  0.6 0704  2.2 1323  0.5 1934  2.1
11  Su        525 0142  0.6 0745  2.2 1407  0.4 2017  2.2
12  Mo        525 0226  0.5 0823  2.2 1449  0.4 2056  2.2
13  Tu        525 0308  0.5 0858  2.2 1529  0.4 2132  2.3
14  We        525 0350  0.5 0932  2.2 1609  0.4 2206  2.3
15  Th        525 0431  0.5 1008  2.2 1649  0.4 2242  2.3
16  Fr        525 0513  0.6 1046  2.1 1729  0.4 2319  2.2
17  Sa        525 0557  0.6 1126  2.1 1810  0.5 2359  2.2
18  Su        525 0642  0.6 1210  2.1 1853  0.5 9999  9.9
19  Mo        525 0042  2.2 0729  0.6 1257  2.1 1939  0.5
20  Tu        525 0130  2.2 0819  0.6 1350  2.1 2029  0.6
21  We        525 0222  2.2 0913  0.6 1447  2.1 2124  0.6
22  Th        525 0318  2.2 1009  0.5 1549  2.1 2224  0.5
23  Fr        525 0419  2.2 1107  0.4 1655  2.2 2326  0.5
24  Sa        525 0521  2.3 1205  0.4 1800  2.2 9999  9.9
25  Su        525 0028  0.5 0622  2.3 1302  0.3 1902  2.3
26  Mo        525 0129  0.4 0720  2.4 1359  0.2 2000  2.4
27  Tu        525 0227  0.4 0816  2.4 1453  0.2 2054  2.4
28  We        525 0322  0.4 0909  2.4 1546  0.2 2146  2.5
29  Th        525 0416  0.4 1001  2.3 1636  0.2 2237  2.4
30  Fr        525 0508  0.4 1051  2.3 1725  0.3 2326  2.4
31  Sa        525 0559  0.4 1140  2.2 1813  0.3 9999  9.9
 1  Su        625 0014  2.3 0649  0.5 1230  2.1 1900  0.4
 2  Mo        625 0103  2.3 0738  0.5 1320  2.0 1947  0.5
 3  Tu        625 0154  2.2 0828  0.6 1414  2.0 2036  0.6
 4  We        625 0247  2.1 0918  0.6 1512  2.0 2128  0.6
 5  Th        625 0342  2.1 1010  0.6 1614  2.0 2222  0.7
 6  Fr        625 0438  2.1 1101  0.6 1715  2.0 2318  0.7
 7  Sa        625 0530  2.1 1152  0.6 1810  2.0 9999  9.9
 8  Su        625 0012  0.7 0618  2.1 1242  0.5 1900  2.1
 9  Mo        625 0103  0.7 0702  2.1 1329  0.5 1944  2.1
10  Tu        625 0152  0.6 0743  2.1 1414  0.4 2025  2.2
11  We        625 0238  0.6 0822  2.1 1457  0.4 2103  2.2
12  Th        625 0323  0.6 0902  2.1 1540  0.4 2140  2.3
13  Fr        625 0408  0.6 0942  2.1 1622  0.4 2217  2.3
14  Sa        625 0452  0.5 1024  2.1 1704  0.4 2257  2.3
15  Su        625 0537  0.5 1107  2.1 1747  0.4 2338  2.3
16  Mo        625 0623  0.5 1152  2.1 1831  0.4 9999  9.9
17  Tu        625 0021  2.3 0710  0.5 1240  2.1 1917  0.5
18  We        625 0107  2.3 0758  0.5 1331  2.1 2007  0.5
19  Th        625 0157  2.3 0849  0.5 1426  2.1 2100  0.5
20  Fr        625 0251  2.3 0942  0.4 1525  2.1 2158  0.5
21  Sa        625 0349  2.3 1038  0.4 1629  2.2 2300  0.5
22  Su        625 0451  2.3 1137  0.4 1736  2.2 9999  9.9
23  Mo        625 0004  0.5 0554  2.3 1236  0.3 1840  2.3
24  Tu        625 0106  0.5 0656  2.3 1334  0.3 1941  2.3
25  We        625 0207  0.5 0755  2.3 1431  0.3 2037  2.4
26  Th        625 0304  0.4 0850  2.3 1525  0.3 2130  2.4
27  Fr        625 0358  0.4 0943  2.2 1615  0.3 2219  2.4
28  Sa        625 0449  0.4 1033  2.2 1703  0.3 2306  2.4
29  Su        625 0538  0.4 1121  2.2 1749  0.4 2351  2.3
30  Mo        625 0624  0.5 1207  2.1 1833  0.4 9999  9.9
