376Ben Gunn
Based on data from  1-Jul-2009
Local Std Time, tidal heights in metres.
 1  Th        115 0459  2.2 1118  0.5 1721  2.2 2348  0.3
 2  Fr        115 0603  2.2 1218  0.5 1820  2.2 9999  9.9
 3  Sa        115 0045  0.3 0701  2.2 1315  0.4 1915  2.2
 4  Su        115 0139  0.3 0753  2.3 1408  0.4 2006  2.2
 5  Mo        115 0229  0.3 0841  2.3 1458  0.4 2053  2.2
 6  Tu        115 0315  0.2 0925  2.3 1543  0.4 2136  2.2
 7  We        115 0358  0.3 1006  2.3 1627  0.4 2216  2.2
 8  Th        115 0439  0.3 1043  2.3 1709  0.4 2253  2.2
 9  Fr        115 0519  0.3 1117  2.3 1749  0.4 2329  2.2
10  Sa        115 0558  0.3 1150  2.3 1830  0.4 9999  9.9
11  Su        115 0006  2.1 0638  0.4 1225  2.2 1911  0.4
12  Mo        115 0045  2.1 0719  0.5 1303  2.2 1954  0.5
13  Tu        115 0128  2.1 0802  0.5 1345  2.2 2039  0.5
14  We        115 0214  2.0 0849  0.6 1432  2.1 2127  0.5
15  Th        115 0306  2.0 0943  0.6 1524  2.1 2220  0.5
16  Fr        115 0405  2.0 1043  0.6 1622  2.1 2317  0.5
17  Sa        115 0508  2.0 1145  0.6 1725  2.1 9999  9.9
18  Su        115 0015  0.4 0613  2.1 1247  0.5 1829  2.2
19  Mo        115 0113  0.3 0714  2.2 1346  0.4 1930  2.2
20  Tu        115 0208  0.2 0809  2.4 1441  0.3 2026  2.3
21  We        115 0302  0.1 0901  2.5 1534  0.2 2120  2.4
22  Th        115 0353  0.0 0951  2.5 1625  0.1 2211  2.4
23  Fr        115 0443  0.0 1039  2.6 1715  0.1 2300  2.5
24  Sa        115 0532  0.0 1127  2.6 1804  0.1 2349  2.4
25  Su        115 0621  0.1 1214  2.5 1853  0.1 9999  9.9
26  Mo        115 0039  2.4 0711  0.2 1303  2.4 1943  0.2
27  Tu        115 0131  2.3 0802  0.3 1355  2.4 2034  0.2
28  We        115 0226  2.2 0856  0.4 1450  2.3 2127  0.3
29  Th        115 0328  2.2 0953  0.5 1550  2.2 2222  0.4
30  Fr        115 0434  2.1 1052  0.5 1654  2.1 2320  0.4
31  Sa        115 0539  2.1 1152  0.5 1756  2.1 9999  9.9
 1  Su        215 0018  0.4 0639  2.2 1250  0.5 1853  2.1
 2  Mo        215 0113  0.4 0732  2.2 1344  0.5 1945  2.1
 3  Tu        215 0204  0.4 0819  2.3 1433  0.4 2032  2.2
 4  We        215 0250  0.3 0903  2.3 1519  0.4 2115  2.2
 5  Th        215 0333  0.3 0942  2.3 1601  0.4 2154  2.2
 6  Fr        215 0414  0.3 1017  2.3 1642  0.3 2230  2.2
 7  Sa        215 0453  0.3 1049  2.3 1722  0.3 2304  2.2
 8  Su        215 0532  0.3 1121  2.3 1801  0.3 2340  2.2
 9  Mo        215 0611  0.4 1155  2.3 1841  0.4 9999  9.9
10  Tu        215 0017  2.2 0651  0.4 1232  2.2 1922  0.4
11  We        215 0058  2.1 0733  0.5 1313  2.2 2005  0.4
12  Th        215 0143  2.1 0819  0.5 1359  2.2 2052  0.5
13  Fr        215 0233  2.1 0912  0.6 1450  2.1 2144  0.5
14  Sa        215 0329  2.0 1011  0.6 1548  2.1 2242  0.5
15  Su        215 0432  2.1 1115  0.6 1653  2.1 2344  0.4
16  Mo        215 0540  2.1 1219  0.5 1802  2.1 9999  9.9
17  Tu        215 0045  0.3 0646  2.2 1320  0.4 1907  2.2
18  We        215 0144  0.2 0746  2.4 1418  0.3 2007  2.3
19  Th        215 0240  0.1 0840  2.5 1512  0.1 2102  2.4
20  Fr        215 0333  0.0 0931  2.6 1604  0.1 2154  2.5
21  Sa        215 0424  0.0 1020  2.6 1654  0.0 2244  2.5
22  Su        215 0513  0.0 1108  2.6 1742  0.0 2332  2.5
23  Mo        215 0602  0.1 1155  2.5 1830  0.1 9999  9.9
24  Tu        215 0021  2.4 0651  0.2 1242  2.4 1919  0.2
25  We        215 0110  2.3 0740  0.3 1331  2.3 2008  0.2
26  Th        215 0203  2.2 0832  0.4 1424  2.2 2059  0.3
27  Fr        215 0302  2.1 0927  0.5 1522  2.1 2153  0.4
28  Sa        215 0407  2.1 1025  0.6 1626  2.0 2250  0.5
 1  Su        315 0513  2.1 1125  0.6 1730  2.0 2348  0.5
 2  Mo        315 0613  2.1 1222  0.6 1829  2.0 9999  9.9
 3  Tu        315 0044  0.5 0706  2.2 1316  0.5 1921  2.1
 4  We        315 0136  0.4 0754  2.2 1405  0.5 2009  2.1
 5  Th        315 0223  0.4 0836  2.2 1450  0.4 2051  2.2
 6  Fr        315 0306  0.4 0915  2.3 1533  0.4 2130  2.2
 7  Sa        315 0347  0.3 0948  2.3 1613  0.3 2205  2.2
 8  Su        315 0427  0.3 1020  2.3 1653  0.3 2239  2.2
 9  Mo        315 0507  0.3 1052  2.3 1733  0.3 2314  2.2
10  Tu        315 0546  0.4 1127  2.3 1813  0.3 2352  2.2
11  We        315 0627  0.4 1205  2.3 1854  0.4 9999  9.9
12  Th        315 0032  2.2 0710  0.5 1247  2.2 1937  0.4
13  Fr        315 0117  2.2 0757  0.5 1333  2.2 2023  0.4
14  Sa        315 0206  2.1 0849  0.6 1425  2.1 2116  0.5
15  Su        315 0301  2.1 0948  0.6 1523  2.1 2214  0.5
16  Mo        315 0403  2.1 1051  0.5 1629  2.1 2316  0.4
17  Tu        315 0512  2.2 1154  0.5 1739  2.2 9999  9.9
18  We        315 0019  0.4 0619  2.3 1256  0.3 1846  2.3
19  Th        315 0120  0.3 0721  2.4 1354  0.2 1947  2.4
20  Fr        315 0217  0.2 0817  2.5 1449  0.1 2043  2.5
21  Sa        315 0311  0.1 0909  2.5 1541  0.0 2135  2.5
22  Su        315 0403  0.1 0959  2.6 1630  0.0 2225  2.5
23  Mo        315 0452  0.1 1046  2.5 1719  0.0 2313  2.5
24  Tu        315 0541  0.1 1133  2.5 1806  0.1 9999  9.9
25  We        315 0000  2.4 0629  0.2 1219  2.4 1853  0.2
26  Th        315 0048  2.3 0718  0.3 1306  2.3 1940  0.3
27  Fr        315 0138  2.2 0808  0.4 1356  2.1 2029  0.4
28  Sa        315 0233  2.1 0901  0.5 1451  2.0 2121  0.5
29  Su        315 0334  2.1 0956  0.6 1553  2.0 2216  0.5
30  Mo        315 0440  2.0 1053  0.6 1659  2.0 2313  0.6
31  Tu        315 0541  2.1 1149  0.6 1800  2.0 9999  9.9
 1  We        415 0009  0.6 0634  2.1 1242  0.5 1854  2.0
 2  Th        415 0102  0.5 0721  2.1 1332  0.5 1941  2.1
 3  Fr        415 0151  0.5 0804  2.2 1418  0.4 2023  2.2
 4  Sa        415 0236  0.4 0841  2.2 1501  0.3 2101  2.2
 5  Su        415 0318  0.4 0915  2.3 1543  0.3 2137  2.2
 6  Mo        415 0400  0.3 0948  2.3 1624  0.3 2212  2.3
 7  Tu        415 0442  0.3 1024  2.3 1705  0.3 2249  2.3
 8  We        415 0524  0.4 1102  2.3 1746  0.3 2328  2.3
 9  Th        415 0607  0.4 1142  2.3 1828  0.3 9999  9.9
10  Fr        415 0010  2.3 0651  0.4 1225  2.2 1913  0.4
11  Sa        415 0055  2.2 0739  0.5 1313  2.2 2000  0.4
12  Su        415 0144  2.2 0832  0.5 1405  2.2 2052  0.4
13  Mo        415 0239  2.2 0929  0.5 1504  2.1 2150  0.4
14  Tu        415 0340  2.2 1029  0.5 1609  2.1 2251  0.4
15  We        415 0447  2.2 1131  0.4 1719  2.2 2354  0.4
16  Th        415 0554  2.3 1231  0.3 1826  2.3 9999  9.9
17  Fr        415 0056  0.3 0657  2.4 1329  0.2 1927  2.4
18  Sa        415 0154  0.2 0753  2.5 1424  0.1 2023  2.5
19  Su        415 0249  0.1 0846  2.5 1516  0.0 2115  2.5
20  Mo        415 0341  0.1 0935  2.5 1606  0.0 2204  2.5
21  Tu        415 0431  0.2 1023  2.4 1654  0.1 2252  2.5
22  We        415 0519  0.2 1109  2.4 1740  0.1 2338  2.4
23  Th        415 0606  0.3 1154  2.3 1826  0.2 9999  9.9
24  Fr        415 0023  2.3 0654  0.4 1239  2.2 1912  0.3
25  Sa        415 0110  2.2 0742  0.5 1326  2.1 1958  0.4
26  Su        415 0200  2.1 0832  0.5 1417  2.0 2047  0.5
27  Mo        415 0255  2.1 0924  0.6 1515  1.9 2139  0.6
28  Tu        415 0356  2.0 1018  0.6 1618  1.9 2234  0.6
29  We        415 0457  2.0 1112  0.6 1722  1.9 2329  0.6
30  Th        415 0552  2.1 1204  0.5 1818  2.0 9999  9.9
 1  Fr        515 0023  0.6 0640  2.1 1254  0.5 1907  2.1
 2  Sa        515 0114  0.5 0722  2.1 1342  0.4 1950  2.1
 3  Su        515 0202  0.5 0801  2.2 1427  0.3 2029  2.2
 4  Mo        515 0248  0.4 0838  2.2 1511  0.3 2108  2.3
 5  Tu        515 0333  0.4 0917  2.2 1555  0.3 2146  2.3
 6  We        515 0417  0.4 0957  2.3 1638  0.2 2226  2.3
 7  Th        515 0502  0.4 1038  2.3 1721  0.2 2307  2.3
 8  Fr        515 0547  0.4 1122  2.3 1806  0.3 2350  2.3
 9  Sa        515 0634  0.4 1207  2.2 1852  0.3 9999  9.9
10  Su        515 0036  2.3 0723  0.4 1256  2.2 1940  0.3
11  Mo        515 0126  2.3 0815  0.4 1349  2.2 2032  0.4
12  Tu        515 0220  2.3 0910  0.4 1447  2.1 2128  0.4
13  We        515 0319  2.3 1008  0.4 1551  2.2 2229  0.4
14  Th        515 0424  2.3 1107  0.3 1659  2.2 2331  0.4
15  Fr        515 0530  2.3 1206  0.3 1806  2.3 9999  9.9
16  Sa        515 0032  0.3 0632  2.3 1304  0.2 1907  2.3
17  Su        515 0131  0.3 0729  2.4 1359  0.1 2003  2.4
18  Mo        515 0226  0.2 0822  2.4 1451  0.1 2055  2.4
19  Tu        515 0318  0.2 0912  2.4 1541  0.1 2144  2.5
20  We        515 0408  0.3 0959  2.3 1628  0.1 2230  2.4
21  Th        515 0456  0.3 1044  2.3 1714  0.2 2314  2.4
22  Fr        515 0543  0.4 1128  2.2 1758  0.3 2358  2.3
23  Sa        515 0628  0.4 1211  2.1 1842  0.4 9999  9.9
24  Su        515 0040  2.2 0714  0.5 1255  2.1 1926  0.4
25  Mo        515 0124  2.2 0801  0.5 1341  2.0 2012  0.5
26  Tu        515 0210  2.1 0850  0.5 1431  1.9 2100  0.6
27  We        515 0259  2.0 0939  0.6 1526  1.9 2151  0.6
28  Th        515 0353  2.0 1031  0.6 1627  1.9 2246  0.6
29  Fr        515 0448  2.0 1122  0.5 1727  2.0 2341  0.6
30  Sa        515 0541  2.0 1213  0.5 1821  2.0 9999  9.9
31  Su        515 0035  0.6 0630  2.1 1303  0.4 1909  2.1
 1  Mo        615 0127  0.5 0717  2.1 1352  0.4 1954  2.2
 2  Tu        615 0217  0.5 0802  2.2 1440  0.3 2037  2.3
 3  We        615 0305  0.4 0847  2.2 1526  0.2 2120  2.3
 4  Th        615 0353  0.4 0932  2.3 1612  0.2 2204  2.4
 5  Fr        615 0441  0.3 1018  2.3 1658  0.2 2248  2.4
 6  Sa        615 0529  0.3 1104  2.3 1745  0.2 2333  2.4
 7  Su        615 0617  0.3 1152  2.3 1832  0.2 9999  9.9
 8  Mo        615 0020  2.4 0707  0.3 1241  2.2 1921  0.3
 9  Tu        615 0109  2.4 0758  0.3 1334  2.2 2013  0.3
10  We        615 0202  2.3 0851  0.3 1431  2.2 2108  0.4
11  Th        615 0259  2.3 0946  0.3 1533  2.2 2207  0.4
12  Fr        615 0402  2.3 1044  0.3 1640  2.2 2308  0.4
13  Sa        615 0506  2.3 1142  0.3 1746  2.2 9999  9.9
14  Su        615 0009  0.4 0608  2.3 1239  0.2 1848  2.3
15  Mo        615 0108  0.4 0706  2.3 1335  0.2 1944  2.3
16  Tu        615 0204  0.3 0759  2.3 1427  0.2 2035  2.4
17  We        615 0256  0.3 0849  2.3 1517  0.2 2123  2.4
18  Th        615 0345  0.3 0936  2.3 1603  0.2 2208  2.4
19  Fr        615 0432  0.4 1021  2.2 1648  0.3 2251  2.3
20  Sa        615 0517  0.4 1103  2.2 1730  0.3 2331  2.3
21  Su        615 0601  0.4 1143  2.1 1812  0.4 9999  9.9
22  Mo        615 0009  2.2 0645  0.5 1223  2.1 1854  0.4
23  Tu        615 0047  2.2 0729  0.5 1305  2.0 1937  0.5
24  We        615 0126  2.1 0813  0.5 1349  2.0 2021  0.6
25  Th        615 0209  2.1 0900  0.5 1437  1.9 2110  0.6
26  Fr        615 0255  2.0 0948  0.5 1530  1.9 2202  0.7
27  Sa        615 0347  2.0 1039  0.5 1628  1.9 2258  0.7
28  Su        615 0442  2.0 1132  0.5 1728  2.0 2355  0.6
29  Mo        615 0539  2.1 1225  0.4 1826  2.1 9999  9.9
30  Tu        615 0052  0.6 0635  2.1 1318  0.4 1918  2.2
 1  We        715 0146  0.5 0729  2.2 1409  0.3 2008  2.3
 2  Th        715 0239  0.4 0820  2.2 1459  0.2 2056  2.3
 3  Fr        715 0330  0.3 0910  2.3 1549  0.2 2143  2.4
 4  Sa        715 0420  0.3 0959  2.3 1637  0.1 2229  2.5
 5  Su        715 0509  0.2 1048  2.3 1725  0.1 2316  2.5
 6  Mo        715 0558  0.2 1136  2.3 1814  0.2 9999  9.9
 7  Tu        715 0003  2.4 0648  0.2 1226  2.3 1903  0.2
 8  We        715 0052  2.4 0738  0.2 1318  2.3 1954  0.3
 9  Th        715 0144  2.4 0830  0.3 1414  2.2 2049  0.4
10  Fr        715 0239  2.3 0924  0.3 1514  2.2 2146  0.4
11  Sa        715 0340  2.2 1020  0.3 1620  2.2 2246  0.5
12  Su        715 0443  2.2 1118  0.3 1727  2.2 2347  0.5
13  Mo        715 0546  2.2 1215  0.3 1829  2.2 9999  9.9
14  Tu        715 0046  0.5 0645  2.2 1311  0.3 1925  2.3
15  We        715 0142  0.4 0739  2.2 1404  0.3 2016  2.3
16  Th        715 0234  0.4 0829  2.2 1453  0.3 2103  2.3
17  Fr        715 0323  0.4 0915  2.2 1539  0.3 2146  2.3
18  Sa        715 0408  0.4 0958  2.2 1622  0.3 2226  2.3
19  Su        715 0451  0.4 1038  2.2 1703  0.3 2303  2.3
20  Mo        715 0533  0.4 1115  2.1 1743  0.4 2337  2.2
21  Tu        715 0614  0.4 1152  2.1 1823  0.4 9999  9.9
22  We        715 0011  2.2 0656  0.5 1231  2.1 1903  0.5
23  Th        715 0048  2.2 0738  0.5 1312  2.0 1946  0.5
24  Fr        715 0128  2.1 0821  0.5 1357  2.0 2032  0.6
25  Sa        715 0212  2.1 0908  0.5 1446  2.0 2122  0.7
26  Su        715 0302  2.1 0958  0.5 1541  2.0 2219  0.7
27  Mo        715 0357  2.0 1052  0.5 1641  2.0 2319  0.7
28  Tu        715 0457  2.0 1149  0.5 1744  2.0 9999  9.9
29  We        715 0020  0.6 0559  2.1 1246  0.4 1845  2.2
30  Th        715 0118  0.5 0700  2.2 1341  0.3 1941  2.3
31  Fr        715 0214  0.4 0757  2.2 1435  0.2 2033  2.4
 1  Sa        815 0307  0.3 0851  2.3 1526  0.1 2122  2.5
 2  Su        815 0358  0.2 0942  2.4 1616  0.1 2210  2.5
 3  Mo        815 0448  0.2 1031  2.4 1706  0.1 2258  2.5
 4  Tu        815 0538  0.1 1121  2.4 1755  0.1 2345  2.5
 5  We        815 0627  0.1 1210  2.4 1844  0.2 9999  9.9
 6  Th        815 0034  2.4 0716  0.2 1301  2.3 1935  0.3
 7  Fr        815 0124  2.4 0807  0.2 1355  2.2 2029  0.4
 8  Sa        815 0218  2.3 0900  0.3 1454  2.2 2125  0.4
 9  Su        815 0317  2.2 0955  0.4 1600  2.1 2225  0.5
10  Mo        815 0421  2.1 1053  0.4 1708  2.1 2325  0.5
11  Tu        815 0526  2.1 1151  0.4 1810  2.2 9999  9.9
12  We        815 0025  0.5 0626  2.1 1248  0.4 1906  2.2
13  Th        815 0120  0.5 0721  2.1 1341  0.4 1956  2.3
14  Fr        815 0211  0.4 0810  2.2 1430  0.3 2042  2.3
15  Sa        815 0258  0.4 0855  2.2 1514  0.3 2123  2.3
16  Su        815 0342  0.4 0936  2.2 1556  0.3 2201  2.3
17  Mo        815 0424  0.4 1014  2.2 1636  0.3 2234  2.3
18  Tu        815 0504  0.4 1049  2.2 1715  0.4 2306  2.3
19  We        815 0544  0.4 1124  2.2 1754  0.4 2339  2.2
20  Th        815 0624  0.4 1200  2.1 1834  0.5 9999  9.9
21  Fr        815 0015  2.2 0704  0.4 1240  2.1 1915  0.5
22  Sa        815 0054  2.2 0746  0.5 1323  2.1 2000  0.6
23  Su        815 0138  2.1 0831  0.5 1410  2.0 2050  0.6
24  Mo        815 0227  2.1 0921  0.5 1504  2.0 2147  0.7
25  Tu        815 0322  2.0 1016  0.5 1604  2.0 2249  0.6
26  We        815 0424  2.0 1116  0.5 1709  2.1 2352  0.6
27  Th        815 0531  2.1 1216  0.4 1814  2.2 9999  9.9
28  Fr        815 0052  0.5 0636  2.2 1315  0.3 1915  2.3
29  Sa        815 0150  0.3 0737  2.3 1411  0.2 2010  2.4
30  Su        815 0244  0.2 0832  2.4 1504  0.1 2101  2.5
31  Mo        815 0336  0.1 0925  2.5 1556  0.1 2151  2.6
 1  Tu        915 0426  0.1 1015  2.5 1646  0.1 2239  2.6
 2  We        915 0516  0.1 1104  2.5 1735  0.1 2326  2.5
 3  Th        915 0604  0.1 1152  2.4 1825  0.2 9999  9.9
 4  Fr        915 0014  2.4 0653  0.2 1242  2.3 1915  0.3
 5  Sa        915 0103  2.3 0743  0.2 1334  2.2 2008  0.4
 6  Su        915 0156  2.2 0834  0.3 1432  2.2 2103  0.5
 7  Mo        915 0254  2.1 0929  0.4 1537  2.1 2202  0.5
 8  Tu        915 0358  2.0 1026  0.5 1646  2.1 2302  0.6
 9  We        915 0505  2.0 1125  0.5 1749  2.1 9999  9.9
10  Th        915 0000  0.6 0606  2.0 1223  0.5 1844  2.2
11  Fr        915 0055  0.5 0701  2.1 1316  0.4 1933  2.2
12  Sa        915 0145  0.5 0750  2.1 1405  0.4 2018  2.3
13  Su        915 0232  0.4 0834  2.2 1449  0.4 2057  2.3
14  Mo        915 0314  0.4 0914  2.2 1530  0.3 2133  2.3
15  Tu        915 0355  0.3 0950  2.2 1610  0.3 2205  2.3
16  We        915 0435  0.3 1024  2.2 1649  0.3 2236  2.3
17  Th        915 0514  0.3 1058  2.2 1728  0.4 2309  2.2
18  Fr        915 0554  0.3 1134  2.2 1809  0.4 2346  2.2
19  Sa        915 0634  0.4 1213  2.2 1851  0.5 9999  9.9
20  Su        915 0026  2.2 0716  0.4 1255  2.1 1935  0.6
21  Mo        915 0110  2.1 0800  0.5 1342  2.1 2025  0.6
22  Tu        915 0159  2.1 0850  0.5 1434  2.1 2122  0.6
23  We        915 0255  2.1 0946  0.5 1533  2.1 2223  0.6
24  Th        915 0358  2.1 1047  0.5 1639  2.1 2326  0.5
25  Fr        915 0506  2.1 1149  0.4 1746  2.2 9999  9.9
26  Sa        915 0027  0.4 0615  2.2 1250  0.3 1850  2.3
27  Su        915 0125  0.3 0717  2.3 1348  0.2 1947  2.4
28  Mo        915 0220  0.1 0814  2.4 1443  0.1 2040  2.5
29  Tu        915 0313  0.0 0907  2.5 1535  0.1 2130  2.6
30  We        915 0404  0.0 0957  2.5 1626  0.1 2218  2.5
 1  Th       1015 0453  0.0 1046  2.5 1716  0.1 2306  2.5
 2  Fr       1015 0541  0.1 1134  2.5 1805  0.2 2353  2.4
 3  Sa       1015 0629  0.1 1222  2.4 1855  0.3 9999  9.9
 4  Su       1015 0041  2.3 0717  0.3 1313  2.3 1946  0.4
 5  Mo       1015 0132  2.2 0807  0.4 1407  2.2 2040  0.5
 6  Tu       1015 0228  2.1 0900  0.5 1509  2.1 2136  0.6
 7  We       1015 0331  2.0 0956  0.5 1617  2.1 2234  0.6
 8  Th       1015 0439  2.0 1054  0.6 1720  2.1 2331  0.6
 9  Fr       1015 0542  2.0 1152  0.5 1816  2.1 9999  9.9
10  Sa       1015 0025  0.5 0637  2.0 1246  0.5 1905  2.2
11  Su       1015 0115  0.4 0726  2.1 1335  0.5 1949  2.2
12  Mo       1015 0201  0.4 0810  2.2 1420  0.4 2028  2.2
13  Tu       1015 0244  0.3 0849  2.2 1503  0.4 2103  2.3
14  We       1015 0326  0.3 0925  2.3 1544  0.3 2135  2.3
15  Th       1015 0406  0.3 0959  2.3 1624  0.3 2208  2.3
16  Fr       1015 0446  0.3 1033  2.3 1705  0.4 2244  2.3
17  Sa       1015 0526  0.3 1110  2.3 1747  0.4 2322  2.2
18  Su       1015 0607  0.3 1150  2.3 1830  0.5 9999  9.9
19  Mo       1015 0003  2.2 0650  0.4 1232  2.2 1916  0.5
20  Tu       1015 0048  2.2 0735  0.4 1319  2.2 2006  0.5
21  We       1015 0138  2.1 0825  0.5 1410  2.2 2101  0.5
22  Th       1015 0234  2.1 0920  0.5 1508  2.2 2200  0.5
23  Fr       1015 0336  2.1 1021  0.5 1612  2.2 2302  0.4
24  Sa       1015 0445  2.1 1124  0.4 1720  2.2 9999  9.9
25  Su       1015 0002  0.3 0554  2.2 1226  0.3 1825  2.3
26  Mo       1015 0101  0.2 0658  2.3 1325  0.2 1924  2.4
27  Tu       1015 0157  0.1 0756  2.4 1422  0.2 2018  2.5
28  We       1015 0250  0.0 0849  2.5 1515  0.1 2109  2.5
29  Th       1015 0341  0.0 0939  2.6 1606  0.1 2158  2.5
30  Fr       1015 0430  0.0 1028  2.5 1656  0.1 2245  2.4
31  Sa       1015 0517  0.1 1115  2.5 1744  0.2 2332  2.3
 1  Su       1115 0604  0.2 1202  2.4 1833  0.3 9999  9.9
 2  Mo       1115 0019  2.2 0651  0.3 1250  2.3 1922  0.4
 3  Tu       1115 0107  2.1 0739  0.4 1340  2.2 2013  0.5
 4  We       1115 0159  2.0 0829  0.5 1435  2.1 2106  0.5
 5  Th       1115 0257  2.0 0921  0.5 1537  2.1 2200  0.6
 6  Fr       1115 0402  1.9 1017  0.6 1641  2.0 2255  0.6
 7  Sa       1115 0508  2.0 1114  0.6 1738  2.1 2349  0.5
 8  Su       1115 0606  2.0 1209  0.6 1828  2.1 9999  9.9
 9  Mo       1115 0039  0.5 0657  2.1 1301  0.5 1913  2.1
10  Tu       1115 0127  0.4 0741  2.1 1348  0.5 1953  2.2
11  We       1115 0212  0.3 0821  2.2 1434  0.4 2029  2.2
12  Th       1115 0255  0.3 0858  2.3 1517  0.4 2105  2.2
13  Fr       1115 0338  0.2 0934  2.3 1600  0.4 2142  2.3
14  Sa       1115 0420  0.2 1011  2.3 1644  0.4 2221  2.3
15  Su       1115 0502  0.2 1049  2.3 1727  0.4 2302  2.2
16  Mo       1115 0544  0.3 1130  2.3 1812  0.4 2345  2.2
17  Tu       1115 0628  0.3 1213  2.3 1859  0.4 9999  9.9
18  We       1115 0031  2.2 0715  0.3 1259  2.3 1949  0.4
19  Th       1115 0121  2.2 0804  0.4 1350  2.3 2042  0.4
20  Fr       1115 0216  2.1 0858  0.4 1446  2.2 2138  0.4
21  Sa       1115 0317  2.1 0957  0.4 1548  2.2 2237  0.4
22  Su       1115 0424  2.2 1059  0.4 1654  2.3 2337  0.3
23  Mo       1115 0533  2.2 1202  0.4 1800  2.3 9999  9.9
24  Tu       1115 0036  0.2 0638  2.3 1303  0.3 1901  2.4
25  We       1115 0133  0.1 0737  2.4 1400  0.2 1956  2.4
26  Th       1115 0227  0.1 0831  2.5 1455  0.2 2048  2.4
27  Fr       1115 0318  0.0 0922  2.5 1546  0.2 2138  2.4
28  Sa       1115 0407  0.1 1010  2.5 1636  0.2 2225  2.4
29  Su       1115 0454  0.1 1056  2.5 1723  0.3 2311  2.3
30  Mo       1115 0540  0.2 1141  2.4 1810  0.3 2355  2.2
 1  Tu       1215 0625  0.3 1225  2.3 1857  0.4 9999  9.9
 2  We       1215 0041  2.1 0710  0.4 1310  2.2 1944  0.4
 3  Th       1215 0127  2.0 0756  0.5 1357  2.2 2033  0.5
 4  Fr       1215 0218  2.0 0844  0.5 1447  2.1 2123  0.5
 5  Sa       1215 0314  1.9 0936  0.6 1543  2.0 2214  0.5
 6  Su       1215 0418  1.9 1031  0.6 1642  2.0 2307  0.5
 7  Mo       1215 0521  2.0 1127  0.6 1737  2.0 2359  0.5
 8  Tu       1215 0617  2.0 1221  0.6 1826  2.1 9999  9.9
 9  We       1215 0049  0.4 0705  2.1 1313  0.6 1911  2.1
10  Th       1215 0138  0.4 0749  2.2 1403  0.5 1954  2.2
11  Fr       1215 0224  0.3 0829  2.2 1450  0.4 2035  2.2
12  Sa       1215 0310  0.2 0909  2.3 1537  0.4 2118  2.3
13  Su       1215 0355  0.2 0949  2.4 1623  0.3 2201  2.3
14  Mo       1215 0439  0.2 1030  2.4 1708  0.3 2244  2.3
15  Tu       1215 0524  0.2 1112  2.4 1755  0.3 2329  2.3
16  We       1215 0609  0.2 1156  2.4 1842  0.3 9999  9.9
17  Th       1215 0016  2.3 0656  0.3 1243  2.4 1931  0.3
18  Fr       1215 0106  2.2 0745  0.3 1332  2.4 2022  0.3
19  Sa       1215 0200  2.2 0838  0.4 1426  2.3 2116  0.3
20  Su       1215 0258  2.2 0935  0.4 1525  2.3 2213  0.3
21  Mo       1215 0403  2.2 1036  0.4 1630  2.3 2312  0.3
22  Tu       1215 0512  2.2 1139  0.4 1736  2.3 9999  9.9
23  We       1215 0011  0.2 0618  2.3 1241  0.4 1838  2.3
24  Th       1215 0109  0.2 0719  2.3 1340  0.3 1936  2.3
25  Fr       1215 0205  0.1 0814  2.4 1435  0.3 2029  2.3
26  Sa       1215 0257  0.1 0904  2.4 1526  0.3 2119  2.3
27  Su       1215 0346  0.1 0952  2.5 1615  0.3 2206  2.3
28  Mo       1215 0432  0.2 1036  2.4 1701  0.3 2250  2.3
29  Tu       1215 0516  0.2 1118  2.4 1746  0.3 2332  2.2
30  We       1215 0558  0.3 1159  2.3 1830  0.4 9999  9.9
31  Th       1215 0013  2.1 0640  0.4 1238  2.3 1913  0.4
