072Bluff
Based on data from  1-Jul-2006
Local Std Time, tidal heights in metres.
 1  Fr        116 0034  1.0 0643  2.4 1257  1.0 1909  2.4
 2  Sa        116 0124  1.0 0734  2.4 1350  1.1 2004  2.4
 3  Su        116 0216  1.1 0829  2.4 1445  1.1 2059  2.4
 4  Mo        116 0311  1.1 0925  2.4 1540  1.1 2153  2.4
 5  Tu        116 0405  1.1 1018  2.4 1631  1.0 2244  2.4
 6  We        116 0457  1.0 1108  2.4 1719  1.0 2331  2.5
 7  Th        116 0544  1.0 1153  2.5 1805  0.9 9999  9.9
 8  Fr        116 0016  2.6 0630  0.9 1236  2.6 1848  0.8
 9  Sa        116 0100  2.7 0713  0.8 1318  2.7 1932  0.7
10  Su        116 0143  2.7 0757  0.7 1401  2.7 2016  0.6
11  Mo        116 0227  2.8 0840  0.7 1444  2.8 2101  0.6
12  Tu        116 0312  2.8 0925  0.6 1529  2.8 2148  0.5
13  We        116 0358  2.8 1011  0.6 1617  2.8 2236  0.5
14  Th        116 0446  2.8 1100  0.6 1707  2.8 2327  0.6
15  Fr        116 0536  2.8 1152  0.7 1801  2.7 9999  9.9
16  Sa        116 0021  0.7 0631  2.7 1248  0.7 1901  2.7
17  Su        116 0119  0.7 0732  2.6 1349  0.8 2005  2.7
18  Mo        116 0221  0.8 0836  2.6 1453  0.8 2111  2.6
19  Tu        116 0326  0.8 0942  2.6 1557  0.8 2215  2.7
20  We        116 0429  0.8 1044  2.6 1658  0.7 2315  2.7
21  Th        116 0529  0.8 1140  2.7 1754  0.6 9999  9.9
22  Fr        116 0010  2.7 0623  0.7 1232  2.7 1846  0.6
23  Sa        116 0100  2.8 0713  0.7 1320  2.8 1935  0.6
24  Su        116 0147  2.8 0800  0.7 1405  2.8 2021  0.6
25  Mo        116 0232  2.8 0844  0.7 1448  2.8 2105  0.6
26  Tu        116 0314  2.7 0926  0.7 1530  2.7 2147  0.7
27  We        116 0354  2.7 1007  0.8 1611  2.6 2229  0.8
28  Th        116 0434  2.6 1047  0.8 1651  2.6 2309  0.9
29  Fr        116 0514  2.5 1127  0.9 1733  2.5 2350  0.9
30  Sa        116 0555  2.5 1210  1.0 1818  2.4 9999  9.9
31  Su        116 0033  1.0 0640  2.4 1256  1.1 1908  2.4
 1  Mo        216 0121  1.1 0732  2.3 1348  1.1 2004  2.3
 2  Tu        216 0215  1.1 0830  2.3 1446  1.1 2103  2.3
 3  We        216 0315  1.1 0931  2.3 1545  1.1 2201  2.4
 4  Th        216 0414  1.1 1028  2.4 1641  1.0 2255  2.5
 5  Fr        216 0509  1.0 1119  2.5 1732  0.9 2346  2.6
 6  Sa        216 0600  0.9 1207  2.6 1821  0.8 9999  9.9
 7  Su        216 0033  2.7 0647  0.8 1252  2.7 1908  0.6
 8  Mo        216 0119  2.8 0733  0.7 1337  2.8 1954  0.5
 9  Tu        216 0205  2.9 0818  0.6 1423  2.9 2041  0.4
10  We        216 0251  2.9 0904  0.5 1509  2.9 2128  0.4
11  Th        216 0337  2.9 0951  0.5 1558  2.9 2217  0.4
12  Fr        216 0426  2.9 1040  0.5 1649  2.9 2308  0.5
13  Sa        216 0517  2.8 1132  0.6 1744  2.8 9999  9.9
14  Su        216 0002  0.6 0612  2.7 1228  0.7 1844  2.7
15  Mo        216 0100  0.7 0713  2.6 1329  0.7 1948  2.7
16  Tu        216 0203  0.8 0819  2.6 1435  0.8 2056  2.6
17  We        216 0309  0.9 0927  2.6 1541  0.8 2202  2.6
18  Th        216 0414  0.9 1030  2.6 1643  0.8 2302  2.6
19  Fr        216 0514  0.8 1126  2.6 1739  0.7 2356  2.7
20  Sa        216 0608  0.8 1217  2.7 1830  0.7 9999  9.9
21  Su        216 0044  2.7 0655  0.7 1302  2.7 1916  0.6
22  Mo        216 0128  2.7 0739  0.7 1344  2.7 1959  0.6
23  Tu        216 0208  2.7 0820  0.7 1424  2.7 2040  0.7
24  We        216 0247  2.7 0858  0.7 1502  2.7 2119  0.7
25  Th        216 0323  2.7 0936  0.8 1539  2.7 2156  0.8
26  Fr        216 0359  2.6 1012  0.8 1616  2.6 2233  0.8
27  Sa        216 0436  2.6 1050  0.9 1655  2.5 2311  0.9
28  Su        216 0514  2.5 1129  1.0 1736  2.5 2351  1.0
29  Mo        216 0556  2.4 1212  1.0 1823  2.4 9999  9.9
 1  Tu        316 0036  1.1 0645  2.4 1302  1.1 1917  2.3
 2  We        316 0129  1.1 0741  2.3 1359  1.1 2017  2.3
 3  Th        316 0229  1.2 0845  2.3 1501  1.1 2119  2.4
 4  Fr        316 0333  1.1 0947  2.4 1603  1.0 2219  2.5
 5  Sa        316 0434  1.0 1044  2.5 1700  0.9 2314  2.6
 6  Su        316 0529  0.9 1136  2.6 1752  0.7 9999  9.9
 7  Mo        316 0004  2.7 0619  0.7 1225  2.8 1842  0.6
 8  Tu        316 0053  2.8 0707  0.6 1313  2.9 1931  0.5
 9  We        316 0141  2.9 0754  0.5 1400  3.0 2019  0.4
10  Th        316 0228  3.0 0842  0.4 1449  3.0 2108  0.4
11  Fr        316 0316  3.0 0930  0.4 1539  3.0 2157  0.4
12  Sa        316 0406  3.0 1020  0.4 1631  3.0 2249  0.5
13  Su        316 0458  2.9 1113  0.5 1727  2.9 2343  0.6
14  Mo        316 0553  2.8 1210  0.6 1827  2.7 9999  9.9
15  Tu        316 0041  0.7 0655  2.6 1311  0.7 1932  2.6
16  We        316 0144  0.8 0802  2.6 1417  0.8 2040  2.6
17  Th        316 0252  0.9 0910  2.5 1524  0.8 2146  2.6
18  Fr        316 0357  0.9 1013  2.5 1626  0.8 2245  2.6
19  Sa        316 0456  0.9 1108  2.6 1721  0.8 2337  2.6
20  Su        316 0548  0.8 1157  2.6 1809  0.7 9999  9.9
21  Mo        316 0022  2.6 0633  0.8 1240  2.7 1854  0.7
22  Tu        316 0104  2.7 0715  0.8 1320  2.7 1934  0.7
23  We        316 0142  2.7 0753  0.7 1357  2.7 2013  0.7
24  Th        316 0218  2.7 0830  0.7 1433  2.7 2049  0.8
25  Fr        316 0253  2.7 0905  0.8 1509  2.6 2125  0.8
26  Sa        316 0327  2.6 0940  0.8 1545  2.6 2201  0.8
27  Su        316 0403  2.6 1017  0.9 1623  2.5 2238  0.9
28  Mo        316 0440  2.5 1056  0.9 1704  2.5 2318  1.0
29  Tu        316 0522  2.4 1139  1.0 1750  2.4 9999  9.9
30  We        316 0003  1.1 0609  2.4 1228  1.0 1842  2.4
31  Th        316 0054  1.1 0704  2.3 1323  1.0 1940  2.4
 1  Fr        416 0153  1.1 0806  2.3 1425  1.0 2042  2.4
 2  Sa        416 0257  1.1 0910  2.4 1528  0.9 2144  2.5
 3  Su        416 0400  1.0 1010  2.5 1628  0.8 2242  2.6
 4  Mo        416 0458  0.8 1106  2.7 1724  0.7 2336  2.7
 5  Tu        416 0551  0.7 1158  2.8 1816  0.5 9999  9.9
 6  We        416 0027  2.9 0642  0.5 1248  2.9 1907  0.4
 7  Th        416 0116  3.0 0731  0.4 1338  3.0 1957  0.4
 8  Fr        416 0205  3.0 0820  0.3 1429  3.1 2047  0.3
 9  Sa        416 0255  3.0 0910  0.3 1521  3.0 2138  0.4
10  Su        416 0346  3.0 1001  0.4 1614  3.0 2230  0.5
11  Mo        416 0438  2.9 1054  0.5 1710  2.9 2324  0.6
12  Tu        416 0535  2.8 1151  0.6 1810  2.7 9999  9.9
13  We        416 0022  0.8 0636  2.6 1252  0.7 1914  2.6
14  Th        416 0125  0.9 0742  2.6 1357  0.8 2020  2.6
15  Fr        416 0231  0.9 0849  2.5 1502  0.9 2123  2.5
16  Sa        416 0335  1.0 0950  2.5 1602  0.9 2221  2.5
17  Su        416 0432  0.9 1044  2.5 1656  0.8 2311  2.6
18  Mo        416 0522  0.9 1131  2.6 1743  0.8 2355  2.6
19  Tu        416 0606  0.8 1213  2.6 1826  0.8 9999  9.9
20  We        416 0035  2.6 0647  0.8 1252  2.6 1906  0.8
21  Th        416 0112  2.6 0724  0.8 1329  2.6 1944  0.8
22  Fr        416 0148  2.6 0800  0.8 1405  2.6 2020  0.8
23  Sa        416 0223  2.6 0836  0.8 1441  2.6 2056  0.8
24  Su        416 0258  2.6 0912  0.8 1518  2.6 2132  0.9
25  Mo        416 0334  2.6 0949  0.8 1557  2.6 2211  0.9
26  Tu        416 0413  2.5 1029  0.9 1639  2.5 2252  1.0
27  We        416 0455  2.5 1113  0.9 1724  2.5 2337  1.0
28  Th        416 0542  2.4 1202  0.9 1815  2.5 9999  9.9
29  Fr        416 0028  1.0 0635  2.4 1256  1.0 1910  2.4
30  Sa        416 0125  1.1 0735  2.4 1356  0.9 2011  2.5
 1  Su        516 0226  1.0 0838  2.5 1458  0.9 2112  2.5
 2  Mo        516 0329  0.9 0939  2.6 1559  0.8 2212  2.6
 3  Tu        516 0429  0.8 1038  2.7 1656  0.7 2308  2.8
 4  We        516 0525  0.6 1133  2.8 1751  0.6 9999  9.9
 5  Th        516 0002  2.9 0617  0.5 1226  2.9 1844  0.5
 6  Fr        516 0053  2.9 0709  0.4 1318  3.0 1936  0.4
 7  Sa        516 0144  3.0 0800  0.3 1410  3.0 2027  0.4
 8  Su        516 0235  3.0 0851  0.3 1503  3.0 2119  0.4
 9  Mo        516 0326  2.9 0943  0.4 1557  2.9 2211  0.5
10  Tu        516 0419  2.9 1036  0.5 1652  2.8 2304  0.7
11  We        516 0515  2.7 1132  0.6 1750  2.7 9999  9.9
12  Th        516 0001  0.8 0613  2.6 1230  0.7 1850  2.6
13  Fr        516 0100  0.9 0716  2.5 1331  0.8 1952  2.5
14  Sa        516 0202  1.0 0819  2.5 1433  0.9 2052  2.5
15  Su        516 0303  1.0 0919  2.5 1531  0.9 2147  2.5
16  Mo        516 0400  1.0 1012  2.5 1624  0.9 2237  2.5
17  Tu        516 0450  0.9 1059  2.5 1711  0.9 2322  2.5
18  We        516 0535  0.9 1142  2.5 1755  0.9 9999  9.9
19  Th        516 0003  2.6 0616  0.9 1222  2.6 1836  0.9
20  Fr        516 0042  2.6 0654  0.8 1301  2.6 1914  0.8
21  Sa        516 0119  2.6 0731  0.8 1338  2.6 1952  0.8
22  Su        516 0156  2.6 0808  0.8 1416  2.6 2029  0.8
23  Mo        516 0232  2.6 0846  0.8 1455  2.6 2107  0.8
24  Tu        516 0310  2.6 0926  0.8 1535  2.6 2147  0.9
25  We        516 0350  2.6 1007  0.8 1617  2.6 2230  0.9
26  Th        516 0433  2.5 1052  0.8 1703  2.6 2316  0.9
27  Fr        516 0520  2.5 1141  0.8 1752  2.5 9999  9.9
28  Sa        516 0005  1.0 0611  2.5 1233  0.9 1845  2.5
29  Su        516 0100  1.0 0709  2.5 1330  0.9 1943  2.5
30  Mo        516 0200  0.9 0810  2.5 1431  0.8 2044  2.6
31  Tu        516 0302  0.9 0913  2.6 1532  0.8 2145  2.6
 1  We        616 0403  0.8 1013  2.7 1632  0.7 2244  2.7
 2  Th        616 0501  0.6 1111  2.8 1729  0.6 2340  2.8
 3  Fr        616 0556  0.5 1207  2.9 1824  0.5 9999  9.9
 4  Sa        616 0034  2.9 0650  0.4 1301  2.9 1918  0.5
 5  Su        616 0126  2.9 0742  0.4 1354  3.0 2009  0.5
 6  Mo        616 0217  2.9 0833  0.4 1446  2.9 2101  0.5
 7  Tu        616 0308  2.9 0925  0.4 1539  2.9 2151  0.6
 8  We        616 0359  2.8 1017  0.5 1631  2.8 2243  0.7
 9  Th        616 0451  2.7 1109  0.6 1725  2.7 2335  0.8
10  Fr        616 0546  2.6 1203  0.7 1819  2.6 9999  9.9
11  Sa        616 0029  0.9 0643  2.5 1259  0.8 1915  2.5
12  Su        616 0126  1.0 0741  2.5 1355  0.9 2011  2.5
13  Mo        616 0224  1.0 0838  2.4 1451  1.0 2106  2.4
14  Tu        616 0320  1.0 0932  2.4 1544  1.0 2158  2.4
15  We        616 0412  1.0 1022  2.4 1634  1.0 2246  2.5
16  Th        616 0459  1.0 1108  2.5 1721  1.0 2330  2.5
17  Fr        616 0543  0.9 1151  2.5 1804  0.9 9999  9.9
18  Sa        616 0011  2.5 0624  0.9 1232  2.6 1845  0.9
19  Su        616 0051  2.6 0703  0.8 1312  2.6 1925  0.9
20  Mo        616 0129  2.6 0742  0.8 1352  2.6 2004  0.8
21  Tu        616 0208  2.6 0822  0.7 1432  2.7 2044  0.8
22  We        616 0248  2.7 0904  0.7 1514  2.7 2126  0.8
23  Th        616 0329  2.7 0947  0.7 1557  2.7 2209  0.8
24  Fr        616 0412  2.6 1032  0.7 1642  2.7 2255  0.8
25  Sa        616 0459  2.6 1121  0.7 1730  2.6 2344  0.8
26  Su        616 0550  2.6 1212  0.7 1822  2.6 9999  9.9
27  Mo        616 0038  0.8 0646  2.6 1308  0.8 1919  2.6
28  Tu        616 0136  0.8 0747  2.6 1407  0.8 2020  2.6
29  We        616 0238  0.8 0851  2.6 1509  0.8 2123  2.6
30  Th        616 0341  0.8 0954  2.7 1611  0.7 2225  2.7
 1  Fr        716 0441  0.7 1055  2.7 1711  0.7 2323  2.8
 2  Sa        716 0539  0.6 1152  2.8 1808  0.6 9999  9.9
 3  Su        716 0018  2.8 0633  0.5 1247  2.9 1902  0.6
 4  Mo        716 0110  2.9 0726  0.5 1339  2.9 1953  0.6
 5  Tu        716 0200  2.9 0817  0.5 1429  2.9 2042  0.6
 6  We        716 0248  2.9 0906  0.5 1519  2.8 2130  0.6
 7  Th        716 0337  2.8 0955  0.6 1607  2.8 2218  0.7
 8  Fr        716 0425  2.7 1043  0.7 1654  2.7 2305  0.8
 9  Sa        716 0513  2.6 1131  0.8 1742  2.6 2353  0.9
10  Su        716 0603  2.5 1220  0.9 1831  2.5 9999  9.9
11  Mo        716 0043  1.0 0655  2.5 1310  1.0 1923  2.4
12  Tu        716 0136  1.0 0750  2.4 1403  1.0 2017  2.4
13  We        716 0231  1.1 0845  2.4 1457  1.1 2112  2.4
14  Th        716 0327  1.1 0939  2.4 1551  1.1 2205  2.4
15  Fr        716 0419  1.0 1030  2.4 1643  1.1 2255  2.4
16  Sa        716 0507  1.0 1117  2.5 1730  1.0 2340  2.5
17  Su        716 0552  0.9 1202  2.5 1815  0.9 9999  9.9
18  Mo        716 0022  2.6 0635  0.8 1245  2.6 1857  0.9
19  Tu        716 0103  2.6 0717  0.7 1327  2.7 1939  0.8
20  We        716 0143  2.7 0759  0.7 1409  2.7 2021  0.7
21  Th        716 0224  2.7 0842  0.6 1451  2.8 2104  0.7
22  Fr        716 0307  2.8 0926  0.6 1535  2.8 2148  0.7
23  Sa        716 0352  2.8 1012  0.6 1621  2.8 2234  0.7
24  Su        716 0439  2.8 1100  0.6 1709  2.7 2323  0.7
25  Mo        716 0530  2.7 1152  0.7 1801  2.7 9999  9.9
26  Tu        716 0016  0.7 0627  2.7 1247  0.7 1858  2.6
27  We        716 0115  0.8 0728  2.6 1346  0.8 2000  2.6
28  Th        716 0217  0.8 0833  2.6 1450  0.8 2106  2.6
29  Fr        716 0323  0.8 0939  2.6 1555  0.8 2210  2.6
30  Sa        716 0426  0.7 1042  2.7 1657  0.8 2310  2.7
31  Su        716 0525  0.6 1140  2.7 1754  0.7 9999  9.9
 1  Mo        816 0005  2.8 0620  0.6 1234  2.8 1847  0.7
 2  Tu        816 0055  2.8 0711  0.5 1324  2.8 1936  0.6
 3  We        816 0143  2.8 0759  0.5 1411  2.8 2022  0.6
 4  Th        816 0228  2.8 0846  0.5 1456  2.8 2107  0.7
 5  Fr        816 0312  2.8 0930  0.6 1539  2.7 2150  0.7
 6  Sa        816 0355  2.7 1014  0.7 1620  2.7 2232  0.8
 7  Su        816 0438  2.6 1056  0.8 1702  2.6 2315  0.9
 8  Mo        816 0521  2.5 1139  0.9 1745  2.5 2358  1.0
 9  Tu        816 0607  2.5 1223  1.0 1831  2.4 9999  9.9
10  We        816 0045  1.1 0657  2.4 1311  1.1 1923  2.3
11  Th        816 0137  1.1 0752  2.3 1404  1.1 2020  2.3
12  Fr        816 0235  1.1 0851  2.3 1502  1.2 2120  2.3
13  Sa        816 0334  1.1 0948  2.4 1601  1.1 2216  2.4
14  Su        816 0429  1.0 1042  2.4 1655  1.0 2306  2.5
15  Mo        816 0519  0.9 1131  2.5 1743  1.0 2351  2.6
16  Tu        816 0605  0.8 1216  2.6 1829  0.8 9999  9.9
17  We        816 0035  2.7 0650  0.7 1300  2.7 1913  0.7
18  Th        816 0117  2.8 0734  0.6 1344  2.8 1956  0.6
19  Fr        816 0200  2.8 0819  0.5 1428  2.9 2040  0.6
20  Sa        816 0245  2.9 0904  0.5 1512  2.9 2125  0.5
21  Su        816 0331  2.9 0951  0.5 1559  2.9 2213  0.5
22  Mo        816 0420  2.9 1040  0.5 1648  2.8 2303  0.6
23  Tu        816 0512  2.8 1132  0.6 1741  2.7 2357  0.7
24  We        816 0609  2.7 1227  0.7 1839  2.7 9999  9.9
25  Th        816 0056  0.7 0712  2.7 1328  0.8 1944  2.6
26  Fr        816 0200  0.8 0820  2.6 1434  0.9 2052  2.6
27  Sa        816 0308  0.8 0928  2.6 1541  0.9 2159  2.6
28  Su        816 0413  0.8 1031  2.6 1644  0.8 2258  2.7
29  Mo        816 0512  0.7 1129  2.7 1741  0.8 2352  2.7
30  Tu        816 0605  0.6 1220  2.7 1831  0.7 9999  9.9
31  We        816 0039  2.8 0654  0.6 1306  2.8 1917  0.7
 1  Th        916 0124  2.8 0740  0.6 1350  2.8 2000  0.7
 2  Fr        916 0206  2.8 0822  0.6 1430  2.7 2041  0.7
 3  Sa        916 0246  2.8 0903  0.7 1509  2.7 2120  0.7
 4  Su        916 0324  2.7 0943  0.7 1546  2.6 2159  0.8
 5  Mo        916 0403  2.6 1021  0.8 1624  2.6 2237  0.9
 6  Tu        916 0442  2.5 1059  0.9 1702  2.5 2317  1.0
 7  We        916 0524  2.5 1140  1.0 1744  2.4 9999  9.9
 8  Th        916 0000  1.0 0610  2.4 1224  1.1 1833  2.3
 9  Fr        916 0048  1.1 0702  2.3 1314  1.1 1929  2.3
10  Sa        916 0145  1.1 0802  2.3 1413  1.2 2032  2.3
11  Su        916 0246  1.1 0904  2.3 1516  1.1 2134  2.3
12  Mo        916 0347  1.1 1003  2.4 1616  1.1 2229  2.4
13  Tu        916 0443  0.9 1056  2.5 1710  0.9 2318  2.6
14  We        916 0533  0.8 1145  2.6 1758  0.8 9999  9.9
15  Th        916 0005  2.7 0621  0.7 1232  2.8 1845  0.7
16  Fr        916 0050  2.8 0708  0.5 1317  2.9 1930  0.5
17  Sa        916 0136  2.9 0755  0.4 1403  2.9 2016  0.5
18  Su        916 0223  3.0 0842  0.4 1450  3.0 2103  0.4
19  Mo        916 0311  3.0 0930  0.4 1538  2.9 2152  0.4
20  Tu        916 0401  3.0 1020  0.5 1628  2.9 2243  0.5
21  We        916 0455  2.9 1113  0.6 1722  2.8 2338  0.6
22  Th        916 0553  2.8 1210  0.7 1822  2.7 9999  9.9
23  Fr        916 0038  0.7 0657  2.7 1311  0.8 1928  2.6
24  Sa        916 0144  0.8 0806  2.6 1418  0.9 2038  2.6
25  Su        916 0252  0.8 0914  2.6 1526  0.9 2145  2.6
26  Mo        916 0358  0.8 1017  2.6 1629  0.9 2244  2.6
27  Tu        916 0456  0.8 1113  2.6 1723  0.8 2335  2.7
28  We        916 0548  0.7 1202  2.7 1812  0.8 9999  9.9
29  Th        916 0021  2.7 0634  0.7 1245  2.7 1855  0.7
30  Fr        916 0102  2.7 0717  0.7 1325  2.7 1935  0.7
 1  Sa       1016 0141  2.7 0757  0.7 1403  2.7 2014  0.7
 2  Su       1016 0219  2.7 0835  0.7 1439  2.7 2051  0.7
 3  Mo       1016 0255  2.7 0912  0.8 1514  2.6 2127  0.8
 4  Tu       1016 0331  2.6 0948  0.8 1550  2.6 2203  0.8
 5  We       1016 0409  2.6 1025  0.9 1627  2.5 2241  0.9
 6  Th       1016 0449  2.5 1104  1.0 1707  2.4 2323  1.0
 7  Fr       1016 0533  2.4 1147  1.1 1753  2.4 9999  9.9
 8  Sa       1016 0010  1.1 0623  2.4 1236  1.1 1846  2.3
 9  Su       1016 0104  1.1 0720  2.3 1332  1.1 1947  2.3
10  Mo       1016 0204  1.1 0821  2.4 1435  1.1 2050  2.4
11  Tu       1016 0307  1.0 0923  2.4 1537  1.0 2150  2.5
12  We       1016 0406  0.9 1020  2.5 1635  0.9 2244  2.6
13  Th       1016 0501  0.8 1113  2.6 1727  0.8 2335  2.7
14  Fr       1016 0553  0.6 1203  2.8 1817  0.6 9999  9.9
15  Sa       1016 0024  2.9 0643  0.5 1251  2.9 1905  0.5
16  Su       1016 0113  3.0 0732  0.4 1339  3.0 1954  0.4
17  Mo       1016 0202  3.0 0821  0.4 1428  3.0 2043  0.4
18  Tu       1016 0252  3.0 0911  0.4 1518  3.0 2133  0.4
19  We       1016 0344  3.0 1002  0.4 1609  2.9 2225  0.5
20  Th       1016 0439  2.9 1055  0.6 1705  2.8 2321  0.6
21  Fr       1016 0538  2.8 1152  0.7 1804  2.7 9999  9.9
22  Sa       1016 0021  0.7 0641  2.7 1253  0.8 1910  2.6
23  Su       1016 0126  0.8 0748  2.6 1359  0.9 2019  2.6
24  Mo       1016 0233  0.8 0854  2.6 1505  0.9 2125  2.6
25  Tu       1016 0336  0.8 0956  2.6 1607  0.9 2222  2.6
26  We       1016 0434  0.8 1050  2.6 1700  0.9 2313  2.6
27  Th       1016 0524  0.8 1137  2.6 1747  0.8 2357  2.6
28  Fr       1016 0610  0.8 1219  2.6 1830  0.8 9999  9.9
29  Sa       1016 0038  2.7 0651  0.8 1258  2.6 1909  0.7
30  Su       1016 0116  2.7 0730  0.8 1335  2.7 1946  0.7
31  Mo       1016 0152  2.7 0808  0.8 1410  2.6 2023  0.8
 1  Tu       1116 0228  2.7 0844  0.8 1446  2.6 2058  0.8
 2  We       1116 0305  2.6 0920  0.8 1521  2.6 2135  0.8
 3  Th       1116 0342  2.6 0957  0.9 1558  2.5 2213  0.9
 4  Fr       1116 0422  2.5 1036  0.9 1638  2.5 2255  0.9
 5  Sa       1116 0505  2.5 1118  1.0 1723  2.4 2341  1.0
 6  Su       1116 0553  2.4 1206  1.1 1813  2.4 9999  9.9
 7  Mo       1116 0033  1.0 0645  2.4 1259  1.1 1910  2.4
 8  Tu       1116 0130  1.0 0743  2.4 1359  1.1 2011  2.4
 9  We       1116 0230  1.0 0844  2.5 1501  1.0 2113  2.5
10  Th       1116 0331  0.9 0944  2.5 1601  0.9 2211  2.6
11  Fr       1116 0430  0.8 1041  2.7 1658  0.7 2307  2.7
12  Sa       1116 0525  0.6 1135  2.8 1751  0.6 9999  9.9
13  Su       1116 0000  2.9 0618  0.5 1227  2.9 1842  0.5
14  Mo       1116 0052  3.0 0710  0.4 1318  3.0 1933  0.4
15  Tu       1116 0143  3.0 0801  0.4 1409  3.0 2024  0.3
16  We       1116 0236  3.0 0853  0.4 1500  3.0 2116  0.4
17  Th       1116 0329  3.0 0944  0.5 1552  2.9 2209  0.4
18  Fr       1116 0423  2.9 1037  0.6 1647  2.8 2304  0.5
19  Sa       1116 0520  2.8 1133  0.7 1745  2.7 9999  9.9
20  Su       1116 0002  0.7 0620  2.7 1231  0.8 1847  2.6
21  Mo       1116 0103  0.8 0722  2.6 1333  0.9 1952  2.6
22  Tu       1116 0205  0.8 0825  2.5 1436  0.9 2055  2.5
23  We       1116 0307  0.9 0925  2.5 1536  0.9 2152  2.5
24  Th       1116 0404  0.9 1019  2.5 1630  0.9 2243  2.5
25  Fr       1116 0455  0.9 1107  2.5 1718  0.9 2328  2.6
26  Sa       1116 0541  0.9 1150  2.6 1801  0.8 9999  9.9
27  Su       1116 0010  2.6 0624  0.9 1230  2.6 1841  0.8
28  Mo       1116 0049  2.6 0703  0.8 1308  2.6 1920  0.8
29  Tu       1116 0127  2.6 0741  0.8 1345  2.6 1957  0.8
30  We       1116 0204  2.6 0818  0.8 1421  2.6 2033  0.8
 1  Th       1216 0242  2.6 0855  0.8 1457  2.6 2111  0.8
 2  Fr       1216 0320  2.6 0933  0.9 1535  2.6 2150  0.8
 3  Sa       1216 0400  2.6 1012  0.9 1615  2.5 2232  0.8
 4  Su       1216 0442  2.6 1055  0.9 1658  2.5 2318  0.9
 5  Mo       1216 0527  2.5 1141  1.0 1746  2.5 9999  9.9
 6  Tu       1216 0007  0.9 0617  2.5 1232  1.0 1839  2.5
 7  We       1216 0101  0.9 0711  2.5 1328  1.0 1938  2.5
 8  Th       1216 0159  0.9 0810  2.5 1428  0.9 2040  2.5
 9  Fr       1216 0300  0.9 0912  2.6 1530  0.8 2142  2.6
10  Sa       1216 0401  0.8 1013  2.6 1631  0.7 2242  2.7
11  Su       1216 0501  0.7 1111  2.7 1728  0.6 2339  2.8
12  Mo       1216 0557  0.6 1207  2.8 1822  0.5 9999  9.9
13  Tu       1216 0034  2.9 0652  0.5 1300  2.9 1915  0.4
14  We       1216 0128  3.0 0744  0.5 1352  2.9 2008  0.4
15  Th       1216 0221  3.0 0836  0.5 1443  2.9 2059  0.4
16  Fr       1216 0313  3.0 0927  0.5 1534  2.9 2152  0.4
17  Sa       1216 0406  2.9 1018  0.6 1627  2.8 2244  0.5
18  Su       1216 0459  2.8 1111  0.7 1721  2.7 2338  0.6
19  Mo       1216 0553  2.7 1204  0.8 1818  2.6 9999  9.9
20  Tu       1216 0034  0.8 0649  2.6 1301  0.9 1917  2.5
21  We       1216 0131  0.9 0747  2.5 1359  1.0 2017  2.5
22  Th       1216 0229  1.0 0844  2.5 1457  1.0 2114  2.5
23  Fr       1216 0325  1.0 0940  2.4 1553  1.0 2207  2.5
24  Sa       1216 0419  1.0 1031  2.4 1644  1.0 2255  2.5
25  Su       1216 0508  1.0 1118  2.5 1730  0.9 2340  2.5
26  Mo       1216 0554  1.0 1201  2.5 1813  0.9 9999  9.9
27  Tu       1216 0022  2.5 0636  0.9 1241  2.6 1853  0.8
28  We       1216 0102  2.6 0715  0.9 1319  2.6 1931  0.8
29  Th       1216 0141  2.6 0754  0.8 1357  2.6 2010  0.8
30  Fr       1216 0220  2.7 0832  0.8 1434  2.6 2049  0.7
31  Sa       1216 0258  2.7 0910  0.8 1513  2.6 2129  0.7
