313Castlepoint
Based on data from  1-Jan-2015
Local Std Time, tidal heights in metres.
 1  Sa        723 0244  1.4 0853  0.3 1514  1.5 2131  0.2
 2  Su        723 0336  1.4 0945  0.2 1606  1.5 2224  0.2
 3  Mo        723 0430  1.4 1038  0.2 1658  1.6 2317  0.1
 4  Tu        723 0525  1.5 1132  0.1 1752  1.7 9999  9.9
 5  We        723 0012  0.1 0621  1.5 1227  0.1 1846  1.7
 6  Th        723 0108  0.0 0717  1.5 1323  0.0 1942  1.7
 7  Fr        723 0205  0.0 0813  1.5 1419  0.0 2039  1.7
 8  Sa        723 0301  0.0 0909  1.6 1516  0.1 2136  1.7
 9  Su        723 0357  0.0 1005  1.5 1614  0.1 2235  1.6
10  Mo        723 0452  0.1 1101  1.5 1713  0.1 2332  1.6
11  Tu        723 0547  0.1 1158  1.5 1813  0.2 9999  9.9
12  We        723 0029  1.5 0641  0.2 1255  1.5 1913  0.2
13  Th        723 0125  1.5 0734  0.2 1351  1.5 2010  0.2
14  Fr        723 0219  1.4 0827  0.2 1446  1.5 2105  0.2
15  Sa        723 0312  1.4 0919  0.3 1537  1.5 2156  0.2
16  Su        723 0402  1.3 1008  0.3 1626  1.5 2245  0.3
17  Mo        723 0451  1.3 1056  0.3 1712  1.5 2331  0.3
18  Tu        723 0538  1.3 1141  0.3 1756  1.5 9999  9.9
19  We        723 0016  0.3 0623  1.3 1224  0.3 1838  1.4
20  Th        723 0059  0.3 0707  1.3 1306  0.3 1919  1.4
21  Fr        723 0141  0.3 0749  1.3 1347  0.3 2000  1.4
22  Sa        723 0222  0.3 0830  1.3 1429  0.3 2043  1.4
23  Su        723 0304  0.3 0911  1.3 1512  0.3 2126  1.4
24  Mo        723 0345  0.3 0953  1.3 1557  0.3 2211  1.4
25  Tu        723 0427  0.3 1036  1.3 1644  0.3 2257  1.3
26  We        723 0510  0.3 1121  1.3 1733  0.3 2344  1.3
27  Th        723 0554  0.3 1209  1.3 1825  0.3 9999  9.9
28  Fr        723 0033  1.3 0641  0.3 1259  1.4 1917  0.3
29  Sa        723 0123  1.4 0731  0.3 1352  1.4 2011  0.2
30  Su        723 0216  1.4 0823  0.2 1446  1.5 2105  0.2
31  Mo        723 0310  1.4 0918  0.2 1541  1.6 2200  0.1
 1  Tu        823 0406  1.5 1014  0.1 1635  1.7 2255  0.1
 2  We        823 0502  1.5 1111  0.1 1731  1.7 2350  0.0
 3  Th        823 0559  1.5 1207  0.0 1826  1.7 9999  9.9
 4  Fr        823 0047  0.0 0656  1.6 1303  0.0 1922  1.7
 5  Sa        823 0143  0.0 0752  1.6 1400  0.0 2019  1.7
 6  Su        823 0239  0.0 0847  1.6 1457  0.0 2117  1.7
 7  Mo        823 0334  0.0 0943  1.6 1556  0.1 2215  1.6
 8  Tu        823 0429  0.1 1039  1.6 1655  0.1 2312  1.5
 9  We        823 0523  0.1 1136  1.5 1754  0.2 9999  9.9
10  Th        823 0008  1.5 0617  0.2 1232  1.5 1853  0.2
11  Fr        823 0103  1.4 0710  0.2 1328  1.5 1949  0.2
12  Sa        823 0156  1.4 0802  0.3 1422  1.4 2042  0.3
13  Su        823 0248  1.3 0853  0.3 1513  1.4 2131  0.3
14  Mo        823 0337  1.3 0942  0.3 1600  1.4 2218  0.3
15  Tu        823 0425  1.3 1029  0.3 1644  1.4 2302  0.3
16  We        823 0510  1.3 1113  0.3 1726  1.4 2345  0.3
17  Th        823 0553  1.3 1155  0.3 1807  1.4 9999  9.9
18  Fr        823 0026  0.3 0635  1.3 1236  0.3 1848  1.4
19  Sa        823 0107  0.3 0716  1.3 1317  0.3 1929  1.4
20  Su        823 0148  0.3 0756  1.3 1358  0.3 2011  1.4
21  Mo        823 0228  0.3 0836  1.3 1441  0.3 2054  1.4
22  Tu        823 0309  0.3 0918  1.3 1526  0.3 2139  1.4
23  We        823 0351  0.3 1001  1.3 1614  0.3 2226  1.3
24  Th        823 0435  0.3 1048  1.4 1704  0.3 2314  1.3
25  Fr        823 0521  0.3 1137  1.4 1757  0.3 9999  9.9
26  Sa        823 0004  1.3 0610  0.3 1230  1.4 1851  0.2
27  Su        823 0057  1.4 0702  0.3 1325  1.5 1946  0.2
28  Mo        823 0151  1.4 0758  0.2 1422  1.5 2041  0.2
29  Tu        823 0247  1.4 0856  0.2 1518  1.6 2137  0.1
30  We        823 0344  1.5 0954  0.1 1614  1.7 2232  0.1
31  Th        823 0441  1.5 1051  0.0 1710  1.7 2328  0.0
 1  Fr        923 0538  1.6 1148  0.0 1806  1.7 9999  9.9
 2  Sa        923 0024  0.0 0634  1.6 1244  0.0 1903  1.7
 3  Su        923 0120  0.0 0730  1.6 1341  0.0 1959  1.7
 4  Mo        923 0215  0.0 0825  1.6 1438  0.0 2056  1.6
 5  Tu        923 0309  0.0 0920  1.6 1536  0.1 2153  1.6
 6  We        923 0403  0.1 1015  1.6 1633  0.1 2248  1.5
 7  Th        923 0456  0.2 1110  1.5 1731  0.2 2343  1.4
 8  Fr        923 0548  0.2 1205  1.5 1827  0.2 9999  9.9
 9  Sa        923 0036  1.4 0641  0.3 1259  1.4 1921  0.3
10  Su        923 0128  1.3 0732  0.3 1352  1.4 2012  0.3
11  Mo        923 0218  1.3 0823  0.3 1441  1.4 2059  0.3
12  Tu        923 0306  1.3 0912  0.3 1528  1.4 2145  0.3
13  We        923 0353  1.3 0958  0.3 1611  1.4 2228  0.3
14  Th        923 0438  1.3 1042  0.3 1654  1.4 2310  0.3
15  Fr        923 0521  1.3 1125  0.3 1735  1.4 2352  0.3
16  Sa        923 0602  1.3 1206  0.3 1816  1.4 9999  9.9
17  Su        923 0033  0.3 0643  1.3 1248  0.3 1858  1.4
18  Mo        923 0114  0.3 0723  1.4 1330  0.3 1942  1.4
19  Tu        923 0155  0.3 0805  1.4 1414  0.3 2026  1.4
20  We        923 0237  0.3 0847  1.4 1501  0.3 2113  1.4
21  Th        923 0320  0.3 0932  1.4 1550  0.3 2200  1.4
22  Fr        923 0405  0.3 1020  1.4 1641  0.2 2250  1.4
23  Sa        923 0453  0.3 1112  1.5 1734  0.2 2341  1.4
24  Su        923 0545  0.3 1206  1.5 1829  0.2 9999  9.9
25  Mo        923 0034  1.4 0640  0.2 1303  1.5 1924  0.2
26  Tu        923 0129  1.4 0737  0.2 1400  1.6 2019  0.1
27  We        923 0226  1.4 0836  0.1 1458  1.6 2115  0.1
28  Th        923 0323  1.5 0935  0.1 1554  1.6 2211  0.1
29  Fr        923 0421  1.6 1033  0.0 1651  1.7 2306  0.0
30  Sa        923 0518  1.6 1130  0.0 1747  1.7 9999  9.9
 1  Su       1023 0002  0.0 0613  1.6 1226  0.0 1843  1.7
 2  Mo       1023 0057  0.0 0708  1.7 1322  0.0 1939  1.6
 3  Tu       1023 0150  0.1 0802  1.6 1418  0.0 2034  1.6
 4  We       1023 0243  0.1 0855  1.6 1514  0.1 2129  1.5
 5  Th       1023 0335  0.1 0948  1.6 1609  0.1 2222  1.4
 6  Fr       1023 0426  0.2 1041  1.5 1704  0.2 2313  1.4
 7  Sa       1023 0516  0.2 1133  1.5 1756  0.2 9999  9.9
 8  Su       1023 0004  1.3 0607  0.3 1225  1.4 1846  0.3
 9  Mo       1023 0053  1.3 0657  0.3 1315  1.4 1935  0.3
10  Tu       1023 0142  1.3 0747  0.3 1403  1.4 2021  0.3
11  We       1023 0230  1.3 0836  0.4 1450  1.4 2105  0.3
12  Th       1023 0316  1.3 0923  0.3 1534  1.4 2149  0.3
13  Fr       1023 0402  1.3 1009  0.3 1618  1.4 2232  0.3
14  Sa       1023 0446  1.3 1053  0.3 1701  1.4 2315  0.3
15  Su       1023 0528  1.3 1136  0.3 1744  1.4 2357  0.3
16  Mo       1023 0610  1.4 1219  0.3 1829  1.4 9999  9.9
17  Tu       1023 0040  0.3 0652  1.4 1304  0.2 1914  1.4
18  We       1023 0123  0.3 0736  1.4 1351  0.2 2001  1.4
19  Th       1023 0208  0.3 0821  1.5 1439  0.2 2049  1.4
20  Fr       1023 0253  0.2 0908  1.5 1530  0.2 2139  1.4
21  Sa       1023 0341  0.2 0958  1.5 1622  0.2 2229  1.4
22  Su       1023 0431  0.2 1051  1.5 1715  0.2 2321  1.4
23  Mo       1023 0525  0.2 1147  1.5 1809  0.2 9999  9.9
24  Tu       1023 0015  1.4 0621  0.2 1244  1.5 1904  0.2
25  We       1023 0110  1.4 0720  0.2 1341  1.6 1959  0.1
26  Th       1023 0207  1.5 0819  0.1 1439  1.6 2054  0.1
27  Fr       1023 0305  1.5 0919  0.1 1535  1.6 2149  0.1
28  Sa       1023 0402  1.6 1017  0.1 1632  1.6 2245  0.1
29  Su       1023 0458  1.6 1114  0.0 1728  1.6 2340  0.1
30  Mo       1023 0553  1.6 1209  0.0 1823  1.6 9999  9.9
31  Tu       1023 0033  0.1 0647  1.6 1304  0.1 1918  1.5
 1  We       1123 0126  0.1 0738  1.6 1358  0.1 2011  1.5
 2  Th       1123 0216  0.1 0829  1.6 1451  0.1 2103  1.4
 3  Fr       1123 0305  0.2 0919  1.5 1542  0.2 2153  1.4
 4  Sa       1123 0354  0.2 1009  1.5 1632  0.2 2241  1.4
 5  Su       1123 0441  0.3 1058  1.4 1721  0.3 2328  1.3
 6  Mo       1123 0529  0.3 1146  1.4 1807  0.3 9999  9.9
 7  Tu       1123 0015  1.3 0618  0.3 1234  1.4 1853  0.3
 8  We       1123 0102  1.3 0707  0.4 1321  1.4 1938  0.3
 9  Th       1123 0149  1.3 0757  0.4 1408  1.3 2022  0.3
10  Fr       1123 0236  1.3 0845  0.4 1454  1.3 2107  0.3
11  Sa       1123 0322  1.3 0932  0.3 1539  1.3 2151  0.3
12  Su       1123 0408  1.3 1019  0.3 1625  1.3 2236  0.3
13  Mo       1123 0453  1.4 1105  0.3 1711  1.4 2322  0.3
14  Tu       1123 0538  1.4 1151  0.2 1759  1.4 9999  9.9
15  We       1123 0007  0.3 0623  1.5 1239  0.2 1848  1.4
16  Th       1123 0054  0.2 0709  1.5 1328  0.2 1937  1.4
17  Fr       1123 0141  0.2 0757  1.6 1419  0.1 2028  1.4
18  Sa       1123 0230  0.2 0847  1.6 1511  0.1 2119  1.4
19  Su       1123 0321  0.2 0940  1.6 1604  0.1 2210  1.4
20  Mo       1123 0413  0.2 1034  1.6 1657  0.1 2303  1.4
21  Tu       1123 0508  0.2 1130  1.6 1751  0.1 2357  1.5
22  We       1123 0606  0.2 1227  1.6 1844  0.1 9999  9.9
23  Th       1123 0053  1.5 0705  0.2 1324  1.5 1939  0.1
24  Fr       1123 0150  1.5 0805  0.2 1421  1.5 2034  0.1
25  Sa       1123 0247  1.5 0904  0.1 1517  1.5 2129  0.1
26  Su       1123 0344  1.5 1001  0.1 1613  1.5 2224  0.1
27  Mo       1123 0440  1.6 1057  0.1 1709  1.5 2318  0.2
28  Tu       1123 0533  1.6 1152  0.1 1803  1.5 9999  9.9
29  We       1123 0010  0.2 0625  1.6 1244  0.1 1856  1.4
30  Th       1123 0100  0.2 0715  1.6 1336  0.2 1946  1.4
 1  Fr       1223 0149  0.2 0802  1.5 1425  0.2 2035  1.4
 2  Sa       1223 0235  0.2 0849  1.5 1513  0.2 2121  1.4
 3  Su       1223 0321  0.3 0935  1.5 1559  0.2 2206  1.3
 4  Mo       1223 0406  0.3 1021  1.4 1643  0.3 2250  1.3
 5  Tu       1223 0451  0.3 1107  1.4 1727  0.3 2335  1.3
 6  We       1223 0538  0.4 1152  1.4 1810  0.3 9999  9.9
 7  Th       1223 0020  1.3 0627  0.4 1239  1.3 1854  0.3
 8  Fr       1223 0106  1.3 0716  0.4 1325  1.3 1938  0.3
 9  Sa       1223 0154  1.3 0806  0.4 1412  1.3 2023  0.3
10  Su       1223 0242  1.3 0855  0.3 1500  1.3 2110  0.3
11  Mo       1223 0329  1.4 0944  0.3 1548  1.3 2158  0.3
12  Tu       1223 0417  1.4 1033  0.2 1638  1.4 2246  0.3
13  We       1223 0505  1.5 1122  0.2 1729  1.4 2336  0.2
14  Th       1223 0554  1.5 1213  0.2 1821  1.4 9999  9.9
15  Fr       1223 0026  0.2 0644  1.6 1305  0.1 1913  1.4
16  Sa       1223 0117  0.1 0735  1.6 1358  0.1 2006  1.5
17  Su       1223 0209  0.1 0828  1.6 1451  0.1 2059  1.5
18  Mo       1223 0302  0.1 0922  1.6 1545  0.1 2152  1.5
19  Tu       1223 0357  0.1 1018  1.6 1638  0.1 2245  1.5
20  We       1223 0453  0.1 1114  1.6 1732  0.1 2340  1.5
21  Th       1223 0552  0.1 1211  1.6 1826  0.1 9999  9.9
22  Fr       1223 0036  1.5 0651  0.2 1307  1.5 1920  0.2
23  Sa       1223 0133  1.5 0751  0.2 1404  1.5 2014  0.2
24  Su       1223 0231  1.5 0849  0.2 1500  1.4 2109  0.2
25  Mo       1223 0327  1.5 0946  0.2 1555  1.4 2203  0.2
26  Tu       1223 0421  1.5 1040  0.2 1649  1.4 2256  0.2
27  We       1223 0513  1.5 1133  0.2 1741  1.4 2346  0.2
28  Th       1223 0602  1.5 1223  0.2 1832  1.4 9999  9.9
29  Fr       1223 0034  0.2 0649  1.5 1311  0.2 1920  1.3
30  Sa       1223 0120  0.2 0734  1.5 1357  0.2 2005  1.3
31  Su       1223 0204  0.3 0818  1.5 1441  0.3 2049  1.3
 1  Mo        124 0247  0.3 0901  1.4 1524  0.3 2131  1.3
 2  Tu        124 0331  0.3 0945  1.4 1605  0.3 2213  1.3
 3  We        124 0415  0.3 1029  1.4 1647  0.3 2255  1.3
 4  Th        124 0500  0.4 1113  1.3 1729  0.3 2339  1.3
 5  Fr        124 0548  0.4 1159  1.3 1811  0.3 9999  9.9
 6  Sa        124 0025  1.3 0637  0.4 1246  1.3 1855  0.3
 7  Su        124 0113  1.3 0728  0.3 1333  1.3 1942  0.3
 8  Mo        124 0202  1.4 0818  0.3 1422  1.3 2030  0.3
 9  Tu        124 0252  1.4 0909  0.3 1513  1.3 2121  0.3
10  We        124 0343  1.5 1001  0.2 1606  1.4 2213  0.2
11  Th        124 0435  1.5 1053  0.2 1700  1.4 2307  0.2
12  Fr        124 0527  1.6 1147  0.1 1754  1.4 9999  9.9
13  Sa        124 0000  0.1 0620  1.6 1241  0.1 1849  1.5
14  Su        124 0054  0.1 0713  1.7 1335  0.0 1943  1.5
15  Mo        124 0149  0.1 0808  1.7 1430  0.0 2038  1.6
16  Tu        124 0244  0.0 0904  1.7 1524  0.0 2132  1.6
17  We        124 0341  0.1 1001  1.6 1619  0.1 2227  1.6
18  Th        124 0439  0.1 1058  1.6 1712  0.1 2322  1.5
19  Fr        124 0538  0.1 1155  1.5 1806  0.1 9999  9.9
20  Sa        124 0019  1.5 0637  0.2 1251  1.5 1900  0.2
21  Su        124 0116  1.5 0736  0.2 1346  1.4 1954  0.2
22  Mo        124 0213  1.5 0833  0.2 1441  1.4 2048  0.2
23  Tu        124 0308  1.5 0928  0.2 1535  1.3 2141  0.3
24  We        124 0401  1.5 1020  0.3 1627  1.3 2232  0.3
25  Th        124 0450  1.5 1110  0.3 1717  1.3 2321  0.3
26  Fr        124 0537  1.5 1157  0.3 1805  1.3 9999  9.9
27  Sa        124 0007  0.3 0621  1.4 1242  0.3 1850  1.3
28  Su        124 0051  0.3 0704  1.4 1325  0.3 1933  1.3
29  Mo        124 0133  0.3 0746  1.4 1407  0.3 2015  1.3
30  Tu        124 0215  0.3 0828  1.4 1448  0.3 2056  1.3
31  We        124 0257  0.3 0911  1.4 1529  0.3 2136  1.3
 1  Th        224 0341  0.3 0954  1.4 1609  0.3 2218  1.3
 2  Fr        224 0426  0.3 1038  1.3 1650  0.3 2302  1.3
 3  Sa        224 0514  0.3 1124  1.3 1733  0.3 2347  1.3
 4  Su        224 0603  0.3 1210  1.3 1817  0.3 9999  9.9
 5  Mo        224 0035  1.4 0654  0.3 1259  1.3 1905  0.3
 6  Tu        224 0126  1.4 0745  0.3 1349  1.3 1955  0.3
 7  We        224 0219  1.4 0838  0.2 1441  1.4 2049  0.2
 8  Th        224 0312  1.5 0931  0.2 1536  1.4 2144  0.2
 9  Fr        224 0406  1.6 1025  0.1 1632  1.4 2240  0.1
10  Sa        224 0501  1.6 1120  0.1 1728  1.5 2337  0.1
11  Su        224 0556  1.7 1216  0.0 1825  1.5 9999  9.9
12  Mo        224 0033  0.0 0652  1.7 1312  0.0 1921  1.6
13  Tu        224 0129  0.0 0749  1.7 1407  0.0 2016  1.6
14  We        224 0226  0.0 0846  1.7 1503  0.0 2112  1.6
15  Th        224 0324  0.0 0943  1.6 1557  0.1 2207  1.6
16  Fr        224 0423  0.1 1040  1.6 1651  0.1 2303  1.6
17  Sa        224 0522  0.1 1137  1.5 1745  0.1 9999  9.9
18  Su        224 0000  1.5 0621  0.2 1232  1.4 1839  0.2
19  Mo        224 0057  1.5 0718  0.2 1327  1.4 1932  0.2
20  Tu        224 0152  1.5 0813  0.2 1420  1.3 2025  0.3
21  We        224 0246  1.4 0905  0.3 1511  1.3 2117  0.3
22  Th        224 0336  1.4 0955  0.3 1601  1.3 2207  0.3
23  Fr        224 0423  1.4 1041  0.3 1649  1.3 2253  0.3
24  Sa        224 0507  1.4 1126  0.3 1735  1.3 2338  0.3
25  Su        224 0550  1.4 1209  0.3 1818  1.3 9999  9.9
26  Mo        224 0020  0.3 0632  1.4 1251  0.3 1900  1.3
27  Tu        224 0102  0.3 0714  1.4 1332  0.3 1941  1.3
28  We        224 0144  0.3 0756  1.4 1412  0.3 2021  1.3
29  Th        224 0227  0.3 0839  1.3 1453  0.3 2102  1.3
 1  Fr        324 0311  0.3 0923  1.3 1534  0.3 2144  1.3
 2  Sa        324 0357  0.3 1008  1.3 1615  0.3 2228  1.3
 3  Su        324 0445  0.3 1054  1.3 1659  0.3 2314  1.4
 4  Mo        324 0534  0.3 1141  1.3 1744  0.3 9999  9.9
 5  Tu        324 0004  1.4 0625  0.3 1230  1.3 1834  0.3
 6  We        324 0056  1.4 0717  0.3 1321  1.3 1926  0.3
 7  Th        324 0150  1.5 0810  0.2 1414  1.4 2022  0.2
 8  Fr        324 0245  1.5 0904  0.2 1510  1.4 2119  0.2
 9  Sa        324 0341  1.6 0959  0.1 1607  1.5 2217  0.1
10  Su        324 0437  1.6 1054  0.1 1704  1.5 2315  0.0
11  Mo        324 0533  1.7 1151  0.0 1801  1.6 9999  9.9
12  Tu        324 0013  0.0 0631  1.7 1248  0.0 1858  1.6
13  We        324 0110  0.0 0728  1.7 1344  0.0 1954  1.6
14  Th        324 0208  0.0 0826  1.6 1439  0.0 2050  1.6
15  Fr        324 0307  0.0 0924  1.6 1534  0.1 2146  1.6
16  Sa        324 0405  0.1 1021  1.5 1628  0.1 2242  1.6
17  Su        324 0504  0.1 1116  1.5 1722  0.2 2338  1.5
18  Mo        324 0601  0.2 1210  1.4 1815  0.2 9999  9.9
19  Tu        324 0033  1.5 0656  0.2 1303  1.3 1907  0.3
20  We        324 0127  1.4 0748  0.3 1354  1.3 1959  0.3
21  Th        324 0218  1.4 0837  0.3 1443  1.3 2049  0.3
22  Fr        324 0306  1.4 0923  0.3 1531  1.3 2137  0.3
23  Sa        324 0351  1.4 1007  0.3 1618  1.3 2223  0.3
24  Su        324 0434  1.4 1051  0.3 1702  1.3 2307  0.3
25  Mo        324 0517  1.4 1133  0.3 1745  1.3 2350  0.3
26  Tu        324 0559  1.3 1215  0.3 1826  1.3 9999  9.9
27  We        324 0032  0.3 0641  1.3 1256  0.3 1907  1.3
28  Th        324 0115  0.3 0725  1.3 1337  0.3 1948  1.3
29  Fr        324 0158  0.3 0809  1.3 1419  0.3 2030  1.4
30  Sa        324 0244  0.3 0855  1.3 1501  0.3 2113  1.4
31  Su        324 0331  0.3 0941  1.3 1544  0.3 2159  1.4
 1  Mo        424 0420  0.3 1028  1.3 1630  0.3 2247  1.4
 2  Tu        424 0510  0.3 1116  1.3 1718  0.3 2338  1.4
 3  We        424 0601  0.2 1206  1.3 1809  0.3 9999  9.9
 4  Th        424 0032  1.5 0653  0.2 1257  1.4 1904  0.2
 5  Fr        424 0127  1.5 0746  0.2 1351  1.4 2001  0.2
 6  Sa        424 0222  1.6 0840  0.1 1447  1.5 2059  0.1
 7  Su        424 0319  1.6 0934  0.1 1545  1.5 2158  0.1
 8  Mo        424 0415  1.6 1030  0.1 1642  1.6 2256  0.0
 9  Tu        424 0512  1.6 1127  0.1 1740  1.6 2354  0.0
10  We        424 0610  1.6 1224  0.0 1836  1.6 9999  9.9
11  Th        424 0052  0.0 0708  1.6 1320  0.1 1932  1.7
12  Fr        424 0150  0.0 0806  1.6 1415  0.1 2028  1.6
13  Sa        424 0248  0.1 0903  1.5 1509  0.1 2123  1.6
14  Su        424 0345  0.1 0958  1.5 1602  0.2 2218  1.6
15  Mo        424 0442  0.2 1052  1.4 1655  0.2 2312  1.5
16  Tu        424 0536  0.2 1144  1.4 1747  0.3 9999  9.9
17  We        424 0005  1.5 0627  0.2 1234  1.3 1838  0.3
18  Th        424 0056  1.4 0716  0.3 1323  1.3 1928  0.3
19  Fr        424 0144  1.4 0802  0.3 1411  1.3 2018  0.4
20  Sa        424 0231  1.4 0846  0.3 1457  1.3 2105  0.4
21  Su        424 0315  1.3 0930  0.3 1543  1.3 2151  0.4
22  Mo        424 0359  1.3 1012  0.3 1627  1.3 2235  0.3
23  Tu        424 0442  1.3 1055  0.3 1710  1.3 2319  0.3
24  We        424 0525  1.3 1138  0.3 1752  1.3 9999  9.9
25  Th        424 0002  0.3 0610  1.3 1221  0.3 1834  1.4
26  Fr        424 0047  0.3 0655  1.3 1303  0.3 1917  1.4
27  Sa        424 0132  0.3 0741  1.3 1347  0.3 2001  1.4
28  Su        424 0219  0.3 0829  1.3 1431  0.3 2046  1.4
29  Mo        424 0308  0.3 0917  1.3 1517  0.3 2134  1.5
30  Tu        424 0358  0.2 1005  1.3 1605  0.3 2225  1.5
 1  We        524 0449  0.2 1054  1.4 1656  0.3 2317  1.5
 2  Th        524 0540  0.2 1145  1.4 1750  0.2 9999  9.9
 3  Fr        524 0012  1.5 0632  0.2 1238  1.4 1846  0.2
 4  Sa        524 0107  1.5 0725  0.2 1332  1.4 1944  0.2
 5  Su        524 0203  1.6 0818  0.1 1429  1.5 2043  0.1
 6  Mo        524 0300  1.6 0913  0.1 1526  1.5 2141  0.1
 7  Tu        524 0356  1.6 1009  0.1 1623  1.6 2239  0.1
 8  We        524 0453  1.6 1105  0.1 1720  1.6 2337  0.0
 9  Th        524 0550  1.6 1201  0.1 1816  1.6 9999  9.9
10  Fr        524 0034  0.0 0648  1.5 1256  0.1 1910  1.6
11  Sa        524 0131  0.1 0744  1.5 1350  0.1 2004  1.6
12  Su        524 0227  0.1 0839  1.5 1443  0.2 2057  1.6
13  Mo        524 0322  0.1 0932  1.4 1534  0.2 2150  1.5
14  Tu        524 0414  0.2 1023  1.4 1624  0.2 2241  1.5
15  We        524 0505  0.2 1113  1.3 1714  0.3 2331  1.4
16  Th        524 0553  0.3 1200  1.3 1804  0.3 9999  9.9
17  Fr        524 0020  1.4 0639  0.3 1248  1.3 1853  0.4
18  Sa        524 0107  1.4 0723  0.3 1334  1.3 1942  0.4
19  Su        524 0153  1.3 0807  0.3 1421  1.3 2030  0.4
20  Mo        524 0238  1.3 0850  0.3 1507  1.3 2117  0.4
21  Tu        524 0322  1.3 0934  0.3 1552  1.3 2203  0.3
22  We        524 0407  1.3 1018  0.3 1636  1.4 2248  0.3
23  Th        524 0452  1.3 1102  0.3 1719  1.4 2333  0.3
24  Fr        524 0539  1.3 1146  0.3 1803  1.4 9999  9.9
25  Sa        524 0019  0.3 0626  1.3 1232  0.3 1848  1.5
26  Su        524 0107  0.2 0715  1.3 1318  0.3 1934  1.5
27  Mo        524 0156  0.2 0804  1.4 1405  0.2 2022  1.5
28  Tu        524 0246  0.2 0853  1.4 1454  0.2 2113  1.5
29  We        524 0337  0.2 0944  1.4 1545  0.2 2205  1.5
30  Th        524 0429  0.2 1035  1.4 1638  0.2 2300  1.5
31  Fr        524 0521  0.2 1127  1.4 1734  0.2 2355  1.5
 1  Sa        624 0613  0.2 1221  1.5 1832  0.2 9999  9.9
 2  Su        624 0051  1.5 0706  0.1 1316  1.5 1931  0.2
 3  Mo        624 0147  1.5 0800  0.1 1413  1.5 2030  0.1
 4  Tu        624 0243  1.5 0854  0.1 1510  1.5 2128  0.1
 5  We        624 0340  1.5 0950  0.1 1607  1.6 2225  0.1
 6  Th        624 0436  1.5 1045  0.1 1702  1.6 2321  0.1
 7  Fr        624 0532  1.5 1140  0.1 1756  1.6 9999  9.9
 8  Sa        624 0016  0.1 0627  1.4 1233  0.1 1849  1.6
 9  Su        624 0110  0.1 0721  1.4 1325  0.2 1940  1.6
10  Mo        624 0203  0.2 0813  1.4 1415  0.2 2030  1.5
11  Tu        624 0254  0.2 0903  1.4 1503  0.2 2119  1.5
12  We        624 0343  0.2 0951  1.3 1551  0.3 2207  1.4
13  Th        624 0429  0.3 1037  1.3 1639  0.3 2254  1.4
14  Fr        624 0514  0.3 1123  1.3 1727  0.3 2341  1.4
15  Sa        624 0558  0.3 1209  1.3 1816  0.4 9999  9.9
16  Su        624 0028  1.3 0642  0.3 1255  1.3 1905  0.4
17  Mo        624 0114  1.3 0726  0.3 1342  1.3 1954  0.4
18  Tu        624 0200  1.3 0810  0.3 1429  1.3 2043  0.3
19  We        624 0246  1.3 0855  0.3 1516  1.4 2130  0.3
20  Th        624 0333  1.3 0941  0.3 1601  1.4 2216  0.3
21  Fr        624 0420  1.3 1027  0.3 1647  1.4 2303  0.3
22  Sa        624 0508  1.3 1115  0.3 1733  1.5 2351  0.2
23  Su        624 0558  1.4 1202  0.2 1820  1.5 9999  9.9
24  Mo        624 0041  0.2 0648  1.4 1251  0.2 1909  1.6
25  Tu        624 0131  0.1 0739  1.4 1341  0.2 2000  1.6
26  We        624 0223  0.1 0830  1.4 1433  0.2 2053  1.6
27  Th        624 0316  0.1 0922  1.5 1527  0.1 2147  1.6
28  Fr        624 0409  0.1 1015  1.5 1622  0.1 2243  1.6
29  Sa        624 0502  0.1 1109  1.5 1720  0.2 2340  1.5
30  Su        624 0555  0.1 1205  1.5 1820  0.2 9999  9.9
