313Castlepoint
Based on data from  1-Jan-2015
Local Std Time, tidal heights in metres.
 1  Fr        722 0047  0.3 0655  1.3 1255  0.3 1908  1.4
 2  Sa        722 0129  0.3 0738  1.3 1336  0.3 1949  1.4
 3  Su        722 0212  0.3 0820  1.3 1417  0.3 2031  1.4
 4  Mo        722 0254  0.3 0901  1.3 1500  0.3 2114  1.4
 5  Tu        722 0336  0.3 0943  1.3 1544  0.3 2159  1.4
 6  We        722 0419  0.3 1027  1.3 1631  0.3 2246  1.4
 7  Th        722 0503  0.3 1112  1.3 1720  0.3 2335  1.4
 8  Fr        722 0549  0.3 1200  1.4 1813  0.3 9999  9.9
 9  Sa        722 0025  1.4 0637  0.2 1252  1.4 1908  0.2
10  Su        722 0118  1.4 0728  0.2 1346  1.5 2004  0.2
11  Mo        722 0212  1.4 0822  0.2 1443  1.5 2101  0.1
12  Tu        722 0308  1.5 0918  0.1 1540  1.6 2158  0.1
13  We        722 0406  1.5 1015  0.1 1637  1.7 2256  0.0
14  Th        722 0504  1.5 1113  0.0 1733  1.7 2353  0.0
15  Fr        722 0602  1.6 1210  0.0 1830  1.7 9999  9.9
16  Sa        722 0051  0.0 0700  1.6 1307  0.0 1926  1.7
17  Su        722 0148  0.0 0757  1.6 1404  0.0 2023  1.7
18  Mo        722 0244  0.0 0853  1.6 1500  0.1 2120  1.7
19  Tu        722 0340  0.1 0948  1.5 1557  0.1 2217  1.6
20  We        722 0434  0.1 1042  1.5 1654  0.2 2312  1.5
21  Th        722 0526  0.2 1136  1.5 1751  0.2 9999  9.9
22  Fr        722 0006  1.5 0617  0.2 1230  1.4 1847  0.3
23  Sa        722 0059  1.4 0707  0.3 1323  1.4 1941  0.3
24  Su        722 0150  1.3 0757  0.3 1415  1.4 2033  0.3
25  Mo        722 0239  1.3 0845  0.3 1504  1.4 2121  0.3
26  Tu        722 0326  1.3 0932  0.3 1550  1.4 2207  0.3
27  We        722 0413  1.3 1017  0.3 1634  1.4 2251  0.3
28  Th        722 0458  1.3 1101  0.3 1715  1.4 2334  0.3
29  Fr        722 0541  1.3 1143  0.3 1756  1.4 9999  9.9
30  Sa        722 0016  0.3 0624  1.3 1224  0.3 1837  1.4
31  Su        722 0057  0.3 0705  1.3 1305  0.3 1918  1.4
 1  Mo        822 0139  0.3 0747  1.3 1347  0.3 2000  1.4
 2  Tu        822 0221  0.3 0828  1.3 1430  0.3 2045  1.4
 3  We        822 0304  0.3 0911  1.3 1516  0.3 2131  1.4
 4  Th        822 0347  0.3 0956  1.4 1604  0.3 2219  1.4
 5  Fr        822 0433  0.3 1043  1.4 1656  0.3 2310  1.4
 6  Sa        822 0520  0.2 1134  1.4 1751  0.2 9999  9.9
 7  Su        822 0002  1.4 0611  0.2 1228  1.5 1848  0.2
 8  Mo        822 0056  1.4 0704  0.2 1325  1.5 1946  0.2
 9  Tu        822 0152  1.4 0801  0.2 1423  1.6 2043  0.1
10  We        822 0249  1.5 0859  0.1 1521  1.6 2141  0.1
11  Th        822 0347  1.5 0957  0.1 1619  1.7 2238  0.0
12  Fr        822 0446  1.5 1055  0.0 1715  1.7 2334  0.0
13  Sa        822 0543  1.6 1152  0.0 1811  1.7 9999  9.9
14  Su        822 0030  0.0 0640  1.6 1248  0.0 1907  1.7
15  Mo        822 0126  0.0 0735  1.6 1343  0.0 2002  1.7
16  Tu        822 0220  0.0 0828  1.6 1438  0.1 2057  1.6
17  We        822 0313  0.1 0921  1.5 1533  0.1 2151  1.5
18  Th        822 0404  0.1 1014  1.5 1628  0.2 2244  1.5
19  Fr        822 0454  0.2 1106  1.5 1723  0.2 2336  1.4
20  Sa        822 0544  0.2 1158  1.4 1817  0.3 9999  9.9
21  Su        822 0027  1.3 0633  0.3 1250  1.4 1909  0.3
22  Mo        822 0116  1.3 0722  0.3 1340  1.4 2000  0.3
23  Tu        822 0205  1.3 0810  0.3 1429  1.4 2047  0.3
24  We        822 0252  1.3 0858  0.3 1515  1.4 2133  0.3
25  Th        822 0339  1.3 0944  0.3 1559  1.4 2216  0.3
26  Fr        822 0424  1.3 1028  0.3 1641  1.4 2259  0.3
27  Sa        822 0508  1.3 1111  0.3 1723  1.4 2341  0.3
28  Su        822 0550  1.3 1153  0.3 1805  1.4 9999  9.9
29  Mo        822 0023  0.3 0632  1.3 1235  0.3 1848  1.5
30  Tu        822 0106  0.3 0715  1.4 1319  0.2 1932  1.5
31  We        822 0149  0.2 0758  1.4 1404  0.2 2018  1.5
 1  Th        922 0234  0.2 0843  1.4 1453  0.2 2107  1.4
 2  Fr        922 0319  0.2 0930  1.4 1544  0.2 2157  1.4
 3  Sa        922 0407  0.2 1020  1.5 1638  0.2 2250  1.4
 4  Su        922 0457  0.2 1113  1.5 1734  0.2 2343  1.4
 5  Mo        922 0550  0.2 1210  1.5 1831  0.2 9999  9.9
 6  Tu        922 0039  1.4 0645  0.2 1308  1.5 1929  0.2
 7  We        922 0135  1.4 0744  0.2 1407  1.6 2027  0.1
 8  Th        922 0233  1.5 0843  0.1 1505  1.6 2123  0.1
 9  Fr        922 0331  1.5 0941  0.1 1602  1.6 2219  0.1
10  Sa        922 0428  1.5 1039  0.1 1657  1.7 2315  0.1
11  Su        922 0524  1.5 1135  0.0 1752  1.7 9999  9.9
12  Mo        922 0009  0.1 0619  1.6 1229  0.0 1846  1.6
13  Tu        922 0102  0.1 0712  1.6 1323  0.1 1939  1.6
14  We        922 0154  0.1 0803  1.6 1415  0.1 2032  1.5
15  Th        922 0244  0.1 0853  1.5 1508  0.2 2123  1.5
16  Fr        922 0332  0.2 0943  1.5 1600  0.2 2214  1.4
17  Sa        922 0420  0.2 1032  1.4 1652  0.3 2303  1.4
18  Su        922 0507  0.3 1122  1.4 1743  0.3 2352  1.3
19  Mo        922 0555  0.3 1211  1.4 1833  0.3 9999  9.9
20  Tu        922 0039  1.3 0643  0.3 1301  1.4 1921  0.3
21  We        922 0127  1.3 0731  0.4 1349  1.4 2008  0.3
22  Th        922 0214  1.3 0819  0.4 1436  1.4 2053  0.3
23  Fr        922 0301  1.3 0907  0.3 1521  1.4 2137  0.3
24  Sa        922 0346  1.3 0952  0.3 1604  1.4 2220  0.3
25  Su        922 0431  1.3 1037  0.3 1648  1.4 2304  0.3
26  Mo        922 0515  1.4 1122  0.2 1732  1.5 2348  0.2
27  Tu        922 0559  1.4 1207  0.2 1818  1.5 9999  9.9
28  We        922 0033  0.2 0644  1.4 1253  0.2 1906  1.5
29  Th        922 0119  0.2 0730  1.5 1342  0.2 1955  1.5
30  Fr        922 0206  0.2 0818  1.5 1433  0.1 2046  1.5
 1  Sa       1022 0255  0.2 0908  1.5 1527  0.1 2139  1.5
 2  Su       1022 0345  0.2 1001  1.5 1622  0.1 2233  1.5
 3  Mo       1022 0438  0.2 1056  1.6 1719  0.1 2328  1.4
 4  Tu       1022 0533  0.2 1154  1.6 1817  0.1 9999  9.9
 5  We       1022 0023  1.4 0630  0.2 1253  1.6 1914  0.1
 6  Th       1022 0120  1.4 0729  0.2 1351  1.6 2010  0.1
 7  Fr       1022 0217  1.5 0828  0.2 1449  1.6 2106  0.1
 8  Sa       1022 0315  1.5 0927  0.1 1545  1.6 2200  0.1
 9  Su       1022 0411  1.5 1023  0.1 1639  1.6 2254  0.1
10  Mo       1022 0505  1.5 1118  0.1 1733  1.6 2346  0.1
11  Tu       1022 0558  1.5 1210  0.1 1825  1.5 9999  9.9
12  We       1022 0037  0.1 0648  1.5 1302  0.1 1916  1.5
13  Th       1022 0126  0.2 0737  1.5 1352  0.2 2006  1.4
14  Fr       1022 0214  0.2 0824  1.5 1442  0.2 2055  1.4
15  Sa       1022 0300  0.2 0911  1.5 1530  0.2 2142  1.4
16  Su       1022 0345  0.3 0957  1.4 1619  0.3 2229  1.3
17  Mo       1022 0430  0.3 1044  1.4 1706  0.3 2314  1.3
18  Tu       1022 0515  0.3 1131  1.4 1753  0.3 9999  9.9
19  We       1022 0000  1.3 0602  0.4 1219  1.4 1839  0.3
20  Th       1022 0046  1.3 0650  0.4 1306  1.4 1925  0.3
21  Fr       1022 0133  1.3 0738  0.4 1353  1.4 2010  0.3
22  Sa       1022 0220  1.3 0827  0.3 1439  1.4 2055  0.3
23  Su       1022 0306  1.3 0915  0.3 1526  1.4 2140  0.3
24  Mo       1022 0353  1.4 1002  0.3 1612  1.4 2226  0.3
25  Tu       1022 0440  1.4 1050  0.2 1700  1.5 2313  0.2
26  We       1022 0527  1.5 1139  0.2 1749  1.5 9999  9.9
27  Th       1022 0001  0.2 0616  1.5 1229  0.1 1841  1.5
28  Fr       1022 0051  0.2 0705  1.6 1321  0.1 1933  1.5
29  Sa       1022 0142  0.1 0756  1.6 1415  0.1 2027  1.5
30  Su       1022 0233  0.1 0849  1.6 1511  0.1 2122  1.5
31  Mo       1022 0326  0.1 0944  1.6 1607  0.1 2217  1.5
 1  Tu       1122 0421  0.1 1041  1.6 1704  0.1 2312  1.5
 2  We       1122 0517  0.1 1139  1.6 1801  0.1 9999  9.9
 3  Th       1122 0008  1.5 0615  0.2 1237  1.6 1857  0.1
 4  Fr       1122 0104  1.5 0715  0.2 1335  1.6 1952  0.1
 5  Sa       1122 0201  1.5 0814  0.2 1432  1.5 2046  0.2
 6  Su       1122 0258  1.5 0912  0.2 1527  1.5 2139  0.2
 7  Mo       1122 0353  1.5 1007  0.2 1620  1.5 2232  0.2
 8  Tu       1122 0445  1.5 1100  0.2 1712  1.5 2322  0.2
 9  We       1122 0536  1.5 1151  0.2 1802  1.4 9999  9.9
10  Th       1122 0011  0.2 0624  1.5 1240  0.2 1852  1.4
11  Fr       1122 0058  0.2 0710  1.5 1328  0.2 1939  1.4
12  Sa       1122 0143  0.2 0755  1.5 1415  0.2 2025  1.3
13  Su       1122 0227  0.3 0839  1.5 1500  0.3 2110  1.3
14  Mo       1122 0310  0.3 0922  1.4 1545  0.3 2154  1.3
15  Tu       1122 0352  0.3 1006  1.4 1630  0.3 2237  1.3
16  We       1122 0436  0.3 1051  1.4 1714  0.3 2321  1.3
17  Th       1122 0522  0.4 1137  1.4 1758  0.3 9999  9.9
18  Fr       1122 0005  1.3 0609  0.4 1224  1.4 1842  0.3
19  Sa       1122 0051  1.3 0657  0.4 1311  1.4 1926  0.3
20  Su       1122 0138  1.3 0747  0.3 1358  1.4 2012  0.3
21  Mo       1122 0226  1.3 0838  0.3 1447  1.4 2059  0.3
22  Tu       1122 0315  1.4 0929  0.2 1537  1.4 2148  0.2
23  We       1122 0406  1.5 1020  0.2 1629  1.5 2239  0.2
24  Th       1122 0457  1.5 1113  0.1 1722  1.5 2332  0.1
25  Fr       1122 0549  1.6 1207  0.1 1817  1.5 9999  9.9
26  Sa       1122 0025  0.1 0642  1.7 1302  0.0 1912  1.5
27  Su       1122 0119  0.1 0736  1.7 1357  0.0 2008  1.5
28  Mo       1122 0213  0.1 0831  1.7 1454  0.0 2104  1.5
29  Tu       1122 0308  0.1 0927  1.7 1551  0.0 2159  1.5
30  We       1122 0404  0.1 1025  1.7 1647  0.1 2255  1.5
 1  Th       1222 0501  0.1 1122  1.6 1743  0.1 2350  1.5
 2  Fr       1222 0600  0.1 1220  1.6 1837  0.1 9999  9.9
 3  Sa       1222 0046  1.5 0659  0.2 1317  1.5 1931  0.2
 4  Su       1222 0143  1.5 0758  0.2 1412  1.5 2024  0.2
 5  Mo       1222 0238  1.4 0854  0.2 1506  1.4 2116  0.2
 6  Tu       1222 0332  1.4 0949  0.2 1558  1.4 2207  0.2
 7  We       1222 0424  1.5 1041  0.2 1649  1.4 2257  0.3
 8  Th       1222 0513  1.5 1130  0.2 1738  1.3 2344  0.3
 9  Fr       1222 0559  1.5 1217  0.3 1826  1.3 9999  9.9
10  Sa       1222 0029  0.3 0643  1.5 1302  0.3 1911  1.3
11  Su       1222 0112  0.3 0725  1.5 1346  0.3 1955  1.3
12  Mo       1222 0154  0.3 0807  1.4 1429  0.3 2038  1.3
13  Tu       1222 0236  0.3 0849  1.4 1512  0.3 2119  1.3
14  We       1222 0317  0.3 0931  1.4 1554  0.3 2201  1.3
15  Th       1222 0400  0.3 1014  1.4 1636  0.3 2243  1.3
16  Fr       1222 0444  0.3 1059  1.4 1718  0.3 2326  1.3
17  Sa       1222 0530  0.3 1145  1.4 1801  0.3 9999  9.9
18  Su       1222 0011  1.3 0619  0.3 1232  1.4 1845  0.3
19  Mo       1222 0058  1.3 0711  0.3 1321  1.4 1932  0.3
20  Tu       1222 0148  1.4 0803  0.3 1412  1.4 2022  0.2
21  We       1222 0241  1.4 0858  0.2 1505  1.4 2114  0.2
22  Th       1222 0335  1.5 0952  0.2 1600  1.5 2209  0.2
23  Fr       1222 0430  1.6 1048  0.1 1656  1.5 2305  0.1
24  Sa       1222 0525  1.7 1144  0.0 1754  1.5 9999  9.9
25  Su       1222 0001  0.1 0621  1.7 1241  0.0 1851  1.5
26  Mo       1222 0058  0.0 0716  1.7 1338  0.0 1948  1.6
27  Tu       1222 0154  0.0 0813  1.7 1435  0.0 2044  1.6
28  We       1222 0250  0.0 0910  1.7 1532  0.0 2140  1.6
29  Th       1222 0347  0.1 1007  1.7 1627  0.0 2235  1.5
30  Fr       1222 0444  0.1 1104  1.6 1721  0.1 2330  1.5
31  Sa       1222 0542  0.1 1201  1.5 1815  0.1 9999  9.9
 1  Su        123 0026  1.5 0641  0.2 1256  1.5 1907  0.2
 2  Mo        123 0121  1.5 0738  0.2 1350  1.4 1959  0.2
 3  Tu        123 0216  1.4 0834  0.3 1442  1.4 2050  0.3
 4  We        123 0309  1.4 0927  0.3 1533  1.3 2140  0.3
 5  Th        123 0359  1.4 1017  0.3 1623  1.3 2229  0.3
 6  Fr        123 0446  1.4 1104  0.3 1711  1.3 2315  0.3
 7  Sa        123 0531  1.4 1150  0.3 1757  1.3 2359  0.3
 8  Su        123 0613  1.4 1233  0.3 1841  1.3 9999  9.9
 9  Mo        123 0041  0.3 0654  1.4 1316  0.3 1924  1.3
10  Tu        123 0122  0.3 0735  1.4 1357  0.3 2005  1.3
11  We        123 0203  0.3 0816  1.4 1438  0.3 2045  1.3
12  Th        123 0244  0.3 0858  1.4 1519  0.3 2126  1.3
13  Fr        123 0326  0.3 0941  1.4 1600  0.3 2207  1.3
14  Sa        123 0411  0.3 1025  1.4 1642  0.3 2250  1.3
15  Su        123 0458  0.3 1111  1.4 1724  0.3 2335  1.3
16  Mo        123 0548  0.3 1159  1.4 1810  0.3 9999  9.9
17  Tu        123 0024  1.4 0640  0.3 1249  1.4 1858  0.3
18  We        123 0117  1.4 0735  0.2 1342  1.4 1950  0.2
19  Th        123 0212  1.5 0831  0.2 1437  1.4 2046  0.2
20  Fr        123 0308  1.6 0928  0.1 1534  1.4 2143  0.1
21  Sa        123 0406  1.6 1025  0.1 1632  1.5 2242  0.1
22  Su        123 0503  1.7 1123  0.0 1731  1.5 2340  0.0
23  Mo        123 0600  1.7 1220  0.0 1830  1.6 9999  9.9
24  Tu        123 0037  0.0 0657  1.7 1318  0.0 1927  1.6
25  We        123 0134  0.0 0754  1.7 1414  0.0 2023  1.6
26  Th        123 0231  0.0 0851  1.7 1510  0.0 2118  1.6
27  Fr        123 0328  0.0 0947  1.6 1604  0.1 2213  1.6
28  Sa        123 0425  0.1 1043  1.6 1657  0.1 2307  1.5
29  Su        123 0522  0.2 1138  1.5 1749  0.2 9999  9.9
30  Mo        123 0002  1.5 0619  0.2 1232  1.4 1840  0.2
31  Tu        123 0056  1.4 0715  0.3 1324  1.4 1931  0.3
 1  We        223 0149  1.4 0809  0.3 1415  1.3 2021  0.3
 2  Th        223 0241  1.4 0859  0.3 1504  1.3 2110  0.3
 3  Fr        223 0329  1.4 0948  0.3 1553  1.3 2158  0.3
 4  Sa        223 0415  1.4 1033  0.3 1640  1.2 2243  0.3
 5  Su        223 0459  1.4 1117  0.3 1725  1.3 2327  0.3
 6  Mo        223 0540  1.4 1200  0.3 1808  1.3 9999  9.9
 7  Tu        223 0009  0.3 0621  1.4 1242  0.3 1850  1.3
 8  We        223 0050  0.3 0702  1.4 1323  0.3 1931  1.3
 9  Th        223 0131  0.3 0744  1.4 1404  0.3 2012  1.3
10  Fr        223 0213  0.3 0827  1.4 1445  0.3 2053  1.3
11  Sa        223 0257  0.3 0911  1.4 1527  0.3 2135  1.3
12  Su        223 0343  0.3 0957  1.4 1609  0.3 2219  1.4
13  Mo        223 0431  0.3 1044  1.4 1654  0.3 2306  1.4
14  Tu        223 0523  0.3 1133  1.4 1741  0.3 2357  1.4
15  We        223 0617  0.2 1225  1.4 1831  0.2 9999  9.9
16  Th        223 0052  1.5 0713  0.2 1318  1.4 1925  0.2
17  Fr        223 0149  1.5 0809  0.2 1414  1.4 2023  0.2
18  Sa        223 0247  1.6 0906  0.1 1512  1.5 2122  0.1
19  Su        223 0345  1.6 1004  0.1 1611  1.5 2221  0.1
20  Mo        223 0442  1.7 1101  0.1 1710  1.5 2320  0.0
21  Tu        223 0539  1.7 1159  0.0 1808  1.6 9999  9.9
22  We        223 0018  0.0 0636  1.7 1255  0.0 1905  1.6
23  Th        223 0114  0.0 0733  1.7 1351  0.0 2000  1.6
24  Fr        223 0211  0.0 0830  1.6 1446  0.1 2055  1.6
25  Sa        223 0307  0.1 0925  1.6 1539  0.1 2148  1.5
26  Su        223 0404  0.1 1020  1.5 1630  0.2 2241  1.5
27  Mo        223 0459  0.2 1113  1.4 1721  0.2 2334  1.5
28  Tu        223 0554  0.2 1205  1.4 1810  0.3 9999  9.9
 1  We        323 0027  1.4 0647  0.3 1255  1.3 1859  0.3
 2  Th        323 0118  1.4 0738  0.3 1344  1.3 1948  0.3
 3  Fr        323 0207  1.4 0827  0.3 1432  1.3 2037  0.4
 4  Sa        323 0255  1.4 0913  0.3 1519  1.2 2124  0.4
 5  Su        323 0340  1.4 0957  0.3 1605  1.2 2209  0.4
 6  Mo        323 0423  1.4 1040  0.3 1649  1.3 2253  0.3
 7  Tu        323 0505  1.4 1123  0.3 1733  1.3 2336  0.3
 8  We        323 0547  1.4 1205  0.3 1815  1.3 9999  9.9
 9  Th        323 0018  0.3 0630  1.4 1247  0.3 1857  1.3
10  Fr        323 0101  0.3 0713  1.4 1330  0.3 1939  1.4
11  Sa        323 0145  0.3 0758  1.4 1412  0.3 2022  1.4
12  Su        323 0231  0.3 0845  1.4 1456  0.3 2106  1.4
13  Mo        323 0320  0.2 0933  1.4 1541  0.3 2154  1.4
14  Tu        323 0411  0.2 1023  1.4 1629  0.3 2244  1.5
15  We        323 0505  0.2 1114  1.4 1718  0.2 2337  1.5
16  Th        323 0559  0.2 1206  1.4 1811  0.2 9999  9.9
17  Fr        323 0033  1.5 0655  0.2 1300  1.4 1907  0.2
18  Sa        323 0131  1.5 0751  0.2 1357  1.4 2005  0.2
19  Su        323 0229  1.6 0847  0.1 1454  1.5 2105  0.1
20  Mo        323 0326  1.6 0944  0.1 1552  1.5 2204  0.1
21  Tu        323 0423  1.6 1040  0.1 1650  1.5 2302  0.1
22  We        323 0520  1.6 1136  0.1 1747  1.6 2359  0.0
23  Th        323 0616  1.6 1232  0.1 1843  1.6 9999  9.9
24  Fr        323 0055  0.0 0712  1.6 1326  0.1 1937  1.6
25  Sa        323 0150  0.1 0807  1.6 1419  0.1 2029  1.6
26  Su        323 0245  0.1 0901  1.5 1510  0.2 2121  1.5
27  Mo        323 0340  0.2 0954  1.4 1600  0.2 2213  1.5
28  Tu        323 0433  0.2 1045  1.4 1649  0.2 2303  1.4
29  We        323 0525  0.3 1134  1.3 1737  0.3 2353  1.4
30  Th        323 0616  0.3 1222  1.3 1825  0.3 9999  9.9
31  Fr        323 0043  1.4 0703  0.3 1309  1.3 1913  0.4
 1  Sa        423 0130  1.4 0749  0.3 1356  1.3 2000  0.4
 2  Su        423 0216  1.4 0834  0.3 1442  1.3 2047  0.4
 3  Mo        423 0301  1.4 0917  0.3 1527  1.3 2133  0.4
 4  Tu        423 0345  1.4 1000  0.3 1612  1.3 2218  0.3
 5  We        423 0428  1.4 1043  0.3 1656  1.3 2302  0.3
 6  Th        423 0512  1.4 1127  0.3 1739  1.3 2347  0.3
 7  Fr        423 0557  1.4 1211  0.3 1823  1.4 9999  9.9
 8  Sa        423 0032  0.3 0643  1.4 1256  0.3 1908  1.4
 9  Su        423 0120  0.2 0732  1.4 1342  0.3 1954  1.5
10  Mo        423 0209  0.2 0821  1.4 1429  0.2 2042  1.5
11  Tu        423 0301  0.2 0913  1.4 1518  0.2 2133  1.5
12  We        423 0355  0.2 1005  1.4 1608  0.2 2226  1.5
13  Th        423 0450  0.2 1057  1.4 1701  0.2 2321  1.5
14  Fr        423 0545  0.2 1151  1.4 1756  0.2 9999  9.9
15  Sa        423 0018  1.5 0640  0.2 1246  1.4 1853  0.2
16  Su        423 0116  1.6 0735  0.1 1342  1.4 1952  0.2
17  Mo        423 0213  1.6 0830  0.1 1439  1.5 2051  0.1
18  Tu        423 0310  1.6 0925  0.1 1536  1.5 2149  0.1
19  We        423 0405  1.6 1020  0.1 1632  1.5 2246  0.1
20  Th        423 0501  1.6 1114  0.1 1727  1.5 2341  0.1
21  Fr        423 0556  1.5 1208  0.1 1821  1.6 9999  9.9
22  Sa        423 0036  0.1 0650  1.5 1300  0.2 1912  1.6
23  Su        423 0129  0.1 0743  1.5 1351  0.2 2003  1.5
24  Mo        423 0222  0.2 0835  1.4 1440  0.2 2052  1.5
25  Tu        423 0314  0.2 0926  1.4 1528  0.3 2141  1.5
26  We        423 0404  0.2 1014  1.3 1615  0.3 2229  1.4
27  Th        423 0453  0.3 1101  1.3 1701  0.3 2317  1.4
28  Fr        423 0540  0.3 1147  1.3 1748  0.3 9999  9.9
29  Sa        423 0004  1.4 0625  0.3 1232  1.3 1835  0.4
30  Su        423 0051  1.4 0709  0.3 1318  1.3 1923  0.4
 1  Mo        523 0137  1.3 0753  0.3 1403  1.3 2010  0.4
 2  Tu        523 0222  1.3 0836  0.3 1448  1.3 2057  0.3
 3  We        523 0306  1.4 0920  0.3 1534  1.3 2143  0.3
 4  Th        523 0351  1.4 1004  0.3 1619  1.4 2230  0.3
 5  Fr        523 0438  1.4 1050  0.3 1705  1.4 2317  0.2
 6  Sa        523 0525  1.4 1136  0.3 1752  1.5 9999  9.9
 7  Su        523 0006  0.2 0615  1.4 1225  0.2 1840  1.5
 8  Mo        523 0056  0.2 0707  1.4 1314  0.2 1929  1.5
 9  Tu        523 0149  0.1 0800  1.4 1405  0.2 2021  1.6
10  We        523 0243  0.1 0853  1.4 1457  0.2 2115  1.6
11  Th        523 0339  0.1 0948  1.4 1551  0.2 2210  1.6
12  Fr        523 0435  0.1 1042  1.4 1646  0.2 2307  1.6
13  Sa        523 0530  0.1 1137  1.4 1743  0.2 9999  9.9
14  Su        523 0005  1.6 0625  0.1 1232  1.5 1841  0.2
15  Mo        523 0102  1.6 0719  0.1 1328  1.5 1940  0.2
16  Tu        523 0159  1.5 0813  0.1 1424  1.5 2039  0.2
17  We        523 0254  1.5 0907  0.2 1520  1.5 2135  0.2
18  Th        523 0349  1.5 1000  0.2 1615  1.5 2231  0.2
19  Fr        523 0442  1.5 1053  0.2 1708  1.5 2324  0.2
20  Sa        523 0535  1.4 1144  0.2 1759  1.5 9999  9.9
21  Su        523 0016  0.2 0627  1.4 1234  0.2 1848  1.5
22  Mo        523 0107  0.2 0718  1.4 1322  0.2 1936  1.5
23  Tu        523 0157  0.2 0807  1.3 1409  0.3 2022  1.5
24  We        523 0245  0.3 0855  1.3 1454  0.3 2108  1.4
25  Th        523 0332  0.3 0940  1.3 1539  0.3 2153  1.4
26  Fr        523 0417  0.3 1025  1.3 1623  0.3 2239  1.4
27  Sa        523 0502  0.3 1109  1.3 1709  0.4 2325  1.4
28  Su        523 0545  0.3 1153  1.3 1756  0.4 9999  9.9
29  Mo        523 0011  1.3 0629  0.3 1238  1.3 1844  0.4
30  Tu        523 0057  1.3 0712  0.3 1324  1.3 1933  0.4
31  We        523 0143  1.3 0755  0.3 1410  1.3 2021  0.3
 1  Th        623 0229  1.4 0840  0.3 1457  1.4 2110  0.3
 2  Fr        623 0316  1.4 0927  0.3 1545  1.4 2159  0.2
 3  Sa        623 0405  1.4 1015  0.3 1634  1.5 2249  0.2
 4  Su        623 0456  1.4 1105  0.2 1724  1.5 2341  0.1
 5  Mo        623 0549  1.4 1157  0.2 1815  1.6 9999  9.9
 6  Tu        623 0034  0.1 0643  1.5 1250  0.1 1907  1.6
 7  We        623 0129  0.1 0739  1.5 1343  0.1 2001  1.6
 8  Th        623 0225  0.1 0834  1.5 1438  0.1 2057  1.7
 9  Fr        623 0321  0.1 0929  1.5 1533  0.1 2154  1.6
10  Sa        623 0417  0.1 1025  1.5 1631  0.1 2252  1.6
11  Su        623 0513  0.1 1120  1.5 1729  0.1 2350  1.6
12  Mo        623 0608  0.1 1216  1.5 1829  0.2 9999  9.9
13  Tu        623 0047  1.5 0702  0.1 1313  1.5 1928  0.2
14  We        623 0143  1.5 0755  0.2 1409  1.5 2026  0.2
15  Th        623 0238  1.5 0848  0.2 1504  1.5 2122  0.2
16  Fr        623 0331  1.4 0940  0.2 1557  1.5 2215  0.2
17  Sa        623 0423  1.4 1031  0.2 1648  1.5 2306  0.2
18  Su        623 0514  1.4 1120  0.2 1736  1.5 2355  0.2
19  Mo        623 0604  1.3 1208  0.3 1823  1.5 9999  9.9
20  Tu        623 0043  0.2 0652  1.3 1253  0.3 1907  1.5
21  We        623 0129  0.3 0738  1.3 1337  0.3 1951  1.4
22  Th        623 0214  0.3 0822  1.3 1420  0.3 2034  1.4
23  Fr        623 0257  0.3 0905  1.3 1503  0.3 2117  1.4
24  Sa        623 0340  0.3 0948  1.3 1546  0.3 2201  1.4
25  Su        623 0423  0.3 1030  1.3 1632  0.4 2246  1.4
26  Mo        623 0505  0.3 1114  1.3 1718  0.4 2332  1.3
27  Tu        623 0548  0.3 1159  1.3 1807  0.4 9999  9.9
28  We        623 0019  1.3 0632  0.3 1245  1.3 1857  0.3
29  Th        623 0106  1.3 0716  0.3 1333  1.3 1948  0.3
30  Fr        623 0154  1.4 0803  0.3 1423  1.4 2039  0.3
