313Castlepoint
Based on data from  1-Jan-2012
Local Std Time, tidal heights in metres.
 1  Th        115 0130  1.5 0748  0.1 1359  1.5 2011  0.1
 2  Fr        115 0226  1.5 0845  0.2 1453  1.5 2104  0.2
 3  Sa        115 0321  1.5 0939  0.2 1547  1.4 2157  0.2
 4  Su        115 0413  1.5 1032  0.2 1639  1.4 2248  0.2
 5  Mo        115 0504  1.5 1122  0.2 1729  1.4 2338  0.2
 6  Tu        115 0552  1.5 1210  0.2 1818  1.4 9999  9.9
 7  We        115 0025  0.2 0637  1.5 1256  0.2 1904  1.4
 8  Th        115 0110  0.2 0721  1.5 1341  0.2 1949  1.4
 9  Fr        115 0154  0.3 0804  1.5 1425  0.3 2032  1.4
10  Sa        115 0237  0.3 0847  1.4 1507  0.3 2115  1.3
11  Su        115 0320  0.3 0930  1.4 1550  0.3 2158  1.3
12  Mo        115 0404  0.3 1014  1.4 1632  0.3 2241  1.3
13  Tu        115 0450  0.3 1059  1.4 1715  0.3 2325  1.3
14  We        115 0537  0.3 1145  1.4 1759  0.3 9999  9.9
15  Th        115 0011  1.4 0626  0.3 1233  1.4 1845  0.3
16  Fr        115 0059  1.4 0716  0.3 1321  1.4 1932  0.3
17  Sa        115 0149  1.4 0807  0.3 1411  1.4 2022  0.2
18  Su        115 0241  1.5 0859  0.2 1503  1.4 2114  0.2
19  Mo        115 0333  1.5 0952  0.2 1556  1.5 2208  0.1
20  Tu        115 0427  1.6 1045  0.1 1651  1.5 2303  0.1
21  We        115 0520  1.7 1139  0.0 1746  1.6 2358  0.0
22  Th        115 0615  1.7 1234  0.0 1842  1.6 9999  9.9
23  Fr        115 0053  0.0 0710  1.7 1329  0.0 1938  1.6
24  Sa        115 0149  0.0 0806  1.7 1425  0.0 2034  1.7
25  Su        115 0245  0.0 0902  1.7 1520  0.0 2129  1.7
26  Mo        115 0342  0.0 0958  1.7 1615  0.0 2224  1.6
27  Tu        115 0439  0.0 1055  1.6 1710  0.0 2320  1.6
28  We        115 0537  0.1 1151  1.6 1803  0.1 9999  9.9
29  Th        115 0016  1.6 0634  0.1 1246  1.5 1857  0.1
30  Fr        115 0111  1.5 0731  0.2 1340  1.5 1950  0.2
31  Sa        115 0206  1.5 0826  0.2 1433  1.4 2043  0.2
 1  Su        215 0300  1.5 0919  0.2 1525  1.4 2134  0.2
 2  Mo        215 0351  1.5 1009  0.2 1615  1.4 2224  0.3
 3  Tu        215 0439  1.5 1057  0.3 1704  1.3 2312  0.3
 4  We        215 0525  1.4 1143  0.3 1750  1.3 2358  0.3
 5  Th        215 0609  1.4 1227  0.3 1835  1.3 9999  9.9
 6  Fr        215 0041  0.3 0651  1.4 1310  0.3 1918  1.3
 7  Sa        215 0124  0.3 0733  1.4 1352  0.3 2000  1.3
 8  Su        215 0207  0.3 0816  1.4 1434  0.3 2042  1.3
 9  Mo        215 0249  0.3 0859  1.4 1516  0.3 2124  1.4
10  Tu        215 0333  0.3 0943  1.4 1558  0.3 2207  1.4
11  We        215 0418  0.3 1027  1.4 1641  0.3 2251  1.4
12  Th        215 0505  0.3 1113  1.4 1724  0.3 2337  1.4
13  Fr        215 0554  0.3 1200  1.4 1810  0.3 9999  9.9
14  Sa        215 0025  1.4 0644  0.3 1249  1.4 1859  0.2
15  Su        215 0116  1.5 0736  0.2 1340  1.4 1950  0.2
16  Mo        215 0209  1.5 0829  0.2 1433  1.4 2044  0.2
17  Tu        215 0304  1.6 0923  0.1 1528  1.5 2141  0.1
18  We        215 0359  1.6 1017  0.1 1624  1.5 2238  0.0
19  Th        215 0455  1.7 1113  0.0 1722  1.6 2335  0.0
20  Fr        215 0551  1.7 1209  0.0 1819  1.6 9999  9.9
21  Sa        215 0032 -0.1 0648  1.7 1306  0.0 1916  1.7
22  Su        215 0129 -0.1 0745  1.7 1402  0.0 2012  1.7
23  Mo        215 0226 -0.1 0842  1.7 1458  0.0 2108  1.7
24  Tu        215 0324  0.0 0939  1.7 1554  0.0 2204  1.7
25  We        215 0421  0.0 1036  1.6 1648  0.1 2259  1.6
26  Th        215 0518  0.1 1131  1.5 1742  0.1 2355  1.6
27  Fr        215 0615  0.1 1226  1.5 1835  0.2 9999  9.9
28  Sa        215 0049  1.5 0710  0.2 1318  1.4 1927  0.2
 1  Su        315 0143  1.5 0802  0.2 1409  1.4 2019  0.3
 2  Mo        315 0234  1.4 0852  0.3 1459  1.3 2109  0.3
 3  Tu        315 0323  1.4 0940  0.3 1547  1.3 2157  0.3
 4  We        315 0410  1.4 1026  0.3 1634  1.3 2244  0.3
 5  Th        315 0454  1.4 1111  0.3 1720  1.3 2329  0.3
 6  Fr        315 0537  1.4 1154  0.3 1804  1.3 9999  9.9
 7  Sa        315 0012  0.3 0620  1.4 1237  0.3 1846  1.3
 8  Su        315 0055  0.3 0703  1.4 1319  0.3 1928  1.4
 9  Mo        315 0138  0.3 0746  1.4 1401  0.3 2010  1.4
10  Tu        315 0221  0.3 0829  1.4 1444  0.3 2052  1.4
11  We        315 0305  0.3 0914  1.4 1526  0.3 2135  1.4
12  Th        315 0351  0.3 0959  1.4 1609  0.3 2220  1.4
13  Fr        315 0438  0.3 1046  1.4 1654  0.3 2307  1.4
14  Sa        315 0527  0.2 1134  1.4 1741  0.3 2357  1.5
15  Su        315 0618  0.2 1223  1.4 1831  0.2 9999  9.9
16  Mo        315 0049  1.5 0709  0.2 1314  1.4 1925  0.2
17  Tu        315 0143  1.5 0802  0.1 1408  1.5 2020  0.1
18  We        315 0239  1.6 0857  0.1 1504  1.5 2118  0.1
19  Th        315 0335  1.6 0952  0.0 1601  1.6 2216  0.0
20  Fr        315 0432  1.7 1048  0.0 1658  1.6 2314  0.0
21  Sa        315 0529  1.7 1145  0.0 1756  1.7 9999  9.9
22  Su        315 0011 -0.1 0626  1.7 1242  0.0 1853  1.7
23  Mo        315 0109 -0.1 0724  1.7 1339  0.0 1950  1.7
24  Tu        315 0206  0.0 0821  1.7 1435  0.0 2046  1.7
25  We        315 0304  0.0 0918  1.6 1530  0.0 2141  1.6
26  Th        315 0401  0.0 1014  1.6 1624  0.1 2236  1.6
27  Fr        315 0456  0.1 1108  1.5 1716  0.1 2330  1.5
28  Sa        315 0551  0.2 1201  1.4 1808  0.2 9999  9.9
29  Su        315 0022  1.5 0643  0.2 1252  1.4 1859  0.2
30  Mo        315 0114  1.4 0733  0.3 1341  1.4 1950  0.3
31  Tu        315 0203  1.4 0821  0.3 1429  1.3 2039  0.3
 1  We        415 0250  1.4 0906  0.3 1516  1.3 2127  0.3
 2  Th        415 0336  1.4 0951  0.3 1602  1.3 2213  0.3
 3  Fr        415 0421  1.4 1035  0.3 1647  1.3 2258  0.3
 4  Sa        415 0504  1.4 1119  0.3 1731  1.3 2342  0.3
 5  Su        415 0548  1.4 1202  0.3 1814  1.4 9999  9.9
 6  Mo        415 0025  0.3 0632  1.4 1245  0.3 1856  1.4
 7  Tu        415 0109  0.3 0716  1.4 1329  0.3 1939  1.4
 8  We        415 0154  0.3 0801  1.4 1412  0.3 2023  1.4
 9  Th        415 0239  0.2 0848  1.4 1456  0.3 2107  1.4
10  Fr        415 0326  0.2 0935  1.4 1542  0.3 2154  1.5
11  Sa        415 0415  0.2 1022  1.4 1629  0.2 2243  1.5
12  Su        415 0505  0.2 1111  1.4 1718  0.2 2334  1.5
13  Mo        415 0556  0.2 1202  1.4 1810  0.2 9999  9.9
14  Tu        415 0027  1.5 0647  0.1 1254  1.5 1904  0.2
15  We        415 0122  1.6 0740  0.1 1348  1.5 2001  0.1
16  Th        415 0218  1.6 0834  0.1 1443  1.6 2059  0.1
17  Fr        415 0314  1.6 0929  0.0 1540  1.6 2157  0.0
18  Sa        415 0411  1.6 1025  0.0 1638  1.7 2255  0.0
19  Su        415 0508  1.7 1122  0.0 1735  1.7 2352  0.0
20  Mo        415 0605  1.6 1219  0.0 1831  1.7 9999  9.9
21  Tu        415 0049  0.0 0702  1.6 1315  0.0 1927  1.7
22  We        415 0146  0.0 0759  1.6 1410  0.0 2022  1.7
23  Th        415 0242  0.0 0855  1.5 1503  0.1 2115  1.6
24  Fr        415 0337  0.1 0949  1.5 1556  0.1 2208  1.6
25  Sa        415 0430  0.1 1041  1.4 1647  0.2 2300  1.5
26  Su        415 0522  0.2 1131  1.4 1738  0.2 2350  1.5
27  Mo        415 0611  0.2 1220  1.4 1827  0.3 9999  9.9
28  Tu        415 0039  1.4 0659  0.3 1308  1.3 1916  0.3
29  We        415 0127  1.4 0744  0.3 1354  1.3 2005  0.3
30  Th        415 0214  1.4 0829  0.3 1441  1.3 2053  0.3
 1  Fr        515 0300  1.4 0914  0.3 1527  1.3 2140  0.3
 2  Sa        515 0345  1.3 0958  0.3 1612  1.4 2226  0.3
 3  Su        515 0430  1.3 1042  0.3 1657  1.4 2311  0.3
 4  Mo        515 0515  1.4 1127  0.3 1741  1.4 2355  0.3
 5  Tu        515 0600  1.4 1211  0.3 1825  1.4 9999  9.9
 6  We        515 0041  0.2 0647  1.4 1257  0.3 1909  1.5
 7  Th        515 0127  0.2 0734  1.4 1342  0.2 1955  1.5
 8  Fr        515 0214  0.2 0822  1.4 1429  0.2 2042  1.5
 9  Sa        515 0303  0.2 0911  1.4 1517  0.2 2131  1.5
10  Su        515 0354  0.2 1001  1.4 1607  0.2 2222  1.5
11  Mo        515 0445  0.1 1052  1.5 1659  0.2 2315  1.6
12  Tu        515 0536  0.1 1143  1.5 1753  0.2 9999  9.9
13  We        515 0010  1.6 0629  0.1 1236  1.5 1849  0.1
14  Th        515 0105  1.6 0722  0.1 1331  1.5 1946  0.1
15  Fr        515 0200  1.6 0815  0.1 1426  1.6 2043  0.1
16  Sa        515 0256  1.6 0910  0.1 1523  1.6 2141  0.0
17  Su        515 0352  1.6 1005  0.0 1619  1.6 2238  0.0
18  Mo        515 0449  1.6 1101  0.0 1715  1.7 2334  0.0
19  Tu        515 0545  1.6 1156  0.1 1810  1.7 9999  9.9
20  We        515 0029  0.0 0640  1.5 1250  0.1 1904  1.7
21  Th        515 0124  0.1 0735  1.5 1343  0.1 1956  1.6
22  Fr        515 0217  0.1 0828  1.5 1435  0.1 2047  1.6
23  Sa        515 0309  0.1 0920  1.4 1525  0.2 2137  1.5
24  Su        515 0400  0.2 1010  1.4 1614  0.2 2226  1.5
25  Mo        515 0448  0.2 1058  1.4 1703  0.3 2314  1.4
26  Tu        515 0535  0.3 1144  1.4 1751  0.3 9999  9.9
27  We        515 0002  1.4 0621  0.3 1231  1.3 1840  0.3
28  Th        515 0049  1.4 0706  0.3 1317  1.3 1929  0.3
29  Fr        515 0136  1.3 0750  0.3 1404  1.3 2017  0.3
30  Sa        515 0222  1.3 0835  0.3 1451  1.4 2105  0.3
31  Su        515 0308  1.3 0920  0.3 1537  1.4 2152  0.3
 1  Mo        615 0355  1.3 1006  0.3 1622  1.4 2238  0.3
 2  Tu        615 0441  1.4 1052  0.3 1708  1.5 2325  0.2
 3  We        615 0529  1.4 1138  0.2 1754  1.5 9999  9.9
 4  Th        615 0012  0.2 0617  1.4 1226  0.2 1841  1.5
 5  Fr        615 0100  0.2 0707  1.4 1314  0.2 1929  1.6
 6  Sa        615 0150  0.1 0757  1.5 1404  0.2 2019  1.6
 7  Su        615 0241  0.1 0849  1.5 1455  0.1 2110  1.6
 8  Mo        615 0333  0.1 0941  1.5 1548  0.1 2204  1.6
 9  Tu        615 0426  0.1 1033  1.5 1642  0.1 2258  1.6
10  We        615 0518  0.1 1126  1.5 1738  0.1 2354  1.6
11  Th        615 0611  0.1 1221  1.6 1835  0.1 9999  9.9
12  Fr        615 0050  1.6 0705  0.1 1316  1.6 1933  0.1
13  Sa        615 0145  1.6 0758  0.1 1412  1.6 2030  0.1
14  Su        615 0241  1.5 0852  0.1 1508  1.6 2127  0.1
15  Mo        615 0336  1.5 0947  0.1 1603  1.6 2222  0.1
16  Tu        615 0430  1.5 1041  0.1 1657  1.6 2316  0.1
17  We        615 0525  1.5 1134  0.1 1749  1.6 9999  9.9
18  Th        615 0009  0.1 0618  1.5 1226  0.1 1840  1.6
19  Fr        615 0100  0.1 0710  1.5 1316  0.2 1929  1.6
20  Sa        615 0150  0.2 0800  1.4 1405  0.2 2017  1.5
21  Su        615 0239  0.2 0848  1.4 1453  0.2 2104  1.5
22  Mo        615 0326  0.2 0935  1.4 1539  0.3 2150  1.4
23  Tu        615 0412  0.2 1021  1.4 1626  0.3 2236  1.4
24  We        615 0456  0.3 1106  1.3 1714  0.3 2323  1.4
25  Th        615 0541  0.3 1152  1.3 1802  0.3 9999  9.9
26  Fr        615 0010  1.4 0626  0.3 1239  1.3 1852  0.3
27  Sa        615 0057  1.3 0711  0.3 1326  1.4 1941  0.3
28  Su        615 0145  1.3 0757  0.3 1413  1.4 2030  0.3
29  Mo        615 0232  1.3 0843  0.3 1501  1.4 2118  0.3
30  Tu        615 0320  1.4 0930  0.3 1548  1.5 2206  0.2
 1  We        715 0408  1.4 1018  0.2 1636  1.5 2254  0.2
 2  Th        715 0458  1.4 1107  0.2 1724  1.6 2343  0.1
 3  Fr        715 0549  1.5 1158  0.1 1814  1.6 9999  9.9
 4  Sa        715 0033  0.1 0640  1.5 1249  0.1 1904  1.6
 5  Su        715 0125  0.1 0733  1.5 1341  0.1 1957  1.7
 6  Mo        715 0218  0.0 0826  1.6 1435  0.1 2051  1.7
 7  Tu        715 0312  0.0 0920  1.6 1529  0.1 2146  1.7
 8  We        715 0406  0.0 1014  1.6 1626  0.1 2242  1.6
 9  Th        715 0500  0.0 1109  1.6 1723  0.1 2338  1.6
10  Fr        715 0554  0.1 1205  1.6 1822  0.1 9999  9.9
11  Sa        715 0035  1.6 0648  0.1 1301  1.6 1920  0.1
12  Su        715 0131  1.5 0742  0.1 1357  1.6 2017  0.1
13  Mo        715 0226  1.5 0836  0.1 1453  1.6 2112  0.1
14  Tu        715 0320  1.5 0929  0.1 1546  1.6 2206  0.1
15  We        715 0413  1.5 1022  0.1 1638  1.6 2257  0.1
16  Th        715 0504  1.4 1113  0.2 1728  1.6 2347  0.2
17  Fr        715 0555  1.4 1202  0.2 1815  1.5 9999  9.9
18  Sa        715 0035  0.2 0643  1.4 1249  0.2 1901  1.5
19  Su        715 0121  0.2 0730  1.4 1335  0.2 1946  1.5
20  Mo        715 0206  0.2 0815  1.4 1420  0.2 2030  1.5
21  Tu        715 0251  0.2 0859  1.4 1505  0.3 2114  1.4
22  We        715 0334  0.3 0943  1.4 1550  0.3 2159  1.4
23  Th        715 0418  0.3 1028  1.4 1637  0.3 2245  1.4
24  Fr        715 0502  0.3 1113  1.3 1725  0.3 2332  1.3
25  Sa        715 0547  0.3 1200  1.4 1815  0.3 9999  9.9
26  Su        715 0020  1.3 0632  0.3 1247  1.4 1905  0.3
27  Mo        715 0108  1.3 0719  0.3 1336  1.4 1954  0.3
28  Tu        715 0157  1.4 0807  0.3 1425  1.4 2044  0.2
29  We        715 0246  1.4 0856  0.2 1515  1.5 2133  0.2
30  Th        715 0337  1.4 0947  0.2 1605  1.6 2224  0.1
31  Fr        715 0428  1.5 1039  0.1 1656  1.6 2315  0.1
 1  Sa        815 0521  1.5 1131  0.1 1748  1.7 9999  9.9
 2  Su        815 0007  0.0 0615  1.6 1225  0.0 1841  1.7
 3  Mo        815 0101  0.0 0709  1.6 1319  0.0 1935  1.7
 4  Tu        815 0155  0.0 0804  1.6 1415  0.0 2031  1.7
 5  We        815 0250  0.0 0859  1.7 1511  0.0 2127  1.7
 6  Th        815 0345  0.0 0955  1.7 1609  0.0 2225  1.6
 7  Fr        815 0440  0.0 1051  1.6 1707  0.0 2322  1.6
 8  Sa        815 0535  0.0 1147  1.6 1806  0.1 9999  9.9
 9  Su        815 0018  1.5 0630  0.1 1244  1.6 1904  0.1
10  Mo        815 0114  1.5 0724  0.1 1341  1.6 2001  0.1
11  Tu        815 0209  1.5 0818  0.2 1435  1.5 2055  0.2
12  We        815 0302  1.4 0911  0.2 1528  1.5 2146  0.2
13  Th        815 0353  1.4 1002  0.2 1617  1.5 2235  0.2
14  Fr        815 0443  1.4 1051  0.2 1704  1.5 2322  0.2
15  Sa        815 0530  1.4 1138  0.2 1749  1.5 9999  9.9
16  Su        815 0007  0.2 0616  1.4 1223  0.2 1833  1.5
17  Mo        815 0051  0.2 0700  1.4 1306  0.2 1915  1.4
18  Tu        815 0134  0.2 0743  1.4 1349  0.3 1958  1.4
19  We        815 0216  0.3 0825  1.4 1433  0.3 2041  1.4
20  Th        815 0259  0.3 0908  1.4 1517  0.3 2126  1.4
21  Fr        815 0342  0.3 0951  1.4 1603  0.3 2211  1.4
22  Sa        815 0425  0.3 1036  1.4 1651  0.3 2258  1.3
23  Su        815 0509  0.3 1122  1.4 1740  0.3 2345  1.3
24  Mo        815 0555  0.3 1211  1.4 1830  0.3 9999  9.9
25  Tu        815 0034  1.4 0643  0.3 1301  1.4 1920  0.3
26  We        815 0124  1.4 0733  0.2 1352  1.5 2011  0.2
27  Th        815 0214  1.4 0825  0.2 1444  1.5 2102  0.2
28  Fr        815 0307  1.5 0918  0.1 1536  1.6 2154  0.1
29  Sa        815 0401  1.5 1013  0.1 1630  1.7 2247  0.0
30  Su        815 0455  1.6 1108  0.0 1724  1.7 2341  0.0
31  Mo        815 0551  1.6 1203  0.0 1818  1.7 9999  9.9
 1  Tu        915 0036 -0.1 0646  1.7 1259 -0.1 1914  1.8
 2  We        915 0132 -0.1 0742  1.7 1355 -0.1 2011  1.7
 3  Th        915 0227 -0.1 0838  1.7 1453 -0.1 2108  1.7
 4  Fr        915 0323  0.0 0934  1.7 1551  0.0 2206  1.6
 5  Sa        915 0418  0.0 1030  1.7 1649  0.0 2303  1.6
 6  Su        915 0514  0.1 1127  1.6 1748  0.1 2359  1.5
 7  Mo        915 0609  0.1 1224  1.6 1845  0.1 9999  9.9
 8  Tu        915 0054  1.5 0703  0.2 1320  1.5 1940  0.2
 9  We        915 0148  1.4 0757  0.2 1413  1.5 2032  0.2
10  Th        915 0240  1.4 0849  0.2 1504  1.5 2122  0.2
11  Fr        915 0330  1.4 0939  0.2 1552  1.5 2209  0.2
12  Sa        915 0418  1.4 1027  0.2 1638  1.4 2254  0.2
13  Su        915 0504  1.4 1112  0.2 1721  1.4 2338  0.3
14  Mo        915 0548  1.4 1156  0.3 1804  1.4 9999  9.9
15  Tu        915 0020  0.3 0631  1.4 1239  0.3 1846  1.4
16  We        915 0102  0.3 0712  1.4 1321  0.3 1928  1.4
17  Th        915 0144  0.3 0754  1.4 1404  0.3 2012  1.4
18  Fr        915 0226  0.3 0836  1.4 1448  0.3 2056  1.4
19  Sa        915 0308  0.3 0919  1.4 1533  0.3 2141  1.4
20  Su        915 0351  0.3 1003  1.4 1620  0.3 2227  1.4
21  Mo        915 0436  0.3 1049  1.4 1709  0.3 2315  1.4
22  Tu        915 0522  0.3 1138  1.4 1759  0.2 9999  9.9
23  We        915 0003  1.4 0611  0.3 1229  1.5 1850  0.2
24  Th        915 0054  1.4 0703  0.2 1321  1.5 1941  0.2
25  Fr        915 0146  1.4 0757  0.2 1415  1.6 2034  0.1
26  Sa        915 0240  1.5 0853  0.1 1510  1.6 2127  0.1
27  Su        915 0335  1.6 0949  0.0 1605  1.7 2222  0.0
28  Mo        915 0431  1.6 1046  0.0 1701  1.7 2317  0.0
29  Tu        915 0528  1.7 1143 -0.1 1757  1.7 9999  9.9
30  We        915 0013 -0.1 0624  1.7 1239 -0.1 1854  1.7
 1  Th       1015 0109 -0.1 0721  1.8 1337 -0.1 1951  1.7
 2  Fr       1015 0205 -0.1 0816  1.8 1434 -0.1 2048  1.7
 3  Sa       1015 0300  0.0 0912  1.7 1531  0.0 2145  1.6
 4  Su       1015 0355  0.0 1008  1.7 1629  0.0 2241  1.6
 5  Mo       1015 0450  0.1 1104  1.6 1725  0.1 2336  1.5
 6  Tu       1015 0544  0.1 1159  1.6 1820  0.2 9999  9.9
 7  We       1015 0029  1.4 0637  0.2 1253  1.5 1913  0.2
 8  Th       1015 0122  1.4 0730  0.2 1345  1.5 2004  0.2
 9  Fr       1015 0212  1.4 0822  0.3 1435  1.4 2051  0.3
10  Sa       1015 0301  1.4 0911  0.3 1522  1.4 2137  0.3
11  Su       1015 0348  1.4 0959  0.3 1607  1.4 2222  0.3
12  Mo       1015 0434  1.4 1044  0.3 1651  1.4 2306  0.3
13  Tu       1015 0518  1.4 1128  0.3 1734  1.4 2349  0.3
14  We       1015 0601  1.4 1212  0.3 1817  1.4 9999  9.9
15  Th       1015 0031  0.3 0643  1.4 1254  0.3 1900  1.4
16  Fr       1015 0113  0.3 0724  1.4 1338  0.2 1944  1.4
17  Sa       1015 0155  0.3 0806  1.4 1422  0.2 2029  1.4
18  Su       1015 0238  0.3 0849  1.4 1507  0.2 2114  1.4
19  Mo       1015 0321  0.3 0934  1.5 1554  0.2 2200  1.4
20  Tu       1015 0407  0.3 1021  1.5 1642  0.2 2248  1.4
21  We       1015 0454  0.2 1110  1.5 1732  0.2 2337  1.4
22  Th       1015 0544  0.2 1202  1.5 1823  0.2 9999  9.9
23  Fr       1015 0028  1.4 0637  0.2 1255  1.5 1915  0.1
24  Sa       1015 0121  1.5 0733  0.1 1351  1.6 2008  0.1
25  Su       1015 0216  1.5 0831  0.1 1447  1.6 2102  0.1
26  Mo       1015 0313  1.6 0929  0.0 1543  1.6 2158  0.0
27  Tu       1015 0410  1.7 1026  0.0 1640  1.7 2254  0.0
28  We       1015 0507  1.7 1124 -0.1 1736  1.7 2350  0.0
29  Th       1015 0604  1.7 1221 -0.1 1834  1.7 9999  9.9
30  Fr       1015 0047  0.0 0700  1.8 1318 -0.1 1930  1.7
31  Sa       1015 0142  0.0 0755  1.7 1414  0.0 2027  1.6
 1  Su       1115 0237  0.0 0849  1.7 1510  0.0 2122  1.6
 2  Mo       1115 0330  0.1 0943  1.6 1605  0.1 2216  1.5
 3  Tu       1115 0423  0.1 1037  1.6 1659  0.1 2308  1.5
 4  We       1115 0515  0.2 1129  1.5 1751  0.2 2359  1.4
 5  Th       1115 0607  0.2 1221  1.5 1840  0.2 9999  9.9
 6  Fr       1115 0049  1.4 0658  0.3 1311  1.4 1929  0.3
 7  Sa       1115 0139  1.4 0749  0.3 1359  1.4 2015  0.3
 8  Su       1115 0227  1.3 0838  0.3 1446  1.4 2101  0.3
 9  Mo       1115 0315  1.3 0927  0.3 1532  1.4 2146  0.3
10  Tu       1115 0401  1.4 1013  0.3 1618  1.4 2231  0.3
11  We       1115 0446  1.4 1059  0.3 1703  1.4 2315  0.3
12  Th       1115 0530  1.4 1143  0.3 1747  1.4 2359  0.3
13  Fr       1115 0613  1.4 1227  0.2 1832  1.4 9999  9.9
14  Sa       1115 0043  0.3 0656  1.5 1312  0.2 1917  1.4
15  Su       1115 0126  0.2 0739  1.5 1357  0.2 2003  1.4
16  Mo       1115 0210  0.2 0823  1.5 1443  0.2 2049  1.4
17  Tu       1115 0255  0.2 0909  1.5 1530  0.2 2137  1.4
18  We       1115 0342  0.2 0957  1.5 1619  0.2 2225  1.4
19  Th       1115 0431  0.2 1047  1.5 1709  0.1 2315  1.5
20  Fr       1115 0523  0.2 1140  1.5 1800  0.1 9999  9.9
21  Sa       1115 0006  1.5 0617  0.2 1234  1.6 1852  0.1
22  Su       1115 0100  1.5 0714  0.1 1330  1.6 1946  0.1
23  Mo       1115 0156  1.6 0812  0.1 1426  1.6 2041  0.1
24  Tu       1115 0253  1.6 0911  0.1 1523  1.6 2137  0.0
25  We       1115 0351  1.6 1009  0.0 1620  1.6 2233  0.0
26  Th       1115 0448  1.7 1106  0.0 1717  1.6 2329  0.0
27  Fr       1115 0544  1.7 1203  0.0 1814  1.6 9999  9.9
28  Sa       1115 0025  0.0 0639  1.7 1258  0.0 1910  1.6
29  Su       1115 0119  0.0 0733  1.7 1353  0.0 2004  1.6
30  Mo       1115 0212  0.1 0825  1.7 1446  0.1 2057  1.5
 1  Tu       1215 0303  0.1 0917  1.6 1538  0.1 2148  1.5
 2  We       1215 0354  0.2 1007  1.5 1628  0.2 2237  1.4
 3  Th       1215 0443  0.2 1056  1.5 1717  0.2 2325  1.4
 4  Fr       1215 0533  0.3 1144  1.4 1804  0.2 9999  9.9
 5  Sa       1215 0013  1.4 0622  0.3 1232  1.4 1850  0.3
 6  Su       1215 0101  1.3 0712  0.3 1320  1.4 1936  0.3
 7  Mo       1215 0149  1.3 0802  0.3 1408  1.3 2022  0.3
 8  Tu       1215 0237  1.3 0851  0.3 1455  1.3 2108  0.3
 9  We       1215 0325  1.4 0939  0.3 1542  1.3 2154  0.3
10  Th       1215 0411  1.4 1026  0.3 1629  1.3 2240  0.3
11  Fr       1215 0457  1.4 1112  0.3 1715  1.4 2326  0.3
12  Sa       1215 0542  1.5 1158  0.2 1802  1.4 9999  9.9
13  Su       1215 0012  0.2 0626  1.5 1244  0.2 1850  1.4
14  Mo       1215 0057  0.2 0712  1.5 1331  0.2 1937  1.4
15  Tu       1215 0144  0.2 0758  1.6 1419  0.1 2025  1.5
16  We       1215 0232  0.2 0847  1.6 1508  0.1 2114  1.5
17  Th       1215 0321  0.1 0937  1.6 1558  0.1 2204  1.5
18  Fr       1215 0412  0.1 1029  1.6 1649  0.1 2255  1.5
19  Sa       1215 0505  0.1 1122  1.6 1740  0.1 2348  1.5
20  Su       1215 0601  0.1 1217  1.6 1833  0.1 9999  9.9
21  Mo       1215 0043  1.6 0659  0.1 1312  1.6 1927  0.1
22  Tu       1215 0139  1.6 0757  0.1 1409  1.6 2022  0.1
23  We       1215 0236  1.6 0855  0.1 1505  1.5 2118  0.1
24  Th       1215 0334  1.6 0953  0.1 1602  1.5 2214  0.1
25  Fr       1215 0430  1.6 1049  0.1 1658  1.5 2309  0.1
26  Sa       1215 0525  1.7 1144  0.1 1754  1.5 9999  9.9
27  Su       1215 0004  0.1 0618  1.7 1238  0.1 1848  1.5
28  Mo       1215 0056  0.1 0710  1.6 1330  0.1 1940  1.5
29  Tu       1215 0147  0.1 0800  1.6 1420  0.1 2030  1.5
30  We       1215 0236  0.2 0848  1.5 1509  0.2 2117  1.4
31  Th       1215 0323  0.2 0935  1.5 1555  0.2 2204  1.4
