407Charleston
Based on data from  1-Jan-2003
Local Std Time, tidal heights in metres.
 1  Sa        122 0254  0.7 0907  3.2 1520  0.6 2135  3.3
 2  Su        122 0349  0.6 1001  3.3 1615  0.4 2230  3.3
 3  Mo        122 0442  0.5 1053  3.4 1708  0.4 2323  3.4
 4  Tu        122 0533  0.5 1144  3.4 1800  0.4 9999  9.9
 5  We        122 0014  3.4 0623  0.5 1234  3.4 1851  0.4
 6  Th        122 0105  3.3 0712  0.6 1324  3.3 1943  0.5
 7  Fr        122 0155  3.2 0802  0.7 1416  3.2 2034  0.7
 8  Sa        122 0246  3.0 0853  0.8 1508  3.0 2127  0.8
 9  Su        122 0338  2.9 0947  1.0 1604  2.9 2221  1.0
10  Mo        122 0432  2.8 1044  1.1 1701  2.8 2316  1.1
11  Tu        122 0529  2.7 1143  1.2 1759  2.7 9999  9.9
12  We        122 0013  1.2 0628  2.6 1243  1.2 1856  2.6
13  Th        122 0110  1.2 0725  2.6 1339  1.2 1951  2.7
14  Fr        122 0204  1.2 0818  2.7 1430  1.1 2041  2.7
15  Sa        122 0253  1.1 0905  2.8 1516  1.0 2127  2.8
16  Su        122 0337  1.0 0947  2.9 1558  0.9 2209  2.9
17  Mo        122 0418  0.9 1026  3.0 1637  0.8 2248  3.0
18  Tu        122 0455  0.9 1102  3.0 1714  0.8 2325  3.0
19  We        122 0531  0.8 1138  3.1 1750  0.7 9999  9.9
20  Th        122 0001  3.0 0606  0.8 1213  3.1 1826  0.7
21  Fr        122 0037  3.1 0641  0.8 1249  3.1 1903  0.7
22  Sa        122 0113  3.0 0717  0.8 1327  3.1 1943  0.7
23  Su        122 0152  3.0 0757  0.8 1409  3.0 2026  0.8
24  Mo        122 0235  2.9 0842  0.9 1457  3.0 2115  0.9
25  Tu        122 0325  2.9 0936  1.0 1554  2.9 2212  1.0
26  We        122 0425  2.8 1040  1.0 1700  2.9 2317  1.0
27  Th        122 0533  2.8 1152  1.0 1811  2.9 9999  9.9
28  Fr        122 0028  1.0 0645  2.8 1303  0.9 1921  2.9
29  Sa        122 0137  0.9 0754  2.9 1411  0.8 2027  3.0
30  Su        122 0242  0.8 0856  3.1 1512  0.6 2128  3.2
31  Mo        122 0340  0.7 0952  3.3 1608  0.5 2223  3.3
 1  Tu        222 0433  0.6 1044  3.4 1659  0.4 2313  3.3
 2  We        222 0522  0.5 1132  3.5 1748  0.4 9999  9.9
 3  Th        222 0000  3.4 0607  0.5 1218  3.4 1834  0.4
 4  Fr        222 0045  3.3 0651  0.5 1302  3.4 1918  0.5
 5  Sa        222 0128  3.2 0734  0.6 1346  3.2 2001  0.6
 6  Su        222 0210  3.1 0817  0.8 1430  3.1 2045  0.8
 7  Mo        222 0254  2.9 0902  0.9 1517  2.9 2131  1.0
 8  Tu        222 0340  2.8 0952  1.1 1608  2.7 2221  1.2
 9  We        222 0433  2.6 1050  1.2 1706  2.6 2319  1.3
10  Th        222 0535  2.5 1155  1.3 1810  2.5 9999  9.9
11  Fr        222 0023  1.3 0642  2.5 1300  1.3 1914  2.5
12  Sa        222 0128  1.3 0745  2.6 1400  1.2 2013  2.6
13  Su        222 0226  1.2 0839  2.7 1452  1.1 2104  2.7
14  Mo        222 0314  1.1 0924  2.8 1536  1.0 2148  2.9
15  Tu        222 0356  0.9 1003  3.0 1615  0.8 2227  3.0
16  We        222 0433  0.8 1040  3.1 1652  0.7 2303  3.1
17  Th        222 0508  0.7 1115  3.2 1727  0.6 2338  3.2
18  Fr        222 0542  0.7 1149  3.3 1803  0.6 9999  9.9
19  Sa        222 0012  3.2 0617  0.6 1225  3.3 1839  0.6
20  Su        222 0048  3.2 0653  0.6 1303  3.3 1917  0.6
21  Mo        222 0126  3.2 0732  0.7 1344  3.2 1959  0.7
22  Tu        222 0208  3.1 0816  0.8 1431  3.1 2046  0.8
23  We        222 0256  3.0 0909  0.9 1527  2.9 2143  1.0
24  Th        222 0356  2.8 1015  1.0 1636  2.8 2252  1.1
25  Fr        222 0510  2.7 1133  1.0 1754  2.8 9999  9.9
26  Sa        222 0011  1.1 0630  2.8 1253  1.0 1912  2.8
27  Su        222 0127  1.0 0744  2.9 1404  0.9 2021  2.9
28  Mo        222 0234  0.9 0848  3.1 1505  0.7 2121  3.1
 1  Tu        322 0331  0.7 0942  3.2 1558  0.5 2212  3.2
 2  We        322 0420  0.6 1030  3.4 1645  0.4 2258  3.3
 3  Th        322 0504  0.5 1114  3.4 1729  0.4 2340  3.3
 4  Fr        322 0545  0.5 1155  3.4 1809  0.4 9999  9.9
 5  Sa        322 0019  3.3 0624  0.5 1235  3.4 1848  0.5
 6  Su        322 0056  3.2 0702  0.6 1313  3.2 1925  0.7
 7  Mo        322 0133  3.1 0740  0.7 1351  3.1 2003  0.8
 8  Tu        322 0210  3.0 0819  0.9 1432  2.9 2043  1.0
 9  We        322 0251  2.8 0904  1.1 1518  2.7 2128  1.2
10  Th        322 0340  2.6 0958  1.2 1615  2.5 2226  1.3
11  Fr        322 0443  2.5 1107  1.3 1724  2.5 2337  1.4
12  Sa        322 0558  2.5 1221  1.3 1836  2.5 9999  9.9
13  Su        322 0050  1.4 0708  2.5 1326  1.3 1940  2.6
14  Mo        322 0152  1.3 0806  2.7 1420  1.1 2034  2.7
15  Tu        322 0243  1.1 0852  2.8 1505  0.9 2118  2.9
16  We        322 0325  0.9 0932  3.0 1545  0.8 2157  3.0
17  Th        322 0403  0.8 1010  3.2 1622  0.6 2233  3.2
18  Fr        322 0438  0.6 1046  3.3 1659  0.5 2309  3.3
19  Sa        322 0514  0.5 1122  3.4 1736  0.5 2345  3.3
20  Su        322 0551  0.5 1200  3.4 1814  0.5 9999  9.9
21  Mo        322 0023  3.3 0629  0.5 1240  3.4 1854  0.5
22  Tu        322 0102  3.3 0711  0.6 1324  3.2 1937  0.6
23  We        322 0146  3.1 0758  0.7 1414  3.1 2027  0.8
24  Th        322 0238  3.0 0854  0.9 1513  2.9 2127  1.0
25  Fr        322 0341  2.8 1005  1.0 1626  2.8 2241  1.1
26  Sa        322 0501  2.7 1127  1.1 1748  2.7 9999  9.9
27  Su        322 0003  1.1 0623  2.8 1246  1.0 1905  2.8
28  Mo        322 0119  1.1 0735  2.9 1355  0.9 2012  2.9
29  Tu        322 0223  0.9 0835  3.0 1452  0.7 2107  3.0
30  We        322 0315  0.8 0926  3.2 1541  0.6 2154  3.2
31  Th        322 0401  0.6 1010  3.3 1624  0.5 2235  3.2
 1  Fr        422 0441  0.5 1050  3.4 1704  0.5 2313  3.3
 2  Sa        422 0519  0.5 1128  3.3 1741  0.5 2349  3.3
 3  Su        422 0555  0.6 1204  3.3 1816  0.6 9999  9.9
 4  Mo        422 0023  3.2 0630  0.6 1240  3.2 1850  0.7
 5  Tu        422 0057  3.1 0705  0.8 1316  3.0 1925  0.9
 6  We        422 0133  2.9 0742  0.9 1354  2.8 2003  1.0
 7  Th        422 0211  2.8 0825  1.1 1438  2.7 2046  1.2
 8  Fr        422 0258  2.6 0918  1.2 1533  2.5 2142  1.3
 9  Sa        422 0400  2.5 1026  1.3 1642  2.5 2253  1.4
10  Su        422 0515  2.5 1139  1.3 1755  2.5 9999  9.9
11  Mo        422 0007  1.4 0625  2.5 1245  1.2 1859  2.6
12  Tu        422 0110  1.3 0723  2.7 1339  1.1 1953  2.7
13  We        422 0202  1.1 0812  2.8 1426  0.9 2039  2.9
14  Th        422 0246  0.9 0854  3.0 1508  0.7 2120  3.1
15  Fr        422 0326  0.7 0935  3.2 1548  0.6 2159  3.2
16  Sa        422 0406  0.6 1014  3.3 1628  0.5 2238  3.3
17  Su        422 0445  0.5 1055  3.4 1708  0.4 2318  3.4
18  Mo        422 0526  0.4 1137  3.4 1750  0.4 9999  9.9
19  Tu        422 0000  3.4 0608  0.4 1221  3.4 1834  0.5
20  We        422 0044  3.3 0655  0.5 1310  3.3 1922  0.6
21  Th        422 0132  3.2 0747  0.7 1404  3.1 2016  0.8
22  Fr        422 0229  3.0 0849  0.8 1509  2.9 2120  1.0
23  Sa        422 0337  2.9 1003  1.0 1623  2.8 2235  1.1
24  Su        422 0455  2.8 1121  1.0 1739  2.7 2352  1.1
25  Mo        422 0611  2.8 1233  1.0 1850  2.8 9999  9.9
26  Tu        422 0102  1.0 0717  2.9 1336  0.9 1952  2.9
27  We        422 0202  0.9 0814  3.0 1430  0.8 2044  3.0
28  Th        422 0252  0.8 0902  3.1 1517  0.7 2128  3.1
29  Fr        422 0335  0.7 0945  3.2 1558  0.6 2208  3.1
30  Sa        422 0414  0.7 1024  3.2 1636  0.6 2245  3.2
 1  Su        522 0451  0.6 1100  3.2 1711  0.7 2319  3.1
 2  Mo        522 0526  0.7 1135  3.1 1745  0.7 2353  3.1
 3  Tu        522 0601  0.7 1211  3.0 1819  0.8 9999  9.9
 4  We        522 0027  3.0 0636  0.8 1247  2.9 1855  0.9
 5  Th        522 0103  2.9 0715  0.9 1326  2.8 1933  1.0
 6  Fr        522 0142  2.8 0758  1.1 1410  2.7 2017  1.1
 7  Sa        522 0229  2.7 0849  1.2 1503  2.6 2109  1.3
 8  Su        522 0325  2.6 0950  1.2 1605  2.5 2213  1.3
 9  Mo        522 0432  2.6 1056  1.2 1710  2.5 2320  1.3
10  Tu        522 0538  2.6 1157  1.2 1811  2.6 9999  9.9
11  We        522 0022  1.2 0636  2.7 1252  1.0 1906  2.7
12  Th        522 0116  1.1 0727  2.9 1342  0.9 1955  2.9
13  Fr        522 0204  0.9 0814  3.0 1428  0.7 2041  3.1
14  Sa        522 0249  0.7 0900  3.2 1514  0.6 2126  3.2
15  Su        522 0334  0.6 0945  3.3 1559  0.5 2210  3.3
16  Mo        522 0419  0.5 1031  3.4 1644  0.4 2255  3.4
17  Tu        522 0505  0.4 1118  3.4 1731  0.4 2341  3.4
18  We        522 0553  0.4 1208  3.4 1820  0.5 9999  9.9
19  Th        522 0030  3.3 0645  0.5 1301  3.2 1912  0.6
20  Fr        522 0124  3.2 0742  0.6 1400  3.1 2010  0.8
21  Sa        522 0224  3.1 0846  0.8 1504  3.0 2113  0.9
22  Su        522 0330  3.0 0955  0.9 1612  2.9 2222  1.0
23  Mo        522 0441  2.9 1104  0.9 1719  2.8 2331  1.0
24  Tu        522 0548  2.9 1208  0.9 1823  2.8 9999  9.9
25  We        522 0035  1.0 0650  2.9 1307  0.9 1922  2.8
26  Th        522 0132  1.0 0745  3.0 1400  0.9 2013  2.9
27  Fr        522 0222  0.9 0833  3.0 1447  0.8 2059  3.0
28  Sa        522 0307  0.8 0916  3.0 1529  0.8 2139  3.0
29  Su        522 0347  0.8 0956  3.0 1608  0.8 2217  3.0
30  Mo        522 0425  0.8 1034  3.0 1644  0.8 2253  3.0
31  Tu        522 0501  0.8 1111  3.0 1720  0.8 2328  3.0
 1  We        622 0538  0.8 1148  3.0 1756  0.9 9999  9.9
 2  Th        622 0004  3.0 0615  0.9 1226  2.9 1833  0.9
 3  Fr        622 0041  2.9 0654  0.9 1306  2.8 1911  1.0
 4  Sa        622 0121  2.8 0736  1.0 1348  2.8 1953  1.1
 5  Su        622 0204  2.8 0823  1.1 1435  2.7 2040  1.1
 6  Mo        622 0253  2.7 0915  1.1 1527  2.6 2133  1.2
 7  Tu        622 0349  2.7 1010  1.1 1623  2.6 2231  1.2
 8  We        622 0448  2.7 1108  1.1 1721  2.7 2331  1.1
 9  Th        622 0547  2.8 1204  1.0 1818  2.8 9999  9.9
10  Fr        622 0029  1.0 0643  2.9 1259  0.9 1912  2.9
11  Sa        622 0124  0.9 0736  3.0 1351  0.8 2005  3.0
12  Su        622 0216  0.7 0829  3.2 1443  0.7 2056  3.2
13  Mo        622 0307  0.6 0920  3.3 1535  0.6 2147  3.3
14  Tu        622 0359  0.5 1012  3.3 1626  0.5 2237  3.4
15  We        622 0450  0.4 1105  3.4 1717  0.5 2328  3.4
16  Th        622 0543  0.4 1159  3.3 1809  0.5 9999  9.9
17  Fr        622 0021  3.4 0638  0.5 1254  3.3 1903  0.6
18  Sa        622 0115  3.3 0735  0.5 1350  3.2 1959  0.7
19  Su        622 0213  3.2 0834  0.6 1449  3.1 2057  0.8
20  Mo        622 0313  3.1 0934  0.8 1548  2.9 2158  0.9
21  Tu        622 0415  3.0 1035  0.9 1648  2.9 2259  1.0
22  We        622 0516  2.9 1134  0.9 1747  2.8 9999  9.9
23  Th        622 0000  1.0 0615  2.9 1231  1.0 1845  2.8
24  Fr        622 0057  1.0 0710  2.8 1325  1.0 1939  2.8
25  Sa        622 0150  1.0 0802  2.8 1415  1.0 2028  2.8
26  Su        622 0238  1.0 0849  2.8 1501  1.0 2112  2.9
27  Mo        622 0322  0.9 0932  2.9 1543  1.0 2153  2.9
28  Tu        622 0403  0.9 1013  2.9 1622  0.9 2231  2.9
29  We        622 0442  0.9 1052  2.9 1700  0.9 2309  3.0
30  Th        622 0520  0.9 1131  2.9 1737  0.9 2345  3.0
 1  Fr        722 0557  0.9 1208  2.9 1814  0.9 9999  9.9
 2  Sa        722 0022  3.0 0635  0.9 1246  2.9 1851  0.9
 3  Su        722 0059  2.9 0714  0.9 1325  2.9 1928  1.0
 4  Mo        722 0138  2.9 0755  0.9 1405  2.8 2009  1.0
 5  Tu        722 0220  2.9 0838  1.0 1448  2.8 2054  1.0
 6  We        722 0308  2.8 0927  1.0 1537  2.8 2145  1.1
 7  Th        722 0402  2.8 1020  1.0 1632  2.7 2244  1.1
 8  Fr        722 0501  2.8 1119  1.0 1733  2.8 2347  1.0
 9  Sa        722 0604  2.9 1220  1.0 1835  2.8 9999  9.9
10  Su        722 0050  0.9 0705  2.9 1321  0.9 1936  2.9
11  Mo        722 0151  0.8 0806  3.1 1421  0.8 2035  3.1
12  Tu        722 0249  0.7 0905  3.2 1518  0.7 2131  3.2
13  We        722 0346  0.5 1001  3.3 1614  0.6 2225  3.4
14  Th        722 0440  0.4 1056  3.3 1707  0.5 2318  3.4
15  Fr        722 0534  0.4 1149  3.4 1758  0.5 9999  9.9
16  Sa        722 0009  3.4 0627  0.4 1241  3.3 1848  0.5
17  Su        722 0100  3.4 0719  0.4 1332  3.3 1939  0.6
18  Mo        722 0152  3.3 0811  0.6 1423  3.1 2030  0.7
19  Tu        722 0245  3.2 0903  0.7 1514  3.0 2123  0.8
20  We        722 0340  3.0 0957  0.9 1608  2.9 2220  1.0
21  Th        722 0436  2.9 1052  1.0 1704  2.7 2319  1.1
22  Fr        722 0535  2.7 1149  1.1 1803  2.7 9999  9.9
23  Sa        722 0019  1.2 0633  2.7 1247  1.2 1902  2.6
24  Su        722 0118  1.2 0730  2.7 1343  1.2 1958  2.7
25  Mo        722 0212  1.1 0824  2.7 1436  1.1 2048  2.7
26  Tu        722 0301  1.1 0912  2.8 1522  1.1 2132  2.8
27  We        722 0344  1.0 0955  2.8 1604  1.0 2212  2.9
28  Th        722 0424  0.9 1035  2.9 1642  0.9 2249  3.0
29  Fr        722 0501  0.8 1112  3.0 1718  0.8 2324  3.0
30  Sa        722 0537  0.8 1147  3.0 1752  0.8 2359  3.1
31  Su        722 0612  0.7 1222  3.0 1826  0.8 9999  9.9
 1  Mo        822 0033  3.1 0647  0.7 1257  3.0 1900  0.8
 2  Tu        822 0109  3.1 0724  0.8 1333  3.0 1937  0.9
 3  We        822 0148  3.0 0803  0.8 1412  2.9 2018  0.9
 4  Th        822 0231  3.0 0847  0.9 1457  2.9 2106  1.0
 5  Fr        822 0322  2.9 0939  1.0 1550  2.8 2204  1.0
 6  Sa        822 0424  2.8 1040  1.0 1655  2.8 2314  1.0
 7  Su        822 0534  2.8 1150  1.1 1807  2.8 9999  9.9
 8  Mo        822 0027  1.0 0645  2.8 1301  1.0 1918  2.9
 9  Tu        822 0137  0.9 0754  2.9 1408  0.9 2023  3.0
10  We        822 0240  0.7 0856  3.1 1509  0.7 2122  3.2
11  Th        822 0338  0.5 0953  3.2 1604  0.6 2215  3.4
12  Fr        822 0431  0.4 1045  3.3 1654  0.5 2304  3.5
13  Sa        822 0521  0.3 1134  3.4 1741  0.4 2352  3.5
14  Su        822 0608  0.3 1220  3.4 1827  0.4 9999  9.9
15  Mo        822 0038  3.5 0654  0.4 1305  3.3 1911  0.5
16  Tu        822 0124  3.3 0740  0.5 1349  3.2 1956  0.7
17  We        822 0210  3.2 0825  0.7 1434  3.0 2043  0.8
18  Th        822 0259  3.0 0913  0.9 1522  2.8 2135  1.0
19  Fr        822 0351  2.8 1004  1.1 1616  2.7 2233  1.2
20  Sa        822 0450  2.6 1103  1.2 1718  2.6 2339  1.3
21  Su        822 0554  2.5 1207  1.3 1826  2.5 9999  9.9
22  Mo        822 0046  1.3 0700  2.5 1313  1.3 1930  2.6
23  Tu        822 0146  1.2 0759  2.6 1411  1.2 2024  2.7
24  We        822 0238  1.1 0851  2.7 1500  1.1 2110  2.8
25  Th        822 0322  1.0 0934  2.8 1541  1.0 2149  2.9
26  Fr        822 0401  0.8 1012  2.9 1618  0.9 2224  3.1
27  Sa        822 0436  0.7 1047  3.0 1652  0.8 2258  3.1
28  Su        822 0510  0.7 1120  3.1 1724  0.7 2331  3.2
29  Mo        822 0544  0.6 1153  3.2 1757  0.7 9999  9.9
30  Tu        822 0005  3.2 0618  0.6 1227  3.2 1831  0.7
31  We        822 0040  3.2 0653  0.6 1302  3.1 1907  0.7
 1  Th        922 0118  3.1 0732  0.7 1340  3.0 1948  0.8
 2  Fr        922 0202  3.0 0816  0.8 1425  2.9 2036  0.9
 3  Sa        922 0253  2.9 0908  1.0 1520  2.8 2137  1.0
 4  Su        922 0358  2.8 1014  1.1 1631  2.7 2255  1.1
 5  Mo        922 0517  2.7 1133  1.1 1753  2.7 9999  9.9
 6  Tu        922 0017  1.0 0637  2.8 1252  1.1 1910  2.8
 7  We        922 0130  0.9 0748  2.9 1401  0.9 2015  3.0
 8  Th        922 0233  0.7 0849  3.1 1500  0.7 2112  3.2
 9  Fr        922 0328  0.5 0942  3.2 1551  0.6 2201  3.4
10  Sa        922 0417  0.4 1030  3.3 1637  0.4 2247  3.5
11  Su        922 0502  0.3 1113  3.4 1720  0.4 2330  3.5
12  Mo        922 0544  0.4 1154  3.4 1801  0.4 9999  9.9
13  Tu        922 0011  3.4 0625  0.4 1234  3.3 1841  0.5
14  We        922 0052  3.3 0705  0.6 1313  3.2 1921  0.7
15  Th        922 0133  3.1 0745  0.8 1353  3.0 2003  0.9
16  Fr        922 0216  2.9 0827  1.0 1436  2.8 2049  1.0
17  Sa        922 0305  2.7 0915  1.2 1527  2.6 2147  1.2
18  Su        922 0403  2.5 1014  1.3 1632  2.5 2257  1.3
19  Mo        922 0514  2.5 1126  1.4 1748  2.5 9999  9.9
20  Tu        922 0011  1.3 0626  2.5 1239  1.4 1857  2.5
21  We        922 0116  1.3 0729  2.5 1341  1.3 1953  2.7
22  Th        922 0208  1.1 0821  2.7 1430  1.1 2039  2.8
23  Fr        922 0251  1.0 0904  2.8 1510  1.0 2117  3.0
24  Sa        922 0329  0.8 0941  3.0 1546  0.8 2153  3.1
25  Su        922 0405  0.7 1015  3.1 1620  0.7 2227  3.2
26  Mo        922 0439  0.6 1049  3.2 1654  0.6 2301  3.3
27  Tu        922 0514  0.5 1123  3.3 1728  0.6 2337  3.3
28  We        922 0549  0.5 1158  3.3 1804  0.6 9999  9.9
29  Th        922 0014  3.3 0627  0.6 1235  3.2 1843  0.6
30  Fr        922 0055  3.2 0707  0.7 1316  3.1 1926  0.7
 1  Sa       1022 0141  3.1 0754  0.8 1403  3.0 2019  0.9
 2  Su       1022 0237  2.9 0849  1.0 1503  2.8 2126  1.0
 3  Mo       1022 0347  2.8 1001  1.1 1621  2.7 2249  1.1
 4  Tu       1022 0511  2.7 1125  1.2 1746  2.7 9999  9.9
 5  We       1022 0012  1.0 0631  2.7 1244  1.1 1901  2.9
 6  Th       1022 0122  0.9 0739  2.9 1350  0.9 2004  3.0
 7  Fr       1022 0221  0.7 0836  3.0 1445  0.7 2056  3.2
 8  Sa       1022 0312  0.6 0925  3.2 1533  0.6 2143  3.4
 9  Su       1022 0357  0.5 1009  3.3 1615  0.5 2225  3.4
10  Mo       1022 0439  0.4 1049  3.3 1655  0.5 2305  3.4
11  Tu       1022 0518  0.5 1127  3.3 1733  0.5 2344  3.3
12  We       1022 0555  0.5 1203  3.3 1810  0.6 9999  9.9
13  Th       1022 0021  3.2 0632  0.7 1239  3.1 1848  0.7
14  Fr       1022 0059  3.0 0708  0.8 1316  3.0 1927  0.9
15  Sa       1022 0139  2.9 0747  1.0 1356  2.8 2011  1.1
16  Su       1022 0224  2.7 0832  1.2 1444  2.7 2105  1.2
17  Mo       1022 0321  2.5 0929  1.3 1547  2.5 2215  1.3
18  Tu       1022 0431  2.4 1041  1.4 1704  2.5 2329  1.3
19  We       1022 0544  2.4 1156  1.4 1814  2.5 9999  9.9
20  Th       1022 0033  1.3 0648  2.5 1258  1.3 1911  2.6
21  Fr       1022 0127  1.1 0740  2.7 1349  1.1 1958  2.8
22  Sa       1022 0212  1.0 0824  2.8 1431  1.0 2039  3.0
23  Su       1022 0252  0.8 0903  3.0 1510  0.8 2117  3.1
24  Mo       1022 0330  0.7 0941  3.1 1547  0.7 2155  3.3
25  Tu       1022 0407  0.6 1017  3.2 1624  0.5 2233  3.3
26  We       1022 0445  0.5 1055  3.3 1702  0.5 2312  3.4
27  Th       1022 0525  0.5 1134  3.3 1742  0.5 2354  3.3
28  Fr       1022 0606  0.5 1215  3.3 1826  0.6 9999  9.9
29  Sa       1022 0040  3.2 0651  0.6 1301  3.2 1915  0.7
30  Su       1022 0131  3.1 0742  0.8 1353  3.0 2013  0.8
31  Mo       1022 0231  2.9 0842  1.0 1458  2.9 2123  0.9
 1  Tu       1122 0344  2.8 0955  1.1 1615  2.8 2243  1.0
 2  We       1122 0502  2.7 1115  1.1 1734  2.8 2358  1.0
 3  Th       1122 0615  2.8 1228  1.0 1844  2.9 9999  9.9
 4  Fr       1122 0104  0.9 0720  2.9 1331  0.9 1944  3.0
 5  Sa       1122 0201  0.8 0815  3.0 1424  0.8 2035  3.2
 6  Su       1122 0250  0.7 0903  3.1 1510  0.7 2121  3.2
 7  Mo       1122 0334  0.6 0945  3.2 1552  0.6 2202  3.3
 8  Tu       1122 0415  0.6 1024  3.2 1631  0.6 2241  3.2
 9  We       1122 0452  0.6 1101  3.2 1708  0.6 2318  3.2
10  Th       1122 0528  0.7 1136  3.2 1745  0.7 2355  3.1
11  Fr       1122 0604  0.8 1212  3.1 1822  0.8 9999  9.9
12  Sa       1122 0032  3.0 0640  0.9 1248  3.0 1900  0.9
13  Su       1122 0112  2.8 0718  1.0 1328  2.8 1943  1.0
14  Mo       1122 0155  2.7 0801  1.1 1413  2.7 2033  1.2
15  Tu       1122 0246  2.6 0852  1.2 1508  2.6 2132  1.2
16  We       1122 0346  2.5 0954  1.3 1613  2.6 2238  1.3
17  Th       1122 0452  2.5 1102  1.3 1720  2.6 2340  1.2
18  Fr       1122 0554  2.6 1204  1.3 1819  2.7 9999  9.9
19  Sa       1122 0035  1.1 0649  2.7 1259  1.1 1910  2.8
20  Su       1122 0125  1.0 0738  2.8 1347  1.0 1956  2.9
21  Mo       1122 0210  0.8 0823  3.0 1431  0.8 2041  3.1
22  Tu       1122 0254  0.7 0906  3.1 1514  0.7 2124  3.2
23  We       1122 0338  0.6 0949  3.2 1557  0.6 2208  3.3
24  Th       1122 0421  0.5 1032  3.3 1641  0.5 2254  3.4
25  Fr       1122 0506  0.5 1116  3.3 1727  0.5 2341  3.3
26  Sa       1122 0553  0.5 1203  3.3 1817  0.5 9999  9.9
27  Su       1122 0032  3.3 0642  0.6 1253  3.3 1910  0.6
28  Mo       1122 0127  3.2 0736  0.7 1349  3.1 2010  0.7
29  Tu       1122 0227  3.0 0836  0.8 1452  3.0 2116  0.8
30  We       1122 0333  2.9 0943  1.0 1601  2.9 2225  0.9
 1  Th       1222 0441  2.8 1053  1.0 1711  2.9 2333  0.9
 2  Fr       1222 0548  2.8 1200  1.0 1817  2.9 9999  9.9
 3  Sa       1222 0035  0.9 0650  2.8 1302  1.0 1916  3.0
 4  Su       1222 0133  0.9 0747  2.9 1357  0.9 2009  3.0
 5  Mo       1222 0224  0.8 0837  3.0 1446  0.8 2057  3.0
 6  Tu       1222 0310  0.8 0921  3.0 1530  0.8 2141  3.1
 7  We       1222 0352  0.8 1002  3.0 1611  0.8 2221  3.0
 8  Th       1222 0431  0.8 1040  3.1 1649  0.8 2259  3.0
 9  Fr       1222 0508  0.8 1116  3.1 1726  0.8 2337  3.0
10  Sa       1222 0544  0.8 1152  3.0 1804  0.8 9999  9.9
11  Su       1222 0014  2.9 0620  0.9 1229  3.0 1842  0.9
12  Mo       1222 0053  2.9 0658  1.0 1307  2.9 1922  1.0
13  Tu       1222 0133  2.8 0737  1.0 1347  2.8 2005  1.0
14  We       1222 0216  2.7 0820  1.1 1433  2.8 2052  1.1
15  Th       1222 0303  2.7 0909  1.2 1524  2.7 2145  1.1
16  Fr       1222 0356  2.6 1004  1.2 1621  2.7 2241  1.1
17  Sa       1222 0453  2.6 1104  1.2 1720  2.7 2338  1.1
18  Su       1222 0552  2.7 1203  1.1 1818  2.8 9999  9.9
19  Mo       1222 0034  1.0 0649  2.7 1300  1.0 1913  2.9
20  Tu       1222 0129  0.9 0743  2.9 1354  0.9 2007  3.0
21  We       1222 0222  0.8 0835  3.0 1446  0.7 2059  3.1
22  Th       1222 0313  0.7 0925  3.2 1537  0.6 2151  3.2
23  Fr       1222 0404  0.6 1015  3.3 1627  0.5 2242  3.3
24  Sa       1222 0454  0.5 1104  3.4 1719  0.4 2334  3.4
25  Su       1222 0544  0.5 1154  3.4 1811  0.4 9999  9.9
26  Mo       1222 0026  3.3 0635  0.5 1246  3.4 1904  0.4
27  Tu       1222 0119  3.3 0727  0.6 1340  3.3 2000  0.5
28  We       1222 0214  3.2 0822  0.7 1437  3.2 2058  0.7
29  Th       1222 0311  3.0 0920  0.8 1537  3.1 2157  0.8
30  Fr       1222 0410  2.9 1021  0.9 1639  3.0 2258  0.9
31  Sa       1222 0512  2.8 1125  1.0 1742  2.9 2359  1.0
