019Deep Cove
Based on data from 17-Mar-2019
Local Std Time, tidal heights in metres.
 1  Mo        724 0036  0.7 0655  1.9 1318  0.6 1932  1.9
 2  Tu        724 0149  0.6 0806  1.9 1423  0.5 2036  2.0
 3  We        724 0255  0.4 0908  2.0 1521  0.4 2132  2.1
 4  Th        724 0351  0.3 1004  2.1 1614  0.4 2223  2.2
 5  Fr        724 0441  0.2 1055  2.2 1703  0.3 2310  2.2
 6  Sa        724 0527  0.2 1140  2.2 1749  0.3 2354  2.3
 7  Su        724 0609  0.2 1222  2.3 1831  0.4 9999  9.9
 8  Mo        724 0037  2.3 0650  0.3 1302  2.2 1910  0.5
 9  Tu        724 0117  2.2 0730  0.5 1339  2.2 1946  0.6
10  We        724 0155  2.2 0809  0.6 1414  2.0 2019  0.7
11  Th        724 0230  2.1 0847  0.8 1451  1.9 2053  0.9
12  Fr        724 0306  2.0 0927  0.9 1530  1.8 2131  1.0
13  Sa        724 0345  1.8 1010  1.0 1616  1.7 2221  1.0
14  Su        724 0437  1.7 1100  1.0 1712  1.6 2326  1.0
15  Mo        724 0546  1.7 1201  1.0 1816  1.6 9999  9.9
16  Tu        724 0037  1.0 0658  1.6 1306  1.0 1920  1.7
17  We        724 0142  0.9 0759  1.7 1404  0.9 2015  1.8
18  Th        724 0236  0.7 0849  1.8 1454  0.7 2103  1.9
19  Fr        724 0323  0.6 0935  1.9 1540  0.6 2149  2.0
20  Sa        724 0408  0.4 1018  2.1 1625  0.5 2234  2.2
21  Su        724 0451  0.3 1102  2.2 1710  0.4 2318  2.3
22  Mo        724 0534  0.2 1146  2.3 1754  0.3 9999  9.9
23  Tu        724 0003  2.4 0619  0.2 1231  2.4 1839  0.3
24  We        724 0048  2.4 0705  0.2 1317  2.4 1923  0.4
25  Th        724 0134  2.4 0753  0.3 1404  2.3 2010  0.5
26  Fr        724 0221  2.4 0843  0.4 1453  2.2 2059  0.6
27  Sa        724 0312  2.2 0936  0.5 1546  2.1 2156  0.6
28  Su        724 0409  2.1 1034  0.6 1646  1.9 2302  0.7
29  Mo        724 0518  1.9 1139  0.7 1754  1.9 9999  9.9
30  Tu        724 0016  0.7 0635  1.9 1251  0.7 1906  1.9
31  We        724 0130  0.6 0749  1.9 1401  0.7 2013  1.9
 1  Th        824 0237  0.5 0853  1.9 1503  0.6 2112  2.0
 2  Fr        824 0333  0.4 0948  2.0 1558  0.5 2204  2.1
 3  Sa        824 0422  0.3 1036  2.1 1646  0.4 2251  2.2
 4  Su        824 0506  0.3 1119  2.2 1729  0.4 2335  2.2
 5  Mo        824 0548  0.3 1159  2.2 1808  0.4 9999  9.9
 6  Tu        824 0015  2.2 0627  0.4 1236  2.2 1844  0.5
 7  We        824 0052  2.2 0705  0.5 1312  2.1 1916  0.6
 8  Th        824 0126  2.2 0741  0.6 1345  2.0 1948  0.7
 9  Fr        824 0159  2.1 0815  0.7 1418  2.0 2021  0.8
10  Sa        824 0232  2.0 0848  0.8 1452  1.9 2058  0.9
11  Su        824 0308  1.9 0924  0.9 1530  1.8 2143  1.0
12  Mo        824 0354  1.8 1007  1.0 1616  1.8 2239  1.0
13  Tu        824 0454  1.7 1101  1.0 1714  1.7 2344  0.9
14  We        824 0605  1.7 1208  1.0 1823  1.7 9999  9.9
15  Th        824 0051  0.8 0713  1.7 1318  0.9 1931  1.8
16  Fr        824 0155  0.7 0812  1.8 1418  0.7 2031  1.9
17  Sa        824 0251  0.6 0905  1.9 1512  0.6 2123  2.0
18  Su        824 0342  0.4 0954  2.1 1602  0.4 2212  2.2
19  Mo        824 0430  0.3 1042  2.2 1650  0.3 2259  2.3
20  Tu        824 0516  0.2 1128  2.3 1736  0.3 2345  2.4
21  We        824 0602  0.1 1214  2.4 1821  0.2 9999  9.9
22  Th        824 0031  2.5 0649  0.2 1300  2.4 1907  0.3
23  Fr        824 0118  2.5 0737  0.2 1347  2.3 1953  0.4
24  Sa        824 0205  2.4 0825  0.4 1434  2.2 2043  0.5
25  Su        824 0256  2.3 0914  0.5 1525  2.1 2139  0.6
26  Mo        824 0352  2.1 1008  0.7 1620  2.0 2243  0.6
27  Tu        824 0458  1.9 1111  0.8 1725  1.9 2354  0.7
28  We        824 0614  1.8 1225  0.8 1838  1.9 9999  9.9
29  Th        824 0107  0.6 0728  1.8 1339  0.8 1950  1.9
30  Fr        824 0214  0.6 0833  1.9 1444  0.7 2052  1.9
31  Sa        824 0312  0.5 0927  1.9 1539  0.5 2145  2.0
 1  Su        924 0401  0.4 1014  2.0 1625  0.5 2231  2.1
 2  Mo        924 0446  0.4 1057  2.1 1706  0.4 2312  2.1
 3  Tu        924 0526  0.4 1136  2.1 1743  0.5 2350  2.2
 4  We        924 0604  0.4 1212  2.1 1817  0.5 9999  9.9
 5  Th        924 0025  2.2 0639  0.5 1245  2.1 1849  0.6
 6  Fr        924 0058  2.2 0711  0.6 1316  2.1 1921  0.7
 7  Sa        924 0130  2.1 0742  0.7 1346  2.1 1954  0.7
 8  Su        924 0203  2.1 0813  0.8 1418  2.0 2030  0.8
 9  Mo        924 0239  2.0 0847  0.9 1453  2.0 2112  0.8
10  Tu        924 0321  1.9 0927  0.9 1535  1.9 2201  0.9
11  We        924 0413  1.8 1018  0.9 1628  1.8 2259  0.9
12  Th        924 0518  1.7 1123  0.9 1737  1.8 9999  9.9
13  Fr        924 0007  0.8 0629  1.7 1236  0.9 1853  1.8
14  Sa        924 0117  0.7 0737  1.8 1345  0.7 2001  1.9
15  Su        924 0222  0.6 0837  1.9 1446  0.6 2059  2.0
16  Mo        924 0319  0.4 0932  2.0 1540  0.4 2151  2.2
17  Tu        924 0410  0.3 1022  2.2 1630  0.3 2240  2.3
18  We        924 0458  0.1 1110  2.3 1718  0.2 2328  2.4
19  Th        924 0545  0.1 1157  2.4 1804  0.2 9999  9.9
20  Fr        924 0015  2.5 0632  0.1 1243  2.4 1851  0.2
21  Sa        924 0102  2.5 0719  0.2 1329  2.4 1939  0.3
22  Su        924 0151  2.4 0805  0.4 1415  2.3 2029  0.4
23  Mo        924 0241  2.2 0853  0.5 1503  2.2 2123  0.5
24  Tu        924 0336  2.1 0945  0.7 1556  2.1 2223  0.6
25  We        924 0438  1.9 1045  0.8 1657  1.9 2328  0.7
26  Th        924 0548  1.8 1157  0.9 1809  1.8 9999  9.9
27  Fr        924 0037  0.7 0659  1.8 1313  0.8 1924  1.8
28  Sa        924 0146  0.7 0805  1.8 1420  0.7 2029  1.8
29  Su        924 0248  0.6 0902  1.8 1515  0.7 2122  1.9
30  Mo        924 0340  0.5 0951  1.9 1601  0.6 2207  2.0
 1  Tu       1024 0424  0.5 1034  1.9 1641  0.6 2246  2.0
 2  We       1024 0503  0.5 1112  2.0 1717  0.5 2323  2.1
 3  Th       1024 0538  0.5 1145  2.0 1750  0.6 2357  2.1
 4  Fr       1024 0610  0.5 1216  2.1 1823  0.6 9999  9.9
 5  Sa       1024 0031  2.2 0640  0.6 1245  2.1 1855  0.6
 6  Su       1024 0104  2.1 0710  0.6 1315  2.2 1929  0.6
 7  Mo       1024 0138  2.1 0742  0.7 1348  2.1 2004  0.7
 8  Tu       1024 0213  2.1 0818  0.8 1424  2.1 2044  0.7
 9  We       1024 0253  2.0 0859  0.8 1506  2.0 2130  0.8
10  Th       1024 0341  1.9 0948  0.9 1557  1.9 2226  0.8
11  Fr       1024 0441  1.8 1050  0.9 1702  1.8 2332  0.8
12  Sa       1024 0552  1.8 1202  0.8 1819  1.8 9999  9.9
13  Su       1024 0046  0.7 0705  1.8 1315  0.7 1932  1.9
14  Mo       1024 0156  0.6 0812  1.9 1420  0.6 2034  2.0
15  Tu       1024 0257  0.4 0910  2.0 1518  0.4 2129  2.2
16  We       1024 0350  0.3 1003  2.1 1610  0.3 2221  2.3
17  Th       1024 0440  0.1 1052  2.3 1700  0.2 2311  2.4
18  Fr       1024 0527  0.1 1139  2.4 1749  0.1 9999  9.9
19  Sa       1024 0000  2.4 0614  0.1 1225  2.4 1836  0.2
20  Su       1024 0048  2.4 0700  0.2 1310  2.4 1925  0.2
21  Mo       1024 0137  2.3 0747  0.4 1356  2.3 2014  0.3
22  Tu       1024 0226  2.2 0834  0.6 1443  2.2 2104  0.5
23  We       1024 0317  2.1 0924  0.7 1533  2.1 2158  0.6
24  Th       1024 0412  1.9 1020  0.8 1630  1.9 2256  0.7
25  Fr       1024 0513  1.8 1125  0.9 1737  1.8 9999  9.9
26  Sa       1024 0002  0.8 0621  1.7 1237  0.9 1852  1.8
27  Su       1024 0114  0.8 0730  1.7 1346  0.9 1959  1.8
28  Mo       1024 0221  0.8 0835  1.7 1445  0.8 2054  1.8
29  Tu       1024 0316  0.7 0927  1.8 1534  0.7 2139  1.9
30  We       1024 0359  0.6 1009  1.8 1615  0.7 2219  2.0
31  Th       1024 0436  0.5 1043  1.9 1650  0.6 2255  2.0
 1  Fr       1124 0508  0.5 1114  2.0 1724  0.5 2331  2.1
 2  Sa       1124 0538  0.5 1143  2.1 1756  0.5 9999  9.9
 3  Su       1124 0004  2.1 0609  0.6 1214  2.2 1829  0.5
 4  Mo       1124 0038  2.2 0641  0.6 1247  2.2 1903  0.5
 5  Tu       1124 0113  2.2 0716  0.6 1323  2.2 1939  0.6
 6  We       1124 0149  2.2 0754  0.7 1402  2.2 2019  0.6
 7  Th       1124 0229  2.1 0837  0.7 1445  2.1 2106  0.7
 8  Fr       1124 0316  2.0 0925  0.8 1535  2.0 2201  0.7
 9  Sa       1124 0414  1.9 1023  0.8 1636  1.9 2306  0.7
10  Su       1124 0523  1.8 1132  0.8 1748  1.9 9999  9.9
11  Mo       1124 0018  0.7 0637  1.8 1245  0.7 1903  1.9
12  Tu       1124 0130  0.6 0746  1.9 1354  0.6 2010  2.0
13  We       1124 0234  0.4 0848  2.0 1456  0.4 2109  2.1
14  Th       1124 0330  0.3 0942  2.1 1552  0.3 2203  2.2
15  Fr       1124 0421  0.2 1032  2.2 1645  0.2 2256  2.3
16  Sa       1124 0509  0.2 1120  2.3 1734  0.1 2346  2.4
17  Su       1124 0557  0.2 1206  2.4 1822  0.1 9999  9.9
18  Mo       1124 0035  2.4 0643  0.3 1252  2.4 1909  0.2
19  Tu       1124 0122  2.3 0729  0.4 1337  2.3 1955  0.3
20  We       1124 0208  2.2 0815  0.5 1423  2.2 2042  0.5
21  Th       1124 0254  2.1 0901  0.7 1511  2.1 2131  0.6
22  Fr       1124 0341  2.0 0950  0.8 1601  2.0 2223  0.8
23  Sa       1124 0434  1.8 1046  0.9 1700  1.8 2323  0.9
24  Su       1124 0537  1.7 1151  1.0 1808  1.7 9999  9.9
25  Mo       1124 0034  0.9 0650  1.6 1302  1.0 1918  1.7
26  Tu       1124 0145  0.9 0801  1.6 1408  0.9 2018  1.7
27  We       1124 0243  0.8 0856  1.7 1502  0.8 2107  1.8
28  Th       1124 0327  0.7 0935  1.8 1545  0.7 2149  1.9
29  Fr       1124 0402  0.7 1008  1.9 1621  0.6 2227  1.9
30  Sa       1124 0435  0.6 1039  2.0 1654  0.5 2302  2.0
 1  Su       1224 0506  0.6 1111  2.1 1728  0.4 2337  2.1
 2  Mo       1224 0540  0.5 1146  2.2 1802  0.4 9999  9.9
 3  Tu       1224 0012  2.2 0615  0.5 1223  2.3 1838  0.4
 4  We       1224 0048  2.3 0654  0.5 1302  2.3 1917  0.5
 5  Th       1224 0127  2.3 0734  0.5 1343  2.3 2000  0.5
 6  Fr       1224 0210  2.2 0818  0.6 1427  2.2 2047  0.6
 7  Sa       1224 0258  2.1 0906  0.7 1516  2.1 2142  0.6
 8  Su       1224 0354  2.0 1001  0.7 1613  2.0 2243  0.7
 9  Mo       1224 0458  1.9 1106  0.8 1722  2.0 2352  0.6
10  Tu       1224 0609  1.8 1218  0.7 1836  1.9 9999  9.9
11  We       1224 0103  0.6 0719  1.9 1330  0.6 1947  2.0
12  Th       1224 0210  0.5 0824  1.9 1436  0.5 2051  2.0
13  Fr       1224 0309  0.4 0921  2.1 1536  0.3 2148  2.1
14  Sa       1224 0402  0.3 1013  2.2 1630  0.2 2242  2.2
15  Su       1224 0452  0.2 1101  2.3 1719  0.1 2333  2.3
16  Mo       1224 0541  0.2 1148  2.4 1806  0.1 9999  9.9
17  Tu       1224 0020  2.3 0627  0.3 1234  2.4 1851  0.2
18  We       1224 0104  2.3 0712  0.4 1319  2.3 1935  0.3
19  Th       1224 0146  2.2 0754  0.5 1403  2.2 2018  0.5
20  Fr       1224 0228  2.1 0836  0.7 1446  2.1 2103  0.7
21  Sa       1224 0310  2.0 0917  0.8 1530  2.0 2149  0.8
22  Su       1224 0356  1.8 1003  0.9 1617  1.9 2241  0.9
23  Mo       1224 0451  1.7 1059  1.0 1715  1.7 2343  1.0
24  Tu       1224 0558  1.6 1208  1.1 1826  1.7 9999  9.9
25  We       1224 0052  1.0 0709  1.6 1320  1.0 1934  1.7
26  Th       1224 0155  0.9 0807  1.6 1420  0.9 2030  1.7
27  Fr       1224 0244  0.9 0850  1.7 1507  0.8 2116  1.8
28  Sa       1224 0323  0.8 0927  1.8 1546  0.6 2155  1.9
29  Su       1224 0359  0.7 1004  2.0 1622  0.5 2232  2.0
30  Mo       1224 0435  0.6 1041  2.1 1659  0.4 2309  2.1
31  Tu       1224 0513  0.5 1121  2.2 1737  0.4 2347  2.2
 1  We        125 0553  0.4 1201  2.3 1816  0.4 9999  9.9
 2  Th        125 0026  2.3 0634  0.4 1243  2.4 1858  0.4
 3  Fr        125 0108  2.3 0716  0.4 1326  2.4 1943  0.4
 4  Sa        125 0153  2.3 0800  0.5 1411  2.3 2031  0.5
 5  Su        125 0241  2.2 0848  0.6 1459  2.2 2123  0.5
 6  Mo        125 0334  2.1 0941  0.7 1553  2.1 2221  0.6
 7  Tu        125 0433  2.0 1043  0.7 1658  2.0 2325  0.6
 8  We        125 0540  1.9 1154  0.7 1812  1.9 9999  9.9
 9  Th        125 0036  0.6 0651  1.9 1308  0.6 1927  1.9
10  Fr        125 0145  0.6 0759  1.9 1419  0.5 2035  2.0
11  Sa        125 0248  0.5 0900  2.0 1520  0.3 2135  2.0
12  Su        125 0345  0.4 0954  2.1 1614  0.2 2228  2.1
13  Mo        125 0437  0.3 1044  2.2 1702  0.1 2316  2.2
14  Tu        125 0525  0.3 1131  2.3 1747  0.1 9999  9.9
15  We        125 0001  2.3 0610  0.3 1217  2.3 1831  0.2
16  Th        125 0043  2.3 0651  0.4 1300  2.3 1913  0.4
17  Fr        125 0122  2.2 0730  0.5 1340  2.2 1954  0.5
18  Sa        125 0201  2.1 0807  0.6 1419  2.1 2035  0.7
19  Su        125 0240  2.0 0844  0.8 1456  2.0 2115  0.8
20  Mo        125 0320  1.9 0924  0.9 1536  1.9 2157  0.9
21  Tu        125 0405  1.8 1012  1.0 1624  1.8 2245  1.0
22  We        125 0457  1.7 1112  1.0 1729  1.7 2343  1.0
23  Th        125 0558  1.6 1221  1.0 1842  1.6 9999  9.9
24  Fr        125 0049  1.0 0701  1.6 1326  0.9 1945  1.7
25  Sa        125 0150  1.0 0757  1.7 1420  0.8 2036  1.7
26  Su        125 0239  0.8 0846  1.8 1508  0.6 2119  1.8
27  Mo        125 0324  0.7 0931  1.9 1551  0.5 2201  2.0
28  Tu        125 0406  0.6 1015  2.1 1632  0.4 2242  2.1
29  We        125 0449  0.4 1058  2.2 1714  0.3 2324  2.2
30  Th        125 0532  0.4 1141  2.3 1756  0.3 9999  9.9
31  Fr        125 0007  2.3 0615  0.3 1225  2.4 1841  0.3
 1  Sa        225 0052  2.4 0659  0.4 1309  2.4 1926  0.3
 2  Su        225 0137  2.3 0743  0.4 1354  2.4 2014  0.4
 3  Mo        225 0224  2.3 0831  0.5 1442  2.3 2104  0.5
 4  Tu        225 0314  2.1 0923  0.6 1535  2.2 2158  0.6
 5  We        225 0409  2.0 1024  0.6 1638  2.0 2258  0.7
 6  Th        225 0512  1.9 1134  0.7 1752  1.9 9999  9.9
 7  Fr        225 0008  0.7 0622  1.9 1248  0.6 1909  1.8
 8  Sa        225 0122  0.7 0734  1.9 1400  0.5 2019  1.9
 9  Su        225 0230  0.6 0839  2.0 1503  0.4 2119  2.0
10  Mo        225 0329  0.5 0936  2.1 1556  0.3 2211  2.1
11  Tu        225 0421  0.4 1027  2.2 1644  0.2 2257  2.2
12  We        225 0507  0.3 1114  2.2 1728  0.2 2340  2.2
13  Th        225 0550  0.3 1157  2.3 1811  0.3 9999  9.9
14  Fr        225 0020  2.2 0629  0.4 1238  2.3 1851  0.4
15  Sa        225 0059  2.2 0705  0.5 1315  2.2 1929  0.5
16  Su        225 0135  2.1 0740  0.7 1350  2.1 2005  0.7
17  Mo        225 0210  2.0 0814  0.8 1424  2.0 2039  0.8
18  Tu        225 0245  1.9 0851  0.9 1500  1.9 2114  0.9
19  We        225 0320  1.9 0933  0.9 1543  1.8 2153  1.0
20  Th        225 0400  1.8 1023  1.0 1637  1.7 2241  1.0
21  Fr        225 0451  1.7 1122  1.0 1744  1.7 2344  1.0
22  Sa        225 0555  1.7 1227  0.9 1851  1.7 9999  9.9
23  Su        225 0053  1.0 0705  1.7 1331  0.8 1950  1.7
24  Mo        225 0155  0.9 0808  1.8 1429  0.7 2043  1.8
25  Tu        225 0249  0.7 0901  1.9 1521  0.5 2131  2.0
26  We        225 0339  0.5 0950  2.1 1608  0.4 2218  2.1
27  Th        225 0426  0.4 1036  2.2 1653  0.3 2304  2.2
28  Fr        225 0512  0.3 1121  2.4 1738  0.2 2350  2.3
 1  Sa        325 0557  0.3 1206  2.4 1823  0.2 9999  9.9
 2  Su        325 0035  2.4 0642  0.3 1252  2.5 1909  0.2
 3  Mo        325 0120  2.4 0727  0.3 1338  2.4 1956  0.3
 4  Tu        325 0206  2.3 0815  0.4 1427  2.3 2044  0.5
 5  We        325 0254  2.2 0907  0.5 1520  2.2 2135  0.6
 6  Th        325 0346  2.1 1007  0.6 1621  2.0 2233  0.7
 7  Fr        325 0445  2.0 1114  0.6 1733  1.9 2342  0.8
 8  Sa        325 0555  1.9 1226  0.6 1849  1.8 9999  9.9
 9  Su        325 0059  0.8 0711  1.9 1338  0.6 1958  1.8
10  Mo        325 0210  0.7 0820  1.9 1442  0.5 2058  1.9
11  Tu        325 0310  0.6 0918  2.0 1537  0.4 2150  2.0
12  We        325 0401  0.5 1009  2.1 1625  0.3 2236  2.1
13  Th        325 0447  0.4 1054  2.1 1709  0.3 2319  2.1
14  Fr        325 0527  0.4 1135  2.2 1750  0.3 2358  2.1
15  Sa        325 0605  0.5 1213  2.2 1827  0.4 9999  9.9
16  Su        325 0035  2.1 0640  0.5 1249  2.2 1902  0.5
17  Mo        325 0108  2.1 0714  0.6 1323  2.1 1933  0.6
18  Tu        325 0139  2.1 0747  0.7 1356  2.1 2004  0.8
19  We        325 0209  2.0 0821  0.8 1430  2.0 2036  0.9
20  Th        325 0241  2.0 0859  0.8 1508  1.9 2112  0.9
21  Fr        325 0317  1.9 0942  0.9 1553  1.8 2156  1.0
22  Sa        325 0403  1.8 1034  0.9 1650  1.7 2253  1.0
23  Su        325 0504  1.8 1137  0.9 1758  1.7 9999  9.9
24  Mo        325 0003  0.9 0619  1.7 1247  0.8 1906  1.7
25  Tu        325 0114  0.8 0732  1.8 1354  0.7 2009  1.8
26  We        325 0217  0.7 0832  1.9 1453  0.5 2105  1.9
27  Th        325 0313  0.5 0925  2.1 1545  0.4 2156  2.1
28  Fr        325 0404  0.4 1014  2.2 1633  0.2 2245  2.2
29  Sa        325 0452  0.3 1102  2.4 1719  0.1 2331  2.3
30  Su        325 0539  0.2 1149  2.5 1805  0.1 9999  9.9
31  Mo        325 0017  2.4 0625  0.2 1236  2.5 1851  0.2
 1  Tu        425 0102  2.4 0712  0.2 1324  2.4 1938  0.3
 2  We        425 0147  2.4 0801  0.3 1413  2.3 2025  0.5
 3  Th        425 0234  2.3 0853  0.4 1506  2.2 2115  0.6
 4  Fr        425 0325  2.1 0950  0.5 1604  2.0 2211  0.8
 5  Sa        425 0422  2.0 1052  0.6 1710  1.9 2318  0.8
 6  Su        425 0530  1.9 1200  0.7 1820  1.8 9999  9.9
 7  Mo        425 0033  0.8 0646  1.8 1311  0.7 1930  1.8
 8  Tu        425 0145  0.7 0758  1.8 1419  0.6 2033  1.8
 9  We        425 0246  0.7 0857  1.9 1516  0.5 2128  1.9
10  Th        425 0339  0.6 0947  2.0 1605  0.5 2216  1.9
11  Fr        425 0425  0.5 1031  2.0 1648  0.4 2258  2.0
12  Sa        425 0505  0.5 1111  2.1 1726  0.4 2335  2.0
13  Su        425 0542  0.5 1148  2.1 1800  0.5 9999  9.9
14  Mo        425 0007  2.1 0615  0.5 1223  2.1 1832  0.5
15  Tu        425 0037  2.1 0648  0.6 1256  2.1 1902  0.6
16  We        425 0106  2.1 0719  0.6 1329  2.1 1932  0.7
17  Th        425 0136  2.1 0752  0.7 1402  2.1 2004  0.8
18  Fr        425 0209  2.1 0828  0.7 1437  2.0 2040  0.8
19  Sa        425 0247  2.0 0909  0.8 1518  1.9 2123  0.9
20  Su        425 0332  1.9 0958  0.8 1609  1.8 2217  0.9
21  Mo        425 0429  1.9 1059  0.8 1715  1.8 2324  0.9
22  Tu        425 0541  1.8 1210  0.8 1829  1.8 9999  9.9
23  We        425 0037  0.8 0657  1.8 1322  0.7 1939  1.8
24  Th        425 0146  0.7 0803  1.9 1426  0.5 2040  1.9
25  Fr        425 0247  0.5 0900  2.1 1521  0.4 2135  2.1
26  Sa        425 0342  0.4 0953  2.2 1612  0.2 2224  2.2
27  Su        425 0433  0.2 1043  2.3 1700  0.1 2312  2.3
28  Mo        425 0522  0.2 1133  2.4 1747  0.1 2358  2.4
29  Tu        425 0610  0.1 1222  2.4 1834  0.2 9999  9.9
30  We        425 0044  2.4 0658  0.2 1311  2.4 1921  0.3
 1  Th        525 0130  2.4 0747  0.2 1400  2.3 2008  0.5
 2  Fr        525 0216  2.3 0837  0.4 1450  2.2 2057  0.6
 3  Sa        525 0306  2.2 0930  0.5 1543  2.0 2150  0.7
 4  Su        525 0400  2.0 1026  0.7 1640  1.9 2251  0.8
 5  Mo        525 0504  1.9 1129  0.8 1745  1.8 9999  9.9
 6  Tu        525 0000  0.9 0617  1.8 1240  0.8 1856  1.7
 7  We        525 0112  0.8 0730  1.8 1352  0.8 2006  1.7
 8  Th        525 0219  0.8 0831  1.8 1453  0.7 2106  1.8
 9  Fr        525 0315  0.7 0922  1.9 1542  0.6 2154  1.8
10  Sa        525 0402  0.6 1006  1.9 1623  0.5 2233  1.9
11  Su        525 0441  0.6 1046  2.0 1659  0.5 2305  2.0
12  Mo        525 0516  0.5 1122  2.1 1731  0.5 2335  2.1
13  Tu        525 0548  0.5 1157  2.1 1801  0.6 9999  9.9
14  We        525 0004  2.1 0619  0.5 1229  2.1 1831  0.6
15  Th        525 0035  2.2 0651  0.5 1301  2.2 1903  0.6
16  Fr        525 0108  2.2 0724  0.6 1334  2.2 1937  0.7
17  Sa        525 0144  2.2 0801  0.6 1410  2.1 2015  0.7
18  Su        525 0224  2.1 0843  0.7 1451  2.0 2059  0.8
19  Mo        525 0309  2.0 0932  0.7 1542  1.9 2150  0.8
20  Tu        525 0403  2.0 1031  0.8 1645  1.8 2253  0.8
21  We        525 0509  1.9 1139  0.7 1757  1.8 9999  9.9
22  Th        525 0006  0.8 0624  1.9 1251  0.7 1909  1.8
23  Fr        525 0118  0.7 0735  1.9 1359  0.5 2014  1.9
24  Sa        525 0223  0.5 0837  2.0 1458  0.4 2112  2.0
25  Su        525 0322  0.4 0934  2.2 1551  0.3 2204  2.2
26  Mo        525 0416  0.2 1027  2.3 1641  0.2 2252  2.3
27  Tu        525 0507  0.1 1119  2.3 1730  0.2 2340  2.4
28  We        525 0556  0.1 1209  2.4 1818  0.2 9999  9.9
29  Th        525 0026  2.4 0643  0.1 1257  2.4 1905  0.3
30  Fr        525 0113  2.4 0731  0.2 1344  2.3 1951  0.4
31  Sa        525 0200  2.3 0818  0.4 1430  2.2 2037  0.6
 1  Su        625 0247  2.2 0907  0.5 1517  2.1 2126  0.7
 2  Mo        625 0338  2.1 0959  0.7 1608  1.9 2219  0.8
 3  Tu        625 0433  1.9 1057  0.8 1708  1.8 2322  0.9
 4  We        625 0539  1.8 1204  0.9 1819  1.7 9999  9.9
 5  Th        625 0034  0.9 0651  1.7 1317  0.9 1935  1.7
 6  Fr        625 0146  0.9 0758  1.7 1422  0.8 2038  1.7
 7  Sa        625 0247  0.8 0853  1.8 1513  0.7 2124  1.8
 8  Su        625 0334  0.7 0939  1.8 1553  0.7 2159  1.8
 9  Mo        625 0412  0.6 1019  1.9 1627  0.6 2230  1.9
10  Tu        625 0446  0.5 1054  2.0 1658  0.6 2301  2.1
11  We        625 0518  0.5 1127  2.1 1730  0.6 2333  2.2
12  Th        625 0550  0.4 1200  2.2 1802  0.6 9999  9.9
13  Fr        625 0008  2.2 0623  0.4 1233  2.2 1837  0.5
14  Sa        625 0045  2.3 0700  0.5 1308  2.2 1914  0.6
15  Su        625 0124  2.3 0739  0.5 1347  2.2 1954  0.6
16  Mo        625 0205  2.2 0823  0.6 1431  2.1 2039  0.7
17  Tu        625 0249  2.2 0912  0.6 1522  2.0 2129  0.7
18  We        625 0340  2.1 1008  0.7 1621  1.9 2229  0.8
19  Th        625 0442  2.0 1112  0.7 1728  1.9 2338  0.8
20  Fr        625 0555  1.9 1222  0.6 1839  1.8 9999  9.9
21  Sa        625 0051  0.7 0709  1.9 1331  0.6 1947  1.9
22  Su        625 0201  0.5 0816  2.0 1435  0.5 2048  2.0
23  Mo        625 0304  0.4 0918  2.1 1532  0.4 2143  2.1
24  Tu        625 0400  0.2 1014  2.2 1624  0.3 2234  2.3
25  We        625 0452  0.1 1106  2.3 1715  0.2 2322  2.4
26  Th        625 0540  0.1 1155  2.3 1803  0.2 9999  9.9
27  Fr        625 0010  2.4 0627  0.1 1241  2.3 1849  0.3
28  Sa        625 0057  2.4 0713  0.2 1325  2.3 1933  0.4
29  Su        625 0142  2.3 0758  0.4 1407  2.2 2016  0.5
30  Mo        625 0227  2.2 0844  0.6 1451  2.1 2059  0.7
