028Dunedin
Based on data from  1-Jan-2007
Local Std Time, tidal heights in metres.
 1  Fr        116 0313  0.4 0900  1.8 1541  0.4 2127  1.8
 2  Sa        116 0401  0.4 0951  1.8 1630  0.4 2219  1.8
 3  Su        116 0451  0.4 1042  1.8 1720  0.4 2308  1.8
 4  Mo        116 0541  0.5 1132  1.8 1809  0.4 2356  1.8
 5  Tu        116 0633  0.4 1219  1.8 1858  0.4 9999  9.9
 6  We        116 0041  1.8 0724  0.4 1304  1.8 1945  0.3
 7  Th        116 0126  1.9 0813  0.3 1347  1.9 2032  0.3
 8  Fr        116 0210  2.0 0901  0.3 1430  1.9 2119  0.2
 9  Sa        116 0254  2.0 0947  0.2 1514  2.0 2205  0.2
10  Su        116 0339  2.1 1033  0.2 1559  2.0 2252  0.1
11  Mo        116 0425  2.1 1120  0.2 1645  2.1 2340  0.1
12  Tu        116 0513  2.2 1207  0.1 1733  2.1 9999  9.9
13  We        116 0029  0.1 0601  2.2 1256  0.1 1824  2.1
14  Th        116 0120  0.1 0652  2.2 1348  0.2 1917  2.1
15  Fr        116 0213  0.1 0746  2.1 1442  0.2 2014  2.1
16  Sa        116 0308  0.1 0843  2.1 1539  0.2 2113  2.1
17  Su        116 0406  0.2 0943  2.1 1638  0.2 2214  2.1
18  Mo        116 0506  0.2 1044  2.0 1737  0.2 2315  2.1
19  Tu        116 0607  0.2 1145  2.1 1835  0.1 9999  9.9
20  We        116 0013  2.1 0707  0.2 1242  2.1 1932  0.1
21  Th        116 0110  2.1 0803  0.1 1336  2.1 2026  0.1
22  Fr        116 0203  2.2 0856  0.1 1427  2.1 2117  0.1
23  Sa        116 0255  2.2 0946  0.1 1516  2.1 2207  0.1
24  Su        116 0344  2.2 1034  0.1 1603  2.1 2254  0.1
25  Mo        116 0431  2.1 1119  0.2 1649  2.1 2339  0.1
26  Tu        116 0516  2.1 1202  0.2 1735  2.0 9999  9.9
27  We        116 0023  0.2 0600  2.0 1245  0.3 1819  1.9
28  Th        116 0106  0.3 0643  1.9 1327  0.3 1904  1.9
29  Fr        116 0148  0.3 0727  1.9 1410  0.4 1950  1.8
30  Sa        116 0231  0.4 0812  1.8 1456  0.4 2038  1.8
31  Su        116 0316  0.4 0900  1.7 1543  0.5 2127  1.7
 1  Mo        216 0405  0.5 0951  1.7 1634  0.5 2218  1.7
 2  Tu        216 0458  0.5 1044  1.7 1727  0.5 2310  1.8
 3  We        216 0554  0.5 1136  1.7 1819  0.4 9999  9.9
 4  Th        216 0000  1.8 0649  0.4 1226  1.8 1911  0.4
 5  Fr        216 0050  1.9 0741  0.4 1314  1.9 2001  0.3
 6  Sa        216 0139  2.0 0831  0.3 1401  2.0 2051  0.2
 7  Su        216 0227  2.1 0920  0.2 1448  2.1 2140  0.1
 8  Mo        216 0314  2.2 1007  0.1 1535  2.1 2229  0.1
 9  Tu        216 0402  2.2 1055  0.1 1623  2.2 2318  0.0
10  We        216 0451  2.3 1144  0.0 1713  2.2 9999  9.9
11  Th        216 0008  0.0 0541  2.3 1234  0.0 1804  2.2
12  Fr        216 0100  0.0 0632  2.2 1326  0.1 1858  2.2
13  Sa        216 0153  0.0 0726  2.2 1421  0.1 1955  2.2
14  Su        216 0249  0.1 0824  2.1 1519  0.1 2055  2.1
15  Mo        216 0348  0.1 0925  2.0 1618  0.2 2156  2.1
16  Tu        216 0449  0.2 1027  2.0 1719  0.2 2258  2.1
17  We        216 0551  0.2 1129  2.0 1818  0.2 2358  2.1
18  Th        216 0650  0.2 1226  2.0 1914  0.1 9999  9.9
19  Fr        216 0054  2.1 0746  0.2 1320  2.0 2008  0.1
20  Sa        216 0147  2.1 0837  0.2 1410  2.1 2058  0.1
21  Su        216 0236  2.1 0924  0.2 1456  2.1 2145  0.1
22  Mo        216 0322  2.1 1009  0.2 1541  2.1 2229  0.2
23  Tu        216 0406  2.1 1050  0.2 1623  2.0 2311  0.2
24  We        216 0447  2.0 1131  0.2 1705  2.0 2352  0.2
25  Th        216 0527  2.0 1210  0.3 1745  1.9 9999  9.9
26  Fr        216 0031  0.3 0606  1.9 1249  0.3 1826  1.9
27  Sa        216 0111  0.3 0646  1.9 1330  0.4 1907  1.8
28  Su        216 0151  0.4 0727  1.8 1413  0.4 1951  1.8
29  Mo        216 0235  0.5 0812  1.7 1500  0.5 2039  1.7
 1  Tu        316 0324  0.5 0903  1.7 1551  0.5 2131  1.7
 2  We        316 0418  0.5 0958  1.7 1646  0.5 2226  1.8
 3  Th        316 0516  0.5 1055  1.7 1742  0.4 2321  1.8
 4  Fr        316 0614  0.4 1150  1.8 1837  0.4 9999  9.9
 5  Sa        316 0016  1.9 0709  0.3 1242  1.9 1930  0.3
 6  Su        316 0108  2.0 0801  0.2 1333  2.0 2022  0.2
 7  Mo        316 0159  2.1 0852  0.1 1422  2.1 2114  0.1
 8  Tu        316 0249  2.2 0941  0.1 1511  2.2 2204  0.0
 9  We        316 0339  2.3 1030  0.0 1601  2.3 2255 -0.1
10  Th        316 0429  2.3 1120  0.0 1652  2.3 2347 -0.1
11  Fr        316 0519  2.3 1211  0.0 1744  2.3 9999  9.9
12  Sa        316 0040 -0.1 0612  2.3 1305  0.0 1839  2.3
13  Su        316 0134  0.0 0707  2.2 1400  0.1 1936  2.2
14  Mo        316 0231  0.0 0805  2.1 1459  0.1 2036  2.1
15  Tu        316 0330  0.1 0906  2.0 1559  0.2 2138  2.1
16  We        316 0431  0.2 1010  2.0 1659  0.2 2240  2.0
17  Th        316 0532  0.2 1112  2.0 1758  0.2 2340  2.0
18  Fr        316 0630  0.2 1209  2.0 1853  0.2 9999  9.9
19  Sa        316 0036  2.0 0724  0.2 1301  2.0 1946  0.2
20  Su        316 0127  2.0 0813  0.2 1349  2.0 2034  0.2
21  Mo        316 0214  2.0 0858  0.2 1434  2.0 2119  0.2
22  Tu        316 0258  2.0 0940  0.2 1516  2.0 2201  0.2
23  We        316 0338  2.0 1020  0.2 1556  2.0 2241  0.2
24  Th        316 0417  2.0 1058  0.3 1634  2.0 2320  0.3
25  Fr        316 0454  1.9 1136  0.3 1712  1.9 2359  0.3
26  Sa        316 0531  1.9 1214  0.3 1751  1.9 9999  9.9
27  Su        316 0038  0.4 0609  1.8 1254  0.4 1831  1.9
28  Mo        316 0118  0.4 0649  1.8 1337  0.4 1914  1.8
29  Tu        316 0202  0.4 0734  1.7 1424  0.5 2001  1.8
30  We        316 0251  0.5 0824  1.7 1515  0.5 2052  1.8
31  Th        316 0345  0.5 0920  1.7 1610  0.5 2148  1.8
 1  Fr        416 0443  0.5 1018  1.8 1707  0.4 2246  1.9
 2  Sa        416 0541  0.4 1116  1.8 1804  0.4 2343  1.9
 3  Su        416 0638  0.3 1212  1.9 1900  0.3 9999  9.9
 4  Mo        416 0039  2.0 0732  0.2 1305  2.1 1955  0.1
 5  Tu        416 0132  2.2 0824  0.1 1357  2.2 2048  0.0
 6  We        416 0224  2.3 0915  0.0 1448  2.3 2141  0.0
 7  Th        416 0316  2.3 1006 -0.1 1539  2.4 2234 -0.1
 8  Fr        416 0407  2.4 1057 -0.1 1631  2.4 2327 -0.1
 9  Sa        416 0458  2.3 1150 -0.1 1725  2.4 9999  9.9
10  Su        416 0020 -0.1 0551  2.3 1244  0.0 1820  2.3
11  Mo        416 0115  0.0 0647  2.2 1340  0.0 1917  2.2
12  Tu        416 0211  0.0 0745  2.1 1438  0.1 2016  2.1
13  We        416 0310  0.1 0846  2.0 1537  0.2 2118  2.1
14  Th        416 0409  0.2 0950  2.0 1636  0.2 2219  2.0
15  Fr        416 0508  0.2 1051  1.9 1733  0.2 2318  2.0
16  Sa        416 0605  0.2 1148  1.9 1827  0.2 9999  9.9
17  Su        416 0013  2.0 0657  0.2 1239  2.0 1918  0.2
18  Mo        416 0103  2.0 0744  0.2 1325  2.0 2005  0.2
19  Tu        416 0148  2.0 0828  0.2 1408  2.0 2050  0.3
20  We        416 0230  2.0 0909  0.2 1448  2.0 2131  0.3
21  Th        416 0309  2.0 0948  0.2 1527  2.0 2212  0.3
22  Fr        416 0346  2.0 1027  0.3 1604  2.0 2251  0.3
23  Sa        416 0423  1.9 1105  0.3 1642  2.0 2330  0.3
24  Su        416 0459  1.9 1144  0.3 1720  1.9 9999  9.9
25  Mo        416 0010  0.3 0538  1.9 1225  0.4 1800  1.9
26  Tu        416 0052  0.4 0619  1.8 1309  0.4 1844  1.9
27  We        416 0136  0.4 0704  1.8 1356  0.4 1931  1.9
28  Th        416 0225  0.4 0754  1.8 1446  0.4 2022  1.9
29  Fr        416 0317  0.4 0849  1.8 1541  0.4 2117  1.9
30  Sa        416 0414  0.4 0948  1.8 1637  0.4 2216  1.9
 1  Su        516 0512  0.4 1047  1.9 1735  0.3 2315  2.0
 2  Mo        516 0609  0.3 1144  2.0 1833  0.2 9999  9.9
 3  Tu        516 0012  2.1 0704  0.2 1240  2.1 1930  0.1
 4  We        516 0107  2.2 0758  0.1 1333  2.2 2025  0.0
 5  Th        516 0201  2.3 0851  0.0 1426  2.3 2120  0.0
 6  Fr        516 0254  2.3 0943 -0.1 1519  2.4 2214 -0.1
 7  Sa        516 0346  2.3 1036 -0.1 1612  2.4 2307 -0.1
 8  Su        516 0438  2.3 1129 -0.1 1706  2.4 9999  9.9
 9  Mo        516 0001 -0.1 0531  2.2 1224  0.0 1801  2.3
10  Tu        516 0055  0.0 0626  2.2 1319  0.0 1857  2.2
11  We        516 0150  0.1 0723  2.1 1415  0.1 1954  2.1
12  Th        516 0246  0.1 0823  2.0 1511  0.2 2053  2.0
13  Fr        516 0342  0.2 0924  1.9 1607  0.2 2153  2.0
14  Sa        516 0439  0.3 1024  1.9 1702  0.3 2250  1.9
15  Su        516 0532  0.3 1119  1.9 1755  0.3 2343  1.9
16  Mo        516 0623  0.3 1210  1.9 1845  0.3 9999  9.9
17  Tu        516 0033  1.9 0710  0.3 1256  1.9 1932  0.3
18  We        516 0118  1.9 0754  0.3 1339  1.9 2017  0.3
19  Th        516 0159  1.9 0836  0.3 1419  2.0 2100  0.3
20  Fr        516 0238  1.9 0917  0.3 1458  2.0 2142  0.3
21  Sa        516 0316  1.9 0957  0.3 1536  2.0 2223  0.3
22  Su        516 0353  1.9 1037  0.3 1614  2.0 2304  0.3
23  Mo        516 0431  1.9 1119  0.3 1653  2.0 2346  0.3
24  Tu        516 0511  1.9 1201  0.3 1735  2.0 9999  9.9
25  We        516 0029  0.3 0554  1.9 1246  0.3 1819  2.0
26  Th        516 0114  0.3 0640  1.8 1333  0.4 1906  2.0
27  Fr        516 0202  0.4 0730  1.8 1423  0.4 1957  1.9
28  Sa        516 0253  0.4 0824  1.9 1516  0.3 2052  2.0
29  Su        516 0348  0.3 0922  1.9 1612  0.3 2150  2.0
30  Mo        516 0445  0.3 1021  2.0 1710  0.3 2249  2.0
31  Tu        516 0543  0.2 1120  2.1 1809  0.2 2348  2.1
 1  We        616 0640  0.2 1217  2.2 1908  0.1 9999  9.9
 2  Th        616 0045  2.2 0735  0.1 1313  2.2 2006  0.1
 3  Fr        616 0140  2.2 0830  0.0 1407  2.3 2101  0.0
 4  Sa        616 0234  2.3 0924  0.0 1501  2.4 2156  0.0
 5  Su        616 0327  2.3 1017 -0.1 1554  2.4 2249 -0.1
 6  Mo        616 0419  2.3 1110 -0.1 1647  2.3 2342  0.0
 7  Tu        616 0511  2.2 1203  0.0 1741  2.3 9999  9.9
 8  We        616 0034  0.0 0604  2.1 1256  0.0 1834  2.2
 9  Th        616 0126  0.1 0659  2.0 1349  0.1 1928  2.1
10  Fr        616 0218  0.2 0756  2.0 1442  0.2 2024  2.0
11  Sa        616 0311  0.2 0853  1.9 1534  0.3 2119  1.9
12  Su        616 0403  0.3 0950  1.9 1626  0.3 2214  1.9
13  Mo        616 0455  0.3 1044  1.9 1717  0.4 2307  1.9
14  Tu        616 0544  0.3 1135  1.9 1807  0.4 2357  1.8
15  We        616 0632  0.3 1222  1.9 1856  0.4 9999  9.9
16  Th        616 0043  1.9 0718  0.3 1306  1.9 1943  0.4
17  Fr        616 0126  1.9 0802  0.3 1347  1.9 2029  0.3
18  Sa        616 0207  1.9 0845  0.3 1427  2.0 2113  0.3
19  Su        616 0246  1.9 0928  0.3 1507  2.0 2156  0.3
20  Mo        616 0325  1.9 1011  0.3 1548  2.0 2239  0.3
21  Tu        616 0405  1.9 1055  0.3 1629  2.0 2323  0.3
22  We        616 0447  1.9 1139  0.2 1712  2.0 9999  9.9
23  Th        616 0007  0.3 0531  1.9 1225  0.2 1757  2.1
24  Fr        616 0052  0.3 0618  1.9 1312  0.3 1845  2.1
25  Sa        616 0140  0.3 0708  2.0 1402  0.3 1935  2.0
26  Su        616 0231  0.3 0802  2.0 1455  0.3 2030  2.0
27  Mo        616 0325  0.3 0859  2.0 1551  0.2 2127  2.0
28  Tu        616 0422  0.2 0959  2.0 1649  0.2 2227  2.0
29  We        616 0521  0.2 1058  2.1 1750  0.2 2327  2.1
30  Th        616 0619  0.1 1157  2.2 1850  0.2 9999  9.9
 1  Fr        716 0026  2.1 0716  0.1 1255  2.2 1949  0.1
 2  Sa        716 0122  2.2 0812  0.0 1350  2.3 2045  0.0
 3  Su        716 0216  2.2 0907  0.0 1444  2.3 2139  0.0
 4  Mo        716 0309  2.2 1000  0.0 1537  2.3 2231  0.0
 5  Tu        716 0400  2.2 1051  0.0 1629  2.3 2321  0.0
 6  We        716 0451  2.2 1142  0.0 1719  2.2 9999  9.9
 7  Th        716 0010  0.1 0541  2.1 1232  0.1 1809  2.2
 8  Fr        716 0058  0.1 0632  2.0 1320  0.2 1859  2.1
 9  Sa        716 0146  0.2 0724  2.0 1408  0.2 1949  2.0
10  Su        716 0234  0.3 0817  1.9 1456  0.3 2040  1.9
11  Mo        716 0323  0.3 0910  1.8 1545  0.4 2132  1.8
12  Tu        716 0412  0.4 1003  1.8 1635  0.4 2224  1.8
13  We        716 0502  0.4 1054  1.8 1725  0.4 2316  1.8
14  Th        716 0551  0.4 1142  1.8 1817  0.4 9999  9.9
15  Fr        716 0004  1.8 0640  0.4 1229  1.8 1908  0.4
16  Sa        716 0050  1.8 0727  0.3 1313  1.9 1957  0.4
17  Su        716 0134  1.9 0814  0.3 1356  1.9 2044  0.3
18  Mo        716 0216  1.9 0859  0.3 1438  2.0 2129  0.3
19  Tu        716 0258  1.9 0945  0.2 1521  2.1 2214  0.2
20  We        716 0340  2.0 1030  0.2 1605  2.1 2258  0.2
21  Th        716 0424  2.0 1117  0.2 1650  2.1 2344  0.2
22  Fr        716 0510  2.1 1203  0.1 1736  2.2 9999  9.9
23  Sa        716 0030  0.2 0558  2.1 1252  0.1 1824  2.2
24  Su        716 0119  0.2 0648  2.1 1342  0.1 1915  2.1
25  Mo        716 0210  0.2 0742  2.1 1436  0.2 2009  2.1
26  Tu        716 0305  0.2 0840  2.1 1532  0.2 2107  2.1
27  We        716 0403  0.2 0939  2.1 1632  0.2 2208  2.0
28  Th        716 0502  0.2 1040  2.1 1734  0.2 2310  2.0
29  Fr        716 0602  0.1 1141  2.1 1835  0.2 9999  9.9
30  Sa        716 0010  2.1 0700  0.1 1239  2.2 1934  0.1
31  Su        716 0107  2.1 0756  0.1 1335  2.2 2029  0.1
 1  Mo        816 0200  2.1 0850  0.0 1429  2.2 2122  0.1
 2  Tu        816 0252  2.2 0942  0.0 1520  2.2 2211  0.1
 3  We        816 0341  2.2 1031  0.0 1609  2.2 2258  0.1
 4  Th        816 0429  2.1 1119  0.1 1656  2.2 2344  0.1
 5  Fr        816 0516  2.1 1205  0.1 1741  2.1 9999  9.9
 6  Sa        816 0028  0.2 0603  2.0 1249  0.2 1826  2.0
 7  Su        816 0112  0.2 0650  1.9 1333  0.3 1911  1.9
 8  Mo        816 0156  0.3 0737  1.9 1417  0.3 1957  1.9
 9  Tu        816 0241  0.4 0825  1.8 1503  0.4 2045  1.8
10  We        816 0328  0.4 0915  1.8 1551  0.5 2136  1.7
11  Th        816 0418  0.4 1007  1.8 1643  0.5 2229  1.7
12  Fr        816 0509  0.4 1058  1.8 1737  0.5 2322  1.7
13  Sa        816 0601  0.4 1148  1.8 1832  0.4 9999  9.9
14  Su        816 0012  1.8 0652  0.4 1236  1.9 1924  0.4
15  Mo        816 0059  1.8 0742  0.3 1323  1.9 2013  0.3
16  Tu        816 0145  1.9 0830  0.2 1409  2.0 2101  0.2
17  We        816 0229  2.0 0918  0.2 1455  2.1 2147  0.2
18  Th        816 0315  2.1 1005  0.1 1540  2.2 2233  0.1
19  Fr        816 0401  2.1 1053  0.1 1627  2.2 2319  0.1
20  Sa        816 0448  2.2 1142  0.0 1714  2.3 9999  9.9
21  Su        816 0007  0.1 0537  2.2 1232  0.0 1804  2.2
22  Mo        816 0057  0.1 0629  2.2 1323  0.0 1856  2.2
23  Tu        816 0150  0.1 0724  2.2 1418  0.1 1951  2.1
24  We        816 0246  0.1 0822  2.1 1516  0.1 2050  2.1
25  Th        816 0345  0.1 0923  2.1 1616  0.2 2152  2.0
26  Fr        816 0445  0.2 1025  2.1 1719  0.2 2255  2.0
27  Sa        816 0546  0.1 1126  2.1 1820  0.2 2356  2.0
28  Su        816 0644  0.1 1225  2.1 1918  0.1 9999  9.9
29  Mo        816 0052  2.1 0740  0.1 1320  2.2 2012  0.1
30  Tu        816 0145  2.1 0833  0.1 1412  2.2 2102  0.1
31  We        816 0234  2.1 0922  0.1 1500  2.2 2149  0.1
 1  Th        916 0321  2.1 1009  0.1 1546  2.2 2233  0.1
 2  Fr        916 0406  2.1 1053  0.1 1630  2.1 2315  0.2
 3  Sa        916 0449  2.1 1136  0.2 1712  2.1 2356  0.2
 4  Su        916 0532  2.0 1217  0.2 1753  2.0 9999  9.9
 5  Mo        916 0037  0.3 0615  1.9 1258  0.3 1834  1.9
 6  Tu        916 0118  0.3 0658  1.9 1340  0.4 1916  1.8
 7  We        916 0200  0.4 0742  1.8 1423  0.4 2000  1.8
 8  Th        916 0246  0.4 0829  1.8 1510  0.5 2049  1.7
 9  Fr        916 0335  0.5 0920  1.8 1603  0.5 2143  1.7
10  Sa        916 0428  0.5 1013  1.8 1659  0.5 2239  1.7
11  Su        916 0522  0.4 1106  1.8 1756  0.5 2333  1.8
12  Mo        916 0616  0.4 1159  1.9 1850  0.4 9999  9.9
13  Tu        916 0024  1.8 0709  0.3 1250  2.0 1942  0.3
14  We        916 0113  1.9 0800  0.2 1339  2.1 2031  0.2
15  Th        916 0201  2.1 0850  0.1 1427  2.2 2119  0.1
16  Fr        916 0249  2.2 0940  0.0 1515  2.3 2206  0.0
17  Sa        916 0337  2.2 1030  0.0 1604  2.3 2255  0.0
18  Su        916 0426  2.3 1120  0.0 1653  2.3 2345  0.0
19  Mo        916 0517  2.3 1212  0.0 1744  2.3 9999  9.9
20  Tu        916 0037  0.0 0611  2.3 1305  0.0 1837  2.2
21  We        916 0131  0.0 0706  2.2 1401  0.0 1933  2.1
22  Th        916 0228  0.1 0805  2.2 1459  0.1 2033  2.1
23  Fr        916 0328  0.1 0906  2.1 1600  0.2 2136  2.0
24  Sa        916 0428  0.1 1009  2.1 1702  0.2 2240  2.0
25  Su        916 0528  0.1 1111  2.1 1803  0.2 2340  2.0
26  Mo        916 0626  0.1 1209  2.1 1859  0.2 9999  9.9
27  Tu        916 0036  2.0 0721  0.1 1303  2.1 1951  0.1
28  We        916 0127  2.1 0812  0.1 1353  2.1 2039  0.1
29  Th        916 0214  2.1 0859  0.1 1439  2.1 2123  0.1
30  Fr        916 0258  2.1 0944  0.2 1522  2.1 2205  0.2
 1  Sa       1016 0341  2.1 1026  0.2 1603  2.1 2245  0.2
 2  Su       1016 0422  2.0 1107  0.2 1642  2.0 2324  0.2
 3  Mo       1016 0502  2.0 1147  0.3 1720  2.0 9999  9.9
 4  Tu       1016 0003  0.3 0541  1.9 1226  0.3 1758  1.9
 5  We       1016 0043  0.3 0622  1.9 1306  0.4 1838  1.8
 6  Th       1016 0125  0.4 0704  1.8 1349  0.4 1921  1.8
 7  Fr       1016 0210  0.4 0749  1.8 1436  0.5 2009  1.7
 8  Sa       1016 0259  0.5 0838  1.8 1528  0.5 2102  1.7
 9  Su       1016 0351  0.5 0932  1.8 1624  0.5 2159  1.7
10  Mo       1016 0446  0.4 1027  1.8 1721  0.4 2256  1.8
11  Tu       1016 0541  0.4 1123  1.9 1816  0.4 2350  1.9
12  We       1016 0636  0.3 1217  2.0 1910  0.3 9999  9.9
13  Th       1016 0043  2.0 0730  0.2 1309  2.1 2001  0.2
14  Fr       1016 0133  2.1 0823  0.1 1401  2.2 2051  0.1
15  Sa       1016 0224  2.2 0915  0.0 1451  2.3 2141  0.0
16  Su       1016 0314  2.3 1008  0.0 1541  2.3 2232 -0.1
17  Mo       1016 0406  2.4 1100 -0.1 1632  2.3 2324 -0.1
18  Tu       1016 0458  2.4 1153 -0.1 1724  2.3 9999  9.9
19  We       1016 0017 -0.1 0553  2.3 1248  0.0 1818  2.2
20  Th       1016 0113  0.0 0649  2.3 1344  0.0 1915  2.1
21  Fr       1016 0210  0.0 0748  2.2 1442  0.1 2016  2.1
22  Sa       1016 0309  0.1 0849  2.1 1542  0.1 2119  2.0
23  Su       1016 0408  0.1 0951  2.1 1642  0.2 2222  2.0
24  Mo       1016 0506  0.1 1052  2.1 1740  0.2 2321  2.0
25  Tu       1016 0603  0.2 1149  2.0 1835  0.2 9999  9.9
26  We       1016 0016  2.0 0656  0.2 1242  2.0 1926  0.2
27  Th       1016 0105  2.0 0746  0.2 1330  2.0 2012  0.2
28  Fr       1016 0151  2.0 0833  0.2 1414  2.0 2055  0.2
29  Sa       1016 0234  2.0 0917  0.2 1455  2.0 2136  0.2
30  Su       1016 0315  2.0 0958  0.2 1534  2.0 2215  0.2
31  Mo       1016 0354  2.0 1038  0.3 1612  2.0 2254  0.3
 1  Tu       1116 0433  2.0 1118  0.3 1649  1.9 2334  0.3
 2  We       1116 0511  1.9 1158  0.3 1727  1.9 9999  9.9
 3  Th       1116 0014  0.3 0551  1.9 1239  0.4 1806  1.8
 4  Fr       1116 0056  0.4 0632  1.9 1322  0.4 1849  1.8
 5  Sa       1116 0141  0.4 0716  1.8 1408  0.4 1936  1.7
 6  Su       1116 0228  0.4 0805  1.8 1458  0.5 2028  1.7
 7  Mo       1116 0319  0.4 0857  1.8 1552  0.5 2124  1.8
 8  Tu       1116 0413  0.4 0953  1.9 1648  0.4 2222  1.8
 9  We       1116 0509  0.4 1050  1.9 1744  0.3 2318  1.9
10  Th       1116 0606  0.3 1147  2.0 1839  0.3 9999  9.9
11  Fr       1116 0014  2.0 0702  0.2 1242  2.1 1933  0.2
12  Sa       1116 0107  2.1 0758  0.1 1335  2.2 2025  0.1
13  Su       1116 0201  2.3 0853  0.0 1428  2.3 2118  0.0
14  Mo       1116 0253  2.3 0947  0.0 1520  2.3 2211 -0.1
15  Tu       1116 0346  2.4 1041 -0.1 1612  2.3 2304 -0.1
16  We       1116 0440  2.4 1135 -0.1 1705  2.3 2358 -0.1
17  Th       1116 0535  2.3 1229  0.0 1759  2.2 9999  9.9
18  Fr       1116 0054  0.0 0631  2.3 1325  0.0 1856  2.1
19  Sa       1116 0150  0.0 0729  2.2 1421  0.1 1956  2.1
20  Su       1116 0247  0.1 0828  2.1 1518  0.1 2057  2.0
21  Mo       1116 0344  0.1 0928  2.1 1616  0.2 2158  2.0
22  Tu       1116 0440  0.2 1027  2.0 1712  0.2 2256  1.9
23  We       1116 0534  0.2 1123  2.0 1805  0.2 2350  1.9
24  Th       1116 0627  0.3 1215  2.0 1855  0.3 9999  9.9
25  Fr       1116 0039  2.0 0716  0.3 1302  2.0 1941  0.3
26  Sa       1116 0124  2.0 0803  0.3 1346  2.0 2024  0.3
27  Su       1116 0207  2.0 0847  0.3 1427  2.0 2106  0.3
28  Mo       1116 0247  2.0 0930  0.3 1506  1.9 2146  0.3
29  Tu       1116 0326  2.0 1011  0.3 1543  1.9 2226  0.3
30  We       1116 0405  2.0 1052  0.3 1621  1.9 2307  0.3
 1  Th       1216 0443  1.9 1132  0.3 1659  1.9 2348  0.3
 2  Fr       1216 0523  1.9 1214  0.3 1739  1.9 9999  9.9
 3  Sa       1216 0031  0.3 0605  1.9 1257  0.4 1822  1.8
 4  Su       1216 0116  0.4 0649  1.9 1343  0.4 1909  1.8
 5  Mo       1216 0203  0.4 0736  1.9 1431  0.4 1959  1.8
 6  Tu       1216 0252  0.4 0828  1.9 1523  0.4 2054  1.8
 7  We       1216 0345  0.3 0923  1.9 1618  0.4 2152  1.9
 8  Th       1216 0441  0.3 1021  2.0 1715  0.3 2250  2.0
 9  Fr       1216 0539  0.3 1119  2.0 1812  0.2 2348  2.1
10  Sa       1216 0638  0.2 1217  2.1 1908  0.2 9999  9.9
11  Su       1216 0044  2.2 0737  0.1 1313  2.2 2003  0.1
12  Mo       1216 0140  2.3 0834  0.0 1407  2.2 2058  0.0
13  Tu       1216 0235  2.3 0929  0.0 1501  2.3 2152 -0.1
14  We       1216 0329  2.4 1024  0.0 1553  2.3 2246 -0.1
15  Th       1216 0423  2.4 1117 -0.1 1646  2.3 2340 -0.1
16  Fr       1216 0517  2.3 1210  0.0 1740  2.2 9999  9.9
17  Sa       1216 0034  0.0 0611  2.3 1303  0.0 1835  2.1
18  Su       1216 0127  0.0 0706  2.2 1356  0.1 1931  2.1
19  Mo       1216 0221  0.1 0802  2.1 1450  0.2 2030  2.0
20  Tu       1216 0314  0.2 0859  2.0 1544  0.2 2128  1.9
21  We       1216 0407  0.2 0955  1.9 1638  0.3 2224  1.9
22  Th       1216 0500  0.3 1050  1.9 1730  0.3 2318  1.9
23  Fr       1216 0552  0.3 1143  1.9 1819  0.3 9999  9.9
24  Sa       1216 0007  1.9 0642  0.4 1231  1.9 1906  0.3
25  Su       1216 0054  1.9 0730  0.4 1316  1.9 1951  0.3
26  Mo       1216 0137  1.9 0816  0.3 1357  1.9 2035  0.3
27  Tu       1216 0218  1.9 0900  0.3 1437  1.9 2117  0.3
28  We       1216 0258  1.9 0943  0.3 1515  1.9 2159  0.3
29  Th       1216 0337  2.0 1025  0.3 1553  1.9 2242  0.3
30  Fr       1216 0417  2.0 1107  0.3 1633  1.9 2324  0.3
31  Sa       1216 0457  2.0 1150  0.3 1714  1.9 9999  9.9
