028Dunedin
Based on data from  1-Jul-2014
Local Std Time, tidal heights in metres.
 1  Mo        724 0602  0.2 1142  2.1 1833  0.2 9999  9.9
 2  Tu        724 0011  2.0 0659  0.2 1239  2.1 1933  0.2
 3  We        724 0106  2.0 0754  0.2 1334  2.1 2029  0.2
 4  Th        724 0159  2.0 0847  0.2 1427  2.2 2122  0.2
 5  Fr        724 0250  2.0 0938  0.2 1518  2.1 2212  0.2
 6  Sa        724 0338  2.0 1028  0.2 1607  2.1 2258  0.2
 7  Su        724 0425  2.0 1115  0.2 1654  2.1 2343  0.3
 8  Mo        724 0512  1.9 1201  0.3 1740  2.0 9999  9.9
 9  Tu        724 0026  0.3 0558  1.9 1244  0.3 1824  2.0
10  We        724 0108  0.4 0644  1.8 1327  0.4 1908  1.9
11  Th        724 0150  0.4 0731  1.8 1409  0.4 1952  1.8
12  Fr        724 0233  0.5 0818  1.8 1452  0.5 2037  1.8
13  Sa        724 0318  0.5 0907  1.7 1537  0.5 2125  1.7
14  Su        724 0406  0.5 0956  1.7 1627  0.6 2216  1.7
15  Mo        724 0456  0.5 1046  1.7 1721  0.6 2309  1.7
16  Tu        724 0548  0.5 1136  1.8 1818  0.5 9999  9.9
17  We        724 0001  1.7 0640  0.5 1226  1.8 1914  0.5
18  Th        724 0051  1.8 0732  0.4 1315  1.9 2008  0.4
19  Fr        724 0139  1.9 0823  0.3 1404  2.0 2058  0.3
20  Sa        724 0225  1.9 0913  0.3 1452  2.1 2147  0.3
21  Su        724 0312  2.0 1003  0.2 1540  2.2 2235  0.2
22  Mo        724 0400  2.1 1052  0.1 1629  2.2 2322  0.1
23  Tu        724 0448  2.1 1142  0.1 1718  2.3 9999  9.9
24  We        724 0010  0.1 0539  2.2 1233  0.1 1808  2.3
25  Th        724 0100  0.1 0631  2.2 1324  0.1 1859  2.2
26  Fr        724 0152  0.1 0726  2.1 1418  0.1 1954  2.1
27  Sa        724 0247  0.2 0824  2.1 1514  0.2 2052  2.1
28  Su        724 0344  0.2 0924  2.1 1613  0.2 2152  2.0
29  Mo        724 0443  0.2 1025  2.1 1715  0.3 2254  2.0
30  Tu        724 0543  0.3 1126  2.1 1818  0.3 2355  1.9
31  We        724 0642  0.3 1224  2.1 1918  0.3 9999  9.9
 1  Th        824 0052  2.0 0738  0.2 1320  2.1 2014  0.3
 2  Fr        824 0144  2.0 0831  0.2 1412  2.1 2105  0.3
 3  Sa        824 0233  2.0 0920  0.2 1501  2.1 2151  0.3
 4  Su        824 0319  2.0 1007  0.2 1547  2.1 2234  0.3
 5  Mo        824 0404  2.0 1051  0.3 1630  2.1 2314  0.3
 6  Tu        824 0446  2.0 1132  0.3 1711  2.0 2353  0.3
 7  We        824 0527  1.9 1211  0.3 1750  2.0 9999  9.9
 8  Th        824 0031  0.4 0608  1.9 1250  0.4 1828  1.9
 9  Fr        824 0109  0.4 0649  1.8 1329  0.4 1907  1.8
10  Sa        824 0149  0.5 0732  1.8 1409  0.5 1949  1.8
11  Su        824 0232  0.5 0817  1.8 1454  0.5 2035  1.7
12  Mo        824 0320  0.5 0907  1.7 1545  0.6 2127  1.7
13  Tu        824 0413  0.6 1000  1.7 1643  0.6 2225  1.7
14  We        824 0509  0.5 1056  1.8 1744  0.6 2323  1.7
15  Th        824 0607  0.5 1152  1.8 1845  0.5 9999  9.9
16  Fr        824 0019  1.8 0702  0.4 1246  1.9 1940  0.4
17  Sa        824 0111  1.9 0756  0.3 1338  2.0 2032  0.3
18  Su        824 0200  2.0 0848  0.2 1428  2.2 2121  0.2
19  Mo        824 0249  2.1 0939  0.1 1518  2.3 2209  0.1
20  Tu        824 0338  2.2 1030  0.0 1607  2.3 2257  0.1
21  We        824 0427  2.3 1120  0.0 1656  2.3 2346  0.0
22  Th        824 0518  2.3 1211  0.0 1746  2.3 9999  9.9
23  Fr        824 0036  0.0 0611  2.3 1303  0.0 1838  2.2
24  Sa        824 0129  0.1 0706  2.2 1358  0.1 1932  2.1
25  Su        824 0225  0.2 0804  2.2 1455  0.2 2031  2.0
26  Mo        824 0323  0.2 0905  2.1 1556  0.3 2134  2.0
27  Tu        824 0424  0.3 1008  2.0 1659  0.3 2238  1.9
28  We        824 0525  0.3 1111  2.0 1802  0.3 2340  1.9
29  Th        824 0624  0.3 1210  2.0 1902  0.3 9999  9.9
30  Fr        824 0037  1.9 0720  0.3 1305  2.0 1955  0.3
31  Sa        824 0128  1.9 0811  0.3 1355  2.0 2043  0.3
 1  Su        924 0215  2.0 0859  0.3 1441  2.0 2126  0.3
 2  Mo        924 0258  2.0 0942  0.3 1523  2.0 2206  0.3
 3  Tu        924 0339  2.0 1023  0.3 1602  2.0 2243  0.3
 4  We        924 0418  2.0 1101  0.3 1639  2.0 2319  0.3
 5  Th        924 0456  1.9 1139  0.3 1715  2.0 2355  0.4
 6  Fr        924 0533  1.9 1216  0.4 1751  1.9 9999  9.9
 7  Sa        924 0032  0.4 0611  1.9 1254  0.4 1828  1.8
 8  Su        924 0112  0.5 0652  1.8 1335  0.5 1908  1.8
 9  Mo        924 0155  0.5 0737  1.8 1421  0.5 1955  1.7
10  Tu        924 0244  0.5 0826  1.8 1513  0.6 2048  1.7
11  We        924 0339  0.6 0922  1.8 1612  0.6 2148  1.7
12  Th        924 0437  0.5 1021  1.8 1715  0.6 2250  1.7
13  Fr        924 0536  0.5 1120  1.9 1816  0.5 2349  1.8
14  Sa        924 0634  0.4 1218  2.0 1912  0.4 9999  9.9
15  Su        924 0043  1.9 0729  0.3 1312  2.1 2005  0.2
16  Mo        924 0135  2.1 0823  0.2 1404  2.2 2054  0.1
17  Tu        924 0225  2.2 0915  0.1 1454  2.3 2143  0.0
18  We        924 0315  2.3 1007  0.0 1544  2.4 2232  0.0
19  Th        924 0405  2.3 1058 -0.1 1633  2.4 2322  0.0
20  Fr        924 0457  2.3 1150  0.0 1724  2.3 9999  9.9
21  Sa        924 0013  0.0 0550  2.3 1243  0.0 1816  2.2
22  Su        924 0107  0.1 0646  2.2 1339  0.1 1911  2.1
23  Mo        924 0204  0.2 0744  2.1 1436  0.2 2011  2.0
24  Tu        924 0303  0.2 0846  2.1 1537  0.3 2115  1.9
25  We        924 0404  0.3 0950  2.0 1640  0.3 2221  1.9
26  Th        924 0505  0.3 1053  2.0 1742  0.4 2323  1.9
27  Fr        924 0603  0.3 1152  2.0 1839  0.4 9999  9.9
28  Sa        924 0018  1.9 0656  0.3 1245  2.0 1930  0.3
29  Su        924 0107  1.9 0746  0.3 1333  2.0 2015  0.3
30  Mo        924 0152  1.9 0831  0.3 1416  2.0 2055  0.3
 1  Tu       1024 0233  2.0 0913  0.3 1455  2.0 2134  0.3
 2  We       1024 0311  2.0 0953  0.3 1532  2.0 2210  0.3
 3  Th       1024 0348  2.0 1031  0.3 1607  2.0 2247  0.3
 4  Fr       1024 0425  1.9 1109  0.4 1642  1.9 2323  0.4
 5  Sa       1024 0501  1.9 1147  0.4 1718  1.9 9999  9.9
 6  Su       1024 0002  0.4 0540  1.9 1227  0.4 1756  1.8
 7  Mo       1024 0043  0.5 0621  1.9 1310  0.5 1837  1.8
 8  Tu       1024 0128  0.5 0706  1.8 1357  0.5 1924  1.7
 9  We       1024 0218  0.5 0756  1.8 1450  0.6 2018  1.7
10  Th       1024 0312  0.5 0852  1.8 1548  0.6 2119  1.7
11  Fr       1024 0410  0.5 0951  1.8 1648  0.5 2221  1.8
12  Sa       1024 0509  0.4 1052  1.9 1748  0.4 2321  1.9
13  Su       1024 0606  0.3 1150  2.0 1844  0.3 9999  9.9
14  Mo       1024 0017  2.0 0703  0.2 1246  2.1 1936  0.2
15  Tu       1024 0110  2.1 0758  0.1 1339  2.2 2027  0.1
16  We       1024 0201  2.2 0852  0.0 1430  2.3 2118  0.0
17  Th       1024 0253  2.3 0945  0.0 1521  2.3 2208  0.0
18  Fr       1024 0344  2.4 1038  0.0 1611  2.3 2300  0.0
19  Sa       1024 0437  2.4 1131  0.0 1702  2.3 2353  0.0
20  Su       1024 0531  2.3 1225  0.1 1755  2.2 9999  9.9
21  Mo       1024 0047  0.1 0627  2.2 1320  0.2 1851  2.0
22  Tu       1024 0144  0.2 0725  2.1 1417  0.2 1950  1.9
23  We       1024 0242  0.2 0826  2.0 1516  0.3 2054  1.9
24  Th       1024 0341  0.3 0928  2.0 1616  0.4 2159  1.8
25  Fr       1024 0438  0.3 1030  1.9 1714  0.4 2259  1.8
26  Sa       1024 0533  0.4 1126  1.9 1808  0.4 2352  1.9
27  Su       1024 0625  0.4 1218  1.9 1856  0.4 9999  9.9
28  Mo       1024 0040  1.9 0713  0.4 1304  1.9 1940  0.4
29  Tu       1024 0123  1.9 0758  0.4 1345  1.9 2021  0.3
30  We       1024 0203  1.9 0841  0.4 1424  1.9 2100  0.3
31  Th       1024 0241  1.9 0922  0.4 1501  1.9 2138  0.3
 1  Fr       1124 0318  1.9 1002  0.4 1536  1.9 2216  0.3
 2  Sa       1124 0355  1.9 1042  0.4 1612  1.9 2256  0.4
 3  Su       1124 0434  1.9 1123  0.4 1650  1.9 2337  0.4
 4  Mo       1124 0514  1.9 1206  0.4 1730  1.8 9999  9.9
 5  Tu       1124 0021  0.4 0557  1.9 1250  0.5 1813  1.8
 6  We       1124 0108  0.4 0643  1.9 1338  0.5 1901  1.8
 7  Th       1124 0158  0.5 0733  1.9 1430  0.5 1955  1.8
 8  Fr       1124 0250  0.4 0828  1.9 1525  0.5 2054  1.8
 9  Sa       1124 0346  0.4 0925  1.9 1622  0.4 2154  1.8
10  Su       1124 0443  0.4 1025  2.0 1720  0.4 2254  1.9
11  Mo       1124 0540  0.3 1124  2.0 1816  0.3 2351  2.0
12  Tu       1124 0638  0.2 1220  2.1 1910  0.2 9999  9.9
13  We       1124 0046  2.2 0735  0.1 1315  2.2 2003  0.1
14  Th       1124 0139  2.2 0831  0.1 1408  2.2 2055  0.1
15  Fr       1124 0232  2.3 0926  0.1 1459  2.3 2148  0.0
16  Sa       1124 0325  2.3 1020  0.1 1551  2.2 2241  0.0
17  Su       1124 0419  2.3 1114  0.1 1642  2.2 2334  0.1
18  Mo       1124 0513  2.2 1207  0.1 1735  2.1 9999  9.9
19  Tu       1124 0028  0.1 0608  2.2 1300  0.2 1830  2.0
20  We       1124 0123  0.2 0704  2.1 1354  0.3 1927  1.9
21  Th       1124 0217  0.3 0801  2.0 1449  0.3 2028  1.9
22  Fr       1124 0311  0.3 0859  1.9 1543  0.4 2128  1.8
23  Sa       1124 0405  0.4 0956  1.9 1637  0.4 2226  1.8
24  Su       1124 0456  0.4 1051  1.9 1728  0.4 2318  1.8
25  Mo       1124 0546  0.4 1142  1.9 1816  0.4 9999  9.9
26  Tu       1124 0005  1.8 0635  0.4 1228  1.9 1901  0.4
27  We       1124 0049  1.9 0721  0.4 1311  1.9 1944  0.4
28  Th       1124 0130  1.9 0807  0.4 1351  1.9 2026  0.4
29  Fr       1124 0209  1.9 0851  0.4 1429  1.9 2107  0.4
30  Sa       1124 0248  1.9 0935  0.4 1507  1.9 2149  0.4
 1  Su       1224 0328  1.9 1018  0.4 1545  1.9 2232  0.4
 2  Mo       1224 0409  2.0 1101  0.4 1625  1.9 2316  0.4
 3  Tu       1224 0451  2.0 1146  0.4 1707  1.9 9999  9.9
 4  We       1224 0002  0.4 0536  2.0 1231  0.4 1753  1.9
 5  Th       1224 0049  0.4 0622  2.0 1318  0.4 1841  1.9
 6  Fr       1224 0138  0.3 0712  2.0 1408  0.4 1934  1.9
 7  Sa       1224 0229  0.3 0805  2.0 1501  0.4 2031  1.9
 8  Su       1224 0323  0.3 0901  2.0 1556  0.4 2130  1.9
 9  Mo       1224 0419  0.3 1000  2.0 1653  0.3 2229  2.0
10  Tu       1224 0517  0.3 1059  2.0 1750  0.3 2328  2.1
11  We       1224 0617  0.2 1158  2.1 1847  0.2 9999  9.9
12  Th       1224 0025  2.1 0717  0.2 1254  2.1 1942  0.2
13  Fr       1224 0120  2.2 0815  0.2 1348  2.1 2037  0.1
14  Sa       1224 0215  2.2 0911  0.1 1441  2.1 2131  0.1
15  Su       1224 0309  2.2 1005  0.1 1533  2.1 2224  0.1
16  Mo       1224 0402  2.2 1057  0.2 1624  2.1 2316  0.1
17  Tu       1224 0455  2.2 1147  0.2 1715  2.0 9999  9.9
18  We       1224 0008  0.2 0547  2.1 1237  0.2 1807  2.0
19  Th       1224 0058  0.2 0639  2.1 1326  0.3 1900  1.9
20  Fr       1224 0148  0.3 0730  2.0 1415  0.4 1954  1.9
21  Sa       1224 0236  0.3 0822  1.9 1504  0.4 2049  1.8
22  Su       1224 0324  0.4 0914  1.8 1553  0.5 2143  1.8
23  Mo       1224 0413  0.5 1006  1.8 1643  0.5 2235  1.8
24  Tu       1224 0502  0.5 1058  1.8 1731  0.5 2323  1.8
25  We       1224 0552  0.5 1146  1.8 1819  0.5 9999  9.9
26  Th       1224 0009  1.8 0642  0.5 1232  1.8 1906  0.5
27  Fr       1224 0053  1.8 0733  0.5 1316  1.8 1952  0.4
28  Sa       1224 0136  1.9 0821  0.4 1357  1.8 2037  0.4
29  Su       1224 0219  1.9 0908  0.4 1438  1.9 2123  0.4
30  Mo       1224 0302  2.0 0954  0.4 1520  1.9 2208  0.3
31  Tu       1224 0345  2.0 1039  0.3 1602  1.9 2254  0.3
 1  We        125 0430  2.0 1123  0.3 1646  2.0 2341  0.3
 2  Th        125 0515  2.1 1209  0.3 1732  2.0 9999  9.9
 3  Fr        125 0028  0.2 0602  2.1 1256  0.3 1821  2.0
 4  Sa        125 0117  0.2 0651  2.1 1345  0.3 1913  2.0
 5  Su        125 0207  0.2 0743  2.1 1437  0.3 2009  2.0
 6  Mo        125 0301  0.2 0838  2.0 1532  0.3 2107  2.0
 7  Tu        125 0357  0.3 0937  2.0 1630  0.3 2207  2.0
 8  We        125 0458  0.3 1037  2.0 1729  0.3 2308  2.1
 9  Th        125 0600  0.3 1138  2.0 1828  0.3 9999  9.9
10  Fr        125 0007  2.1 0702  0.3 1237  2.0 1926  0.2
11  Sa        125 0105  2.1 0801  0.2 1333  2.0 2022  0.2
12  Su        125 0201  2.1 0857  0.2 1425  2.1 2116  0.2
13  Mo        125 0255  2.2 0949  0.2 1516  2.1 2208  0.1
14  Tu        125 0346  2.2 1038  0.2 1605  2.1 2257  0.2
15  We        125 0435  2.1 1125  0.2 1653  2.0 2345  0.2
16  Th        125 0523  2.1 1210  0.3 1741  2.0 9999  9.9
17  Fr        125 0030  0.2 0609  2.0 1253  0.3 1828  1.9
18  Sa        125 0114  0.3 0654  1.9 1337  0.4 1915  1.9
19  Su        125 0157  0.4 0739  1.9 1420  0.4 2004  1.8
20  Mo        125 0241  0.4 0825  1.8 1506  0.5 2053  1.8
21  Tu        125 0325  0.5 0914  1.7 1553  0.5 2143  1.7
22  We        125 0414  0.5 1006  1.7 1643  0.5 2234  1.7
23  Th        125 0507  0.6 1059  1.7 1735  0.5 2325  1.7
24  Fr        125 0603  0.6 1151  1.7 1827  0.5 9999  9.9
25  Sa        125 0014  1.8 0659  0.5 1239  1.7 1918  0.5
26  Su        125 0102  1.8 0751  0.5 1325  1.8 2007  0.4
27  Mo        125 0149  1.9 0841  0.4 1410  1.9 2056  0.3
28  Tu        125 0235  2.0 0927  0.3 1454  2.0 2143  0.3
29  We        125 0320  2.1 1013  0.3 1538  2.0 2230  0.2
30  Th        125 0406  2.1 1058  0.2 1624  2.1 2318  0.1
31  Fr        125 0452  2.2 1144  0.2 1711  2.1 9999  9.9
 1  Sa        225 0006  0.1 0539  2.2 1231  0.2 1800  2.1
 2  Su        225 0055  0.1 0629  2.2 1320  0.2 1852  2.1
 3  Mo        225 0146  0.1 0720  2.1 1413  0.2 1948  2.1
 4  Tu        225 0241  0.2 0816  2.1 1510  0.3 2047  2.1
 5  We        225 0339  0.3 0916  2.0 1610  0.3 2148  2.0
 6  Th        225 0442  0.3 1019  1.9 1711  0.3 2251  2.0
 7  Fr        225 0546  0.3 1123  1.9 1813  0.3 2353  2.0
 8  Sa        225 0649  0.3 1223  1.9 1912  0.3 9999  9.9
 9  Su        225 0053  2.0 0748  0.3 1319  2.0 2008  0.2
10  Mo        225 0148  2.1 0842  0.3 1411  2.0 2100  0.2
11  Tu        225 0239  2.1 0930  0.2 1459  2.0 2149  0.2
12  We        225 0327  2.1 1015  0.2 1544  2.0 2234  0.2
13  Th        225 0412  2.1 1058  0.3 1628  2.0 2318  0.2
14  Fr        225 0455  2.0 1138  0.3 1711  2.0 2359  0.3
15  Sa        225 0535  2.0 1217  0.3 1753  1.9 9999  9.9
16  Su        225 0038  0.3 0615  1.9 1256  0.4 1835  1.9
17  Mo        225 0117  0.4 0655  1.8 1336  0.5 1918  1.8
18  Tu        225 0157  0.5 0736  1.8 1418  0.5 2003  1.8
19  We        225 0241  0.5 0822  1.7 1505  0.6 2051  1.7
20  Th        225 0329  0.6 0913  1.7 1557  0.6 2144  1.7
21  Fr        225 0425  0.6 1010  1.6 1653  0.6 2239  1.7
22  Sa        225 0525  0.6 1108  1.7 1749  0.5 2334  1.8
23  Su        225 0624  0.5 1202  1.7 1844  0.5 9999  9.9
24  Mo        225 0027  1.8 0719  0.5 1252  1.8 1936  0.4
25  Tu        225 0118  1.9 0810  0.4 1340  1.9 2027  0.3
26  We        225 0206  2.0 0858  0.3 1426  2.0 2116  0.2
27  Th        225 0254  2.1 0944  0.2 1513  2.1 2204  0.1
28  Fr        225 0341  2.2 1030  0.1 1600  2.2 2253  0.1
 1  Sa        325 0428  2.3 1117  0.1 1648  2.2 2343  0.0
 2  Su        325 0516  2.3 1206  0.1 1739  2.2 9999  9.9
 3  Mo        325 0033  0.0 0606  2.2 1257  0.1 1832  2.2
 4  Tu        325 0127  0.1 0659  2.1 1352  0.2 1928  2.2
 5  We        325 0223  0.2 0756  2.0 1450  0.2 2029  2.1
 6  Th        325 0323  0.3 0858  1.9 1552  0.3 2132  2.0
 7  Fr        325 0427  0.3 1004  1.9 1655  0.3 2237  2.0
 8  Sa        325 0532  0.3 1110  1.9 1757  0.3 2340  2.0
 9  Su        325 0634  0.3 1210  1.9 1855  0.3 9999  9.9
10  Mo        325 0039  2.0 0731  0.3 1304  1.9 1950  0.2
11  Tu        325 0132  2.0 0821  0.3 1353  2.0 2039  0.2
12  We        325 0220  2.0 0906  0.3 1438  2.0 2125  0.2
13  Th        325 0304  2.0 0948  0.3 1521  2.0 2208  0.2
14  Fr        325 0345  2.0 1027  0.3 1601  2.0 2248  0.3
15  Sa        325 0424  2.0 1104  0.3 1640  2.0 2326  0.3
16  Su        325 0501  2.0 1141  0.4 1719  1.9 9999  9.9
17  Mo        325 0003  0.4 0537  1.9 1217  0.4 1757  1.9
18  Tu        325 0041  0.4 0615  1.8 1256  0.5 1837  1.8
19  We        325 0121  0.5 0654  1.8 1338  0.5 1920  1.8
20  Th        325 0204  0.5 0738  1.7 1425  0.6 2007  1.7
21  Fr        325 0253  0.6 0829  1.6 1518  0.6 2100  1.7
22  Sa        325 0349  0.6 0927  1.6 1614  0.6 2157  1.7
23  Su        325 0450  0.6 1028  1.7 1712  0.5 2255  1.8
24  Mo        325 0550  0.5 1125  1.7 1809  0.5 2352  1.9
25  Tu        325 0645  0.4 1219  1.9 1903  0.4 9999  9.9
26  We        325 0046  2.0 0737  0.3 1309  2.0 1956  0.2
27  Th        325 0137  2.1 0826  0.2 1358  2.1 2048  0.1
28  Fr        325 0226  2.2 0914  0.1 1447  2.2 2139  0.1
29  Sa        325 0315  2.3 1002  0.1 1536  2.3 2230  0.0
30  Su        325 0404  2.3 1052  0.1 1626  2.3 2321  0.0
31  Mo        325 0454  2.3 1143  0.1 1719  2.3 9999  9.9
 1  Tu        425 0014  0.0 0545  2.2 1236  0.1 1813  2.3
 2  We        425 0109  0.1 0639  2.1 1333  0.2 1911  2.2
 3  Th        425 0206  0.2 0738  2.0 1433  0.2 2012  2.1
 4  Fr        425 0307  0.3 0842  1.9 1534  0.3 2116  2.0
 5  Sa        425 0410  0.3 0949  1.9 1636  0.3 2221  2.0
 6  Su        425 0513  0.3 1054  1.9 1736  0.3 2323  2.0
 7  Mo        425 0612  0.3 1152  1.9 1833  0.3 9999  9.9
 8  Tu        425 0019  2.0 0705  0.3 1244  1.9 1925  0.3
 9  We        425 0110  2.0 0753  0.3 1330  2.0 2013  0.3
10  Th        425 0155  2.0 0836  0.3 1413  2.0 2057  0.3
11  Fr        425 0237  2.0 0916  0.3 1453  2.0 2138  0.3
12  Sa        425 0315  2.0 0953  0.3 1532  2.0 2217  0.3
13  Su        425 0352  2.0 1030  0.3 1609  2.0 2255  0.4
14  Mo        425 0428  1.9 1107  0.4 1647  1.9 2333  0.4
15  Tu        425 0504  1.9 1145  0.4 1724  1.9 9999  9.9
16  We        425 0012  0.4 0541  1.8 1224  0.5 1804  1.9
17  Th        425 0052  0.5 0620  1.8 1308  0.5 1847  1.8
18  Fr        425 0137  0.5 0705  1.7 1355  0.5 1934  1.8
19  Sa        425 0226  0.6 0755  1.7 1447  0.6 2025  1.8
20  Su        425 0320  0.6 0852  1.7 1542  0.5 2122  1.8
21  Mo        425 0417  0.5 0952  1.7 1638  0.5 2220  1.8
22  Tu        425 0515  0.5 1051  1.8 1735  0.4 2318  1.9
23  We        425 0611  0.4 1146  1.9 1831  0.3 9999  9.9
24  Th        425 0014  2.0 0704  0.3 1239  2.1 1927  0.2
25  Fr        425 0108  2.1 0756  0.2 1331  2.2 2021  0.1
26  Sa        425 0159  2.2 0846  0.1 1422  2.3 2115  0.1
27  Su        425 0250  2.3 0937  0.1 1514  2.3 2209  0.0
28  Mo        425 0341  2.3 1029  0.0 1606  2.4 2302  0.0
29  Tu        425 0433  2.2 1122  0.1 1700  2.3 2356  0.1
30  We        425 0525  2.2 1218  0.1 1756  2.3 9999  9.9
 1  Th        525 0052  0.1 0621  2.1 1315  0.1 1854  2.2
 2  Fr        525 0149  0.2 0720  2.0 1414  0.2 1954  2.1
 3  Sa        525 0247  0.3 0823  1.9 1513  0.3 2056  2.0
 4  Su        525 0347  0.3 0928  1.9 1612  0.3 2159  2.0
 5  Mo        525 0446  0.3 1031  1.9 1708  0.3 2258  1.9
 6  Tu        525 0542  0.3 1127  1.9 1802  0.3 2352  1.9
 7  We        525 0633  0.3 1217  1.9 1853  0.4 9999  9.9
 8  Th        525 0041  1.9 0719  0.3 1302  1.9 1940  0.4
 9  Fr        525 0125  1.9 0801  0.3 1344  2.0 2024  0.4
10  Sa        525 0206  1.9 0842  0.3 1424  2.0 2106  0.4
11  Su        525 0244  1.9 0920  0.3 1503  2.0 2147  0.4
12  Mo        525 0321  1.9 0959  0.4 1540  2.0 2227  0.4
13  Tu        525 0358  1.9 1038  0.4 1618  1.9 2307  0.4
14  We        525 0434  1.8 1118  0.4 1657  1.9 2348  0.4
15  Th        525 0513  1.8 1200  0.4 1738  1.9 9999  9.9
16  Fr        525 0030  0.4 0554  1.8 1245  0.5 1821  1.9
17  Sa        525 0115  0.5 0639  1.8 1332  0.5 1907  1.9
18  Su        525 0202  0.5 0729  1.7 1421  0.5 1957  1.9
19  Mo        525 0253  0.5 0823  1.8 1513  0.5 2052  1.9
20  Tu        525 0347  0.5 0921  1.8 1608  0.4 2149  1.9
21  We        525 0443  0.4 1019  1.9 1704  0.4 2247  2.0
22  Th        525 0539  0.4 1117  2.0 1803  0.3 2345  2.0
23  Fr        525 0634  0.3 1212  2.1 1901  0.2 9999  9.9
24  Sa        525 0041  2.1 0728  0.2 1307  2.2 1959  0.2
25  Su        525 0135  2.2 0822  0.1 1401  2.3 2056  0.1
26  Mo        525 0229  2.2 0916  0.1 1455  2.3 2151  0.1
27  Tu        525 0321  2.2 1010  0.1 1549  2.3 2246  0.1
28  We        525 0414  2.2 1105  0.1 1644  2.3 2340  0.1
29  Th        525 0507  2.1 1200  0.1 1739  2.2 9999  9.9
30  Fr        525 0034  0.1 0602  2.1 1256  0.1 1835  2.2
31  Sa        525 0128  0.2 0700  2.0 1351  0.2 1932  2.1
 1  Su        625 0222  0.3 0759  1.9 1446  0.2 2030  2.0
 2  Mo        625 0317  0.3 0900  1.9 1540  0.3 2127  1.9
 3  Tu        625 0411  0.4 0959  1.9 1633  0.4 2223  1.9
 4  We        625 0504  0.4 1053  1.9 1725  0.4 2316  1.9
 5  Th        625 0553  0.4 1143  1.9 1815  0.4 9999  9.9
 6  Fr        625 0006  1.9 0640  0.4 1229  1.9 1904  0.4
 7  Sa        625 0051  1.9 0724  0.4 1313  1.9 1950  0.4
 8  Su        625 0134  1.9 0807  0.4 1354  1.9 2035  0.4
 9  Mo        625 0214  1.9 0849  0.4 1434  1.9 2119  0.4
10  Tu        625 0252  1.9 0930  0.4 1513  1.9 2201  0.4
11  We        625 0330  1.9 1012  0.4 1553  2.0 2243  0.4
12  Th        625 0409  1.9 1055  0.4 1633  2.0 2326  0.4
13  Fr        625 0449  1.9 1139  0.4 1715  2.0 9999  9.9
14  Sa        625 0008  0.4 0531  1.8 1224  0.4 1758  2.0
15  Su        625 0052  0.4 0616  1.8 1310  0.4 1844  2.0
16  Mo        625 0138  0.4 0705  1.9 1358  0.4 1933  2.0
17  Tu        625 0227  0.4 0758  1.9 1448  0.4 2025  2.0
18  We        625 0319  0.4 0854  1.9 1542  0.4 2121  2.0
19  Th        625 0414  0.4 0952  2.0 1639  0.3 2220  2.0
20  Fr        625 0511  0.3 1051  2.0 1739  0.3 2320  2.0
21  Sa        625 0609  0.3 1150  2.1 1841  0.3 9999  9.9
22  Su        625 0019  2.0 0707  0.2 1247  2.2 1942  0.2
23  Mo        625 0116  2.1 0804  0.2 1344  2.2 2041  0.2
24  Tu        625 0211  2.1 0900  0.1 1439  2.3 2136  0.1
25  We        625 0304  2.1 0955  0.1 1534  2.3 2230  0.1
26  Th        625 0357  2.1 1049  0.1 1628  2.3 2322  0.1
27  Fr        625 0449  2.1 1142  0.1 1721  2.2 9999  9.9
28  Sa        625 0013  0.1 0542  2.1 1234  0.1 1813  2.2
29  Su        625 0102  0.2 0635  2.0 1325  0.2 1904  2.1
30  Mo        625 0152  0.3 0730  1.9 1414  0.3 1956  2.0
