028Dunedin
Based on data from  1-Jan-2013
Local Std Time, tidal heights in metres.
 1  Fr        722 0500  1.8 1146  0.4 1725  1.9 9999  9.9
 2  Sa        722 0012  0.4 0539  1.8 1226  0.4 1804  1.9
 3  Su        722 0052  0.4 0620  1.8 1308  0.4 1844  1.9
 4  Mo        722 0133  0.4 0704  1.8 1351  0.4 1928  1.9
 5  Tu        722 0217  0.5 0751  1.8 1436  0.4 2015  1.9
 6  We        722 0305  0.5 0843  1.8 1526  0.4 2107  1.9
 7  Th        722 0357  0.5 0937  1.8 1621  0.4 2203  1.9
 8  Fr        722 0453  0.4 1035  1.9 1720  0.4 2302  1.9
 9  Sa        722 0551  0.4 1132  2.0 1823  0.4 9999  9.9
10  Su        722 0001  1.9 0649  0.3 1230  2.1 1925  0.3
11  Mo        722 0059  2.0 0747  0.2 1327  2.2 2024  0.2
12  Tu        722 0154  2.1 0843  0.1 1423  2.2 2120  0.1
13  We        722 0248  2.1 0939  0.1 1518  2.3 2215  0.1
14  Th        722 0342  2.2 1034  0.0 1613  2.3 2308  0.0
15  Fr        722 0435  2.2 1129  0.0 1707  2.3 9999  9.9
16  Sa        722 0000  0.0 0529  2.2 1223  0.0 1800  2.3
17  Su        722 0052  0.0 0624  2.2 1316  0.0 1854  2.2
18  Mo        722 0145  0.1 0721  2.1 1409  0.1 1949  2.2
19  Tu        722 0238  0.2 0819  2.1 1503  0.2 2046  2.1
20  We        722 0332  0.2 0917  2.0 1558  0.2 2143  2.0
21  Th        722 0427  0.3 1014  2.0 1653  0.3 2240  1.9
22  Fr        722 0521  0.3 1110  1.9 1749  0.4 2336  1.9
23  Sa        722 0613  0.3 1203  1.9 1843  0.4 9999  9.9
24  Su        722 0027  1.8 0703  0.4 1252  1.9 1934  0.4
25  Mo        722 0115  1.8 0750  0.4 1339  1.9 2022  0.4
26  Tu        722 0159  1.8 0835  0.4 1423  1.9 2106  0.4
27  We        722 0240  1.9 0918  0.3 1504  1.9 2147  0.4
28  Th        722 0319  1.9 0959  0.3 1542  2.0 2227  0.3
29  Fr        722 0356  1.9 1039  0.3 1620  2.0 2305  0.3
30  Sa        722 0433  1.9 1119  0.3 1657  2.0 2343  0.3
31  Su        722 0511  1.9 1159  0.3 1735  2.0 9999  9.9
 1  Mo        822 0023  0.4 0551  1.9 1240  0.3 1814  2.0
 2  Tu        822 0103  0.4 0634  1.9 1323  0.4 1857  1.9
 3  We        822 0147  0.4 0721  1.9 1409  0.4 1944  1.9
 4  Th        822 0235  0.4 0812  1.9 1459  0.4 2037  1.9
 5  Fr        822 0328  0.4 0908  1.9 1556  0.4 2135  1.9
 6  Sa        822 0427  0.4 1008  1.9 1659  0.4 2237  1.9
 7  Su        822 0528  0.4 1110  2.0 1805  0.4 2340  1.9
 8  Mo        822 0630  0.3 1211  2.1 1909  0.3 9999  9.9
 9  Tu        822 0040  2.0 0730  0.2 1311  2.1 2008  0.2
10  We        822 0138  2.1 0828  0.1 1408  2.2 2104  0.1
11  Th        822 0232  2.2 0923  0.0 1502  2.3 2156  0.0
12  Fr        822 0325  2.2 1017  0.0 1555  2.3 2247  0.0
13  Sa        822 0417  2.2 1109  0.0 1647  2.3 2337  0.0
14  Su        822 0509  2.2 1201  0.0 1738  2.3 9999  9.9
15  Mo        822 0026  0.0 0601  2.2 1251  0.0 1828  2.2
16  Tu        822 0116  0.1 0654  2.1 1342  0.1 1920  2.1
17  We        822 0207  0.2 0749  2.1 1433  0.2 2013  2.0
18  Th        822 0259  0.3 0845  2.0 1525  0.3 2109  1.9
19  Fr        822 0352  0.3 0942  1.9 1620  0.4 2207  1.8
20  Sa        822 0446  0.4 1038  1.9 1716  0.5 2305  1.8
21  Su        822 0539  0.4 1133  1.8 1811  0.5 2359  1.8
22  Mo        822 0630  0.4 1225  1.8 1904  0.5 9999  9.9
23  Tu        822 0048  1.8 0719  0.4 1312  1.9 1952  0.4
24  We        822 0132  1.8 0805  0.4 1355  1.9 2036  0.4
25  Th        822 0213  1.8 0848  0.4 1435  1.9 2117  0.3
26  Fr        822 0250  1.9 0930  0.3 1513  2.0 2157  0.3
27  Sa        822 0327  1.9 1011  0.3 1550  2.0 2235  0.3
28  Su        822 0405  1.9 1052  0.3 1628  2.0 2314  0.3
29  Mo        822 0443  2.0 1133  0.3 1707  2.0 2354  0.3
30  Tu        822 0525  2.0 1215  0.3 1747  2.0 9999  9.9
31  We        822 0036  0.3 0609  2.0 1300  0.3 1831  2.0
 1  Th        922 0122  0.4 0657  2.0 1348  0.3 1920  1.9
 2  Fr        922 0212  0.4 0749  2.0 1441  0.4 2014  1.9
 3  Sa        922 0308  0.4 0847  1.9 1541  0.4 2115  1.8
 4  Su        922 0409  0.4 0949  2.0 1646  0.4 2220  1.8
 5  Mo        922 0513  0.4 1053  2.0 1752  0.4 2324  1.9
 6  Tu        922 0615  0.3 1156  2.1 1855  0.3 9999  9.9
 7  We        922 0026  2.0 0715  0.2 1256  2.1 1952  0.2
 8  Th        922 0122  2.1 0812  0.1 1352  2.2 2046  0.1
 9  Fr        922 0216  2.2 0906  0.0 1445  2.3 2136  0.0
10  Sa        922 0307  2.2 0958  0.0 1536  2.3 2225  0.0
11  Su        922 0357  2.3 1048  0.0 1625  2.3 2312  0.0
12  Mo        922 0446  2.2 1137  0.0 1712  2.2 2359  0.1
13  Tu        922 0535  2.2 1225  0.1 1800  2.1 9999  9.9
14  We        922 0046  0.2 0626  2.1 1312  0.2 1848  2.0
15  Th        922 0134  0.2 0717  2.0 1401  0.3 1939  1.9
16  Fr        922 0224  0.3 0810  1.9 1451  0.4 2032  1.8
17  Sa        922 0315  0.4 0906  1.8 1544  0.5 2130  1.7
18  Su        922 0408  0.5 1003  1.8 1640  0.5 2230  1.7
19  Mo        922 0502  0.5 1059  1.8 1735  0.5 2326  1.7
20  Tu        922 0554  0.5 1151  1.8 1828  0.5 9999  9.9
21  We        922 0016  1.7 0643  0.5 1239  1.8 1917  0.5
22  Th        922 0100  1.8 0730  0.4 1322  1.9 2001  0.4
23  Fr        922 0140  1.8 0815  0.4 1402  1.9 2043  0.3
24  Sa        922 0218  1.9 0858  0.3 1440  2.0 2124  0.3
25  Su        922 0256  2.0 0941  0.3 1519  2.0 2204  0.3
26  Mo        922 0335  2.0 1024  0.2 1559  2.1 2245  0.2
27  Tu        922 0417  2.0 1108  0.2 1640  2.1 2328  0.2
28  We        922 0500  2.1 1153  0.2 1723  2.1 9999  9.9
29  Th        922 0013  0.3 0547  2.1 1241  0.3 1810  2.0
30  Fr        922 0102  0.3 0637  2.0 1333  0.3 1901  2.0
 1  Sa       1022 0156  0.3 0732  2.0 1429  0.3 1957  1.9
 2  Su       1022 0255  0.3 0832  2.0 1530  0.4 2100  1.9
 3  Mo       1022 0357  0.3 0935  2.0 1634  0.4 2206  1.9
 4  Tu       1022 0459  0.3 1040  2.0 1738  0.3 2311  1.9
 5  We       1022 0600  0.2 1143  2.1 1838  0.2 9999  9.9
 6  Th       1022 0011  2.0 0659  0.2 1241  2.1 1934  0.2
 7  Fr       1022 0106  2.1 0754  0.1 1335  2.2 2025  0.1
 8  Sa       1022 0158  2.2 0847  0.0 1426  2.2 2114  0.1
 9  Su       1022 0247  2.2 0937  0.0 1514  2.2 2200  0.1
10  Mo       1022 0335  2.2 1026  0.1 1600  2.2 2246  0.1
11  Tu       1022 0422  2.2 1112  0.1 1646  2.1 2331  0.1
12  We       1022 0509  2.1 1158  0.2 1731  2.1 9999  9.9
13  Th       1022 0016  0.2 0557  2.1 1244  0.3 1816  1.9
14  Fr       1022 0102  0.3 0645  2.0 1330  0.4 1904  1.8
15  Sa       1022 0149  0.4 0735  1.9 1417  0.5 1955  1.7
16  Su       1022 0238  0.5 0827  1.8 1507  0.5 2050  1.7
17  Mo       1022 0329  0.5 0921  1.8 1600  0.6 2148  1.6
18  Tu       1022 0421  0.5 1016  1.7 1655  0.6 2245  1.7
19  We       1022 0512  0.5 1108  1.8 1747  0.5 2335  1.7
20  Th       1022 0602  0.5 1157  1.8 1837  0.5 9999  9.9
21  Fr       1022 0019  1.8 0651  0.4 1241  1.9 1923  0.4
22  Sa       1022 0101  1.8 0738  0.4 1324  1.9 2007  0.3
23  Su       1022 0142  1.9 0825  0.3 1406  2.0 2050  0.3
24  Mo       1022 0224  2.0 0911  0.3 1448  2.1 2133  0.2
25  Tu       1022 0307  2.1 0958  0.2 1531  2.1 2218  0.2
26  We       1022 0352  2.1 1045  0.2 1615  2.1 2304  0.2
27  Th       1022 0439  2.1 1134  0.2 1702  2.1 2354  0.2
28  Fr       1022 0529  2.1 1226  0.2 1752  2.0 9999  9.9
29  Sa       1022 0047  0.2 0622  2.1 1320  0.2 1845  2.0
30  Su       1022 0143  0.2 0719  2.1 1417  0.3 1944  1.9
31  Mo       1022 0242  0.3 0819  2.1 1517  0.3 2048  1.9
 1  Tu       1122 0342  0.2 0922  2.0 1619  0.3 2153  1.9
 2  We       1122 0443  0.2 1026  2.1 1720  0.3 2256  2.0
 3  Th       1122 0543  0.2 1126  2.1 1818  0.2 2354  2.0
 4  Fr       1122 0640  0.1 1223  2.1 1912  0.2 9999  9.9
 5  Sa       1122 0048  2.1 0735  0.1 1316  2.1 2003  0.1
 6  Su       1122 0138  2.2 0826  0.1 1405  2.2 2050  0.1
 7  Mo       1122 0226  2.2 0916  0.1 1451  2.1 2136  0.1
 8  Tu       1122 0313  2.2 1003  0.2 1536  2.1 2221  0.2
 9  We       1122 0359  2.1 1048  0.2 1620  2.0 2305  0.2
10  Th       1122 0444  2.1 1132  0.3 1703  2.0 2348  0.3
11  Fr       1122 0529  2.0 1216  0.4 1746  1.9 9999  9.9
12  Sa       1122 0032  0.4 0615  1.9 1259  0.4 1830  1.8
13  Su       1122 0116  0.4 0700  1.9 1343  0.5 1917  1.7
14  Mo       1122 0202  0.5 0747  1.8 1430  0.5 2007  1.7
15  Tu       1122 0249  0.5 0836  1.8 1519  0.6 2100  1.6
16  We       1122 0337  0.5 0926  1.7 1610  0.6 2154  1.7
17  Th       1122 0427  0.5 1018  1.8 1702  0.5 2245  1.7
18  Fr       1122 0517  0.5 1108  1.8 1753  0.5 2333  1.8
19  Sa       1122 0609  0.4 1157  1.8 1841  0.4 9999  9.9
20  Su       1122 0020  1.8 0700  0.4 1244  1.9 1929  0.4
21  Mo       1122 0106  1.9 0752  0.3 1331  2.0 2016  0.3
22  Tu       1122 0152  2.0 0843  0.3 1418  2.0 2104  0.2
23  We       1122 0240  2.1 0934  0.2 1505  2.1 2153  0.2
24  Th       1122 0329  2.2 1025  0.2 1553  2.1 2244  0.2
25  Fr       1122 0420  2.2 1117  0.2 1643  2.1 2337  0.1
26  Sa       1122 0513  2.2 1210  0.2 1736  2.1 9999  9.9
27  Su       1122 0032  0.1 0608  2.2 1305  0.2 1831  2.0
28  Mo       1122 0128  0.1 0705  2.2 1402  0.2 1930  2.0
29  Tu       1122 0226  0.1 0804  2.1 1500  0.2 2032  2.0
30  We       1122 0324  0.1 0905  2.1 1559  0.2 2136  2.0
 1  Th       1222 0423  0.2 1007  2.1 1658  0.2 2237  2.0
 2  Fr       1222 0521  0.2 1106  2.1 1754  0.2 2334  2.0
 3  Sa       1222 0618  0.2 1202  2.1 1848  0.2 9999  9.9
 4  Su       1222 0027  2.1 0713  0.2 1254  2.1 1938  0.2
 5  Mo       1222 0117  2.1 0805  0.2 1343  2.0 2026  0.2
 6  Tu       1222 0205  2.1 0854  0.2 1429  2.0 2112  0.2
 7  We       1222 0252  2.1 0941  0.3 1513  2.0 2156  0.3
 8  Th       1222 0337  2.0 1025  0.3 1555  1.9 2240  0.3
 9  Fr       1222 0421  2.0 1108  0.4 1636  1.9 2322  0.3
10  Sa       1222 0503  1.9 1149  0.4 1717  1.8 9999  9.9
11  Su       1222 0004  0.4 0545  1.9 1229  0.4 1758  1.8
12  Mo       1222 0045  0.4 0626  1.9 1310  0.5 1841  1.7
13  Tu       1222 0127  0.5 0708  1.8 1353  0.5 1925  1.7
14  We       1222 0210  0.5 0751  1.8 1438  0.5 2013  1.7
15  Th       1222 0255  0.5 0838  1.8 1525  0.5 2103  1.7
16  Fr       1222 0342  0.5 0927  1.8 1616  0.5 2155  1.7
17  Sa       1222 0433  0.5 1020  1.8 1708  0.5 2247  1.8
18  Su       1222 0528  0.5 1114  1.8 1801  0.4 2340  1.9
19  Mo       1222 0624  0.4 1207  1.9 1854  0.4 9999  9.9
20  Tu       1222 0032  1.9 0722  0.4 1300  1.9 1946  0.3
21  We       1222 0124  2.0 0818  0.3 1351  2.0 2039  0.2
22  Th       1222 0217  2.1 0913  0.2 1442  2.1 2133  0.2
23  Fr       1222 0310  2.2 1007  0.2 1534  2.1 2227  0.1
24  Sa       1222 0403  2.2 1100  0.1 1626  2.1 2321  0.1
25  Su       1222 0457  2.3 1153  0.1 1720  2.1 9999  9.9
26  Mo       1222 0016  0.0 0552  2.3 1247  0.1 1815  2.1
27  Tu       1222 0111  0.0 0648  2.2 1341  0.1 1913  2.1
28  We       1222 0206  0.1 0745  2.2 1437  0.1 2012  2.1
29  Th       1222 0302  0.1 0844  2.1 1534  0.2 2113  2.0
30  Fr       1222 0359  0.1 0943  2.1 1631  0.2 2213  2.0
31  Sa       1222 0456  0.2 1042  2.0 1727  0.2 2310  2.0
 1  Su        123 0553  0.2 1138  2.0 1821  0.3 9999  9.9
 2  Mo        123 0004  2.0 0649  0.3 1231  2.0 1913  0.3
 3  Tu        123 0056  2.0 0742  0.3 1321  1.9 2002  0.3
 4  We        123 0145  2.0 0832  0.3 1407  1.9 2048  0.3
 5  Th        123 0231  2.0 0918  0.4 1450  1.9 2133  0.3
 6  Fr        123 0315  2.0 1001  0.4 1532  1.9 2215  0.3
 7  Sa        123 0357  1.9 1042  0.4 1611  1.9 2256  0.4
 8  Su        123 0437  1.9 1121  0.4 1650  1.8 2336  0.4
 9  Mo        123 0515  1.9 1159  0.4 1728  1.8 9999  9.9
10  Tu        123 0015  0.4 0553  1.9 1237  0.4 1807  1.8
11  We        123 0054  0.4 0631  1.9 1317  0.5 1848  1.8
12  Th        123 0135  0.4 0712  1.8 1359  0.5 1932  1.8
13  Fr        123 0217  0.5 0755  1.8 1444  0.5 2020  1.8
14  Sa        123 0303  0.5 0844  1.8 1534  0.5 2112  1.8
15  Su        123 0355  0.5 0938  1.8 1628  0.5 2207  1.8
16  Mo        123 0453  0.5 1036  1.8 1725  0.5 2305  1.9
17  Tu        123 0555  0.5 1135  1.8 1824  0.4 9999  9.9
18  We        123 0003  1.9 0657  0.4 1233  1.9 1922  0.3
19  Th        123 0101  2.0 0758  0.3 1329  2.0 2019  0.2
20  Fr        123 0157  2.1 0854  0.2 1423  2.1 2114  0.1
21  Sa        123 0252  2.2 0949  0.1 1516  2.2 2209  0.0
22  Su        123 0347  2.3 1041  0.1 1608  2.2 2303  0.0
23  Mo        123 0440  2.3 1133  0.0 1702  2.2 2356  0.0
24  Tu        123 0533  2.3 1225  0.0 1756  2.2 9999  9.9
25  We        123 0049  0.0 0627  2.3 1317  0.1 1851  2.2
26  Th        123 0143  0.0 0721  2.2 1411  0.1 1948  2.1
27  Fr        123 0236  0.1 0817  2.1 1505  0.2 2046  2.1
28  Sa        123 0332  0.2 0915  2.0 1601  0.3 2145  2.0
29  Su        123 0428  0.3 1014  1.9 1658  0.3 2244  2.0
30  Mo        123 0526  0.3 1113  1.9 1753  0.3 2340  1.9
31  Tu        123 0623  0.4 1208  1.9 1846  0.4 9999  9.9
 1  We        223 0033  1.9 0717  0.4 1258  1.8 1936  0.4
 2  Th        223 0123  1.9 0807  0.4 1345  1.9 2023  0.4
 3  Fr        223 0209  1.9 0853  0.4 1427  1.9 2107  0.4
 4  Sa        223 0252  1.9 0934  0.4 1507  1.9 2148  0.3
 5  Su        223 0332  1.9 1013  0.4 1545  1.9 2228  0.3
 6  Mo        223 0409  1.9 1051  0.4 1621  1.9 2307  0.3
 7  Tu        223 0445  1.9 1128  0.4 1657  1.9 2345  0.3
 8  We        223 0520  1.9 1205  0.4 1734  1.9 9999  9.9
 9  Th        223 0023  0.4 0558  1.9 1243  0.4 1814  1.9
10  Fr        223 0104  0.4 0637  1.9 1325  0.5 1857  1.8
11  Sa        223 0146  0.4 0721  1.9 1410  0.5 1945  1.8
12  Su        223 0233  0.5 0809  1.8 1500  0.5 2038  1.8
13  Mo        223 0327  0.5 0905  1.8 1557  0.5 2136  1.8
14  Tu        223 0428  0.5 1006  1.8 1658  0.5 2238  1.9
15  We        223 0534  0.5 1110  1.8 1801  0.4 2341  2.0
16  Th        223 0639  0.4 1212  1.9 1902  0.3 9999  9.9
17  Fr        223 0041  2.0 0739  0.3 1310  2.0 2000  0.2
18  Sa        223 0139  2.1 0836  0.2 1405  2.1 2056  0.1
19  Su        223 0235  2.2 0929  0.1 1458  2.2 2150  0.0
20  Mo        223 0328  2.3 1020  0.0 1549  2.3 2243 -0.1
21  Tu        223 0420  2.3 1110  0.0 1641  2.3 2335 -0.1
22  We        223 0511  2.3 1200  0.0 1733  2.3 9999  9.9
23  Th        223 0026  0.0 0602  2.3 1250  0.1 1826  2.2
24  Fr        223 0117  0.0 0654  2.2 1341  0.1 1920  2.1
25  Sa        223 0209  0.1 0747  2.0 1435  0.2 2017  2.0
26  Su        223 0302  0.3 0844  1.9 1530  0.3 2115  1.9
27  Mo        223 0358  0.4 0944  1.8 1626  0.4 2214  1.9
28  Tu        223 0456  0.4 1044  1.8 1722  0.4 2312  1.8
 1  We        323 0554  0.5 1141  1.8 1815  0.4 9999  9.9
 2  Th        323 0007  1.8 0648  0.5 1233  1.8 1906  0.4
 3  Fr        323 0057  1.8 0737  0.5 1319  1.8 1953  0.4
 4  Sa        323 0142  1.9 0822  0.4 1401  1.8 2036  0.4
 5  Su        323 0224  1.9 0903  0.4 1439  1.9 2118  0.3
 6  Mo        323 0301  1.9 0941  0.3 1515  1.9 2157  0.3
 7  Tu        323 0337  2.0 1018  0.3 1550  1.9 2236  0.3
 8  We        323 0413  2.0 1056  0.3 1626  1.9 2316  0.3
 9  Th        323 0449  2.0 1134  0.3 1705  1.9 2356  0.3
10  Fr        323 0527  2.0 1213  0.4 1746  1.9 9999  9.9
11  Sa        323 0038  0.3 0608  1.9 1256  0.4 1830  1.9
12  Su        323 0123  0.4 0653  1.9 1344  0.5 1919  1.9
13  Mo        323 0212  0.4 0744  1.8 1437  0.5 2014  1.9
14  Tu        323 0309  0.5 0841  1.8 1537  0.5 2114  1.9
15  We        323 0412  0.5 0945  1.8 1640  0.4 2218  1.9
16  Th        323 0518  0.4 1051  1.8 1743  0.4 2323  2.0
17  Fr        323 0622  0.4 1154  1.9 1844  0.3 9999  9.9
18  Sa        323 0024  2.1 0721  0.3 1252  2.0 1942  0.2
19  Su        323 0122  2.2 0816  0.2 1346  2.2 2037  0.1
20  Mo        323 0216  2.2 0907  0.1 1438  2.2 2130  0.0
21  Tu        323 0308  2.3 0956  0.0 1529  2.3 2222  0.0
22  We        323 0358  2.3 1045  0.0 1619  2.3 2312  0.0
23  Th        323 0446  2.3 1133  0.0 1709  2.3 9999  9.9
24  Fr        323 0001  0.0 0535  2.2 1222  0.1 1800  2.2
25  Sa        323 0050  0.1 0624  2.1 1312  0.2 1852  2.1
26  Su        323 0140  0.2 0716  2.0 1403  0.3 1946  2.0
27  Mo        323 0232  0.3 0811  1.8 1456  0.4 2042  1.9
28  Tu        323 0326  0.4 0910  1.8 1551  0.5 2141  1.8
29  We        323 0422  0.5 1011  1.7 1646  0.5 2239  1.8
30  Th        323 0518  0.5 1110  1.7 1739  0.5 2334  1.8
31  Fr        323 0612  0.5 1202  1.7 1829  0.5 9999  9.9
 1  Sa        423 0024  1.8 0701  0.5 1247  1.8 1916  0.4
 2  Su        423 0108  1.8 0745  0.4 1327  1.8 2001  0.4
 3  Mo        423 0149  1.9 0826  0.4 1405  1.9 2043  0.4
 4  Tu        423 0226  1.9 0906  0.3 1441  1.9 2125  0.3
 5  We        423 0303  2.0 0945  0.3 1518  2.0 2206  0.3
 6  Th        423 0341  2.0 1024  0.3 1557  2.0 2248  0.3
 7  Fr        423 0419  2.0 1105  0.3 1638  2.0 2332  0.3
 8  Sa        423 0500  2.0 1148  0.3 1722  2.0 9999  9.9
 9  Su        423 0017  0.3 0544  1.9 1235  0.4 1809  2.0
10  Mo        423 0106  0.3 0632  1.9 1326  0.4 1901  2.0
11  Tu        423 0159  0.4 0725  1.8 1422  0.4 1957  2.0
12  We        423 0257  0.4 0825  1.8 1522  0.4 2059  1.9
13  Th        423 0359  0.4 0930  1.8 1624  0.4 2203  2.0
14  Fr        423 0502  0.4 1036  1.9 1726  0.3 2306  2.0
15  Sa        423 0604  0.3 1137  2.0 1826  0.2 9999  9.9
16  Su        423 0007  2.1 0701  0.2 1234  2.1 1923  0.1
17  Mo        423 0103  2.2 0754  0.1 1327  2.2 2017  0.1
18  Tu        423 0156  2.2 0844  0.1 1418  2.2 2110  0.0
19  We        423 0246  2.2 0932  0.1 1508  2.3 2200  0.0
20  Th        423 0334  2.2 1020  0.1 1556  2.3 2249  0.1
21  Fr        423 0421  2.2 1107  0.1 1645  2.2 2337  0.1
22  Sa        423 0508  2.1 1154  0.2 1734  2.1 9999  9.9
23  Su        423 0024  0.2 0555  2.0 1242  0.3 1823  2.0
24  Mo        423 0112  0.3 0644  1.9 1331  0.4 1914  1.9
25  Tu        423 0200  0.4 0736  1.8 1422  0.4 2007  1.8
26  We        423 0251  0.5 0832  1.7 1513  0.5 2102  1.8
27  Th        423 0343  0.5 0932  1.7 1605  0.5 2157  1.8
28  Fr        423 0437  0.5 1029  1.7 1656  0.5 2251  1.7
29  Sa        423 0529  0.5 1120  1.7 1745  0.5 2341  1.8
30  Su        423 0617  0.5 1206  1.8 1834  0.5 9999  9.9
 1  Mo        523 0026  1.8 0703  0.4 1247  1.8 1921  0.4
 2  Tu        523 0108  1.9 0747  0.4 1326  1.9 2007  0.4
 3  We        523 0148  1.9 0829  0.3 1406  2.0 2052  0.3
 4  Th        523 0229  2.0 0911  0.3 1447  2.0 2137  0.3
 5  Fr        523 0310  2.0 0954  0.3 1530  2.1 2224  0.3
 6  Sa        523 0353  2.0 1040  0.3 1615  2.1 2311  0.3
 7  Su        523 0437  2.0 1127  0.3 1702  2.1 9999  9.9
 8  Mo        523 0000  0.3 0525  2.0 1218  0.3 1753  2.1
 9  Tu        523 0051  0.3 0616  1.9 1312  0.3 1847  2.1
10  We        523 0146  0.3 0711  1.9 1409  0.3 1944  2.0
11  Th        523 0243  0.3 0812  1.9 1508  0.3 2044  2.0
12  Fr        523 0343  0.3 0915  1.9 1608  0.3 2147  2.0
13  Sa        523 0444  0.3 1019  2.0 1707  0.2 2249  2.1
14  Su        523 0542  0.2 1119  2.0 1806  0.2 2348  2.1
15  Mo        523 0638  0.2 1215  2.1 1902  0.2 9999  9.9
16  Tu        523 0043  2.1 0731  0.1 1307  2.2 1957  0.1
17  We        523 0135  2.1 0821  0.1 1358  2.2 2049  0.1
18  Th        523 0224  2.1 0909  0.1 1447  2.2 2139  0.1
19  Fr        523 0311  2.1 0956  0.1 1535  2.2 2227  0.2
20  Sa        523 0357  2.1 1043  0.2 1622  2.1 2313  0.2
21  Su        523 0442  2.0 1129  0.3 1709  2.1 2359  0.3
22  Mo        523 0528  1.9 1214  0.3 1756  2.0 9999  9.9
23  Tu        523 0043  0.4 0614  1.8 1300  0.4 1843  1.9
24  We        523 0128  0.4 0702  1.8 1346  0.5 1930  1.8
25  Th        523 0214  0.5 0752  1.7 1433  0.5 2018  1.8
26  Fr        523 0301  0.5 0845  1.7 1520  0.5 2108  1.8
27  Sa        523 0350  0.5 0938  1.7 1608  0.5 2158  1.7
28  Su        523 0440  0.5 1029  1.7 1657  0.5 2249  1.8
29  Mo        523 0530  0.5 1117  1.7 1748  0.5 2337  1.8
30  Tu        523 0618  0.5 1202  1.8 1839  0.5 9999  9.9
31  We        523 0024  1.8 0706  0.4 1247  1.9 1930  0.4
 1  Th        623 0110  1.9 0753  0.3 1332  2.0 2021  0.3
 2  Fr        623 0156  1.9 0840  0.3 1418  2.0 2112  0.3
 3  Sa        623 0242  2.0 0928  0.3 1506  2.1 2202  0.2
 4  Su        623 0329  2.0 1018  0.2 1555  2.2 2252  0.2
 5  Mo        623 0417  2.0 1109  0.2 1646  2.2 2344  0.2
 6  Tu        623 0508  2.0 1203  0.2 1738  2.2 9999  9.9
 7  We        623 0036  0.2 0601  2.0 1257  0.2 1833  2.2
 8  Th        623 0130  0.2 0657  2.0 1353  0.2 1929  2.2
 9  Fr        623 0226  0.2 0757  2.0 1450  0.2 2028  2.1
10  Sa        623 0323  0.2 0858  2.0 1547  0.2 2128  2.1
11  Su        623 0421  0.2 0959  2.0 1646  0.2 2228  2.1
12  Mo        623 0518  0.2 1058  2.1 1744  0.2 2327  2.1
13  Tu        623 0614  0.2 1154  2.1 1841  0.2 9999  9.9
14  We        623 0022  2.0 0707  0.2 1247  2.1 1937  0.2
15  Th        623 0114  2.0 0758  0.2 1338  2.1 2029  0.2
16  Fr        623 0203  2.0 0847  0.2 1427  2.1 2119  0.2
17  Sa        623 0250  2.0 0934  0.2 1515  2.1 2206  0.3
18  Su        623 0335  2.0 1020  0.3 1601  2.0 2251  0.3
19  Mo        623 0419  1.9 1104  0.3 1645  2.0 2333  0.4
20  Tu        623 0501  1.9 1147  0.4 1729  2.0 9999  9.9
21  We        623 0014  0.4 0544  1.8 1230  0.4 1811  1.9
22  Th        623 0055  0.4 0627  1.8 1311  0.4 1852  1.9
23  Fr        623 0136  0.5 0712  1.7 1353  0.5 1935  1.8
24  Sa        623 0219  0.5 0758  1.7 1436  0.5 2019  1.8
25  Su        623 0304  0.5 0846  1.7 1521  0.5 2106  1.8
26  Mo        623 0352  0.5 0936  1.7 1610  0.5 2156  1.8
27  Tu        623 0442  0.5 1027  1.8 1703  0.5 2249  1.8
28  We        623 0534  0.5 1118  1.8 1800  0.5 2343  1.8
29  Th        623 0627  0.4 1210  1.9 1857  0.4 9999  9.9
30  Fr        623 0036  1.9 0720  0.4 1301  2.0 1954  0.4
