105Elaine Bay
Based on data from 20-Feb-2020
Local Std Time, tidal heights in metres.
 1  Mo        724 0432  2.3 1026  0.9 1702  2.2 2308  1.0
 2  Tu        724 0542  2.3 1128  0.9 1820  2.2 9999  9.9
 3  We        724 0031  1.0 0646  2.3 1230  0.9 1934  2.3
 4  Th        724 0135  0.9 0744  2.4 1332  0.9 2034  2.4
 5  Fr        724 0226  0.8 0837  2.4 1431  0.9 2123  2.6
 6  Sa        724 0310  0.7 0927  2.4 1523  0.8 2205  2.7
 7  Su        724 0350  0.6 1014  2.5 1607  0.7 2243  2.7
 8  Mo        724 0428  0.6 1057  2.5 1646  0.7 2318  2.7
 9  Tu        724 0506  0.6 1138  2.5 1720  0.7 2351  2.7
10  We        724 0544  0.7 1216  2.5 1753  0.7 9999  9.9
11  Th        724 0024  2.6 0623  0.7 1253  2.5 1826  0.7
12  Fr        724 0056  2.5 0704  0.8 1328  2.4 1859  0.8
13  Sa        724 0132  2.4 0747  0.8 1404  2.4 1934  0.9
14  Su        724 0212  2.3 0834  0.9 1442  2.3 2015  1.0
15  Mo        724 0304  2.2 0924  0.9 1525  2.2 2108  1.1
16  Tu        724 0408  2.1 1018  1.0 1620  2.1 2228  1.2
17  We        724 0520  2.1 1117  1.0 1735  2.1 9999  9.9
18  Th        724 0002  1.1 0628  2.1 1221  1.0 1901  2.2
19  Fr        724 0111  1.0 0730  2.2 1325  0.9 2008  2.3
20  Sa        724 0203  0.9 0826  2.3 1425  0.8 2059  2.5
21  Su        724 0248  0.7 0918  2.4 1516  0.7 2142  2.7
22  Mo        724 0329  0.6 1007  2.6 1602  0.6 2223  2.9
23  Tu        724 0410  0.5 1053  2.7 1643  0.5 2302  2.9
24  We        724 0451  0.4 1137  2.7 1721  0.4 2342  3.0
25  Th        724 0533  0.4 1219  2.7 1759  0.4 9999  9.9
26  Fr        724 0023  2.9 0617  0.5 1301  2.7 1837  0.5
27  Sa        724 0106  2.8 0703  0.6 1342  2.6 1918  0.6
28  Su        724 0153  2.6 0752  0.7 1425  2.5 2004  0.8
29  Mo        724 0248  2.4 0844  0.8 1513  2.3 2103  0.9
30  Tu        724 0351  2.3 0942  0.9 1615  2.2 2233  1.1
31  We        724 0505  2.2 1047  1.1 1748  2.1 9999  9.9
 1  Th        824 0013  1.1 0621  2.1 1203  1.1 1925  2.2
 2  Fr        824 0125  1.0 0731  2.2 1323  1.1 2029  2.3
 3  Sa        824 0217  0.9 0831  2.3 1431  1.0 2116  2.5
 4  Su        824 0300  0.8 0921  2.4 1520  0.8 2154  2.6
 5  Mo        824 0337  0.7 1005  2.5 1558  0.7 2228  2.7
 6  Tu        824 0412  0.6 1044  2.5 1630  0.6 2259  2.7
 7  We        824 0446  0.6 1119  2.6 1700  0.6 2329  2.7
 8  Th        824 0520  0.6 1152  2.6 1728  0.6 2358  2.7
 9  Fr        824 0553  0.6 1223  2.6 1756  0.6 9999  9.9
10  Sa        824 0026  2.6 0627  0.6 1253  2.6 1824  0.6
11  Su        824 0056  2.5 0702  0.7 1323  2.5 1853  0.7
12  Mo        824 0129  2.4 0741  0.8 1356  2.4 1927  0.9
13  Tu        824 0209  2.2 0824  0.9 1433  2.3 2010  1.0
14  We        824 0303  2.1 0917  1.0 1520  2.2 2119  1.2
15  Th        824 0417  2.0 1024  1.1 1634  2.1 2319  1.2
16  Fr        824 0546  2.0 1144  1.1 1829  2.1 9999  9.9
17  Sa        824 0046  1.1 0708  2.1 1305  1.0 1950  2.3
18  Su        824 0143  0.9 0814  2.3 1410  0.9 2042  2.5
19  Mo        824 0230  0.7 0907  2.5 1502  0.7 2125  2.8
20  Tu        824 0312  0.5 0954  2.7 1545  0.5 2205  3.0
21  We        824 0353  0.4 1037  2.8 1624  0.3 2244  3.1
22  Th        824 0433  0.3 1118  2.9 1701  0.3 2323  3.1
23  Fr        824 0513  0.3 1157  2.9 1737  0.3 9999  9.9
24  Sa        824 0002  3.0 0554  0.4 1235  2.8 1813  0.4
25  Su        824 0043  2.8 0635  0.5 1313  2.7 1851  0.5
26  Mo        824 0126  2.6 0719  0.7 1352  2.5 1933  0.7
27  Tu        824 0215  2.4 0806  0.8 1434  2.3 2029  1.0
28  We        824 0315  2.2 0900  1.0 1530  2.1 2207  1.2
29  Th        824 0432  2.0 1010  1.2 1727  2.0 9999  9.9
30  Fr        824 0000  1.2 0603  2.0 1143  1.2 1923  2.1
31  Sa        824 0112  1.1 0723  2.1 1323  1.2 2020  2.3
 1  Su        924 0202  0.9 0822  2.2 1428  1.0 2100  2.5
 2  Mo        924 0242  0.8 0908  2.4 1508  0.8 2134  2.6
 3  Tu        924 0316  0.7 0947  2.5 1539  0.7 2204  2.7
 4  We        924 0348  0.6 1021  2.6 1607  0.6 2233  2.8
 5  Th        924 0419  0.5 1052  2.7 1633  0.5 2301  2.8
 6  Fr        924 0450  0.5 1122  2.7 1659  0.5 2328  2.7
 7  Sa        924 0521  0.5 1151  2.7 1725  0.5 2354  2.7
 8  Su        924 0552  0.6 1219  2.7 1751  0.6 9999  9.9
 9  Mo        924 0022  2.5 0623  0.7 1247  2.6 1818  0.7
10  Tu        924 0054  2.4 0658  0.8 1318  2.5 1850  0.8
11  We        924 0131  2.3 0738  0.9 1353  2.3 1931  1.0
12  Th        924 0222  2.1 0830  1.0 1438  2.2 2039  1.1
13  Fr        924 0336  2.0 0942  1.1 1553  2.0 2248  1.2
14  Sa        924 0517  2.0 1115  1.2 1805  2.1 9999  9.9
15  Su        924 0020  1.0 0649  2.1 1243  1.0 1928  2.3
16  Mo        924 0119  0.8 0755  2.3 1350  0.8 2019  2.6
17  Tu        924 0206  0.6 0847  2.5 1440  0.6 2102  2.8
18  We        924 0248  0.5 0932  2.7 1522  0.4 2142  3.0
19  Th        924 0329  0.3 1014  2.9 1601  0.3 2220  3.1
20  Fr        924 0409  0.3 1053  3.0 1637  0.2 2259  3.1
21  Sa        924 0449  0.3 1131  3.0 1713  0.2 2338  3.0
22  Su        924 0529  0.4 1209  2.9 1749  0.4 9999  9.9
23  Mo        924 0019  2.8 0609  0.5 1245  2.7 1827  0.5
24  Tu        924 0101  2.6 0650  0.7 1322  2.5 1909  0.8
25  We        924 0149  2.3 0735  0.9 1402  2.3 2006  1.0
26  Th        924 0248  2.1 0828  1.1 1456  2.1 2152  1.2
27  Fr        924 0408  2.0 0939  1.2 1714  1.9 2340  1.2
28  Sa        924 0544  1.9 1121  1.3 1904  2.1 9999  9.9
29  Su        924 0046  1.1 0703  2.0 1304  1.2 1955  2.3
30  Mo        924 0133  0.9 0758  2.2 1404  1.0 2032  2.4
 1  Tu       1024 0211  0.8 0841  2.4 1441  0.9 2104  2.6
 2  We       1024 0245  0.7 0918  2.5 1511  0.7 2134  2.7
 3  Th       1024 0317  0.6 0951  2.6 1538  0.6 2202  2.7
 4  Fr       1024 0348  0.5 1022  2.7 1604  0.5 2229  2.7
 5  Sa       1024 0419  0.5 1051  2.8 1630  0.5 2257  2.7
 6  Su       1024 0450  0.5 1120  2.8 1656  0.5 2325  2.6
 7  Mo       1024 0521  0.6 1149  2.7 1722  0.6 2355  2.5
 8  Tu       1024 0554  0.7 1218  2.6 1751  0.7 9999  9.9
 9  We       1024 0029  2.4 0629  0.8 1250  2.5 1826  0.8
10  Th       1024 0110  2.3 0711  0.9 1327  2.4 1912  0.9
11  Fr       1024 0204  2.1 0804  1.0 1415  2.2 2028  1.1
12  Sa       1024 0320  2.0 0915  1.1 1535  2.1 2224  1.1
13  Su       1024 0455  2.0 1046  1.1 1737  2.1 2348  1.0
14  Mo       1024 0621  2.2 1213  1.0 1856  2.4 9999  9.9
15  Tu       1024 0046  0.8 0726  2.4 1321  0.8 1949  2.6
16  We       1024 0135  0.6 0819  2.6 1413  0.6 2033  2.8
17  Th       1024 0219  0.5 0906  2.8 1457  0.4 2115  3.0
18  Fr       1024 0302  0.4 0948  2.9 1537  0.3 2155  3.0
19  Sa       1024 0344  0.3 1029  3.0 1615  0.2 2235  3.0
20  Su       1024 0425  0.4 1108  3.0 1652  0.3 2316  2.9
21  Mo       1024 0506  0.5 1145  2.9 1729  0.4 2358  2.7
22  Tu       1024 0547  0.6 1222  2.7 1809  0.6 9999  9.9
23  We       1024 0042  2.5 0629  0.8 1300  2.5 1854  0.8
24  Th       1024 0132  2.3 0714  0.9 1341  2.3 1957  1.0
25  Fr       1024 0231  2.1 0805  1.1 1437  2.1 2132  1.2
26  Sa       1024 0343  2.0 0910  1.2 1638  2.0 2300  1.1
27  Su       1024 0505  2.0 1038  1.3 1819  2.1 9999  9.9
28  Mo       1024 0002  1.1 0618  2.1 1213  1.2 1913  2.2
29  Tu       1024 0049  0.9 0716  2.2 1320  1.1 1953  2.4
30  We       1024 0129  0.8 0802  2.3 1403  0.9 2027  2.5
31  Th       1024 0206  0.7 0842  2.5 1437  0.8 2058  2.6
 1  Fr       1124 0242  0.6 0918  2.6 1507  0.6 2129  2.6
 2  Sa       1124 0317  0.6 0951  2.7 1536  0.6 2159  2.6
 3  Su       1124 0351  0.6 1023  2.7 1604  0.5 2230  2.6
 4  Mo       1124 0425  0.6 1054  2.7 1633  0.6 2303  2.5
 5  Tu       1124 0500  0.6 1125  2.7 1702  0.6 2338  2.5
 6  We       1124 0536  0.7 1158  2.6 1736  0.7 9999  9.9
 7  Th       1124 0018  2.4 0615  0.8 1233  2.6 1816  0.8
 8  Fr       1124 0105  2.3 0659  0.9 1314  2.4 1909  0.9
 9  Sa       1124 0203  2.2 0750  0.9 1407  2.3 2025  1.0
10  Su       1124 0311  2.1 0854  1.0 1525  2.2 2155  1.0
11  Mo       1124 0426  2.1 1012  1.0 1702  2.3 2308  0.9
12  Tu       1124 0542  2.2 1136  1.0 1818  2.4 9999  9.9
13  We       1124 0008  0.8 0650  2.4 1248  0.8 1915  2.6
14  Th       1124 0100  0.7 0748  2.5 1345  0.6 2003  2.7
15  Fr       1124 0149  0.6 0839  2.7 1433  0.5 2048  2.8
16  Sa       1124 0236  0.5 0926  2.8 1515  0.4 2132  2.8
17  Su       1124 0322  0.5 1008  2.9 1556  0.4 2215  2.8
18  Mo       1124 0407  0.5 1049  2.9 1635  0.4 2259  2.7
19  Tu       1124 0451  0.6 1128  2.8 1715  0.5 2344  2.6
20  We       1124 0533  0.7 1207  2.7 1758  0.7 9999  9.9
21  Th       1124 0031  2.4 0615  0.8 1246  2.5 1846  0.8
22  Fr       1124 0121  2.3 0658  0.9 1328  2.3 1945  1.0
23  Sa       1124 0213  2.2 0743  1.0 1420  2.2 2056  1.0
24  Su       1124 0309  2.1 0836  1.1 1540  2.1 2206  1.1
25  Mo       1124 0409  2.1 0941  1.2 1710  2.1 2304  1.0
26  Tu       1124 0513  2.1 1103  1.2 1815  2.1 2355  1.0
27  We       1124 0616  2.1 1221  1.1 1903  2.2 9999  9.9
28  Th       1124 0040  0.9 0713  2.2 1318  1.0 1943  2.3
29  Fr       1124 0124  0.8 0802  2.4 1401  0.9 2021  2.4
30  Sa       1124 0207  0.8 0845  2.5 1438  0.8 2057  2.5
 1  Su       1224 0249  0.7 0924  2.6 1512  0.7 2133  2.5
 2  Mo       1224 0330  0.7 1000  2.7 1544  0.6 2211  2.5
 3  Tu       1224 0410  0.7 1035  2.7 1617  0.6 2251  2.5
 4  We       1224 0449  0.7 1110  2.7 1652  0.6 2333  2.5
 5  Th       1224 0527  0.7 1146  2.7 1730  0.6 9999  9.9
 6  Fr       1224 0018  2.4 0607  0.7 1224  2.6 1815  0.7
 7  Sa       1224 0106  2.4 0649  0.7 1308  2.6 1908  0.8
 8  Su       1224 0156  2.3 0735  0.8 1400  2.5 2011  0.8
 9  Mo       1224 0251  2.3 0829  0.9 1506  2.4 2119  0.9
10  Tu       1224 0351  2.3 0934  0.9 1623  2.3 2225  0.8
11  We       1224 0457  2.3 1054  1.0 1737  2.4 2326  0.8
12  Th       1224 0609  2.3 1214  0.9 1840  2.5 9999  9.9
13  Fr       1224 0024  0.8 0718  2.4 1320  0.8 1935  2.5
14  Sa       1224 0120  0.7 0818  2.5 1414  0.6 2026  2.6
15  Su       1224 0215  0.7 0910  2.7 1500  0.6 2115  2.6
16  Mo       1224 0308  0.7 0955  2.7 1543  0.5 2203  2.6
17  Tu       1224 0358  0.7 1038  2.8 1625  0.5 2250  2.6
18  We       1224 0442  0.7 1117  2.8 1706  0.6 2337  2.5
19  Th       1224 0523  0.7 1155  2.7 1748  0.7 9999  9.9
20  Fr       1224 0021  2.4 0601  0.7 1232  2.6 1832  0.8
21  Sa       1224 0104  2.4 0638  0.8 1311  2.5 1920  0.8
22  Su       1224 0146  2.3 0715  0.9 1352  2.3 2012  0.9
23  Mo       1224 0228  2.3 0756  1.0 1443  2.2 2107  1.0
24  Tu       1224 0312  2.2 0844  1.1 1548  2.1 2201  1.0
25  We       1224 0402  2.1 0947  1.1 1658  2.1 2254  1.0
26  Th       1224 0501  2.1 1110  1.2 1801  2.1 2347  1.0
27  Fr       1224 0611  2.1 1229  1.1 1855  2.2 9999  9.9
28  Sa       1224 0041  0.9 0720  2.2 1327  1.0 1944  2.3
29  Su       1224 0135  0.9 0816  2.3 1413  0.9 2031  2.3
30  Mo       1224 0227  0.8 0902  2.5 1452  0.8 2116  2.4
31  Tu       1224 0315  0.7 0943  2.6 1530  0.7 2201  2.5
 1  We        125 0359  0.7 1021  2.7 1606  0.6 2245  2.5
 2  Th        125 0439  0.6 1058  2.8 1644  0.5 2329  2.6
 3  Fr        125 0517  0.6 1136  2.8 1724  0.5 9999  9.9
 4  Sa        125 0012  2.6 0555  0.5 1215  2.8 1807  0.6
 5  Su        125 0055  2.6 0633  0.6 1257  2.7 1854  0.6
 6  Mo        125 0138  2.5 0714  0.6 1345  2.6 1946  0.7
 7  Tu        125 0223  2.5 0800  0.7 1440  2.5 2042  0.8
 8  We        125 0313  2.4 0856  0.9 1544  2.4 2141  0.8
 9  Th        125 0412  2.3 1012  1.0 1656  2.3 2244  0.9
10  Fr        125 0528  2.2 1145  1.0 1807  2.3 2350  0.9
11  Sa        125 0655  2.2 1303  0.9 1913  2.3 9999  9.9
12  Su        125 0059  0.9 0807  2.4 1403  0.8 2013  2.4
13  Mo        125 0207  0.9 0903  2.5 1452  0.7 2108  2.4
14  Tu        125 0306  0.8 0948  2.7 1535  0.6 2158  2.5
15  We        125 0354  0.7 1028  2.7 1615  0.6 2244  2.5
16  Th        125 0434  0.7 1105  2.8 1653  0.6 2325  2.6
17  Fr        125 0508  0.6 1139  2.7 1730  0.6 9999  9.9
18  Sa        125 0003  2.6 0541  0.6 1212  2.7 1808  0.6
19  Su        125 0039  2.5 0612  0.6 1244  2.6 1847  0.7
20  Mo        125 0113  2.5 0643  0.7 1318  2.5 1927  0.8
21  Tu        125 0146  2.4 0716  0.8 1354  2.3 2010  0.9
22  We        125 0221  2.3 0753  0.9 1439  2.2 2057  0.9
23  Th        125 0300  2.2 0839  1.1 1536  2.1 2150  1.0
24  Fr        125 0349  2.1 0951  1.2 1648  2.0 2251  1.1
25  Sa        125 0500  2.1 1137  1.2 1804  2.0 2358  1.1
26  Su        125 0637  2.1 1256  1.1 1913  2.1 9999  9.9
27  Mo        125 0108  1.0 0753  2.2 1350  0.9 2013  2.2
28  Tu        125 0211  0.9 0845  2.4 1434  0.8 2105  2.4
29  We        125 0302  0.8 0927  2.6 1514  0.6 2152  2.5
30  Th        125 0346  0.6 1006  2.8 1552  0.5 2235  2.6
31  Fr        125 0424  0.5 1043  2.9 1630  0.4 2316  2.7
 1  Sa        225 0501  0.4 1120  3.0 1709  0.4 2355  2.8
 2  Su        225 0536  0.4 1158  3.0 1750  0.4 9999  9.9
 3  Mo        225 0034  2.8 0611  0.4 1239  2.9 1832  0.5
 4  Tu        225 0113  2.7 0649  0.5 1322  2.7 1917  0.6
 5  We        225 0153  2.6 0731  0.7 1411  2.5 2005  0.7
 6  Th        225 0236  2.4 0821  0.8 1509  2.3 2100  0.9
 7  Fr        225 0329  2.2 0937  1.0 1620  2.2 2204  1.0
 8  Sa        225 0450  2.1 1128  1.1 1742  2.1 2322  1.1
 9  Su        225 0648  2.1 1256  1.0 1902  2.1 9999  9.9
10  Mo        225 0052  1.1 0806  2.3 1356  0.9 2009  2.2
11  Tu        225 0212  1.0 0857  2.5 1443  0.8 2104  2.4
12  We        225 0306  0.9 0937  2.6 1522  0.7 2150  2.5
13  Th        225 0345  0.7 1013  2.7 1558  0.6 2229  2.6
14  Fr        225 0417  0.6 1045  2.8 1632  0.6 2305  2.6
15  Sa        225 0447  0.5 1116  2.8 1705  0.5 2337  2.7
16  Su        225 0514  0.5 1145  2.7 1738  0.6 9999  9.9
17  Mo        225 0008  2.7 0542  0.5 1213  2.7 1811  0.6
18  Tu        225 0037  2.6 0609  0.6 1242  2.5 1845  0.7
19  We        225 0107  2.5 0637  0.7 1312  2.4 1921  0.8
20  Th        225 0137  2.4 0709  0.8 1349  2.3 2002  0.9
21  Fr        225 0211  2.3 0747  1.0 1436  2.1 2051  1.0
22  Sa        225 0253  2.2 0847  1.2 1544  2.0 2156  1.1
23  Su        225 0357  2.0 1048  1.2 1716  2.0 2318  1.2
24  Mo        225 0557  2.0 1227  1.1 1848  2.0 9999  9.9
25  Tu        225 0043  1.1 0731  2.2 1326  1.0 1956  2.2
26  We        225 0152  0.9 0824  2.5 1412  0.8 2048  2.4
27  Th        225 0243  0.7 0906  2.7 1452  0.6 2134  2.6
28  Fr        225 0325  0.5 0944  2.9 1531  0.4 2215  2.8
 1  Sa        325 0402  0.4 1021  3.0 1609  0.3 2254  2.9
 2  Su        325 0438  0.3 1059  3.1 1647  0.3 2332  2.9
 3  Mo        325 0513  0.2 1137  3.0 1726  0.3 9999  9.9
 4  Tu        325 0009  2.9 0548  0.3 1216  2.9 1807  0.4
 5  We        325 0046  2.8 0624  0.4 1258  2.7 1849  0.6
 6  Th        325 0124  2.6 0705  0.6 1345  2.5 1934  0.8
 7  Fr        325 0204  2.4 0754  0.9 1441  2.3 2026  1.0
 8  Sa        325 0253  2.2 0916  1.1 1553  2.1 2132  1.1
 9  Su        325 0425  2.0 1121  1.2 1727  2.0 2303  1.2
10  Mo        325 0649  2.0 1246  1.1 1856  2.0 9999  9.9
11  Tu        325 0053  1.2 0757  2.3 1342  0.9 2001  2.2
12  We        325 0210  1.0 0841  2.5 1424  0.8 2050  2.4
13  Th        325 0253  0.9 0917  2.6 1500  0.7 2130  2.5
14  Fr        325 0325  0.7 0948  2.7 1532  0.6 2205  2.6
15  Sa        325 0353  0.6 1018  2.8 1604  0.5 2237  2.7
16  Su        325 0419  0.5 1046  2.8 1635  0.5 2307  2.7
17  Mo        325 0445  0.5 1114  2.7 1705  0.5 2336  2.7
18  Tu        325 0511  0.5 1141  2.7 1736  0.6 9999  9.9
19  We        325 0004  2.7 0537  0.6 1208  2.5 1808  0.7
20  Th        325 0032  2.6 0604  0.7 1238  2.4 1842  0.8
21  Fr        325 0101  2.5 0634  0.8 1313  2.3 1920  0.9
22  Sa        325 0134  2.4 0712  1.0 1359  2.1 2008  1.0
23  Su        325 0215  2.2 0811  1.1 1506  2.0 2113  1.1
24  Mo        325 0317  2.1 1012  1.2 1642  1.9 2242  1.2
25  Tu        325 0523  2.0 1153  1.1 1820  2.0 9999  9.9
26  We        325 0013  1.1 0701  2.2 1254  0.9 1929  2.2
27  Th        325 0123  0.9 0755  2.5 1341  0.7 2022  2.5
28  Fr        325 0215  0.7 0838  2.7 1423  0.5 2107  2.7
29  Sa        325 0258  0.5 0917  2.9 1503  0.4 2149  2.8
30  Su        325 0337  0.3 0956  3.1 1543  0.3 2228  3.0
31  Mo        325 0414  0.2 1034  3.1 1623  0.3 2307  3.0
 1  Tu        425 0450  0.2 1114  3.0 1703  0.4 2344  2.9
 2  We        425 0526  0.3 1154  2.9 1744  0.5 9999  9.9
 3  Th        425 0022  2.8 0604  0.5 1237  2.6 1826  0.6
 4  Fr        425 0100  2.6 0646  0.7 1325  2.4 1911  0.8
 5  Sa        425 0140  2.4 0740  0.9 1423  2.2 2002  1.0
 6  Su        425 0231  2.2 0912  1.1 1537  2.0 2109  1.2
 7  Mo        425 0418  2.0 1105  1.2 1709  2.0 2242  1.3
 8  Tu        425 0630  2.1 1220  1.1 1833  2.0 9999  9.9
 9  We        425 0032  1.2 0730  2.2 1311  0.9 1935  2.2
10  Th        425 0144  1.1 0812  2.4 1351  0.8 2021  2.3
11  Fr        425 0224  0.9 0846  2.6 1426  0.7 2100  2.5
12  Sa        425 0255  0.7 0917  2.7 1459  0.6 2134  2.6
13  Su        425 0323  0.6 0946  2.7 1532  0.6 2206  2.7
14  Mo        425 0351  0.5 1015  2.7 1604  0.5 2236  2.7
15  Tu        425 0417  0.5 1043  2.7 1636  0.6 2306  2.7
16  We        425 0443  0.5 1112  2.6 1708  0.6 2335  2.7
17  Th        425 0510  0.6 1142  2.5 1741  0.7 9999  9.9
18  Fr        425 0004  2.6 0539  0.7 1215  2.4 1816  0.8
19  Sa        425 0035  2.5 0612  0.8 1254  2.3 1856  0.9
20  Su        425 0109  2.4 0655  0.9 1345  2.1 1944  1.0
21  Mo        425 0153  2.3 0800  1.1 1451  2.0 2046  1.1
22  Tu        425 0259  2.1 0944  1.1 1615  2.0 2206  1.1
23  We        425 0449  2.1 1112  1.0 1741  2.1 2333  1.1
24  Th        425 0620  2.3 1213  0.9 1851  2.3 9999  9.9
25  Fr        425 0047  0.9 0718  2.5 1304  0.7 1948  2.5
26  Sa        425 0143  0.7 0805  2.7 1350  0.5 2037  2.7
27  Su        425 0230  0.5 0848  2.9 1434  0.4 2122  2.8
28  Mo        425 0312  0.3 0930  3.0 1517  0.4 2204  2.9
29  Tu        425 0351  0.3 1011  3.0 1600  0.4 2245  3.0
30  We        425 0430  0.3 1053  2.9 1644  0.4 2324  2.9
 1  Th        525 0509  0.4 1137  2.7 1727  0.6 9999  9.9
 2  Fr        525 0003  2.8 0550  0.5 1223  2.5 1811  0.7
 3  Sa        525 0043  2.6 0637  0.7 1314  2.3 1856  0.9
 4  Su        525 0127  2.4 0737  0.9 1412  2.2 1946  1.0
 5  Mo        525 0222  2.2 0901  1.1 1519  2.1 2046  1.1
 6  Tu        525 0356  2.0 1028  1.1 1633  2.0 2203  1.2
 7  We        525 0542  2.1 1134  1.0 1746  2.1 2337  1.2
 8  Th        525 0646  2.2 1225  1.0 1849  2.2 9999  9.9
 9  Fr        525 0054  1.1 0730  2.3 1307  0.9 1940  2.3
10  Sa        525 0144  1.0 0807  2.4 1346  0.8 2023  2.4
11  Su        525 0221  0.8 0841  2.5 1424  0.7 2101  2.5
12  Mo        525 0253  0.7 0913  2.6 1501  0.6 2136  2.6
13  Tu        525 0323  0.6 0945  2.6 1537  0.6 2209  2.7
14  We        525 0353  0.6 1018  2.6 1614  0.6 2241  2.7
15  Th        525 0422  0.6 1051  2.5 1649  0.7 2313  2.7
16  Fr        525 0452  0.6 1127  2.4 1725  0.7 2345  2.6
17  Sa        525 0525  0.7 1206  2.4 1803  0.8 9999  9.9
18  Su        525 0019  2.6 0603  0.8 1250  2.3 1843  0.8
19  Mo        525 0057  2.5 0651  0.9 1341  2.2 1928  0.9
20  Tu        525 0144  2.4 0754  0.9 1440  2.2 2022  1.0
21  We        525 0247  2.3 0912  1.0 1545  2.2 2129  1.0
22  Th        525 0412  2.2 1026  0.9 1655  2.2 2248  1.0
23  Fr        525 0534  2.3 1128  0.8 1806  2.3 9999  9.9
24  Sa        525 0006  0.9 0638  2.5 1223  0.7 1911  2.4
25  Su        525 0110  0.7 0731  2.6 1315  0.6 2008  2.6
26  Mo        525 0204  0.6 0820  2.7 1406  0.6 2059  2.7
27  Tu        525 0251  0.5 0906  2.8 1456  0.5 2145  2.8
28  We        525 0334  0.4 0953  2.8 1545  0.5 2229  2.9
29  Th        525 0416  0.4 1039  2.7 1632  0.6 2311  2.8
30  Fr        525 0459  0.5 1127  2.6 1717  0.6 2351  2.7
31  Sa        525 0543  0.6 1216  2.5 1801  0.7 9999  9.9
 1  Su        625 0033  2.6 0631  0.7 1306  2.4 1844  0.8
 2  Mo        625 0116  2.4 0727  0.9 1357  2.3 1927  0.9
 3  Tu        625 0206  2.3 0831  1.0 1448  2.2 2015  1.0
 4  We        625 0312  2.2 0936  1.0 1543  2.1 2111  1.1
 5  Th        625 0433  2.1 1035  1.0 1641  2.1 2225  1.2
 6  Fr        625 0544  2.1 1127  1.0 1744  2.1 2348  1.1
 7  Sa        625 0638  2.2 1216  0.9 1847  2.2 9999  9.9
 8  Su        625 0056  1.1 0723  2.3 1302  0.9 1942  2.3
 9  Mo        625 0145  0.9 0804  2.3 1349  0.8 2029  2.4
10  Tu        625 0225  0.8 0843  2.4 1434  0.8 2111  2.5
11  We        625 0301  0.7 0921  2.4 1518  0.7 2148  2.6
12  Th        625 0334  0.7 1000  2.5 1600  0.7 2223  2.7
13  Fr        625 0407  0.6 1040  2.5 1639  0.7 2258  2.7
14  Sa        625 0441  0.6 1121  2.4 1716  0.7 2332  2.7
15  Su        625 0517  0.6 1203  2.4 1752  0.7 9999  9.9
16  Mo        625 0008  2.7 0558  0.7 1247  2.4 1830  0.7
17  Tu        625 0048  2.6 0644  0.7 1332  2.4 1910  0.7
18  We        625 0133  2.5 0738  0.8 1419  2.3 1956  0.8
19  Th        625 0228  2.4 0838  0.8 1511  2.3 2051  0.9
20  Fr        625 0336  2.4 0940  0.8 1609  2.3 2202  0.9
21  Sa        625 0449  2.4 1042  0.8 1719  2.3 2325  0.9
22  Su        625 0559  2.4 1143  0.8 1835  2.3 9999  9.9
23  Mo        625 0043  0.8 0700  2.5 1244  0.8 1945  2.4
24  Tu        625 0145  0.7 0757  2.5 1345  0.7 2044  2.6
25  We        625 0237  0.6 0851  2.6 1445  0.7 2134  2.7
26  Th        625 0324  0.5 0943  2.6 1539  0.7 2220  2.8
27  Fr        625 0408  0.5 1033  2.6 1627  0.6 2301  2.8
28  Sa        625 0451  0.5 1121  2.6 1709  0.6 2341  2.8
29  Su        625 0533  0.6 1207  2.5 1748  0.6 9999  9.9
30  Mo        625 0020  2.7 0617  0.7 1249  2.5 1824  0.7
