446Elie Bay
Based on data from 25-Feb-2020
Local Std Time, tidal heights in metres.
 1  Mo        724 0429  2.4 1023  0.9 1658  2.3 2302  1.0
 2  Tu        724 0540  2.4 1124  0.9 1815  2.3 9999  9.9
 3  We        724 0026  1.0 0644  2.4 1225  0.9 1931  2.4
 4  Th        724 0132  0.9 0742  2.4 1327  0.9 2033  2.5
 5  Fr        724 0225  0.7 0836  2.5 1428  0.8 2123  2.6
 6  Sa        724 0310  0.7 0927  2.5 1522  0.8 2206  2.7
 7  Su        724 0351  0.6 1015  2.5 1609  0.7 2246  2.8
 8  Mo        724 0431  0.6 1100  2.6 1649  0.7 2322  2.8
 9  Tu        724 0509  0.6 1142  2.5 1725  0.7 2356  2.7
10  We        724 0547  0.7 1221  2.5 1757  0.7 9999  9.9
11  Th        724 0028  2.6 0626  0.7 1256  2.5 1828  0.7
12  Fr        724 0059  2.5 0705  0.8 1331  2.4 1859  0.8
13  Sa        724 0132  2.4 0747  0.9 1405  2.4 1932  0.9
14  Su        724 0209  2.3 0831  0.9 1441  2.3 2010  1.0
15  Mo        724 0257  2.2 0920  1.0 1522  2.2 2059  1.1
16  Tu        724 0400  2.1 1014  1.0 1614  2.1 2216  1.2
17  We        724 0513  2.1 1112  1.0 1727  2.1 2352  1.2
18  Th        724 0623  2.1 1215  1.0 1855  2.2 9999  9.9
19  Fr        724 0106  1.0 0727  2.2 1320  1.0 2005  2.4
20  Sa        724 0200  0.9 0824  2.3 1420  0.8 2058  2.6
21  Su        724 0245  0.7 0917  2.5 1514  0.7 2142  2.7
22  Mo        724 0327  0.6 1006  2.6 1600  0.6 2223  2.9
23  Tu        724 0408  0.5 1053  2.7 1641  0.5 2303  3.0
24  We        724 0448  0.4 1137  2.7 1720  0.4 2342  3.0
25  Th        724 0530  0.4 1219  2.8 1757  0.4 9999  9.9
26  Fr        724 0022  2.9 0613  0.5 1300  2.7 1835  0.5
27  Sa        724 0104  2.8 0658  0.6 1340  2.6 1915  0.6
28  Su        724 0150  2.7 0746  0.7 1423  2.5 2000  0.8
29  Mo        724 0243  2.5 0839  0.8 1509  2.4 2057  0.9
30  Tu        724 0346  2.3 0937  0.9 1608  2.2 2222  1.1
31  We        724 0459  2.2 1042  1.0 1738  2.1 9999  9.9
 1  Th        824 0003  1.1 0616  2.2 1155  1.1 1919  2.2
 2  Fr        824 0118  1.0 0727  2.2 1314  1.0 2027  2.4
 3  Sa        824 0213  0.9 0828  2.3 1425  0.9 2115  2.6
 4  Su        824 0258  0.7 0921  2.4 1518  0.8 2155  2.7
 5  Mo        824 0338  0.6 1006  2.5 1559  0.7 2230  2.8
 6  Tu        824 0414  0.6 1046  2.6 1633  0.6 2303  2.8
 7  We        824 0449  0.6 1122  2.6 1703  0.6 2333  2.8
 8  Th        824 0522  0.6 1155  2.7 1731  0.6 9999  9.9
 9  Fr        824 0001  2.7 0555  0.6 1225  2.6 1758  0.6
10  Sa        824 0028  2.6 0628  0.7 1255  2.6 1824  0.7
11  Su        824 0056  2.5 0701  0.8 1324  2.5 1852  0.8
12  Mo        824 0127  2.4 0739  0.8 1356  2.4 1925  0.9
13  Tu        824 0206  2.3 0822  0.9 1433  2.3 2007  1.0
14  We        824 0259  2.1 0915  1.0 1520  2.2 2115  1.2
15  Th        824 0414  2.0 1023  1.1 1632  2.1 2314  1.2
16  Fr        824 0545  2.0 1143  1.1 1827  2.1 9999  9.9
17  Sa        824 0045  1.1 0709  2.1 1303  1.0 1951  2.3
18  Su        824 0143  0.9 0815  2.3 1410  0.9 2044  2.6
19  Mo        824 0230  0.7 0908  2.5 1502  0.7 2127  2.8
20  Tu        824 0312  0.5 0955  2.7 1545  0.5 2207  3.0
21  We        824 0352  0.4 1038  2.8 1624  0.4 2245  3.1
22  Th        824 0431  0.4 1118  2.9 1700  0.3 2322  3.1
23  Fr        824 0510  0.4 1156  2.9 1735  0.3 9999  9.9
24  Sa        824 0001  3.0 0549  0.4 1234  2.8 1810  0.4
25  Su        824 0040  2.9 0630  0.5 1310  2.7 1847  0.5
26  Mo        824 0122  2.7 0713  0.7 1348  2.6 1928  0.7
27  Tu        824 0210  2.5 0800  0.8 1429  2.4 2022  1.0
28  We        824 0308  2.2 0855  1.0 1522  2.2 2152  1.2
29  Th        824 0425  2.1 1004  1.2 1708  2.0 2348  1.2
30  Fr        824 0556  2.0 1132  1.2 1916  2.1 9999  9.9
31  Sa        824 0105  1.1 0717  2.1 1308  1.2 2018  2.3
 1  Su        924 0158  0.9 0819  2.3 1420  1.0 2100  2.5
 2  Mo        924 0240  0.8 0907  2.4 1506  0.8 2135  2.7
 3  Tu        924 0316  0.7 0947  2.6 1539  0.7 2206  2.8
 4  We        924 0349  0.6 1022  2.7 1608  0.6 2235  2.8
 5  Th        924 0420  0.5 1054  2.7 1635  0.5 2302  2.8
 6  Fr        924 0451  0.5 1123  2.8 1700  0.5 2329  2.8
 7  Sa        924 0521  0.6 1152  2.7 1725  0.5 2355  2.7
 8  Su        924 0551  0.6 1220  2.7 1751  0.6 9999  9.9
 9  Mo        924 0023  2.6 0623  0.7 1249  2.6 1819  0.7
10  Tu        924 0054  2.4 0658  0.8 1320  2.5 1851  0.8
11  We        924 0132  2.3 0740  0.9 1356  2.4 1932  1.0
12  Th        924 0225  2.2 0834  1.0 1442  2.2 2042  1.2
13  Fr        924 0341  2.0 0947  1.2 1557  2.1 2251  1.2
14  Sa        924 0522  2.0 1118  1.2 1808  2.1 9999  9.9
15  Su        924 0023  1.1 0654  2.1 1246  1.1 1932  2.3
16  Mo        924 0122  0.9 0759  2.3 1353  0.9 2023  2.6
17  Tu        924 0208  0.7 0850  2.6 1443  0.6 2105  2.8
18  We        924 0249  0.5 0935  2.8 1524  0.5 2144  3.0
19  Th        924 0329  0.4 1016  2.9 1601  0.3 2222  3.1
20  Fr        924 0407  0.3 1054  3.0 1636  0.3 2259  3.1
21  Sa        924 0445  0.4 1131  3.0 1711  0.3 2337  3.0
22  Su        924 0524  0.4 1207  2.9 1746  0.4 9999  9.9
23  Mo        924 0016  2.8 0603  0.5 1243  2.8 1822  0.6
24  Tu        924 0057  2.6 0644  0.7 1319  2.6 1904  0.8
25  We        924 0144  2.4 0730  0.9 1358  2.3 1959  1.0
26  Th        924 0242  2.2 0823  1.1 1449  2.1 2137  1.2
27  Fr        924 0400  2.0 0934  1.2 1654  2.0 2330  1.2
28  Sa        924 0537  2.0 1108  1.3 1900  2.1 9999  9.9
29  Su        924 0041  1.1 0659  2.1 1252  1.2 1954  2.3
30  Mo        924 0130  0.9 0756  2.2 1359  1.0 2033  2.5
 1  Tu       1024 0209  0.8 0840  2.4 1439  0.9 2105  2.6
 2  We       1024 0243  0.7 0917  2.6 1510  0.7 2134  2.7
 3  Th       1024 0315  0.6 0950  2.7 1537  0.6 2202  2.8
 4  Fr       1024 0346  0.5 1021  2.8 1604  0.5 2229  2.8
 5  Sa       1024 0417  0.5 1051  2.8 1629  0.5 2256  2.7
 6  Su       1024 0448  0.5 1120  2.8 1655  0.5 2324  2.7
 7  Mo       1024 0520  0.6 1149  2.8 1723  0.6 2355  2.6
 8  Tu       1024 0554  0.7 1220  2.7 1753  0.6 9999  9.9
 9  We       1024 0031  2.4 0632  0.8 1253  2.6 1829  0.8
10  Th       1024 0114  2.3 0716  0.9 1332  2.4 1917  0.9
11  Fr       1024 0211  2.2 0811  1.0 1422  2.3 2035  1.1
12  Sa       1024 0329  2.1 0923  1.1 1543  2.1 2230  1.1
13  Su       1024 0503  2.1 1052  1.1 1743  2.2 2353  1.0
14  Mo       1024 0627  2.2 1218  1.0 1901  2.4 9999  9.9
15  Tu       1024 0051  0.8 0731  2.4 1326  0.8 1953  2.6
16  We       1024 0138  0.6 0823  2.6 1417  0.6 2037  2.8
17  Th       1024 0221  0.5 0909  2.8 1459  0.5 2117  3.0
18  Fr       1024 0302  0.4 0951  2.9 1538  0.3 2156  3.0
19  Sa       1024 0342  0.4 1030  3.0 1614  0.3 2235  3.0
20  Su       1024 0422  0.4 1108  3.0 1650  0.3 2315  2.9
21  Mo       1024 0502  0.5 1145  2.9 1727  0.4 2356  2.7
22  Tu       1024 0543  0.6 1221  2.7 1805  0.6 9999  9.9
23  We       1024 0040  2.5 0625  0.8 1258  2.5 1850  0.8
24  Th       1024 0129  2.3 0711  0.9 1339  2.3 1951  1.0
25  Fr       1024 0228  2.1 0803  1.1 1432  2.1 2124  1.2
26  Sa       1024 0340  2.0 0907  1.2 1628  2.0 2256  1.2
27  Su       1024 0502  2.0 1030  1.3 1819  2.1 9999  9.9
28  Mo       1024 0000  1.1 0617  2.1 1206  1.2 1915  2.2
29  Tu       1024 0048  1.0 0715  2.2 1316  1.1 1954  2.4
30  We       1024 0127  0.9 0801  2.3 1400  0.9 2027  2.5
31  Th       1024 0203  0.8 0840  2.5 1434  0.8 2057  2.6
 1  Fr       1124 0238  0.7 0915  2.6 1504  0.7 2126  2.6
 2  Sa       1124 0312  0.6 0948  2.7 1533  0.6 2156  2.7
 3  Su       1124 0346  0.6 1021  2.8 1601  0.5 2227  2.7
 4  Mo       1124 0422  0.6 1053  2.8 1631  0.5 2301  2.6
 5  Tu       1124 0458  0.6 1125  2.8 1703  0.6 2338  2.5
 6  We       1124 0536  0.7 1200  2.7 1738  0.6 9999  9.9
 7  Th       1124 0020  2.4 0618  0.7 1237  2.6 1820  0.8
 8  Fr       1124 0110  2.3 0704  0.8 1320  2.5 1915  0.9
 9  Sa       1124 0209  2.2 0757  0.9 1414  2.4 2031  1.0
10  Su       1124 0318  2.2 0900  1.0 1532  2.3 2200  1.0
11  Mo       1124 0433  2.2 1017  1.1 1707  2.3 2313  0.9
12  Tu       1124 0547  2.3 1140  1.0 1822  2.4 9999  9.9
13  We       1124 0012  0.8 0654  2.4 1252  0.9 1918  2.6
14  Th       1124 0102  0.7 0752  2.5 1348  0.7 2006  2.7
15  Fr       1124 0149  0.6 0842  2.7 1435  0.5 2050  2.8
16  Sa       1124 0235  0.5 0927  2.8 1516  0.4 2133  2.9
17  Su       1124 0320  0.5 1010  2.9 1556  0.4 2216  2.8
18  Mo       1124 0405  0.5 1050  2.9 1635  0.4 2259  2.7
19  Tu       1124 0448  0.6 1129  2.8 1715  0.5 2344  2.6
20  We       1124 0532  0.7 1208  2.7 1757  0.7 9999  9.9
21  Th       1124 0031  2.4 0614  0.8 1247  2.5 1844  0.8
22  Fr       1124 0121  2.3 0658  0.9 1328  2.4 1943  1.0
23  Sa       1124 0214  2.2 0743  1.0 1420  2.2 2055  1.1
24  Su       1124 0309  2.1 0835  1.1 1537  2.1 2205  1.1
25  Mo       1124 0409  2.1 0937  1.2 1711  2.1 2304  1.1
26  Tu       1124 0511  2.1 1055  1.2 1817  2.1 2353  1.0
27  We       1124 0613  2.1 1214  1.2 1903  2.2 9999  9.9
28  Th       1124 0037  0.9 0710  2.2 1312  1.1 1942  2.3
29  Fr       1124 0119  0.9 0758  2.4 1355  0.9 2017  2.4
30  Sa       1124 0200  0.8 0840  2.5 1432  0.8 2052  2.5
 1  Su       1224 0241  0.7 0919  2.6 1506  0.7 2128  2.5
 2  Mo       1224 0323  0.7 0956  2.7 1540  0.6 2207  2.6
 3  Tu       1224 0404  0.6 1033  2.8 1614  0.6 2248  2.6
 4  We       1224 0446  0.6 1109  2.8 1651  0.6 2331  2.5
 5  Th       1224 0527  0.6 1147  2.8 1731  0.6 9999  9.9
 6  Fr       1224 0018  2.5 0609  0.7 1227  2.7 1817  0.7
 7  Sa       1224 0108  2.4 0652  0.7 1312  2.6 1910  0.8
 8  Su       1224 0200  2.4 0739  0.8 1404  2.5 2013  0.8
 9  Mo       1224 0255  2.3 0832  0.9 1509  2.4 2122  0.9
10  Tu       1224 0354  2.3 0937  1.0 1626  2.4 2227  0.9
11  We       1224 0500  2.3 1055  1.0 1739  2.4 2328  0.8
12  Th       1224 0611  2.3 1215  0.9 1842  2.5 9999  9.9
13  Fr       1224 0024  0.8 0719  2.4 1321  0.8 1936  2.6
14  Sa       1224 0119  0.8 0819  2.6 1414  0.7 2027  2.6
15  Su       1224 0214  0.7 0911  2.7 1501  0.6 2116  2.7
16  Mo       1224 0307  0.7 0957  2.8 1544  0.5 2204  2.6
17  Tu       1224 0357  0.7 1039  2.8 1625  0.5 2251  2.6
18  We       1224 0442  0.7 1119  2.8 1707  0.6 2338  2.6
19  Th       1224 0524  0.7 1158  2.7 1749  0.7 9999  9.9
20  Fr       1224 0024  2.5 0603  0.7 1235  2.6 1834  0.8
21  Sa       1224 0107  2.4 0640  0.8 1314  2.5 1922  0.9
22  Su       1224 0149  2.3 0717  0.9 1354  2.3 2014  1.0
23  Mo       1224 0230  2.3 0756  1.0 1443  2.2 2107  1.0
24  Tu       1224 0312  2.2 0841  1.1 1544  2.1 2200  1.0
25  We       1224 0359  2.1 0938  1.2 1654  2.1 2251  1.0
26  Th       1224 0455  2.1 1057  1.2 1757  2.1 2342  1.0
27  Fr       1224 0602  2.1 1218  1.2 1850  2.2 9999  9.9
28  Sa       1224 0033  1.0 0712  2.2 1318  1.1 1939  2.3
29  Su       1224 0126  0.9 0810  2.3 1405  0.9 2025  2.3
30  Mo       1224 0218  0.8 0858  2.5 1446  0.8 2110  2.4
31  Tu       1224 0308  0.8 0940  2.7 1524  0.7 2156  2.5
 1  We        125 0354  0.7 1019  2.8 1603  0.6 2242  2.6
 2  Th        125 0436  0.6 1058  2.9 1642  0.5 2327  2.6
 3  Fr        125 0516  0.5 1136  2.9 1723  0.5 9999  9.9
 4  Sa        125 0012  2.6 0555  0.5 1216  2.9 1807  0.6
 5  Su        125 0056  2.6 0634  0.6 1259  2.8 1854  0.6
 6  Mo        125 0140  2.6 0715  0.6 1346  2.7 1945  0.7
 7  Tu        125 0225  2.5 0800  0.7 1440  2.5 2041  0.8
 8  We        125 0314  2.4 0856  0.9 1544  2.4 2140  0.9
 9  Th        125 0411  2.3 1009  1.0 1655  2.3 2242  0.9
10  Fr        125 0525  2.2 1141  1.0 1806  2.3 2347  0.9
11  Sa        125 0653  2.3 1301  0.9 1912  2.4 9999  9.9
12  Su        125 0055  0.9 0807  2.4 1401  0.8 2012  2.4
13  Mo        125 0203  0.9 0903  2.6 1451  0.7 2108  2.5
14  Tu        125 0303  0.8 0949  2.7 1535  0.6 2158  2.6
15  We        125 0354  0.7 1030  2.8 1616  0.6 2245  2.6
16  Th        125 0435  0.6 1108  2.8 1655  0.6 2328  2.6
17  Fr        125 0512  0.6 1143  2.8 1734  0.6 9999  9.9
18  Sa        125 0007  2.6 0545  0.6 1216  2.7 1811  0.7
19  Su        125 0043  2.6 0615  0.7 1248  2.6 1849  0.7
20  Mo        125 0116  2.5 0645  0.8 1320  2.4 1928  0.8
21  Tu        125 0148  2.4 0715  0.9 1354  2.3 2009  0.9
22  We        125 0221  2.3 0749  1.0 1434  2.2 2054  1.0
23  Th        125 0257  2.2 0831  1.1 1527  2.1 2145  1.1
24  Fr        125 0343  2.1 0937  1.2 1638  2.0 2244  1.1
25  Sa        125 0448  2.1 1122  1.3 1756  2.0 2350  1.1
26  Su        125 0625  2.1 1247  1.1 1906  2.1 9999  9.9
27  Mo        125 0059  1.0 0748  2.2 1344  1.0 2007  2.2
28  Tu        125 0203  0.9 0842  2.5 1429  0.8 2101  2.4
29  We        125 0257  0.8 0926  2.7 1510  0.6 2149  2.5
30  Th        125 0343  0.6 1005  2.8 1549  0.5 2233  2.7
31  Fr        125 0423  0.5 1043  3.0 1628  0.4 2315  2.8
 1  Sa        225 0500  0.4 1120  3.0 1707  0.4 2355  2.8
 2  Su        225 0535  0.4 1159  3.0 1747  0.4 9999  9.9
 3  Mo        225 0034  2.8 0611  0.4 1238  2.9 1829  0.5
 4  Tu        225 0113  2.7 0648  0.5 1321  2.8 1914  0.6
 5  We        225 0152  2.6 0728  0.7 1409  2.6 2002  0.7
 6  Th        225 0234  2.5 0818  0.8 1506  2.4 2057  0.9
 7  Fr        225 0325  2.3 0930  1.0 1616  2.2 2200  1.0
 8  Sa        225 0442  2.1 1118  1.1 1737  2.2 2316  1.1
 9  Su        225 0640  2.1 1249  1.0 1857  2.2 9999  9.9
10  Mo        225 0042  1.1 0803  2.3 1351  0.9 2006  2.3
11  Tu        225 0203  1.0 0856  2.5 1440  0.8 2102  2.4
12  We        225 0302  0.8 0938  2.7 1521  0.6 2149  2.6
13  Th        225 0345  0.7 1014  2.8 1559  0.6 2230  2.6
14  Fr        225 0420  0.6 1048  2.9 1634  0.5 2307  2.7
15  Sa        225 0450  0.5 1119  2.8 1708  0.5 2341  2.7
16  Su        225 0518  0.5 1149  2.8 1741  0.6 9999  9.9
17  Mo        225 0011  2.7 0545  0.6 1216  2.7 1813  0.7
18  Tu        225 0040  2.6 0611  0.6 1243  2.5 1845  0.7
19  We        225 0108  2.5 0637  0.7 1312  2.4 1919  0.8
20  Th        225 0137  2.4 0706  0.9 1345  2.3 1958  0.9
21  Fr        225 0210  2.3 0742  1.0 1430  2.1 2047  1.1
22  Sa        225 0250  2.2 0838  1.2 1537  2.0 2151  1.2
23  Su        225 0351  2.1 1035  1.3 1710  2.0 2313  1.2
24  Mo        225 0547  2.0 1221  1.2 1844  2.1 9999  9.9
25  Tu        225 0038  1.1 0729  2.2 1323  1.0 1954  2.2
26  We        225 0148  1.0 0824  2.5 1410  0.8 2048  2.4
27  Th        225 0242  0.8 0907  2.7 1451  0.6 2134  2.6
28  Fr        225 0325  0.6 0945  2.9 1529  0.4 2215  2.8
 1  Sa        325 0402  0.4 1022  3.0 1607  0.4 2254  2.9
 2  Su        325 0437  0.3 1059  3.1 1645  0.3 2332  2.9
 3  Mo        325 0511  0.3 1136  3.1 1723  0.4 9999  9.9
 4  Tu        325 0008  2.9 0546  0.3 1215  2.9 1802  0.5
 5  We        325 0045  2.8 0621  0.5 1256  2.8 1844  0.6
 6  Th        325 0121  2.7 0701  0.6 1341  2.5 1929  0.8
 7  Fr        325 0200  2.5 0749  0.9 1435  2.3 2021  0.9
 8  Sa        325 0248  2.2 0904  1.1 1546  2.1 2126  1.1
 9  Su        325 0409  2.0 1106  1.2 1718  2.0 2252  1.2
10  Mo        325 0639  2.1 1237  1.1 1848  2.1 9999  9.9
11  Tu        325 0035  1.2 0753  2.3 1336  0.9 1956  2.2
12  We        325 0158  1.0 0839  2.5 1420  0.8 2047  2.4
13  Th        325 0249  0.9 0917  2.7 1458  0.7 2129  2.6
14  Fr        325 0325  0.7 0950  2.8 1533  0.6 2206  2.7
15  Sa        325 0355  0.6 1020  2.8 1605  0.5 2239  2.8
16  Su        325 0422  0.5 1049  2.8 1636  0.5 2309  2.8
17  Mo        325 0448  0.5 1116  2.8 1707  0.5 2338  2.8
18  Tu        325 0513  0.5 1142  2.7 1737  0.6 9999  9.9
19  We        325 0005  2.7 0538  0.6 1209  2.6 1808  0.7
20  Th        325 0033  2.6 0604  0.7 1238  2.4 1841  0.8
21  Fr        325 0102  2.5 0634  0.8 1313  2.3 1920  0.9
22  Sa        325 0135  2.4 0711  1.0 1359  2.1 2008  1.0
23  Su        325 0216  2.2 0809  1.1 1507  2.0 2115  1.2
24  Mo        325 0319  2.1 1009  1.2 1643  2.0 2243  1.2
25  Tu        325 0521  2.0 1153  1.1 1821  2.1 9999  9.9
26  We        325 0013  1.1 0703  2.2 1255  0.9 1932  2.3
27  Th        325 0125  0.9 0757  2.5 1342  0.7 2025  2.5
28  Fr        325 0218  0.7 0840  2.8 1424  0.6 2110  2.7
29  Sa        325 0300  0.5 0920  2.9 1503  0.4 2151  2.8
30  Su        325 0338  0.4 0957  3.1 1542  0.4 2230  2.9
31  Mo        325 0414  0.3 1035  3.1 1620  0.3 2307  3.0
 1  Tu        425 0448  0.3 1113  3.0 1659  0.4 2344  2.9
 2  We        425 0523  0.3 1152  2.9 1738  0.5 9999  9.9
 3  Th        425 0020  2.8 0600  0.5 1234  2.7 1820  0.6
 4  Fr        425 0057  2.7 0641  0.7 1320  2.4 1905  0.8
 5  Sa        425 0136  2.4 0732  0.9 1416  2.2 1957  1.0
 6  Su        425 0224  2.2 0857  1.1 1529  2.1 2102  1.2
 7  Mo        425 0358  2.0 1052  1.2 1700  2.0 2229  1.3
 8  Tu        425 0621  2.1 1212  1.1 1826  2.1 9999  9.9
 9  We        425 0015  1.2 0727  2.3 1306  0.9 1930  2.2
10  Th        425 0135  1.1 0811  2.5 1349  0.8 2019  2.4
11  Fr        425 0221  0.9 0846  2.6 1425  0.7 2059  2.5
12  Sa        425 0255  0.7 0918  2.7 1459  0.6 2135  2.7
13  Su        425 0324  0.6 0947  2.7 1531  0.6 2207  2.7
14  Mo        425 0351  0.6 1016  2.7 1603  0.6 2237  2.8
15  Tu        425 0417  0.5 1043  2.7 1635  0.6 2306  2.8
16  We        425 0444  0.5 1112  2.6 1707  0.6 2335  2.7
17  Th        425 0511  0.6 1142  2.5 1741  0.7 9999  9.9
18  Fr        425 0005  2.7 0540  0.7 1215  2.4 1817  0.8
19  Sa        425 0037  2.6 0614  0.8 1256  2.3 1858  0.9
20  Su        425 0113  2.4 0657  0.9 1348  2.2 1948  1.0
21  Mo        425 0158  2.3 0804  1.1 1457  2.1 2051  1.1
22  Tu        425 0305  2.2 0948  1.1 1622  2.1 2211  1.1
23  We        425 0454  2.1 1116  1.0 1746  2.1 2338  1.1
24  Th        425 0624  2.3 1218  0.9 1856  2.3 9999  9.9
25  Fr        425 0051  0.9 0722  2.5 1307  0.7 1952  2.5
26  Sa        425 0147  0.7 0809  2.7 1352  0.6 2041  2.7
27  Su        425 0233  0.5 0851  2.9 1434  0.5 2125  2.8
28  Mo        425 0313  0.4 0931  3.0 1516  0.4 2206  2.9
29  Tu        425 0351  0.3 1012  3.0 1558  0.4 2245  2.9
30  We        425 0429  0.3 1053  2.9 1640  0.5 2324  2.9
 1  Th        525 0507  0.4 1135  2.7 1722  0.6 9999  9.9
 2  Fr        525 0002  2.8 0546  0.6 1220  2.6 1806  0.7
 3  Sa        525 0041  2.6 0632  0.7 1310  2.4 1852  0.9
 4  Su        525 0123  2.4 0729  0.9 1408  2.2 1942  1.0
 5  Mo        525 0215  2.2 0850  1.1 1514  2.1 2041  1.1
 6  Tu        525 0344  2.1 1021  1.1 1628  2.1 2155  1.2
 7  We        525 0537  2.1 1130  1.1 1742  2.1 2326  1.2
 8  Th        525 0645  2.2 1222  1.0 1846  2.2 9999  9.9
 9  Fr        525 0049  1.1 0731  2.3 1305  0.9 1939  2.3
10  Sa        525 0141  1.0 0808  2.5 1344  0.8 2022  2.4
11  Su        525 0219  0.9 0841  2.5 1421  0.7 2100  2.6
12  Mo        525 0251  0.7 0913  2.6 1457  0.7 2135  2.7
13  Tu        525 0321  0.7 0943  2.6 1533  0.6 2208  2.7
14  We        525 0350  0.6 1015  2.6 1609  0.6 2240  2.7
15  Th        525 0420  0.6 1048  2.6 1646  0.6 2312  2.7
16  Fr        525 0451  0.6 1125  2.5 1724  0.7 2345  2.7
17  Sa        525 0525  0.7 1206  2.4 1803  0.7 9999  9.9
18  Su        525 0021  2.6 0605  0.7 1252  2.3 1846  0.8
19  Mo        525 0101  2.5 0654  0.8 1346  2.3 1933  0.9
20  Tu        525 0149  2.4 0759  0.9 1446  2.2 2028  1.0
21  We        525 0254  2.3 0918  1.0 1552  2.2 2135  1.0
22  Th        525 0418  2.3 1032  0.9 1702  2.2 2253  1.0
23  Fr        525 0540  2.4 1133  0.8 1812  2.3 9999  9.9
24  Sa        525 0011  0.9 0643  2.5 1227  0.7 1916  2.4
25  Su        525 0115  0.8 0735  2.6 1318  0.7 2012  2.6
26  Mo        525 0207  0.6 0823  2.7 1407  0.6 2102  2.7
27  Tu        525 0252  0.5 0908  2.8 1455  0.6 2147  2.8
28  We        525 0335  0.4 0953  2.8 1542  0.6 2230  2.9
29  Th        525 0416  0.4 1039  2.7 1629  0.6 2311  2.9
30  Fr        525 0457  0.5 1126  2.6 1714  0.6 2351  2.8
31  Sa        525 0540  0.6 1215  2.5 1758  0.7 9999  9.9
 1  Su        625 0032  2.6 0628  0.7 1305  2.4 1842  0.8
 2  Mo        625 0115  2.5 0723  0.9 1356  2.3 1926  0.9
 3  Tu        625 0204  2.3 0827  1.0 1448  2.2 2013  1.0
 4  We        625 0309  2.2 0934  1.0 1542  2.1 2109  1.1
 5  Th        625 0431  2.1 1034  1.0 1640  2.1 2219  1.2
 6  Fr        625 0544  2.1 1127  1.0 1742  2.1 2342  1.2
 7  Sa        625 0639  2.2 1214  1.0 1844  2.2 9999  9.9
 8  Su        625 0052  1.1 0723  2.3 1259  0.9 1939  2.3
 9  Mo        625 0141  1.0 0802  2.3 1343  0.9 2026  2.4
10  Tu        625 0220  0.9 0839  2.4 1427  0.8 2107  2.5
11  We        625 0255  0.8 0916  2.5 1510  0.7 2144  2.6
12  Th        625 0329  0.7 0955  2.5 1553  0.7 2220  2.7
13  Fr        625 0403  0.6 1035  2.5 1634  0.7 2256  2.8
14  Sa        625 0438  0.6 1118  2.5 1713  0.6 2332  2.8
15  Su        625 0516  0.6 1202  2.5 1752  0.6 9999  9.9
16  Mo        625 0010  2.7 0558  0.6 1248  2.5 1832  0.7
17  Tu        625 0051  2.7 0646  0.7 1335  2.4 1914  0.7
18  We        625 0137  2.6 0741  0.8 1424  2.4 2000  0.8
19  Th        625 0233  2.5 0842  0.8 1516  2.3 2056  0.9
20  Fr        625 0340  2.4 0945  0.8 1614  2.3 2205  1.0
21  Sa        625 0453  2.4 1046  0.8 1723  2.3 2328  1.0
22  Su        625 0602  2.4 1146  0.8 1838  2.3 9999  9.9
23  Mo        625 0046  0.9 0704  2.5 1245  0.8 1948  2.5
24  Tu        625 0147  0.8 0800  2.5 1345  0.8 2047  2.6
25  We        625 0238  0.6 0853  2.6 1443  0.7 2136  2.7
26  Th        625 0324  0.6 0944  2.6 1537  0.7 2221  2.8
27  Fr        625 0408  0.5 1034  2.6 1626  0.6 2303  2.8
28  Sa        625 0450  0.5 1122  2.6 1709  0.6 2342  2.8
29  Su        625 0533  0.6 1208  2.6 1748  0.7 9999  9.9
30  Mo        625 0021  2.7 0617  0.7 1251  2.5 1825  0.7
