015Flour Cask Bay
Based on data from 14-Feb-1999
Local Std Time, tidal heights in metres.
 1  Sa        122 0440  0.7 1100  2.7 1707  0.5 2336  2.8
 2  Su        122 0535  0.6 1155  2.8 1801  0.4 9999  9.9
 3  Mo        122 0030  2.9 0628  0.6 1248  2.9 1853  0.4
 4  Tu        122 0124  2.9 0720  0.6 1341  2.9 1945  0.4
 5  We        122 0216  2.9 0812  0.6 1432  2.9 2037  0.4
 6  Th        122 0307  2.9 0903  0.6 1524  2.8 2129  0.5
 7  Fr        122 0358  2.8 0955  0.7 1615  2.7 2221  0.6
 8  Sa        122 0449  2.7 1048  0.8 1708  2.6 2315  0.8
 9  Su        122 0541  2.6 1143  0.9 1803  2.5 9999  9.9
10  Mo        122 0010  0.9 0635  2.5 1239  1.0 1900  2.4
11  Tu        122 0107  1.0 0729  2.4 1337  1.0 1958  2.4
12  We        122 0204  1.0 0824  2.4 1433  1.0 2055  2.3
13  Th        122 0259  1.1 0917  2.3 1526  1.0 2149  2.3
14  Fr        122 0351  1.1 1006  2.4 1615  1.0 2238  2.4
15  Sa        122 0438  1.1 1052  2.4 1659  0.9 2322  2.4
16  Su        122 0521  1.0 1134  2.4 1741  0.9 9999  9.9
17  Mo        122 0003  2.5 0602  1.0 1214  2.5 1820  0.8
18  Tu        122 0043  2.5 0640  0.9 1252  2.5 1858  0.8
19  We        122 0121  2.6 0718  0.9 1330  2.5 1935  0.8
20  Th        122 0159  2.6 0755  0.9 1408  2.6 2013  0.8
21  Fr        122 0237  2.6 0832  0.9 1446  2.6 2052  0.8
22  Sa        122 0316  2.6 0912  0.9 1527  2.5 2133  0.8
23  Su        122 0357  2.5 0955  0.9 1611  2.5 2219  0.8
24  Mo        122 0442  2.5 1043  0.9 1701  2.5 2311  0.9
25  Tu        122 0533  2.5 1138  0.9 1759  2.5 9999  9.9
26  We        122 0009  0.9 0631  2.4 1240  0.9 1905  2.5
27  Th        122 0114  1.0 0736  2.4 1346  0.9 2015  2.5
28  Fr        122 0221  0.9 0843  2.5 1453  0.8 2124  2.6
29  Sa        122 0326  0.9 0948  2.6 1556  0.7 2228  2.7
30  Su        122 0427  0.8 1049  2.7 1654  0.6 2327  2.8
31  Mo        122 0523  0.7 1144  2.8 1749  0.5 9999  9.9
 1  Tu        222 0020  2.9 0615  0.6 1236  2.9 1840  0.4
 2  We        222 0109  2.9 0704  0.6 1325  2.9 1929  0.4
 3  Th        222 0157  2.9 0752  0.5 1412  2.9 2016  0.4
 4  Fr        222 0242  2.9 0839  0.6 1458  2.9 2103  0.5
 5  Sa        222 0326  2.8 0925  0.7 1544  2.8 2149  0.6
 6  Su        222 0411  2.7 1012  0.8 1630  2.6 2237  0.8
 7  Mo        222 0456  2.5 1101  0.9 1719  2.5 2327  0.9
 8  Tu        222 0544  2.4 1153  1.0 1811  2.4 9999  9.9
 9  We        222 0021  1.1 0637  2.3 1250  1.1 1909  2.3
10  Th        222 0119  1.2 0734  2.3 1350  1.1 2012  2.2
11  Fr        222 0220  1.2 0835  2.2 1450  1.1 2114  2.3
12  Sa        222 0319  1.2 0932  2.3 1545  1.1 2209  2.3
13  Su        222 0411  1.1 1023  2.3 1633  1.0 2257  2.4
14  Mo        222 0456  1.1 1108  2.4 1716  0.9 2339  2.5
15  Tu        222 0537  1.0 1150  2.5 1755  0.8 9999  9.9
16  We        222 0018  2.6 0615  0.9 1228  2.6 1833  0.7
17  Th        222 0056  2.6 0652  0.8 1306  2.6 1910  0.7
18  Fr        222 0133  2.7 0729  0.8 1344  2.7 1948  0.6
19  Sa        222 0210  2.7 0807  0.8 1423  2.7 2027  0.7
20  Su        222 0249  2.7 0846  0.8 1503  2.7 2109  0.7
21  Mo        222 0329  2.6 0929  0.8 1548  2.6 2155  0.8
22  Tu        222 0414  2.5 1018  0.8 1639  2.6 2247  0.9
23  We        222 0506  2.5 1113  0.9 1739  2.5 2347  1.0
24  Th        222 0608  2.4 1218  0.9 1849  2.4 9999  9.9
25  Fr        222 0056  1.0 0718  2.4 1330  0.9 2005  2.4
26  Sa        222 0208  1.0 0832  2.4 1441  0.9 2118  2.5
27  Su        222 0316  0.9 0940  2.5 1546  0.7 2222  2.6
28  Mo        222 0417  0.8 1040  2.7 1644  0.6 2317  2.7
 1  Tu        322 0511  0.7 1133  2.8 1736  0.5 9999  9.9
 2  We        322 0006  2.8 0559  0.6 1221  2.9 1823  0.4
 3  Th        322 0051  2.9 0645  0.6 1306  2.9 1908  0.4
 4  Fr        322 0132  2.9 0728  0.5 1348  2.9 1951  0.5
 5  Sa        322 0212  2.8 0811  0.6 1429  2.8 2033  0.6
 6  Su        322 0252  2.8 0852  0.7 1510  2.7 2115  0.7
 7  Mo        322 0331  2.6 0935  0.8 1551  2.6 2158  0.8
 8  Tu        322 0412  2.5 1019  0.9 1636  2.5 2244  1.0
 9  We        322 0456  2.4 1108  1.0 1725  2.3 2335  1.1
10  Th        322 0547  2.3 1203  1.1 1823  2.2 9999  9.9
11  Fr        322 0034  1.2 0646  2.2 1306  1.2 1928  2.2
12  Sa        322 0139  1.3 0751  2.2 1410  1.2 2035  2.2
13  Su        322 0243  1.2 0855  2.2 1509  1.1 2134  2.3
14  Mo        322 0338  1.2 0950  2.3 1600  1.0 2224  2.4
15  Tu        322 0425  1.1 1037  2.4 1644  0.9 2307  2.5
16  We        322 0506  0.9 1120  2.5 1725  0.8 2347  2.6
17  Th        322 0545  0.8 1200  2.7 1804  0.7 9999  9.9
18  Fr        322 0025  2.7 0623  0.7 1239  2.7 1843  0.6
19  Sa        322 0103  2.8 0701  0.7 1318  2.8 1922  0.6
20  Su        322 0142  2.8 0741  0.6 1359  2.8 2003  0.6
21  Mo        322 0222  2.7 0823  0.6 1443  2.8 2047  0.6
22  Tu        322 0305  2.7 0908  0.7 1531  2.7 2136  0.7
23  We        322 0353  2.6 0959  0.7 1625  2.6 2230  0.9
24  Th        322 0449  2.5 1058  0.8 1729  2.5 2333  1.0
25  Fr        322 0555  2.4 1206  0.9 1843  2.4 9999  9.9
26  Sa        322 0045  1.1 0710  2.4 1320  0.9 2000  2.4
27  Su        322 0159  1.0 0825  2.4 1431  0.9 2111  2.5
28  Mo        322 0306  1.0 0932  2.5 1535  0.8 2211  2.6
29  Tu        322 0404  0.8 1029  2.7 1630  0.6 2302  2.7
30  We        322 0455  0.7 1118  2.8 1718  0.6 2346  2.8
31  Th        322 0540  0.6 1202  2.8 1802  0.5 9999  9.9
 1  Fr        422 0027  2.8 0622  0.6 1243  2.8 1844  0.5
 2  Sa        422 0105  2.8 0702  0.6 1322  2.8 1923  0.6
 3  Su        422 0141  2.8 0741  0.6 1359  2.8 2002  0.7
 4  Mo        422 0217  2.7 0820  0.7 1437  2.7 2041  0.8
 5  Tu        422 0253  2.6 0900  0.8 1516  2.5 2121  0.9
 6  We        422 0331  2.5 0941  0.9 1558  2.4 2205  1.0
 7  Th        422 0414  2.4 1027  1.0 1646  2.3 2254  1.2
 8  Fr        422 0503  2.3 1120  1.1 1742  2.2 2351  1.3
 9  Sa        422 0602  2.2 1221  1.2 1847  2.2 9999  9.9
10  Su        422 0057  1.3 0708  2.2 1326  1.2 1953  2.2
11  Mo        422 0201  1.3 0813  2.2 1427  1.1 2052  2.3
12  Tu        422 0258  1.2 0910  2.3 1520  1.0 2144  2.4
13  We        422 0346  1.0 0959  2.5 1607  0.9 2229  2.5
14  Th        422 0430  0.9 1045  2.6 1650  0.7 2311  2.7
15  Fr        422 0511  0.8 1128  2.7 1732  0.6 2352  2.7
16  Sa        422 0552  0.6 1210  2.8 1814  0.6 9999  9.9
17  Su        422 0033  2.8 0634  0.6 1254  2.9 1857  0.5
18  Mo        422 0115  2.8 0717  0.5 1339  2.9 1942  0.6
19  Tu        422 0159  2.8 0803  0.5 1427  2.8 2029  0.6
20  We        422 0247  2.7 0852  0.6 1519  2.7 2121  0.7
21  Th        422 0340  2.6 0946  0.7 1617  2.6 2219  0.9
22  Fr        422 0440  2.5 1048  0.8 1723  2.5 2323  1.0
23  Sa        422 0547  2.5 1156  0.8 1835  2.5 9999  9.9
24  Su        422 0034  1.0 0700  2.4 1308  0.9 1948  2.5
25  Mo        422 0145  1.0 0811  2.5 1417  0.8 2054  2.5
26  Tu        422 0249  0.9 0915  2.6 1517  0.8 2150  2.6
27  We        422 0345  0.8 1010  2.6 1610  0.7 2239  2.7
28  Th        422 0433  0.7 1057  2.7 1656  0.7 2321  2.7
29  Fr        422 0517  0.7 1140  2.7 1739  0.6 9999  9.9
30  Sa        422 0000  2.7 0557  0.7 1219  2.7 1818  0.7
 1  Su        522 0036  2.7 0636  0.7 1256  2.7 1856  0.7
 2  Mo        522 0110  2.7 0714  0.7 1332  2.7 1934  0.8
 3  Tu        522 0145  2.6 0751  0.7 1409  2.6 2012  0.9
 4  We        522 0221  2.5 0830  0.8 1447  2.5 2051  1.0
 5  Th        522 0259  2.4 0910  0.9 1529  2.4 2133  1.1
 6  Fr        522 0341  2.3 0953  1.0 1615  2.3 2219  1.2
 7  Sa        522 0429  2.3 1043  1.1 1708  2.3 2312  1.2
 8  Su        522 0524  2.2 1139  1.1 1807  2.2 9999  9.9
 9  Mo        522 0012  1.3 0625  2.2 1239  1.1 1908  2.3
10  Tu        522 0113  1.2 0726  2.3 1339  1.1 2005  2.3
11  We        522 0210  1.1 0825  2.3 1435  1.0 2059  2.4
12  Th        522 0302  1.0 0918  2.5 1526  0.9 2148  2.5
13  Fr        522 0350  0.9 1008  2.6 1614  0.7 2234  2.6
14  Sa        522 0437  0.7 1056  2.7 1701  0.6 2320  2.7
15  Su        522 0523  0.6 1144  2.8 1748  0.6 9999  9.9
16  Mo        522 0006  2.8 0609  0.5 1232  2.9 1835  0.5
17  Tu        522 0053  2.8 0657  0.4 1322  2.9 1924  0.6
18  We        522 0142  2.8 0747  0.5 1414  2.9 2015  0.6
19  Th        522 0233  2.8 0839  0.5 1510  2.8 2109  0.7
20  Fr        522 0329  2.7 0936  0.6 1609  2.7 2207  0.8
21  Sa        522 0429  2.6 1036  0.7 1712  2.6 2310  0.9
22  Su        522 0534  2.6 1141  0.8 1818  2.6 9999  9.9
23  Mo        522 0016  0.9 0641  2.5 1248  0.8 1924  2.5
24  Tu        522 0122  0.9 0747  2.5 1352  0.8 2026  2.5
25  We        522 0223  0.9 0849  2.5 1451  0.8 2121  2.6
26  Th        522 0318  0.9 0944  2.6 1544  0.8 2210  2.6
27  Fr        522 0407  0.8 1032  2.6 1630  0.8 2253  2.6
28  Sa        522 0451  0.8 1116  2.6 1713  0.8 2332  2.6
29  Su        522 0533  0.8 1155  2.6 1753  0.8 9999  9.9
30  Mo        522 0009  2.6 0612  0.8 1233  2.6 1832  0.9
31  Tu        522 0044  2.6 0650  0.8 1310  2.6 1910  0.9
 1  We        622 0120  2.5 0728  0.8 1347  2.5 1948  1.0
 2  Th        622 0157  2.5 0806  0.9 1426  2.5 2026  1.0
 3  Fr        622 0235  2.4 0845  0.9 1507  2.4 2107  1.1
 4  Sa        622 0316  2.4 0926  1.0 1550  2.4 2150  1.1
 5  Su        622 0400  2.3 1011  1.0 1637  2.3 2237  1.2
 6  Mo        622 0449  2.3 1100  1.0 1728  2.3 2329  1.2
 7  Tu        622 0543  2.3 1154  1.0 1822  2.3 9999  9.9
 8  We        622 0024  1.1 0640  2.3 1251  1.0 1917  2.4
 9  Th        622 0122  1.1 0739  2.4 1349  1.0 2012  2.4
10  Fr        622 0218  1.0 0837  2.5 1446  0.9 2107  2.5
11  Sa        622 0313  0.9 0934  2.6 1541  0.8 2200  2.6
12  Su        622 0406  0.7 1029  2.7 1633  0.7 2252  2.7
13  Mo        622 0458  0.6 1123  2.8 1725  0.6 2344  2.8
14  Tu        622 0549  0.5 1216  2.9 1817  0.6 9999  9.9
15  We        622 0035  2.8 0641  0.4 1310  2.9 1909  0.6
16  Th        622 0128  2.9 0734  0.4 1404  2.9 2002  0.6
17  Fr        622 0221  2.8 0827  0.4 1458  2.9 2056  0.6
18  Sa        622 0316  2.8 0922  0.5 1554  2.8 2151  0.7
19  Su        622 0413  2.7 1019  0.6 1651  2.7 2249  0.8
20  Mo        622 0512  2.7 1118  0.7 1750  2.6 2349  0.9
21  Tu        622 0612  2.6 1219  0.8 1849  2.6 9999  9.9
22  We        622 0050  0.9 0714  2.5 1319  0.9 1948  2.5
23  Th        622 0149  0.9 0814  2.5 1418  0.9 2044  2.5
24  Fr        622 0246  0.9 0912  2.5 1513  0.9 2136  2.5
25  Sa        622 0338  0.9 1004  2.5 1603  1.0 2223  2.5
26  Su        622 0426  0.9 1051  2.5 1648  1.0 2306  2.5
27  Mo        622 0509  0.9 1134  2.5 1731  1.0 2345  2.5
28  Tu        622 0550  0.8 1214  2.5 1811  1.0 9999  9.9
29  We        622 0023  2.5 0630  0.8 1252  2.5 1850  1.0
30  Th        622 0100  2.5 0707  0.8 1329  2.5 1927  1.0
 1  Fr        722 0138  2.5 0745  0.8 1407  2.5 2005  1.0
 2  Sa        722 0215  2.5 0822  0.8 1445  2.5 2043  1.0
 3  Su        722 0253  2.4 0901  0.9 1524  2.5 2121  1.0
 4  Mo        722 0333  2.4 0941  0.9 1605  2.4 2203  1.1
 5  Tu        722 0416  2.4 1025  0.9 1649  2.4 2249  1.1
 6  We        722 0504  2.4 1113  1.0 1738  2.4 2340  1.1
 7  Th        722 0558  2.4 1208  1.0 1831  2.4 9999  9.9
 8  Fr        722 0037  1.0 0658  2.4 1308  1.0 1930  2.4
 9  Sa        722 0139  1.0 0802  2.4 1411  1.0 2031  2.5
10  Su        722 0241  0.9 0906  2.5 1513  0.9 2132  2.5
11  Mo        722 0341  0.7 1009  2.6 1612  0.8 2231  2.6
12  Tu        722 0439  0.6 1108  2.7 1709  0.7 2328  2.8
13  We        722 0534  0.5 1204  2.8 1803  0.6 9999  9.9
14  Th        722 0022  2.9 0628  0.4 1258  2.9 1855  0.6
15  Fr        722 0115  2.9 0720  0.3 1350  2.9 1946  0.5
16  Sa        722 0207  2.9 0812  0.4 1441  2.9 2037  0.6
17  Su        722 0258  2.9 0903  0.4 1532  2.9 2129  0.6
18  Mo        722 0350  2.8 0955  0.5 1622  2.8 2221  0.7
19  Tu        722 0442  2.7 1048  0.7 1714  2.7 2315  0.8
20  We        722 0536  2.6 1143  0.8 1808  2.5 9999  9.9
21  Th        722 0011  0.9 0634  2.5 1240  0.9 1904  2.4
22  Fr        722 0110  1.0 0734  2.4 1340  1.0 2001  2.4
23  Sa        722 0209  1.0 0835  2.4 1438  1.1 2059  2.3
24  Su        722 0307  1.0 0934  2.3 1534  1.1 2152  2.3
25  Mo        722 0400  1.0 1027  2.4 1624  1.1 2241  2.4
26  Tu        722 0447  0.9 1113  2.4 1710  1.0 2324  2.4
27  We        722 0530  0.9 1154  2.5 1751  1.0 9999  9.9
28  Th        722 0003  2.5 0609  0.8 1232  2.5 1829  1.0
29  Fr        722 0040  2.5 0646  0.8 1308  2.5 1905  0.9
30  Sa        722 0117  2.5 0722  0.8 1344  2.6 1941  0.9
31  Su        722 0153  2.6 0758  0.8 1420  2.6 2016  0.9
 1  Mo        822 0229  2.6 0834  0.8 1456  2.5 2053  0.9
 2  Tu        822 0306  2.5 0912  0.8 1534  2.5 2131  0.9
 3  We        822 0346  2.5 0953  0.9 1614  2.5 2215  0.9
 4  Th        822 0431  2.5 1040  0.9 1700  2.4 2304  1.0
 5  Fr        822 0524  2.4 1134  1.0 1753  2.4 9999  9.9
 6  Sa        822 0003  1.0 0626  2.4 1237  1.0 1857  2.4
 7  Su        822 0109  1.0 0737  2.4 1345  1.0 2006  2.4
 8  Mo        822 0218  0.9 0850  2.5 1454  1.0 2115  2.5
 9  Tu        822 0325  0.8 0958  2.6 1557  0.9 2219  2.6
10  We        822 0426  0.6 1058  2.7 1655  0.7 2317  2.8
11  Th        822 0522  0.5 1153  2.8 1749  0.6 9999  9.9
12  Fr        822 0010  2.9 0614  0.4 1244  2.9 1839  0.5
13  Sa        822 0100  3.0 0704  0.3 1332  3.0 1927  0.5
14  Su        822 0148  3.0 0752  0.3 1418  3.0 2014  0.5
15  Mo        822 0235  2.9 0839  0.4 1503  2.9 2101  0.6
16  Tu        822 0321  2.9 0926  0.5 1548  2.8 2149  0.7
17  We        822 0408  2.7 1014  0.7 1634  2.6 2238  0.8
18  Th        822 0458  2.6 1104  0.9 1723  2.5 2330  0.9
19  Fr        822 0551  2.4 1159  1.0 1816  2.4 9999  9.9
20  Sa        822 0028  1.0 0650  2.3 1258  1.1 1915  2.3
21  Su        822 0130  1.1 0755  2.3 1402  1.2 2018  2.2
22  Mo        822 0233  1.1 0901  2.3 1504  1.2 2119  2.3
23  Tu        822 0331  1.1 0959  2.3 1559  1.2 2213  2.3
24  We        822 0421  1.0 1047  2.4 1645  1.1 2258  2.4
25  Th        822 0505  0.9 1128  2.5 1726  1.0 2338  2.5
26  Fr        822 0544  0.8 1206  2.5 1803  0.9 9999  9.9
27  Sa        822 0015  2.6 0620  0.8 1241  2.6 1838  0.9
28  Su        822 0051  2.6 0656  0.7 1316  2.6 1913  0.8
29  Mo        822 0127  2.7 0731  0.7 1351  2.7 1948  0.8
30  Tu        822 0203  2.7 0807  0.7 1427  2.6 2025  0.8
31  We        822 0241  2.7 0846  0.7 1504  2.6 2104  0.8
 1  Th        922 0321  2.6 0927  0.8 1544  2.5 2148  0.8
 2  Fr        922 0407  2.5 1014  0.9 1631  2.5 2239  0.9
 3  Sa        922 0502  2.5 1110  1.0 1728  2.4 2340  1.0
 4  Su        922 0609  2.4 1216  1.1 1837  2.3 9999  9.9
 5  Mo        922 0050  1.0 0725  2.4 1330  1.1 1953  2.4
 6  Tu        922 0204  0.9 0842  2.5 1442  1.0 2105  2.5
 7  We        922 0313  0.8 0949  2.6 1546  0.9 2209  2.6
 8  Th        922 0414  0.7 1047  2.7 1642  0.7 2305  2.8
 9  Fr        922 0508  0.5 1138  2.8 1733  0.6 2355  2.9
10  Sa        922 0557  0.4 1225  2.9 1820  0.5 9999  9.9
11  Su        922 0041  3.0 0644  0.4 1308  2.9 1905  0.5
12  Mo        922 0125  3.0 0728  0.4 1350  2.9 1948  0.5
13  Tu        922 0208  2.9 0812  0.5 1431  2.8 2032  0.6
14  We        922 0251  2.8 0855  0.6 1512  2.7 2115  0.7
15  Th        922 0334  2.7 0939  0.8 1554  2.6 2201  0.8
16  Fr        922 0420  2.5 1026  0.9 1639  2.4 2250  0.9
17  Sa        922 0510  2.4 1118  1.1 1730  2.3 2345  1.1
18  Su        922 0607  2.3 1217  1.2 1829  2.2 9999  9.9
19  Mo        922 0048  1.2 0713  2.2 1323  1.3 1936  2.2
20  Tu        922 0154  1.2 0821  2.2 1429  1.3 2041  2.2
21  We        922 0256  1.1 0921  2.3 1525  1.2 2137  2.3
22  Th        922 0347  1.0 1011  2.4 1612  1.1 2224  2.4
23  Fr        922 0431  0.9 1053  2.5 1653  1.0 2305  2.5
24  Sa        922 0511  0.8 1132  2.6 1731  0.9 2344  2.6
25  Su        922 0549  0.7 1208  2.6 1807  0.8 9999  9.9
26  Mo        922 0021  2.7 0625  0.7 1245  2.7 1843  0.7
27  Tu        922 0059  2.7 0703  0.6 1321  2.7 1920  0.7
28  We        922 0138  2.8 0741  0.6 1359  2.7 1959  0.7
29  Th        922 0218  2.7 0822  0.7 1439  2.6 2041  0.7
30  Fr        922 0303  2.7 0907  0.8 1523  2.6 2129  0.8
 1  Sa       1022 0353  2.6 0958  0.9 1615  2.5 2223  0.8
 2  Su       1022 0453  2.5 1057  1.0 1717  2.4 2328  0.9
 3  Mo       1022 0604  2.4 1206  1.1 1829  2.4 9999  9.9
 4  Tu       1022 0040  0.9 0720  2.4 1320  1.1 1945  2.4
 5  We       1022 0154  0.9 0833  2.5 1431  1.0 2055  2.5
 6  Th       1022 0301  0.8 0937  2.6 1532  0.9 2156  2.6
 7  Fr       1022 0359  0.7 1031  2.7 1625  0.7 2249  2.8
 8  Sa       1022 0451  0.6 1118  2.8 1713  0.6 2336  2.8
 9  Su       1022 0537  0.5 1202  2.8 1758  0.5 9999  9.9
10  Mo       1022 0020  2.9 0621  0.5 1242  2.8 1840  0.5
11  Tu       1022 0101  2.9 0703  0.5 1321  2.8 1922  0.5
12  We       1022 0142  2.8 0744  0.6 1359  2.7 2002  0.6
13  Th       1022 0222  2.7 0825  0.7 1438  2.6 2044  0.7
14  Fr       1022 0303  2.6 0907  0.9 1518  2.5 2127  0.8
15  Sa       1022 0346  2.5 0951  1.0 1601  2.4 2213  1.0
16  Su       1022 0434  2.4 1040  1.1 1650  2.3 2306  1.1
17  Mo       1022 0529  2.3 1137  1.2 1747  2.2 9999  9.9
18  Tu       1022 0006  1.2 0631  2.2 1241  1.3 1851  2.2
19  We       1022 0110  1.2 0736  2.2 1345  1.3 1955  2.2
20  Th       1022 0211  1.1 0835  2.3 1442  1.2 2052  2.3
21  Fr       1022 0304  1.0 0926  2.4 1531  1.1 2142  2.4
22  Sa       1022 0351  0.9 1011  2.5 1613  1.0 2227  2.5
23  Su       1022 0433  0.8 1053  2.6 1654  0.8 2309  2.6
24  Mo       1022 0514  0.7 1132  2.7 1733  0.7 2351  2.7
25  Tu       1022 0554  0.7 1212  2.7 1813  0.6 9999  9.9
26  We       1022 0032  2.8 0635  0.6 1253  2.7 1854  0.6
27  Th       1022 0116  2.8 0718  0.6 1335  2.7 1938  0.6
28  Fr       1022 0202  2.8 0804  0.7 1420  2.7 2025  0.6
29  Sa       1022 0251  2.7 0853  0.8 1510  2.6 2117  0.7
30  Su       1022 0347  2.6 0947  0.9 1606  2.5 2215  0.8
31  Mo       1022 0449  2.6 1049  1.0 1711  2.5 2319  0.8
 1  Tu       1122 0558  2.5 1156  1.0 1821  2.4 9999  9.9
 2  We       1122 0029  0.9 0708  2.5 1307  1.0 1932  2.5
 3  Th       1122 0139  0.8 0816  2.5 1413  0.9 2038  2.5
 4  Fr       1122 0243  0.8 0916  2.6 1512  0.8 2137  2.6
 5  Sa       1122 0339  0.7 1008  2.7 1604  0.7 2229  2.7
 6  Su       1122 0429  0.7 1055  2.7 1651  0.7 2315  2.8
 7  Mo       1122 0514  0.6 1137  2.7 1735  0.6 2358  2.8
 8  Tu       1122 0557  0.6 1216  2.7 1816  0.6 9999  9.9
 9  We       1122 0039  2.7 0638  0.7 1254  2.7 1857  0.6
10  Th       1122 0118  2.7 0718  0.8 1331  2.6 1937  0.7
11  Fr       1122 0157  2.6 0758  0.8 1409  2.6 2017  0.8
12  Sa       1122 0236  2.5 0839  0.9 1448  2.5 2058  0.9
13  Su       1122 0318  2.4 0921  1.0 1530  2.4 2142  1.0
14  Mo       1122 0404  2.4 1007  1.1 1616  2.3 2230  1.0
15  Tu       1122 0454  2.3 1059  1.2 1709  2.2 2323  1.1
16  We       1122 0549  2.3 1155  1.2 1806  2.2 9999  9.9
17  Th       1122 0021  1.1 0647  2.3 1254  1.2 1905  2.2
18  Fr       1122 0119  1.1 0743  2.3 1350  1.2 2003  2.3
19  Sa       1122 0214  1.0 0836  2.4 1442  1.1 2056  2.4
20  Su       1122 0305  1.0 0925  2.5 1530  1.0 2146  2.5
21  Mo       1122 0353  0.9 1012  2.6 1616  0.8 2234  2.6
22  Tu       1122 0439  0.8 1057  2.6 1701  0.7 2322  2.7
23  We       1122 0525  0.7 1143  2.7 1746  0.6 9999  9.9
24  Th       1122 0010  2.8 0612  0.6 1229  2.8 1833  0.5
25  Fr       1122 0058  2.8 0700  0.6 1317  2.8 1922  0.5
26  Sa       1122 0149  2.8 0749  0.7 1407  2.8 2013  0.5
27  Su       1122 0243  2.8 0841  0.7 1501  2.7 2107  0.6
28  Mo       1122 0339  2.7 0937  0.8 1558  2.7 2205  0.6
29  Tu       1122 0439  2.7 1037  0.8 1700  2.6 2307  0.7
30  We       1122 0542  2.6 1140  0.9 1804  2.6 9999  9.9
 1  Th       1222 0011  0.8 0646  2.6 1244  0.9 1909  2.6
 2  Fr       1222 0116  0.8 0748  2.6 1347  0.9 2013  2.6
 3  Sa       1222 0217  0.8 0847  2.6 1446  0.9 2112  2.6
 4  Su       1222 0313  0.8 0940  2.6 1539  0.8 2206  2.6
 5  Mo       1222 0405  0.8 1029  2.6 1627  0.8 2254  2.6
 6  Tu       1222 0451  0.8 1112  2.6 1712  0.7 2338  2.6
 7  We       1222 0535  0.8 1153  2.6 1755  0.7 9999  9.9
 8  Th       1222 0019  2.6 0616  0.9 1231  2.6 1835  0.7
 9  Fr       1222 0059  2.6 0656  0.9 1308  2.5 1915  0.8
10  Sa       1222 0137  2.5 0736  0.9 1346  2.5 1954  0.8
11  Su       1222 0216  2.5 0815  1.0 1424  2.5 2034  0.9
12  Mo       1222 0255  2.5 0856  1.0 1504  2.4 2115  0.9
13  Tu       1222 0337  2.4 0937  1.1 1547  2.4 2157  1.0
14  We       1222 0421  2.4 1022  1.1 1632  2.3 2243  1.0
15  Th       1222 0508  2.3 1110  1.2 1722  2.3 2333  1.1
16  Fr       1222 0558  2.3 1202  1.2 1816  2.3 9999  9.9
17  Sa       1222 0027  1.1 0651  2.3 1256  1.1 1912  2.3
18  Su       1222 0123  1.0 0745  2.4 1352  1.1 2010  2.4
19  Mo       1222 0220  1.0 0840  2.4 1447  1.0 2108  2.5
20  Tu       1222 0315  0.9 0934  2.5 1541  0.8 2204  2.6
21  We       1222 0409  0.8 1027  2.6 1633  0.7 2259  2.7
22  Th       1222 0501  0.7 1119  2.7 1725  0.6 2352  2.8
23  Fr       1222 0553  0.7 1211  2.8 1817  0.5 9999  9.9
24  Sa       1222 0045  2.8 0644  0.6 1303  2.8 1908  0.4
25  Su       1222 0138  2.9 0736  0.6 1355  2.8 2001  0.4
26  Mo       1222 0232  2.9 0828  0.6 1449  2.8 2054  0.4
27  Tu       1222 0325  2.8 0922  0.7 1543  2.8 2149  0.5
28  We       1222 0420  2.8 1018  0.7 1640  2.7 2246  0.6
29  Th       1222 0517  2.7 1115  0.8 1739  2.7 2345  0.7
30  Fr       1222 0615  2.6 1215  0.8 1839  2.6 9999  9.9
31  Sa       1222 0046  0.8 0714  2.5 1316  0.9 1942  2.5
