015Flour Cask Bay
Based on data from 14-Feb-1999
Local Std Time, tidal heights in metres.
 1  Fr        722 0138  2.5 0745  0.8 1407  2.5 2005  1.0
 2  Sa        722 0215  2.5 0822  0.8 1445  2.5 2043  1.0
 3  Su        722 0253  2.4 0901  0.9 1524  2.5 2121  1.0
 4  Mo        722 0333  2.4 0941  0.9 1605  2.4 2203  1.1
 5  Tu        722 0416  2.4 1025  0.9 1649  2.4 2249  1.1
 6  We        722 0504  2.4 1113  1.0 1738  2.4 2340  1.1
 7  Th        722 0558  2.4 1208  1.0 1831  2.4 9999  9.9
 8  Fr        722 0037  1.0 0658  2.4 1308  1.0 1930  2.4
 9  Sa        722 0139  1.0 0802  2.4 1411  1.0 2031  2.5
10  Su        722 0241  0.9 0906  2.5 1513  0.9 2132  2.5
11  Mo        722 0341  0.7 1009  2.6 1612  0.8 2231  2.6
12  Tu        722 0439  0.6 1108  2.7 1708  0.7 2328  2.8
13  We        722 0534  0.5 1204  2.8 1803  0.6 9999  9.9
14  Th        722 0022  2.9 0628  0.4 1258  2.9 1855  0.6
15  Fr        722 0115  2.9 0720  0.3 1350  2.9 1946  0.5
16  Sa        722 0207  2.9 0812  0.4 1441  2.9 2037  0.6
17  Su        722 0258  2.9 0903  0.4 1532  2.9 2129  0.6
18  Mo        722 0350  2.8 0955  0.5 1622  2.8 2221  0.7
19  Tu        722 0442  2.7 1048  0.7 1714  2.7 2315  0.8
20  We        722 0536  2.6 1143  0.8 1808  2.5 9999  9.9
21  Th        722 0011  0.9 0634  2.5 1240  0.9 1904  2.4
22  Fr        722 0110  1.0 0734  2.4 1340  1.0 2001  2.4
23  Sa        722 0209  1.0 0835  2.4 1438  1.1 2059  2.3
24  Su        722 0307  1.0 0934  2.3 1534  1.1 2152  2.3
25  Mo        722 0400  1.0 1027  2.4 1624  1.1 2241  2.4
26  Tu        722 0447  0.9 1113  2.4 1710  1.0 2324  2.4
27  We        722 0530  0.9 1154  2.5 1751  1.0 9999  9.9
28  Th        722 0003  2.5 0609  0.8 1232  2.5 1829  1.0
29  Fr        722 0040  2.5 0646  0.8 1308  2.5 1905  0.9
30  Sa        722 0117  2.5 0722  0.8 1344  2.6 1941  0.9
31  Su        722 0153  2.6 0758  0.8 1420  2.6 2016  0.9
 1  Mo        822 0229  2.6 0834  0.8 1456  2.5 2053  0.9
 2  Tu        822 0306  2.5 0912  0.8 1534  2.5 2131  0.9
 3  We        822 0346  2.5 0953  0.9 1614  2.5 2215  0.9
 4  Th        822 0431  2.5 1040  0.9 1700  2.4 2304  1.0
 5  Fr        822 0524  2.4 1134  1.0 1753  2.4 9999  9.9
 6  Sa        822 0003  1.0 0626  2.4 1237  1.0 1857  2.4
 7  Su        822 0109  1.0 0737  2.4 1345  1.0 2006  2.4
 8  Mo        822 0218  0.9 0850  2.5 1454  1.0 2115  2.5
 9  Tu        822 0325  0.8 0958  2.6 1557  0.9 2219  2.6
10  We        822 0426  0.6 1058  2.7 1655  0.7 2317  2.8
11  Th        822 0522  0.5 1153  2.8 1749  0.6 9999  9.9
12  Fr        822 0010  2.9 0614  0.4 1244  2.9 1839  0.5
13  Sa        822 0100  3.0 0704  0.3 1332  3.0 1927  0.5
14  Su        822 0148  3.0 0752  0.3 1418  3.0 2014  0.5
15  Mo        822 0235  2.9 0839  0.4 1503  2.9 2101  0.6
16  Tu        822 0321  2.9 0926  0.5 1548  2.8 2149  0.7
17  We        822 0408  2.7 1014  0.7 1634  2.6 2238  0.8
18  Th        822 0458  2.6 1104  0.9 1723  2.5 2330  0.9
19  Fr        822 0551  2.4 1159  1.0 1816  2.4 9999  9.9
20  Sa        822 0028  1.0 0650  2.3 1258  1.1 1915  2.3
21  Su        822 0130  1.1 0755  2.3 1402  1.2 2018  2.2
22  Mo        822 0233  1.1 0901  2.3 1504  1.2 2119  2.3
23  Tu        822 0331  1.1 0959  2.3 1558  1.2 2213  2.3
24  We        822 0421  1.0 1047  2.4 1645  1.1 2258  2.4
25  Th        822 0505  0.9 1128  2.5 1726  1.0 2338  2.5
26  Fr        822 0544  0.8 1206  2.5 1803  0.9 9999  9.9
27  Sa        822 0015  2.6 0620  0.8 1241  2.6 1838  0.9
28  Su        822 0051  2.6 0656  0.7 1316  2.6 1913  0.8
29  Mo        822 0127  2.7 0731  0.7 1351  2.7 1948  0.8
30  Tu        822 0203  2.7 0807  0.7 1427  2.6 2025  0.8
31  We        822 0241  2.7 0846  0.7 1504  2.6 2104  0.8
 1  Th        922 0321  2.6 0927  0.8 1544  2.5 2148  0.8
 2  Fr        922 0407  2.5 1014  0.9 1631  2.5 2239  0.9
 3  Sa        922 0502  2.5 1110  1.0 1728  2.4 2340  1.0
 4  Su        922 0609  2.4 1216  1.1 1837  2.3 9999  9.9
 5  Mo        922 0050  1.0 0725  2.4 1330  1.1 1953  2.4
 6  Tu        922 0204  0.9 0842  2.4 1442  1.0 2105  2.5
 7  We        922 0313  0.8 0949  2.6 1546  0.9 2209  2.6
 8  Th        922 0414  0.7 1047  2.7 1642  0.7 2305  2.8
 9  Fr        922 0508  0.5 1138  2.8 1733  0.6 2355  2.9
10  Sa        922 0557  0.4 1225  2.9 1820  0.5 9999  9.9
11  Su        922 0041  3.0 0644  0.4 1308  2.9 1905  0.5
12  Mo        922 0125  3.0 0728  0.4 1350  2.9 1948  0.5
13  Tu        922 0208  2.9 0812  0.5 1431  2.8 2032  0.6
14  We        922 0251  2.8 0855  0.6 1512  2.7 2115  0.7
15  Th        922 0334  2.7 0939  0.8 1554  2.6 2201  0.8
16  Fr        922 0420  2.5 1026  0.9 1639  2.4 2250  0.9
17  Sa        922 0510  2.4 1118  1.1 1730  2.3 2345  1.1
18  Su        922 0607  2.3 1217  1.2 1829  2.2 9999  9.9
19  Mo        922 0048  1.2 0713  2.2 1323  1.3 1936  2.2
20  Tu        922 0154  1.2 0821  2.2 1429  1.3 2041  2.2
21  We        922 0256  1.1 0921  2.3 1525  1.2 2137  2.3
22  Th        922 0347  1.0 1011  2.4 1612  1.1 2224  2.4
23  Fr        922 0431  0.9 1053  2.5 1653  1.0 2305  2.5
24  Sa        922 0511  0.8 1132  2.6 1731  0.9 2344  2.6
25  Su        922 0549  0.7 1208  2.6 1807  0.8 9999  9.9
26  Mo        922 0021  2.7 0625  0.7 1245  2.7 1843  0.7
27  Tu        922 0059  2.7 0703  0.6 1321  2.7 1920  0.7
28  We        922 0138  2.8 0741  0.6 1359  2.7 1959  0.7
29  Th        922 0218  2.7 0822  0.7 1439  2.6 2041  0.7
30  Fr        922 0303  2.7 0907  0.8 1523  2.6 2129  0.8
 1  Sa       1022 0353  2.6 0958  0.9 1615  2.5 2223  0.8
 2  Su       1022 0453  2.5 1057  1.0 1717  2.4 2328  0.9
 3  Mo       1022 0604  2.4 1206  1.1 1829  2.4 9999  9.9
 4  Tu       1022 0040  0.9 0720  2.4 1320  1.1 1945  2.4
 5  We       1022 0154  0.9 0833  2.5 1431  1.0 2055  2.5
 6  Th       1022 0301  0.8 0937  2.6 1532  0.9 2156  2.6
 7  Fr       1022 0359  0.7 1031  2.7 1625  0.7 2249  2.8
 8  Sa       1022 0451  0.6 1118  2.8 1713  0.6 2336  2.8
 9  Su       1022 0537  0.5 1202  2.8 1758  0.5 9999  9.9
10  Mo       1022 0020  2.9 0621  0.5 1242  2.8 1840  0.5
11  Tu       1022 0101  2.9 0703  0.5 1321  2.8 1922  0.5
12  We       1022 0142  2.8 0744  0.6 1359  2.7 2002  0.6
13  Th       1022 0222  2.7 0825  0.7 1438  2.6 2044  0.7
14  Fr       1022 0303  2.6 0907  0.9 1518  2.5 2127  0.8
15  Sa       1022 0346  2.5 0951  1.0 1601  2.4 2213  1.0
16  Su       1022 0434  2.4 1040  1.1 1650  2.3 2306  1.1
17  Mo       1022 0529  2.3 1137  1.2 1747  2.2 9999  9.9
18  Tu       1022 0006  1.2 0631  2.2 1241  1.3 1851  2.2
19  We       1022 0110  1.2 0736  2.2 1345  1.3 1955  2.2
20  Th       1022 0211  1.1 0835  2.3 1442  1.2 2052  2.3
21  Fr       1022 0304  1.0 0926  2.4 1531  1.1 2142  2.4
22  Sa       1022 0351  0.9 1011  2.5 1613  1.0 2227  2.5
23  Su       1022 0433  0.8 1053  2.6 1654  0.8 2309  2.6
24  Mo       1022 0514  0.7 1132  2.7 1733  0.7 2351  2.7
25  Tu       1022 0554  0.7 1212  2.7 1813  0.6 9999  9.9
26  We       1022 0032  2.8 0635  0.6 1253  2.7 1854  0.6
27  Th       1022 0116  2.8 0718  0.6 1335  2.7 1938  0.6
28  Fr       1022 0202  2.8 0804  0.7 1420  2.7 2025  0.6
29  Sa       1022 0251  2.7 0853  0.8 1510  2.6 2117  0.7
30  Su       1022 0347  2.6 0947  0.9 1606  2.5 2215  0.8
31  Mo       1022 0449  2.6 1049  1.0 1711  2.5 2319  0.8
 1  Tu       1122 0558  2.5 1156  1.0 1821  2.4 9999  9.9
 2  We       1122 0029  0.9 0708  2.5 1307  1.0 1932  2.5
 3  Th       1122 0139  0.8 0816  2.5 1413  0.9 2038  2.5
 4  Fr       1122 0243  0.8 0916  2.6 1512  0.8 2137  2.6
 5  Sa       1122 0339  0.7 1008  2.7 1604  0.7 2229  2.7
 6  Su       1122 0429  0.7 1055  2.7 1651  0.7 2315  2.8
 7  Mo       1122 0514  0.6 1137  2.7 1735  0.6 2358  2.8
 8  Tu       1122 0557  0.6 1216  2.7 1816  0.6 9999  9.9
 9  We       1122 0039  2.7 0638  0.7 1254  2.7 1857  0.6
10  Th       1122 0118  2.7 0718  0.8 1331  2.6 1937  0.7
11  Fr       1122 0157  2.6 0758  0.8 1409  2.6 2017  0.8
12  Sa       1122 0236  2.5 0839  0.9 1448  2.5 2058  0.9
13  Su       1122 0318  2.4 0921  1.0 1530  2.4 2142  1.0
14  Mo       1122 0404  2.4 1007  1.1 1616  2.3 2230  1.0
15  Tu       1122 0454  2.3 1059  1.2 1709  2.2 2323  1.1
16  We       1122 0549  2.3 1155  1.2 1806  2.2 9999  9.9
17  Th       1122 0021  1.1 0647  2.3 1254  1.2 1905  2.2
18  Fr       1122 0119  1.1 0743  2.3 1350  1.2 2003  2.3
19  Sa       1122 0214  1.0 0836  2.4 1442  1.1 2056  2.4
20  Su       1122 0305  1.0 0925  2.5 1530  1.0 2146  2.5
21  Mo       1122 0353  0.9 1012  2.5 1616  0.8 2234  2.6
22  Tu       1122 0439  0.8 1057  2.6 1701  0.7 2322  2.7
23  We       1122 0525  0.7 1143  2.7 1746  0.6 9999  9.9
24  Th       1122 0010  2.8 0612  0.6 1229  2.8 1833  0.5
25  Fr       1122 0058  2.8 0700  0.6 1317  2.8 1922  0.5
26  Sa       1122 0149  2.8 0749  0.7 1407  2.8 2013  0.5
27  Su       1122 0243  2.8 0841  0.7 1501  2.7 2107  0.6
28  Mo       1122 0339  2.7 0937  0.8 1558  2.7 2205  0.6
29  Tu       1122 0439  2.7 1037  0.8 1700  2.6 2307  0.7
30  We       1122 0542  2.6 1140  0.9 1804  2.6 9999  9.9
 1  Th       1222 0011  0.8 0646  2.6 1245  0.9 1909  2.6
 2  Fr       1222 0116  0.8 0748  2.6 1347  0.9 2013  2.6
 3  Sa       1222 0217  0.8 0847  2.6 1446  0.9 2112  2.6
 4  Su       1222 0313  0.8 0940  2.6 1539  0.8 2206  2.6
 5  Mo       1222 0405  0.8 1029  2.6 1627  0.8 2254  2.6
 6  Tu       1222 0452  0.8 1112  2.6 1712  0.7 2338  2.6
 7  We       1222 0535  0.8 1153  2.6 1755  0.7 9999  9.9
 8  Th       1222 0019  2.6 0616  0.9 1231  2.6 1835  0.7
 9  Fr       1222 0058  2.6 0656  0.9 1308  2.5 1915  0.8
10  Sa       1222 0137  2.5 0736  0.9 1346  2.5 1954  0.8
11  Su       1222 0216  2.5 0815  1.0 1424  2.5 2034  0.9
12  Mo       1222 0255  2.5 0856  1.0 1504  2.4 2115  0.9
13  Tu       1222 0337  2.4 0937  1.1 1547  2.4 2157  1.0
14  We       1222 0421  2.4 1022  1.1 1632  2.3 2243  1.0
15  Th       1222 0508  2.3 1110  1.2 1722  2.3 2333  1.1
16  Fr       1222 0558  2.3 1202  1.2 1816  2.3 9999  9.9
17  Sa       1222 0027  1.1 0651  2.3 1256  1.1 1912  2.3
18  Su       1222 0123  1.0 0745  2.4 1352  1.1 2010  2.4
19  Mo       1222 0220  1.0 0840  2.4 1447  1.0 2108  2.5
20  Tu       1222 0315  0.9 0934  2.5 1541  0.8 2204  2.6
21  We       1222 0409  0.8 1027  2.6 1633  0.7 2258  2.7
22  Th       1222 0501  0.7 1119  2.7 1725  0.6 2352  2.8
23  Fr       1222 0553  0.7 1211  2.8 1817  0.5 9999  9.9
24  Sa       1222 0045  2.8 0644  0.6 1303  2.8 1908  0.4
25  Su       1222 0138  2.9 0736  0.6 1355  2.8 2001  0.4
26  Mo       1222 0231  2.9 0828  0.6 1449  2.8 2054  0.4
27  Tu       1222 0325  2.8 0922  0.7 1543  2.8 2149  0.5
28  We       1222 0420  2.8 1018  0.7 1640  2.7 2246  0.6
29  Th       1222 0517  2.7 1115  0.8 1739  2.7 2345  0.7
30  Fr       1222 0615  2.6 1215  0.8 1839  2.6 9999  9.9
31  Sa       1222 0045  0.8 0714  2.5 1316  0.9 1941  2.5
 1  Su        123 0146  0.9 0813  2.5 1415  0.9 2043  2.5
 2  Mo        123 0245  0.9 0910  2.5 1512  0.9 2141  2.5
 3  Tu        123 0340  1.0 1002  2.5 1604  0.9 2234  2.5
 4  We        123 0430  1.0 1050  2.5 1652  0.9 2321  2.5
 5  Th        123 0516  1.0 1133  2.5 1736  0.8 9999  9.9
 6  Fr        123 0003  2.5 0558  1.0 1212  2.5 1817  0.8
 7  Sa        123 0042  2.5 0638  1.0 1250  2.5 1856  0.8
 8  Su        123 0119  2.5 0716  1.0 1326  2.5 1934  0.8
 9  Mo        123 0155  2.5 0753  1.0 1403  2.5 2011  0.8
10  Tu        123 0232  2.5 0830  1.0 1440  2.5 2047  0.9
11  We        123 0309  2.5 0907  1.0 1518  2.5 2125  0.9
12  Th        123 0347  2.4 0946  1.0 1558  2.4 2205  0.9
13  Fr        123 0428  2.4 1027  1.1 1641  2.4 2250  1.0
14  Sa        123 0512  2.4 1114  1.1 1730  2.4 2340  1.0
15  Su        123 0601  2.3 1207  1.1 1826  2.4 9999  9.9
16  Mo        123 0037  1.0 0658  2.3 1307  1.0 1929  2.4
17  Tu        123 0139  1.0 0759  2.4 1410  1.0 2036  2.4
18  We        123 0243  1.0 0902  2.4 1513  0.9 2141  2.5
19  Th        123 0345  0.9 1003  2.5 1612  0.7 2242  2.7
20  Fr        123 0442  0.8 1102  2.7 1709  0.6 2339  2.8
21  Sa        123 0537  0.7 1157  2.8 1803  0.4 9999  9.9
22  Su        123 0033  2.9 0630  0.6 1249  2.9 1855  0.4
23  Mo        123 0124  3.0 0720  0.5 1340  3.0 1946  0.3
24  Tu        123 0214  3.0 0811  0.5 1431  3.0 2036  0.3
25  We        123 0304  2.9 0901  0.5 1522  2.9 2127  0.4
26  Th        123 0354  2.9 0952  0.6 1614  2.8 2219  0.6
27  Fr        123 0445  2.7 1045  0.7 1708  2.7 2314  0.7
28  Sa        123 0538  2.6 1141  0.8 1805  2.6 9999  9.9
29  Su        123 0011  0.9 0635  2.5 1240  0.9 1906  2.5
30  Mo        123 0111  1.0 0735  2.4 1342  1.0 2011  2.4
31  Tu        123 0214  1.1 0837  2.3 1444  1.0 2116  2.4
 1  We        223 0314  1.1 0936  2.3 1542  1.0 2214  2.4
 2  Th        223 0409  1.1 1028  2.4 1633  1.0 2303  2.4
 3  Fr        223 0457  1.1 1113  2.4 1718  0.9 2345  2.4
 4  Sa        223 0539  1.0 1153  2.5 1758  0.9 9999  9.9
 5  Su        223 0022  2.5 0617  1.0 1229  2.5 1835  0.8
 6  Mo        223 0057  2.5 0653  0.9 1305  2.5 1910  0.8
 7  Tu        223 0131  2.6 0728  0.9 1339  2.6 1945  0.8
 8  We        223 0204  2.6 0802  0.9 1414  2.6 2019  0.8
 9  Th        223 0239  2.6 0836  0.9 1449  2.5 2054  0.8
10  Fr        223 0313  2.5 0912  0.9 1526  2.5 2132  0.9
11  Sa        223 0350  2.5 0951  0.9 1606  2.5 2214  0.9
12  Su        223 0431  2.4 1035  1.0 1654  2.4 2303  1.0
13  Mo        223 0520  2.4 1129  1.0 1751  2.4 9999  9.9
14  Tu        223 0001  1.1 0620  2.3 1233  1.0 1901  2.3
15  We        223 0109  1.1 0729  2.3 1343  1.0 2015  2.4
16  Th        223 0221  1.1 0841  2.4 1453  0.9 2126  2.5
17  Fr        223 0327  1.0 0948  2.5 1557  0.7 2230  2.6
18  Sa        223 0428  0.8 1048  2.7 1655  0.6 2326  2.8
19  Su        223 0522  0.7 1143  2.8 1748  0.4 9999  9.9
20  Mo        223 0017  2.9 0613  0.5 1233  3.0 1838  0.3
21  Tu        223 0105  3.0 0701  0.4 1322  3.0 1926  0.3
22  We        223 0152  3.0 0749  0.4 1409  3.0 2014  0.3
23  Th        223 0237  3.0 0836  0.5 1456  3.0 2101  0.4
24  Fr        223 0323  2.9 0923  0.6 1544  2.8 2149  0.6
25  Sa        223 0410  2.7 1013  0.7 1634  2.7 2240  0.8
26  Su        223 0459  2.6 1105  0.8 1728  2.5 2334  0.9
27  Mo        223 0553  2.4 1203  1.0 1829  2.4 9999  9.9
28  Tu        223 0035  1.1 0654  2.3 1307  1.1 1936  2.3
 1  We        323 0141  1.2 0800  2.2 1413  1.1 2046  2.3
 2  Th        323 0247  1.2 0906  2.3 1515  1.1 2148  2.3
 3  Fr        323 0345  1.2 1002  2.3 1608  1.0 2237  2.4
 4  Sa        323 0433  1.1 1047  2.4 1653  0.9 2318  2.4
 5  Su        323 0514  1.0 1127  2.5 1732  0.9 2353  2.5
 6  Mo        323 0551  0.9 1203  2.5 1807  0.8 9999  9.9
 7  Tu        323 0027  2.6 0625  0.9 1237  2.6 1842  0.7
 8  We        323 0101  2.6 0659  0.8 1311  2.6 1916  0.7
 9  Th        323 0134  2.6 0732  0.8 1346  2.6 1950  0.7
10  Fr        323 0207  2.6 0806  0.8 1421  2.6 2025  0.8
11  Sa        323 0242  2.6 0842  0.8 1459  2.6 2104  0.8
12  Su        323 0319  2.5 0922  0.9 1541  2.5 2147  0.9
13  Mo        323 0401  2.4 1008  0.9 1630  2.4 2237  1.0
14  Tu        323 0453  2.4 1104  1.0 1732  2.4 2339  1.1
15  We        323 0558  2.3 1212  1.0 1847  2.3 9999  9.9
16  Th        323 0052  1.1 0713  2.3 1327  1.0 2005  2.4
17  Fr        323 0206  1.1 0829  2.4 1439  0.9 2115  2.5
18  Sa        323 0314  0.9 0936  2.5 1543  0.7 2216  2.7
19  Su        323 0412  0.8 1034  2.7 1639  0.6 2309  2.8
20  Mo        323 0504  0.6 1126  2.9 1730  0.4 2357  2.9
21  Tu        323 0553  0.5 1214  3.0 1817  0.3 9999  9.9
22  We        323 0042  3.0 0639  0.4 1300  3.0 1903  0.3
23  Th        323 0125  3.0 0724  0.4 1345  3.0 1948  0.4
24  Fr        323 0208  2.9 0809  0.5 1430  2.9 2033  0.5
25  Sa        323 0251  2.8 0854  0.6 1515  2.8 2119  0.7
26  Su        323 0335  2.7 0940  0.7 1602  2.6 2207  0.9
27  Mo        323 0421  2.5 1030  0.9 1653  2.5 2259  1.0
28  Tu        323 0513  2.4 1126  1.0 1752  2.3 2358  1.2
29  We        323 0613  2.2 1229  1.1 1858  2.2 9999  9.9
30  Th        323 0105  1.2 0720  2.2 1337  1.1 2007  2.2
31  Fr        323 0212  1.2 0826  2.2 1440  1.1 2108  2.3
 1  Sa        423 0311  1.2 0924  2.3 1533  1.0 2158  2.3
 2  Su        423 0359  1.1 1011  2.4 1618  1.0 2240  2.4
 3  Mo        423 0440  1.0 1052  2.5 1658  0.9 2317  2.5
 4  Tu        423 0517  0.9 1129  2.6 1734  0.8 2352  2.6
 5  We        423 0552  0.8 1206  2.6 1810  0.7 9999  9.9
 6  Th        423 0027  2.6 0627  0.8 1242  2.7 1845  0.7
 7  Fr        423 0102  2.7 0702  0.7 1319  2.7 1922  0.7
 8  Sa        423 0138  2.6 0739  0.7 1358  2.7 2000  0.7
 9  Su        423 0216  2.6 0818  0.7 1439  2.6 2042  0.8
10  Mo        423 0257  2.5 0902  0.8 1526  2.6 2129  0.9
11  Tu        423 0344  2.5 0953  0.8 1621  2.5 2224  1.0
12  We        423 0441  2.4 1052  0.9 1727  2.4 2329  1.1
13  Th        423 0550  2.3 1202  0.9 1840  2.4 9999  9.9
14  Fr        423 0041  1.1 0705  2.4 1315  0.9 1954  2.4
15  Sa        423 0153  1.0 0817  2.5 1425  0.8 2100  2.5
16  Su        423 0257  0.9 0921  2.6 1526  0.7 2157  2.7
17  Mo        423 0354  0.8 1017  2.7 1620  0.6 2248  2.8
18  Tu        423 0444  0.6 1107  2.8 1709  0.5 2334  2.8
19  We        423 0531  0.5 1154  2.9 1755  0.5 9999  9.9
20  Th        423 0017  2.9 0616  0.5 1238  2.9 1840  0.5
21  Fr        423 0059  2.9 0659  0.5 1321  2.9 1923  0.5
22  Sa        423 0140  2.8 0743  0.5 1404  2.8 2006  0.7
23  Su        423 0221  2.7 0826  0.6 1448  2.7 2050  0.8
24  Mo        423 0303  2.6 0911  0.8 1533  2.5 2136  0.9
25  Tu        423 0348  2.5 0959  0.9 1622  2.4 2226  1.1
26  We        423 0437  2.3 1051  1.0 1716  2.3 2322  1.2
27  Th        423 0533  2.2 1150  1.1 1816  2.2 9999  9.9
28  Fr        423 0024  1.2 0635  2.2 1253  1.1 1919  2.2
29  Sa        423 0128  1.2 0738  2.2 1354  1.1 2018  2.3
30  Su        423 0225  1.2 0835  2.3 1448  1.1 2109  2.3
 1  Mo        523 0315  1.1 0925  2.4 1535  1.0 2154  2.4
 2  Tu        523 0358  1.0 1010  2.5 1617  0.9 2235  2.5
 3  We        523 0438  0.9 1052  2.6 1657  0.8 2314  2.6
 4  Th        523 0516  0.8 1133  2.6 1737  0.7 2353  2.6
 5  Fr        523 0555  0.7 1214  2.7 1816  0.7 9999  9.9
 6  Sa        523 0033  2.7 0635  0.7 1256  2.7 1858  0.7
 7  Su        523 0113  2.7 0716  0.6 1340  2.7 1941  0.7
 8  Mo        523 0156  2.6 0801  0.6 1427  2.7 2027  0.8
 9  Tu        523 0243  2.6 0850  0.7 1519  2.6 2119  0.9
10  We        523 0336  2.5 0944  0.7 1617  2.6 2216  0.9
11  Th        523 0436  2.5 1045  0.8 1721  2.5 2320  1.0
12  Fr        523 0542  2.5 1151  0.8 1829  2.5 9999  9.9
13  Sa        523 0027  1.0 0651  2.5 1300  0.8 1936  2.5
14  Su        523 0134  1.0 0758  2.5 1405  0.8 2038  2.6
15  Mo        523 0236  0.9 0900  2.6 1505  0.7 2134  2.6
16  Tu        523 0331  0.8 0956  2.7 1558  0.7 2224  2.7
17  We        523 0422  0.7 1047  2.8 1647  0.6 2310  2.7
18  Th        523 0509  0.6 1134  2.8 1733  0.6 2354  2.7
19  Fr        523 0554  0.6 1219  2.8 1817  0.7 9999  9.9
20  Sa        523 0035  2.7 0637  0.6 1301  2.7 1900  0.7
21  Su        523 0115  2.7 0720  0.6 1343  2.7 1942  0.8
22  Mo        523 0155  2.6 0802  0.7 1425  2.6 2025  0.9
23  Tu        523 0236  2.5 0846  0.8 1508  2.5 2109  1.0
24  We        523 0319  2.4 0930  0.9 1553  2.4 2155  1.1
25  Th        523 0405  2.4 1018  1.0 1641  2.3 2245  1.2
26  Fr        523 0455  2.3 1109  1.1 1733  2.3 2339  1.2
27  Sa        523 0549  2.2 1204  1.1 1828  2.3 9999  9.9
28  Su        523 0035  1.2 0645  2.2 1300  1.1 1922  2.3
29  Mo        523 0131  1.2 0742  2.3 1354  1.1 2015  2.3
30  Tu        523 0223  1.1 0835  2.3 1446  1.0 2104  2.4
31  We        523 0311  1.0 0926  2.4 1534  0.9 2151  2.5
 1  Th        623 0357  0.9 1015  2.5 1620  0.9 2237  2.5
 2  Fr        623 0442  0.8 1102  2.6 1706  0.8 2322  2.6
 3  Sa        623 0527  0.7 1150  2.7 1751  0.7 9999  9.9
 4  Su        623 0007  2.7 0612  0.6 1237  2.7 1838  0.7
 5  Mo        623 0054  2.7 0659  0.6 1327  2.8 1926  0.7
 6  Tu        623 0143  2.7 0748  0.5 1418  2.8 2016  0.7
 7  We        623 0234  2.7 0840  0.6 1511  2.7 2109  0.8
 8  Th        623 0328  2.7 0935  0.6 1608  2.7 2205  0.8
 9  Fr        623 0426  2.6 1033  0.7 1707  2.6 2304  0.9
10  Sa        623 0527  2.6 1134  0.7 1808  2.6 9999  9.9
11  Su        623 0006  0.9 0630  2.6 1237  0.8 1909  2.6
12  Mo        623 0109  0.9 0734  2.6 1340  0.8 2009  2.6
13  Tu        623 0210  0.9 0836  2.6 1440  0.8 2107  2.6
14  We        623 0307  0.8 0934  2.6 1535  0.8 2200  2.6
15  Th        623 0400  0.8 1028  2.6 1626  0.8 2249  2.6
16  Fr        623 0449  0.7 1118  2.6 1714  0.8 2334  2.6
17  Sa        623 0535  0.7 1203  2.6 1759  0.8 9999  9.9
18  Su        623 0016  2.6 0619  0.7 1246  2.6 1841  0.9
19  Mo        623 0056  2.6 0701  0.7 1326  2.6 1923  0.9
20  Tu        623 0135  2.5 0742  0.8 1405  2.5 2003  0.9
21  We        623 0214  2.5 0823  0.8 1445  2.5 2044  1.0
22  Th        623 0253  2.5 0903  0.9 1525  2.5 2125  1.0
23  Fr        623 0334  2.4 0945  0.9 1606  2.4 2208  1.1
24  Sa        623 0418  2.4 1028  1.0 1650  2.4 2253  1.1
25  Su        623 0504  2.3 1115  1.0 1737  2.3 2342  1.1
26  Mo        623 0554  2.3 1205  1.1 1827  2.3 9999  9.9
27  Tu        623 0034  1.1 0648  2.3 1259  1.1 1920  2.3
28  We        623 0128  1.1 0745  2.3 1356  1.1 2015  2.4
29  Th        623 0224  1.0 0843  2.4 1452  1.0 2109  2.4
30  Fr        623 0318  0.9 0941  2.5 1546  0.9 2203  2.5
