356French Bay
Based on data from 15-Jan-2008
Local Std Time, tidal heights in metres.
 1  Th        115 0011  2.6 0627  0.6 1239  2.5 1850  0.6
 2  Fr        115 0107  2.6 0721  0.6 1333  2.5 1941  0.6
 3  Sa        115 0201  2.6 0813  0.6 1426  2.5 2032  0.5
 4  Su        115 0252  2.6 0905  0.6 1516  2.5 2123  0.6
 5  Mo        115 0340  2.6 0955  0.6 1603  2.5 2212  0.6
 6  Tu        115 0427  2.6 1043  0.6 1649  2.5 2259  0.6
 7  We        115 0511  2.5 1128  0.7 1735  2.4 2344  0.7
 8  Th        115 0556  2.4 1211  0.8 1820  2.3 9999  9.9
 9  Fr        115 0027  0.8 0640  2.3 1253  0.8 1906  2.2
10  Sa        115 0109  0.9 0725  2.3 1334  0.9 1952  2.2
11  Su        115 0152  0.9 0810  2.2 1417  1.0 2037  2.2
12  Mo        115 0238  1.0 0855  2.1 1503  1.0 2121  2.1
13  Tu        115 0328  1.0 0940  2.1 1551  1.0 2205  2.1
14  We        115 0419  1.0 1026  2.1 1641  0.9 2251  2.2
15  Th        115 0510  0.9 1113  2.1 1728  0.9 2339  2.2
16  Fr        115 0559  0.9 1202  2.2 1815  0.8 9999  9.9
17  Sa        115 0028  2.3 0647  0.8 1252  2.3 1902  0.7
18  Su        115 0119  2.4 0735  0.7 1342  2.4 1950  0.6
19  Mo        115 0210  2.5 0825  0.6 1433  2.5 2041  0.6
20  Tu        115 0300  2.6 0917  0.6 1523  2.6 2135  0.5
21  We        115 0351  2.7 1010  0.5 1615  2.6 2229  0.5
22  Th        115 0443  2.8 1103  0.5 1708  2.7 2323  0.5
23  Fr        115 0537  2.8 1156  0.5 1803  2.7 9999  9.9
24  Sa        115 0018  0.5 0633  2.8 1249  0.6 1901  2.7
25  Su        115 0113  0.6 0731  2.7 1343  0.6 2001  2.7
26  Mo        115 0210  0.6 0830  2.7 1440  0.7 2100  2.6
27  Tu        115 0310  0.7 0928  2.6 1540  0.7 2158  2.6
28  We        115 0412  0.7 1025  2.5 1639  0.7 2254  2.6
29  Th        115 0512  0.7 1122  2.5 1735  0.7 2351  2.6
30  Fr        115 0608  0.7 1217  2.5 1828  0.6 9999  9.9
31  Sa        115 0046  2.5 0701  0.7 1312  2.5 1919  0.6
 1  Su        215 0139  2.5 0752  0.7 1404  2.4 2009  0.6
 2  Mo        215 0230  2.5 0841  0.6 1453  2.4 2057  0.6
 3  Tu        215 0316  2.5 0929  0.7 1539  2.4 2145  0.7
 4  We        215 0359  2.5 1014  0.7 1622  2.4 2230  0.7
 5  Th        215 0441  2.4 1057  0.7 1704  2.3 2313  0.8
 6  Fr        215 0522  2.4 1137  0.8 1745  2.3 2354  0.8
 7  Sa        215 0602  2.3 1216  0.8 1827  2.2 9999  9.9
 8  Su        215 0034  0.9 0644  2.2 1255  0.9 1910  2.2
 9  Mo        215 0115  0.9 0728  2.2 1336  0.9 1955  2.2
10  Tu        215 0159  0.9 0815  2.2 1420  0.9 2042  2.2
11  We        215 0248  0.9 0903  2.2 1509  0.9 2129  2.2
12  Th        215 0342  0.9 0952  2.2 1602  0.9 2218  2.3
13  Fr        215 0437  0.9 1042  2.2 1655  0.8 2309  2.3
14  Sa        215 0530  0.8 1133  2.2 1746  0.8 9999  9.9
15  Su        215 0001  2.4 0622  0.8 1226  2.3 1837  0.7
16  Mo        215 0054  2.5 0712  0.7 1319  2.4 1928  0.6
17  Tu        215 0148  2.6 0804  0.6 1412  2.5 2020  0.5
18  We        215 0240  2.7 0856  0.5 1504  2.6 2115  0.5
19  Th        215 0332  2.8 0949  0.5 1557  2.7 2211  0.5
20  Fr        215 0425  2.8 1043  0.5 1650  2.7 2306  0.5
21  Sa        215 0518  2.8 1136  0.5 1745  2.8 9999  9.9
22  Su        215 0000  0.5 0613  2.8 1229  0.5 1842  2.7
23  Mo        215 0055  0.6 0711  2.7 1322  0.6 1941  2.7
24  Tu        215 0151  0.6 0809  2.6 1418  0.6 2040  2.7
25  We        215 0250  0.7 0907  2.6 1516  0.7 2137  2.6
26  Th        215 0351  0.8 1004  2.5 1615  0.7 2233  2.6
27  Fr        215 0451  0.8 1100  2.4 1712  0.7 2328  2.5
28  Sa        215 0547  0.8 1155  2.4 1806  0.7 9999  9.9
 1  Su        315 0022  2.5 0640  0.7 1249  2.4 1856  0.7
 2  Mo        315 0115  2.4 0728  0.7 1340  2.3 1943  0.7
 3  Tu        315 0203  2.4 0815  0.7 1428  2.3 2030  0.7
 4  We        315 0248  2.4 0859  0.7 1512  2.3 2115  0.7
 5  Th        315 0330  2.4 0942  0.7 1552  2.3 2159  0.7
 6  Fr        315 0409  2.3 1022  0.8 1630  2.3 2240  0.8
 7  Sa        315 0446  2.3 1101  0.8 1708  2.3 2321  0.8
 8  Su        315 0525  2.3 1139  0.8 1748  2.3 9999  9.9
 9  Mo        315 0001  0.8 0606  2.3 1218  0.8 1830  2.3
10  Tu        315 0042  0.9 0650  2.2 1259  0.9 1916  2.3
11  We        315 0126  0.9 0738  2.2 1344  0.9 2006  2.3
12  Th        315 0215  0.9 0829  2.2 1434  0.9 2057  2.3
13  Fr        315 0310  0.9 0921  2.2 1528  0.8 2149  2.3
14  Sa        315 0407  0.9 1014  2.3 1625  0.8 2242  2.4
15  Su        315 0504  0.8 1108  2.3 1721  0.7 2337  2.4
16  Mo        315 0558  0.7 1202  2.4 1815  0.7 9999  9.9
17  Tu        315 0032  2.5 0651  0.7 1257  2.5 1908  0.6
18  We        315 0127  2.6 0743  0.6 1352  2.6 2002  0.5
19  Th        315 0221  2.7 0835  0.5 1446  2.7 2057  0.5
20  Fr        315 0314  2.8 0929  0.5 1539  2.7 2153  0.4
21  Sa        315 0406  2.8 1022  0.4 1632  2.8 2249  0.5
22  Su        315 0459  2.8 1116  0.5 1726  2.8 2343  0.5
23  Mo        315 0553  2.8 1208  0.5 1822  2.8 9999  9.9
24  Tu        315 0037  0.6 0649  2.7 1301  0.6 1920  2.7
25  We        315 0132  0.6 0747  2.6 1355  0.6 2018  2.7
26  Th        315 0229  0.7 0845  2.5 1452  0.7 2115  2.6
27  Fr        315 0328  0.8 0942  2.5 1550  0.7 2209  2.5
28  Sa        315 0427  0.8 1036  2.4 1647  0.8 2303  2.4
29  Su        315 0523  0.8 1130  2.3 1740  0.8 2355  2.4
30  Mo        315 0614  0.8 1222  2.3 1830  0.8 9999  9.9
31  Tu        315 0046  2.3 0701  0.8 1312  2.3 1916  0.8
 1  We        415 0133  2.3 0745  0.8 1358  2.2 2000  0.8
 2  Th        415 0217  2.3 0826  0.8 1440  2.2 2043  0.8
 3  Fr        415 0257  2.3 0906  0.8 1519  2.3 2125  0.8
 4  Sa        415 0334  2.3 0945  0.8 1555  2.3 2206  0.8
 5  Su        415 0411  2.3 1024  0.8 1632  2.3 2247  0.8
 6  Mo        415 0449  2.3 1104  0.8 1712  2.3 2329  0.8
 7  Tu        415 0531  2.3 1145  0.8 1755  2.4 9999  9.9
 8  We        415 0012  0.8 0616  2.3 1228  0.8 1843  2.4
 9  Th        415 0058  0.8 0706  2.3 1314  0.8 1935  2.4
10  Fr        415 0147  0.8 0759  2.3 1405  0.8 2029  2.4
11  Sa        415 0242  0.8 0855  2.3 1500  0.8 2124  2.4
12  Su        415 0341  0.8 0950  2.3 1559  0.8 2219  2.5
13  Mo        415 0440  0.8 1046  2.4 1658  0.7 2315  2.5
14  Tu        415 0536  0.7 1141  2.4 1755  0.6 9999  9.9
15  We        415 0011  2.6 0630  0.6 1238  2.5 1850  0.6
16  Th        415 0108  2.6 0722  0.6 1334  2.6 1944  0.5
17  Fr        415 0203  2.7 0815  0.5 1428  2.7 2040  0.5
18  Sa        415 0256  2.7 0908  0.5 1522  2.8 2136  0.5
19  Su        415 0348  2.8 1002  0.4 1614  2.8 2231  0.5
20  Mo        415 0440  2.8 1055  0.4 1708  2.8 2325  0.5
21  Tu        415 0533  2.7 1148  0.5 1802  2.8 9999  9.9
22  We        415 0018  0.6 0628  2.7 1239  0.5 1858  2.7
23  Th        415 0111  0.6 0724  2.6 1332  0.6 1954  2.6
24  Fr        415 0205  0.7 0821  2.5 1426  0.7 2049  2.5
25  Sa        415 0302  0.8 0917  2.4 1522  0.8 2142  2.4
26  Su        415 0359  0.9 1010  2.3 1618  0.8 2234  2.4
27  Mo        415 0454  0.9 1102  2.3 1712  0.9 2324  2.3
28  Tu        415 0545  0.9 1151  2.2 1800  0.9 9999  9.9
29  We        415 0012  2.2 0630  0.9 1239  2.2 1845  0.9
30  Th        415 0058  2.2 0711  0.8 1323  2.2 1928  0.8
 1  Fr        515 0141  2.2 0750  0.8 1404  2.2 2009  0.8
 2  Sa        515 0221  2.2 0828  0.8 1443  2.2 2050  0.8
 3  Su        515 0259  2.2 0907  0.8 1520  2.3 2132  0.8
 4  Mo        515 0337  2.3 0947  0.7 1559  2.3 2215  0.7
 5  Tu        515 0417  2.3 1030  0.7 1640  2.4 2259  0.7
 6  We        515 0500  2.4 1115  0.7 1725  2.5 2345  0.7
 7  Th        515 0547  2.4 1201  0.7 1815  2.5 9999  9.9
 8  Fr        515 0033  0.7 0638  2.4 1249  0.7 1908  2.5
 9  Sa        515 0123  0.8 0734  2.4 1341  0.7 2004  2.5
10  Su        515 0218  0.8 0831  2.4 1437  0.7 2101  2.5
11  Mo        515 0316  0.8 0928  2.4 1537  0.7 2158  2.5
12  Tu        515 0416  0.8 1025  2.5 1638  0.7 2255  2.6
13  We        515 0514  0.7 1122  2.5 1736  0.6 2352  2.6
14  Th        515 0609  0.6 1219  2.6 1832  0.6 9999  9.9
15  Fr        515 0048  2.6 0702  0.6 1315  2.6 1927  0.5
16  Sa        515 0144  2.7 0755  0.5 1411  2.7 2023  0.5
17  Su        515 0237  2.7 0848  0.5 1504  2.8 2118  0.5
18  Mo        515 0330  2.7 0941  0.4 1557  2.8 2213  0.5
19  Tu        515 0421  2.7 1034  0.5 1648  2.8 2306  0.5
20  We        515 0513  2.7 1126  0.5 1741  2.7 2357  0.6
21  Th        515 0605  2.6 1217  0.6 1834  2.7 9999  9.9
22  Fr        515 0048  0.7 0700  2.5 1307  0.7 1928  2.6
23  Sa        515 0139  0.8 0755  2.4 1358  0.8 2021  2.5
24  Su        515 0232  0.8 0849  2.3 1451  0.8 2112  2.4
25  Mo        515 0326  0.9 0941  2.3 1545  0.9 2201  2.3
26  Tu        515 0419  0.9 1029  2.2 1638  0.9 2249  2.2
27  We        515 0509  0.9 1116  2.1 1727  0.9 2335  2.2
28  Th        515 0554  0.9 1200  2.1 1812  0.9 9999  9.9
29  Fr        515 0019  2.1 0634  0.9 1243  2.1 1853  0.9
30  Sa        515 0102  2.1 0712  0.9 1325  2.2 1934  0.8
31  Su        515 0143  2.2 0750  0.8 1406  2.2 2016  0.8
 1  Mo        615 0224  2.2 0831  0.7 1447  2.3 2059  0.7
 2  Tu        615 0305  2.3 0914  0.7 1529  2.4 2145  0.7
 3  We        615 0348  2.4 1000  0.7 1612  2.5 2232  0.7
 4  Th        615 0433  2.4 1048  0.6 1659  2.5 2320  0.7
 5  Fr        615 0522  2.5 1137  0.6 1750  2.6 9999  9.9
 6  Sa        615 0010  0.7 0614  2.5 1227  0.6 1845  2.6
 7  Su        615 0101  0.7 0711  2.5 1320  0.6 1942  2.6
 8  Mo        615 0156  0.7 0809  2.5 1416  0.7 2040  2.6
 9  Tu        615 0253  0.7 0908  2.5 1516  0.7 2138  2.6
10  We        615 0353  0.7 1006  2.5 1618  0.7 2235  2.6
11  Th        615 0452  0.7 1103  2.6 1718  0.7 2332  2.6
12  Fr        615 0549  0.6 1200  2.6 1816  0.6 9999  9.9
13  Sa        615 0029  2.6 0642  0.6 1257  2.6 1911  0.6
14  Su        615 0125  2.6 0735  0.5 1353  2.7 2005  0.5
15  Mo        615 0219  2.6 0827  0.5 1446  2.7 2100  0.5
16  Tu        615 0311  2.7 0920  0.5 1538  2.7 2153  0.5
17  We        615 0402  2.6 1013  0.5 1628  2.7 2245  0.6
18  Th        615 0452  2.6 1104  0.5 1718  2.7 2335  0.6
19  Fr        615 0542  2.5 1153  0.6 1808  2.6 9999  9.9
20  Sa        615 0023  0.7 0633  2.5 1241  0.7 1858  2.5
21  Su        615 0111  0.8 0725  2.4 1329  0.8 1948  2.4
22  Mo        615 0158  0.9 0817  2.3 1417  0.9 2037  2.3
23  Tu        615 0247  0.9 0906  2.2 1507  0.9 2125  2.2
24  We        615 0337  1.0 0952  2.2 1559  1.0 2210  2.1
25  Th        615 0426  1.0 1036  2.1 1648  1.0 2254  2.1
26  Fr        615 0512  1.0 1119  2.1 1735  0.9 2338  2.1
27  Sa        615 0554  0.9 1202  2.1 1818  0.9 9999  9.9
28  Su        615 0022  2.1 0634  0.9 1246  2.2 1901  0.8
29  Mo        615 0106  2.2 0715  0.8 1331  2.3 1944  0.8
30  Tu        615 0151  2.2 0758  0.7 1416  2.4 2030  0.7
 1  We        715 0236  2.3 0844  0.7 1501  2.5 2117  0.7
 2  Th        715 0322  2.4 0932  0.6 1548  2.6 2207  0.6
 3  Fr        715 0410  2.5 1023  0.6 1637  2.6 2258  0.6
 4  Sa        715 0500  2.5 1115  0.6 1728  2.7 2349  0.6
 5  Su        715 0553  2.6 1208  0.6 1823  2.7 9999  9.9
 6  Mo        715 0041  0.6 0650  2.6 1301  0.6 1921  2.7
 7  Tu        715 0135  0.6 0749  2.6 1358  0.6 2020  2.6
 8  We        715 0231  0.7 0849  2.6 1457  0.7 2118  2.6
 9  Th        715 0331  0.7 0947  2.6 1559  0.7 2216  2.6
10  Fr        715 0430  0.7 1044  2.6 1701  0.7 2313  2.6
11  Sa        715 0528  0.6 1141  2.6 1758  0.7 9999  9.9
12  Su        715 0009  2.6 0622  0.6 1238  2.6 1854  0.6
13  Mo        715 0105  2.6 0715  0.5 1334  2.6 1947  0.6
14  Tu        715 0200  2.6 0806  0.5 1427  2.7 2040  0.6
15  We        715 0252  2.6 0858  0.5 1518  2.7 2132  0.6
16  Th        715 0341  2.6 0950  0.5 1606  2.6 2222  0.6
17  Fr        715 0429  2.5 1040  0.6 1653  2.6 2310  0.6
18  Sa        715 0517  2.5 1128  0.6 1739  2.5 2355  0.7
19  Su        715 0605  2.4 1213  0.7 1826  2.4 9999  9.9
20  Mo        715 0039  0.8 0652  2.3 1257  0.8 1912  2.3
21  Tu        715 0123  0.9 0740  2.3 1342  0.9 1959  2.2
22  We        715 0206  0.9 0827  2.2 1427  1.0 2044  2.2
23  Th        715 0251  1.0 0911  2.2 1516  1.0 2129  2.1
24  Fr        715 0339  1.0 0955  2.1 1606  1.0 2214  2.1
25  Sa        715 0427  1.0 1038  2.1 1656  1.0 2259  2.1
26  Su        715 0513  0.9 1123  2.2 1744  0.9 2345  2.1
27  Mo        715 0558  0.8 1210  2.2 1830  0.8 9999  9.9
28  Tu        715 0032  2.2 0643  0.8 1258  2.3 1916  0.8
29  We        715 0121  2.3 0729  0.7 1347  2.4 2003  0.7
30  Th        715 0210  2.4 0817  0.6 1436  2.5 2052  0.6
31  Fr        715 0259  2.5 0908  0.6 1526  2.6 2144  0.6
 1  Sa        815 0349  2.6 1002  0.5 1616  2.7 2236  0.5
 2  Su        815 0440  2.6 1056  0.5 1708  2.7 2328  0.5
 3  Mo        815 0534  2.7 1150  0.5 1803  2.7 9999  9.9
 4  Tu        815 0021  0.6 0630  2.7 1244  0.6 1900  2.7
 5  We        815 0114  0.6 0729  2.7 1340  0.6 1959  2.7
 6  Th        815 0210  0.6 0829  2.7 1439  0.7 2058  2.6
 7  Fr        815 0308  0.7 0928  2.6 1540  0.7 2156  2.6
 8  Sa        815 0408  0.7 1025  2.6 1642  0.7 2253  2.5
 9  Su        815 0506  0.7 1122  2.6 1740  0.7 2349  2.5
10  Mo        815 0602  0.6 1218  2.6 1835  0.7 9999  9.9
11  Tu        815 0045  2.5 0654  0.6 1314  2.6 1928  0.6
12  We        815 0139  2.5 0745  0.6 1406  2.6 2019  0.6
13  Th        815 0231  2.5 0836  0.6 1455  2.6 2108  0.6
14  Fr        815 0320  2.5 0925  0.6 1542  2.5 2156  0.6
15  Sa        815 0405  2.5 1014  0.6 1626  2.5 2241  0.7
16  Su        815 0450  2.4 1100  0.7 1709  2.4 2325  0.7
17  Mo        815 0533  2.4 1143  0.8 1751  2.4 9999  9.9
18  Tu        815 0006  0.8 0616  2.3 1225  0.8 1834  2.3
19  We        815 0045  0.9 0700  2.2 1306  0.9 1918  2.2
20  Th        815 0125  0.9 0745  2.2 1348  0.9 2003  2.2
21  Fr        815 0207  0.9 0829  2.2 1434  1.0 2049  2.1
22  Sa        815 0253  1.0 0915  2.2 1525  1.0 2135  2.1
23  Su        815 0343  0.9 1001  2.2 1618  0.9 2223  2.1
24  Mo        815 0434  0.9 1048  2.2 1710  0.9 2312  2.2
25  Tu        815 0525  0.8 1138  2.3 1800  0.8 9999  9.9
26  We        815 0002  2.2 0614  0.7 1230  2.4 1849  0.7
27  Th        815 0054  2.3 0704  0.7 1322  2.5 1939  0.7
28  Fr        815 0146  2.4 0754  0.6 1414  2.6 2029  0.6
29  Sa        815 0238  2.5 0847  0.5 1505  2.7 2122  0.5
30  Su        815 0329  2.6 0942  0.5 1557  2.7 2215  0.5
31  Mo        815 0422  2.7 1038  0.5 1649  2.8 2308  0.5
 1  Tu        915 0515  2.7 1132  0.5 1744  2.8 9999  9.9
 2  We        915 0001  0.5 0611  2.8 1227  0.5 1840  2.7
 3  Th        915 0054  0.5 0710  2.7 1322  0.6 1938  2.7
 4  Fr        915 0148  0.6 0809  2.7 1420  0.7 2037  2.6
 5  Sa        915 0246  0.6 0908  2.7 1520  0.7 2135  2.6
 6  Su        915 0345  0.7 1005  2.6 1622  0.7 2232  2.5
 7  Mo        915 0444  0.7 1101  2.6 1720  0.7 2328  2.5
 8  Tu        915 0540  0.7 1156  2.5 1815  0.7 9999  9.9
 9  We        915 0024  2.4 0633  0.7 1251  2.5 1906  0.7
10  Th        915 0117  2.4 0723  0.7 1343  2.5 1955  0.7
11  Fr        915 0208  2.4 0811  0.7 1431  2.5 2042  0.7
12  Sa        915 0255  2.4 0859  0.7 1515  2.4 2127  0.7
13  Su        915 0339  2.4 0945  0.7 1557  2.4 2210  0.7
14  Mo        915 0420  2.3 1029  0.7 1637  2.3 2251  0.8
15  Tu        915 0459  2.3 1111  0.8 1716  2.3 2330  0.8
16  We        915 0539  2.3 1151  0.8 1756  2.3 9999  9.9
17  Th        915 0008  0.8 0619  2.3 1231  0.9 1837  2.2
18  Fr        915 0047  0.9 0703  2.3 1312  0.9 1923  2.2
19  Sa        915 0128  0.9 0749  2.3 1358  0.9 2011  2.2
20  Su        915 0214  0.9 0838  2.3 1448  0.9 2101  2.2
21  Mo        915 0305  0.9 0927  2.3 1543  0.9 2152  2.2
22  Tu        915 0400  0.9 1018  2.3 1639  0.9 2243  2.2
23  We        915 0455  0.8 1111  2.4 1733  0.8 2336  2.3
24  Th        915 0549  0.7 1205  2.4 1825  0.7 9999  9.9
25  Fr        915 0030  2.4 0641  0.6 1259  2.5 1916  0.6
26  Sa        915 0124  2.5 0734  0.6 1353  2.6 2008  0.6
27  Su        915 0218  2.6 0828  0.5 1446  2.7 2100  0.5
28  Mo        915 0311  2.7 0924  0.5 1538  2.8 2154  0.5
29  Tu        915 0404  2.8 1020  0.5 1631  2.8 2247  0.4
30  We        915 0457  2.8 1115  0.5 1724  2.8 2340  0.5
 1  Th       1015 0553  2.8 1209  0.5 1820  2.7 9999  9.9
 2  Fr       1015 0034  0.5 0650  2.8 1304  0.6 1917  2.7
 3  Sa       1015 0127  0.6 0749  2.7 1400  0.7 2016  2.6
 4  Su       1015 0223  0.6 0847  2.7 1459  0.7 2114  2.5
 5  Mo       1015 0321  0.7 0943  2.6 1559  0.8 2211  2.5
 6  Tu       1015 0420  0.7 1038  2.5 1658  0.8 2306  2.4
 7  We       1015 0517  0.8 1132  2.4 1752  0.8 9999  9.9
 8  Th       1015 0000  2.4 0609  0.7 1225  2.4 1842  0.8
 9  Fr       1015 0052  2.3 0658  0.7 1315  2.4 1928  0.7
10  Sa       1015 0142  2.3 0745  0.7 1402  2.3 2012  0.7
11  Su       1015 0227  2.3 0830  0.7 1446  2.3 2054  0.7
12  Mo       1015 0309  2.3 0914  0.8 1525  2.3 2135  0.8
13  Tu       1015 0347  2.3 0956  0.8 1603  2.3 2214  0.8
14  We       1015 0424  2.3 1037  0.8 1640  2.3 2253  0.8
15  Th       1015 0502  2.3 1117  0.8 1719  2.3 2332  0.8
16  Fr       1015 0542  2.3 1158  0.8 1800  2.3 9999  9.9
17  Sa       1015 0012  0.8 0626  2.3 1241  0.8 1846  2.3
18  Su       1015 0055  0.8 0714  2.3 1327  0.8 1937  2.3
19  Mo       1015 0142  0.8 0805  2.4 1417  0.9 2030  2.3
20  Tu       1015 0234  0.8 0858  2.4 1513  0.9 2124  2.3
21  We       1015 0331  0.8 0952  2.4 1611  0.8 2218  2.3
22  Th       1015 0429  0.8 1047  2.4 1708  0.8 2313  2.4
23  Fr       1015 0527  0.7 1142  2.5 1803  0.7 9999  9.9
24  Sa       1015 0009  2.4 0622  0.6 1238  2.5 1855  0.6
25  Su       1015 0104  2.5 0716  0.6 1334  2.6 1947  0.5
26  Mo       1015 0200  2.6 0811  0.5 1428  2.7 2039  0.5
27  Tu       1015 0254  2.7 0907  0.5 1520  2.7 2133  0.4
28  We       1015 0347  2.8 1002  0.5 1612  2.8 2227  0.4
29  Th       1015 0440  2.8 1057  0.5 1705  2.8 2320  0.4
30  Fr       1015 0534  2.8 1151  0.5 1800  2.7 9999  9.9
31  Sa       1015 0013  0.5 0630  2.8 1245  0.6 1856  2.6
 1  Su       1115 0106  0.6 0727  2.7 1339  0.7 1954  2.6
 2  Mo       1115 0200  0.7 0823  2.6 1435  0.8 2051  2.5
 3  Tu       1115 0256  0.7 0919  2.5 1533  0.8 2147  2.4
 4  We       1115 0354  0.8 1012  2.4 1631  0.8 2241  2.3
 5  Th       1115 0450  0.8 1104  2.4 1725  0.8 2332  2.3
 6  Fr       1115 0543  0.8 1155  2.3 1814  0.8 9999  9.9
 7  Sa       1115 0023  2.2 0631  0.8 1244  2.3 1858  0.8
 8  Su       1115 0111  2.2 0716  0.8 1330  2.2 1939  0.8
 9  Mo       1115 0155  2.2 0759  0.8 1412  2.2 2018  0.8
10  Tu       1115 0235  2.2 0840  0.8 1451  2.2 2057  0.8
11  We       1115 0312  2.3 0921  0.8 1528  2.2 2136  0.8
12  Th       1115 0349  2.3 1003  0.8 1605  2.3 2216  0.7
13  Fr       1115 0427  2.4 1045  0.8 1645  2.3 2258  0.7
14  Sa       1115 0508  2.4 1128  0.8 1728  2.3 2342  0.7
15  Su       1115 0554  2.4 1212  0.8 1816  2.3 9999  9.9
16  Mo       1115 0027  0.7 0644  2.4 1300  0.8 1908  2.3
17  Tu       1115 0116  0.7 0737  2.5 1351  0.8 2003  2.4
18  We       1115 0208  0.8 0833  2.5 1446  0.8 2100  2.4
19  Th       1115 0306  0.8 0929  2.5 1545  0.8 2156  2.4
20  Fr       1115 0407  0.7 1025  2.5 1644  0.7 2252  2.4
21  Sa       1115 0507  0.7 1122  2.5 1740  0.7 2349  2.5
22  Su       1115 0604  0.6 1218  2.6 1834  0.6 9999  9.9
23  Mo       1115 0045  2.6 0659  0.6 1314  2.6 1926  0.5
24  Tu       1115 0141  2.7 0754  0.5 1409  2.7 2019  0.5
25  We       1115 0236  2.7 0849  0.5 1502  2.7 2113  0.4
26  Th       1115 0329  2.8 0945  0.5 1554  2.7 2207  0.4
27  Fr       1115 0422  2.8 1039  0.5 1646  2.7 2300  0.5
28  Sa       1115 0514  2.8 1132  0.5 1739  2.7 2352  0.5
29  Su       1115 0608  2.7 1224  0.6 1834  2.6 9999  9.9
30  Mo       1115 0044  0.6 0703  2.7 1316  0.7 1930  2.5
 1  Tu       1215 0136  0.7 0757  2.6 1409  0.8 2026  2.4
 2  We       1215 0229  0.8 0851  2.5 1504  0.8 2120  2.4
 3  Th       1215 0325  0.8 0943  2.4 1559  0.9 2212  2.3
 4  Fr       1215 0420  0.9 1033  2.3 1652  0.9 2301  2.2
 5  Sa       1215 0512  0.9 1121  2.2 1740  0.9 2348  2.2
 6  Su       1215 0600  0.9 1208  2.2 1824  0.9 9999  9.9
 7  Mo       1215 0034  2.2 0644  0.9 1253  2.1 1903  0.9
 8  Tu       1215 0117  2.2 0725  0.8 1335  2.2 1941  0.8
 9  We       1215 0157  2.2 0806  0.8 1414  2.2 2019  0.8
10  Th       1215 0236  2.3 0847  0.8 1453  2.2 2059  0.7
11  Fr       1215 0315  2.3 0929  0.7 1533  2.3 2142  0.7
12  Sa       1215 0356  2.4 1014  0.7 1615  2.4 2227  0.7
13  Su       1215 0439  2.5 1100  0.7 1700  2.4 2315  0.7
14  Mo       1215 0526  2.5 1147  0.7 1749  2.4 9999  9.9
15  Tu       1215 0003  0.7 0618  2.5 1236  0.7 1843  2.4
16  We       1215 0053  0.7 0713  2.6 1328  0.7 1940  2.5
17  Th       1215 0147  0.7 0810  2.6 1423  0.7 2038  2.5
18  Fr       1215 0245  0.7 0908  2.5 1521  0.7 2136  2.5
19  Sa       1215 0346  0.7 1005  2.5 1621  0.7 2233  2.5
20  Su       1215 0448  0.7 1102  2.5 1719  0.7 2329  2.6
21  Mo       1215 0546  0.6 1159  2.6 1814  0.6 9999  9.9
22  Tu       1215 0027  2.6 0642  0.6 1255  2.6 1907  0.5
23  We       1215 0124  2.7 0737  0.6 1351  2.6 1959  0.5
24  Th       1215 0219  2.7 0832  0.5 1444  2.7 2053  0.5
25  Fr       1215 0312  2.8 0926  0.5 1536  2.7 2146  0.5
26  Sa       1215 0403  2.8 1020  0.5 1627  2.7 2239  0.5
27  Su       1215 0454  2.7 1111  0.6 1718  2.6 2331  0.5
28  Mo       1215 0545  2.7 1201  0.6 1810  2.6 9999  9.9
29  Tu       1215 0021  0.6 0636  2.6 1251  0.7 1904  2.5
30  We       1215 0110  0.7 0728  2.5 1340  0.8 1957  2.4
31  Th       1215 0200  0.8 0820  2.4 1430  0.9 2050  2.3
