330Fresh Water Basin
Based on data from  1-Jul-2018
Local Std Time, tidal heights in metres.
 1  Mo        724 0036  0.7 0646  2.0 1306  0.7 1917  2.0
 2  Tu        724 0139  0.6 0749  2.0 1407  0.7 2017  2.1
 3  We        724 0240  0.6 0850  2.0 1506  0.7 2114  2.1
 4  Th        724 0337  0.6 0948  2.1 1600  0.7 2207  2.1
 5  Fr        724 0430  0.5 1041  2.1 1650  0.6 2256  2.2
 6  Sa        724 0519  0.5 1129  2.1 1737  0.6 2341  2.2
 7  Su        724 0605  0.5 1214  2.1 1820  0.7 9999  9.9
 8  Mo        724 0023  2.2 0647  0.5 1255  2.1 1900  0.7
 9  Tu        724 0104  2.1 0727  0.6 1334  2.0 1939  0.7
10  We        724 0143  2.1 0806  0.6 1412  2.0 2017  0.7
11  Th        724 0222  2.0 0844  0.7 1451  1.9 2056  0.8
12  Fr        724 0303  2.0 0923  0.7 1532  1.9 2139  0.8
13  Sa        724 0347  1.9 1007  0.8 1617  1.9 2227  0.9
14  Su        724 0437  1.8 1054  0.8 1707  1.8 2322  0.9
15  Mo        724 0533  1.8 1148  0.9 1801  1.8 9999  9.9
16  Tu        724 0023  0.9 0632  1.8 1245  0.9 1900  1.8
17  We        724 0125  0.9 0731  1.8 1344  0.9 1957  1.9
18  Th        724 0223  0.8 0828  1.9 1440  0.8 2052  2.0
19  Fr        724 0315  0.7 0922  2.0 1533  0.8 2142  2.1
20  Sa        724 0404  0.6 1012  2.1 1622  0.7 2229  2.2
21  Su        724 0450  0.5 1100  2.2 1709  0.6 2315  2.3
22  Mo        724 0535  0.4 1147  2.2 1755  0.5 9999  9.9
23  Tu        724 0001  2.3 0622  0.4 1234  2.3 1841  0.5
24  We        724 0047  2.4 0709  0.3 1321  2.3 1927  0.5
25  Th        724 0136  2.4 0758  0.4 1409  2.2 2015  0.5
26  Fr        724 0226  2.3 0849  0.4 1459  2.2 2107  0.5
27  Sa        724 0320  2.2 0941  0.5 1551  2.1 2204  0.6
28  Su        724 0418  2.1 1038  0.6 1648  2.0 2307  0.7
29  Mo        724 0521  2.0 1140  0.7 1750  2.0 9999  9.9
30  Tu        724 0016  0.7 0628  2.0 1246  0.8 1858  2.0
31  We        724 0127  0.7 0738  1.9 1354  0.8 2005  2.0
 1  Th        824 0233  0.7 0844  2.0 1457  0.8 2106  2.0
 2  Fr        824 0331  0.7 0943  2.0 1552  0.8 2158  2.1
 3  Sa        824 0421  0.6 1032  2.0 1639  0.7 2243  2.2
 4  Su        824 0506  0.6 1115  2.1 1721  0.7 2324  2.2
 5  Mo        824 0545  0.5 1153  2.1 1758  0.6 9999  9.9
 6  Tu        824 0001  2.2 0622  0.6 1228  2.1 1833  0.6
 7  We        824 0036  2.2 0655  0.6 1301  2.1 1906  0.7
 8  Th        824 0110  2.1 0728  0.6 1334  2.1 1938  0.7
 9  Fr        824 0144  2.1 0800  0.7 1408  2.0 2012  0.8
10  Sa        824 0220  2.0 0835  0.7 1444  2.0 2049  0.8
11  Su        824 0300  2.0 0913  0.8 1525  1.9 2133  0.9
12  Mo        824 0347  1.9 0957  0.9 1612  1.9 2227  0.9
13  Tu        824 0443  1.8 1051  1.0 1709  1.9 2333  1.0
14  We        824 0547  1.8 1156  1.0 1816  1.9 9999  9.9
15  Th        824 0046  1.0 0656  1.8 1308  1.0 1924  1.9
16  Fr        824 0154  0.9 0801  1.9 1415  0.9 2026  2.0
17  Sa        824 0252  0.8 0900  2.0 1512  0.8 2120  2.1
18  Su        824 0342  0.6 0952  2.1 1603  0.7 2208  2.3
19  Mo        824 0429  0.5 1040  2.3 1649  0.5 2254  2.4
20  Tu        824 0515  0.4 1127  2.4 1734  0.5 2340  2.5
21  We        824 0601  0.3 1212  2.4 1819  0.4 9999  9.9
22  Th        824 0027  2.5 0647  0.3 1258  2.4 1905  0.4
23  Fr        824 0115  2.5 0735  0.3 1344  2.4 1952  0.4
24  Sa        824 0205  2.4 0824  0.5 1432  2.3 2044  0.5
25  Su        824 0258  2.3 0916  0.6 1523  2.2 2141  0.6
26  Mo        824 0356  2.1 1013  0.8 1622  2.1 2247  0.8
27  Tu        824 0502  2.0 1118  0.9 1729  2.0 9999  9.9
28  We        824 0002  0.8 0615  1.9 1231  0.9 1844  1.9
29  Th        824 0118  0.8 0732  1.9 1345  0.9 1957  2.0
30  Fr        824 0225  0.8 0840  1.9 1448  0.9 2057  2.0
31  Sa        824 0320  0.7 0933  2.0 1539  0.8 2145  2.1
 1  Su        924 0406  0.7 1016  2.0 1622  0.7 2226  2.2
 2  Mo        924 0445  0.6 1053  2.1 1659  0.7 2301  2.2
 3  Tu        924 0520  0.6 1126  2.1 1732  0.6 2334  2.2
 4  We        924 0551  0.6 1157  2.2 1803  0.6 9999  9.9
 5  Th        924 0005  2.2 0622  0.6 1227  2.2 1833  0.7
 6  Fr        924 0037  2.2 0651  0.6 1258  2.2 1903  0.7
 7  Sa        924 0109  2.2 0721  0.7 1329  2.2 1934  0.8
 8  Su        924 0144  2.1 0753  0.8 1403  2.1 2010  0.8
 9  Mo        924 0222  2.1 0829  0.9 1441  2.0 2052  0.9
10  Tu        924 0307  2.0 0912  1.0 1527  2.0 2145  1.0
11  We        924 0404  1.9 1007  1.1 1627  1.9 2255  1.0
12  Th        924 0513  1.8 1118  1.1 1741  1.9 9999  9.9
13  Fr        924 0015  1.0 0627  1.8 1239  1.1 1855  2.0
14  Sa        924 0127  0.9 0737  1.9 1351  0.9 2000  2.1
15  Su        924 0226  0.8 0836  2.1 1449  0.8 2055  2.2
16  Mo        924 0317  0.6 0928  2.2 1539  0.6 2145  2.3
17  Tu        924 0405  0.4 1016  2.4 1626  0.5 2231  2.5
18  We        924 0451  0.3 1102  2.5 1711  0.4 2318  2.6
19  Th        924 0537  0.3 1147  2.5 1756  0.4 9999  9.9
20  Fr        924 0005  2.6 0624  0.3 1233  2.5 1842  0.4
21  Sa        924 0054  2.6 0711  0.4 1318  2.5 1931  0.4
22  Su        924 0144  2.5 0800  0.5 1407  2.4 2023  0.6
23  Mo        924 0238  2.3 0851  0.7 1459  2.2 2123  0.7
24  Tu        924 0337  2.1 0950  0.9 1559  2.1 2231  0.8
25  We        924 0445  2.0 1058  1.0 1709  2.0 2348  0.9
26  Th        924 0601  1.9 1215  1.0 1827  1.9 9999  9.9
27  Fr        924 0103  0.9 0718  1.9 1328  1.0 1940  2.0
28  Sa        924 0207  0.8 0822  1.9 1429  0.9 2037  2.0
29  Su        924 0258  0.8 0910  2.0 1517  0.8 2122  2.1
30  Mo        924 0339  0.7 0950  2.1 1556  0.8 2159  2.1
 1  Tu       1024 0416  0.6 1023  2.1 1631  0.7 2232  2.2
 2  We       1024 0448  0.6 1055  2.2 1703  0.7 2304  2.2
 3  Th       1024 0519  0.6 1125  2.2 1733  0.6 2335  2.2
 4  Fr       1024 0549  0.6 1155  2.2 1803  0.7 9999  9.9
 5  Sa       1024 0007  2.2 0618  0.7 1226  2.2 1833  0.7
 6  Su       1024 0040  2.2 0649  0.7 1258  2.2 1906  0.8
 7  Mo       1024 0116  2.2 0722  0.8 1332  2.2 1942  0.8
 8  Tu       1024 0155  2.1 0759  0.9 1411  2.1 2026  0.9
 9  We       1024 0242  2.0 0843  1.0 1458  2.0 2121  1.0
10  Th       1024 0339  1.9 0940  1.1 1600  2.0 2230  1.0
11  Fr       1024 0448  1.9 1052  1.1 1713  2.0 2348  1.0
12  Sa       1024 0601  1.9 1212  1.0 1827  2.0 9999  9.9
13  Su       1024 0057  0.9 0709  2.0 1323  0.9 1932  2.1
14  Mo       1024 0157  0.7 0808  2.1 1421  0.8 2028  2.2
15  Tu       1024 0249  0.6 0901  2.3 1513  0.6 2119  2.4
16  We       1024 0339  0.5 0950  2.4 1601  0.5 2208  2.5
17  Th       1024 0427  0.4 1037  2.5 1648  0.4 2256  2.6
18  Fr       1024 0514  0.3 1123  2.5 1735  0.4 2345  2.6
19  Sa       1024 0601  0.4 1209  2.5 1823  0.4 9999  9.9
20  Su       1024 0035  2.5 0649  0.5 1256  2.5 1913  0.5
21  Mo       1024 0126  2.4 0738  0.6 1345  2.4 2007  0.6
22  Tu       1024 0221  2.2 0830  0.8 1438  2.3 2107  0.7
23  We       1024 0319  2.1 0928  0.9 1537  2.1 2213  0.9
24  Th       1024 0424  2.0 1034  1.0 1645  2.0 2323  0.9
25  Fr       1024 0534  1.9 1146  1.0 1757  1.9 9999  9.9
26  Sa       1024 0031  0.9 0643  1.9 1255  1.0 1905  1.9
27  Su       1024 0131  0.9 0744  1.9 1354  0.9 2000  2.0
28  Mo       1024 0220  0.8 0832  2.0 1441  0.9 2045  2.0
29  Tu       1024 0302  0.8 0912  2.0 1522  0.8 2124  2.1
30  We       1024 0340  0.7 0948  2.1 1558  0.7 2159  2.1
31  Th       1024 0415  0.7 1021  2.2 1632  0.7 2234  2.2
 1  Fr       1124 0447  0.7 1054  2.2 1705  0.7 2308  2.2
 2  Sa       1124 0520  0.7 1126  2.3 1737  0.7 2342  2.2
 3  Su       1124 0552  0.7 1159  2.3 1811  0.7 9999  9.9
 4  Mo       1124 0018  2.2 0626  0.8 1234  2.2 1846  0.8
 5  Tu       1124 0057  2.2 0702  0.8 1311  2.2 1926  0.8
 6  We       1124 0140  2.1 0742  0.9 1353  2.2 2013  0.8
 7  Th       1124 0228  2.0 0828  1.0 1442  2.1 2107  0.9
 8  Fr       1124 0324  2.0 0924  1.0 1542  2.1 2211  0.9
 9  Sa       1124 0427  2.0 1031  1.0 1649  2.0 2319  0.9
10  Su       1124 0533  2.0 1143  1.0 1757  2.1 9999  9.9
11  Mo       1124 0025  0.8 0637  2.0 1251  0.9 1901  2.1
12  Tu       1124 0125  0.7 0737  2.2 1351  0.8 1959  2.3
13  We       1124 0220  0.6 0833  2.3 1446  0.6 2054  2.4
14  Th       1124 0313  0.5 0924  2.4 1538  0.5 2146  2.5
15  Fr       1124 0404  0.5 1014  2.5 1628  0.5 2238  2.5
16  Sa       1124 0454  0.5 1102  2.5 1718  0.4 2329  2.5
17  Su       1124 0543  0.5 1150  2.5 1808  0.4 9999  9.9
18  Mo       1124 0020  2.4 0632  0.6 1238  2.5 1900  0.5
19  Tu       1124 0112  2.3 0721  0.7 1327  2.4 1953  0.6
20  We       1124 0204  2.2 0811  0.8 1419  2.3 2048  0.7
21  Th       1124 0257  2.1 0904  0.9 1513  2.1 2146  0.8
22  Fr       1124 0353  2.0 1002  1.0 1611  2.0 2244  0.9
23  Sa       1124 0451  1.9 1103  1.0 1712  1.9 2343  0.9
24  Su       1124 0550  1.9 1205  1.0 1812  1.9 9999  9.9
25  Mo       1124 0039  0.9 0648  1.9 1303  1.0 1907  1.9
26  Tu       1124 0130  0.9 0740  1.9 1355  0.9 1958  2.0
27  We       1124 0217  0.8 0827  2.0 1441  0.9 2043  2.0
28  Th       1124 0300  0.8 0909  2.0 1523  0.8 2125  2.1
29  Fr       1124 0340  0.8 0948  2.1 1603  0.8 2205  2.1
30  Sa       1124 0418  0.8 1025  2.2 1640  0.7 2244  2.2
 1  Su       1224 0455  0.8 1102  2.2 1717  0.7 2323  2.2
 2  Mo       1224 0532  0.8 1139  2.3 1755  0.7 9999  9.9
 3  Tu       1224 0003  2.2 0610  0.8 1217  2.3 1834  0.7
 4  We       1224 0045  2.2 0649  0.8 1258  2.3 1917  0.7
 5  Th       1224 0129  2.2 0732  0.8 1341  2.2 2003  0.7
 6  Fr       1224 0216  2.1 0818  0.8 1430  2.2 2054  0.7
 7  Sa       1224 0308  2.1 0910  0.9 1524  2.2 2150  0.8
 8  Su       1224 0403  2.1 1008  0.9 1624  2.1 2250  0.8
 9  Mo       1224 0502  2.1 1112  0.9 1727  2.1 2352  0.8
10  Tu       1224 0604  2.1 1218  0.8 1830  2.1 9999  9.9
11  We       1224 0053  0.7 0706  2.1 1322  0.8 1933  2.2
12  Th       1224 0154  0.7 0806  2.2 1423  0.7 2033  2.3
13  Fr       1224 0252  0.7 0903  2.3 1520  0.6 2130  2.3
14  Sa       1224 0348  0.6 0956  2.3 1615  0.6 2226  2.4
15  Su       1224 0440  0.6 1048  2.4 1707  0.5 2319  2.4
16  Mo       1224 0531  0.6 1137  2.4 1759  0.5 9999  9.9
17  Tu       1224 0010  2.3 0619  0.7 1225  2.4 1848  0.6
18  We       1224 0058  2.3 0705  0.7 1311  2.3 1937  0.6
19  Th       1224 0144  2.2 0750  0.8 1357  2.3 2024  0.7
20  Fr       1224 0230  2.1 0836  0.8 1443  2.2 2110  0.8
21  Sa       1224 0315  2.0 0922  0.9 1530  2.1 2156  0.8
22  Su       1224 0401  1.9 1011  0.9 1619  2.0 2245  0.9
23  Mo       1224 0450  1.9 1104  1.0 1711  1.9 2336  0.9
24  Tu       1224 0543  1.9 1201  1.0 1807  1.9 9999  9.9
25  We       1224 0030  0.9 0639  1.9 1259  1.0 1904  1.9
26  Th       1224 0125  0.9 0734  1.9 1356  1.0 1959  1.9
27  Fr       1224 0217  0.9 0827  2.0 1448  0.9 2051  2.0
28  Sa       1224 0307  0.9 0915  2.0 1535  0.8 2139  2.0
29  Su       1224 0352  0.9 1000  2.1 1619  0.8 2223  2.1
30  Mo       1224 0435  0.8 1042  2.2 1700  0.7 2306  2.2
31  Tu       1224 0516  0.8 1122  2.3 1740  0.7 2349  2.2
 1  We        125 0557  0.7 1202  2.3 1821  0.6 9999  9.9
 2  Th        125 0032  2.2 0637  0.7 1244  2.3 1904  0.6
 3  Fr        125 0115  2.3 0719  0.7 1328  2.3 1949  0.6
 4  Sa        125 0200  2.2 0803  0.7 1414  2.3 2037  0.6
 5  Su        125 0247  2.2 0851  0.7 1505  2.3 2127  0.6
 6  Mo        125 0337  2.2 0944  0.7 1600  2.2 2222  0.7
 7  Tu        125 0432  2.1 1044  0.8 1700  2.2 2321  0.8
 8  We        125 0532  2.1 1150  0.8 1805  2.1 9999  9.9
 9  Th        125 0026  0.8 0637  2.1 1300  0.8 1912  2.1
10  Fr        125 0133  0.8 0744  2.1 1408  0.8 2019  2.1
11  Sa        125 0238  0.8 0848  2.2 1512  0.7 2123  2.2
12  Su        125 0339  0.8 0947  2.2 1609  0.6 2220  2.2
13  Mo        125 0433  0.7 1039  2.3 1701  0.6 2312  2.2
14  Tu        125 0521  0.7 1127  2.3 1749  0.6 2358  2.2
15  We        125 0605  0.7 1211  2.4 1833  0.6 9999  9.9
16  Th        125 0040  2.2 0647  0.7 1252  2.3 1914  0.6
17  Fr        125 0119  2.2 0725  0.7 1331  2.3 1953  0.7
18  Sa        125 0156  2.1 0803  0.7 1409  2.2 2029  0.7
19  Su        125 0233  2.1 0839  0.8 1447  2.1 2106  0.8
20  Mo        125 0311  2.0 0918  0.9 1528  2.0 2146  0.9
21  Tu        125 0353  1.9 1002  0.9 1614  1.9 2231  0.9
22  We        125 0441  1.9 1055  1.0 1708  1.9 2325  1.0
23  Th        125 0537  1.9 1159  1.0 1810  1.8 9999  9.9
24  Fr        125 0027  1.0 0640  1.9 1308  1.0 1915  1.8
25  Sa        125 0133  1.0 0745  1.9 1413  1.0 2018  1.9
26  Su        125 0235  1.0 0844  2.0 1509  0.9 2114  2.0
27  Mo        125 0329  0.9 0935  2.1 1557  0.8 2203  2.1
28  Tu        125 0415  0.8 1021  2.2 1640  0.7 2248  2.2
29  We        125 0458  0.7 1103  2.3 1722  0.6 2331  2.3
30  Th        125 0539  0.6 1144  2.4 1803  0.5 9999  9.9
31  Fr        125 0013  2.3 0620  0.6 1226  2.4 1846  0.4
 1  Sa        225 0056  2.4 0701  0.5 1310  2.5 1929  0.4
 2  Su        225 0139  2.3 0744  0.5 1356  2.4 2015  0.5
 3  Mo        225 0224  2.3 0831  0.6 1445  2.4 2104  0.6
 4  Tu        225 0312  2.2 0922  0.7 1538  2.2 2157  0.7
 5  We        225 0405  2.1 1021  0.8 1638  2.1 2257  0.8
 6  Th        225 0506  2.1 1130  0.8 1746  2.0 9999  9.9
 7  Fr        225 0006  0.9 0617  2.0 1247  0.9 1901  2.0
 8  Sa        225 0121  0.9 0732  2.0 1402  0.8 2016  2.0
 9  Su        225 0232  0.9 0842  2.1 1508  0.8 2121  2.1
10  Mo        225 0333  0.8 0941  2.1 1603  0.7 2216  2.1
11  Tu        225 0424  0.8 1030  2.2 1651  0.6 2301  2.2
12  We        225 0508  0.7 1113  2.3 1733  0.6 2341  2.2
13  Th        225 0547  0.6 1152  2.3 1811  0.6 9999  9.9
14  Fr        225 0016  2.2 0623  0.6 1227  2.3 1846  0.6
15  Sa        225 0049  2.2 0656  0.6 1301  2.2 1918  0.6
16  Su        225 0121  2.2 0728  0.7 1334  2.2 1949  0.7
17  Mo        225 0153  2.1 0759  0.8 1408  2.1 2021  0.8
18  Tu        225 0227  2.1 0833  0.8 1444  2.1 2055  0.9
19  We        225 0304  2.0 0912  0.9 1527  2.0 2136  1.0
20  Th        225 0347  1.9 1000  1.0 1619  1.9 2227  1.0
21  Fr        225 0442  1.9 1104  1.1 1722  1.8 2332  1.1
22  Sa        225 0550  1.8 1223  1.1 1835  1.8 9999  9.9
23  Su        225 0050  1.1 0705  1.9 1338  1.0 1946  1.8
24  Mo        225 0203  1.0 0812  1.9 1439  0.9 2046  1.9
25  Tu        225 0301  0.9 0907  2.1 1529  0.8 2137  2.1
26  We        225 0350  0.8 0954  2.2 1614  0.6 2222  2.2
27  Th        225 0433  0.6 1038  2.3 1656  0.5 2306  2.3
28  Fr        225 0515  0.5 1121  2.4 1739  0.4 2349  2.4
 1  Sa        325 0557  0.4 1204  2.5 1822  0.3 9999  9.9
 2  Su        325 0031  2.4 0639  0.4 1249  2.5 1907  0.4
 3  Mo        325 0115  2.4 0723  0.4 1336  2.5 1953  0.5
 4  Tu        325 0200  2.4 0811  0.5 1427  2.4 2043  0.6
 5  We        325 0249  2.3 0905  0.6 1522  2.2 2137  0.7
 6  Th        325 0344  2.1 1006  0.7 1624  2.1 2239  0.9
 7  Fr        325 0448  2.0 1120  0.8 1736  2.0 2353  1.0
 8  Sa        325 0604  2.0 1240  0.9 1856  1.9 9999  9.9
 9  Su        325 0113  1.0 0724  2.0 1355  0.8 2012  1.9
10  Mo        325 0224  0.9 0834  2.0 1458  0.8 2113  2.0
11  Tu        325 0321  0.8 0929  2.1 1548  0.7 2200  2.1
12  We        325 0407  0.7 1013  2.1 1631  0.6 2240  2.1
13  Th        325 0447  0.7 1051  2.2 1708  0.6 2314  2.1
14  Fr        325 0522  0.6 1126  2.2 1742  0.6 2346  2.2
15  Sa        325 0554  0.6 1158  2.2 1813  0.6 9999  9.9
16  Su        325 0016  2.2 0625  0.6 1229  2.2 1842  0.6
17  Mo        325 0046  2.2 0654  0.7 1301  2.2 1912  0.7
18  Tu        325 0117  2.2 0725  0.7 1334  2.1 1943  0.8
19  We        325 0149  2.1 0758  0.8 1410  2.1 2017  0.9
20  Th        325 0225  2.0 0836  0.9 1452  2.0 2056  1.0
21  Fr        325 0307  2.0 0924  1.0 1544  1.9 2146  1.0
22  Sa        325 0401  1.9 1027  1.0 1648  1.8 2252  1.1
23  Su        325 0511  1.8 1145  1.0 1800  1.8 9999  9.9
24  Mo        325 0012  1.1 0628  1.9 1301  1.0 1911  1.8
25  Tu        325 0127  1.0 0736  1.9 1402  0.9 2012  2.0
26  We        325 0227  0.9 0833  2.0 1454  0.7 2104  2.1
27  Th        325 0318  0.7 0922  2.2 1541  0.6 2152  2.2
28  Fr        325 0403  0.6 1009  2.3 1626  0.4 2237  2.4
29  Sa        325 0447  0.4 1054  2.5 1712  0.3 2322  2.4
30  Su        325 0531  0.4 1141  2.5 1758  0.3 9999  9.9
31  Mo        325 0006  2.5 0617  0.3 1229  2.5 1845  0.4
 1  Tu        425 0052  2.4 0704  0.4 1318  2.5 1933  0.5
 2  We        425 0139  2.4 0756  0.5 1412  2.3 2025  0.6
 3  Th        425 0230  2.3 0852  0.6 1509  2.2 2121  0.8
 4  Fr        425 0328  2.1 0958  0.7 1614  2.0 2227  0.9
 5  Sa        425 0435  2.0 1111  0.8 1726  1.9 2341  1.0
 6  Su        425 0551  1.9 1227  0.8 1842  1.9 9999  9.9
 7  Mo        425 0056  0.9 0707  1.9 1336  0.8 1951  1.9
 8  Tu        425 0203  0.9 0812  1.9 1433  0.7 2047  1.9
 9  We        425 0256  0.8 0903  2.0 1520  0.7 2131  2.0
10  Th        425 0340  0.7 0944  2.0 1559  0.6 2208  2.0
11  Fr        425 0417  0.7 1021  2.1 1635  0.6 2241  2.1
12  Sa        425 0451  0.6 1054  2.1 1708  0.6 2312  2.1
13  Su        425 0523  0.6 1126  2.1 1739  0.6 2343  2.2
14  Mo        425 0554  0.6 1159  2.1 1809  0.7 9999  9.9
15  Tu        425 0014  2.2 0625  0.6 1232  2.1 1840  0.7
16  We        425 0046  2.1 0657  0.7 1307  2.1 1913  0.8
17  Th        425 0120  2.1 0733  0.8 1346  2.0 1949  0.9
18  Fr        425 0158  2.0 0814  0.8 1430  2.0 2031  0.9
19  Sa        425 0242  2.0 0903  0.9 1522  1.9 2122  1.0
20  Su        425 0336  1.9 1004  0.9 1623  1.8 2225  1.0
21  Mo        425 0442  1.9 1114  0.9 1729  1.8 2338  1.0
22  Tu        425 0553  1.9 1221  0.9 1834  1.9 9999  9.9
23  We        425 0048  0.9 0658  1.9 1322  0.8 1934  2.0
24  Th        425 0149  0.8 0756  2.1 1416  0.6 2028  2.1
25  Fr        425 0242  0.6 0848  2.2 1507  0.5 2119  2.2
26  Sa        425 0332  0.5 0939  2.3 1556  0.4 2207  2.3
27  Su        425 0420  0.4 1029  2.4 1645  0.3 2255  2.4
28  Mo        425 0508  0.3 1119  2.5 1735  0.4 2342  2.4
29  Tu        425 0557  0.3 1210  2.5 1825  0.4 9999  9.9
30  We        425 0031  2.4 0649  0.3 1304  2.4 1916  0.5
 1  Th        525 0121  2.3 0744  0.4 1359  2.2 2009  0.6
 2  Fr        525 0215  2.2 0843  0.5 1458  2.1 2107  0.8
 3  Sa        525 0314  2.1 0946  0.7 1600  2.0 2210  0.8
 4  Su        525 0418  2.0 1053  0.7 1705  1.9 2318  0.9
 5  Mo        525 0527  1.9 1159  0.8 1811  1.8 9999  9.9
 6  Tu        525 0025  0.9 0634  1.9 1300  0.8 1912  1.8
 7  We        525 0126  0.8 0733  1.9 1353  0.7 2005  1.9
 8  Th        525 0218  0.8 0823  1.9 1439  0.7 2049  1.9
 9  Fr        525 0302  0.7 0905  1.9 1520  0.7 2128  2.0
10  Sa        525 0342  0.7 0944  2.0 1557  0.7 2204  2.0
11  Su        525 0418  0.6 1020  2.0 1633  0.6 2238  2.1
12  Mo        525 0453  0.6 1056  2.0 1707  0.7 2312  2.1
13  Tu        525 0527  0.6 1132  2.1 1741  0.7 2347  2.1
14  We        525 0602  0.6 1209  2.1 1816  0.7 9999  9.9
15  Th        525 0022  2.1 0637  0.7 1248  2.0 1852  0.8
16  Fr        525 0059  2.1 0716  0.7 1330  2.0 1931  0.8
17  Sa        525 0139  2.0 0800  0.7 1415  1.9 2015  0.9
18  Su        525 0225  2.0 0849  0.8 1505  1.9 2105  0.9
19  Mo        525 0317  2.0 0944  0.8 1600  1.9 2202  0.9
20  Tu        525 0416  1.9 1043  0.8 1658  1.9 2306  0.9
21  We        525 0519  1.9 1143  0.7 1757  1.9 9999  9.9
22  Th        525 0010  0.8 0621  2.0 1242  0.7 1856  2.0
23  Fr        525 0111  0.7 0720  2.1 1339  0.6 1953  2.1
24  Sa        525 0209  0.6 0817  2.2 1435  0.5 2048  2.2
25  Su        525 0304  0.5 0913  2.3 1529  0.5 2140  2.3
26  Mo        525 0357  0.4 1007  2.3 1623  0.4 2232  2.3
27  Tu        525 0449  0.3 1102  2.4 1716  0.4 2323  2.4
28  We        525 0543  0.3 1157  2.3 1809  0.5 9999  9.9
29  Th        525 0014  2.4 0637  0.4 1251  2.3 1901  0.6
30  Fr        525 0106  2.3 0732  0.4 1346  2.2 1954  0.6
31  Sa        525 0200  2.2 0829  0.5 1440  2.1 2048  0.7
 1  Su        625 0255  2.1 0925  0.6 1535  2.0 2144  0.8
 2  Mo        625 0351  2.0 1021  0.7 1630  1.9 2241  0.8
 3  Tu        625 0449  1.9 1117  0.7 1725  1.8 2340  0.8
 4  We        625 0546  1.8 1210  0.8 1819  1.8 9999  9.9
 5  Th        625 0037  0.8 0641  1.8 1302  0.8 1911  1.8
 6  Fr        625 0130  0.8 0733  1.8 1350  0.8 2000  1.8
 7  Sa        625 0219  0.8 0821  1.8 1436  0.7 2045  1.9
 8  Su        625 0304  0.7 0906  1.9 1520  0.7 2127  1.9
 9  Mo        625 0346  0.7 0949  1.9 1601  0.7 2207  2.0
10  Tu        625 0426  0.7 1030  2.0 1641  0.7 2246  2.1
11  We        625 0505  0.6 1111  2.0 1719  0.7 2324  2.1
12  Th        625 0543  0.6 1151  2.0 1758  0.7 9999  9.9
13  Fr        625 0003  2.1 0622  0.6 1232  2.0 1837  0.7
14  Sa        625 0042  2.1 0702  0.6 1315  2.0 1917  0.7
15  Su        625 0123  2.1 0745  0.6 1359  2.0 1959  0.7
16  Mo        625 0208  2.1 0831  0.6 1445  2.0 2046  0.7
17  Tu        625 0257  2.1 0920  0.6 1534  2.0 2137  0.7
18  We        625 0350  2.0 1013  0.7 1626  2.0 2234  0.7
19  Th        625 0448  2.0 1109  0.7 1723  2.0 2336  0.7
20  Fr        625 0549  2.0 1208  0.7 1822  2.0 9999  9.9
21  Sa        625 0039  0.7 0651  2.0 1309  0.6 1923  2.1
22  Su        625 0142  0.6 0753  2.1 1410  0.6 2023  2.1
23  Mo        625 0243  0.6 0854  2.2 1510  0.6 2121  2.2
24  Tu        625 0342  0.5 0954  2.2 1608  0.5 2216  2.3
25  We        625 0438  0.4 1051  2.2 1703  0.5 2309  2.3
26  Th        625 0533  0.4 1146  2.2 1755  0.5 9999  9.9
27  Fr        625 0001  2.3 0626  0.4 1238  2.2 1845  0.6
28  Sa        625 0051  2.3 0717  0.4 1327  2.1 1933  0.6
29  Su        625 0140  2.2 0806  0.5 1414  2.1 2021  0.6
30  Mo        625 0227  2.1 0853  0.6 1500  2.0 2108  0.7
