078Gisborne
Based on data from  1-Jul-2008
NZST, tidal heights in metres.
 1  Th        115 0208  1.9 0818  0.6 1432  2.0 2050  0.6
 2  Fr        115 0306  1.9 0917  0.7 1529  1.9 2146  0.6
 3  Sa        115 0404  1.9 1015  0.7 1624  1.9 2240  0.6
 4  Su        115 0459  1.9 1110  0.7 1718  1.9 2332  0.6
 5  Mo        115 0551  1.9 1203  0.7 1808  1.9 9999  9.9
 6  Tu        115 0021  0.6 0639  1.9 1252  0.7 1856  1.9
 7  We        115 0107  0.6 0725  1.9 1338  0.7 1942  1.9
 8  Th        115 0150  0.6 0808  1.9 1421  0.7 2025  1.8
 9  Fr        115 0233  0.6 0849  1.9 1503  0.7 2107  1.8
10  Sa        115 0314  0.6 0929  1.9 1544  0.7 2149  1.8
11  Su        115 0355  0.7 1009  1.9 1624  0.7 2231  1.8
12  Mo        115 0436  0.7 1050  1.9 1706  0.7 2314  1.8
13  Tu        115 0519  0.7 1132  1.9 1748  0.7 2359  1.8
14  We        115 0604  0.7 1215  1.8 1833  0.7 9999  9.9
15  Th        115 0046  1.8 0651  0.8 1301  1.8 1919  0.7
16  Fr        115 0135  1.8 0741  0.8 1349  1.8 2008  0.7
17  Sa        115 0226  1.8 0833  0.7 1441  1.9 2100  0.6
18  Su        115 0320  1.9 0927  0.7 1534  1.9 2153  0.6
19  Mo        115 0414  1.9 1023  0.7 1629  1.9 2247  0.5
20  Tu        115 0508  2.0 1119  0.6 1725  2.0 2342  0.5
21  We        115 0603  2.1 1214  0.5 1821  2.0 9999  9.9
22  Th        115 0036  0.4 0657  2.1 1310  0.5 1917  2.1
23  Fr        115 0131  0.4 0751  2.2 1404  0.4 2012  2.1
24  Sa        115 0226  0.4 0845  2.2 1459  0.4 2107  2.1
25  Su        115 0320  0.4 0939  2.2 1553  0.4 2203  2.1
26  Mo        115 0415  0.4 1032  2.2 1648  0.4 2258  2.1
27  Tu        115 0510  0.5 1127  2.1 1743  0.5 2354  2.0
28  We        115 0606  0.5 1221  2.0 1838  0.5 9999  9.9
29  Th        115 0051  2.0 0702  0.6 1316  2.0 1933  0.6
30  Fr        115 0148  1.9 0800  0.7 1412  1.9 2029  0.6
31  Sa        115 0245  1.9 0857  0.7 1508  1.9 2123  0.6
 1  Su        215 0341  1.9 0953  0.7 1602  1.8 2217  0.6
 2  Mo        215 0435  1.9 1048  0.7 1655  1.8 2307  0.6
 3  Tu        215 0526  1.9 1138  0.7 1744  1.8 2355  0.7
 4  We        215 0613  1.9 1226  0.7 1831  1.8 9999  9.9
 5  Th        215 0040  0.6 0657  1.9 1310  0.7 1915  1.8
 6  Fr        215 0123  0.7 0739  1.9 1352  0.7 1957  1.8
 7  Sa        215 0204  0.7 0819  1.9 1432  0.7 2038  1.8
 8  Su        215 0245  0.7 0858  1.9 1511  0.7 2118  1.8
 9  Mo        215 0325  0.7 0937  1.9 1550  0.7 2159  1.8
10  Tu        215 0405  0.7 1016  1.9 1631  0.7 2241  1.8
11  We        215 0447  0.7 1057  1.9 1712  0.7 2324  1.8
12  Th        215 0531  0.7 1140  1.9 1756  0.7 9999  9.9
13  Fr        215 0010  1.8 0618  0.7 1226  1.8 1843  0.7
14  Sa        215 0059  1.8 0707  0.7 1316  1.9 1933  0.7
15  Su        215 0151  1.9 0800  0.7 1409  1.9 2026  0.6
16  Mo        215 0246  1.9 0856  0.7 1505  1.9 2122  0.6
17  Tu        215 0343  1.9 0954  0.6 1603  2.0 2219  0.5
18  We        215 0440  2.0 1052  0.5 1701  2.0 2317  0.5
19  Th        215 0537  2.1 1150  0.5 1759  2.1 9999  9.9
20  Fr        215 0014  0.4 0633  2.1 1247  0.4 1857  2.1
21  Sa        215 0111  0.4 0729  2.2 1343  0.4 1953  2.1
22  Su        215 0207  0.3 0824  2.2 1438  0.4 2049  2.2
23  Mo        215 0302  0.4 0919  2.2 1533  0.4 2144  2.1
24  Tu        215 0357  0.4 1013  2.1 1627  0.4 2239  2.1
25  We        215 0452  0.5 1107  2.1 1721  0.5 2334  2.0
26  Th        215 0547  0.5 1201  2.0 1815  0.5 9999  9.9
27  Fr        215 0029  2.0 0642  0.6 1255  1.9 1909  0.6
28  Sa        215 0124  1.9 0738  0.7 1349  1.9 2003  0.6
 1  Su        315 0219  1.9 0833  0.7 1443  1.8 2056  0.7
 2  Mo        315 0313  1.8 0927  0.7 1537  1.8 2149  0.7
 3  Tu        315 0405  1.8 1019  0.8 1628  1.8 2239  0.7
 4  We        315 0455  1.8 1108  0.8 1716  1.8 2326  0.7
 5  Th        315 0541  1.8 1155  0.7 1802  1.8 9999  9.9
 6  Fr        315 0011  0.7 0625  1.8 1238  0.7 1846  1.8
 7  Sa        315 0054  0.7 0706  1.8 1319  0.7 1927  1.8
 8  Su        315 0135  0.7 0746  1.9 1358  0.7 2008  1.8
 9  Mo        315 0216  0.7 0825  1.9 1438  0.7 2048  1.8
10  Tu        315 0256  0.7 0905  1.9 1517  0.7 2129  1.8
11  We        315 0337  0.7 0945  1.9 1558  0.7 2211  1.9
12  Th        315 0419  0.7 1027  1.9 1640  0.7 2254  1.9
13  Fr        315 0504  0.7 1111  1.9 1724  0.7 2340  1.9
14  Sa        315 0551  0.7 1158  1.9 1812  0.6 9999  9.9
15  Su        315 0030  1.9 0641  0.7 1249  1.9 1904  0.6
16  Mo        315 0122  1.9 0735  0.7 1344  1.9 1959  0.6
17  Tu        315 0218  1.9 0831  0.6 1441  1.9 2056  0.6
18  We        315 0316  2.0 0930  0.6 1540  2.0 2156  0.5
19  Th        315 0414  2.0 1029  0.5 1640  2.0 2255  0.5
20  Fr        315 0513  2.1 1127  0.4 1739  2.1 2354  0.4
21  Sa        315 0610  2.1 1224  0.4 1837  2.1 9999  9.9
22  Su        315 0051  0.4 0707  2.2 1321  0.4 1934  2.2
23  Mo        315 0148  0.4 0803  2.2 1416  0.4 2029  2.2
24  Tu        315 0243  0.4 0857  2.1 1510  0.4 2124  2.1
25  We        315 0338  0.4 0951  2.1 1604  0.4 2218  2.1
26  Th        315 0432  0.5 1045  2.0 1657  0.5 2311  2.0
27  Fr        315 0526  0.6 1138  2.0 1749  0.6 9999  9.9
28  Sa        315 0004  2.0 0619  0.6 1230  1.9 1841  0.6
29  Su        315 0056  1.9 0712  0.7 1323  1.8 1933  0.7
30  Mo        315 0148  1.9 0804  0.7 1415  1.8 2025  0.7
31  Tu        315 0240  1.8 0856  0.7 1506  1.8 2115  0.7
 1  We        415 0330  1.8 0946  0.8 1556  1.8 2205  0.7
 2  Th        415 0418  1.8 1033  0.8 1644  1.8 2253  0.7
 3  Fr        415 0504  1.8 1119  0.7 1730  1.8 2338  0.7
 4  Sa        415 0548  1.8 1202  0.7 1814  1.8 9999  9.9
 5  Su        415 0022  0.7 0630  1.8 1243  0.7 1856  1.8
 6  Mo        415 0104  0.7 0712  1.8 1324  0.7 1937  1.9
 7  Tu        415 0146  0.7 0752  1.8 1404  0.7 2019  1.9
 8  We        415 0228  0.7 0834  1.9 1445  0.6 2101  1.9
 9  Th        415 0311  0.7 0916  1.9 1527  0.6 2144  1.9
10  Fr        415 0355  0.7 1000  1.9 1612  0.6 2229  1.9
11  Sa        415 0441  0.7 1047  1.9 1658  0.6 2316  1.9
12  Su        415 0529  0.6 1136  1.9 1748  0.6 9999  9.9
13  Mo        415 0007  1.9 0621  0.6 1229  1.9 1841  0.6
14  Tu        415 0100  1.9 0715  0.6 1324  1.9 1937  0.6
15  We        415 0156  2.0 0811  0.6 1422  1.9 2036  0.6
16  Th        415 0253  2.0 0909  0.5 1522  2.0 2135  0.5
17  Fr        415 0352  2.0 1008  0.5 1621  2.0 2235  0.5
18  Sa        415 0450  2.1 1106  0.4 1720  2.1 2334  0.5
19  Su        415 0548  2.1 1203  0.4 1817  2.1 9999  9.9
20  Mo        415 0032  0.4 0645  2.1 1258  0.4 1914  2.1
21  Tu        415 0128  0.4 0740  2.1 1353  0.4 2008  2.1
22  We        415 0223  0.4 0834  2.1 1446  0.4 2102  2.1
23  Th        415 0317  0.5 0928  2.0 1538  0.5 2154  2.1
24  Fr        415 0410  0.5 1020  2.0 1629  0.5 2245  2.0
25  Sa        415 0501  0.6 1111  1.9 1720  0.6 2335  2.0
26  Su        415 0552  0.6 1202  1.9 1809  0.6 9999  9.9
27  Mo        415 0025  1.9 0642  0.7 1252  1.8 1859  0.7
28  Tu        415 0114  1.9 0731  0.7 1342  1.8 1949  0.7
29  We        415 0202  1.8 0820  0.7 1432  1.8 2039  0.8
30  Th        415 0250  1.8 0908  0.7 1521  1.8 2128  0.8
 1  Fr        515 0338  1.8 0955  0.7 1609  1.8 2216  0.8
 2  Sa        515 0424  1.8 1040  0.7 1655  1.8 2302  0.8
 3  Su        515 0509  1.8 1124  0.7 1740  1.8 2348  0.7
 4  Mo        515 0553  1.8 1206  0.7 1823  1.9 9999  9.9
 5  Tu        515 0032  0.7 0636  1.8 1249  0.6 1906  1.9
 6  We        515 0116  0.7 0719  1.9 1331  0.6 1950  1.9
 7  Th        515 0200  0.7 0804  1.9 1415  0.6 2034  1.9
 8  Fr        515 0245  0.6 0850  1.9 1501  0.6 2119  2.0
 9  Sa        515 0332  0.6 0937  1.9 1548  0.6 2207  2.0
10  Su        515 0421  0.6 1027  1.9 1637  0.6 2256  2.0
11  Mo        515 0511  0.6 1119  1.9 1729  0.6 2348  2.0
12  Tu        515 0604  0.6 1213  1.9 1823  0.6 9999  9.9
13  We        515 0042  2.0 0659  0.6 1309  1.9 1920  0.6
14  Th        515 0137  2.0 0755  0.5 1407  2.0 2019  0.6
15  Fr        515 0235  2.0 0852  0.5 1506  2.0 2118  0.6
16  Sa        515 0332  2.0 0949  0.5 1604  2.0 2217  0.5
17  Su        515 0430  2.0 1046  0.4 1702  2.1 2316  0.5
18  Mo        515 0527  2.0 1142  0.4 1759  2.1 9999  9.9
19  Tu        515 0013  0.5 0623  2.0 1236  0.4 1854  2.1
20  We        515 0108  0.5 0718  2.0 1329  0.4 1947  2.1
21  Th        515 0202  0.5 0810  2.0 1421  0.5 2038  2.1
22  Fr        515 0254  0.5 0902  2.0 1511  0.5 2128  2.0
23  Sa        515 0344  0.6 0952  1.9 1600  0.6 2216  2.0
24  Su        515 0433  0.6 1041  1.9 1647  0.6 2303  1.9
25  Mo        515 0521  0.7 1129  1.8 1735  0.7 2349  1.9
26  Tu        515 0608  0.7 1217  1.8 1822  0.7 9999  9.9
27  We        515 0036  1.9 0655  0.7 1306  1.8 1911  0.7
28  Th        515 0122  1.8 0742  0.7 1355  1.8 1959  0.8
29  Fr        515 0209  1.8 0828  0.7 1444  1.8 2049  0.8
30  Sa        515 0256  1.8 0915  0.7 1532  1.8 2137  0.8
31  Su        515 0343  1.8 1000  0.7 1618  1.8 2225  0.8
 1  Mo        615 0429  1.8 1045  0.7 1705  1.8 2312  0.7
 2  Tu        615 0516  1.8 1130  0.6 1750  1.9 2359  0.7
 3  We        615 0602  1.9 1215  0.6 1835  1.9 9999  9.9
 4  Th        615 0045  0.7 0648  1.9 1301  0.6 1921  2.0
 5  Fr        615 0133  0.6 0736  1.9 1348  0.5 2008  2.0
 6  Sa        615 0221  0.6 0826  1.9 1437  0.5 2057  2.0
 7  Su        615 0311  0.6 0916  2.0 1527  0.5 2147  2.1
 8  Mo        615 0402  0.5 1009  2.0 1619  0.5 2238  2.1
 9  Tu        615 0454  0.5 1103  2.0 1713  0.5 2331  2.0
10  We        615 0548  0.5 1158  2.0 1808  0.6 9999  9.9
11  Th        615 0025  2.0 0643  0.5 1255  2.0 1905  0.6
12  Fr        615 0121  2.0 0739  0.5 1353  2.0 2004  0.6
13  Sa        615 0218  2.0 0835  0.5 1451  2.0 2103  0.6
14  Su        615 0315  2.0 0932  0.5 1549  2.0 2201  0.6
15  Mo        615 0412  2.0 1028  0.5 1646  2.0 2259  0.6
16  Tu        615 0508  2.0 1122  0.5 1741  2.0 2354  0.6
17  We        615 0602  2.0 1215  0.5 1833  2.0 9999  9.9
18  Th        615 0048  0.6 0655  2.0 1306  0.5 1924  2.0
19  Fr        615 0140  0.6 0746  1.9 1355  0.5 2013  2.0
20  Sa        615 0229  0.6 0835  1.9 1443  0.6 2100  2.0
21  Su        615 0316  0.6 0922  1.9 1529  0.6 2145  2.0
22  Mo        615 0402  0.6 1008  1.8 1614  0.6 2229  1.9
23  Tu        615 0446  0.7 1054  1.8 1659  0.7 2312  1.9
24  We        615 0531  0.7 1140  1.8 1745  0.7 2357  1.9
25  Th        615 0616  0.7 1228  1.8 1832  0.7 9999  9.9
26  Fr        615 0042  1.8 0701  0.7 1315  1.8 1920  0.8
27  Sa        615 0128  1.8 0747  0.7 1404  1.8 2009  0.8
28  Su        615 0216  1.8 0834  0.7 1453  1.8 2058  0.8
29  Mo        615 0303  1.8 0921  0.7 1541  1.8 2148  0.7
30  Tu        615 0352  1.8 1008  0.6 1629  1.9 2237  0.7
 1  We        715 0440  1.9 1056  0.6 1717  1.9 2327  0.7
 2  Th        715 0530  1.9 1144  0.6 1805  2.0 9999  9.9
 3  Fr        715 0016  0.6 0620  1.9 1233  0.5 1854  2.0
 4  Sa        715 0107  0.6 0711  2.0 1324  0.5 1944  2.1
 5  Su        715 0158  0.5 0804  2.0 1415  0.4 2035  2.1
 6  Mo        715 0250  0.5 0857  2.0 1508  0.4 2127  2.1
 7  Tu        715 0343  0.5 0951  2.0 1602  0.5 2220  2.1
 8  We        715 0436  0.4 1046  2.0 1657  0.5 2314  2.1
 9  Th        715 0531  0.5 1143  2.0 1753  0.5 9999  9.9
10  Fr        715 0009  2.1 0626  0.5 1240  2.0 1851  0.6
11  Sa        715 0105  2.0 0723  0.5 1338  2.0 1949  0.6
12  Su        715 0202  2.0 0819  0.5 1436  2.0 2048  0.6
13  Mo        715 0259  2.0 0915  0.5 1533  2.0 2146  0.6
14  Tu        715 0355  1.9 1010  0.5 1629  2.0 2242  0.6
15  We        715 0450  1.9 1103  0.5 1722  2.0 2336  0.6
16  Th        715 0543  1.9 1154  0.5 1812  2.0 9999  9.9
17  Fr        715 0027  0.6 0633  1.9 1243  0.6 1900  2.0
18  Sa        715 0116  0.6 0721  1.9 1329  0.6 1946  2.0
19  Su        715 0201  0.6 0807  1.9 1414  0.6 2030  2.0
20  Mo        715 0245  0.6 0852  1.8 1457  0.6 2112  1.9
21  Tu        715 0328  0.7 0935  1.8 1540  0.7 2153  1.9
22  We        715 0410  0.7 1019  1.8 1624  0.7 2235  1.9
23  Th        715 0452  0.7 1103  1.8 1708  0.7 2318  1.9
24  Fr        715 0536  0.7 1149  1.8 1754  0.7 9999  9.9
25  Sa        715 0002  1.8 0620  0.7 1236  1.8 1841  0.8
26  Su        715 0048  1.8 0706  0.7 1324  1.8 1930  0.8
27  Mo        715 0136  1.8 0754  0.7 1414  1.8 2021  0.8
28  Tu        715 0226  1.8 0843  0.7 1504  1.9 2112  0.7
29  We        715 0317  1.8 0933  0.6 1554  1.9 2204  0.7
30  Th        715 0409  1.9 1024  0.6 1645  2.0 2256  0.6
31  Fr        715 0502  1.9 1116  0.5 1736  2.0 2349  0.5
 1  Sa        815 0555  2.0 1208  0.5 1828  2.1 9999  9.9
 2  Su        815 0042  0.5 0649  2.1 1301  0.4 1921  2.2
 3  Mo        815 0135  0.4 0743  2.1 1355  0.4 2013  2.2
 4  Tu        815 0228  0.4 0838  2.1 1449  0.4 2107  2.2
 5  We        815 0322  0.4 0933  2.1 1544  0.4 2201  2.2
 6  Th        815 0417  0.4 1029  2.1 1640  0.4 2255  2.1
 7  Fr        815 0512  0.4 1125  2.1 1737  0.5 2351  2.1
 8  Sa        815 0608  0.5 1222  2.0 1834  0.6 9999  9.9
 9  Su        815 0047  2.0 0704  0.5 1320  2.0 1933  0.6
10  Mo        815 0144  2.0 0800  0.5 1418  2.0 2031  0.6
11  Tu        815 0241  1.9 0856  0.6 1514  1.9 2129  0.7
12  We        815 0337  1.9 0950  0.6 1609  1.9 2224  0.7
13  Th        815 0431  1.9 1042  0.6 1701  1.9 2316  0.7
14  Fr        815 0522  1.9 1132  0.6 1749  1.9 9999  9.9
15  Sa        815 0004  0.7 0610  1.9 1219  0.6 1835  1.9
16  Su        815 0050  0.7 0656  1.9 1303  0.6 1918  1.9
17  Mo        815 0133  0.7 0740  1.9 1346  0.6 1959  1.9
18  Tu        815 0214  0.7 0822  1.8 1427  0.6 2039  1.9
19  We        815 0254  0.7 0903  1.8 1509  0.7 2119  1.9
20  Th        815 0334  0.7 0945  1.8 1551  0.7 2200  1.9
21  Fr        815 0415  0.7 1028  1.8 1634  0.7 2242  1.9
22  Sa        815 0457  0.7 1112  1.8 1718  0.7 2325  1.8
23  Su        815 0541  0.7 1158  1.8 1805  0.7 9999  9.9
24  Mo        815 0011  1.8 0627  0.7 1246  1.8 1855  0.7
25  Tu        815 0100  1.8 0716  0.7 1336  1.8 1946  0.7
26  We        815 0152  1.8 0807  0.6 1428  1.9 2040  0.7
27  Th        815 0245  1.9 0900  0.6 1521  1.9 2134  0.6
28  Fr        815 0340  1.9 0955  0.5 1615  2.0 2229  0.6
29  Sa        815 0436  2.0 1050  0.5 1709  2.1 2324  0.5
30  Su        815 0532  2.0 1145  0.4 1804  2.1 9999  9.9
31  Mo        815 0018  0.4 0628  2.1 1240  0.4 1858  2.2
 1  Tu        915 0113  0.4 0723  2.2 1336  0.3 1952  2.2
 2  We        915 0207  0.3 0819  2.2 1431  0.3 2046  2.2
 3  Th        915 0301  0.3 0914  2.2 1526  0.4 2141  2.2
 4  Fr        915 0356  0.3 1010  2.1 1622  0.4 2236  2.1
 5  Sa        915 0451  0.4 1106  2.1 1719  0.5 2331  2.1
 6  Su        915 0546  0.5 1202  2.0 1816  0.6 9999  9.9
 7  Mo        915 0027  2.0 0642  0.5 1259  2.0 1914  0.6
 8  Tu        915 0124  1.9 0737  0.6 1356  1.9 2011  0.7
 9  We        915 0221  1.9 0833  0.6 1451  1.9 2107  0.7
10  Th        915 0316  1.8 0927  0.6 1544  1.9 2201  0.7
11  Fr        915 0409  1.8 1018  0.7 1635  1.9 2251  0.7
12  Sa        915 0459  1.8 1107  0.7 1722  1.9 2338  0.7
13  Su        915 0546  1.8 1153  0.7 1806  1.9 9999  9.9
14  Mo        915 0021  0.7 0630  1.8 1236  0.7 1848  1.9
15  Tu        915 0102  0.7 0712  1.9 1318  0.7 1928  1.9
16  We        915 0142  0.6 0753  1.9 1359  0.7 2007  1.9
17  Th        915 0221  0.6 0834  1.9 1440  0.7 2047  1.9
18  Fr        915 0300  0.6 0914  1.9 1521  0.7 2127  1.9
19  Sa        915 0340  0.6 0956  1.9 1603  0.7 2208  1.9
20  Su        915 0422  0.6 1039  1.9 1647  0.7 2252  1.8
21  Mo        915 0506  0.7 1124  1.9 1734  0.7 2339  1.8
22  Tu        915 0552  0.7 1212  1.9 1823  0.7 9999  9.9
23  We        915 0028  1.8 0642  0.6 1303  1.9 1916  0.7
24  Th        915 0122  1.8 0735  0.6 1356  1.9 2011  0.6
25  Fr        915 0218  1.9 0831  0.6 1452  2.0 2107  0.6
26  Sa        915 0315  1.9 0929  0.5 1548  2.0 2203  0.5
27  Su        915 0413  2.0 1026  0.5 1644  2.1 2300  0.4
28  Mo        915 0511  2.1 1124  0.4 1740  2.2 2356  0.4
29  Tu        915 0608  2.1 1220  0.4 1836  2.2 9999  9.9
30  We        915 0051  0.3 0704  2.2 1317  0.4 1931  2.2
 1  Th       1015 0146  0.3 0800  2.2 1412  0.4 2025  2.2
 2  Fr       1015 0240  0.3 0855  2.2 1508  0.4 2120  2.2
 3  Sa       1015 0334  0.3 0949  2.2 1603  0.4 2214  2.1
 4  Su       1015 0428  0.4 1044  2.1 1659  0.5 2309  2.0
 5  Mo       1015 0522  0.5 1139  2.0 1754  0.6 9999  9.9
 6  Tu       1015 0004  1.9 0616  0.5 1234  2.0 1850  0.6
 7  We       1015 0100  1.9 0710  0.6 1328  1.9 1946  0.7
 8  Th       1015 0155  1.8 0804  0.7 1421  1.9 2040  0.7
 9  Fr       1015 0249  1.8 0857  0.7 1513  1.9 2132  0.7
10  Sa       1015 0342  1.8 0948  0.7 1603  1.9 2221  0.7
11  Su       1015 0431  1.8 1037  0.7 1649  1.9 2307  0.7
12  Mo       1015 0518  1.8 1123  0.7 1734  1.9 2350  0.7
13  Tu       1015 0602  1.8 1207  0.7 1816  1.9 9999  9.9
14  We       1015 0031  0.7 0644  1.9 1250  0.7 1856  1.9
15  Th       1015 0111  0.6 0725  1.9 1331  0.7 1936  1.9
16  Fr       1015 0150  0.6 0805  1.9 1412  0.7 2016  1.9
17  Sa       1015 0229  0.6 0846  1.9 1454  0.7 2057  1.9
18  Su       1015 0310  0.6 0927  1.9 1536  0.7 2139  1.9
19  Mo       1015 0351  0.6 1010  1.9 1621  0.7 2224  1.9
20  Tu       1015 0436  0.6 1056  1.9 1708  0.7 2312  1.9
21  We       1015 0523  0.6 1144  1.9 1757  0.7 9999  9.9
22  Th       1015 0002  1.9 0614  0.6 1235  1.9 1850  0.6
23  Fr       1015 0057  1.9 0709  0.6 1329  2.0 1946  0.6
24  Sa       1015 0154  1.9 0806  0.6 1425  2.0 2043  0.6
25  Su       1015 0253  2.0 0905  0.5 1523  2.0 2141  0.5
26  Mo       1015 0353  2.0 1005  0.5 1621  2.1 2238  0.4
27  Tu       1015 0452  2.1 1104  0.5 1718  2.1 2335  0.4
28  We       1015 0549  2.1 1202  0.4 1815  2.2 9999  9.9
29  Th       1015 0030  0.3 0646  2.2 1258  0.4 1910  2.2
30  Fr       1015 0125  0.3 0741  2.2 1354  0.4 2005  2.2
31  Sa       1015 0218  0.3 0835  2.2 1449  0.4 2059  2.1
 1  Su       1115 0311  0.4 0929  2.2 1543  0.5 2152  2.0
 2  Mo       1115 0404  0.4 1021  2.1 1637  0.5 2245  2.0
 3  Tu       1115 0455  0.5 1113  2.0 1730  0.6 2338  1.9
 4  We       1115 0547  0.6 1204  2.0 1822  0.6 9999  9.9
 5  Th       1115 0030  1.8 0638  0.6 1255  1.9 1914  0.7
 6  Fr       1115 0123  1.8 0730  0.7 1346  1.9 2006  0.7
 7  Sa       1115 0216  1.8 0821  0.7 1436  1.8 2056  0.7
 8  Su       1115 0308  1.8 0912  0.8 1525  1.8 2145  0.7
 9  Mo       1115 0358  1.8 1002  0.8 1612  1.8 2231  0.7
10  Tu       1115 0446  1.8 1050  0.8 1658  1.8 2315  0.7
11  We       1115 0531  1.8 1136  0.7 1741  1.8 2358  0.7
12  Th       1115 0614  1.9 1220  0.7 1824  1.8 9999  9.9
13  Fr       1115 0039  0.6 0656  1.9 1303  0.7 1905  1.9
14  Sa       1115 0119  0.6 0738  1.9 1345  0.7 1947  1.9
15  Su       1115 0200  0.6 0819  1.9 1428  0.7 2030  1.9
16  Mo       1115 0242  0.6 0902  2.0 1512  0.6 2115  1.9
17  Tu       1115 0326  0.6 0946  2.0 1558  0.6 2201  1.9
18  We       1115 0412  0.6 1032  2.0 1646  0.6 2250  1.9
19  Th       1115 0500  0.6 1121  2.0 1736  0.6 2342  1.9
20  Fr       1115 0552  0.6 1212  2.0 1829  0.6 9999  9.9
21  Sa       1115 0037  1.9 0647  0.6 1306  2.0 1925  0.6
22  Su       1115 0134  1.9 0745  0.6 1403  2.0 2022  0.5
23  Mo       1115 0234  2.0 0845  0.6 1501  2.0 2120  0.5
24  Tu       1115 0334  2.0 0945  0.5 1600  2.1 2218  0.4
25  We       1115 0433  2.1 1045  0.5 1658  2.1 2315  0.4
26  Th       1115 0532  2.1 1144  0.5 1755  2.1 9999  9.9
27  Fr       1115 0010  0.4 0628  2.1 1241  0.5 1850  2.1
28  Sa       1115 0105  0.4 0723  2.1 1336  0.5 1945  2.1
29  Su       1115 0157  0.4 0815  2.1 1430  0.5 2037  2.0
30  Mo       1115 0249  0.4 0907  2.1 1522  0.5 2128  2.0
 1  Tu       1215 0338  0.5 0956  2.1 1612  0.6 2219  1.9
 2  We       1215 0427  0.5 1045  2.0 1702  0.6 2308  1.9
 3  Th       1215 0515  0.6 1132  2.0 1750  0.7 2357  1.8
 4  Fr       1215 0603  0.7 1219  1.9 1838  0.7 9999  9.9
 5  Sa       1215 0047  1.8 0652  0.7 1307  1.9 1927  0.7
 6  Su       1215 0138  1.8 0742  0.8 1355  1.8 2016  0.7
 7  Mo       1215 0229  1.8 0832  0.8 1443  1.8 2104  0.7
 8  Tu       1215 0319  1.8 0923  0.8 1531  1.8 2151  0.7
 9  We       1215 0408  1.8 1013  0.8 1619  1.8 2237  0.7
10  Th       1215 0456  1.8 1101  0.8 1705  1.8 2322  0.7
11  Fr       1215 0541  1.8 1147  0.7 1750  1.8 9999  9.9
12  Sa       1215 0005  0.6 0625  1.9 1233  0.7 1834  1.9
13  Su       1215 0049  0.6 0709  1.9 1318  0.7 1920  1.9
14  Mo       1215 0133  0.6 0753  2.0 1403  0.6 2005  1.9
15  Tu       1215 0218  0.5 0838  2.0 1450  0.6 2053  1.9
16  We       1215 0304  0.5 0924  2.0 1537  0.6 2141  1.9
17  Th       1215 0352  0.5 1012  2.0 1627  0.6 2232  1.9
18  Fr       1215 0442  0.5 1102  2.0 1718  0.5 2325  1.9
19  Sa       1215 0535  0.5 1154  2.0 1811  0.5 9999  9.9
20  Su       1215 0020  1.9 0630  0.6 1248  2.0 1906  0.5
21  Mo       1215 0117  1.9 0727  0.6 1344  2.0 2003  0.5
22  Tu       1215 0217  2.0 0827  0.6 1442  2.0 2101  0.5
23  We       1215 0317  2.0 0928  0.6 1541  2.0 2159  0.5
24  Th       1215 0416  2.0 1028  0.6 1639  2.0 2256  0.5
25  Fr       1215 0514  2.0 1127  0.6 1736  2.0 2352  0.4
26  Sa       1215 0610  2.1 1223  0.6 1832  2.0 9999  9.9
27  Su       1215 0045  0.4 0704  2.1 1318  0.5 1924  2.0
28  Mo       1215 0136  0.5 0755  2.1 1409  0.6 2015  2.0
29  Tu       1215 0225  0.5 0843  2.1 1458  0.6 2104  1.9
30  We       1215 0312  0.5 0930  2.0 1545  0.6 2151  1.9
31  Th       1215 0358  0.6 1015  2.0 1631  0.6 2237  1.9
