354Green Island
Based on data from  1-Jul-2008
Local Std Time, tidal heights in metres.
 1  Mo        724 0437  0.3 1051  1.9 1708  0.3 2322  1.8
 2  Tu        724 0533  0.3 1149  1.9 1808  0.3 9999  9.9
 3  We        724 0018  1.8 0627  0.3 1246  1.9 1904  0.3
 4  Th        724 0111  1.8 0720  0.2 1341  2.0 1958  0.3
 5  Fr        724 0201  1.9 0811  0.2 1433  2.0 2047  0.3
 6  Sa        724 0250  1.9 0900  0.2 1522  2.0 2135  0.3
 7  Su        724 0337  1.8 0949  0.3 1609  1.9 2220  0.4
 8  Mo        724 0423  1.8 1035  0.3 1654  1.9 2304  0.4
 9  Tu        724 0509  1.8 1121  0.3 1737  1.8 2348  0.4
10  We        724 0554  1.7 1205  0.4 1820  1.8 9999  9.9
11  Th        724 0032  0.5 0640  1.7 1250  0.5 1903  1.7
12  Fr        724 0117  0.5 0727  1.6 1335  0.5 1948  1.7
13  Sa        724 0205  0.6 0816  1.6 1423  0.6 2037  1.6
14  Su        724 0255  0.6 0906  1.6 1515  0.6 2130  1.6
15  Mo        724 0346  0.6 0958  1.6 1609  0.6 2223  1.6
16  Tu        724 0436  0.6 1049  1.6 1704  0.6 2315  1.6
17  We        724 0525  0.5 1140  1.7 1757  0.5 9999  9.9
18  Th        724 0004  1.6 0611  0.5 1229  1.7 1846  0.5
19  Fr        724 0050  1.7 0657  0.4 1317  1.8 1933  0.4
20  Sa        724 0135  1.8 0743  0.3 1404  1.9 2018  0.3
21  Su        724 0219  1.8 0829  0.2 1450  2.0 2103  0.3
22  Mo        724 0305  1.9 0916  0.2 1537  2.0 2149  0.2
23  Tu        724 0353  1.9 1006  0.1 1625  2.1 2236  0.2
24  We        724 0442  2.0 1056  0.1 1714  2.1 2326  0.2
25  Th        724 0535  2.0 1149  0.1 1806  2.0 9999  9.9
26  Fr        724 0019  0.2 0630  1.9 1245  0.2 1901  2.0
27  Sa        724 0115  0.3 0729  1.9 1344  0.2 2000  1.9
28  Su        724 0215  0.3 0830  1.9 1446  0.3 2102  1.8
29  Mo        724 0318  0.3 0934  1.9 1552  0.4 2207  1.8
30  Tu        724 0420  0.4 1038  1.9 1658  0.4 2310  1.8
31  We        724 0520  0.3 1140  1.9 1800  0.4 9999  9.9
 1  Th        824 0007  1.8 0616  0.3 1238  1.9 1856  0.4
 2  Fr        824 0100  1.8 0709  0.3 1331  1.9 1946  0.4
 3  Sa        824 0148  1.8 0758  0.3 1419  1.9 2031  0.3
 4  Su        824 0233  1.8 0843  0.3 1503  1.9 2113  0.3
 5  Mo        824 0315  1.8 0926  0.3 1544  1.9 2152  0.4
 6  Tu        824 0356  1.8 1007  0.3 1622  1.9 2230  0.4
 7  We        824 0436  1.8 1047  0.4 1700  1.8 2308  0.4
 8  Th        824 0516  1.7 1127  0.4 1738  1.8 2348  0.5
 9  Fr        824 0557  1.7 1207  0.5 1817  1.7 9999  9.9
10  Sa        824 0029  0.5 0641  1.6 1251  0.5 1901  1.6
11  Su        824 0115  0.6 0729  1.6 1338  0.6 1950  1.6
12  Mo        824 0206  0.6 0821  1.6 1432  0.6 2045  1.5
13  Tu        824 0301  0.6 0916  1.6 1531  0.6 2144  1.5
14  We        824 0357  0.6 1014  1.6 1632  0.6 2242  1.6
15  Th        824 0450  0.5 1109  1.7 1728  0.6 2334  1.6
16  Fr        824 0541  0.5 1201  1.8 1819  0.5 9999  9.9
17  Sa        824 0022  1.7 0630  0.4 1251  1.9 1906  0.4
18  Su        824 0108  1.8 0717  0.3 1338  2.0 1951  0.3
19  Mo        824 0154  1.9 0805  0.2 1425  2.1 2036  0.2
20  Tu        824 0240  2.0 0853  0.1 1511  2.1 2122  0.1
21  We        824 0328  2.1 0943  0.0 1559  2.2 2209  0.1
22  Th        824 0419  2.1 1034  0.0 1649  2.1 2300  0.1
23  Fr        824 0512  2.1 1127  0.1 1741  2.1 2353  0.2
24  Sa        824 0608  2.0 1224  0.2 1837  2.0 9999  9.9
25  Su        824 0051  0.2 0708  2.0 1325  0.2 1938  1.9
26  Mo        824 0154  0.3 0812  1.9 1430  0.3 2045  1.8
27  Tu        824 0259  0.4 0919  1.9 1539  0.4 2153  1.7
28  We        824 0405  0.4 1026  1.8 1647  0.4 2257  1.7
29  Th        824 0507  0.4 1129  1.8 1749  0.4 2354  1.7
30  Fr        824 0603  0.3 1225  1.9 1842  0.4 9999  9.9
31  Sa        824 0045  1.8 0654  0.3 1314  1.9 1927  0.4
 1  Su        924 0129  1.8 0739  0.3 1358  1.9 2008  0.4
 2  Mo        924 0210  1.8 0821  0.3 1437  1.9 2045  0.4
 3  Tu        924 0248  1.8 0900  0.3 1513  1.9 2120  0.4
 4  We        924 0325  1.8 0937  0.3 1548  1.8 2155  0.4
 5  Th        924 0402  1.8 1014  0.4 1623  1.8 2230  0.4
 6  Fr        924 0440  1.8 1051  0.4 1659  1.7 2307  0.5
 7  Sa        924 0520  1.7 1131  0.5 1738  1.7 2348  0.5
 8  Su        924 0603  1.7 1214  0.5 1821  1.6 9999  9.9
 9  Mo        924 0034  0.6 0651  1.6 1302  0.6 1911  1.6
10  Tu        924 0126  0.6 0744  1.6 1358  0.6 2009  1.5
11  We        924 0223  0.6 0842  1.6 1500  0.6 2111  1.5
12  Th        924 0322  0.6 0941  1.6 1602  0.6 2210  1.6
13  Fr        924 0418  0.5 1039  1.7 1659  0.5 2304  1.6
14  Sa        924 0511  0.4 1133  1.8 1750  0.4 2353  1.8
15  Su        924 0602  0.3 1223  1.9 1837  0.3 9999  9.9
16  Mo        924 0040  1.9 0651  0.2 1310  2.0 1922  0.2
17  Tu        924 0127  2.0 0740  0.1 1358  2.1 2008  0.1
18  We        924 0215  2.1 0829  0.0 1445  2.2 2055  0.1
19  Th        924 0304  2.2 0920  0.0 1534  2.2 2143  0.1
20  Fr        924 0356  2.2 1013  0.0 1625  2.1 2235  0.1
21  Sa        924 0451  2.1 1107  0.1 1718  2.0 2330  0.1
22  Su        924 0548  2.1 1205  0.2 1816  1.9 9999  9.9
23  Mo        924 0030  0.2 0650  2.0 1307  0.3 1919  1.8
24  Tu        924 0134  0.3 0755  1.9 1414  0.4 2027  1.7
25  We        924 0241  0.4 0903  1.9 1524  0.4 2135  1.7
26  Th        924 0347  0.4 1009  1.8 1630  0.4 2238  1.7
27  Fr        924 0448  0.4 1110  1.8 1728  0.4 2333  1.7
28  Sa        924 0542  0.4 1203  1.8 1818  0.4 9999  9.9
29  Su        924 0021  1.8 0630  0.4 1248  1.8 1900  0.4
30  Mo        924 0103  1.8 0713  0.4 1329  1.8 1937  0.4
 1  Tu       1024 0142  1.8 0752  0.4 1405  1.8 2012  0.4
 2  We       1024 0218  1.8 0829  0.4 1440  1.8 2046  0.4
 3  Th       1024 0254  1.8 0906  0.4 1514  1.8 2120  0.4
 4  Fr       1024 0331  1.8 0943  0.4 1549  1.8 2156  0.4
 5  Sa       1024 0409  1.8 1021  0.4 1626  1.7 2234  0.5
 6  Su       1024 0449  1.7 1101  0.5 1706  1.7 2316  0.5
 7  Mo       1024 0534  1.7 1146  0.5 1751  1.6 9999  9.9
 8  Tu       1024 0002  0.5 0622  1.7 1236  0.6 1842  1.5
 9  We       1024 0055  0.6 0715  1.6 1332  0.6 1940  1.5
10  Th       1024 0152  0.6 0813  1.7 1432  0.6 2041  1.5
11  Fr       1024 0251  0.5 0912  1.7 1533  0.6 2140  1.6
12  Sa       1024 0348  0.5 1009  1.8 1628  0.5 2234  1.7
13  Su       1024 0442  0.4 1103  1.8 1719  0.4 2324  1.8
14  Mo       1024 0534  0.3 1154  1.9 1807  0.3 9999  9.9
15  Tu       1024 0013  1.9 0625  0.2 1243  2.0 1854  0.2
16  We       1024 0102  2.0 0716  0.1 1332  2.1 1941  0.1
17  Th       1024 0152  2.1 0808  0.0 1421  2.1 2030  0.0
18  Fr       1024 0243  2.2 0900  0.0 1511  2.1 2120  0.0
19  Sa       1024 0337  2.2 0954  0.0 1603  2.1 2214  0.1
20  Su       1024 0433  2.1 1050  0.1 1658  2.0 2310  0.1
21  Mo       1024 0531  2.1 1148  0.2 1757  1.9 9999  9.9
22  Tu       1024 0011  0.2 0633  2.0 1250  0.3 1900  1.8
23  We       1024 0114  0.3 0736  1.9 1355  0.4 2006  1.7
24  Th       1024 0219  0.4 0840  1.8 1501  0.4 2110  1.7
25  Fr       1024 0321  0.4 0942  1.8 1602  0.5 2210  1.7
26  Sa       1024 0419  0.4 1039  1.8 1657  0.5 2302  1.7
27  Su       1024 0511  0.4 1129  1.8 1744  0.4 2349  1.7
28  Mo       1024 0558  0.4 1214  1.8 1825  0.4 9999  9.9
29  Tu       1024 0030  1.8 0640  0.4 1254  1.8 1902  0.4
30  We       1024 0109  1.8 0720  0.4 1331  1.8 1938  0.4
31  Th       1024 0147  1.8 0759  0.4 1407  1.8 2013  0.4
 1  Fr       1124 0225  1.8 0837  0.4 1443  1.8 2049  0.4
 2  Sa       1124 0303  1.8 0916  0.4 1520  1.7 2127  0.4
 3  Su       1124 0343  1.8 0956  0.5 1559  1.7 2207  0.4
 4  Mo       1124 0426  1.8 1038  0.5 1641  1.7 2250  0.5
 5  Tu       1124 0511  1.7 1124  0.5 1727  1.6 2338  0.5
 6  We       1124 0600  1.7 1214  0.5 1818  1.6 9999  9.9
 7  Th       1124 0030  0.5 0651  1.7 1308  0.6 1914  1.6
 8  Fr       1124 0125  0.5 0746  1.7 1405  0.5 2012  1.6
 9  Sa       1124 0222  0.5 0843  1.8 1502  0.5 2109  1.7
10  Su       1124 0318  0.4 0939  1.8 1557  0.4 2204  1.7
11  Mo       1124 0414  0.3 1034  1.9 1649  0.4 2256  1.8
12  Tu       1124 0508  0.3 1127  1.9 1739  0.3 2348  2.0
13  We       1124 0602  0.2 1218  2.0 1829  0.2 9999  9.9
14  Th       1124 0040  2.0 0656  0.1 1309  2.0 1919  0.1
15  Fr       1124 0133  2.1 0750  0.1 1400  2.1 2009  0.1
16  Sa       1124 0227  2.1 0844  0.1 1452  2.0 2102  0.1
17  Su       1124 0322  2.1 0939  0.1 1545  2.0 2156  0.1
18  Mo       1124 0418  2.1 1034  0.2 1640  1.9 2253  0.2
19  Tu       1124 0515  2.1 1131  0.3 1737  1.9 2351  0.2
20  We       1124 0613  2.0 1229  0.3 1837  1.8 9999  9.9
21  Th       1124 0050  0.3 0711  1.9 1328  0.4 1937  1.7
22  Fr       1124 0149  0.4 0809  1.8 1427  0.5 2036  1.7
23  Sa       1124 0246  0.4 0905  1.8 1524  0.5 2132  1.7
24  Su       1124 0340  0.5 0958  1.7 1615  0.5 2223  1.7
25  Mo       1124 0431  0.5 1048  1.7 1702  0.5 2310  1.7
26  Tu       1124 0519  0.5 1133  1.7 1745  0.5 2353  1.7
27  We       1124 0604  0.5 1216  1.7 1825  0.5 9999  9.9
28  Th       1124 0035  1.7 0648  0.5 1256  1.7 1904  0.4
29  Fr       1124 0116  1.8 0730  0.5 1336  1.7 1942  0.4
30  Sa       1124 0157  1.8 0811  0.5 1415  1.7 2021  0.4
 1  Su       1224 0239  1.8 0852  0.4 1455  1.7 2102  0.4
 2  Mo       1224 0321  1.8 0935  0.4 1536  1.7 2144  0.4
 3  Tu       1224 0405  1.8 1018  0.4 1619  1.7 2229  0.4
 4  We       1224 0450  1.8 1103  0.5 1706  1.7 2317  0.4
 5  Th       1224 0537  1.8 1151  0.5 1755  1.7 9999  9.9
 6  Fr       1224 0007  0.4 0627  1.8 1242  0.5 1848  1.7
 7  Sa       1224 0100  0.4 0719  1.8 1336  0.5 1944  1.7
 8  Su       1224 0155  0.4 0814  1.8 1431  0.4 2040  1.7
 9  Mo       1224 0251  0.4 0910  1.8 1527  0.4 2136  1.8
10  Tu       1224 0349  0.3 1007  1.8 1622  0.4 2232  1.9
11  We       1224 0447  0.3 1103  1.9 1716  0.3 2328  1.9
12  Th       1224 0545  0.3 1159  1.9 1809  0.2 9999  9.9
13  Fr       1224 0024  2.0 0642  0.2 1252  1.9 1902  0.2
14  Sa       1224 0120  2.1 0738  0.2 1345  2.0 1955  0.1
15  Su       1224 0215  2.1 0832  0.2 1438  2.0 2048  0.1
16  Mo       1224 0310  2.1 0926  0.2 1530  1.9 2142  0.1
17  Tu       1224 0404  2.1 1018  0.2 1622  1.9 2235  0.2
18  We       1224 0457  2.0 1110  0.3 1715  1.8 2329  0.2
19  Th       1224 0548  2.0 1202  0.4 1809  1.8 9999  9.9
20  Fr       1224 0021  0.3 0639  1.9 1253  0.4 1902  1.7
21  Sa       1224 0113  0.4 0730  1.8 1345  0.5 1955  1.7
22  Su       1224 0204  0.5 0820  1.7 1437  0.5 2047  1.7
23  Mo       1224 0255  0.5 0910  1.7 1527  0.5 2137  1.6
24  Tu       1224 0346  0.5 1001  1.6 1616  0.5 2227  1.6
25  We       1224 0437  0.6 1051  1.6 1703  0.5 2315  1.7
26  Th       1224 0527  0.6 1138  1.6 1748  0.5 9999  9.9
27  Fr       1224 0002  1.7 0616  0.5 1224  1.6 1831  0.5
28  Sa       1224 0047  1.7 0702  0.5 1307  1.7 1914  0.4
29  Su       1224 0132  1.8 0747  0.5 1349  1.7 1956  0.4
30  Mo       1224 0215  1.8 0830  0.4 1430  1.7 2038  0.4
31  Tu       1224 0259  1.9 0912  0.4 1512  1.8 2122  0.3
 1  We        125 0342  1.9 0954  0.4 1556  1.8 2207  0.3
 2  Th        125 0427  1.9 1039  0.4 1642  1.8 2254  0.3
 3  Fr        125 0513  1.9 1125  0.4 1730  1.8 2343  0.3
 4  Sa        125 0601  1.9 1214  0.4 1822  1.8 9999  9.9
 5  Su        125 0035  0.3 0652  1.9 1307  0.4 1917  1.8
 6  Mo        125 0130  0.3 0747  1.9 1402  0.4 2014  1.8
 7  Tu        125 0228  0.3 0845  1.8 1501  0.4 2114  1.8
 8  We        125 0329  0.3 0945  1.8 1600  0.4 2215  1.9
 9  Th        125 0432  0.4 1046  1.8 1659  0.3 2315  1.9
10  Fr        125 0534  0.3 1145  1.8 1756  0.3 9999  9.9
11  Sa        125 0015  1.9 0634  0.3 1241  1.8 1851  0.2
12  Su        125 0112  2.0 0730  0.3 1335  1.9 1944  0.2
13  Mo        125 0207  2.0 0822  0.3 1425  1.9 2036  0.2
14  Tu        125 0258  2.0 0911  0.3 1514  1.9 2126  0.2
15  We        125 0347  2.0 0958  0.3 1602  1.9 2215  0.2
16  Th        125 0434  2.0 1044  0.3 1649  1.8 2302  0.3
17  Fr        125 0518  1.9 1129  0.4 1736  1.8 2348  0.3
18  Sa        125 0602  1.8 1213  0.4 1822  1.7 9999  9.9
19  Su        125 0033  0.4 0646  1.7 1259  0.5 1910  1.7
20  Mo        125 0119  0.5 0731  1.7 1347  0.5 1959  1.6
21  Tu        125 0207  0.6 0820  1.6 1437  0.6 2050  1.6
22  We        125 0259  0.6 0913  1.6 1529  0.6 2143  1.6
23  Th        125 0355  0.6 1008  1.6 1622  0.6 2237  1.6
24  Fr        125 0452  0.6 1103  1.6 1712  0.6 2329  1.6
25  Sa        125 0546  0.6 1153  1.6 1800  0.5 9999  9.9
26  Su        125 0019  1.7 0636  0.5 1239  1.6 1845  0.5
27  Mo        125 0105  1.8 0721  0.5 1322  1.7 1929  0.4
28  Tu        125 0150  1.9 0803  0.4 1404  1.8 2013  0.3
29  We        125 0233  1.9 0845  0.3 1446  1.8 2057  0.2
30  Th        125 0316  2.0 0927  0.3 1530  1.9 2142  0.2
31  Fr        125 0400  2.0 1011  0.3 1616  1.9 2230  0.2
 1  Sa        225 0446  2.0 1057  0.2 1705  1.9 2319  0.2
 2  Su        225 0535  2.0 1146  0.3 1757  1.9 9999  9.9
 3  Mo        225 0012  0.2 0626  1.9 1239  0.3 1853  1.9
 4  Tu        225 0108  0.3 0723  1.9 1337  0.3 1953  1.9
 5  We        225 0209  0.3 0824  1.8 1440  0.4 2057  1.9
 6  Th        225 0315  0.4 0930  1.8 1544  0.4 2203  1.9
 7  Fr        225 0423  0.4 1036  1.7 1647  0.4 2308  1.9
 8  Sa        225 0529  0.4 1137  1.8 1747  0.3 9999  9.9
 9  Su        225 0009  1.9 0628  0.4 1233  1.8 1843  0.3
10  Mo        225 0105  1.9 0721  0.3 1324  1.8 1934  0.2
11  Tu        225 0156  2.0 0809  0.3 1411  1.9 2022  0.2
12  We        225 0242  2.0 0852  0.3 1455  1.9 2107  0.2
13  Th        225 0325  2.0 0933  0.3 1538  1.9 2150  0.3
14  Fr        225 0405  1.9 1013  0.3 1619  1.8 2231  0.3
15  Sa        225 0444  1.9 1052  0.4 1700  1.8 2312  0.4
16  Su        225 0522  1.8 1131  0.5 1742  1.7 2353  0.5
17  Mo        225 0602  1.7 1213  0.5 1826  1.7 9999  9.9
18  Tu        225 0036  0.5 0645  1.6 1258  0.6 1913  1.6
19  We        225 0123  0.6 0733  1.6 1349  0.6 2005  1.6
20  Th        225 0217  0.6 0829  1.5 1445  0.6 2102  1.6
21  Fr        225 0317  0.7 0929  1.5 1542  0.6 2200  1.6
22  Sa        225 0419  0.7 1029  1.5 1637  0.6 2256  1.6
23  Su        225 0516  0.6 1121  1.6 1728  0.5 2348  1.7
24  Mo        225 0606  0.5 1208  1.6 1815  0.4 9999  9.9
25  Tu        225 0035  1.8 0650  0.4 1252  1.7 1900  0.3
26  We        225 0120  1.9 0732  0.3 1334  1.8 1944  0.2
27  Th        225 0203  2.0 0814  0.3 1418  1.9 2030  0.2
28  Fr        225 0247  2.1 0857  0.2 1503  2.0 2116  0.1
 1  Sa        325 0332  2.1 0941  0.2 1550  2.0 2205  0.1
 2  Su        325 0419  2.1 1029  0.2 1641  2.1 2256  0.1
 3  Mo        325 0509  2.0 1120  0.2 1735  2.0 2351  0.2
 4  Tu        325 0603  2.0 1216  0.2 1833  2.0 9999  9.9
 5  We        325 0050  0.2 0702  1.9 1317  0.3 1937  1.9
 6  Th        325 0154  0.3 0808  1.8 1423  0.4 2044  1.9
 7  Fr        325 0304  0.4 0918  1.7 1531  0.4 2153  1.8
 8  Sa        325 0415  0.4 1026  1.7 1636  0.4 2259  1.9
 9  Su        325 0520  0.4 1127  1.7 1736  0.3 2359  1.9
10  Mo        325 0616  0.4 1220  1.8 1830  0.3 9999  9.9
11  Tu        325 0051  1.9 0705  0.4 1308  1.8 1918  0.3
12  We        325 0137  1.9 0748  0.3 1351  1.8 2002  0.3
13  Th        325 0219  1.9 0827  0.3 1431  1.8 2043  0.3
14  Fr        325 0257  1.9 0904  0.3 1510  1.8 2122  0.3
15  Sa        325 0333  1.8 0939  0.4 1548  1.8 2200  0.4
16  Su        325 0408  1.8 1015  0.4 1626  1.8 2238  0.4
17  Mo        325 0444  1.7 1052  0.5 1706  1.7 2317  0.5
18  Tu        325 0522  1.7 1133  0.5 1749  1.7 2359  0.6
19  We        325 0605  1.6 1218  0.6 1836  1.6 9999  9.9
20  Th        325 0047  0.6 0654  1.5 1309  0.6 1928  1.6
21  Fr        325 0142  0.7 0751  1.5 1406  0.6 2025  1.6
22  Sa        325 0243  0.7 0854  1.5 1505  0.6 2124  1.6
23  Su        325 0346  0.7 0954  1.5 1601  0.6 2221  1.6
24  Mo        325 0442  0.6 1047  1.6 1653  0.5 2314  1.7
25  Tu        325 0532  0.5 1134  1.7 1741  0.4 9999  9.9
26  We        325 0002  1.8 0616  0.4 1219  1.8 1828  0.3
27  Th        325 0047  1.9 0659  0.3 1303  1.9 1915  0.2
28  Fr        325 0133  2.0 0742  0.2 1349  2.0 2003  0.1
29  Sa        325 0218  2.1 0827  0.1 1436  2.1 2052  0.1
30  Su        325 0305  2.1 0914  0.1 1527  2.1 2143  0.0
31  Mo        325 0355  2.1 1004  0.1 1620  2.1 2237  0.1
 1  Tu        425 0447  2.0 1058  0.1 1716  2.1 2333  0.2
 2  We        425 0543  1.9 1156  0.2 1817  2.0 9999  9.9
 3  Th        425 0035  0.3 0645  1.8 1300  0.3 1922  1.9
 4  Fr        425 0141  0.3 0753  1.8 1408  0.3 2030  1.9
 5  Sa        425 0251  0.4 0903  1.7 1515  0.4 2138  1.9
 6  Su        425 0400  0.4 1009  1.7 1619  0.4 2242  1.8
 7  Mo        425 0502  0.4 1108  1.7 1717  0.4 2339  1.8
 8  Tu        425 0555  0.4 1159  1.8 1809  0.3 9999  9.9
 9  We        425 0028  1.8 0640  0.4 1244  1.8 1855  0.3
10  Th        425 0111  1.8 0720  0.4 1325  1.8 1937  0.4
11  Fr        425 0150  1.8 0756  0.4 1404  1.8 2016  0.4
12  Sa        425 0226  1.8 0831  0.4 1441  1.8 2053  0.4
13  Su        425 0300  1.8 0906  0.4 1518  1.8 2130  0.4
14  Mo        425 0335  1.7 0942  0.4 1556  1.8 2208  0.5
15  Tu        425 0412  1.7 1019  0.5 1636  1.7 2248  0.5
16  We        425 0451  1.6 1100  0.5 1719  1.7 2331  0.6
17  Th        425 0534  1.6 1146  0.6 1806  1.6 9999  9.9
18  Fr        425 0019  0.6 0624  1.5 1237  0.6 1858  1.6
19  Sa        425 0113  0.6 0720  1.5 1332  0.6 1953  1.6
20  Su        425 0212  0.6 0819  1.5 1429  0.6 2049  1.6
21  Mo        425 0310  0.6 0917  1.5 1524  0.5 2145  1.7
22  Tu        425 0405  0.6 1010  1.6 1617  0.5 2237  1.8
23  We        425 0454  0.5 1059  1.7 1708  0.4 2327  1.8
24  Th        425 0541  0.4 1146  1.8 1758  0.3 9999  9.9
25  Fr        425 0015  1.9 0626  0.3 1234  2.0 1848  0.2
26  Sa        425 0103  2.0 0713  0.2 1323  2.1 1939  0.1
27  Su        425 0152  2.1 0800  0.1 1414  2.1 2031  0.1
28  Mo        425 0242  2.1 0851  0.1 1507  2.2 2124  0.1
29  Tu        425 0333  2.1 0943  0.1 1603  2.1 2220  0.1
30  We        425 0428  2.0 1040  0.1 1701  2.1 2318  0.2
 1  Th        525 0526  1.9 1140  0.2 1802  2.0 9999  9.9
 2  Fr        525 0020  0.3 0629  1.8 1243  0.3 1906  2.0
 3  Sa        525 0124  0.3 0734  1.8 1348  0.3 2010  1.9
 4  Su        525 0230  0.4 0841  1.7 1452  0.4 2114  1.8
 5  Mo        525 0334  0.4 0943  1.7 1553  0.4 2214  1.8
 6  Tu        525 0432  0.4 1039  1.7 1648  0.4 2308  1.8
 7  We        525 0522  0.4 1129  1.7 1739  0.4 2355  1.8
 8  Th        525 0607  0.4 1213  1.8 1825  0.4 9999  9.9
 9  Fr        525 0038  1.8 0646  0.4 1255  1.8 1907  0.4
10  Sa        525 0117  1.8 0723  0.4 1334  1.8 1947  0.4
11  Su        525 0154  1.7 0800  0.4 1412  1.8 2025  0.5
12  Mo        525 0230  1.7 0836  0.4 1451  1.8 2104  0.5
13  Tu        525 0307  1.7 0914  0.4 1531  1.8 2144  0.5
14  We        525 0345  1.7 0953  0.5 1613  1.7 2225  0.5
15  Th        525 0426  1.6 1035  0.5 1656  1.7 2309  0.5
16  Fr        525 0510  1.6 1121  0.5 1742  1.7 2356  0.6
17  Sa        525 0559  1.6 1210  0.5 1831  1.7 9999  9.9
18  Su        525 0046  0.6 0651  1.6 1301  0.5 1922  1.7
19  Mo        525 0139  0.6 0745  1.6 1355  0.5 2014  1.7
20  Tu        525 0233  0.6 0840  1.6 1448  0.5 2108  1.7
21  We        525 0326  0.5 0933  1.7 1543  0.4 2202  1.8
22  Th        525 0418  0.4 1025  1.8 1637  0.4 2255  1.8
23  Fr        525 0508  0.4 1117  1.9 1731  0.3 2347  1.9
24  Sa        525 0558  0.3 1209  2.0 1825  0.2 9999  9.9
25  Su        525 0038  2.0 0648  0.2 1302  2.1 1920  0.2
26  Mo        525 0130  2.0 0739  0.1 1357  2.1 2015  0.1
27  Tu        525 0223  2.0 0832  0.1 1453  2.1 2110  0.1
28  We        525 0316  2.0 0927  0.1 1550  2.1 2206  0.2
29  Th        525 0412  2.0 1025  0.1 1647  2.1 2303  0.2
30  Fr        525 0509  1.9 1123  0.2 1745  2.0 9999  9.9
31  Sa        525 0001  0.3 0609  1.9 1223  0.2 1844  2.0
 1  Su        625 0100  0.3 0709  1.8 1322  0.3 1942  1.9
 2  Mo        625 0200  0.4 0809  1.7 1420  0.4 2039  1.8
 3  Tu        625 0258  0.5 0907  1.7 1517  0.4 2135  1.8
 4  We        625 0352  0.5 1001  1.7 1611  0.5 2228  1.7
 5  Th        625 0442  0.5 1051  1.7 1702  0.5 2316  1.7
 6  Fr        625 0528  0.5 1138  1.7 1750  0.5 9999  9.9
 7  Sa        625 0001  1.7 0610  0.5 1222  1.7 1835  0.5
 8  Su        625 0043  1.7 0650  0.5 1304  1.7 1918  0.5
 9  Mo        625 0123  1.7 0730  0.4 1346  1.7 2000  0.5
10  Tu        625 0203  1.7 0809  0.4 1428  1.8 2041  0.5
11  We        625 0242  1.7 0849  0.4 1509  1.8 2122  0.5
12  Th        625 0322  1.7 0930  0.4 1551  1.8 2203  0.5
13  Fr        625 0404  1.7 1013  0.4 1634  1.8 2246  0.5
14  Sa        625 0447  1.7 1057  0.4 1717  1.8 2330  0.5
15  Su        625 0533  1.7 1144  0.4 1803  1.8 9999  9.9
16  Mo        625 0016  0.5 0621  1.7 1232  0.4 1851  1.8
17  Tu        625 0105  0.5 0713  1.7 1323  0.4 1941  1.8
18  We        625 0157  0.5 0806  1.7 1417  0.4 2035  1.8
19  Th        625 0251  0.5 0901  1.7 1513  0.4 2131  1.8
20  Fr        625 0346  0.4 0957  1.8 1611  0.4 2228  1.8
21  Sa        625 0441  0.4 1054  1.9 1711  0.3 2325  1.8
22  Su        625 0536  0.3 1151  1.9 1810  0.3 9999  9.9
23  Mo        625 0020  1.9 0630  0.2 1249  2.0 1907  0.2
24  Tu        625 0115  1.9 0725  0.2 1346  2.1 2003  0.2
25  We        625 0209  2.0 0819  0.1 1442  2.1 2058  0.2
26  Th        625 0302  2.0 0914  0.1 1537  2.1 2151  0.2
27  Fr        625 0356  2.0 1009  0.1 1631  2.1 2244  0.2
28  Sa        625 0449  1.9 1103  0.2 1723  2.0 2336  0.3
29  Su        625 0543  1.9 1157  0.2 1815  1.9 9999  9.9
30  Mo        625 0028  0.3 0637  1.8 1250  0.3 1906  1.9
