056Halfmoon Bay - Oban
Based on data from 15-Jan-2009
Local Std Time, tidal heights in metres.
 1  Sa        723 0529  0.8 1149  2.5 1757  0.8 9999  9.9
 2  Su        723 0010  2.5 0617  0.7 1240  2.6 1843  0.7
 3  Mo        723 0100  2.6 0703  0.6 1331  2.7 1929  0.6
 4  Tu        723 0151  2.6 0750  0.5 1420  2.7 2017  0.6
 5  We        723 0240  2.7 0839  0.5 1509  2.7 2107  0.6
 6  Th        723 0329  2.7 0931  0.5 1558  2.7 2200  0.6
 7  Fr        723 0419  2.6 1026  0.6 1649  2.6 2255  0.7
 8  Sa        723 0513  2.5 1122  0.7 1746  2.5 2352  0.8
 9  Su        723 0613  2.5 1220  0.7 1849  2.4 9999  9.9
10  Mo        723 0050  0.8 0721  2.4 1320  0.8 1957  2.4
11  Tu        723 0150  0.9 0830  2.4 1423  0.9 2102  2.3
12  We        723 0254  0.9 0933  2.4 1530  0.9 2201  2.3
13  Th        723 0359  0.9 1030  2.4 1634  0.9 2254  2.3
14  Fr        723 0458  0.9 1123  2.4 1729  0.9 2344  2.4
15  Sa        723 0549  0.8 1213  2.5 1817  0.8 9999  9.9
16  Su        723 0032  2.4 0634  0.8 1259  2.5 1900  0.8
17  Mo        723 0116  2.4 0715  0.7 1343  2.5 1940  0.8
18  Tu        723 0158  2.4 0756  0.7 1423  2.5 2020  0.8
19  We        723 0236  2.4 0836  0.8 1500  2.4 2100  0.9
20  Th        723 0313  2.4 0916  0.8 1536  2.4 2139  1.0
21  Fr        723 0348  2.3 0957  0.9 1611  2.3 2220  1.0
22  Sa        723 0424  2.2 1038  1.0 1647  2.2 2300  1.1
23  Su        723 0501  2.2 1120  1.1 1726  2.1 2340  1.1
24  Mo        723 0545  2.1 1203  1.1 1812  2.1 9999  9.9
25  Tu        723 0023  1.1 0640  2.1 1248  1.2 1909  2.1
26  We        723 0110  1.1 0743  2.1 1340  1.2 2011  2.1
27  Th        723 0204  1.1 0845  2.2 1439  1.1 2109  2.1
28  Fr        723 0305  1.0 0941  2.2 1541  1.1 2202  2.2
29  Sa        723 0407  0.9 1034  2.4 1641  0.9 2255  2.4
30  Su        723 0503  0.8 1127  2.5 1734  0.8 2347  2.5
31  Mo        723 0555  0.7 1219  2.6 1823  0.7 9999  9.9
 1  Tu        823 0040  2.6 0644  0.5 1311  2.7 1910  0.6
 2  We        823 0132  2.7 0732  0.5 1401  2.7 1959  0.5
 3  Th        823 0222  2.7 0821  0.4 1451  2.8 2048  0.5
 4  Fr        823 0312  2.7 0913  0.5 1540  2.7 2141  0.6
 5  Sa        823 0402  2.7 1007  0.5 1630  2.7 2235  0.6
 6  Su        823 0455  2.6 1103  0.6 1724  2.5 2331  0.7
 7  Mo        823 0553  2.5 1201  0.7 1825  2.4 9999  9.9
 8  Tu        823 0028  0.8 0658  2.4 1259  0.9 1932  2.3
 9  We        823 0127  0.9 0808  2.3 1401  0.9 2039  2.3
10  Th        823 0229  0.9 0913  2.3 1507  1.0 2139  2.3
11  Fr        823 0334  1.0 1010  2.3 1613  1.0 2233  2.3
12  Sa        823 0435  0.9 1103  2.3 1709  1.0 2322  2.3
13  Su        823 0528  0.9 1151  2.4 1757  0.9 9999  9.9
14  Mo        823 0007  2.3 0612  0.9 1235  2.4 1837  0.9
15  Tu        823 0049  2.3 0652  0.8 1315  2.4 1915  0.9
16  We        823 0129  2.3 0729  0.8 1353  2.4 1951  0.9
17  Th        823 0206  2.3 0806  0.8 1429  2.4 2027  0.9
18  Fr        823 0241  2.4 0843  0.9 1503  2.4 2103  0.9
19  Sa        823 0317  2.3 0921  0.9 1538  2.3 2141  1.0
20  Su        823 0353  2.3 1001  0.9 1613  2.3 2221  1.0
21  Mo        823 0431  2.3 1044  1.0 1651  2.2 2304  1.0
22  Tu        823 0514  2.2 1129  1.0 1735  2.2 2349  1.0
23  We        823 0606  2.2 1216  1.1 1830  2.1 9999  9.9
24  Th        823 0038  1.0 0709  2.2 1309  1.1 1934  2.1
25  Fr        823 0133  1.0 0815  2.2 1407  1.1 2038  2.2
26  Sa        823 0233  1.0 0916  2.3 1511  1.0 2137  2.3
27  Su        823 0338  0.9 1012  2.4 1614  0.9 2233  2.4
28  Mo        823 0439  0.8 1106  2.5 1711  0.8 2327  2.5
29  Tu        823 0535  0.7 1159  2.6 1803  0.7 9999  9.9
30  We        823 0021  2.6 0626  0.5 1252  2.7 1852  0.6
31  Th        823 0114  2.7 0715  0.5 1343  2.7 1941  0.5
 1  Fr        923 0205  2.7 0804  0.4 1433  2.8 2030  0.5
 2  Sa        923 0256  2.7 0855  0.5 1522  2.7 2121  0.5
 3  Su        923 0345  2.7 0948  0.5 1611  2.7 2215  0.6
 4  Mo        923 0437  2.6 1044  0.6 1703  2.5 2310  0.7
 5  Tu        923 0532  2.5 1140  0.8 1759  2.4 9999  9.9
 6  We        923 0006  0.8 0634  2.4 1238  0.9 1904  2.3
 7  Th        923 0103  0.9 0742  2.3 1337  1.0 2011  2.2
 8  Fr        923 0203  1.0 0849  2.3 1441  1.1 2114  2.2
 9  Sa        923 0306  1.0 0948  2.2 1547  1.1 2208  2.2
10  Su        923 0409  1.0 1039  2.2 1645  1.1 2256  2.2
11  Mo        923 0503  1.0 1125  2.3 1733  1.1 2339  2.2
12  Tu        923 0547  1.0 1206  2.3 1812  1.0 9999  9.9
13  We        923 0019  2.2 0626  0.9 1244  2.3 1847  1.0
14  Th        923 0056  2.3 0701  0.9 1320  2.3 1920  0.9
15  Fr        923 0133  2.3 0736  0.9 1355  2.4 1954  0.9
16  Sa        923 0210  2.4 0811  0.9 1430  2.4 2029  0.9
17  Su        923 0247  2.4 0848  0.9 1507  2.4 2107  0.9
18  Mo        923 0326  2.4 0929  0.9 1544  2.4 2148  0.9
19  Tu        923 0406  2.4 1013  0.9 1624  2.3 2233  0.9
20  We        923 0449  2.3 1100  1.0 1708  2.3 2321  0.9
21  Th        923 0540  2.3 1150  1.0 1801  2.2 9999  9.9
22  Fr        923 0012  0.9 0640  2.3 1243  1.0 1904  2.2
23  Sa        923 0107  0.9 0747  2.3 1341  1.0 2011  2.2
24  Su        923 0207  0.9 0851  2.3 1444  1.0 2114  2.3
25  Mo        923 0312  0.9 0950  2.4 1549  0.9 2212  2.4
26  Tu        923 0417  0.8 1046  2.5 1650  0.8 2308  2.5
27  We        923 0515  0.7 1140  2.6 1744  0.7 9999  9.9
28  Th        923 0003  2.6 0608  0.6 1233  2.7 1835  0.6
29  Fr        923 0056  2.7 0658  0.5 1325  2.7 1923  0.5
30  Sa        923 0149  2.7 0747  0.5 1415  2.7 2012  0.5
 1  Su       1023 0239  2.7 0837  0.5 1503  2.7 2102  0.5
 2  Mo       1023 0328  2.7 0929  0.6 1552  2.6 2154  0.6
 3  Tu       1023 0418  2.6 1023  0.7 1641  2.5 2248  0.7
 4  We       1023 0510  2.5 1118  0.8 1733  2.4 2342  0.8
 5  Th       1023 0607  2.4 1214  0.9 1832  2.3 9999  9.9
 6  Fr       1023 0037  0.9 0712  2.3 1311  1.0 1939  2.2
 7  Sa       1023 0134  1.0 0820  2.2 1411  1.1 2043  2.1
 8  Su       1023 0234  1.1 0920  2.2 1513  1.2 2139  2.1
 9  Mo       1023 0336  1.1 1011  2.1 1614  1.2 2226  2.1
10  Tu       1023 0432  1.1 1054  2.2 1703  1.2 2306  2.1
11  We       1023 0518  1.1 1132  2.2 1741  1.1 2344  2.2
12  Th       1023 0556  1.0 1207  2.2 1815  1.0 9999  9.9
13  Fr       1023 0021  2.2 0631  0.9 1243  2.3 1848  0.9
14  Sa       1023 0100  2.3 0705  0.9 1320  2.3 1922  0.9
15  Su       1023 0139  2.4 0741  0.8 1359  2.4 1958  0.8
16  Mo       1023 0220  2.4 0819  0.8 1438  2.4 2037  0.8
17  Tu       1023 0301  2.5 0900  0.8 1518  2.4 2120  0.8
18  We       1023 0343  2.5 0946  0.8 1600  2.4 2206  0.8
19  Th       1023 0428  2.5 1035  0.9 1646  2.4 2257  0.8
20  Fr       1023 0518  2.4 1126  0.9 1738  2.3 2350  0.8
21  Sa       1023 0615  2.4 1221  0.9 1839  2.3 9999  9.9
22  Su       1023 0045  0.9 0721  2.3 1318  1.0 1947  2.3
23  Mo       1023 0145  0.9 0828  2.3 1420  0.9 2053  2.3
24  Tu       1023 0249  0.8 0930  2.4 1525  0.9 2154  2.4
25  We       1023 0355  0.8 1026  2.5 1629  0.8 2250  2.5
26  Th       1023 0457  0.7 1121  2.5 1726  0.7 2345  2.6
27  Fr       1023 0552  0.6 1214  2.6 1817  0.6 9999  9.9
28  Sa       1023 0039  2.7 0642  0.6 1306  2.7 1905  0.5
29  Su       1023 0132  2.7 0731  0.5 1356  2.7 1953  0.5
30  Mo       1023 0222  2.7 0819  0.5 1444  2.7 2042  0.5
31  Tu       1023 0310  2.7 0909  0.6 1531  2.6 2132  0.6
 1  We       1123 0358  2.6 1001  0.7 1618  2.5 2224  0.7
 2  Th       1123 0446  2.5 1054  0.8 1706  2.4 2316  0.8
 3  Fr       1123 0538  2.4 1148  0.9 1758  2.2 9999  9.9
 4  Sa       1123 0009  0.9 0637  2.2 1241  1.1 1859  2.1
 5  Su       1123 0102  1.0 0741  2.1 1335  1.2 2003  2.0
 6  Mo       1123 0156  1.1 0843  2.1 1432  1.2 2101  2.0
 7  Tu       1123 0254  1.2 0934  2.1 1530  1.3 2148  2.0
 8  We       1123 0351  1.2 1015  2.1 1621  1.2 2229  2.1
 9  Th       1123 0441  1.2 1052  2.1 1703  1.2 2306  2.1
10  Fr       1123 0522  1.1 1128  2.2 1740  1.1 2345  2.2
11  Sa       1123 0559  1.0 1205  2.2 1815  0.9 9999  9.9
12  Su       1123 0026  2.3 0635  0.9 1246  2.3 1851  0.8
13  Mo       1123 0110  2.4 0712  0.8 1328  2.4 1929  0.7
14  Tu       1123 0153  2.5 0752  0.8 1411  2.5 2011  0.7
15  We       1123 0238  2.6 0835  0.7 1455  2.5 2055  0.7
16  Th       1123 0322  2.6 0922  0.7 1539  2.5 2143  0.7
17  Fr       1123 0408  2.6 1012  0.8 1626  2.5 2235  0.7
18  Sa       1123 0458  2.5 1105  0.8 1718  2.4 2329  0.7
19  Su       1123 0553  2.4 1200  0.9 1817  2.4 9999  9.9
20  Mo       1123 0026  0.8 0657  2.4 1257  0.9 1925  2.3
21  Tu       1123 0125  0.8 0805  2.4 1358  0.9 2033  2.3
22  We       1123 0228  0.8 0909  2.4 1502  0.9 2136  2.4
23  Th       1123 0335  0.8 1007  2.4 1607  0.8 2234  2.5
24  Fr       1123 0438  0.8 1102  2.5 1707  0.7 2329  2.5
25  Sa       1123 0535  0.7 1156  2.5 1759  0.6 9999  9.9
26  Su       1123 0023  2.6 0626  0.6 1247  2.6 1848  0.6
27  Mo       1123 0114  2.7 0714  0.6 1337  2.6 1934  0.6
28  Tu       1123 0204  2.7 0801  0.6 1424  2.6 2021  0.6
29  We       1123 0251  2.7 0849  0.7 1510  2.6 2109  0.6
30  Th       1123 0336  2.6 0937  0.7 1554  2.5 2158  0.7
 1  Fr       1223 0421  2.5 1027  0.9 1637  2.4 2248  0.8
 2  Sa       1223 0507  2.4 1118  1.0 1723  2.2 2338  0.9
 3  Su       1223 0556  2.2 1207  1.1 1813  2.1 9999  9.9
 4  Mo       1223 0027  1.1 0652  2.1 1256  1.2 1911  2.0
 5  Tu       1223 0116  1.2 0751  2.0 1344  1.3 2011  2.0
 6  We       1223 0206  1.2 0845  2.0 1434  1.3 2103  2.0
 7  Th       1223 0259  1.2 0929  2.0 1526  1.3 2147  2.0
 8  Fr       1223 0353  1.2 1009  2.1 1615  1.2 2229  2.1
 9  Sa       1223 0441  1.1 1048  2.1 1700  1.1 2311  2.2
10  Su       1223 0524  1.0 1130  2.2 1741  0.9 2355  2.3
11  Mo       1223 0605  0.9 1214  2.3 1822  0.8 9999  9.9
12  Tu       1223 0042  2.5 0646  0.8 1300  2.4 1904  0.7
13  We       1223 0129  2.5 0728  0.7 1347  2.5 1947  0.6
14  Th       1223 0216  2.6 0813  0.7 1434  2.6 2033  0.6
15  Fr       1223 0302  2.7 0900  0.7 1520  2.6 2123  0.6
16  Sa       1223 0349  2.6 0951  0.7 1608  2.6 2215  0.6
17  Su       1223 0439  2.6 1044  0.7 1700  2.5 2310  0.7
18  Mo       1223 0533  2.5 1140  0.8 1758  2.4 9999  9.9
19  Tu       1223 0007  0.7 0635  2.4 1237  0.8 1904  2.4
20  We       1223 0106  0.8 0742  2.4 1337  0.9 2013  2.4
21  Th       1223 0208  0.8 0848  2.4 1440  0.9 2118  2.4
22  Fr       1223 0314  0.9 0948  2.4 1546  0.8 2217  2.4
23  Sa       1223 0420  0.8 1044  2.4 1647  0.8 2312  2.5
24  Su       1223 0518  0.8 1137  2.5 1741  0.7 9999  9.9
25  Mo       1223 0005  2.5 0610  0.7 1228  2.5 1830  0.6
26  Tu       1223 0056  2.6 0657  0.7 1317  2.5 1915  0.6
27  We       1223 0144  2.6 0742  0.7 1403  2.5 2000  0.6
28  Th       1223 0230  2.6 0826  0.7 1447  2.5 2045  0.7
29  Fr       1223 0313  2.5 0912  0.8 1528  2.4 2131  0.8
30  Sa       1223 0354  2.5 0958  0.9 1608  2.3 2217  0.9
31  Su       1223 0434  2.3 1044  1.0 1648  2.2 2304  1.0
 1  Mo        124 0515  2.2 1129  1.1 1730  2.1 2349  1.1
 2  Tu        124 0559  2.1 1213  1.2 1817  2.1 9999  9.9
 3  We        124 0033  1.2 0649  2.0 1255  1.2 1912  2.0
 4  Th        124 0118  1.2 0744  2.0 1339  1.2 2011  2.0
 5  Fr        124 0206  1.2 0837  2.0 1429  1.2 2104  2.0
 6  Sa        124 0300  1.2 0925  2.0 1523  1.2 2152  2.1
 7  Su        124 0357  1.2 1011  2.1 1618  1.1 2239  2.2
 8  Mo        124 0449  1.0 1058  2.2 1708  0.9 2327  2.4
 9  Tu        124 0536  0.9 1146  2.4 1755  0.8 9999  9.9
10  We        124 0016  2.5 0622  0.8 1235  2.5 1841  0.6
11  Th        124 0106  2.6 0706  0.7 1325  2.6 1926  0.6
12  Fr        124 0155  2.7 0752  0.6 1414  2.6 2014  0.5
13  Sa        124 0243  2.7 0840  0.6 1503  2.7 2103  0.5
14  Su        124 0331  2.7 0931  0.6 1552  2.7 2156  0.6
15  Mo        124 0420  2.6 1025  0.7 1643  2.6 2251  0.6
16  Tu        124 0513  2.6 1120  0.7 1739  2.5 2348  0.7
17  We        124 0612  2.5 1217  0.8 1843  2.4 9999  9.9
18  Th        124 0047  0.8 0718  2.4 1316  0.8 1953  2.4
19  Fr        124 0148  0.9 0826  2.3 1418  0.9 2059  2.4
20  Sa        124 0253  0.9 0928  2.3 1523  0.9 2159  2.4
21  Su        124 0400  0.9 1025  2.4 1626  0.8 2255  2.4
22  Mo        124 0500  0.9 1118  2.4 1722  0.8 2347  2.5
23  Tu        124 0552  0.8 1208  2.4 1811  0.7 9999  9.9
24  We        124 0037  2.5 0638  0.8 1255  2.4 1856  0.7
25  Th        124 0123  2.5 0721  0.8 1340  2.4 1938  0.7
26  Fr        124 0206  2.5 0803  0.8 1422  2.4 2020  0.7
27  Sa        124 0247  2.5 0844  0.8 1501  2.4 2102  0.8
28  Su        124 0325  2.4 0926  0.9 1538  2.3 2144  0.9
29  Mo        124 0401  2.3 1008  1.0 1614  2.3 2227  1.0
30  Tu        124 0437  2.2 1049  1.0 1652  2.2 2310  1.1
31  We        124 0514  2.1 1130  1.1 1732  2.1 2352  1.1
 1  Th        224 0556  2.1 1210  1.2 1821  2.1 9999  9.9
 2  Fr        224 0034  1.2 0646  2.0 1253  1.2 1921  2.1
 3  Sa        224 0121  1.2 0746  2.0 1342  1.2 2022  2.1
 4  Su        224 0215  1.2 0844  2.1 1438  1.1 2119  2.2
 5  Mo        224 0315  1.1 0938  2.2 1539  1.0 2211  2.3
 6  Tu        224 0415  1.0 1029  2.3 1637  0.9 2301  2.4
 7  We        224 0509  0.9 1120  2.4 1730  0.8 2352  2.5
 8  Th        224 0558  0.8 1212  2.5 1819  0.6 9999  9.9
 9  Fr        224 0044  2.6 0646  0.7 1304  2.6 1907  0.5
10  Sa        224 0135  2.7 0733  0.6 1355  2.7 1955  0.5
11  Su        224 0224  2.7 0821  0.5 1445  2.7 2045  0.5
12  Mo        224 0313  2.7 0912  0.5 1535  2.7 2138  0.5
13  Tu        224 0402  2.7 1005  0.6 1626  2.6 2233  0.6
14  We        224 0454  2.6 1100  0.7 1721  2.6 2329  0.7
15  Th        224 0550  2.5 1157  0.7 1822  2.5 9999  9.9
16  Fr        224 0028  0.8 0654  2.4 1255  0.8 1931  2.4
17  Sa        224 0128  0.9 0802  2.3 1355  0.9 2039  2.4
18  Su        224 0231  1.0 0907  2.3 1459  0.9 2141  2.4
19  Mo        224 0338  1.0 1004  2.3 1604  0.9 2236  2.4
20  Tu        224 0441  1.0 1057  2.3 1702  0.9 2327  2.4
21  We        224 0534  0.9 1146  2.3 1751  0.8 9999  9.9
22  Th        224 0015  2.4 0619  0.9 1232  2.3 1834  0.8
23  Fr        224 0059  2.4 0659  0.9 1314  2.4 1915  0.8
24  Sa        224 0140  2.4 0737  0.9 1354  2.4 1953  0.8
25  Su        224 0218  2.4 0815  0.9 1431  2.4 2032  0.8
26  Mo        224 0253  2.4 0852  0.9 1507  2.4 2111  0.9
27  Tu        224 0327  2.3 0930  0.9 1543  2.3 2150  0.9
28  We        224 0401  2.3 1009  1.0 1619  2.3 2231  1.0
29  Th        224 0437  2.2 1050  1.0 1658  2.2 2314  1.1
 1  Fr        324 0516  2.2 1132  1.1 1744  2.2 2358  1.1
 2  Sa        324 0604  2.1 1217  1.1 1840  2.1 9999  9.9
 3  Su        324 0046  1.1 0703  2.1 1307  1.1 1945  2.1
 4  Mo        324 0139  1.1 0807  2.1 1403  1.0 2047  2.2
 5  Tu        324 0239  1.1 0908  2.2 1506  1.0 2144  2.3
 6  We        324 0343  1.0 1004  2.3 1609  0.9 2238  2.4
 7  Th        324 0443  0.9 1058  2.4 1707  0.7 2330  2.5
 8  Fr        324 0536  0.8 1152  2.5 1759  0.6 9999  9.9
 9  Sa        324 0023  2.6 0626  0.6 1245  2.6 1849  0.5
10  Su        324 0115  2.7 0714  0.5 1338  2.7 1938  0.5
11  Mo        324 0206  2.7 0803  0.5 1429  2.8 2027  0.5
12  Tu        324 0255  2.7 0853  0.5 1519  2.7 2119  0.5
13  We        324 0344  2.7 0945  0.5 1609  2.7 2214  0.6
14  Th        324 0434  2.6 1040  0.6 1702  2.6 2310  0.7
15  Fr        324 0528  2.5 1136  0.7 1800  2.5 9999  9.9
16  Sa        324 0007  0.8 0628  2.4 1233  0.8 1906  2.4
17  Su        324 0106  0.9 0736  2.3 1331  0.9 2015  2.3
18  Mo        324 0208  1.0 0842  2.2 1433  1.0 2119  2.3
19  Tu        324 0313  1.1 0942  2.2 1538  1.0 2215  2.3
20  We        324 0417  1.1 1034  2.2 1638  1.0 2305  2.3
21  Th        324 0511  1.0 1122  2.2 1729  0.9 2350  2.3
22  Fr        324 0556  1.0 1205  2.2 1811  0.9 9999  9.9
23  Sa        324 0031  2.3 0634  0.9 1245  2.3 1849  0.9
24  Su        324 0109  2.3 0709  0.9 1323  2.3 1925  0.9
25  Mo        324 0145  2.3 0744  0.9 1400  2.4 2001  0.9
26  Tu        324 0220  2.4 0818  0.9 1437  2.4 2037  0.9
27  We        324 0254  2.4 0854  0.9 1513  2.4 2116  0.9
28  Th        324 0330  2.3 0933  0.9 1551  2.4 2156  0.9
29  Fr        324 0406  2.3 1015  0.9 1631  2.3 2240  1.0
30  Sa        324 0447  2.3 1059  0.9 1716  2.3 2327  1.0
31  Su        324 0533  2.2 1148  1.0 1809  2.2 9999  9.9
 1  Mo        424 0017  1.1 0630  2.2 1239  1.0 1913  2.2
 2  Tu        424 0111  1.1 0736  2.2 1336  1.0 2019  2.2
 3  We        424 0210  1.0 0842  2.2 1438  0.9 2120  2.3
 4  Th        424 0314  1.0 0942  2.3 1543  0.9 2216  2.4
 5  Fr        424 0418  0.9 1038  2.4 1645  0.8 2310  2.5
 6  Sa        424 0515  0.8 1133  2.5 1740  0.6 9999  9.9
 7  Su        424 0003  2.6 0607  0.6 1227  2.6 1831  0.5
 8  Mo        424 0056  2.7 0656  0.5 1320  2.7 1921  0.5
 9  Tu        424 0147  2.7 0745  0.5 1412  2.8 2010  0.5
10  We        424 0237  2.7 0834  0.5 1502  2.8 2101  0.5
11  Th        424 0325  2.7 0925  0.5 1552  2.7 2154  0.6
12  Fr        424 0414  2.6 1019  0.6 1643  2.6 2249  0.7
13  Sa        424 0505  2.5 1114  0.7 1737  2.5 2346  0.8
14  Su        424 0601  2.4 1209  0.8 1839  2.4 9999  9.9
15  Mo        424 0042  0.9 0706  2.2 1306  0.9 1947  2.3
16  Tu        424 0141  1.0 0813  2.2 1405  1.0 2053  2.2
17  We        424 0243  1.1 0915  2.1 1508  1.1 2149  2.2
18  Th        424 0347  1.1 1008  2.1 1610  1.1 2238  2.2
19  Fr        424 0443  1.1 1053  2.1 1702  1.1 2320  2.2
20  Sa        424 0528  1.1 1134  2.2 1745  1.0 2358  2.2
21  Su        424 0605  1.0 1212  2.2 1822  1.0 9999  9.9
22  Mo        424 0034  2.2 0639  1.0 1250  2.3 1856  0.9
23  Tu        424 0109  2.3 0712  0.9 1328  2.3 1930  0.9
24  We        424 0146  2.3 0746  0.8 1406  2.4 2006  0.9
25  Th        424 0223  2.4 0822  0.8 1445  2.4 2044  0.9
26  Fr        424 0301  2.4 0902  0.8 1525  2.4 2126  0.9
27  Sa        424 0340  2.4 0945  0.8 1607  2.4 2212  0.9
28  Su        424 0422  2.4 1032  0.8 1652  2.4 2301  0.9
29  Mo        424 0509  2.3 1123  0.9 1744  2.3 2352  1.0
30  Tu        424 0604  2.3 1216  0.9 1845  2.3 9999  9.9
 1  We        524 0047  1.0 0710  2.3 1313  0.9 1952  2.3
 2  Th        524 0145  1.0 0818  2.3 1414  0.9 2056  2.3
 3  Fr        524 0249  0.9 0921  2.3 1520  0.9 2155  2.4
 4  Sa        524 0354  0.9 1020  2.4 1624  0.8 2250  2.5
 5  Su        524 0454  0.8 1115  2.5 1722  0.7 2344  2.6
 6  Mo        524 0548  0.6 1210  2.6 1815  0.6 9999  9.9
 7  Tu        524 0037  2.6 0638  0.6 1303  2.7 1904  0.5
 8  We        524 0128  2.7 0727  0.5 1355  2.7 1953  0.5
 9  Th        524 0218  2.7 0815  0.5 1445  2.7 2043  0.6
10  Fr        524 0306  2.7 0905  0.5 1533  2.7 2134  0.6
11  Sa        524 0354  2.6 0957  0.6 1622  2.6 2227  0.7
12  Su        524 0442  2.5 1050  0.7 1713  2.5 2322  0.9
13  Mo        524 0533  2.3 1144  0.8 1809  2.3 9999  9.9
14  Tu        524 0016  1.0 0632  2.2 1238  0.9 1913  2.2
15  We        524 0111  1.1 0737  2.1 1334  1.1 2018  2.1
16  Th        524 0208  1.2 0841  2.1 1432  1.1 2116  2.1
17  Fr        524 0308  1.2 0935  2.1 1533  1.2 2204  2.1
18  Sa        524 0405  1.2 1020  2.1 1628  1.2 2244  2.1
19  Su        524 0453  1.2 1059  2.1 1713  1.1 2319  2.1
20  Mo        524 0531  1.1 1137  2.2 1750  1.0 2355  2.2
21  Tu        524 0605  1.0 1215  2.3 1825  1.0 9999  9.9
22  We        524 0032  2.3 0639  0.9 1255  2.4 1900  0.9
23  Th        524 0112  2.3 0715  0.8 1337  2.4 1937  0.8
24  Fr        524 0153  2.4 0753  0.7 1419  2.5 2017  0.8
25  Sa        524 0235  2.5 0835  0.7 1501  2.5 2100  0.8
26  Su        524 0317  2.5 0920  0.7 1545  2.5 2147  0.8
27  Mo        524 0402  2.5 1009  0.7 1631  2.5 2237  0.8
28  Tu        524 0449  2.4 1101  0.8 1722  2.4 2330  0.9
29  We        524 0543  2.4 1155  0.8 1821  2.4 9999  9.9
30  Th        524 0025  0.9 0647  2.3 1252  0.8 1927  2.3
31  Fr        524 0123  0.9 0756  2.3 1353  0.9 2033  2.4
 1  Sa        624 0226  0.9 0902  2.4 1458  0.9 2134  2.4
 2  Su        624 0331  0.9 1002  2.4 1604  0.8 2231  2.5
 3  Mo        624 0434  0.8 1058  2.5 1704  0.7 2325  2.5
 4  Tu        624 0530  0.7 1153  2.6 1758  0.7 9999  9.9
 5  We        624 0018  2.6 0621  0.6 1246  2.7 1848  0.6
 6  Th        624 0110  2.6 0709  0.5 1338  2.7 1936  0.6
 7  Fr        624 0159  2.6 0756  0.5 1427  2.7 2024  0.6
 8  Sa        624 0246  2.6 0844  0.6 1514  2.7 2113  0.7
 9  Su        624 0332  2.6 0934  0.6 1600  2.6 2203  0.8
10  Mo        624 0418  2.5 1025  0.7 1647  2.5 2255  0.9
11  Tu        624 0504  2.3 1117  0.9 1736  2.3 2346  1.0
12  We        624 0555  2.2 1208  1.0 1831  2.2 9999  9.9
13  Th        624 0037  1.1 0653  2.1 1259  1.1 1933  2.1
14  Fr        624 0128  1.2 0756  2.0 1352  1.2 2032  2.0
15  Sa        624 0220  1.2 0853  2.0 1447  1.2 2120  2.0
16  Su        624 0314  1.3 0940  2.0 1543  1.2 2201  2.0
17  Mo        624 0405  1.2 1020  2.1 1632  1.2 2238  2.1
18  Tu        624 0449  1.1 1100  2.2 1714  1.1 2316  2.2
19  We        624 0529  1.0 1141  2.3 1753  1.0 2357  2.3
20  Th        624 0607  0.9 1224  2.4 1831  0.9 9999  9.9
21  Fr        624 0040  2.4 0646  0.8 1309  2.5 1910  0.8
22  Sa        624 0126  2.5 0727  0.7 1354  2.6 1952  0.7
23  Su        624 0211  2.5 0811  0.6 1439  2.6 2036  0.7
24  Mo        624 0257  2.6 0857  0.6 1525  2.6 2124  0.7
25  Tu        624 0343  2.6 0947  0.6 1612  2.6 2215  0.7
26  We        624 0431  2.5 1040  0.7 1702  2.5 2309  0.8
27  Th        624 0525  2.5 1136  0.7 1759  2.4 9999  9.9
28  Fr        624 0005  0.8 0626  2.4 1233  0.8 1903  2.4
29  Sa        624 0102  0.9 0735  2.4 1333  0.8 2011  2.4
30  Su        624 0204  0.9 0843  2.4 1437  0.9 2114  2.4
