056Halfmoon Bay / Oban
Based on data from 15-Jan-2009
Local Std Time, tidal heights in metres.
 1  Mo        724 0308  0.9 0945  2.4 1544  0.9 2212  2.4
 2  Tu        724 0413  0.8 1042  2.5 1647  0.8 2307  2.5
 3  We        724 0511  0.7 1136  2.5 1742  0.7 2359  2.5
 4  Th        724 0603  0.6 1229  2.6 1831  0.7 9999  9.9
 5  Fr        724 0050  2.5 0651  0.6 1319  2.6 1918  0.7
 6  Sa        724 0139  2.6 0737  0.6 1407  2.6 2004  0.7
 7  Su        724 0226  2.6 0823  0.6 1453  2.6 2050  0.7
 8  Mo        724 0310  2.5 0910  0.7 1536  2.5 2137  0.8
 9  Tu        724 0352  2.4 0958  0.8 1619  2.4 2225  0.9
10  We        724 0434  2.3 1046  0.9 1701  2.3 2313  1.0
11  Th        724 0518  2.2 1135  1.0 1746  2.2 2359  1.1
12  Fr        724 0606  2.1 1222  1.1 1836  2.1 9999  9.9
13  Sa        724 0044  1.2 0701  2.0 1308  1.2 1932  2.0
14  Su        724 0129  1.2 0800  2.0 1356  1.3 2025  2.0
15  Mo        724 0216  1.2 0853  2.0 1448  1.3 2112  2.0
16  Tu        724 0308  1.2 0939  2.1 1542  1.2 2156  2.1
17  We        724 0401  1.1 1023  2.2 1633  1.1 2239  2.2
18  Th        724 0450  1.0 1108  2.3 1719  1.0 2324  2.3
19  Fr        724 0536  0.9 1155  2.4 1802  0.9 9999  9.9
20  Sa        724 0012  2.4 0620  0.7 1242  2.5 1845  0.8
21  Su        724 0100  2.5 0704  0.6 1330  2.6 1929  0.7
22  Mo        724 0149  2.6 0749  0.6 1418  2.7 2015  0.6
23  Tu        724 0237  2.6 0837  0.5 1505  2.7 2103  0.6
24  We        724 0325  2.6 0928  0.6 1553  2.7 2155  0.6
25  Th        724 0414  2.6 1021  0.6 1643  2.6 2249  0.7
26  Fr        724 0507  2.5 1117  0.7 1738  2.5 2345  0.7
27  Sa        724 0607  2.5 1214  0.8 1840  2.4 9999  9.9
28  Su        724 0042  0.8 0714  2.4 1314  0.8 1948  2.4
29  Mo        724 0142  0.8 0823  2.4 1417  0.9 2053  2.3
30  Tu        724 0246  0.9 0927  2.4 1523  0.9 2153  2.4
31  We        724 0351  0.8 1025  2.4 1628  0.9 2248  2.4
 1  Th        824 0452  0.8 1119  2.5 1725  0.8 2340  2.4
 2  Fr        824 0545  0.7 1211  2.5 1814  0.8 9999  9.9
 3  Sa        824 0031  2.5 0633  0.7 1300  2.5 1900  0.7
 4  Su        824 0118  2.5 0717  0.7 1346  2.6 1943  0.7
 5  Mo        824 0203  2.5 0801  0.7 1429  2.5 2026  0.8
 6  Tu        824 0245  2.5 0845  0.7 1510  2.5 2109  0.8
 7  We        824 0325  2.4 0929  0.8 1549  2.4 2153  0.9
 8  Th        824 0404  2.3 1014  0.9 1626  2.3 2236  1.0
 9  Fr        824 0442  2.2 1058  1.0 1704  2.2 2319  1.1
10  Sa        824 0523  2.2 1142  1.1 1743  2.1 9999  9.9
11  Su        824 0000  1.1 0608  2.1 1224  1.2 1830  2.0
12  Mo        824 0041  1.2 0703  2.0 1308  1.2 1925  2.0
13  Tu        824 0126  1.2 0803  2.0 1356  1.2 2023  2.0
14  We        824 0217  1.2 0859  2.1 1452  1.2 2116  2.1
15  Th        824 0315  1.1 0950  2.2 1551  1.1 2206  2.2
16  Fr        824 0413  1.0 1039  2.3 1646  1.0 2256  2.3
17  Sa        824 0507  0.9 1128  2.4 1735  0.9 2346  2.4
18  Su        824 0556  0.7 1218  2.5 1822  0.7 9999  9.9
19  Mo        824 0038  2.5 0643  0.6 1308  2.6 1908  0.6
20  Tu        824 0129  2.6 0730  0.5 1358  2.7 1955  0.6
21  We        824 0219  2.7 0818  0.5 1446  2.7 2044  0.5
22  Th        824 0308  2.7 0909  0.5 1535  2.7 2135  0.6
23  Fr        824 0358  2.7 1002  0.6 1624  2.6 2229  0.6
24  Sa        824 0450  2.6 1058  0.7 1717  2.5 2325  0.7
25  Su        824 0548  2.5 1156  0.7 1817  2.4 9999  9.9
26  Mo        824 0022  0.8 0653  2.4 1254  0.8 1924  2.3
27  Tu        824 0121  0.8 0802  2.4 1356  0.9 2031  2.3
28  We        824 0223  0.9 0908  2.4 1502  1.0 2133  2.3
29  Th        824 0329  0.9 1007  2.4 1607  0.9 2229  2.3
30  Fr        824 0432  0.9 1101  2.4 1706  0.9 2321  2.3
31  Sa        824 0526  0.8 1151  2.4 1756  0.9 9999  9.9
 1  Su        924 0010  2.4 0614  0.8 1238  2.4 1840  0.8
 2  Mo        924 0056  2.4 0657  0.8 1322  2.5 1920  0.8
 3  Tu        924 0139  2.4 0738  0.8 1403  2.4 2000  0.8
 4  We        924 0219  2.4 0818  0.8 1441  2.4 2039  0.9
 5  Th        924 0257  2.4 0858  0.8 1517  2.4 2118  0.9
 6  Fr        924 0333  2.4 0939  0.9 1551  2.3 2158  1.0
 7  Sa        924 0409  2.3 1020  1.0 1626  2.2 2238  1.0
 8  Su        924 0447  2.2 1102  1.1 1702  2.2 2319  1.1
 9  Mo        924 0528  2.2 1144  1.1 1744  2.1 9999  9.9
10  Tu        924 0001  1.1 0618  2.1 1228  1.2 1836  2.1
11  We        924 0046  1.1 0718  2.1 1316  1.2 1938  2.1
12  Th        924 0138  1.1 0821  2.1 1411  1.2 2040  2.1
13  Fr        924 0236  1.1 0918  2.2 1513  1.1 2137  2.2
14  Sa        924 0339  1.0 1011  2.3 1614  1.0 2231  2.3
15  Su        924 0439  0.9 1103  2.4 1710  0.9 2324  2.4
16  Mo        924 0533  0.7 1155  2.5 1800  0.7 9999  9.9
17  Tu        924 0017  2.6 0623  0.6 1247  2.6 1848  0.6
18  We        924 0110  2.7 0712  0.5 1338  2.7 1936  0.5
19  Th        924 0201  2.7 0800  0.5 1427  2.7 2025  0.5
20  Fr        924 0252  2.8 0851  0.5 1516  2.7 2116  0.5
21  Sa        924 0342  2.7 0944  0.6 1606  2.7 2209  0.6
22  Su        924 0433  2.7 1039  0.6 1657  2.6 2305  0.6
23  Mo        924 0528  2.6 1136  0.7 1754  2.4 9999  9.9
24  Tu        924 0001  0.7 0630  2.4 1234  0.8 1858  2.3
25  We        924 0059  0.8 0739  2.4 1334  0.9 2007  2.3
26  Th        924 0200  0.9 0846  2.3 1438  1.0 2111  2.2
27  Fr        924 0304  0.9 0946  2.3 1544  1.0 2208  2.2
28  Sa        924 0409  0.9 1040  2.3 1644  1.0 2259  2.3
29  Su        924 0506  0.9 1129  2.3 1735  1.0 2347  2.3
30  Mo        924 0553  0.9 1214  2.3 1817  0.9 9999  9.9
 1  Tu       1024 0031  2.3 0635  0.9 1255  2.3 1856  0.9
 2  We       1024 0111  2.3 0713  0.8 1333  2.4 1932  0.9
 3  Th       1024 0150  2.4 0750  0.8 1409  2.4 2007  0.9
 4  Fr       1024 0227  2.4 0827  0.9 1444  2.4 2043  0.9
 5  Sa       1024 0303  2.4 0905  0.9 1518  2.3 2121  0.9
 6  Su       1024 0339  2.4 0944  1.0 1553  2.3 2200  0.9
 7  Mo       1024 0416  2.3 1025  1.0 1629  2.2 2242  1.0
 8  Tu       1024 0457  2.3 1108  1.1 1711  2.2 2327  1.0
 9  We       1024 0544  2.2 1154  1.1 1800  2.1 9999  9.9
10  Th       1024 0015  1.0 0641  2.2 1244  1.1 1902  2.1
11  Fr       1024 0107  1.0 0746  2.2 1339  1.1 2009  2.2
12  Sa       1024 0206  1.0 0849  2.2 1441  1.1 2111  2.2
13  Su       1024 0310  0.9 0946  2.3 1545  1.0 2208  2.3
14  Mo       1024 0413  0.8 1040  2.4 1645  0.8 2303  2.5
15  Tu       1024 0512  0.7 1134  2.5 1739  0.7 2358  2.6
16  We       1024 0604  0.6 1226  2.6 1829  0.6 9999  9.9
17  Th       1024 0052  2.7 0654  0.5 1318  2.7 1918  0.5
18  Fr       1024 0144  2.7 0743  0.5 1409  2.7 2006  0.5
19  Sa       1024 0235  2.8 0833  0.5 1458  2.7 2057  0.5
20  Su       1024 0325  2.8 0925  0.6 1547  2.7 2149  0.5
21  Mo       1024 0415  2.7 1020  0.6 1637  2.6 2244  0.6
22  Tu       1024 0508  2.6 1116  0.7 1731  2.4 2340  0.7
23  We       1024 0607  2.4 1212  0.9 1832  2.3 9999  9.9
24  Th       1024 0036  0.8 0712  2.3 1310  1.0 1939  2.2
25  Fr       1024 0135  0.9 0820  2.3 1411  1.1 2045  2.2
26  Sa       1024 0237  1.0 0922  2.2 1516  1.1 2144  2.2
27  Su       1024 0342  1.0 1016  2.2 1618  1.1 2235  2.2
28  Mo       1024 0441  1.0 1103  2.2 1710  1.1 2320  2.2
29  Tu       1024 0530  1.0 1145  2.2 1752  1.0 9999  9.9
30  We       1024 0002  2.2 0610  1.0 1223  2.2 1828  1.0
31  Th       1024 0040  2.3 0646  0.9 1259  2.3 1902  0.9
 1  Fr       1124 0118  2.3 0721  0.9 1335  2.3 1935  0.9
 2  Sa       1124 0155  2.4 0755  0.9 1410  2.3 2010  0.8
 3  Su       1124 0232  2.4 0832  0.9 1446  2.4 2047  0.8
 4  Mo       1124 0310  2.4 0910  0.9 1524  2.4 2127  0.8
 5  Tu       1124 0349  2.4 0952  0.9 1603  2.3 2211  0.9
 6  We       1124 0431  2.4 1038  1.0 1645  2.3 2258  0.9
 7  Th       1124 0517  2.3 1126  1.0 1734  2.3 2349  0.9
 8  Fr       1124 0612  2.3 1218  1.0 1834  2.2 9999  9.9
 9  Sa       1124 0042  0.9 0716  2.3 1313  1.0 1942  2.2
10  Su       1124 0141  0.9 0822  2.3 1413  1.0 2048  2.3
11  Mo       1124 0244  0.9 0923  2.3 1518  0.9 2148  2.4
12  Tu       1124 0350  0.8 1019  2.4 1621  0.8 2245  2.5
13  We       1124 0451  0.8 1113  2.5 1719  0.7 2340  2.6
14  Th       1124 0547  0.6 1207  2.6 1811  0.6 9999  9.9
15  Fr       1124 0034  2.7 0637  0.6 1259  2.7 1900  0.5
16  Sa       1124 0127  2.7 0726  0.5 1350  2.7 1948  0.5
17  Su       1124 0218  2.8 0816  0.5 1440  2.7 2038  0.5
18  Mo       1124 0308  2.7 0906  0.6 1528  2.7 2129  0.5
19  Tu       1124 0357  2.7 0959  0.7 1617  2.6 2222  0.6
20  We       1124 0447  2.6 1054  0.8 1707  2.4 2317  0.7
21  Th       1124 0541  2.4 1149  0.9 1803  2.3 9999  9.9
22  Fr       1124 0012  0.9 0642  2.3 1244  1.0 1907  2.2
23  Sa       1124 0108  1.0 0749  2.2 1341  1.1 2015  2.1
24  Su       1124 0207  1.1 0852  2.1 1441  1.2 2115  2.1
25  Mo       1124 0309  1.1 0946  2.1 1543  1.2 2206  2.1
26  Tu       1124 0410  1.1 1032  2.1 1637  1.2 2250  2.1
27  We       1124 0501  1.1 1110  2.1 1720  1.1 2329  2.2
28  Th       1124 0541  1.1 1146  2.2 1756  1.0 9999  9.9
29  Fr       1124 0006  2.2 0617  1.0 1222  2.2 1830  0.9
30  Sa       1124 0044  2.3 0650  0.9 1259  2.3 1903  0.9
 1  Su       1224 0123  2.4 0725  0.9 1337  2.4 1939  0.8
 2  Mo       1224 0203  2.4 0801  0.9 1417  2.4 2017  0.8
 3  Tu       1224 0243  2.5 0841  0.8 1458  2.4 2059  0.7
 4  We       1224 0325  2.5 0924  0.8 1540  2.4 2145  0.8
 5  Th       1224 0408  2.5 1011  0.9 1624  2.4 2234  0.8
 6  Fr       1224 0454  2.4 1102  0.9 1713  2.4 2326  0.8
 7  Sa       1224 0547  2.4 1155  0.9 1811  2.3 9999  9.9
 8  Su       1224 0021  0.9 0649  2.3 1250  0.9 1918  2.3
 9  Mo       1224 0119  0.9 0756  2.3 1350  0.9 2026  2.3
10  Tu       1224 0221  0.9 0900  2.3 1454  0.9 2129  2.4
11  We       1224 0328  0.9 0959  2.4 1559  0.8 2227  2.5
12  Th       1224 0432  0.8 1054  2.5 1659  0.7 2323  2.6
13  Fr       1224 0529  0.7 1148  2.6 1753  0.6 9999  9.9
14  Sa       1224 0017  2.6 0621  0.6 1241  2.6 1842  0.5
15  Su       1224 0110  2.7 0710  0.6 1332  2.7 1931  0.5
16  Mo       1224 0201  2.7 0758  0.6 1421  2.7 2019  0.5
17  Tu       1224 0249  2.7 0847  0.6 1509  2.6 2108  0.6
18  We       1224 0337  2.7 0937  0.7 1555  2.5 2200  0.6
19  Th       1224 0424  2.6 1030  0.8 1643  2.4 2252  0.8
20  Fr       1224 0514  2.4 1122  0.9 1733  2.3 2346  0.9
21  Sa       1224 0607  2.3 1215  1.0 1831  2.2 9999  9.9
22  Su       1224 0039  1.0 0708  2.2 1307  1.1 1935  2.1
23  Mo       1224 0133  1.1 0812  2.1 1401  1.2 2038  2.0
24  Tu       1224 0230  1.2 0907  2.0 1457  1.2 2130  2.0
25  We       1224 0329  1.2 0952  2.0 1552  1.2 2213  2.1
26  Th       1224 0422  1.2 1030  2.0 1639  1.2 2252  2.1
27  Fr       1224 0506  1.2 1106  2.1 1719  1.1 2330  2.2
28  Sa       1224 0543  1.1 1143  2.2 1756  1.0 9999  9.9
29  Su       1224 0009  2.3 0619  1.0 1224  2.3 1832  0.9
30  Mo       1224 0051  2.4 0655  0.9 1306  2.4 1911  0.8
31  Tu       1224 0135  2.5 0734  0.8 1350  2.5 1951  0.7
 1  We        125 0218  2.5 0815  0.8 1434  2.5 2035  0.7
 2  Th        125 0302  2.6 0900  0.7 1519  2.5 2122  0.7
 3  Fr        125 0347  2.6 0948  0.8 1605  2.5 2212  0.7
 4  Sa        125 0434  2.5 1040  0.8 1655  2.5 2306  0.7
 5  Su        125 0526  2.4 1134  0.8 1751  2.4 9999  9.9
 6  Mo        125 0001  0.8 0625  2.4 1229  0.8 1856  2.4
 7  Tu        125 0059  0.8 0732  2.3 1328  0.9 2006  2.4
 8  We        125 0201  0.9 0838  2.3 1431  0.9 2111  2.4
 9  Th        125 0307  0.9 0939  2.4 1536  0.8 2210  2.5
10  Fr        125 0412  0.8 1035  2.4 1639  0.7 2306  2.5
11  Sa        125 0512  0.8 1130  2.5 1735  0.7 9999  9.9
12  Su        125 0000  2.6 0604  0.7 1222  2.6 1825  0.6
13  Mo        125 0052  2.6 0653  0.6 1313  2.6 1913  0.5
14  Tu        125 0143  2.7 0740  0.6 1402  2.6 2000  0.5
15  We        125 0230  2.7 0826  0.6 1448  2.6 2047  0.6
16  Th        125 0316  2.6 0914  0.7 1533  2.5 2136  0.7
17  Fr        125 0400  2.5 1003  0.8 1617  2.4 2226  0.8
18  Sa        125 0444  2.4 1053  0.9 1703  2.3 2316  0.9
19  Su        125 0530  2.3 1142  1.0 1751  2.2 9999  9.9
20  Mo        125 0006  1.0 0621  2.1 1230  1.1 1847  2.1
21  Tu        125 0055  1.2 0717  2.0 1317  1.2 1948  2.0
22  We        125 0145  1.2 0814  2.0 1405  1.2 2044  2.0
23  Th        125 0237  1.3 0903  2.0 1456  1.2 2130  2.0
24  Fr        125 0331  1.3 0945  2.0 1548  1.2 2212  2.1
25  Sa        125 0421  1.2 1025  2.1 1636  1.1 2253  2.2
26  Su        125 0505  1.1 1107  2.2 1720  1.0 2336  2.3
27  Mo        125 0546  1.0 1151  2.3 1802  0.8 9999  9.9
28  Tu        125 0021  2.4 0627  0.9 1238  2.4 1844  0.7
29  We        125 0108  2.5 0708  0.8 1325  2.5 1928  0.6
30  Th        125 0154  2.6 0752  0.7 1413  2.6 2013  0.6
31  Fr        125 0241  2.6 0838  0.6 1500  2.6 2101  0.6
 1  Sa        225 0327  2.6 0927  0.6 1548  2.6 2152  0.6
 2  Su        225 0414  2.6 1019  0.7 1638  2.6 2246  0.7
 3  Mo        225 0506  2.5 1113  0.7 1733  2.5 2342  0.7
 4  Tu        225 0603  2.4 1209  0.8 1836  2.4 9999  9.9
 5  We        225 0040  0.8 0708  2.4 1307  0.8 1945  2.4
 6  Th        225 0141  0.9 0816  2.3 1409  0.8 2052  2.4
 7  Fr        225 0246  0.9 0919  2.4 1514  0.8 2153  2.4
 8  Sa        225 0352  0.9 1017  2.4 1619  0.8 2249  2.5
 9  Su        225 0454  0.8 1111  2.4 1717  0.7 2343  2.5
10  Mo        225 0547  0.8 1204  2.5 1808  0.7 9999  9.9
11  Tu        225 0034  2.6 0636  0.7 1254  2.5 1855  0.6
12  We        225 0123  2.6 0721  0.7 1342  2.5 1940  0.6
13  Th        225 0209  2.6 0805  0.7 1427  2.5 2025  0.7
14  Fr        225 0252  2.5 0849  0.8 1510  2.5 2110  0.7
15  Sa        225 0334  2.5 0935  0.8 1551  2.4 2157  0.8
16  Su        225 0413  2.4 1020  0.9 1631  2.3 2244  0.9
17  Mo        225 0452  2.2 1105  1.0 1713  2.2 2330  1.1
18  Tu        225 0533  2.1 1149  1.1 1758  2.1 9999  9.9
19  We        225 0014  1.2 0618  2.0 1231  1.2 1850  2.0
20  Th        225 0058  1.2 0710  2.0 1314  1.2 1949  2.0
21  Fr        225 0144  1.3 0806  2.0 1401  1.2 2044  2.0
22  Sa        225 0235  1.3 0858  2.0 1455  1.2 2133  2.1
23  Su        225 0331  1.2 0946  2.1 1551  1.1 2219  2.2
24  Mo        225 0425  1.1 1034  2.2 1645  1.0 2306  2.3
25  Tu        225 0514  1.0 1122  2.3 1734  0.8 2354  2.4
26  We        225 0600  0.8 1212  2.4 1820  0.7 9999  9.9
27  Th        225 0043  2.5 0645  0.7 1303  2.6 1906  0.6
28  Fr        225 0132  2.6 0730  0.6 1353  2.6 1953  0.5
 1  Sa        325 0220  2.7 0817  0.6 1442  2.7 2042  0.5
 2  Su        325 0308  2.7 0906  0.6 1531  2.7 2133  0.6
 3  Mo        325 0356  2.7 0959  0.6 1621  2.6 2227  0.6
 4  Tu        325 0446  2.6 1053  0.6 1715  2.6 2324  0.7
 5  We        325 0542  2.5 1150  0.7 1816  2.5 9999  9.9
 6  Th        325 0021  0.8 0645  2.4 1247  0.8 1924  2.4
 7  Fr        325 0121  0.9 0753  2.3 1348  0.8 2032  2.4
 8  Sa        325 0224  0.9 0859  2.3 1452  0.9 2135  2.4
 9  Su        325 0331  0.9 0958  2.3 1558  0.8 2231  2.4
10  Mo        325 0434  0.9 1053  2.4 1658  0.8 2324  2.5
11  Tu        325 0529  0.9 1144  2.4 1750  0.8 9999  9.9
12  We        325 0014  2.5 0617  0.8 1234  2.4 1836  0.7
13  Th        325 0102  2.5 0701  0.8 1320  2.5 1919  0.7
14  Fr        325 0146  2.5 0742  0.8 1403  2.5 2002  0.7
15  Sa        325 0227  2.5 0823  0.8 1444  2.4 2044  0.8
16  Su        325 0305  2.4 0904  0.8 1523  2.4 2126  0.9
17  Mo        325 0341  2.3 0945  0.9 1600  2.3 2209  1.0
18  Tu        325 0416  2.3 1027  1.0 1637  2.3 2251  1.1
19  We        325 0451  2.2 1108  1.0 1716  2.2 2333  1.1
20  Th        325 0529  2.1 1148  1.1 1801  2.1 9999  9.9
21  Fr        325 0015  1.2 0615  2.0 1231  1.1 1856  2.1
22  Sa        325 0059  1.2 0712  2.0 1317  1.1 1957  2.1
23  Su        325 0148  1.2 0814  2.0 1411  1.1 2054  2.1
24  Mo        325 0245  1.2 0912  2.1 1511  1.1 2147  2.2
25  Tu        325 0346  1.1 1005  2.2 1612  1.0 2238  2.3
26  We        325 0443  1.0 1057  2.3 1707  0.8 2328  2.4
27  Th        325 0535  0.8 1150  2.5 1758  0.7 9999  9.9
28  Fr        325 0019  2.5 0623  0.7 1242  2.6 1846  0.6
29  Sa        325 0110  2.6 0710  0.6 1334  2.7 1934  0.5
30  Su        325 0200  2.7 0758  0.5 1425  2.7 2023  0.5
31  Mo        325 0249  2.7 0847  0.5 1515  2.7 2115  0.5
 1  Tu        425 0338  2.7 0939  0.5 1605  2.7 2209  0.6
 2  We        425 0428  2.6 1034  0.6 1657  2.6 2305  0.7
 3  Th        425 0521  2.5 1130  0.7 1756  2.5 9999  9.9
 4  Fr        425 0002  0.8 0622  2.4 1227  0.8 1901  2.4
 5  Sa        425 0101  0.9 0729  2.3 1326  0.8 2010  2.4
 6  Su        425 0202  1.0 0837  2.3 1429  0.9 2114  2.3
 7  Mo        425 0308  1.0 0938  2.3 1535  0.9 2212  2.3
 8  Tu        425 0412  1.0 1033  2.3 1637  0.9 2304  2.4
 9  We        425 0509  0.9 1124  2.3 1731  0.9 2352  2.4
10  Th        425 0557  0.9 1211  2.3 1817  0.8 9999  9.9
11  Fr        425 0037  2.4 0639  0.9 1256  2.4 1858  0.8
12  Sa        425 0119  2.4 0717  0.8 1337  2.4 1937  0.8
13  Su        425 0157  2.4 0755  0.8 1416  2.4 2015  0.8
14  Mo        425 0233  2.4 0832  0.8 1453  2.4 2054  0.9
15  Tu        425 0308  2.3 0910  0.9 1529  2.4 2133  1.0
16  We        425 0342  2.3 0948  0.9 1605  2.3 2213  1.0
17  Th        425 0416  2.2 1028  1.0 1642  2.3 2254  1.1
18  Fr        425 0454  2.2 1110  1.0 1724  2.2 2337  1.1
19  Sa        425 0537  2.1 1155  1.0 1815  2.2 9999  9.9
20  Su        425 0022  1.1 0632  2.1 1243  1.1 1916  2.1
21  Mo        425 0113  1.1 0737  2.1 1337  1.0 2019  2.2
22  Tu        425 0209  1.1 0841  2.2 1437  1.0 2118  2.2
23  We        425 0312  1.0 0940  2.3 1542  0.9 2212  2.3
24  Th        425 0414  0.9 1035  2.4 1643  0.8 2305  2.4
25  Fr        425 0511  0.8 1129  2.5 1737  0.7 2357  2.5
26  Sa        425 0602  0.7 1223  2.6 1828  0.6 9999  9.9
27  Su        425 0049  2.6 0651  0.5 1316  2.7 1917  0.5
28  Mo        425 0141  2.7 0739  0.5 1408  2.8 2006  0.5
29  Tu        425 0231  2.7 0829  0.5 1458  2.8 2057  0.5
30  We        425 0320  2.7 0920  0.5 1548  2.7 2150  0.6
 1  Th        525 0409  2.6 1014  0.6 1639  2.7 2245  0.7
 2  Fr        525 0501  2.5 1110  0.6 1735  2.5 2342  0.8
 3  Sa        525 0558  2.4 1206  0.8 1837  2.4 9999  9.9
 4  Su        525 0039  0.9 0703  2.3 1304  0.9 1945  2.3
 5  Mo        525 0138  1.0 0812  2.2 1405  0.9 2051  2.3
 6  Tu        525 0242  1.0 0916  2.2 1510  1.0 2149  2.3
 7  We        525 0346  1.1 1011  2.2 1614  1.0 2241  2.3
 8  Th        525 0445  1.0 1101  2.2 1709  1.0 2327  2.3
 9  Fr        525 0533  1.0 1147  2.3 1755  1.0 9999  9.9
10  Sa        525 0009  2.3 0614  0.9 1229  2.3 1834  0.9
11  Su        525 0048  2.3 0650  0.9 1308  2.3 1910  0.9
12  Mo        525 0124  2.3 0725  0.9 1345  2.4 1945  0.9
13  Tu        525 0200  2.3 0800  0.8 1422  2.4 2021  0.9
14  We        525 0235  2.3 0835  0.8 1458  2.4 2058  0.9
15  Th        525 0310  2.3 0913  0.9 1535  2.4 2137  1.0
16  Fr        525 0347  2.3 0954  0.9 1613  2.3 2219  1.0
17  Sa        525 0426  2.3 1038  0.9 1655  2.3 2304  1.0
18  Su        525 0509  2.2 1125  0.9 1744  2.3 2352  1.0
19  Mo        525 0602  2.2 1215  1.0 1842  2.2 9999  9.9
20  Tu        525 0044  1.0 0706  2.2 1310  1.0 1947  2.2
21  We        525 0141  1.0 0814  2.2 1410  1.0 2050  2.3
22  Th        525 0243  1.0 0917  2.3 1515  0.9 2148  2.3
23  Fr        525 0347  0.9 1015  2.4 1619  0.8 2243  2.4
24  Sa        525 0448  0.8 1110  2.5 1717  0.7 2337  2.5
25  Su        525 0542  0.6 1205  2.6 1810  0.6 9999  9.9
26  Mo        525 0030  2.6 0633  0.5 1259  2.7 1900  0.5
27  Tu        525 0122  2.7 0722  0.5 1351  2.8 1949  0.5
28  We        525 0213  2.7 0811  0.4 1441  2.8 2039  0.5
29  Th        525 0302  2.7 0901  0.5 1530  2.7 2131  0.6
30  Fr        525 0351  2.6 0954  0.5 1620  2.7 2225  0.7
31  Sa        525 0441  2.5 1049  0.6 1713  2.5 2320  0.8
 1  Su        625 0534  2.4 1144  0.8 1810  2.4 9999  9.9
 2  Mo        625 0016  0.9 0635  2.3 1241  0.9 1915  2.3
 3  Tu        625 0112  1.0 0743  2.2 1339  1.0 2022  2.2
 4  We        625 0212  1.1 0849  2.2 1441  1.1 2122  2.2
 5  Th        625 0314  1.1 0946  2.1 1545  1.1 2213  2.1
 6  Fr        625 0414  1.1 1035  2.2 1643  1.1 2257  2.1
 7  Sa        625 0504  1.1 1118  2.2 1729  1.1 2336  2.2
 8  Su        625 0545  1.0 1157  2.2 1807  1.0 9999  9.9
 9  Mo        625 0012  2.2 0620  1.0 1235  2.3 1841  1.0
10  Tu        625 0048  2.2 0654  0.9 1312  2.3 1915  0.9
11  We        625 0125  2.3 0728  0.8 1350  2.4 1949  0.9
12  Th        625 0203  2.4 0803  0.8 1428  2.4 2026  0.9
13  Fr        625 0241  2.4 0842  0.8 1507  2.5 2106  0.9
14  Sa        625 0321  2.4 0924  0.8 1548  2.4 2150  0.9
15  Su        625 0402  2.4 1010  0.8 1631  2.4 2237  0.9
16  Mo        625 0447  2.4 1100  0.8 1718  2.4 2327  0.9
17  Tu        625 0539  2.3 1152  0.9 1814  2.3 9999  9.9
18  We        625 0020  0.9 0641  2.3 1247  0.9 1919  2.3
19  Th        625 0116  0.9 0750  2.3 1347  0.9 2025  2.3
20  Fr        625 0217  0.9 0856  2.3 1451  0.9 2126  2.3
21  Sa        625 0322  0.9 0956  2.4 1557  0.9 2223  2.4
22  Su        625 0426  0.8 1053  2.5 1658  0.8 2317  2.5
23  Mo        625 0523  0.7 1147  2.6 1753  0.7 9999  9.9
24  Tu        625 0011  2.6 0615  0.6 1241  2.7 1843  0.6
25  We        625 0103  2.6 0704  0.5 1333  2.7 1932  0.5
26  Th        625 0154  2.7 0753  0.5 1424  2.8 2020  0.6
27  Fr        625 0244  2.7 0842  0.5 1512  2.7 2111  0.6
28  Sa        625 0331  2.6 0933  0.6 1600  2.6 2203  0.7
29  Su        625 0419  2.5 1026  0.7 1649  2.5 2256  0.8
30  Mo        625 0510  2.4 1120  0.8 1742  2.4 2350  0.9
