239Helensville
Based on data from 10-Jul-2021
Local Std Time, tidal heights in metres.
 1  Fr        722 0012  3.4 0655  0.5 1226  3.2 1905  0.5
 2  Sa        722 0046  3.4 0733  0.6 1303  3.2 1942  0.5
 3  Su        722 0122  3.4 0813  0.6 1342  3.2 2022  0.6
 4  Mo        722 0201  3.4 0854  0.6 1423  3.2 2103  0.6
 5  Tu        722 0243  3.4 0937  0.6 1507  3.2 2147  0.6
 6  We        722 0328  3.3 1023  0.6 1555  3.2 2236  0.7
 7  Th        722 0418  3.3 1113  0.6 1648  3.2 2331  0.7
 8  Fr        722 0513  3.3 1208  0.6 1747  3.2 9999  9.9
 9  Sa        722 0033  0.7 0614  3.2 1309  0.6 1852  3.2
10  Su        722 0142  0.7 0720  3.2 1413  0.5 2002  3.3
11  Mo        722 0250  0.6 0828  3.3 1518  0.4 2109  3.4
12  Tu        722 0354  0.5 0932  3.3 1619  0.3 2210  3.5
13  We        722 0453  0.4 1032  3.4 1716  0.2 2305  3.6
14  Th        722 0548  0.2 1127  3.5 1809  0.1 2356  3.7
15  Fr        722 0639  0.2 1218  3.5 1859  0.1 9999  9.9
16  Sa        722 0043  3.7 0729  0.1 1306  3.5 1946  0.1
17  Su        722 0129  3.7 0816  0.1 1352  3.5 2032  0.2
18  Mo        722 0213  3.7 0902  0.2 1438  3.4 2117  0.3
19  Tu        722 0257  3.6 0947  0.3 1523  3.3 2203  0.4
20  We        722 0343  3.4 1033  0.4 1610  3.2 2251  0.6
21  Th        722 0431  3.3 1121  0.5 1703  3.1 2343  0.7
22  Fr        722 0525  3.1 1212  0.7 1804  3.0 9999  9.9
23  Sa        722 0041  0.9 0627  3.0 1308  0.8 1916  3.0
24  Su        722 0143  0.9 0734  3.0 1407  0.8 2023  3.0
25  Mo        722 0245  0.9 0835  3.0 1504  0.8 2118  3.1
26  Tu        722 0340  0.8 0927  3.0 1556  0.7 2203  3.2
27  We        722 0428  0.7 1012  3.1 1643  0.6 2241  3.3
28  Th        722 0512  0.6 1052  3.2 1725  0.5 2317  3.4
29  Fr        722 0553  0.5 1129  3.3 1805  0.4 2351  3.5
30  Sa        722 0633  0.4 1206  3.3 1845  0.4 9999  9.9
31  Su        722 0026  3.6 0713  0.4 1243  3.4 1924  0.4
 1  Mo        822 0101  3.6 0753  0.4 1321  3.4 2003  0.4
 2  Tu        822 0139  3.5 0833  0.4 1400  3.4 2044  0.5
 3  We        822 0218  3.5 0914  0.5 1441  3.3 2126  0.5
 4  Th        822 0300  3.5 0957  0.5 1526  3.3 2212  0.6
 5  Fr        822 0347  3.4 1044  0.5 1616  3.3 2304  0.7
 6  Sa        822 0440  3.3 1136  0.6 1714  3.2 9999  9.9
 7  Su        822 0004  0.8 0542  3.2 1236  0.6 1821  3.2
 8  Mo        822 0113  0.8 0652  3.2 1344  0.6 1937  3.2
 9  Tu        822 0225  0.7 0806  3.2 1454  0.5 2051  3.3
10  We        822 0333  0.6 0916  3.3 1559  0.4 2154  3.5
11  Th        822 0435  0.4 1017  3.4 1658  0.2 2248  3.7
12  Fr        822 0530  0.2 1111  3.5 1751  0.1 2338  3.8
13  Sa        822 0621  0.1 1200  3.6 1840  0.0 9999  9.9
14  Su        822 0023  3.8 0708  0.0 1246  3.6 1925  0.0
15  Mo        822 0105  3.8 0752  0.1 1328  3.6 2008  0.1
16  Tu        822 0145  3.7 0834  0.1 1408  3.5 2049  0.2
17  We        822 0225  3.6 0915  0.3 1448  3.4 2130  0.4
18  Th        822 0304  3.4 0955  0.4 1528  3.2 2213  0.6
19  Fr        822 0346  3.2 1037  0.6 1613  3.1 2258  0.8
20  Sa        822 0434  3.1 1122  0.8 1707  2.9 2350  1.0
21  Su        822 0530  2.9 1213  0.9 1816  2.8 9999  9.9
22  Mo        822 0053  1.1 0641  2.8 1315  1.0 1941  2.8
23  Tu        822 0203  1.1 0757  2.8 1423  1.0 2046  3.0
24  We        822 0306  0.9 0857  2.9 1524  0.8 2134  3.2
25  Th        822 0400  0.8 0945  3.1 1615  0.6 2214  3.3
26  Fr        822 0446  0.6 1027  3.2 1701  0.5 2251  3.5
27  Sa        822 0529  0.4 1106  3.4 1743  0.3 2327  3.6
28  Su        822 0610  0.3 1144  3.5 1824  0.2 9999  9.9
29  Mo        822 0002  3.7 0650  0.2 1221  3.5 1904  0.2
30  Tu        822 0038  3.7 0730  0.2 1259  3.5 1944  0.3
31  We        822 0115  3.6 0810  0.3 1337  3.5 2024  0.3
 1  Th        922 0154  3.6 0851  0.3 1417  3.5 2107  0.4
 2  Fr        922 0235  3.5 0933  0.4 1500  3.4 2152  0.6
 3  Sa        922 0321  3.4 1019  0.5 1550  3.3 2242  0.7
 4  Su        922 0415  3.2 1110  0.6 1649  3.2 2342  0.8
 5  Mo        922 0519  3.1 1211  0.7 1800  3.1 9999  9.9
 6  Tu        922 0052  0.8 0634  3.1 1321  0.7 1921  3.2
 7  We        922 0207  0.7 0752  3.1 1435  0.6 2035  3.3
 8  Th        922 0316  0.6 0902  3.3 1543  0.4 2136  3.5
 9  Fr        922 0417  0.3 1001  3.4 1641  0.2 2229  3.7
10  Sa        922 0511  0.1 1053  3.6 1732  0.1 2316  3.8
11  Su        922 0559  0.0 1140  3.7 1818  0.0 2359  3.8
12  Mo        922 0643  0.0 1222  3.7 1901  0.0 9999  9.9
13  Tu        922 0038  3.8 0724  0.0 1300  3.6 1941  0.1
14  We        922 0115  3.7 0803  0.1 1336  3.5 2019  0.3
15  Th        922 0150  3.5 0840  0.3 1411  3.4 2057  0.5
16  Fr        922 0226  3.4 0916  0.5 1448  3.2 2134  0.7
17  Sa        922 0304  3.2 0953  0.7 1528  3.1 2214  0.9
18  Su        922 0348  3.0 1032  0.9 1616  2.9 2301  1.0
19  Mo        922 0441  2.8 1118  1.0 1718  2.8 9999  9.9
20  Tu        922 0002  1.1 0548  2.7 1219  1.1 1840  2.8
21  We        922 0116  1.1 0708  2.7 1335  1.1 2001  2.9
22  Th        922 0228  1.0 0819  2.9 1447  0.9 2056  3.1
23  Fr        922 0327  0.8 0913  3.1 1545  0.7 2140  3.3
24  Sa        922 0416  0.5 0958  3.3 1633  0.4 2220  3.5
25  Su        922 0501  0.3 1040  3.5 1718  0.3 2259  3.7
26  Mo        922 0543  0.2 1119  3.6 1800  0.1 2337  3.7
27  Tu        922 0625  0.1 1158  3.6 1842  0.1 9999  9.9
28  We        922 0015  3.7 0706  0.1 1237  3.6 1924  0.2
29  Th        922 0053  3.7 0748  0.2 1316  3.6 2006  0.3
30  Fr        922 0133  3.6 0829  0.3 1357  3.5 2049  0.4
 1  Sa       1022 0216  3.4 0913  0.4 1441  3.4 2136  0.6
 2  Su       1022 0304  3.3 0959  0.5 1532  3.3 2227  0.7
 3  Mo       1022 0359  3.1 1051  0.6 1633  3.2 2328  0.8
 4  Tu       1022 0505  3.0 1152  0.7 1746  3.1 9999  9.9
 5  We       1022 0037  0.8 0621  3.0 1304  0.7 1905  3.2
 6  Th       1022 0150  0.7 0738  3.1 1418  0.6 2017  3.3
 7  Fr       1022 0257  0.5 0846  3.3 1524  0.4 2116  3.5
 8  Sa       1022 0356  0.3 0943  3.5 1621  0.2 2207  3.7
 9  Su       1022 0448  0.1 1033  3.6 1710  0.1 2253  3.8
10  Mo       1022 0534  0.0 1117  3.7 1754  0.0 2334  3.8
11  Tu       1022 0617  0.0 1158  3.7 1835  0.1 9999  9.9
12  We       1022 0011  3.7 0656  0.1 1234  3.6 1914  0.2
13  Th       1022 0046  3.6 0732  0.2 1307  3.5 1950  0.3
14  Fr       1022 0119  3.5 0807  0.4 1339  3.4 2025  0.5
15  Sa       1022 0152  3.3 0840  0.5 1413  3.3 2100  0.7
16  Su       1022 0229  3.1 0913  0.7 1451  3.1 2137  0.9
17  Mo       1022 0312  3.0 0950  0.9 1537  3.0 2222  1.0
18  Tu       1022 0403  2.8 1035  1.0 1635  2.8 2319  1.1
19  We       1022 0506  2.7 1133  1.1 1744  2.8 9999  9.9
20  Th       1022 0030  1.1 0618  2.7 1247  1.1 1901  2.9
21  Fr       1022 0143  1.0 0730  2.9 1405  0.9 2007  3.1
22  Sa       1022 0247  0.8 0832  3.1 1509  0.7 2100  3.3
23  Su       1022 0341  0.5 0924  3.3 1602  0.5 2146  3.5
24  Mo       1022 0429  0.3 1010  3.5 1650  0.3 2229  3.6
25  Tu       1022 0515  0.1 1054  3.6 1736  0.1 2311  3.7
26  We       1022 0559  0.1 1136  3.7 1820  0.1 2353  3.7
27  Th       1022 0643  0.1 1218  3.7 1905  0.2 9999  9.9
28  Fr       1022 0035  3.6 0727  0.1 1300  3.6 1949  0.3
29  Sa       1022 0118  3.5 0811  0.2 1343  3.5 2035  0.4
30  Su       1022 0204  3.4 0856  0.4 1430  3.4 2124  0.5
31  Mo       1022 0254  3.2 0944  0.5 1522  3.3 2216  0.6
 1  Tu       1122 0350  3.1 1037  0.6 1622  3.2 2315  0.7
 2  We       1122 0455  3.1 1137  0.7 1731  3.2 9999  9.9
 3  Th       1122 0021  0.7 0606  3.1 1246  0.7 1844  3.2
 4  Fr       1122 0129  0.6 0719  3.1 1357  0.6 1952  3.4
 5  Sa       1122 0233  0.5 0825  3.3 1501  0.4 2051  3.5
 6  Su       1122 0331  0.3 0922  3.4 1557  0.3 2143  3.6
 7  Mo       1122 0422  0.2 1012  3.5 1646  0.2 2229  3.6
 8  Tu       1122 0508  0.1 1056  3.6 1730  0.2 2310  3.6
 9  We       1122 0550  0.1 1135  3.6 1811  0.2 2347  3.5
10  Th       1122 0628  0.2 1210  3.5 1848  0.3 9999  9.9
11  Fr       1122 0021  3.4 0704  0.3 1242  3.5 1924  0.4
12  Sa       1122 0053  3.3 0737  0.4 1314  3.4 1959  0.6
13  Su       1122 0127  3.2 0810  0.6 1347  3.3 2034  0.7
14  Mo       1122 0203  3.1 0843  0.7 1425  3.2 2112  0.8
15  Tu       1122 0245  3.0 0920  0.8 1509  3.1 2155  0.9
16  We       1122 0334  2.9 1005  0.9 1601  3.0 2248  1.0
17  Th       1122 0430  2.8 1059  1.0 1701  2.9 2349  1.0
18  Fr       1122 0533  2.8 1205  1.0 1807  3.0 9999  9.9
19  Sa       1122 0057  0.9 0640  2.9 1319  0.9 1913  3.1
20  Su       1122 0202  0.8 0745  3.1 1428  0.7 2014  3.2
21  Mo       1122 0302  0.6 0845  3.3 1528  0.5 2109  3.4
22  Tu       1122 0356  0.4 0939  3.4 1622  0.3 2200  3.5
23  We       1122 0446  0.2 1029  3.6 1712  0.2 2248  3.6
24  Th       1122 0535  0.1 1117  3.6 1800  0.2 2335  3.6
25  Fr       1122 0622  0.1 1203  3.7 1848  0.2 9999  9.9
26  Sa       1122 0022  3.5 0709  0.1 1248  3.6 1936  0.2
27  Su       1122 0109  3.5 0755  0.2 1335  3.6 2024  0.3
28  Mo       1122 0157  3.4 0842  0.3 1422  3.5 2113  0.4
29  Tu       1122 0247  3.3 0931  0.4 1513  3.4 2204  0.5
30  We       1122 0340  3.2 1023  0.5 1608  3.3 2259  0.5
 1  Th       1222 0438  3.2 1119  0.6 1709  3.3 2358  0.6
 2  Fr       1222 0542  3.1 1223  0.6 1815  3.3 9999  9.9
 3  Sa       1222 0100  0.6 0651  3.2 1329  0.6 1922  3.3
 4  Su       1222 0203  0.5 0758  3.2 1432  0.5 2023  3.3
 5  Mo       1222 0301  0.4 0858  3.3 1529  0.5 2117  3.4
 6  Tu       1222 0354  0.4 0951  3.4 1620  0.4 2206  3.4
 7  We       1222 0441  0.3 1036  3.5 1706  0.4 2249  3.4
 8  Th       1222 0525  0.3 1117  3.5 1748  0.4 2327  3.4
 9  Fr       1222 0604  0.4 1152  3.4 1827  0.4 9999  9.9
10  Sa       1222 0002  3.3 0640  0.4 1224  3.4 1903  0.5
11  Su       1222 0035  3.3 0714  0.5 1255  3.4 1939  0.6
12  Mo       1222 0109  3.2 0748  0.6 1328  3.3 2015  0.7
13  Tu       1222 0145  3.2 0823  0.6 1405  3.3 2053  0.7
14  We       1222 0225  3.1 0901  0.7 1446  3.2 2135  0.8
15  Th       1222 0309  3.1 0943  0.8 1532  3.2 2222  0.8
16  Fr       1222 0358  3.0 1032  0.8 1623  3.1 2314  0.8
17  Sa       1222 0453  3.0 1130  0.9 1721  3.1 9999  9.9
18  Su       1222 0013  0.8 0553  3.0 1236  0.9 1823  3.1
19  Mo       1222 0117  0.7 0659  3.1 1347  0.8 1928  3.2
20  Tu       1222 0221  0.6 0806  3.2 1453  0.7 2032  3.3
21  We       1222 0322  0.5 0910  3.3 1554  0.5 2133  3.4
22  Th       1222 0420  0.3 1008  3.5 1650  0.4 2229  3.4
23  Fr       1222 0514  0.2 1101  3.6 1743  0.2 2321  3.5
24  Sa       1222 0605  0.1 1151  3.7 1834  0.2 9999  9.9
25  Su       1222 0012  3.5 0654  0.1 1239  3.7 1923  0.2
26  Mo       1222 0100  3.5 0742  0.1 1325  3.7 2011  0.2
27  Tu       1222 0148  3.5 0829  0.2 1411  3.6 2059  0.2
28  We       1222 0235  3.4 0916  0.3 1458  3.6 2147  0.3
29  Th       1222 0324  3.3 1005  0.4 1547  3.5 2237  0.4
30  Fr       1222 0415  3.3 1056  0.5 1641  3.4 2330  0.5
31  Sa       1222 0511  3.2 1153  0.6 1740  3.3 9999  9.9
 1  Su        123 0026  0.6 0615  3.1 1254  0.7 1844  3.2
 2  Mo        123 0126  0.6 0727  3.1 1359  0.7 1951  3.1
 3  Tu        123 0226  0.6 0834  3.1 1500  0.7 2052  3.1
 4  We        123 0324  0.6 0930  3.2 1555  0.6 2145  3.2
 5  Th        123 0416  0.6 1019  3.3 1644  0.6 2230  3.2
 6  Fr        123 0502  0.5 1100  3.3 1728  0.5 2310  3.2
 7  Sa        123 0542  0.5 1136  3.4 1807  0.5 2346  3.2
 8  Su        123 0620  0.5 1207  3.4 1845  0.5 9999  9.9
 9  Mo        123 0019  3.2 0655  0.5 1238  3.4 1922  0.5
10  Tu        123 0053  3.3 0731  0.5 1311  3.4 1958  0.5
11  We        123 0128  3.3 0806  0.5 1345  3.4 2036  0.6
12  Th        123 0205  3.3 0844  0.6 1423  3.4 2115  0.6
13  Fr        123 0245  3.2 0924  0.6 1504  3.3 2157  0.6
14  Sa        123 0328  3.2 1009  0.7 1550  3.3 2244  0.7
15  Su        123 0417  3.1 1059  0.8 1642  3.2 2336  0.7
16  Mo        123 0512  3.1 1159  0.8 1741  3.1 9999  9.9
17  Tu        123 0036  0.7 0617  3.1 1308  0.8 1848  3.1
18  We        123 0143  0.7 0730  3.1 1421  0.8 2000  3.1
19  Th        123 0251  0.6 0844  3.2 1529  0.6 2110  3.2
20  Fr        123 0356  0.5 0950  3.4 1631  0.5 2213  3.3
21  Sa        123 0455  0.3 1047  3.5 1727  0.3 2309  3.4
22  Su        123 0549  0.2 1138  3.7 1819  0.1 9999  9.9
23  Mo        123 0000  3.5 0639  0.1 1225  3.8 1908  0.1
24  Tu        123 0048  3.6 0727  0.0 1310  3.8 1955  0.0
25  We        123 0133  3.6 0812  0.0 1353  3.7 2040  0.1
26  Th        123 0217  3.6 0857  0.1 1437  3.7 2124  0.2
27  Fr        123 0300  3.5 0941  0.3 1520  3.5 2209  0.3
28  Sa        123 0345  3.3 1028  0.4 1607  3.4 2256  0.5
29  Su        123 0435  3.2 1118  0.6 1659  3.2 2346  0.6
30  Mo        123 0533  3.0 1215  0.8 1801  3.0 9999  9.9
31  Tu        123 0043  0.8 0647  2.9 1320  0.9 1914  2.9
 1  We        223 0147  0.9 0806  2.9 1427  0.9 2025  2.9
 2  Th        223 0252  0.9 0908  3.0 1529  0.9 2123  3.0
 3  Fr        223 0351  0.8 0959  3.1 1622  0.8 2211  3.0
 4  Sa        223 0440  0.7 1040  3.2 1707  0.6 2252  3.1
 5  Su        223 0522  0.6 1116  3.3 1747  0.5 2328  3.2
 6  Mo        223 0600  0.5 1147  3.4 1825  0.5 9999  9.9
 7  Tu        223 0001  3.3 0637  0.4 1218  3.5 1902  0.4
 8  We        223 0034  3.4 0713  0.4 1250  3.5 1938  0.4
 9  Th        223 0108  3.4 0749  0.4 1324  3.5 2016  0.4
10  Fr        223 0143  3.4 0827  0.4 1400  3.5 2054  0.4
11  Sa        223 0221  3.4 0906  0.5 1438  3.4 2134  0.5
12  Su        223 0301  3.3 0948  0.6 1521  3.3 2217  0.6
13  Mo        223 0346  3.2 1035  0.7 1610  3.2 2305  0.7
14  Tu        223 0440  3.1 1130  0.8 1708  3.1 9999  9.9
15  We        223 0002  0.8 0544  3.0 1238  0.9 1817  3.0
16  Th        223 0110  0.8 0702  3.0 1354  0.9 1936  3.0
17  Fr        223 0225  0.7 0823  3.1 1507  0.7 2052  3.1
18  Sa        223 0336  0.6 0932  3.3 1612  0.5 2157  3.3
19  Su        223 0438  0.3 1029  3.5 1710  0.3 2253  3.5
20  Mo        223 0533  0.1 1120  3.7 1801  0.1 2343  3.6
21  Tu        223 0622  0.0 1206  3.8 1849  0.0 9999  9.9
22  We        223 0029  3.7 0708 -0.1 1249  3.8 1933 -0.1
23  Th        223 0112  3.7 0751  0.0 1330  3.8 2016  0.0
24  Fr        223 0153  3.6 0833  0.1 1410  3.7 2057  0.1
25  Sa        223 0233  3.5 0915  0.2 1450  3.5 2138  0.3
26  Su        223 0313  3.4 0957  0.5 1532  3.3 2220  0.5
27  Mo        223 0356  3.2 1042  0.7 1618  3.1 2304  0.7
28  Tu        223 0447  3.0 1133  0.9 1714  2.9 2355  0.9
 1  We        323 0555  2.8 1236  1.1 1827  2.7 9999  9.9
 2  Th        323 0058  1.1 0729  2.8 1349  1.1 1952  2.7
 3  Fr        323 0213  1.1 0839  2.9 1459  1.0 2056  2.8
 4  Sa        323 0321  1.0 0931  3.0 1555  0.9 2146  3.0
 5  Su        323 0414  0.8 1012  3.2 1641  0.7 2227  3.1
 6  Mo        323 0457  0.6 1048  3.3 1721  0.5 2303  3.3
 7  Tu        323 0536  0.4 1121  3.5 1800  0.4 2337  3.4
 8  We        323 0614  0.3 1153  3.5 1838  0.3 9999  9.9
 9  Th        323 0011  3.5 0652  0.3 1226  3.6 1915  0.3
10  Fr        323 0046  3.5 0730  0.3 1301  3.6 1953  0.3
11  Sa        323 0121  3.5 0808  0.3 1337  3.5 2032  0.4
12  Su        323 0159  3.5 0848  0.4 1416  3.4 2112  0.4
13  Mo        323 0238  3.4 0930  0.6 1458  3.3 2154  0.6
14  Tu        323 0324  3.3 1017  0.7 1547  3.2 2242  0.7
15  We        323 0417  3.1 1112  0.8 1647  3.0 2338  0.8
16  Th        323 0523  3.0 1218  0.9 1758  3.0 9999  9.9
17  Fr        323 0047  0.8 0642  3.0 1334  0.8 1919  3.0
18  Sa        323 0204  0.8 0803  3.2 1447  0.7 2034  3.1
19  Su        323 0316  0.6 0910  3.4 1552  0.4 2138  3.3
20  Mo        323 0418  0.3 1007  3.6 1648  0.2 2233  3.5
21  Tu        323 0512  0.1 1056  3.7 1739  0.0 2322  3.7
22  We        323 0600  0.0 1142  3.8 1825 -0.1 9999  9.9
23  Th        323 0007  3.7 0645 -0.1 1224  3.8 1908 -0.1
24  Fr        323 0048  3.7 0727  0.0 1304  3.7 1949  0.0
25  Sa        323 0126  3.6 0808  0.1 1342  3.6 2028  0.2
26  Su        323 0203  3.5 0847  0.3 1419  3.4 2106  0.4
27  Mo        323 0240  3.3 0926  0.5 1457  3.2 2143  0.6
28  Tu        323 0320  3.1 1008  0.8 1540  3.0 2223  0.8
29  We        323 0406  2.9 1054  1.0 1631  2.8 2307  1.0
30  Th        323 0504  2.8 1151  1.1 1737  2.7 9999  9.9
31  Fr        323 0005  1.2 0626  2.7 1303  1.2 1900  2.6
 1  Sa        423 0122  1.2 0752  2.8 1417  1.1 2014  2.8
 2  Su        423 0239  1.1 0848  3.0 1516  0.9 2108  2.9
 3  Mo        423 0337  0.8 0932  3.1 1605  0.7 2151  3.1
 4  Tu        423 0424  0.6 1011  3.3 1648  0.5 2231  3.3
 5  We        423 0506  0.4 1047  3.5 1729  0.3 2308  3.5
 6  Th        423 0547  0.3 1124  3.5 1809  0.2 2345  3.5
 7  Fr        423 0628  0.2 1201  3.6 1850  0.2 9999  9.9
 8  Sa        423 0023  3.6 0708  0.2 1238  3.5 1930  0.2
 9  Su        423 0101  3.5 0749  0.3 1317  3.4 2011  0.3
10  Mo        423 0140  3.5 0832  0.4 1358  3.3 2053  0.4
11  Tu        423 0222  3.4 0916  0.5 1444  3.2 2137  0.6
12  We        423 0310  3.3 1005  0.7 1536  3.1 2226  0.7
13  Th        423 0405  3.2 1100  0.8 1636  3.0 2322  0.8
14  Fr        423 0511  3.1 1204  0.8 1746  3.0 9999  9.9
15  Sa        423 0029  0.8 0625  3.1 1315  0.7 1901  3.1
16  Su        423 0143  0.7 0739  3.2 1424  0.6 2013  3.2
17  Mo        423 0254  0.5 0844  3.4 1527  0.4 2115  3.4
18  Tu        423 0354  0.3 0940  3.6 1622  0.2 2209  3.5
19  We        423 0447  0.2 1030  3.7 1712  0.1 2258  3.7
20  Th        423 0535  0.1 1116  3.7 1758  0.0 2342  3.7
21  Fr        423 0620  0.1 1158  3.7 1840  0.1 9999  9.9
22  Sa        423 0023  3.6 0701  0.1 1237  3.5 1920  0.2
23  Su        423 0100  3.6 0741  0.3 1314  3.4 1958  0.3
24  Mo        423 0135  3.4 0820  0.5 1349  3.3 2034  0.5
25  Tu        423 0210  3.3 0857  0.6 1427  3.1 2109  0.7
26  We        423 0248  3.1 0936  0.8 1508  2.9 2146  0.9
27  Th        423 0331  3.0 1020  1.0 1556  2.8 2227  1.0
28  Fr        423 0423  2.9 1111  1.1 1653  2.7 2319  1.1
29  Sa        423 0526  2.8 1214  1.1 1800  2.7 9999  9.9
30  Su        423 0027  1.1 0638  2.8 1323  1.0 1911  2.8
 1  Mo        523 0144  1.1 0745  2.9 1426  0.9 2015  2.9
 2  Tu        523 0250  0.9 0840  3.1 1521  0.7 2107  3.1
 3  We        523 0344  0.7 0927  3.3 1609  0.5 2153  3.3
 4  Th        523 0432  0.5 1010  3.4 1655  0.3 2237  3.5
 5  Fr        523 0518  0.3 1053  3.5 1740  0.2 2319  3.6
 6  Sa        523 0603  0.3 1135  3.5 1824  0.2 9999  9.9
 7  Su        523 0001  3.6 0647  0.3 1218  3.5 1908  0.2
 8  Mo        523 0043  3.5 0732  0.3 1302  3.4 1952  0.3
 9  Tu        523 0126  3.5 0818  0.4 1347  3.3 2036  0.4
10  We        523 0212  3.4 0905  0.5 1436  3.2 2123  0.5
11  Th        523 0301  3.3 0955  0.6 1529  3.1 2213  0.6
12  Fr        523 0356  3.3 1049  0.6 1627  3.1 2309  0.7
13  Sa        523 0457  3.2 1149  0.6 1731  3.1 9999  9.9
14  Su        523 0011  0.7 0603  3.3 1252  0.6 1839  3.2
15  Mo        523 0120  0.6 0711  3.3 1357  0.5 1947  3.3
16  Tu        523 0226  0.5 0814  3.4 1457  0.4 2049  3.4
17  We        523 0326  0.4 0911  3.5 1552  0.2 2144  3.5
18  Th        523 0420  0.3 1002  3.5 1643  0.2 2234  3.6
19  Fr        523 0509  0.2 1049  3.5 1730  0.2 2319  3.6
20  Sa        523 0554  0.2 1132  3.5 1813  0.2 2359  3.5
21  Su        523 0636  0.3 1212  3.4 1852  0.3 9999  9.9
22  Mo        523 0036  3.5 0716  0.4 1248  3.3 1929  0.5
23  Tu        523 0110  3.4 0754  0.6 1323  3.1 2005  0.6
24  We        523 0144  3.3 0831  0.7 1400  3.0 2039  0.7
25  Th        523 0220  3.2 0910  0.8 1440  3.0 2115  0.8
26  Fr        523 0300  3.1 0951  0.9 1525  2.9 2155  0.9
27  Sa        523 0347  3.0 1037  0.9 1616  2.8 2244  1.0
28  Su        523 0441  3.0 1130  1.0 1712  2.8 2342  1.0
29  Mo        523 0540  3.0 1230  0.9 1814  2.9 9999  9.9
30  Tu        523 0049  1.0 0642  3.0 1332  0.8 1917  3.0
31  We        523 0158  0.9 0743  3.1 1432  0.7 2018  3.1
 1  Th        623 0301  0.7 0840  3.2 1528  0.5 2114  3.3
 2  Fr        623 0356  0.5 0933  3.3 1620  0.4 2206  3.4
 3  Sa        623 0448  0.4 1024  3.4 1711  0.3 2255  3.5
 4  Su        623 0538  0.3 1113  3.4 1800  0.2 2342  3.6
 5  Mo        623 0627  0.3 1201  3.4 1847  0.2 9999  9.9
 6  Tu        623 0029  3.6 0716  0.3 1249  3.3 1934  0.3
 7  We        623 0115  3.5 0804  0.3 1337  3.3 2021  0.3
 8  Th        623 0202  3.5 0852  0.4 1426  3.3 2109  0.4
 9  Fr        623 0250  3.5 0942  0.4 1517  3.2 2159  0.5
10  Sa        623 0341  3.4 1033  0.4 1611  3.2 2251  0.5
11  Su        623 0437  3.4 1128  0.5 1708  3.2 2349  0.6
12  Mo        623 0536  3.4 1225  0.5 1811  3.2 9999  9.9
13  Tu        623 0051  0.6 0639  3.3 1325  0.4 1917  3.3
14  We        623 0155  0.6 0742  3.4 1424  0.4 2021  3.3
15  Th        623 0256  0.5 0842  3.4 1521  0.4 2120  3.4
16  Fr        623 0352  0.5 0936  3.4 1614  0.4 2212  3.4
17  Sa        623 0443  0.4 1026  3.3 1703  0.4 2258  3.4
18  Su        623 0530  0.4 1110  3.3 1747  0.4 2338  3.4
19  Mo        623 0613  0.5 1150  3.2 1827  0.5 9999  9.9
20  Tu        623 0014  3.4 0653  0.5 1226  3.2 1904  0.5
21  We        623 0047  3.4 0731  0.6 1300  3.1 1939  0.6
22  Th        623 0119  3.3 0808  0.7 1336  3.1 2013  0.7
23  Fr        623 0154  3.3 0845  0.7 1414  3.1 2049  0.7
24  Sa        623 0232  3.2 0924  0.8 1455  3.0 2129  0.8
25  Su        623 0314  3.2 1006  0.8 1540  3.0 2213  0.8
26  Mo        623 0402  3.2 1053  0.8 1630  3.0 2305  0.9
27  Tu        623 0454  3.1 1145  0.8 1726  3.0 9999  9.9
28  We        623 0004  0.9 0552  3.1 1243  0.7 1827  3.0
29  Th        623 0111  0.9 0654  3.1 1345  0.7 1933  3.1
30  Fr        623 0219  0.8 0758  3.2 1448  0.6 2038  3.2
