140Huruhi Harbour
Based on data from 22-Mar-2010
Local Std Time, tidal heights in metres.
 1  Mo        724 0201  2.2 0820  0.5 1436  2.1 2047  0.7
 2  Tu        724 0258  2.2 0918  0.5 1539  2.2 2149  0.7
 3  We        724 0357  2.2 1016  0.5 1639  2.2 2249  0.7
 4  Th        724 0455  2.2 1113  0.5 1736  2.2 2346  0.7
 5  Fr        724 0551  2.1 1208  0.5 1829  2.2 9999  9.9
 6  Sa        724 0040  0.7 0645  2.1 1258  0.5 1918  2.3
 7  Su        724 0131  0.6 0735  2.1 1345  0.5 2004  2.3
 8  Mo        724 0219  0.6 0823  2.1 1430  0.5 2048  2.3
 9  Tu        724 0305  0.6 0908  2.1 1513  0.5 2131  2.2
10  We        724 0348  0.6 0951  2.1 1555  0.6 2213  2.2
11  Th        724 0431  0.7 1034  2.1 1637  0.6 2254  2.2
12  Fr        724 0512  0.7 1116  2.0 1719  0.7 2335  2.1
13  Sa        724 0554  0.7 1200  2.0 1803  0.8 9999  9.9
14  Su        724 0018  2.1 0637  0.7 1246  1.9 1850  0.8
15  Mo        724 0102  2.0 0722  0.8 1336  1.9 1941  0.9
16  Tu        724 0149  2.0 0810  0.8 1430  1.9 2034  0.9
17  We        724 0240  2.0 0902  0.8 1526  1.9 2130  0.9
18  Th        724 0333  2.0 0957  0.7 1622  2.0 2225  0.8
19  Fr        724 0427  2.0 1051  0.7 1715  2.1 2320  0.8
20  Sa        724 0522  2.0 1143  0.6 1806  2.2 9999  9.9
21  Su        724 0013  0.7 0616  2.1 1234  0.5 1855  2.3
22  Mo        724 0104  0.6 0708  2.2 1323  0.4 1942  2.3
23  Tu        724 0154  0.5 0759  2.2 1411  0.4 2030  2.4
24  We        724 0244  0.5 0849  2.3 1459  0.4 2118  2.5
25  Th        724 0333  0.4 0939  2.3 1548  0.4 2207  2.5
26  Fr        724 0423  0.4 1029  2.3 1638  0.4 2257  2.4
27  Sa        724 0513  0.4 1121  2.3 1731  0.5 2348  2.4
28  Su        724 0605  0.4 1216  2.2 1826  0.5 9999  9.9
29  Mo        724 0042  2.3 0659  0.5 1314  2.2 1925  0.6
30  Tu        724 0138  2.2 0756  0.5 1416  2.1 2028  0.7
31  We        724 0237  2.1 0855  0.6 1519  2.1 2131  0.7
 1  Th        824 0337  2.1 0956  0.6 1621  2.1 2233  0.8
 2  Fr        824 0438  2.0 1056  0.6 1719  2.1 2332  0.7
 3  Sa        824 0536  2.0 1151  0.6 1812  2.2 9999  9.9
 4  Su        824 0025  0.7 0630  2.1 1241  0.6 1859  2.2
 5  Mo        824 0114  0.7 0718  2.1 1326  0.6 1943  2.2
 6  Tu        824 0158  0.7 0803  2.1 1408  0.6 2024  2.2
 7  We        824 0240  0.6 0844  2.1 1448  0.6 2103  2.2
 8  Th        824 0319  0.6 0924  2.1 1527  0.6 2141  2.2
 9  Fr        824 0357  0.6 1002  2.1 1605  0.6 2219  2.2
10  Sa        824 0435  0.7 1041  2.1 1644  0.7 2257  2.1
11  Su        824 0513  0.7 1122  2.0 1726  0.8 2337  2.1
12  Mo        824 0553  0.7 1205  2.0 1810  0.8 9999  9.9
13  Tu        824 0019  2.0 0637  0.7 1253  1.9 1859  0.9
14  We        824 0106  2.0 0725  0.8 1347  1.9 1953  0.9
15  Th        824 0157  2.0 0819  0.8 1445  1.9 2052  0.9
16  Fr        824 0254  2.0 0918  0.7 1545  2.0 2152  0.8
17  Sa        824 0355  2.0 1018  0.7 1643  2.1 2251  0.8
18  Su        824 0455  2.1 1115  0.6 1737  2.2 2347  0.7
19  Mo        824 0553  2.1 1209  0.5 1828  2.3 9999  9.9
20  Tu        824 0040  0.5 0647  2.2 1300  0.4 1918  2.4
21  We        824 0131  0.4 0739  2.3 1350  0.3 2006  2.5
22  Th        824 0221  0.3 0829  2.4 1439  0.3 2055  2.5
23  Fr        824 0310  0.3 0919  2.4 1528  0.3 2144  2.5
24  Sa        824 0400  0.3 1009  2.4 1619  0.4 2234  2.5
25  Su        824 0449  0.3 1101  2.4 1711  0.4 2325  2.4
26  Mo        824 0541  0.4 1155  2.3 1807  0.5 9999  9.9
27  Tu        824 0019  2.3 0634  0.5 1252  2.2 1906  0.6
28  We        824 0116  2.2 0732  0.6 1354  2.1 2009  0.7
29  Th        824 0216  2.1 0833  0.6 1459  2.1 2114  0.8
30  Fr        824 0319  2.0 0936  0.7 1602  2.1 2217  0.8
31  Sa        824 0422  2.0 1037  0.7 1659  2.1 2314  0.8
 1  Su        924 0521  2.0 1131  0.7 1750  2.1 9999  9.9
 2  Mo        924 0006  0.7 0612  2.0 1220  0.7 1835  2.1
 3  Tu        924 0051  0.7 0658  2.0 1303  0.6 1916  2.2
 4  We        924 0132  0.7 0739  2.1 1342  0.6 1954  2.2
 5  Th        924 0210  0.6 0817  2.1 1420  0.6 2031  2.2
 6  Fr        924 0247  0.6 0855  2.1 1457  0.6 2108  2.2
 7  Sa        924 0323  0.6 0931  2.1 1535  0.7 2144  2.1
 8  Su        924 0359  0.6 1009  2.1 1613  0.7 2222  2.1
 9  Mo        924 0436  0.7 1048  2.1 1653  0.8 2301  2.1
10  Tu        924 0515  0.7 1130  2.0 1737  0.8 2343  2.0
11  We        924 0558  0.7 1217  2.0 1825  0.8 9999  9.9
12  Th        924 0030  2.0 0646  0.7 1310  2.0 1921  0.9
13  Fr        924 0123  1.9 0742  0.8 1410  2.0 2021  0.8
14  Sa        924 0224  2.0 0844  0.7 1512  2.0 2123  0.8
15  Su        924 0327  2.0 0947  0.7 1611  2.1 2223  0.7
16  Mo        924 0430  2.1 1048  0.6 1707  2.2 2320  0.6
17  Tu        924 0530  2.2 1144  0.5 1800  2.3 9999  9.9
18  We        924 0015  0.5 0625  2.3 1236  0.4 1851  2.4
19  Th        924 0106  0.3 0717  2.4 1327  0.3 1941  2.5
20  Fr        924 0157  0.3 0808  2.5 1417  0.3 2031  2.5
21  Sa        924 0246  0.2 0858  2.5 1508  0.3 2120  2.5
22  Su        924 0335  0.2 0948  2.5 1559  0.4 2211  2.4
23  Mo        924 0425  0.3 1040  2.4 1652  0.5 2303  2.3
24  Tu        924 0516  0.4 1133  2.3 1748  0.6 2357  2.2
25  We        924 0610  0.5 1230  2.2 1847  0.7 9999  9.9
26  Th        924 0054  2.1 0707  0.6 1331  2.1 1949  0.7
27  Fr        924 0155  2.0 0808  0.7 1434  2.1 2053  0.8
28  Sa        924 0259  1.9 0912  0.8 1535  2.0 2154  0.8
29  Su        924 0401  1.9 1012  0.8 1631  2.0 2249  0.8
30  Mo        924 0458  1.9 1105  0.8 1720  2.1 2337  0.8
 1  Tu       1024 0547  2.0 1152  0.7 1804  2.1 9999  9.9
 2  We       1024 0021  0.7 0631  2.0 1234  0.7 1844  2.1
 3  Th       1024 0100  0.7 0711  2.1 1313  0.7 1922  2.1
 4  Fr       1024 0138  0.6 0749  2.1 1351  0.7 1959  2.1
 5  Sa       1024 0214  0.6 0826  2.1 1429  0.7 2035  2.1
 6  Su       1024 0250  0.6 0902  2.1 1506  0.7 2113  2.1
 7  Mo       1024 0327  0.6 0940  2.1 1545  0.7 2151  2.1
 8  Tu       1024 0404  0.6 1019  2.1 1627  0.8 2231  2.0
 9  We       1024 0444  0.7 1102  2.1 1711  0.8 2314  2.0
10  Th       1024 0527  0.7 1149  2.0 1801  0.8 9999  9.9
11  Fr       1024 0003  2.0 0617  0.7 1243  2.0 1856  0.8
12  Sa       1024 0058  2.0 0714  0.7 1341  2.0 1956  0.8
13  Su       1024 0200  2.0 0816  0.7 1442  2.1 2057  0.7
14  Mo       1024 0304  2.0 0920  0.7 1541  2.2 2157  0.6
15  Tu       1024 0407  2.1 1021  0.6 1638  2.3 2254  0.5
16  We       1024 0507  2.2 1118  0.5 1732  2.4 2349  0.4
17  Th       1024 0603  2.3 1213  0.4 1825  2.4 9999  9.9
18  Fr       1024 0041  0.3 0656  2.4 1305  0.4 1916  2.5
19  Sa       1024 0132  0.2 0747  2.5 1357  0.3 2007  2.5
20  Su       1024 0222  0.2 0837  2.5 1448  0.4 2058  2.4
21  Mo       1024 0312  0.2 0928  2.5 1540  0.4 2149  2.4
22  Tu       1024 0402  0.3 1019  2.4 1634  0.5 2242  2.3
23  We       1024 0452  0.4 1112  2.3 1729  0.6 2335  2.2
24  Th       1024 0545  0.5 1207  2.2 1826  0.7 9999  9.9
25  Fr       1024 0032  2.1 0640  0.6 1304  2.1 1925  0.7
26  Sa       1024 0130  2.0 0739  0.7 1403  2.1 2024  0.8
27  Su       1024 0231  1.9 0839  0.8 1500  2.0 2120  0.8
28  Mo       1024 0330  1.9 0937  0.8 1553  2.0 2213  0.8
29  Tu       1024 0425  1.9 1030  0.8 1641  2.0 2300  0.8
30  We       1024 0514  2.0 1118  0.8 1725  2.0 2344  0.7
31  Th       1024 0559  2.0 1201  0.8 1807  2.1 9999  9.9
 1  Fr       1124 0025  0.7 0640  2.1 1242  0.7 1846  2.1
 2  Sa       1124 0104  0.6 0719  2.1 1322  0.7 1926  2.1
 3  Su       1124 0142  0.6 0757  2.1 1401  0.7 2005  2.1
 4  Mo       1124 0220  0.6 0836  2.2 1441  0.7 2044  2.1
 5  Tu       1124 0258  0.6 0915  2.2 1523  0.7 2125  2.1
 6  We       1124 0338  0.6 0956  2.1 1606  0.7 2208  2.0
 7  Th       1124 0419  0.6 1040  2.1 1653  0.7 2254  2.0
 8  Fr       1124 0505  0.6 1128  2.1 1743  0.7 2344  2.0
 9  Sa       1124 0555  0.7 1220  2.1 1837  0.7 9999  9.9
10  Su       1124 0039  2.0 0651  0.7 1316  2.1 1934  0.7
11  Mo       1124 0139  2.0 0752  0.7 1415  2.2 2032  0.6
12  Tu       1124 0242  2.1 0854  0.6 1513  2.2 2131  0.6
13  We       1124 0344  2.1 0956  0.6 1610  2.3 2228  0.5
14  Th       1124 0444  2.2 1054  0.5 1705  2.3 2324  0.4
15  Fr       1124 0541  2.3 1150  0.5 1800  2.4 9999  9.9
16  Sa       1124 0017  0.3 0635  2.4 1245  0.4 1853  2.4
17  Su       1124 0109  0.3 0727  2.5 1338  0.4 1945  2.4
18  Mo       1124 0200  0.3 0818  2.5 1430  0.4 2037  2.3
19  Tu       1124 0250  0.3 0908  2.4 1523  0.5 2129  2.3
20  We       1124 0339  0.4 0958  2.4 1615  0.5 2221  2.2
21  Th       1124 0429  0.5 1049  2.3 1708  0.6 2312  2.1
22  Fr       1124 0519  0.6 1140  2.2 1801  0.7 9999  9.9
23  Sa       1124 0005  2.0 0611  0.7 1233  2.1 1854  0.7
24  Su       1124 0059  2.0 0704  0.8 1325  2.1 1946  0.8
25  Mo       1124 0154  1.9 0800  0.8 1417  2.0 2038  0.8
26  Tu       1124 0250  1.9 0855  0.8 1507  2.0 2128  0.8
27  We       1124 0344  1.9 0947  0.9 1555  2.0 2217  0.8
28  Th       1124 0435  1.9 1037  0.8 1642  2.0 2303  0.7
29  Fr       1124 0522  2.0 1124  0.8 1727  2.0 2347  0.7
30  Sa       1124 0607  2.0 1209  0.8 1811  2.0 9999  9.9
 1  Su       1224 0030  0.6 0649  2.1 1252  0.8 1854  2.1
 2  Mo       1224 0112  0.6 0731  2.1 1335  0.7 1937  2.1
 3  Tu       1224 0153  0.6 0812  2.2 1419  0.7 2021  2.1
 4  We       1224 0234  0.6 0854  2.2 1503  0.7 2105  2.1
 5  Th       1224 0316  0.5 0937  2.2 1549  0.7 2150  2.1
 6  Fr       1224 0400  0.6 1022  2.2 1636  0.7 2237  2.1
 7  Sa       1224 0446  0.6 1109  2.2 1725  0.6 2327  2.1
 8  Su       1224 0536  0.6 1200  2.2 1817  0.6 9999  9.9
 9  Mo       1224 0021  2.1 0631  0.6 1253  2.2 1911  0.6
10  Tu       1224 0119  2.1 0729  0.6 1349  2.2 2008  0.6
11  We       1224 0220  2.1 0831  0.6 1446  2.2 2105  0.5
12  Th       1224 0322  2.2 0932  0.6 1544  2.2 2203  0.5
13  Fr       1224 0423  2.2 1033  0.6 1641  2.3 2301  0.4
14  Sa       1224 0522  2.3 1131  0.6 1738  2.3 2356  0.4
15  Su       1224 0617  2.3 1227  0.5 1834  2.3 9999  9.9
16  Mo       1224 0050  0.4 0710  2.4 1321  0.5 1927  2.3
17  Tu       1224 0141  0.4 0800  2.4 1414  0.5 2020  2.2
18  We       1224 0230  0.4 0849  2.4 1505  0.5 2110  2.2
19  Th       1224 0318  0.4 0937  2.3 1555  0.6 2159  2.2
20  Fr       1224 0404  0.5 1024  2.3 1643  0.6 2246  2.1
21  Sa       1224 0451  0.6 1110  2.2 1730  0.6 2334  2.0
22  Su       1224 0538  0.7 1157  2.1 1817  0.7 9999  9.9
23  Mo       1224 0022  2.0 0626  0.7 1243  2.1 1903  0.7
24  Tu       1224 0112  1.9 0716  0.8 1330  2.0 1951  0.8
25  We       1224 0204  1.9 0808  0.9 1418  2.0 2039  0.8
26  Th       1224 0257  1.9 0901  0.9 1507  2.0 2130  0.8
27  Fr       1224 0351  1.9 0954  0.9 1557  2.0 2220  0.8
28  Sa       1224 0443  2.0 1045  0.9 1647  2.0 2310  0.7
29  Su       1224 0533  2.0 1135  0.8 1736  2.0 2357  0.7
30  Mo       1224 0619  2.1 1223  0.8 1825  2.0 9999  9.9
31  Tu       1224 0043  0.6 0704  2.2 1310  0.7 1912  2.1
 1  We        125 0128  0.6 0748  2.2 1357  0.7 1959  2.1
 2  Th        125 0212  0.5 0832  2.3 1443  0.6 2046  2.2
 3  Fr        125 0256  0.5 0916  2.3 1530  0.6 2132  2.2
 4  Sa        125 0341  0.5 1002  2.3 1617  0.5 2220  2.2
 5  Su        125 0428  0.5 1049  2.3 1705  0.5 2310  2.2
 6  Mo        125 0518  0.5 1138  2.3 1756  0.5 9999  9.9
 7  Tu        125 0003  2.2 0612  0.6 1230  2.3 1848  0.5
 8  We        125 0059  2.2 0709  0.6 1325  2.3 1944  0.5
 9  Th        125 0159  2.2 0810  0.7 1422  2.2 2042  0.5
10  Fr        125 0302  2.2 0912  0.7 1521  2.2 2142  0.5
11  Sa        125 0405  2.2 1015  0.7 1622  2.2 2241  0.5
12  Su        125 0505  2.2 1116  0.7 1721  2.2 2339  0.5
13  Mo        125 0601  2.3 1213  0.6 1819  2.2 9999  9.9
14  Tu        125 0033  0.5 0654  2.3 1307  0.6 1912  2.2
15  We        125 0123  0.5 0742  2.3 1358  0.6 2003  2.2
16  Th        125 0211  0.5 0829  2.3 1445  0.6 2050  2.2
17  Fr        125 0255  0.5 0913  2.3 1530  0.6 2134  2.1
18  Sa        125 0338  0.5 0955  2.3 1613  0.6 2217  2.1
19  Su        125 0421  0.6 1037  2.2 1655  0.6 2300  2.1
20  Mo        125 0503  0.7 1118  2.1 1736  0.7 2343  2.0
21  Tu        125 0547  0.7 1200  2.1 1818  0.7 9999  9.9
22  We        125 0028  2.0 0632  0.8 1244  2.0 1903  0.8
23  Th        125 0117  1.9 0722  0.9 1330  2.0 1950  0.8
24  Fr        125 0210  1.9 0815  0.9 1420  1.9 2042  0.8
25  Sa        125 0307  1.9 0911  0.9 1513  1.9 2137  0.8
26  Su        125 0403  1.9 1007  0.9 1608  1.9 2232  0.7
27  Mo        125 0458  2.0 1102  0.8 1704  2.0 2325  0.7
28  Tu        125 0548  2.1 1154  0.8 1757  2.0 9999  9.9
29  We        125 0015  0.6 0636  2.2 1245  0.7 1849  2.1
30  Th        125 0103  0.5 0722  2.3 1333  0.6 1938  2.2
31  Fr        125 0149  0.4 0808  2.4 1421  0.5 2026  2.3
 1  Sa        225 0235  0.4 0853  2.4 1508  0.4 2113  2.3
 2  Su        225 0322  0.4 0939  2.4 1555  0.4 2201  2.3
 3  Mo        225 0410  0.4 1027  2.4 1643  0.4 2251  2.3
 4  Tu        225 0500  0.4 1116  2.4 1733  0.4 2343  2.3
 5  We        225 0553  0.5 1208  2.3 1825  0.4 9999  9.9
 6  Th        225 0039  2.2 0650  0.6 1303  2.2 1921  0.5
 7  Fr        225 0139  2.2 0752  0.7 1402  2.2 2020  0.5
 8  Sa        225 0243  2.1 0856  0.7 1504  2.1 2122  0.6
 9  Su        225 0348  2.1 1001  0.7 1607  2.1 2225  0.6
10  Mo        225 0449  2.2 1103  0.7 1709  2.1 2324  0.6
11  Tu        225 0545  2.2 1200  0.7 1806  2.1 9999  9.9
12  We        225 0017  0.6 0636  2.2 1251  0.7 1857  2.1
13  Th        225 0105  0.6 0722  2.2 1338  0.6 1944  2.1
14  Fr        225 0150  0.5 0805  2.2 1421  0.6 2027  2.1
15  Sa        225 0231  0.6 0845  2.2 1501  0.6 2107  2.1
16  Su        225 0311  0.6 0924  2.2 1540  0.6 2146  2.1
17  Mo        225 0350  0.6 1002  2.2 1618  0.6 2225  2.1
18  Tu        225 0429  0.7 1041  2.1 1656  0.7 2305  2.0
19  We        225 0510  0.7 1120  2.1 1736  0.7 2348  2.0
20  Th        225 0553  0.8 1202  2.0 1818  0.7 9999  9.9
21  Fr        225 0034  2.0 0641  0.9 1247  2.0 1905  0.8
22  Sa        225 0127  1.9 0734  0.9 1337  1.9 1958  0.8
23  Su        225 0224  1.9 0832  0.9 1433  1.9 2056  0.8
24  Mo        225 0324  1.9 0931  0.9 1533  1.9 2156  0.8
25  Tu        225 0422  2.0 1030  0.8 1634  2.0 2253  0.7
26  We        225 0515  2.1 1125  0.7 1731  2.1 2347  0.6
27  Th        225 0606  2.2 1217  0.6 1824  2.2 9999  9.9
28  Fr        225 0037  0.5 0654  2.3 1307  0.5 1915  2.3
 1  Sa        325 0125  0.4 0741  2.4 1355  0.4 2004  2.4
 2  Su        325 0213  0.3 0828  2.5 1443  0.3 2052  2.4
 3  Mo        325 0301  0.3 0916  2.5 1531  0.3 2141  2.4
 4  Tu        325 0350  0.4 1004  2.5 1620  0.3 2231  2.4
 5  We        325 0441  0.4 1055  2.4 1710  0.3 2324  2.3
 6  Th        325 0536  0.5 1148  2.3 1803  0.4 9999  9.9
 7  Fr        325 0020  2.3 0634  0.6 1244  2.2 1859  0.5
 8  Sa        325 0121  2.2 0736  0.7 1344  2.1 2000  0.6
 9  Su        325 0225  2.1 0842  0.7 1448  2.0 2104  0.7
10  Mo        325 0330  2.1 0947  0.8 1553  2.0 2208  0.7
11  Tu        325 0431  2.1 1047  0.7 1655  2.0 2306  0.7
12  We        325 0525  2.1 1142  0.7 1750  2.0 2358  0.7
13  Th        325 0613  2.2 1230  0.7 1838  2.1 9999  9.9
14  Fr        325 0044  0.6 0656  2.2 1313  0.6 1921  2.1
15  Sa        325 0125  0.6 0736  2.2 1352  0.6 2001  2.1
16  Su        325 0204  0.6 0814  2.2 1430  0.6 2039  2.1
17  Mo        325 0242  0.6 0851  2.2 1506  0.6 2116  2.1
18  Tu        325 0319  0.7 0928  2.1 1543  0.6 2153  2.1
19  We        325 0358  0.7 1005  2.1 1620  0.6 2232  2.1
20  Th        325 0438  0.7 1044  2.0 1658  0.7 2313  2.0
21  Fr        325 0521  0.8 1126  2.0 1740  0.7 2359  2.0
22  Sa        325 0608  0.9 1211  1.9 1826  0.8 9999  9.9
23  Su        325 0050  2.0 0701  0.9 1302  1.9 1919  0.8
24  Mo        325 0147  2.0 0759  0.9 1400  1.9 2019  0.8
25  Tu        325 0247  2.0 0859  0.8 1503  1.9 2122  0.7
26  We        325 0346  2.1 0958  0.8 1605  2.0 2222  0.7
27  Th        325 0441  2.2 1054  0.6 1704  2.1 2317  0.6
28  Fr        325 0534  2.3 1148  0.5 1759  2.2 9999  9.9
29  Sa        325 0010  0.5 0624  2.4 1239  0.4 1851  2.3
30  Su        325 0100  0.4 0713  2.5 1329  0.3 1941  2.4
31  Mo        325 0150  0.3 0802  2.5 1418  0.2 2031  2.5
 1  Tu        425 0240  0.3 0852  2.5 1507  0.2 2120  2.5
 2  We        425 0331  0.3 0942  2.5 1557  0.3 2211  2.5
 3  Th        425 0424  0.4 1034  2.4 1648  0.3 2305  2.4
 4  Fr        425 0519  0.5 1129  2.3 1741  0.4 9999  9.9
 5  Sa        425 0001  2.3 0618  0.6 1226  2.2 1838  0.5
 6  Su        425 0101  2.2 0720  0.7 1327  2.1 1939  0.6
 7  Mo        425 0204  2.1 0824  0.7 1431  2.0 2043  0.7
 8  Tu        425 0306  2.1 0926  0.8 1534  2.0 2145  0.7
 9  We        425 0404  2.1 1023  0.7 1634  2.0 2242  0.7
10  Th        425 0456  2.1 1115  0.7 1726  2.0 2332  0.7
11  Fr        425 0543  2.1 1200  0.7 1812  2.0 9999  9.9
12  Sa        425 0016  0.7 0624  2.1 1242  0.7 1854  2.1
13  Su        425 0057  0.7 0704  2.1 1320  0.6 1932  2.1
14  Mo        425 0135  0.7 0741  2.1 1357  0.6 2010  2.1
15  Tu        425 0213  0.7 0819  2.1 1434  0.6 2047  2.1
16  We        425 0252  0.7 0856  2.1 1511  0.6 2125  2.1
17  Th        425 0331  0.7 0935  2.1 1548  0.6 2204  2.1
18  Fr        425 0412  0.8 1015  2.0 1627  0.7 2245  2.1
19  Sa        425 0455  0.8 1057  2.0 1709  0.7 2330  2.0
20  Su        425 0543  0.8 1143  1.9 1755  0.7 9999  9.9
21  Mo        425 0021  2.0 0635  0.8 1235  1.9 1848  0.8
22  Tu        425 0116  2.0 0731  0.8 1333  1.9 1947  0.8
23  We        425 0214  2.1 0829  0.8 1435  2.0 2049  0.7
24  Th        425 0312  2.1 0927  0.7 1537  2.1 2150  0.7
25  Fr        425 0408  2.2 1024  0.6 1637  2.2 2248  0.6
26  Sa        425 0502  2.3 1119  0.4 1733  2.3 2343  0.5
27  Su        425 0554  2.4 1212  0.3 1827  2.4 9999  9.9
28  Mo        425 0036  0.4 0646  2.4 1303  0.3 1919  2.5
29  Tu        425 0128  0.4 0738  2.5 1354  0.2 2010  2.5
30  We        425 0220  0.4 0830  2.5 1444  0.2 2101  2.5
 1  Th        525 0313  0.4 0922  2.4 1535  0.3 2153  2.5
 2  Fr        525 0408  0.4 1015  2.3 1626  0.3 2246  2.4
 3  Sa        525 0503  0.5 1110  2.2 1720  0.5 2341  2.3
 4  Su        525 0601  0.6 1207  2.1 1815  0.6 9999  9.9
 5  Mo        525 0038  2.2 0659  0.7 1305  2.0 1914  0.7
 6  Tu        525 0137  2.1 0758  0.7 1406  2.0 2014  0.7
 7  We        525 0234  2.1 0855  0.7 1506  1.9 2113  0.8
 8  Th        525 0329  2.0 0949  0.7 1603  2.0 2208  0.8
 9  Fr        525 0419  2.0 1039  0.7 1654  2.0 2258  0.8
10  Sa        525 0505  2.0 1124  0.7 1741  2.0 2343  0.8
11  Su        525 0548  2.0 1207  0.7 1823  2.1 9999  9.9
12  Mo        525 0025  0.8 0629  2.1 1247  0.6 1903  2.1
13  Tu        525 0106  0.7 0709  2.1 1326  0.6 1942  2.1
14  We        525 0146  0.7 0749  2.1 1405  0.6 2021  2.1
15  Th        525 0227  0.7 0829  2.1 1443  0.6 2101  2.1
16  Fr        525 0308  0.7 0910  2.0 1522  0.6 2141  2.1
17  Sa        525 0351  0.8 0951  2.0 1602  0.6 2223  2.1
18  Su        525 0435  0.8 1035  2.0 1645  0.7 2307  2.1
19  Mo        525 0522  0.8 1122  2.0 1731  0.7 2356  2.1
20  Tu        525 0612  0.7 1213  2.0 1823  0.7 9999  9.9
21  We        525 0048  2.1 0705  0.7 1309  2.0 1920  0.7
22  Th        525 0143  2.1 0801  0.7 1409  2.0 2020  0.7
23  Fr        525 0239  2.2 0857  0.6 1510  2.1 2121  0.6
24  Sa        525 0336  2.2 0955  0.5 1611  2.2 2221  0.6
25  Su        525 0432  2.3 1051  0.4 1709  2.3 2318  0.5
26  Mo        525 0528  2.3 1146  0.3 1805  2.4 9999  9.9
27  Tu        525 0014  0.5 0623  2.4 1240  0.3 1859  2.4
28  We        525 0109  0.4 0717  2.4 1333  0.3 1951  2.5
29  Th        525 0203  0.4 0811  2.4 1424  0.3 2043  2.5
30  Fr        525 0257  0.4 0904  2.3 1515  0.3 2134  2.4
31  Sa        525 0351  0.5 0957  2.3 1606  0.4 2226  2.4
 1  Su        625 0445  0.5 1050  2.2 1657  0.5 2318  2.3
 2  Mo        625 0538  0.6 1143  2.1 1749  0.6 9999  9.9
 3  Tu        625 0010  2.2 0631  0.6 1237  2.0 1843  0.7
 4  We        625 0103  2.1 0724  0.7 1332  2.0 1937  0.8
 5  Th        625 0154  2.1 0816  0.7 1428  1.9 2033  0.8
 6  Fr        625 0245  2.0 0906  0.8 1523  1.9 2126  0.9
 7  Sa        625 0334  2.0 0956  0.8 1615  1.9 2218  0.9
 8  Su        625 0422  2.0 1044  0.7 1704  2.0 2306  0.8
 9  Mo        625 0508  2.0 1130  0.7 1751  2.0 2352  0.8
10  Tu        625 0554  2.0 1214  0.7 1834  2.1 9999  9.9
11  We        625 0037  0.8 0638  2.0 1257  0.6 1916  2.1
12  Th        625 0121  0.8 0722  2.0 1338  0.6 1957  2.1
13  Fr        625 0204  0.7 0805  2.0 1419  0.6 2038  2.2
14  Sa        625 0247  0.7 0848  2.1 1459  0.6 2119  2.2
15  Su        625 0331  0.7 0931  2.1 1541  0.6 2202  2.2
16  Mo        625 0416  0.7 1016  2.1 1624  0.6 2246  2.2
17  Tu        625 0501  0.7 1103  2.1 1710  0.6 2333  2.2
18  We        625 0549  0.6 1152  2.1 1800  0.6 9999  9.9
19  Th        625 0022  2.2 0640  0.6 1246  2.1 1855  0.7
20  Fr        625 0115  2.2 0734  0.6 1345  2.1 1954  0.7
21  Sa        625 0211  2.2 0830  0.5 1446  2.1 2056  0.7
22  Su        625 0308  2.2 0928  0.5 1548  2.2 2158  0.6
23  Mo        625 0407  2.2 1027  0.4 1649  2.3 2258  0.6
24  Tu        625 0506  2.3 1125  0.4 1747  2.3 2357  0.5
25  We        625 0604  2.3 1221  0.4 1842  2.4 9999  9.9
26  Th        625 0054  0.5 0700  2.3 1315  0.3 1934  2.4
27  Fr        625 0148  0.5 0755  2.3 1406  0.3 2025  2.4
28  Sa        625 0241  0.5 0847  2.3 1456  0.4 2115  2.4
29  Su        625 0332  0.5 0938  2.2 1544  0.4 2203  2.4
30  Mo        625 0422  0.5 1027  2.2 1632  0.5 2250  2.3
