142Jackson Bay
Based on data from  2-Jul-2004
Local Std Time, tidal heights in metres.
 1  Fr        116 0344  1.8 0955  0.6 1602  1.8 2219  0.6
 2  Sa        116 0431  1.8 1044  0.7 1652  1.7 2308  0.6
 3  Su        116 0522  1.7 1139  0.7 1748  1.7 9999  9.9
 4  Mo        116 0001  0.7 0617  1.7 1235  0.7 1846  1.7
 5  Tu        116 0056  0.7 0713  1.8 1331  0.6 1942  1.8
 6  We        116 0150  0.6 0806  1.9 1424  0.5 2034  1.9
 7  Th        116 0242  0.5 0855  2.0 1513  0.4 2123  2.0
 8  Fr        116 0331  0.4 0942  2.1 1559  0.3 2210  2.1
 9  Sa        116 0418  0.3 1026  2.2 1644  0.1 2255  2.2
10  Su        116 0502  0.2 1110  2.3 1728  0.1 2340  2.3
11  Mo        116 0547  0.1 1154  2.3 1812  0.0 9999  9.9
12  Tu        116 0025  2.3 0631  0.1 1238  2.4 1856  0.0
13  We        116 0110  2.3 0715  0.1 1323  2.3 1942  0.1
14  Th        116 0155  2.2 0802  0.2 1411  2.3 2030  0.1
15  Fr        116 0243  2.2 0851  0.3 1501  2.2 2122  0.2
16  Sa        116 0334  2.1 0946  0.3 1556  2.1 2217  0.3
17  Su        116 0430  2.0 1046  0.4 1658  2.0 2318  0.4
18  Mo        116 0533  2.0 1152  0.4 1806  1.9 9999  9.9
19  Tu        116 0023  0.4 0639  2.0 1259  0.4 1914  2.0
20  We        116 0128  0.4 0745  2.0 1404  0.3 2019  2.0
21  Th        116 0231  0.4 0845  2.1 1504  0.2 2118  2.1
22  Fr        116 0329  0.3 0941  2.2 1559  0.1 2212  2.2
23  Sa        116 0422  0.2 1032  2.3 1649  0.1 2302  2.2
24  Su        116 0510  0.2 1118  2.3 1735  0.0 2347  2.2
25  Mo        116 0554  0.2 1202  2.3 1818  0.1 9999  9.9
26  Tu        116 0029  2.2 0635  0.2 1243  2.3 1858  0.1
27  We        116 0108  2.2 0713  0.3 1320  2.2 1934  0.2
28  Th        116 0144  2.1 0749  0.4 1356  2.1 2009  0.3
29  Fr        116 0218  2.0 0824  0.5 1430  1.9 2044  0.4
30  Sa        116 0252  1.9 0900  0.6 1507  1.9 2121  0.5
31  Su        116 0330  1.8 0942  0.6 1550  1.8 2205  0.6
 1  Mo        216 0417  1.8 1035  0.7 1645  1.7 2300  0.7
 2  Tu        216 0515  1.7 1137  0.7 1750  1.7 9999  9.9
 3  We        216 0003  0.7 0621  1.8 1244  0.6 1858  1.7
 4  Th        216 0108  0.6 0726  1.8 1347  0.5 2001  1.8
 5  Fr        216 0210  0.5 0825  1.9 1445  0.4 2058  2.0
 6  Sa        216 0306  0.4 0917  2.1 1536  0.3 2149  2.1
 7  Su        216 0356  0.3 1005  2.2 1623  0.1 2236  2.2
 8  Mo        216 0443  0.2 1051  2.3 1709  0.0 2321  2.3
 9  Tu        216 0528  0.1 1136  2.4 1753 -0.1 9999  9.9
10  We        216 0005  2.4 0611  0.0 1220  2.5 1837 -0.1
11  Th        216 0049  2.4 0656  0.0 1305  2.4 1922  0.0
12  Fr        216 0134  2.3 0742  0.1 1351  2.4 2009  0.1
13  Sa        216 0220  2.3 0830  0.2 1441  2.2 2059  0.2
14  Su        216 0310  2.2 0924  0.3 1536  2.1 2154  0.3
15  Mo        216 0406  2.1 1024  0.4 1638  2.0 2256  0.4
16  Tu        216 0510  2.0 1132  0.4 1747  1.9 9999  9.9
17  We        216 0004  0.5 0621  1.9 1243  0.4 1900  1.9
18  Th        216 0114  0.5 0731  2.0 1352  0.4 2009  2.0
19  Fr        216 0220  0.4 0835  2.1 1455  0.3 2110  2.0
20  Sa        216 0319  0.4 0931  2.2 1549  0.2 2202  2.1
21  Su        216 0410  0.3 1019  2.2 1636  0.1 2248  2.2
22  Mo        216 0455  0.2 1103  2.3 1718  0.1 2329  2.2
23  Tu        216 0535  0.2 1142  2.3 1756  0.1 9999  9.9
24  We        216 0005  2.2 0610  0.2 1217  2.2 1829  0.2
25  Th        216 0038  2.1 0642  0.3 1249  2.1 1900  0.3
26  Fr        216 0108  2.1 0712  0.3 1319  2.1 1929  0.3
27  Sa        216 0137  2.0 0742  0.4 1349  2.0 2000  0.4
28  Su        216 0208  2.0 0816  0.5 1424  1.9 2035  0.5
29  Mo        216 0244  1.9 0856  0.5 1505  1.8 2118  0.6
 1  Tu        316 0329  1.8 0947  0.6 1559  1.8 2213  0.6
 2  We        316 0426  1.8 1052  0.6 1706  1.7 2320  0.7
 3  Th        316 0537  1.8 1204  0.6 1820  1.7 9999  9.9
 4  Fr        316 0032  0.6 0650  1.8 1314  0.5 1930  1.8
 5  Sa        316 0140  0.6 0755  1.9 1416  0.4 2031  1.9
 6  Su        316 0239  0.4 0851  2.1 1510  0.3 2124  2.1
 7  Mo        316 0331  0.3 0941  2.2 1559  0.1 2211  2.2
 8  Tu        316 0419  0.1 1028  2.4 1645  0.0 2257  2.4
 9  We        316 0504  0.0 1113  2.5 1730 -0.1 2341  2.4
10  Th        316 0549  0.0 1158  2.5 1814 -0.1 9999  9.9
11  Fr        316 0025  2.5 0634 -0.1 1244  2.5 1900 -0.1
12  Sa        316 0111  2.4 0720  0.0 1332  2.4 1947  0.0
13  Su        316 0158  2.3 0810  0.1 1422  2.3 2038  0.2
14  Mo        316 0249  2.2 0905  0.2 1518  2.1 2134  0.3
15  Tu        316 0346  2.1 1007  0.3 1621  2.0 2238  0.4
16  We        316 0452  2.0 1116  0.4 1733  1.9 2348  0.5
17  Th        316 0605  1.9 1229  0.4 1847  1.9 9999  9.9
18  Fr        316 0100  0.5 0717  2.0 1338  0.4 1956  1.9
19  Sa        316 0207  0.5 0821  2.0 1440  0.3 2055  2.0
20  Su        316 0304  0.4 0915  2.1 1532  0.3 2145  2.0
21  Mo        316 0353  0.3 1001  2.1 1616  0.2 2227  2.1
22  Tu        316 0434  0.3 1041  2.2 1654  0.2 2303  2.1
23  We        316 0510  0.3 1116  2.2 1727  0.2 2335  2.1
24  Th        316 0541  0.3 1147  2.1 1757  0.3 9999  9.9
25  Fr        316 0004  2.1 0610  0.3 1216  2.1 1825  0.3
26  Sa        316 0032  2.1 0638  0.3 1245  2.1 1853  0.3
27  Su        316 0101  2.1 0708  0.4 1316  2.0 1925  0.4
28  Mo        316 0133  2.0 0743  0.4 1353  2.0 2003  0.4
29  Tu        316 0211  2.0 0825  0.5 1437  1.9 2047  0.5
30  We        316 0257  1.9 0917  0.5 1530  1.8 2143  0.6
31  Th        316 0354  1.8 1020  0.6 1636  1.8 2249  0.6
 1  Fr        416 0503  1.8 1132  0.6 1749  1.8 9999  9.9
 2  Sa        416 0001  0.6 0617  1.8 1242  0.5 1900  1.8
 3  Su        416 0109  0.6 0724  1.9 1345  0.4 2001  2.0
 4  Mo        416 0210  0.4 0822  2.1 1441  0.3 2054  2.1
 5  Tu        416 0303  0.3 0913  2.2 1531  0.1 2143  2.2
 6  We        416 0352  0.1 1002  2.4 1618  0.0 2229  2.4
 7  Th        416 0439  0.0 1048  2.5 1704 -0.1 2315  2.5
 8  Fr        416 0525 -0.1 1135  2.5 1751 -0.1 9999  9.9
 9  Sa        416 0001  2.5 0612 -0.1 1223  2.5 1838 -0.1
10  Su        416 0048  2.5 0701 -0.1 1313  2.4 1927  0.0
11  Mo        416 0137  2.4 0752  0.0 1406  2.3 2019  0.2
12  Tu        416 0230  2.3 0848  0.2 1503  2.1 2117  0.3
13  We        416 0329  2.1 0951  0.3 1606  2.0 2220  0.4
14  Th        416 0434  2.0 1059  0.4 1716  1.9 2330  0.5
15  Fr        416 0545  1.9 1209  0.4 1827  1.9 9999  9.9
16  Sa        416 0039  0.5 0656  1.9 1316  0.4 1934  1.9
17  Su        416 0144  0.5 0758  2.0 1415  0.4 2031  1.9
18  Mo        416 0240  0.5 0850  2.0 1505  0.4 2118  2.0
19  Tu        416 0326  0.4 0934  2.0 1547  0.3 2157  2.0
20  We        416 0405  0.4 1011  2.1 1622  0.3 2231  2.0
21  Th        416 0439  0.3 1044  2.1 1654  0.3 2301  2.1
22  Fr        416 0509  0.3 1114  2.1 1723  0.3 2330  2.1
23  Sa        416 0538  0.3 1144  2.1 1752  0.3 2359  2.1
24  Su        416 0609  0.3 1216  2.1 1824  0.3 9999  9.9
25  Mo        416 0032  2.1 0643  0.3 1252  2.1 1900  0.3
26  Tu        416 0108  2.1 0721  0.3 1333  2.0 1941  0.4
27  We        416 0149  2.0 0806  0.4 1419  2.0 2027  0.5
28  Th        416 0237  2.0 0858  0.4 1512  1.9 2122  0.5
29  Fr        416 0332  1.9 0959  0.5 1614  1.8 2225  0.6
30  Sa        416 0437  1.9 1106  0.5 1722  1.8 2333  0.6
 1  Su        516 0546  1.9 1212  0.5 1828  1.9 9999  9.9
 2  Mo        516 0038  0.5 0652  2.0 1313  0.4 1929  2.0
 3  Tu        516 0138  0.4 0751  2.1 1409  0.3 2023  2.1
 4  We        516 0233  0.3 0845  2.2 1501  0.2 2114  2.2
 5  Th        516 0325  0.1 0935  2.3 1551  0.0 2202  2.4
 6  Fr        516 0414  0.0 1025  2.4 1640  0.0 2250  2.4
 7  Sa        516 0503 -0.1 1114  2.5 1728 -0.1 2339  2.5
 8  Su        516 0552 -0.1 1205  2.5 1817  0.0 9999  9.9
 9  Mo        516 0028  2.5 0643 -0.1 1256  2.4 1908  0.0
10  Tu        516 0119  2.4 0736  0.0 1350  2.3 2002  0.2
11  We        516 0213  2.3 0832  0.1 1447  2.1 2059  0.3
12  Th        516 0311  2.1 0933  0.3 1548  2.0 2200  0.4
13  Fr        516 0413  2.0 1036  0.4 1652  1.9 2304  0.5
14  Sa        516 0518  1.9 1141  0.5 1757  1.8 9999  9.9
15  Su        516 0009  0.6 0623  1.9 1242  0.5 1859  1.8
16  Mo        516 0110  0.6 0723  1.9 1338  0.5 1954  1.9
17  Tu        516 0204  0.6 0815  1.9 1427  0.5 2040  1.9
18  We        516 0250  0.5 0858  1.9 1508  0.5 2119  1.9
19  Th        516 0329  0.5 0935  2.0 1544  0.4 2153  2.0
20  Fr        516 0404  0.4 1009  2.0 1618  0.4 2226  2.0
21  Sa        516 0437  0.4 1043  2.0 1651  0.3 2258  2.1
22  Su        516 0510  0.3 1117  2.1 1725  0.3 2333  2.1
23  Mo        516 0545  0.3 1154  2.1 1802  0.3 9999  9.9
24  Tu        516 0010  2.1 0624  0.2 1234  2.1 1842  0.3
25  We        516 0050  2.1 0706  0.3 1318  2.1 1925  0.3
26  Th        516 0134  2.1 0752  0.3 1405  2.0 2012  0.4
27  Fr        516 0222  2.1 0843  0.3 1457  2.0 2105  0.5
28  Sa        516 0315  2.0 0939  0.4 1554  1.9 2203  0.5
29  Su        516 0414  2.0 1040  0.4 1654  1.9 2305  0.5
30  Mo        516 0517  1.9 1141  0.4 1756  1.9 9999  9.9
31  Tu        516 0008  0.5 0621  2.0 1241  0.4 1856  2.0
 1  We        616 0108  0.4 0721  2.1 1339  0.3 1953  2.1
 2  Th        616 0205  0.3 0818  2.2 1434  0.2 2047  2.2
 3  Fr        616 0300  0.2 0912  2.3 1527  0.1 2138  2.3
 4  Sa        616 0353  0.0 1004  2.3 1618  0.0 2229  2.4
 5  Su        616 0445  0.0 1057  2.4 1709  0.0 2320  2.4
 6  Mo        616 0536 -0.1 1149  2.4 1800  0.0 9999  9.9
 7  Tu        616 0011  2.4 0628 -0.1 1241  2.4 1851  0.1
 8  We        616 0102  2.4 0720  0.0 1334  2.3 1943  0.2
 9  Th        616 0155  2.3 0814  0.1 1428  2.2 2037  0.3
10  Fr        616 0248  2.2 0909  0.3 1522  2.0 2132  0.4
11  Sa        616 0344  2.0 1005  0.4 1618  1.9 2229  0.5
12  Su        616 0441  1.9 1101  0.5 1715  1.8 2327  0.6
13  Mo        616 0539  1.8 1157  0.6 1811  1.8 9999  9.9
14  Tu        616 0024  0.6 0636  1.8 1249  0.6 1905  1.8
15  We        616 0117  0.6 0727  1.8 1338  0.6 1953  1.8
16  Th        616 0205  0.6 0814  1.8 1422  0.6 2035  1.9
17  Fr        616 0248  0.5 0855  1.9 1504  0.5 2115  1.9
18  Sa        616 0328  0.5 0935  1.9 1543  0.4 2153  2.0
19  Su        616 0406  0.4 1014  2.0 1622  0.4 2231  2.1
20  Mo        616 0445  0.3 1054  2.1 1702  0.3 2311  2.2
21  Tu        616 0526  0.2 1136  2.1 1743  0.3 2352  2.2
22  We        616 0608  0.2 1219  2.2 1826  0.2 9999  9.9
23  Th        616 0034  2.2 0651  0.2 1304  2.2 1910  0.3
24  Fr        616 0119  2.2 0737  0.2 1350  2.1 1957  0.3
25  Sa        616 0206  2.2 0826  0.2 1439  2.1 2046  0.4
26  Su        616 0256  2.1 0918  0.3 1530  2.0 2140  0.4
27  Mo        616 0350  2.0 1014  0.4 1626  2.0 2238  0.5
28  Tu        616 0449  2.0 1112  0.4 1725  1.9 2339  0.4
29  We        616 0552  2.0 1212  0.4 1826  2.0 9999  9.9
30  Th        616 0041  0.4 0655  2.0 1312  0.4 1927  2.0
 1  Fr        716 0142  0.3 0756  2.1 1411  0.3 2025  2.1
 2  Sa        716 0241  0.2 0854  2.2 1508  0.2 2121  2.3
 3  Su        716 0337  0.1 0950  2.3 1603  0.1 2214  2.3
 4  Mo        716 0431  0.0 1043  2.3 1655  0.1 2305  2.4
 5  Tu        716 0523  0.0 1135  2.3 1745  0.1 2356  2.4
 6  We        716 0613  0.0 1225  2.3 1834  0.1 9999  9.9
 7  Th        716 0045  2.4 0702  0.0 1314  2.2 1922  0.2
 8  Fr        716 0133  2.3 0750  0.1 1402  2.1 2009  0.3
 9  Sa        716 0220  2.2 0837  0.3 1448  2.0 2056  0.4
10  Su        716 0307  2.0 0925  0.4 1534  1.9 2144  0.5
11  Mo        716 0354  1.9 1012  0.5 1621  1.8 2234  0.6
12  Tu        716 0444  1.8 1101  0.6 1711  1.7 2326  0.7
13  We        716 0537  1.7 1151  0.7 1804  1.7 9999  9.9
14  Th        716 0020  0.7 0631  1.7 1243  0.7 1858  1.7
15  Fr        716 0114  0.7 0725  1.7 1334  0.6 1950  1.8
16  Sa        716 0205  0.6 0816  1.8 1425  0.6 2038  1.9
17  Su        716 0254  0.5 0904  1.9 1512  0.5 2124  2.0
18  Mo        716 0339  0.4 0949  2.0 1558  0.4 2207  2.1
19  Tu        716 0423  0.2 1034  2.1 1642  0.3 2251  2.2
20  We        716 0507  0.1 1118  2.2 1725  0.2 2334  2.3
21  Th        716 0550  0.1 1202  2.2 1808  0.1 9999  9.9
22  Fr        716 0017  2.3 0634  0.1 1246  2.3 1852  0.1
23  Sa        716 0101  2.3 0719  0.1 1331  2.2 1937  0.2
24  Su        716 0147  2.3 0805  0.1 1417  2.2 2024  0.2
25  Mo        716 0235  2.2 0854  0.2 1505  2.1 2115  0.3
26  Tu        716 0327  2.1 0948  0.3 1558  2.0 2212  0.4
27  We        716 0425  2.0 1046  0.4 1657  2.0 2314  0.4
28  Th        716 0529  2.0 1148  0.4 1802  2.0 9999  9.9
29  Fr        716 0020  0.4 0636  2.0 1252  0.4 1908  2.0
30  Sa        716 0126  0.4 0742  2.0 1356  0.4 2011  2.1
31  Su        716 0229  0.3 0843  2.1 1456  0.3 2109  2.2
 1  Mo        816 0326  0.2 0940  2.2 1551  0.2 2203  2.3
 2  Tu        816 0420  0.1 1032  2.3 1642  0.1 2253  2.4
 3  We        816 0509  0.0 1121  2.3 1730  0.1 2340  2.4
 4  Th        816 0556  0.0 1207  2.3 1814  0.1 9999  9.9
 5  Fr        816 0024  2.3 0639  0.1 1250  2.2 1856  0.2
 6  Sa        816 0106  2.3 0720  0.2 1330  2.1 1936  0.3
 7  Su        816 0146  2.1 0800  0.3 1408  2.0 2015  0.4
 8  Mo        816 0224  2.0 0837  0.4 1445  1.9 2053  0.5
 9  Tu        816 0302  1.9 0916  0.5 1523  1.8 2134  0.6
10  We        816 0344  1.8 0959  0.6 1607  1.7 2223  0.7
11  Th        816 0434  1.7 1049  0.7 1700  1.7 2321  0.7
12  Fr        816 0534  1.7 1148  0.7 1803  1.7 9999  9.9
13  Sa        816 0024  0.7 0638  1.7 1250  0.7 1906  1.8
14  Su        816 0126  0.6 0740  1.8 1350  0.6 2005  1.9
15  Mo        816 0222  0.5 0835  1.9 1445  0.5 2057  2.0
16  Tu        816 0313  0.3 0925  2.0 1534  0.3 2144  2.2
17  We        816 0400  0.2 1012  2.2 1620  0.2 2229  2.3
18  Th        816 0445  0.1 1056  2.3 1704  0.1 2313  2.4
19  Fr        816 0529  0.0 1140  2.3 1747  0.0 2356  2.4
20  Sa        816 0612  0.0 1223  2.4 1830  0.0 9999  9.9
21  Su        816 0040  2.4 0656  0.0 1307  2.3 1915  0.1
22  Mo        816 0125  2.4 0742  0.1 1352  2.3 2001  0.1
23  Tu        816 0213  2.3 0830  0.2 1440  2.2 2052  0.2
24  We        816 0305  2.2 0923  0.3 1533  2.1 2150  0.3
25  Th        816 0404  2.0 1023  0.4 1634  2.0 2255  0.4
26  Fr        816 0511  2.0 1129  0.5 1743  1.9 9999  9.9
27  Sa        816 0005  0.4 0623  1.9 1238  0.5 1854  2.0
28  Su        816 0115  0.4 0732  2.0 1346  0.4 2001  2.0
29  Mo        816 0219  0.3 0835  2.0 1447  0.3 2059  2.2
30  Tu        816 0316  0.2 0930  2.1 1541  0.2 2151  2.3
31  We        816 0407  0.1 1019  2.2 1629  0.2 2238  2.3
 1  Th        916 0453  0.1 1103  2.3 1712  0.1 2321  2.3
 2  Fr        916 0534  0.1 1144  2.2 1751  0.1 9999  9.9
 3  Sa        916 0000  2.3 0612  0.1 1220  2.2 1828  0.2
 4  Su        916 0036  2.2 0647  0.2 1254  2.1 1901  0.3
 5  Mo        916 0109  2.1 0719  0.3 1325  2.0 1932  0.4
 6  Tu        916 0141  2.0 0751  0.4 1356  2.0 2005  0.5
 7  We        916 0215  1.9 0825  0.5 1431  1.9 2042  0.5
 8  Th        916 0254  1.8 0905  0.6 1512  1.8 2129  0.6
 9  Fr        916 0343  1.8 0957  0.6 1606  1.8 2230  0.7
10  Sa        916 0446  1.7 1101  0.7 1714  1.7 2340  0.7
11  Su        916 0558  1.7 1211  0.7 1827  1.8 9999  9.9
12  Mo        916 0049  0.6 0707  1.8 1318  0.6 1933  1.9
13  Tu        916 0152  0.5 0807  1.9 1417  0.5 2029  2.0
14  We        916 0246  0.3 0859  2.1 1509  0.3 2119  2.2
15  Th        916 0335  0.2 0947  2.2 1556  0.2 2205  2.3
16  Fr        916 0420  0.0 1031  2.3 1640  0.0 2249  2.4
17  Sa        916 0504 -0.1 1115  2.4 1724  0.0 2333  2.5
18  Su        916 0548 -0.1 1158  2.4 1807 -0.1 9999  9.9
19  Mo        916 0018  2.5 0633 -0.1 1242  2.4 1852  0.0
20  Tu        916 0104  2.4 0719  0.0 1328  2.4 1940  0.0
21  We        916 0153  2.3 0808  0.1 1417  2.2 2032  0.1
22  Th        916 0247  2.2 0902  0.3 1512  2.1 2132  0.3
23  Fr        916 0348  2.1 1004  0.4 1616  2.0 2239  0.4
24  Sa        916 0457  2.0 1114  0.5 1728  1.9 2352  0.4
25  Su        916 0611  1.9 1226  0.5 1842  2.0 9999  9.9
26  Mo        916 0102  0.4 0721  1.9 1334  0.5 1949  2.0
27  Tu        916 0206  0.3 0823  2.0 1434  0.4 2047  2.1
28  We        916 0302  0.3 0916  2.1 1526  0.3 2136  2.2
29  Th        916 0350  0.2 1001  2.2 1611  0.2 2219  2.2
30  Fr        916 0432  0.2 1041  2.2 1650  0.2 2258  2.2
 1  Sa       1016 0509  0.2 1117  2.2 1726  0.2 2333  2.2
 2  Su       1016 0543  0.2 1149  2.2 1757  0.2 9999  9.9
 3  Mo       1016 0005  2.2 0613  0.3 1218  2.1 1827  0.3
 4  Tu       1016 0034  2.1 0642  0.3 1247  2.1 1856  0.3
 5  We       1016 0105  2.0 0712  0.4 1317  2.0 1928  0.4
 6  Th       1016 0139  2.0 0746  0.5 1353  2.0 2006  0.5
 7  Fr       1016 0219  1.9 0828  0.5 1435  1.9 2053  0.5
 8  Sa       1016 0309  1.8 0920  0.6 1529  1.8 2153  0.6
 9  Su       1016 0411  1.8 1025  0.7 1636  1.8 2304  0.6
10  Mo       1016 0523  1.8 1137  0.6 1751  1.8 9999  9.9
11  Tu       1016 0015  0.5 0634  1.8 1246  0.6 1900  1.9
12  We       1016 0119  0.4 0736  1.9 1347  0.5 1959  2.0
13  Th       1016 0216  0.3 0830  2.1 1440  0.3 2051  2.2
14  Fr       1016 0306  0.2 0919  2.2 1529  0.1 2138  2.3
15  Sa       1016 0353  0.0 1004  2.3 1615  0.0 2224  2.4
16  Su       1016 0439  0.0 1049  2.4 1700 -0.1 2310  2.5
17  Mo       1016 0524 -0.1 1133  2.5 1745 -0.1 2357  2.5
18  Tu       1016 0610 -0.1 1219  2.5 1832 -0.1 9999  9.9
19  We       1016 0045  2.5 0658  0.0 1307  2.4 1922  0.0
20  Th       1016 0136  2.4 0749  0.1 1358  2.3 2016  0.1
21  Fr       1016 0232  2.2 0845  0.3 1455  2.2 2116  0.2
22  Sa       1016 0333  2.1 0947  0.4 1559  2.0 2224  0.3
23  Su       1016 0441  2.0 1056  0.5 1710  2.0 2334  0.4
24  Mo       1016 0553  1.9 1208  0.5 1823  1.9 9999  9.9
25  Tu       1016 0043  0.4 0702  1.9 1315  0.5 1929  2.0
26  We       1016 0145  0.4 0803  2.0 1415  0.4 2026  2.0
27  Th       1016 0240  0.3 0854  2.0 1505  0.4 2115  2.1
28  Fr       1016 0326  0.3 0937  2.1 1548  0.3 2156  2.1
29  Sa       1016 0406  0.3 1015  2.1 1625  0.3 2232  2.1
30  Su       1016 0441  0.3 1048  2.1 1658  0.3 2305  2.1
31  Mo       1016 0512  0.3 1117  2.1 1728  0.3 2335  2.1
 1  Tu       1116 0541  0.3 1146  2.1 1757  0.3 9999  9.9
 2  We       1116 0005  2.1 0611  0.3 1216  2.1 1828  0.3
 3  Th       1116 0038  2.1 0643  0.4 1250  2.1 1903  0.3
 4  Fr       1116 0115  2.0 0721  0.4 1327  2.0 1943  0.4
 5  Sa       1116 0157  2.0 0804  0.5 1412  2.0 2031  0.4
 6  Su       1116 0247  1.9 0856  0.5 1504  1.9 2128  0.5
 7  Mo       1116 0346  1.8 0957  0.6 1606  1.9 2234  0.5
 8  Tu       1116 0452  1.8 1105  0.6 1716  1.8 2342  0.5
 9  We       1116 0600  1.9 1212  0.6 1825  1.9 9999  9.9
10  Th       1116 0045  0.4 0702  1.9 1314  0.5 1926  2.0
11  Fr       1116 0143  0.3 0758  2.1 1410  0.3 2021  2.1
12  Sa       1116 0236  0.2 0849  2.2 1501  0.2 2112  2.3
13  Su       1116 0326  0.1 0937  2.3 1550  0.0 2201  2.4
14  Mo       1116 0414  0.0 1024  2.4 1638 -0.1 2249  2.5
15  Tu       1116 0502  0.0 1112  2.5 1726 -0.1 2339  2.5
16  We       1116 0551  0.0 1200  2.5 1816 -0.1 9999  9.9
17  Th       1116 0029  2.4 0640  0.0 1250  2.4 1907 -0.1
18  Fr       1116 0122  2.4 0733  0.1 1342  2.4 2002  0.0
19  Sa       1116 0217  2.2 0828  0.2 1439  2.2 2100  0.2
20  Su       1116 0317  2.1 0929  0.4 1540  2.1 2203  0.3
21  Mo       1116 0420  2.0 1033  0.5 1646  2.0 2309  0.4
22  Tu       1116 0526  1.9 1140  0.5 1754  1.9 9999  9.9
23  We       1116 0013  0.4 0632  1.9 1246  0.5 1859  1.9
24  Th       1116 0114  0.5 0732  1.9 1345  0.5 1957  1.9
25  Fr       1116 0208  0.5 0823  1.9 1436  0.5 2046  1.9
26  Sa       1116 0255  0.4 0907  2.0 1520  0.4 2127  2.0
27  Su       1116 0335  0.4 0944  2.0 1557  0.4 2203  2.0
28  Mo       1116 0410  0.4 1017  2.0 1630  0.3 2237  2.0
29  Tu       1116 0442  0.4 1049  2.1 1702  0.3 2309  2.0
30  We       1116 0514  0.3 1120  2.1 1734  0.3 2343  2.1
 1  Th       1216 0548  0.3 1154  2.1 1808  0.2 9999  9.9
 2  Fr       1216 0019  2.1 0624  0.3 1231  2.1 1846  0.2
 3  Sa       1216 0059  2.1 0704  0.3 1311  2.1 1928  0.3
 4  Su       1216 0143  2.0 0748  0.4 1355  2.1 2015  0.3
 5  Mo       1216 0231  2.0 0837  0.4 1445  2.0 2108  0.4
 6  Tu       1216 0324  1.9 0933  0.5 1541  1.9 2206  0.4
 7  We       1216 0422  1.9 1034  0.5 1643  1.9 2308  0.4
 8  Th       1216 0524  1.9 1138  0.5 1749  1.9 9999  9.9
 9  Fr       1216 0010  0.4 0626  1.9 1240  0.5 1853  2.0
10  Sa       1216 0110  0.4 0725  2.0 1340  0.4 1952  2.1
11  Su       1216 0207  0.3 0821  2.1 1436  0.2 2048  2.2
12  Mo       1216 0301  0.2 0913  2.3 1529  0.1 2141  2.3
13  Tu       1216 0353  0.1 1004  2.4 1621  0.0 2233  2.4
14  We       1216 0445  0.0 1054  2.5 1711 -0.1 2324  2.4
15  Th       1216 0535  0.0 1145  2.5 1802 -0.1 9999  9.9
16  Fr       1216 0016  2.4 0626  0.0 1236  2.5 1854 -0.1
17  Sa       1216 0108  2.4 0717  0.1 1327  2.4 1946  0.0
18  Su       1216 0201  2.3 0810  0.2 1420  2.3 2040  0.1
19  Mo       1216 0255  2.2 0905  0.3 1515  2.1 2136  0.3
20  Tu       1216 0351  2.0 1003  0.4 1614  2.0 2234  0.4
21  We       1216 0449  1.9 1103  0.5 1715  1.9 2333  0.5
22  Th       1216 0549  1.8 1205  0.6 1816  1.8 9999  9.9
23  Fr       1216 0031  0.6 0648  1.8 1304  0.6 1915  1.8
24  Sa       1216 0125  0.6 0742  1.8 1358  0.6 2007  1.8
25  Su       1216 0215  0.6 0829  1.8 1445  0.5 2053  1.8
26  Mo       1216 0258  0.6 0910  1.9 1525  0.5 2132  1.9
27  Tu       1216 0338  0.5 0947  2.0 1602  0.4 2210  2.0
28  We       1216 0415  0.4 1023  2.0 1638  0.3 2247  2.0
29  Th       1216 0452  0.4 1059  2.1 1714  0.2 2324  2.1
30  Fr       1216 0530  0.3 1136  2.2 1752  0.2 9999  9.9
31  Sa       1216 0004  2.1 0609  0.3 1216  2.2 1832  0.1
