106Kaikoura
Based on data from  1-Jul-2014
Local Std Time, tidal heights in metres.
 1  Mo        724 0010  1.6 0621  0.2 1235  1.7 1854  0.2
 2  Tu        724 0106  1.6 0714  0.2 1332  1.7 1953  0.2
 3  We        724 0201  1.6 0808  0.2 1429  1.7 2050  0.2
 4  Th        724 0255  1.5 0901  0.2 1524  1.7 2145  0.2
 5  Fr        724 0349  1.5 0954  0.2 1617  1.7 2238  0.2
 6  Sa        724 0441  1.5 1047  0.2 1708  1.7 2329  0.3
 7  Su        724 0533  1.5 1138  0.3 1757  1.7 9999  9.9
 8  Mo        724 0018  0.3 0624  1.5 1227  0.3 1845  1.7
 9  Tu        724 0106  0.3 0713  1.5 1315  0.3 1931  1.6
10  We        724 0153  0.3 0801  1.5 1402  0.3 2016  1.6
11  Th        724 0238  0.4 0847  1.4 1448  0.4 2102  1.5
12  Fr        724 0323  0.4 0933  1.4 1535  0.4 2148  1.5
13  Sa        724 0407  0.4 1018  1.4 1624  0.4 2234  1.4
14  Su        724 0451  0.4 1104  1.4 1714  0.5 2322  1.4
15  Mo        724 0534  0.4 1151  1.4 1804  0.5 9999  9.9
16  Tu        724 0009  1.4 0618  0.4 1238  1.5 1855  0.5
17  We        724 0057  1.4 0703  0.4 1326  1.5 1944  0.4
18  Th        724 0143  1.4 0748  0.4 1413  1.5 2032  0.4
19  Fr        724 0230  1.4 0834  0.4 1500  1.6 2119  0.3
20  Sa        724 0317  1.5 0921  0.3 1547  1.7 2206  0.3
21  Su        724 0405  1.5 1011  0.3 1635  1.7 2254  0.2
22  Mo        724 0456  1.5 1101  0.2 1724  1.8 2343  0.2
23  Tu        724 0548  1.6 1154  0.2 1815  1.8 9999  9.9
24  We        724 0035  0.2 0641  1.6 1247  0.1 1907  1.8
25  Th        724 0128  0.2 0735  1.6 1342  0.1 2002  1.8
26  Fr        724 0222  0.2 0830  1.7 1439  0.1 2059  1.7
27  Sa        724 0317  0.2 0927  1.7 1539  0.2 2157  1.7
28  Su        724 0413  0.2 1024  1.7 1640  0.2 2257  1.6
29  Mo        724 0508  0.2 1122  1.7 1742  0.2 2355  1.6
30  Tu        724 0603  0.2 1221  1.7 1843  0.3 9999  9.9
31  We        724 0052  1.6 0658  0.2 1319  1.7 1942  0.3
 1  Th        824 0147  1.5 0752  0.2 1416  1.7 2038  0.3
 2  Fr        824 0240  1.5 0846  0.3 1509  1.7 2130  0.3
 3  Sa        824 0332  1.5 0937  0.3 1600  1.7 2219  0.3
 4  Su        824 0421  1.5 1027  0.3 1647  1.7 2305  0.3
 5  Mo        824 0510  1.5 1115  0.3 1732  1.6 2350  0.3
 6  Tu        824 0556  1.5 1201  0.3 1815  1.6 9999  9.9
 7  We        824 0034  0.3 0641  1.5 1245  0.3 1858  1.6
 8  Th        824 0116  0.4 0726  1.5 1329  0.4 1941  1.5
 9  Fr        824 0159  0.4 0810  1.4 1413  0.4 2024  1.5
10  Sa        824 0242  0.4 0854  1.4 1459  0.4 2109  1.4
11  Su        824 0325  0.4 0938  1.4 1547  0.5 2156  1.4
12  Mo        824 0409  0.4 1024  1.4 1637  0.5 2245  1.4
13  Tu        824 0454  0.4 1112  1.5 1729  0.5 2333  1.4
14  We        824 0539  0.4 1201  1.5 1820  0.4 9999  9.9
15  Th        824 0022  1.4 0626  0.4 1250  1.5 1911  0.4
16  Fr        824 0110  1.4 0713  0.4 1339  1.6 1959  0.4
17  Sa        824 0158  1.4 0802  0.3 1428  1.6 2047  0.3
18  Su        824 0247  1.5 0853  0.3 1518  1.7 2136  0.2
19  Mo        824 0337  1.5 0945  0.2 1608  1.8 2225  0.2
20  Tu        824 0429  1.6 1038  0.1 1659  1.8 2316  0.1
21  We        824 0522  1.7 1132  0.1 1751  1.8 9999  9.9
22  Th        824 0008  0.1 0617  1.7 1227  0.1 1846  1.8
23  Fr        824 0103  0.1 0712  1.7 1324  0.1 1942  1.8
24  Sa        824 0158  0.1 0809  1.8 1422  0.1 2040  1.7
25  Su        824 0255  0.1 0907  1.8 1523  0.1 2140  1.7
26  Mo        824 0351  0.2 1006  1.7 1625  0.2 2240  1.6
27  Tu        824 0448  0.2 1105  1.7 1728  0.2 2339  1.6
28  We        824 0545  0.2 1205  1.7 1829  0.3 9999  9.9
29  Th        824 0036  1.5 0640  0.3 1303  1.7 1926  0.3
30  Fr        824 0130  1.5 0735  0.3 1358  1.7 2019  0.3
31  Sa        824 0222  1.5 0827  0.3 1450  1.6 2108  0.3
 1  Su        924 0311  1.5 0918  0.3 1537  1.6 2154  0.3
 2  Mo        924 0358  1.5 1005  0.3 1622  1.6 2237  0.3
 3  Tu        924 0444  1.5 1050  0.3 1704  1.6 2319  0.4
 4  We        924 0528  1.5 1134  0.3 1745  1.6 9999  9.9
 5  Th        924 0000  0.4 0610  1.5 1216  0.4 1826  1.5
 6  Fr        924 0041  0.4 0653  1.5 1259  0.4 1907  1.5
 7  Sa        924 0122  0.4 0735  1.5 1342  0.4 1951  1.5
 8  Su        924 0204  0.4 0818  1.5 1428  0.4 2036  1.4
 9  Mo        924 0247  0.4 0902  1.5 1515  0.4 2123  1.4
10  Tu        924 0332  0.4 0948  1.5 1605  0.4 2211  1.4
11  We        924 0417  0.4 1036  1.5 1656  0.4 2300  1.4
12  Th        924 0503  0.4 1125  1.5 1748  0.4 2349  1.4
13  Fr        924 0551  0.4 1216  1.5 1838  0.4 9999  9.9
14  Sa        924 0038  1.4 0641  0.3 1307  1.6 1927  0.3
15  Su        924 0127  1.5 0733  0.3 1358  1.7 2016  0.3
16  Mo        924 0218  1.5 0826  0.2 1450  1.7 2106  0.2
17  Tu        924 0310  1.6 0921  0.2 1542  1.8 2157  0.2
18  We        924 0403  1.7 1016  0.1 1635  1.8 2249  0.1
19  Th        924 0458  1.7 1112  0.0 1729  1.8 2343  0.1
20  Fr        924 0554  1.8 1209  0.0 1825  1.8 9999  9.9
21  Sa        924 0039  0.1 0651  1.8 1307  0.0 1922  1.8
22  Su        924 0135  0.1 0749  1.8 1406  0.1 2021  1.7
23  Mo        924 0232  0.1 0847  1.8 1507  0.1 2121  1.6
24  Tu        924 0329  0.2 0946  1.8 1609  0.2 2221  1.6
25  We        924 0426  0.2 1045  1.7 1710  0.2 2319  1.5
26  Th        924 0523  0.2 1144  1.7 1808  0.3 9999  9.9
27  Fr        924 0014  1.5 0618  0.3 1241  1.6 1903  0.3
28  Sa        924 0107  1.5 0712  0.3 1334  1.6 1953  0.3
29  Su        924 0157  1.5 0804  0.3 1424  1.6 2040  0.3
30  Mo        924 0245  1.5 0853  0.3 1509  1.6 2123  0.4
 1  Tu       1024 0331  1.5 0940  0.4 1552  1.5 2204  0.4
 2  We       1024 0415  1.5 1024  0.4 1633  1.5 2245  0.4
 3  Th       1024 0458  1.5 1107  0.4 1714  1.5 2326  0.4
 4  Fr       1024 0540  1.5 1149  0.4 1755  1.5 9999  9.9
 5  Sa       1024 0006  0.4 0622  1.5 1231  0.4 1837  1.4
 6  Su       1024 0048  0.4 0704  1.5 1315  0.4 1921  1.4
 7  Mo       1024 0130  0.4 0746  1.5 1400  0.4 2007  1.4
 8  Tu       1024 0214  0.4 0830  1.5 1448  0.4 2054  1.4
 9  We       1024 0258  0.4 0916  1.5 1537  0.4 2142  1.4
10  Th       1024 0343  0.4 1003  1.5 1627  0.4 2230  1.4
11  Fr       1024 0431  0.4 1053  1.6 1717  0.4 2319  1.4
12  Sa       1024 0520  0.4 1145  1.6 1807  0.3 9999  9.9
13  Su       1024 0008  1.5 0613  0.3 1237  1.6 1857  0.3
14  Mo       1024 0059  1.5 0707  0.3 1330  1.7 1947  0.2
15  Tu       1024 0151  1.6 0803  0.2 1424  1.7 2038  0.2
16  We       1024 0245  1.7 0859  0.1 1518  1.8 2130  0.1
17  Th       1024 0341  1.7 0957  0.1 1612  1.8 2224  0.1
18  Fr       1024 0437  1.8 1054  0.1 1708  1.8 2319  0.1
19  Sa       1024 0535  1.8 1152  0.0 1805  1.7 9999  9.9
20  Su       1024 0016  0.1 0632  1.9 1250  0.1 1903  1.7
21  Mo       1024 0113  0.1 0729  1.8 1349  0.1 2002  1.7
22  Tu       1024 0210  0.1 0827  1.8 1449  0.1 2101  1.6
23  We       1024 0306  0.2 0925  1.8 1549  0.2 2158  1.6
24  Th       1024 0402  0.2 1022  1.7 1646  0.2 2254  1.5
25  Fr       1024 0457  0.3 1118  1.7 1741  0.3 2347  1.5
26  Sa       1024 0551  0.3 1212  1.6 1832  0.3 9999  9.9
27  Su       1024 0038  1.5 0644  0.3 1303  1.6 1920  0.4
28  Mo       1024 0127  1.5 0735  0.4 1351  1.5 2004  0.4
29  Tu       1024 0214  1.5 0824  0.4 1435  1.5 2047  0.4
30  We       1024 0259  1.5 0911  0.4 1518  1.5 2128  0.4
31  Th       1024 0344  1.5 0955  0.4 1600  1.5 2210  0.4
 1  Fr       1124 0427  1.5 1039  0.4 1642  1.4 2251  0.4
 2  Sa       1124 0510  1.5 1122  0.4 1725  1.4 2333  0.4
 3  Su       1124 0552  1.5 1205  0.4 1809  1.4 9999  9.9
 4  Mo       1124 0016  0.4 0634  1.5 1250  0.4 1854  1.4
 5  Tu       1124 0059  0.4 0717  1.5 1335  0.4 1940  1.4
 6  We       1124 0143  0.4 0801  1.6 1422  0.4 2027  1.4
 7  Th       1124 0228  0.4 0847  1.6 1511  0.4 2115  1.4
 8  Fr       1124 0315  0.4 0936  1.6 1600  0.3 2203  1.4
 9  Sa       1124 0404  0.3 1026  1.6 1649  0.3 2252  1.5
10  Su       1124 0455  0.3 1118  1.6 1739  0.3 2342  1.5
11  Mo       1124 0549  0.3 1212  1.6 1829  0.3 9999  9.9
12  Tu       1124 0034  1.6 0645  0.2 1306  1.7 1920  0.2
13  We       1124 0128  1.6 0743  0.2 1401  1.7 2012  0.2
14  Th       1124 0224  1.7 0842  0.2 1456  1.7 2106  0.2
15  Fr       1124 0322  1.8 0940  0.1 1552  1.7 2202  0.1
16  Sa       1124 0419  1.8 1038  0.1 1649  1.7 2258  0.1
17  Su       1124 0517  1.8 1136  0.1 1746  1.7 2355  0.1
18  Mo       1124 0614  1.9 1234  0.1 1844  1.6 9999  9.9
19  Tu       1124 0052  0.1 0710  1.8 1332  0.1 1941  1.6
20  We       1124 0147  0.2 0806  1.8 1428  0.2 2038  1.6
21  Th       1124 0242  0.2 0900  1.7 1524  0.2 2132  1.5
22  Fr       1124 0335  0.2 0954  1.7 1617  0.3 2225  1.5
23  Sa       1124 0428  0.3 1047  1.6 1708  0.3 2315  1.5
24  Su       1124 0520  0.3 1137  1.6 1756  0.4 9999  9.9
25  Mo       1124 0004  1.5 0611  0.4 1226  1.5 1841  0.4
26  Tu       1124 0051  1.5 0701  0.4 1313  1.5 1925  0.4
27  We       1124 0138  1.5 0750  0.4 1358  1.4 2008  0.4
28  Th       1124 0225  1.5 0838  0.4 1442  1.4 2051  0.4
29  Fr       1124 0310  1.5 0924  0.4 1526  1.4 2134  0.4
30  Sa       1124 0355  1.5 1009  0.4 1610  1.4 2217  0.4
 1  Su       1224 0439  1.5 1054  0.4 1654  1.4 2300  0.4
 2  Mo       1224 0522  1.5 1138  0.4 1739  1.4 2344  0.4
 3  Tu       1224 0605  1.6 1223  0.4 1825  1.4 9999  9.9
 4  We       1224 0029  0.4 0649  1.6 1309  0.3 1912  1.4
 5  Th       1224 0115  0.3 0734  1.6 1356  0.3 2000  1.4
 6  Fr       1224 0202  0.3 0822  1.6 1445  0.3 2049  1.5
 7  Sa       1224 0250  0.3 0911  1.6 1534  0.3 2138  1.5
 8  Su       1224 0341  0.3 1003  1.6 1624  0.3 2228  1.5
 9  Mo       1224 0434  0.3 1056  1.6 1714  0.3 2320  1.6
10  Tu       1224 0530  0.3 1151  1.6 1805  0.2 9999  9.9
11  We       1224 0014  1.6 0629  0.2 1246  1.6 1858  0.2
12  Th       1224 0110  1.7 0728  0.2 1342  1.6 1951  0.2
13  Fr       1224 0208  1.7 0828  0.2 1438  1.6 2046  0.2
14  Sa       1224 0306  1.7 0926  0.2 1534  1.6 2143  0.2
15  Su       1224 0404  1.8 1024  0.2 1631  1.6 2239  0.2
16  Mo       1224 0500  1.8 1121  0.2 1728  1.6 2335  0.2
17  Tu       1224 0556  1.8 1216  0.2 1824  1.6 9999  9.9
18  We       1224 0030  0.2 0649  1.8 1311  0.2 1919  1.6
19  Th       1224 0124  0.2 0742  1.7 1404  0.2 2012  1.5
20  Fr       1224 0215  0.2 0833  1.7 1455  0.3 2102  1.5
21  Sa       1224 0306  0.3 0923  1.6 1544  0.3 2151  1.5
22  Su       1224 0355  0.3 1012  1.6 1631  0.4 2239  1.5
23  Mo       1224 0445  0.4 1100  1.5 1716  0.4 2326  1.5
24  Tu       1224 0535  0.4 1147  1.5 1800  0.4 9999  9.9
25  We       1224 0013  1.4 0625  0.4 1233  1.4 1844  0.4
26  Th       1224 0100  1.4 0715  0.4 1319  1.4 1928  0.4
27  Fr       1224 0148  1.5 0803  0.4 1405  1.4 2012  0.4
28  Sa       1224 0235  1.5 0851  0.4 1450  1.4 2056  0.4
29  Su       1224 0320  1.5 0937  0.4 1536  1.4 2141  0.4
30  Mo       1224 0405  1.5 1022  0.4 1621  1.4 2227  0.4
31  Tu       1224 0450  1.6 1107  0.3 1708  1.4 2313  0.3
 1  We        125 0535  1.6 1153  0.3 1755  1.5 9999  9.9
 2  Th        125 0000  0.3 0620  1.7 1240  0.3 1844  1.5
 3  Fr        125 0048  0.3 0708  1.7 1329  0.3 1933  1.5
 4  Sa        125 0137  0.2 0758  1.7 1419  0.3 2023  1.5
 5  Su        125 0229  0.2 0849  1.7 1509  0.2 2115  1.6
 6  Mo        125 0322  0.2 0943  1.7 1601  0.2 2207  1.6
 7  Tu        125 0418  0.2 1038  1.6 1653  0.2 2302  1.6
 8  We        125 0517  0.2 1135  1.6 1746  0.2 2358  1.6
 9  Th        125 0617  0.2 1231  1.6 1840  0.2 9999  9.9
10  Fr        125 0056  1.7 0717  0.2 1327  1.6 1934  0.2
11  Sa        125 0154  1.7 0816  0.2 1423  1.6 2030  0.2
12  Su        125 0253  1.7 0914  0.2 1519  1.5 2126  0.2
13  Mo        125 0349  1.7 1009  0.2 1614  1.5 2222  0.2
14  Tu        125 0444  1.7 1103  0.2 1708  1.5 2316  0.2
15  We        125 0536  1.7 1155  0.3 1801  1.5 9999  9.9
16  Th        125 0008  0.2 0626  1.7 1245  0.3 1853  1.5
17  Fr        125 0058  0.3 0715  1.7 1334  0.3 1942  1.5
18  Sa        125 0147  0.3 0802  1.6 1421  0.3 2030  1.5
19  Su        125 0234  0.3 0849  1.5 1507  0.4 2116  1.5
20  Mo        125 0322  0.4 0935  1.5 1551  0.4 2202  1.5
21  Tu        125 0410  0.4 1022  1.5 1635  0.4 2248  1.4
22  We        125 0459  0.4 1108  1.4 1719  0.4 2334  1.4
23  Th        125 0549  0.5 1155  1.4 1803  0.4 9999  9.9
24  Fr        125 0022  1.4 0639  0.5 1242  1.4 1848  0.4
25  Sa        125 0110  1.5 0728  0.4 1328  1.4 1933  0.4
26  Su        125 0157  1.5 0815  0.4 1414  1.4 2019  0.4
27  Mo        125 0244  1.5 0902  0.4 1500  1.4 2106  0.4
28  Tu        125 0330  1.6 0947  0.4 1547  1.4 2153  0.3
29  We        125 0416  1.6 1033  0.3 1635  1.5 2242  0.3
30  Th        125 0503  1.7 1121  0.3 1724  1.5 2331  0.2
31  Fr        125 0552  1.7 1210  0.2 1815  1.6 9999  9.9
 1  Sa        225 0023  0.2 0642  1.7 1300  0.2 1906  1.6
 2  Su        225 0115  0.2 0734  1.7 1352  0.2 1959  1.6
 3  Mo        225 0210  0.2 0829  1.7 1445  0.2 2054  1.7
 4  Tu        225 0306  0.2 0926  1.7 1540  0.2 2149  1.7
 5  We        225 0405  0.2 1023  1.6 1634  0.2 2246  1.7
 6  Th        225 0506  0.2 1121  1.6 1729  0.2 2345  1.7
 7  Fr        225 0607  0.2 1218  1.6 1825  0.2 9999  9.9
 8  Sa        225 0044  1.7 0707  0.3 1315  1.5 1920  0.3
 9  Su        225 0142  1.7 0805  0.3 1410  1.5 2016  0.3
10  Mo        225 0239  1.7 0859  0.3 1503  1.5 2111  0.3
11  Tu        225 0333  1.7 0951  0.3 1556  1.5 2204  0.3
12  We        225 0424  1.7 1041  0.3 1647  1.5 2255  0.3
13  Th        225 0513  1.6 1129  0.3 1736  1.5 2344  0.3
14  Fr        225 0600  1.6 1215  0.3 1824  1.5 9999  9.9
15  Sa        225 0031  0.3 0645  1.6 1301  0.4 1910  1.5
16  Su        225 0117  0.3 0729  1.5 1345  0.4 1955  1.5
17  Mo        225 0203  0.4 0814  1.5 1429  0.4 2040  1.5
18  Tu        225 0249  0.4 0900  1.4 1512  0.4 2124  1.5
19  We        225 0336  0.4 0946  1.4 1556  0.4 2210  1.4
20  Th        225 0425  0.5 1033  1.4 1640  0.4 2256  1.4
21  Fr        225 0514  0.5 1120  1.4 1725  0.4 2344  1.5
22  Sa        225 0604  0.4 1207  1.4 1810  0.4 9999  9.9
23  Su        225 0032  1.5 0652  0.4 1253  1.4 1856  0.4
24  Mo        225 0120  1.5 0739  0.4 1339  1.4 1943  0.4
25  Tu        225 0207  1.6 0825  0.4 1425  1.4 2031  0.3
26  We        225 0255  1.6 0911  0.3 1513  1.5 2121  0.3
27  Th        225 0343  1.7 0958  0.3 1602  1.5 2212  0.2
28  Fr        225 0432  1.7 1047  0.2 1654  1.6 2305  0.2
 1  Sa        325 0524  1.7 1138  0.2 1747  1.7 2359  0.1
 2  Su        325 0617  1.7 1231  0.2 1841  1.7 9999  9.9
 3  Mo        325 0055  0.1 0712  1.7 1326  0.2 1937  1.7
 4  Tu        325 0152  0.1 0810  1.7 1422  0.2 2034  1.7
 5  We        325 0252  0.1 0909  1.7 1519  0.2 2132  1.7
 6  Th        325 0353  0.2 1009  1.6 1616  0.2 2231  1.7
 7  Fr        325 0455  0.2 1108  1.6 1713  0.2 2331  1.7
 8  Sa        325 0556  0.2 1205  1.5 1810  0.3 9999  9.9
 9  Su        325 0031  1.7 0654  0.3 1301  1.5 1906  0.3
10  Mo        325 0128  1.7 0749  0.3 1354  1.5 2001  0.3
11  Tu        325 0222  1.6 0840  0.3 1445  1.5 2054  0.3
12  We        325 0313  1.6 0928  0.3 1535  1.5 2144  0.3
13  Th        325 0401  1.6 1014  0.4 1622  1.5 2233  0.3
14  Fr        325 0446  1.6 1058  0.4 1709  1.5 2319  0.3
15  Sa        325 0530  1.5 1141  0.4 1754  1.5 9999  9.9
16  Su        325 0004  0.4 0613  1.5 1224  0.4 1838  1.5
17  Mo        325 0048  0.4 0656  1.4 1307  0.4 1921  1.5
18  Tu        325 0132  0.4 0740  1.4 1350  0.4 2004  1.5
19  We        325 0217  0.4 0826  1.4 1434  0.5 2048  1.5
20  Th        325 0305  0.4 0913  1.4 1518  0.5 2134  1.5
21  Fr        325 0353  0.4 1000  1.4 1603  0.5 2220  1.5
22  Sa        325 0442  0.4 1047  1.4 1648  0.5 2307  1.5
23  Su        325 0530  0.4 1133  1.4 1734  0.4 2355  1.5
24  Mo        325 0618  0.4 1219  1.4 1821  0.4 9999  9.9
25  Tu        325 0044  1.5 0704  0.4 1305  1.4 1909  0.4
26  We        325 0132  1.6 0750  0.3 1352  1.5 2000  0.3
27  Th        325 0222  1.6 0836  0.3 1441  1.6 2052  0.2
28  Fr        325 0312  1.7 0925  0.2 1532  1.6 2146  0.2
29  Sa        325 0404  1.7 1016  0.2 1626  1.7 2241  0.1
30  Su        325 0457  1.7 1109  0.2 1722  1.7 2338  0.1
31  Mo        325 0553  1.7 1205  0.1 1819  1.8 9999  9.9
 1  Tu        425 0036  0.1 0651  1.7 1302  0.1 1916  1.8
 2  We        425 0136  0.1 0751  1.7 1400  0.2 2015  1.8
 3  Th        425 0237  0.1 0852  1.6 1459  0.2 2115  1.8
 4  Fr        425 0339  0.2 0952  1.6 1557  0.2 2215  1.7
 5  Sa        425 0441  0.2 1051  1.6 1655  0.2 2314  1.7
 6  Su        425 0540  0.2 1148  1.5 1752  0.3 9999  9.9
 7  Mo        425 0013  1.7 0635  0.3 1242  1.5 1848  0.3
 8  Tu        425 0108  1.6 0727  0.3 1334  1.5 1941  0.3
 9  We        425 0159  1.6 0815  0.3 1423  1.5 2033  0.3
10  Th        425 0247  1.6 0900  0.4 1510  1.5 2121  0.3
11  Fr        425 0332  1.5 0942  0.4 1555  1.5 2208  0.4
12  Sa        425 0415  1.5 1024  0.4 1640  1.5 2252  0.4
13  Su        425 0457  1.4 1106  0.4 1723  1.5 2336  0.4
14  Mo        425 0540  1.4 1148  0.4 1806  1.5 9999  9.9
15  Tu        425 0019  0.4 0623  1.4 1230  0.4 1848  1.5
16  We        425 0103  0.4 0708  1.4 1314  0.5 1931  1.5
17  Th        425 0148  0.4 0754  1.4 1358  0.5 2014  1.5
18  Fr        425 0235  0.4 0841  1.4 1442  0.5 2059  1.5
19  Sa        425 0323  0.4 0928  1.4 1527  0.5 2145  1.5
20  Su        425 0411  0.4 1015  1.4 1613  0.4 2233  1.5
21  Mo        425 0458  0.4 1101  1.4 1700  0.4 2321  1.5
22  Tu        425 0544  0.4 1147  1.4 1749  0.4 9999  9.9
23  We        425 0011  1.6 0630  0.3 1234  1.5 1840  0.3
24  Th        425 0101  1.6 0717  0.3 1322  1.6 1933  0.3
25  Fr        425 0152  1.6 0805  0.2 1414  1.6 2028  0.2
26  Sa        425 0244  1.7 0855  0.2 1507  1.7 2124  0.1
27  Su        425 0338  1.7 0948  0.2 1603  1.8 2221  0.1
28  Mo        425 0434  1.7 1043  0.1 1700  1.8 2320  0.1
29  Tu        425 0531  1.7 1141  0.1 1758  1.8 9999  9.9
30  We        425 0019  0.1 0631  1.7 1239  0.1 1857  1.9
 1  Th        525 0119  0.1 0731  1.6 1338  0.1 1956  1.8
 2  Fr        525 0220  0.1 0832  1.6 1437  0.2 2055  1.8
 3  Sa        525 0321  0.2 0932  1.6 1536  0.2 2154  1.7
 4  Su        525 0420  0.2 1030  1.6 1633  0.2 2252  1.7
 5  Mo        525 0517  0.2 1125  1.5 1729  0.3 2348  1.6
 6  Tu        525 0609  0.3 1218  1.5 1824  0.3 9999  9.9
 7  We        525 0041  1.6 0658  0.3 1307  1.5 1917  0.4
 8  Th        525 0130  1.5 0743  0.4 1355  1.5 2007  0.4
 9  Fr        525 0216  1.5 0826  0.4 1441  1.5 2055  0.4
10  Sa        525 0300  1.5 0908  0.4 1526  1.5 2140  0.4
11  Su        525 0343  1.4 0949  0.4 1610  1.5 2224  0.4
12  Mo        525 0425  1.4 1031  0.4 1653  1.5 2308  0.4
13  Tu        525 0508  1.4 1113  0.4 1735  1.5 2351  0.4
14  We        525 0552  1.4 1156  0.4 1817  1.5 9999  9.9
15  Th        525 0035  0.4 0637  1.4 1240  0.4 1859  1.5
16  Fr        525 0119  0.4 0723  1.4 1324  0.4 1942  1.5
17  Sa        525 0205  0.4 0810  1.4 1408  0.4 2027  1.5
18  Su        525 0252  0.4 0857  1.4 1454  0.4 2113  1.5
19  Mo        525 0339  0.4 0943  1.4 1541  0.4 2201  1.6
20  Tu        525 0426  0.4 1030  1.4 1630  0.4 2251  1.6
21  We        525 0513  0.3 1117  1.5 1722  0.3 2342  1.6
22  Th        525 0600  0.3 1206  1.5 1816  0.3 9999  9.9
23  Fr        525 0034  1.6 0648  0.3 1258  1.6 1912  0.2
24  Sa        525 0128  1.6 0738  0.2 1352  1.7 2009  0.2
25  Su        525 0222  1.6 0831  0.2 1447  1.7 2107  0.1
26  Mo        525 0317  1.7 0925  0.1 1545  1.8 2205  0.1
27  Tu        525 0414  1.7 1022  0.1 1642  1.8 2303  0.1
28  We        525 0512  1.7 1120  0.1 1740  1.9 9999  9.9
29  Th        525 0002  0.1 0611  1.6 1218  0.1 1838  1.9
30  Fr        525 0101  0.1 0711  1.6 1316  0.1 1935  1.8
31  Sa        525 0200  0.2 0810  1.6 1414  0.2 2032  1.8
 1  Su        625 0258  0.2 0907  1.6 1510  0.2 2129  1.7
 2  Mo        625 0354  0.2 1003  1.5 1606  0.3 2224  1.6
 3  Tu        625 0447  0.3 1056  1.5 1701  0.3 2317  1.6
 4  We        625 0536  0.3 1147  1.5 1755  0.4 9999  9.9
 5  Th        625 0008  1.5 0623  0.3 1236  1.5 1847  0.4
 6  Fr        625 0056  1.5 0707  0.4 1324  1.5 1937  0.4
 7  Sa        625 0142  1.4 0750  0.4 1410  1.5 2025  0.4
 8  Su        625 0226  1.4 0833  0.4 1455  1.5 2111  0.4
 9  Mo        625 0310  1.4 0915  0.4 1539  1.5 2155  0.4
10  Tu        625 0353  1.4 0958  0.4 1622  1.5 2239  0.4
11  We        625 0437  1.4 1041  0.4 1704  1.5 2322  0.4
12  Th        625 0521  1.4 1124  0.4 1746  1.6 9999  9.9
13  Fr        625 0005  0.4 0606  1.4 1207  0.4 1828  1.6
14  Sa        625 0049  0.4 0652  1.4 1252  0.4 1911  1.6
15  Su        625 0135  0.4 0738  1.4 1337  0.4 1957  1.6
16  Mo        625 0221  0.3 0825  1.4 1424  0.4 2044  1.6
17  Tu        625 0308  0.3 0913  1.5 1514  0.3 2134  1.6
18  We        625 0356  0.3 1001  1.5 1606  0.3 2225  1.6
19  Th        625 0445  0.3 1052  1.5 1700  0.3 2319  1.6
20  Fr        625 0534  0.3 1144  1.6 1758  0.3 9999  9.9
21  Sa        625 0013  1.6 0625  0.2 1238  1.6 1856  0.2
22  Su        625 0108  1.6 0717  0.2 1335  1.7 1955  0.2
23  Mo        625 0204  1.6 0811  0.2 1432  1.8 2054  0.2
24  Tu        625 0300  1.6 0907  0.2 1530  1.8 2151  0.1
25  We        625 0357  1.6 1004  0.1 1627  1.8 2248  0.1
26  Th        625 0454  1.6 1101  0.1 1723  1.9 2345  0.1
27  Fr        625 0552  1.6 1158  0.1 1818  1.8 9999  9.9
28  Sa        625 0041  0.2 0649  1.6 1254  0.2 1913  1.8
29  Su        625 0136  0.2 0744  1.6 1349  0.2 2006  1.7
30  Mo        625 0229  0.2 0839  1.5 1442  0.3 2059  1.7
