106Kaikoura
Based on data from  1-Jul-2012
Local Std Time, tidal heights in metres.
 1  Th        115 0107  1.9 0725  0.4 1337  1.8 1946  0.4
 2  Fr        115 0203  1.8 0822  0.4 1431  1.7 2039  0.4
 3  Sa        115 0258  1.8 0916  0.4 1523  1.7 2131  0.4
 4  Su        115 0350  1.8 1007  0.4 1614  1.7 2222  0.4
 5  Mo        115 0440  1.8 1056  0.5 1703  1.7 2311  0.4
 6  Tu        115 0527  1.8 1143  0.5 1751  1.7 2358  0.5
 7  We        115 0613  1.8 1229  0.5 1837  1.7 9999  9.9
 8  Th        115 0043  0.5 0657  1.8 1313  0.5 1922  1.6
 9  Fr        115 0128  0.5 0740  1.7 1357  0.5 2006  1.6
10  Sa        115 0211  0.5 0823  1.7 1440  0.5 2050  1.6
11  Su        115 0255  0.5 0907  1.7 1524  0.5 2134  1.6
12  Mo        115 0340  0.6 0952  1.7 1607  0.5 2218  1.6
13  Tu        115 0427  0.6 1038  1.7 1651  0.5 2303  1.6
14  We        115 0514  0.6 1124  1.6 1735  0.5 2349  1.7
15  Th        115 0603  0.6 1211  1.6 1820  0.5 9999  9.9
16  Fr        115 0036  1.7 0652  0.5 1259  1.7 1906  0.5
17  Sa        115 0125  1.7 0742  0.5 1347  1.7 1954  0.5
18  Su        115 0214  1.8 0832  0.4 1436  1.7 2044  0.4
19  Mo        115 0306  1.9 0923  0.4 1527  1.8 2136  0.4
20  Tu        115 0358  1.9 1015  0.3 1620  1.8 2230  0.3
21  We        115 0451  2.0 1108  0.3 1715  1.9 2325  0.2
22  Th        115 0545  2.0 1202  0.3 1810  1.9 9999  9.9
23  Fr        115 0021  0.2 0640  2.0 1257  0.2 1907  1.9
24  Sa        115 0118  0.2 0737  2.0 1354  0.2 2004  1.9
25  Su        115 0216  0.2 0834  2.0 1451  0.3 2101  1.9
26  Mo        115 0314  0.2 0932  1.9 1547  0.3 2159  1.9
27  Tu        115 0413  0.3 1031  1.9 1644  0.3 2256  1.9
28  We        115 0513  0.3 1129  1.8 1740  0.4 2354  1.9
29  Th        115 0613  0.4 1226  1.8 1834  0.4 9999  9.9
30  Fr        115 0051  1.8 0710  0.4 1320  1.7 1928  0.4
31  Sa        115 0146  1.8 0805  0.4 1413  1.7 2020  0.4
 1  Su        215 0239  1.8 0857  0.5 1503  1.7 2111  0.5
 2  Mo        215 0329  1.8 0945  0.5 1551  1.7 2159  0.5
 3  Tu        215 0416  1.8 1031  0.5 1638  1.6 2246  0.5
 4  We        215 0501  1.8 1115  0.5 1723  1.6 2331  0.5
 5  Th        215 0544  1.7 1158  0.5 1807  1.6 9999  9.9
 6  Fr        215 0014  0.5 0626  1.7 1240  0.5 1850  1.6
 7  Sa        215 0057  0.5 0707  1.7 1322  0.5 1933  1.6
 8  Su        215 0139  0.5 0750  1.7 1404  0.5 2015  1.6
 9  Mo        215 0223  0.5 0833  1.7 1447  0.5 2058  1.6
10  Tu        215 0307  0.5 0918  1.7 1530  0.6 2142  1.7
11  We        215 0353  0.6 1004  1.6 1614  0.6 2227  1.7
12  Th        215 0441  0.5 1051  1.6 1659  0.5 2313  1.7
13  Fr        215 0530  0.5 1138  1.6 1744  0.5 9999  9.9
14  Sa        215 0002  1.7 0620  0.5 1226  1.7 1832  0.5
15  Su        215 0052  1.8 0710  0.5 1315  1.7 1923  0.4
16  Mo        215 0144  1.8 0802  0.4 1407  1.8 2015  0.4
17  Tu        215 0237  1.9 0854  0.4 1459  1.8 2110  0.3
18  We        215 0331  1.9 0947  0.3 1554  1.9 2206  0.3
19  Th        215 0426  2.0 1041  0.3 1650  1.9 2303  0.2
20  Fr        215 0522  2.0 1137  0.2 1747  2.0 9999  9.9
21  Sa        215 0000  0.2 0618  2.0 1233  0.2 1845  2.0
22  Su        215 0058  0.2 0716  2.0 1331  0.2 1943  2.0
23  Mo        215 0157  0.2 0814  2.0 1429  0.3 2041  2.0
24  Tu        215 0257  0.2 0914  1.9 1526  0.3 2139  1.9
25  We        215 0357  0.3 1013  1.9 1623  0.3 2237  1.9
26  Th        215 0456  0.3 1110  1.8 1719  0.4 2334  1.9
27  Fr        215 0555  0.4 1206  1.7 1813  0.4 9999  9.9
28  Sa        215 0030  1.8 0651  0.4 1300  1.7 1906  0.5
 1  Su        315 0124  1.8 0743  0.5 1350  1.7 1958  0.5
 2  Mo        315 0215  1.8 0832  0.5 1438  1.7 2047  0.5
 3  Tu        315 0303  1.7 0917  0.5 1524  1.6 2133  0.5
 4  We        315 0347  1.7 1000  0.5 1609  1.6 2218  0.5
 5  Th        315 0430  1.7 1042  0.5 1652  1.6 2301  0.5
 6  Fr        315 0512  1.7 1124  0.5 1735  1.6 2344  0.5
 7  Sa        315 0553  1.7 1205  0.5 1817  1.7 9999  9.9
 8  Su        315 0026  0.5 0635  1.7 1247  0.5 1859  1.7
 9  Mo        315 0109  0.5 0718  1.7 1329  0.6 1942  1.7
10  Tu        315 0152  0.5 0802  1.6 1412  0.6 2025  1.7
11  We        315 0238  0.5 0847  1.6 1456  0.6 2109  1.7
12  Th        315 0324  0.5 0934  1.6 1541  0.5 2155  1.7
13  Fr        315 0413  0.5 1021  1.6 1627  0.5 2243  1.7
14  Sa        315 0502  0.5 1110  1.7 1715  0.5 2332  1.8
15  Su        315 0552  0.5 1159  1.7 1804  0.5 9999  9.9
16  Mo        315 0024  1.8 0643  0.4 1249  1.7 1857  0.4
17  Tu        315 0118  1.9 0735  0.4 1341  1.8 1951  0.3
18  We        315 0212  1.9 0828  0.3 1435  1.9 2048  0.3
19  Th        315 0307  2.0 0921  0.3 1531  1.9 2145  0.2
20  Fr        315 0403  2.0 1016  0.2 1627  2.0 2243  0.2
21  Sa        315 0459  2.0 1112  0.2 1725  2.0 2341  0.2
22  Su        315 0556  2.0 1210  0.2 1823  2.0 9999  9.9
23  Mo        315 0039  0.2 0655  2.0 1307  0.2 1921  2.0
24  Tu        315 0138  0.2 0754  1.9 1405  0.3 2019  2.0
25  We        315 0237  0.3 0853  1.9 1503  0.3 2117  1.9
26  Th        315 0337  0.3 0951  1.8 1559  0.4 2214  1.9
27  Fr        315 0435  0.4 1048  1.8 1654  0.4 2310  1.8
28  Sa        315 0531  0.4 1142  1.7 1748  0.5 9999  9.9
29  Su        315 0004  1.8 0624  0.5 1233  1.7 1840  0.5
30  Mo        315 0056  1.8 0714  0.5 1322  1.7 1929  0.5
31  Tu        315 0144  1.7 0800  0.5 1408  1.6 2017  0.5
 1  We        415 0230  1.7 0843  0.5 1453  1.6 2103  0.5
 2  Th        415 0314  1.7 0925  0.5 1537  1.6 2147  0.5
 3  Fr        415 0356  1.7 1006  0.5 1620  1.7 2231  0.5
 4  Sa        415 0438  1.7 1048  0.5 1702  1.7 2313  0.5
 5  Su        415 0520  1.7 1129  0.5 1744  1.7 2356  0.5
 6  Mo        415 0603  1.7 1212  0.5 1827  1.7 9999  9.9
 7  Tu        415 0040  0.5 0647  1.6 1255  0.5 1910  1.7
 8  We        415 0124  0.5 0732  1.6 1340  0.5 1954  1.7
 9  Th        415 0211  0.5 0819  1.6 1425  0.5 2040  1.7
10  Fr        415 0259  0.5 0907  1.6 1512  0.5 2127  1.8
11  Sa        415 0348  0.5 0956  1.7 1600  0.5 2217  1.8
12  Su        415 0438  0.5 1046  1.7 1650  0.5 2309  1.8
13  Mo        415 0529  0.4 1136  1.7 1742  0.4 9999  9.9
14  Tu        415 0002  1.8 0621  0.4 1228  1.8 1836  0.4
15  We        415 0056  1.9 0713  0.3 1321  1.8 1932  0.3
16  Th        415 0151  1.9 0805  0.3 1415  1.9 2029  0.3
17  Fr        415 0246  1.9 0859  0.3 1511  1.9 2127  0.2
18  Sa        415 0342  1.9 0954  0.3 1608  2.0 2225  0.2
19  Su        415 0438  1.9 1050  0.3 1705  2.0 2323  0.2
20  Mo        415 0536  1.9 1147  0.3 1802  2.0 9999  9.9
21  Tu        415 0020  0.2 0633  1.9 1244  0.3 1859  2.0
22  We        415 0118  0.3 0731  1.8 1341  0.3 1956  2.0
23  Th        415 0216  0.3 0829  1.8 1437  0.4 2052  1.9
24  Fr        415 0313  0.4 0926  1.8 1531  0.4 2146  1.9
25  Sa        415 0408  0.4 1020  1.7 1625  0.4 2240  1.8
26  Su        415 0501  0.5 1112  1.7 1717  0.5 2332  1.8
27  Mo        415 0551  0.5 1202  1.7 1807  0.5 9999  9.9
28  Tu        415 0021  1.7 0638  0.5 1249  1.7 1856  0.5
29  We        415 0108  1.7 0723  0.5 1334  1.7 1944  0.5
30  Th        415 0153  1.7 0806  0.5 1419  1.7 2030  0.5
 1  Fr        515 0237  1.7 0848  0.5 1503  1.7 2115  0.5
 2  Sa        515 0320  1.7 0929  0.5 1546  1.7 2158  0.5
 3  Su        515 0403  1.7 1011  0.5 1629  1.7 2242  0.5
 4  Mo        515 0446  1.7 1054  0.5 1712  1.7 2326  0.5
 5  Tu        515 0531  1.7 1138  0.5 1755  1.8 9999  9.9
 6  We        515 0011  0.5 0616  1.7 1223  0.5 1840  1.8
 7  Th        515 0057  0.5 0704  1.7 1309  0.5 1926  1.8
 8  Fr        515 0145  0.4 0753  1.7 1357  0.5 2014  1.8
 9  Sa        515 0234  0.4 0843  1.7 1446  0.5 2103  1.8
10  Su        515 0325  0.4 0933  1.7 1537  0.4 2155  1.8
11  Mo        515 0417  0.4 1025  1.7 1630  0.4 2249  1.8
12  Tu        515 0509  0.4 1117  1.8 1724  0.4 2343  1.9
13  We        515 0601  0.4 1210  1.8 1820  0.4 9999  9.9
14  Th        515 0038  1.9 0653  0.3 1304  1.9 1918  0.3
15  Fr        515 0134  1.9 0746  0.3 1359  1.9 2015  0.3
16  Sa        515 0229  1.9 0840  0.3 1455  1.9 2112  0.3
17  Su        515 0324  1.9 0934  0.3 1551  2.0 2209  0.3
18  Mo        515 0420  1.9 1029  0.3 1647  2.0 2306  0.3
19  Tu        515 0516  1.8 1125  0.3 1743  2.0 9999  9.9
20  We        515 0002  0.3 0612  1.8 1220  0.3 1837  2.0
21  Th        515 0057  0.3 0708  1.8 1315  0.4 1931  1.9
22  Fr        515 0151  0.4 0803  1.7 1408  0.4 2023  1.9
23  Sa        515 0245  0.4 0856  1.7 1500  0.4 2115  1.8
24  Su        515 0337  0.4 0948  1.7 1551  0.5 2205  1.8
25  Mo        515 0426  0.5 1037  1.7 1641  0.5 2254  1.7
26  Tu        515 0514  0.5 1125  1.6 1730  0.6 2342  1.7
27  We        515 0559  0.5 1212  1.6 1819  0.6 9999  9.9
28  Th        515 0029  1.7 0643  0.5 1257  1.7 1907  0.6
29  Fr        515 0115  1.7 0726  0.5 1342  1.7 1954  0.6
30  Sa        515 0200  1.6 0809  0.5 1427  1.7 2040  0.5
31  Su        515 0244  1.6 0852  0.5 1511  1.7 2125  0.5
 1  Mo        615 0328  1.7 0935  0.5 1555  1.7 2210  0.5
 2  Tu        615 0413  1.7 1019  0.5 1639  1.8 2256  0.5
 3  We        615 0459  1.7 1105  0.5 1725  1.8 2342  0.4
 4  Th        615 0546  1.7 1152  0.4 1811  1.9 9999  9.9
 5  Fr        615 0030  0.4 0636  1.7 1241  0.4 1859  1.9
 6  Sa        615 0119  0.4 0727  1.7 1331  0.4 1950  1.9
 7  Su        615 0211  0.4 0819  1.8 1423  0.4 2042  1.9
 8  Mo        615 0303  0.4 0912  1.8 1517  0.4 2136  1.9
 9  Tu        615 0357  0.3 1005  1.8 1613  0.4 2231  1.9
10  We        615 0450  0.3 1100  1.8 1709  0.4 2327  1.9
11  Th        615 0544  0.3 1155  1.8 1807  0.4 9999  9.9
12  Fr        615 0023  1.9 0637  0.3 1250  1.9 1906  0.4
13  Sa        615 0119  1.8 0730  0.3 1346  1.9 2003  0.3
14  Su        615 0214  1.8 0824  0.3 1442  1.9 2100  0.3
15  Mo        615 0309  1.8 0918  0.3 1537  1.9 2155  0.3
16  Tu        615 0403  1.8 1011  0.3 1631  1.9 2249  0.3
17  We        615 0457  1.8 1105  0.3 1723  1.9 2342  0.4
18  Th        615 0550  1.7 1157  0.4 1814  1.9 9999  9.9
19  Fr        615 0033  0.4 0642  1.7 1248  0.4 1904  1.9
20  Sa        615 0124  0.4 0733  1.7 1338  0.4 1953  1.8
21  Su        615 0213  0.4 0823  1.7 1427  0.5 2040  1.8
22  Mo        615 0301  0.5 0912  1.7 1515  0.5 2127  1.7
23  Tu        615 0347  0.5 0959  1.6 1603  0.5 2214  1.7
24  We        615 0433  0.5 1046  1.6 1651  0.6 2302  1.7
25  Th        615 0518  0.5 1132  1.6 1740  0.6 2349  1.6
26  Fr        615 0603  0.5 1218  1.7 1829  0.6 9999  9.9
27  Sa        615 0036  1.6 0647  0.5 1304  1.7 1918  0.6
28  Su        615 0122  1.6 0731  0.5 1350  1.7 2005  0.5
29  Mo        615 0208  1.6 0815  0.5 1436  1.7 2052  0.5
30  Tu        615 0253  1.7 0900  0.5 1522  1.8 2138  0.5
 1  We        715 0340  1.7 0947  0.4 1608  1.8 2225  0.4
 2  Th        715 0428  1.7 1034  0.4 1655  1.9 2313  0.4
 3  Fr        715 0517  1.8 1124  0.4 1744  1.9 9999  9.9
 4  Sa        715 0003  0.3 0609  1.8 1215  0.3 1834  2.0
 5  Su        715 0054  0.3 0701  1.8 1308  0.3 1927  2.0
 6  Mo        715 0147  0.3 0756  1.8 1403  0.3 2021  2.0
 7  Tu        715 0241  0.3 0851  1.9 1459  0.3 2117  1.9
 8  We        715 0336  0.3 0946  1.9 1556  0.3 2214  1.9
 9  Th        715 0431  0.3 1043  1.9 1656  0.3 2312  1.9
10  Fr        715 0527  0.3 1140  1.9 1755  0.4 9999  9.9
11  Sa        715 0009  1.8 0621  0.3 1237  1.9 1855  0.4
12  Su        715 0106  1.8 0716  0.3 1334  1.9 1953  0.4
13  Mo        715 0201  1.8 0809  0.4 1429  1.9 2048  0.4
14  Tu        715 0254  1.8 0902  0.4 1523  1.9 2141  0.4
15  We        715 0346  1.7 0954  0.4 1614  1.9 2232  0.4
16  Th        715 0437  1.7 1045  0.4 1703  1.9 2320  0.4
17  Fr        715 0527  1.7 1134  0.4 1750  1.9 9999  9.9
18  Sa        715 0008  0.4 0616  1.7 1221  0.4 1836  1.8
19  Su        715 0054  0.5 0703  1.7 1307  0.5 1920  1.8
20  Mo        715 0139  0.5 0749  1.7 1353  0.5 2005  1.7
21  Tu        715 0224  0.5 0835  1.6 1439  0.5 2050  1.7
22  We        715 0308  0.5 0920  1.6 1525  0.6 2136  1.7
23  Th        715 0353  0.5 1006  1.6 1613  0.6 2223  1.6
24  Fr        715 0438  0.5 1052  1.6 1702  0.6 2310  1.6
25  Sa        715 0523  0.5 1139  1.7 1752  0.6 2358  1.6
26  Su        715 0608  0.5 1226  1.7 1841  0.6 9999  9.9
27  Mo        715 0045  1.6 0653  0.5 1314  1.7 1930  0.5
28  Tu        715 0132  1.7 0739  0.5 1401  1.8 2018  0.5
29  We        715 0220  1.7 0827  0.4 1449  1.8 2106  0.4
30  Th        715 0308  1.7 0915  0.4 1537  1.9 2154  0.4
31  Fr        715 0358  1.8 1006  0.3 1627  2.0 2244  0.3
 1  Sa        815 0449  1.8 1058  0.3 1718  2.0 2336  0.3
 2  Su        815 0543  1.9 1152  0.2 1811  2.0 9999  9.9
 3  Mo        815 0029  0.2 0637  1.9 1247  0.2 1905  2.0
 4  Tu        815 0123  0.2 0733  1.9 1343  0.2 2001  2.0
 5  We        815 0219  0.2 0830  1.9 1441  0.2 2058  2.0
 6  Th        815 0315  0.3 0927  1.9 1540  0.3 2157  1.9
 7  Fr        815 0412  0.3 1025  1.9 1641  0.3 2256  1.9
 8  Sa        815 0509  0.3 1124  1.9 1742  0.4 2355  1.8
 9  Su        815 0605  0.3 1222  1.9 1842  0.4 9999  9.9
10  Mo        815 0051  1.8 0700  0.4 1319  1.9 1939  0.4
11  Tu        815 0146  1.7 0754  0.4 1414  1.9 2033  0.4
12  We        815 0238  1.7 0846  0.4 1506  1.9 2123  0.4
13  Th        815 0328  1.7 0936  0.4 1554  1.8 2210  0.4
14  Fr        815 0416  1.7 1024  0.4 1640  1.8 2256  0.5
15  Sa        815 0503  1.7 1110  0.4 1724  1.8 2339  0.5
16  Su        815 0548  1.7 1154  0.5 1807  1.8 9999  9.9
17  Mo        815 0022  0.5 0632  1.7 1238  0.5 1849  1.7
18  Tu        815 0105  0.5 0716  1.7 1321  0.5 1931  1.7
19  We        815 0147  0.5 0759  1.7 1405  0.5 2015  1.7
20  Th        815 0231  0.5 0843  1.7 1451  0.6 2100  1.7
21  Fr        815 0315  0.5 0928  1.7 1538  0.6 2147  1.6
22  Sa        815 0359  0.5 1014  1.7 1627  0.6 2235  1.6
23  Su        815 0444  0.5 1101  1.7 1716  0.6 2322  1.6
24  Mo        815 0530  0.5 1149  1.7 1806  0.5 9999  9.9
25  Tu        815 0011  1.6 0617  0.5 1238  1.7 1856  0.5
26  We        815 0059  1.7 0705  0.5 1328  1.8 1945  0.4
27  Th        815 0148  1.7 0756  0.4 1418  1.9 2035  0.4
28  Fr        815 0238  1.8 0847  0.3 1509  1.9 2125  0.3
29  Sa        815 0330  1.8 0940  0.3 1601  2.0 2216  0.3
30  Su        815 0424  1.9 1035  0.2 1654  2.0 2309  0.2
31  Mo        815 0518  1.9 1130  0.2 1748  2.1 9999  9.9
 1  Tu        915 0004  0.2 0615  2.0 1227  0.2 1844  2.0
 2  We        915 0100  0.2 0711  2.0 1324  0.2 1941  2.0
 3  Th        915 0156  0.2 0809  2.0 1423  0.2 2040  2.0
 4  Fr        915 0254  0.2 0907  2.0 1523  0.3 2139  1.9
 5  Sa        915 0351  0.3 1006  2.0 1625  0.3 2238  1.8
 6  Su        915 0449  0.3 1105  1.9 1725  0.4 2337  1.8
 7  Mo        915 0545  0.4 1204  1.9 1824  0.4 9999  9.9
 8  Tu        915 0033  1.7 0641  0.4 1300  1.8 1920  0.4
 9  We        915 0126  1.7 0734  0.4 1354  1.8 2011  0.5
10  Th        915 0217  1.7 0825  0.4 1444  1.8 2059  0.5
11  Fr        915 0306  1.7 0914  0.5 1530  1.8 2144  0.5
12  Sa        915 0352  1.7 1000  0.5 1614  1.8 2227  0.5
13  Su        915 0436  1.7 1044  0.5 1656  1.8 2309  0.5
14  Mo        915 0520  1.7 1127  0.5 1737  1.7 2350  0.5
15  Tu        915 0602  1.7 1210  0.5 1819  1.7 9999  9.9
16  We        915 0032  0.5 0644  1.7 1252  0.5 1901  1.7
17  Th        915 0114  0.5 0727  1.7 1336  0.5 1944  1.7
18  Fr        915 0157  0.5 0810  1.7 1420  0.5 2029  1.7
19  Sa        915 0240  0.5 0854  1.7 1507  0.5 2115  1.6
20  Su        915 0324  0.5 0940  1.7 1555  0.5 2203  1.6
21  Mo        915 0410  0.5 1027  1.7 1644  0.5 2250  1.6
22  Tu        915 0456  0.5 1115  1.7 1734  0.5 2339  1.7
23  We        915 0545  0.5 1206  1.8 1824  0.5 9999  9.9
24  Th        915 0028  1.7 0635  0.4 1257  1.8 1915  0.4
25  Fr        915 0119  1.8 0728  0.4 1349  1.9 2006  0.4
26  Sa        915 0211  1.8 0822  0.3 1442  1.9 2057  0.3
27  Su        915 0305  1.9 0918  0.2 1536  2.0 2150  0.2
28  Mo        915 0400  1.9 1014  0.2 1631  2.0 2245  0.2
29  Tu        915 0456  2.0 1111  0.2 1726  2.0 2340  0.2
30  We        915 0553  2.0 1208  0.1 1823  2.0 9999  9.9
 1  Th       1015 0037  0.2 0651  2.0 1306  0.2 1921  2.0
 2  Fr       1015 0134  0.2 0749  2.0 1405  0.2 2020  1.9
 3  Sa       1015 0232  0.2 0847  2.0 1505  0.3 2119  1.9
 4  Su       1015 0329  0.3 0945  2.0 1605  0.3 2217  1.8
 5  Mo       1015 0426  0.3 1043  1.9 1704  0.4 2314  1.8
 6  Tu       1015 0522  0.4 1140  1.9 1800  0.4 9999  9.9
 7  We       1015 0009  1.7 0616  0.4 1235  1.8 1853  0.5
 8  Th       1015 0101  1.7 0709  0.5 1327  1.8 1943  0.5
 9  Fr       1015 0150  1.7 0759  0.5 1415  1.8 2029  0.5
10  Sa       1015 0238  1.7 0847  0.5 1500  1.7 2113  0.5
11  Su       1015 0323  1.7 0933  0.5 1544  1.7 2155  0.5
12  Mo       1015 0407  1.7 1017  0.5 1625  1.7 2237  0.5
13  Tu       1015 0450  1.7 1100  0.5 1707  1.7 2318  0.5
14  We       1015 0532  1.7 1142  0.5 1749  1.7 9999  9.9
15  Th       1015 0000  0.5 0615  1.7 1225  0.5 1832  1.7
16  Fr       1015 0042  0.5 0657  1.7 1309  0.5 1916  1.7
17  Sa       1015 0125  0.5 0740  1.7 1353  0.5 2001  1.7
18  Su       1015 0209  0.5 0824  1.7 1440  0.5 2047  1.6
19  Mo       1015 0253  0.5 0909  1.7 1527  0.5 2134  1.7
20  Tu       1015 0339  0.5 0957  1.8 1616  0.5 2222  1.7
21  We       1015 0427  0.5 1046  1.8 1706  0.5 2311  1.7
22  Th       1015 0517  0.4 1138  1.8 1756  0.4 9999  9.9
23  Fr       1015 0002  1.7 0610  0.4 1231  1.8 1848  0.4
24  Sa       1015 0054  1.8 0704  0.4 1324  1.9 1939  0.3
25  Su       1015 0147  1.8 0801  0.3 1419  1.9 2032  0.3
26  Mo       1015 0243  1.9 0858  0.2 1514  2.0 2127  0.3
27  Tu       1015 0339  2.0 0955  0.2 1610  2.0 2222  0.2
28  We       1015 0437  2.0 1053  0.2 1706  2.0 2319  0.2
29  Th       1015 0534  2.0 1151  0.2 1804  2.0 9999  9.9
30  Fr       1015 0015  0.2 0631  2.1 1248  0.2 1901  1.9
31  Sa       1015 0112  0.2 0728  2.0 1346  0.2 1959  1.9
 1  Su       1115 0209  0.3 0825  2.0 1444  0.3 2057  1.8
 2  Mo       1115 0305  0.3 0921  1.9 1542  0.3 2153  1.8
 3  Tu       1115 0400  0.4 1017  1.9 1637  0.4 2247  1.7
 4  We       1115 0454  0.4 1111  1.8 1730  0.4 2339  1.7
 5  Th       1115 0546  0.5 1203  1.8 1821  0.5 9999  9.9
 6  Fr       1115 0030  1.7 0638  0.5 1253  1.7 1908  0.5
 7  Sa       1115 0118  1.7 0728  0.5 1340  1.7 1953  0.5
 8  Su       1115 0205  1.7 0816  0.5 1426  1.7 2037  0.5
 9  Mo       1115 0251  1.7 0902  0.5 1510  1.7 2120  0.5
10  Tu       1115 0335  1.7 0947  0.5 1553  1.7 2203  0.5
11  We       1115 0419  1.7 1031  0.5 1636  1.7 2245  0.5
12  Th       1115 0502  1.7 1114  0.5 1719  1.7 2328  0.5
13  Fr       1115 0545  1.7 1158  0.5 1803  1.7 9999  9.9
14  Sa       1115 0011  0.5 0628  1.8 1242  0.5 1848  1.7
15  Su       1115 0055  0.5 0711  1.8 1327  0.5 1934  1.7
16  Mo       1115 0140  0.5 0756  1.8 1414  0.5 2021  1.7
17  Tu       1115 0226  0.5 0843  1.8 1502  0.4 2109  1.7
18  We       1115 0313  0.4 0931  1.8 1551  0.4 2158  1.7
19  Th       1115 0403  0.4 1022  1.8 1642  0.4 2248  1.7
20  Fr       1115 0455  0.4 1115  1.8 1733  0.4 2339  1.8
21  Sa       1115 0549  0.4 1209  1.9 1824  0.4 9999  9.9
22  Su       1115 0033  1.8 0646  0.3 1304  1.9 1917  0.3
23  Mo       1115 0128  1.9 0743  0.3 1359  1.9 2011  0.3
24  Tu       1115 0224  1.9 0841  0.3 1455  1.9 2106  0.3
25  We       1115 0322  2.0 0939  0.3 1551  1.9 2202  0.3
26  Th       1115 0419  2.0 1037  0.2 1648  1.9 2259  0.2
27  Fr       1115 0516  2.0 1134  0.2 1744  1.9 2355  0.3
28  Sa       1115 0612  2.0 1230  0.3 1841  1.9 9999  9.9
29  Su       1115 0051  0.3 0707  2.0 1326  0.3 1937  1.8
30  Mo       1115 0145  0.3 0801  1.9 1421  0.3 2031  1.8
 1  Tu       1215 0239  0.4 0854  1.9 1514  0.4 2125  1.7
 2  We       1215 0331  0.4 0946  1.8 1606  0.4 2216  1.7
 3  Th       1215 0422  0.5 1037  1.8 1656  0.5 2305  1.7
 4  Fr       1215 0512  0.5 1127  1.7 1743  0.5 2354  1.7
 5  Sa       1215 0602  0.5 1215  1.7 1829  0.5 9999  9.9
 6  Su       1215 0041  1.7 0652  0.6 1302  1.7 1914  0.5
 7  Mo       1215 0128  1.7 0740  0.6 1348  1.7 1958  0.5
 8  Tu       1215 0215  1.7 0828  0.6 1433  1.6 2043  0.5
 9  We       1215 0300  1.7 0914  0.5 1518  1.6 2127  0.5
10  Th       1215 0345  1.7 0959  0.5 1603  1.7 2211  0.5
11  Fr       1215 0430  1.7 1044  0.5 1647  1.7 2255  0.5
12  Sa       1215 0514  1.8 1128  0.5 1733  1.7 2340  0.5
13  Su       1215 0558  1.8 1214  0.4 1819  1.7 9999  9.9
14  Mo       1215 0026  0.4 0643  1.8 1301  0.4 1907  1.7
15  Tu       1215 0113  0.4 0730  1.9 1349  0.4 1955  1.7
16  We       1215 0201  0.4 0819  1.9 1438  0.4 2045  1.8
17  Th       1215 0251  0.4 0910  1.9 1529  0.4 2136  1.8
18  Fr       1215 0343  0.4 1002  1.9 1620  0.4 2228  1.8
19  Sa       1215 0437  0.4 1056  1.9 1712  0.4 2321  1.8
20  Su       1215 0533  0.4 1151  1.9 1805  0.4 9999  9.9
21  Mo       1215 0016  1.9 0631  0.3 1247  1.8 1859  0.3
22  Tu       1215 0112  1.9 0730  0.3 1343  1.8 1953  0.3
23  We       1215 0210  1.9 0828  0.3 1439  1.8 2049  0.3
24  Th       1215 0307  1.9 0925  0.3 1535  1.8 2145  0.3
25  Fr       1215 0404  2.0 1021  0.3 1630  1.8 2240  0.3
26  Sa       1215 0459  2.0 1116  0.3 1725  1.8 2335  0.3
27  Su       1215 0553  2.0 1210  0.3 1820  1.8 9999  9.9
28  Mo       1215 0028  0.3 0645  1.9 1303  0.4 1912  1.8
29  Tu       1215 0120  0.4 0735  1.9 1354  0.4 2004  1.7
30  We       1215 0210  0.4 0825  1.8 1443  0.4 2053  1.7
31  Th       1215 0259  0.4 0913  1.8 1531  0.5 2141  1.7
