349Kaiteriteri
Based on data from  1-Jan-2007
Local Std Time, tidal heights in metres.
 1  Fr        116 0156  3.3 0752  1.0 1415  3.3 2031  1.0
 2  Sa        116 0241  3.1 0837  1.1 1505  3.1 2124  1.1
 3  Su        116 0331  3.0 0934  1.3 1605  3.0 2221  1.2
 4  Mo        116 0432  2.9 1045  1.4 1711  3.0 2323  1.2
 5  Tu        116 0543  2.9 1200  1.3 1816  3.0 9999  9.9
 6  We        116 0025  1.1 0653  3.0 1303  1.2 1913  3.1
 7  Th        116 0123  1.0 0751  3.2 1353  1.0 2004  3.2
 8  Fr        116 0215  0.9 0839  3.4 1437  0.8 2050  3.4
 9  Sa        116 0302  0.7 0921  3.7 1518  0.6 2134  3.5
10  Su        116 0345  0.5 1000  3.9 1557  0.5 2217  3.7
11  Mo        116 0426  0.4 1039  4.0 1638  0.3 2300  3.8
12  Tu        116 0507  0.3 1118  4.1 1719  0.3 2342  3.8
13  We        116 0547  0.2 1158  4.1 1802  0.3 9999  9.9
14  Th        116 0025  3.8 0629  0.3 1240  4.0 1847  0.4
15  Fr        116 0110  3.7 0713  0.4 1325  3.9 1936  0.5
16  Sa        116 0157  3.6 0801  0.6 1416  3.7 2028  0.7
17  Su        116 0249  3.4 0858  0.8 1514  3.5 2127  0.8
18  Mo        116 0351  3.3 1006  1.0 1620  3.3 2233  0.9
19  Tu        116 0506  3.2 1124  1.0 1731  3.3 2346  1.0
20  We        116 0627  3.2 1238  1.0 1841  3.3 9999  9.9
21  Th        116 0100  0.9 0738  3.4 1341  0.8 1944  3.4
22  Fr        116 0206  0.8 0835  3.6 1435  0.7 2041  3.5
23  Sa        116 0301  0.7 0923  3.7 1522  0.5 2131  3.6
24  Su        116 0347  0.5 1005  3.9 1604  0.4 2216  3.7
25  Mo        116 0428  0.5 1044  3.9 1643  0.4 2257  3.7
26  Tu        116 0504  0.4 1119  3.9 1721  0.4 2335  3.7
27  We        116 0537  0.5 1153  3.9 1756  0.5 9999  9.9
28  Th        116 0010  3.6 0609  0.5 1226  3.7 1832  0.6
29  Fr        116 0045  3.6 0641  0.6 1300  3.6 1909  0.7
30  Sa        116 0120  3.4 0716  0.8 1336  3.4 1948  0.8
31  Su        116 0157  3.3 0754  1.0 1417  3.2 2032  1.0
 1  Mo        216 0238  3.1 0840  1.2 1506  3.1 2122  1.1
 2  Tu        216 0330  3.0 0941  1.3 1607  2.9 2221  1.2
 3  We        216 0438  2.9 1058  1.4 1718  2.9 2330  1.3
 4  Th        216 0601  2.9 1216  1.3 1829  3.0 9999  9.9
 5  Fr        216 0042  1.2 0715  3.1 1319  1.1 1931  3.1
 6  Sa        216 0146  1.0 0811  3.3 1410  0.9 2025  3.3
 7  Su        216 0239  0.8 0857  3.6 1455  0.6 2114  3.5
 8  Mo        216 0325  0.5 0939  3.9 1538  0.4 2200  3.7
 9  Tu        216 0408  0.3 1019  4.1 1620  0.2 2243  3.9
10  We        216 0449  0.1 1059  4.2 1703  0.1 2326  4.0
11  Th        216 0530  0.1 1140  4.2 1746  0.1 9999  9.9
12  Fr        216 0009  4.0 0612  0.1 1223  4.2 1831  0.2
13  Sa        216 0052  3.9 0655  0.3 1308  4.0 1917  0.4
14  Su        216 0137  3.7 0742  0.5 1357  3.8 2007  0.6
15  Mo        216 0227  3.5 0836  0.7 1452  3.5 2102  0.8
16  Tu        216 0325  3.3 0943  1.0 1556  3.3 2206  1.0
17  We        216 0441  3.1 1103  1.1 1709  3.1 2323  1.1
18  Th        216 0608  3.1 1222  1.1 1823  3.1 9999  9.9
19  Fr        216 0046  1.1 0724  3.2 1327  1.0 1931  3.2
20  Sa        216 0156  1.0 0821  3.4 1420  0.8 2028  3.3
21  Su        216 0249  0.8 0907  3.6 1506  0.6 2117  3.5
22  Mo        216 0333  0.7 0947  3.8 1546  0.5 2159  3.6
23  Tu        216 0409  0.5 1022  3.9 1623  0.5 2236  3.7
24  We        216 0442  0.5 1056  3.9 1657  0.4 2311  3.7
25  Th        216 0512  0.4 1127  3.8 1730  0.5 2344  3.7
26  Fr        216 0541  0.5 1158  3.8 1803  0.5 9999  9.9
27  Sa        216 0015  3.7 0611  0.6 1229  3.6 1837  0.6
28  Su        216 0047  3.6 0643  0.7 1302  3.5 1912  0.7
29  Mo        216 0120  3.4 0718  0.9 1338  3.3 1952  0.9
 1  Tu        316 0157  3.3 0800  1.1 1422  3.1 2037  1.1
 2  We        316 0242  3.1 0852  1.2 1517  3.0 2131  1.2
 3  Th        316 0341  2.9 1004  1.4 1626  2.9 2240  1.3
 4  Fr        316 0505  2.9 1129  1.3 1745  2.9 2359  1.3
 5  Sa        316 0632  3.0 1242  1.2 1857  3.1 9999  9.9
 6  Su        316 0113  1.1 0737  3.3 1339  0.9 1958  3.3
 7  Mo        316 0211  0.8 0828  3.6 1429  0.6 2050  3.6
 8  Tu        316 0300  0.5 0913  3.9 1515  0.4 2138  3.8
 9  We        316 0345  0.2 0955  4.1 1559  0.2 2223  4.0
10  Th        316 0428  0.0 1038  4.3 1643  0.0 2307  4.1
11  Fr        316 0510  0.0 1120  4.3 1728  0.0 2350  4.1
12  Sa        316 0552  0.0 1204  4.2 1812  0.1 9999  9.9
13  Su        316 0033  4.0 0636  0.2 1250  4.0 1858  0.3
14  Mo        316 0118  3.8 0723  0.4 1339  3.7 1947  0.6
15  Tu        316 0207  3.6 0817  0.7 1434  3.5 2040  0.8
16  We        316 0304  3.3 0923  1.0 1537  3.2 2143  1.1
17  Th        316 0418  3.1 1044  1.2 1649  3.1 2302  1.2
18  Fr        316 0546  3.0 1203  1.1 1804  3.0 9999  9.9
19  Sa        316 0028  1.2 0703  3.1 1307  1.0 1912  3.1
20  Su        316 0137  1.1 0759  3.3 1359  0.9 2008  3.3
21  Mo        316 0229  0.9 0844  3.5 1443  0.7 2055  3.4
22  Tu        316 0310  0.7 0922  3.7 1522  0.6 2135  3.6
23  We        316 0344  0.6 0956  3.8 1557  0.5 2211  3.7
24  Th        316 0415  0.5 1028  3.8 1630  0.5 2245  3.7
25  Fr        316 0445  0.5 1059  3.8 1702  0.5 2316  3.8
26  Sa        316 0513  0.5 1130  3.7 1735  0.5 2347  3.7
27  Su        316 0543  0.5 1200  3.6 1808  0.6 9999  9.9
28  Mo        316 0019  3.7 0615  0.6 1233  3.5 1843  0.7
29  Tu        316 0051  3.5 0649  0.8 1309  3.3 1921  0.8
30  We        316 0127  3.4 0729  1.0 1351  3.2 2004  1.0
31  Th        316 0210  3.2 0820  1.1 1444  3.0 2056  1.1
 1  Fr        416 0305  3.1 0927  1.3 1550  2.9 2202  1.2
 2  Sa        416 0422  3.0 1048  1.3 1707  2.9 2321  1.2
 3  Su        416 0548  3.1 1204  1.1 1822  3.1 9999  9.9
 4  Mo        416 0037  1.0 0659  3.3 1306  0.9 1927  3.3
 5  Tu        416 0140  0.8 0755  3.6 1359  0.6 2023  3.6
 6  We        416 0233  0.5 0843  3.9 1448  0.3 2114  3.9
 7  Th        416 0320  0.2 0929  4.1 1535  0.1 2201  4.1
 8  Fr        416 0405  0.0 1014  4.3 1622  0.0 2246  4.2
 9  Sa        416 0449  0.0 1059  4.3 1708  0.0 2331  4.2
10  Su        416 0533  0.0 1145  4.1 1754  0.2 9999  9.9
11  Mo        416 0015  4.1 0618  0.2 1232  3.9 1840  0.4
12  Tu        416 0100  3.9 0706  0.5 1322  3.7 1928  0.6
13  We        416 0148  3.6 0800  0.7 1417  3.4 2020  0.9
14  Th        416 0244  3.3 0904  1.0 1518  3.2 2121  1.1
15  Fr        416 0354  3.1 1021  1.1 1626  3.0 2235  1.3
16  Sa        416 0515  3.0 1135  1.2 1736  3.0 2357  1.3
17  Su        416 0629  3.1 1237  1.1 1842  3.1 9999  9.9
18  Mo        416 0106  1.2 0726  3.2 1328  0.9 1939  3.2
19  Tu        416 0157  1.0 0811  3.4 1412  0.8 2026  3.4
20  We        416 0239  0.8 0850  3.5 1451  0.7 2107  3.5
21  Th        416 0314  0.7 0925  3.6 1527  0.6 2143  3.6
22  Fr        416 0346  0.6 0958  3.7 1601  0.5 2218  3.7
23  Sa        416 0416  0.5 1031  3.7 1635  0.5 2251  3.8
24  Su        416 0446  0.5 1103  3.6 1709  0.5 2323  3.7
25  Mo        416 0518  0.6 1135  3.6 1743  0.6 2355  3.7
26  Tu        416 0551  0.6 1210  3.5 1820  0.7 9999  9.9
27  We        416 0029  3.6 0627  0.7 1248  3.3 1858  0.8
28  Th        416 0106  3.5 0709  0.9 1332  3.2 1942  0.9
29  Fr        416 0149  3.3 0759  1.0 1424  3.1 2033  1.0
30  Sa        416 0243  3.2 0902  1.1 1525  3.0 2135  1.1
 1  Su        516 0351  3.1 1015  1.1 1636  3.1 2248  1.1
 2  Mo        516 0510  3.2 1127  1.0 1748  3.2 9999  9.9
 3  Tu        516 0003  1.0 0621  3.4 1231  0.8 1856  3.4
 4  We        516 0109  0.8 0720  3.6 1328  0.6 1956  3.6
 5  Th        516 0205  0.5 0814  3.9 1421  0.4 2050  3.9
 6  Fr        516 0255  0.2 0903  4.0 1512  0.2 2139  4.1
 7  Sa        516 0342  0.1 0951  4.1 1601  0.1 2227  4.2
 8  Su        516 0428  0.0 1039  4.1 1649  0.1 2312  4.2
 9  Mo        516 0514  0.1 1127  4.0 1736  0.2 2357  4.1
10  Tu        516 0600  0.3 1216  3.8 1823  0.4 9999  9.9
11  We        516 0043  3.9 0648  0.5 1306  3.6 1910  0.6
12  Th        516 0130  3.6 0741  0.7 1359  3.4 2000  0.9
13  Fr        516 0222  3.4 0841  1.0 1455  3.2 2055  1.1
14  Sa        516 0323  3.2 0948  1.1 1554  3.1 2159  1.2
15  Su        516 0433  3.1 1054  1.1 1657  3.0 2312  1.3
16  Mo        516 0542  3.1 1154  1.1 1801  3.0 9999  9.9
17  Tu        516 0021  1.2 0641  3.1 1247  1.0 1859  3.1
18  We        516 0116  1.1 0730  3.3 1333  0.9 1950  3.3
19  Th        516 0202  1.0 0812  3.4 1416  0.8 2035  3.4
20  Fr        516 0240  0.8 0851  3.5 1455  0.7 2115  3.6
21  Sa        516 0315  0.7 0928  3.5 1533  0.6 2152  3.7
22  Su        516 0349  0.6 1003  3.6 1610  0.6 2227  3.7
23  Mo        516 0422  0.6 1039  3.6 1647  0.6 2301  3.8
24  Tu        516 0456  0.6 1115  3.5 1723  0.6 2335  3.7
25  We        516 0532  0.6 1153  3.5 1801  0.6 9999  9.9
26  Th        516 0011  3.7 0610  0.7 1234  3.4 1841  0.7
27  Fr        516 0050  3.6 0654  0.8 1318  3.3 1925  0.8
28  Sa        516 0133  3.5 0744  0.9 1408  3.3 2014  0.9
29  Su        516 0225  3.4 0842  0.9 1504  3.2 2112  1.0
30  Mo        516 0327  3.3 0946  0.9 1608  3.2 2220  1.0
31  Tu        516 0437  3.3 1053  0.9 1717  3.2 2332  0.9
 1  We        616 0546  3.4 1158  0.8 1826  3.4 9999  9.9
 2  Th        616 0040  0.8 0649  3.6 1259  0.6 1931  3.6
 3  Fr        616 0140  0.6 0746  3.7 1357  0.5 2029  3.8
 4  Sa        616 0233  0.4 0840  3.9 1452  0.4 2121  4.0
 5  Su        616 0323  0.2 0931  3.9 1544  0.3 2210  4.1
 6  Mo        616 0410  0.2 1021  3.9 1633  0.3 2256  4.1
 7  Tu        616 0457  0.2 1111  3.9 1721  0.3 2340  4.0
 8  We        616 0543  0.3 1159  3.7 1806  0.5 9999  9.9
 9  Th        616 0024  3.9 0630  0.5 1247  3.6 1850  0.6
10  Fr        616 0108  3.7 0718  0.7 1335  3.4 1934  0.8
11  Sa        616 0155  3.5 0810  0.9 1424  3.3 2021  1.0
12  Su        616 0246  3.3 0905  1.0 1515  3.1 2114  1.2
13  Mo        616 0344  3.1 1003  1.1 1610  3.0 2217  1.3
14  Tu        616 0447  3.1 1101  1.1 1710  3.0 2325  1.3
15  We        616 0548  3.1 1156  1.1 1812  3.1 9999  9.9
16  Th        616 0029  1.2 0643  3.1 1249  1.0 1910  3.2
17  Fr        616 0122  1.1 0732  3.2 1338  0.9 2001  3.3
18  Sa        616 0206  0.9 0816  3.3 1424  0.8 2046  3.5
19  Su        616 0246  0.8 0858  3.4 1507  0.7 2127  3.6
20  Mo        616 0323  0.7 0939  3.5 1548  0.6 2204  3.7
21  Tu        616 0400  0.6 1018  3.5 1627  0.6 2241  3.8
22  We        616 0437  0.5 1058  3.6 1706  0.5 2317  3.8
23  Th        616 0515  0.5 1138  3.6 1745  0.5 2355  3.8
24  Fr        616 0555  0.5 1220  3.5 1825  0.5 9999  9.9
25  Sa        616 0034  3.8 0639  0.6 1304  3.5 1908  0.6
26  Su        616 0118  3.7 0728  0.7 1351  3.4 1956  0.7
27  Mo        616 0207  3.6 0821  0.7 1442  3.4 2050  0.8
28  Tu        616 0304  3.5 0919  0.8 1541  3.3 2154  0.9
29  We        616 0408  3.4 1022  0.8 1648  3.3 2305  0.9
30  Th        616 0516  3.4 1128  0.8 1801  3.3 9999  9.9
 1  Fr        716 0016  0.8 0623  3.5 1235  0.8 1911  3.5
 2  Sa        716 0120  0.7 0724  3.6 1338  0.6 2013  3.7
 3  Su        716 0216  0.5 0822  3.7 1437  0.5 2107  3.8
 4  Mo        716 0307  0.4 0916  3.8 1531  0.4 2155  4.0
 5  Tu        716 0355  0.3 1007  3.8 1620  0.4 2240  4.0
 6  We        716 0440  0.3 1055  3.8 1704  0.4 2322  4.0
 7  Th        716 0524  0.4 1140  3.7 1746  0.5 9999  9.9
 8  Fr        716 0002  3.9 0607  0.5 1223  3.6 1825  0.6
 9  Sa        716 0042  3.7 0650  0.6 1305  3.5 1903  0.7
10  Su        716 0122  3.6 0733  0.8 1347  3.4 1943  0.9
11  Mo        716 0205  3.4 0819  0.9 1430  3.2 2027  1.0
12  Tu        716 0253  3.2 0908  1.0 1517  3.1 2120  1.2
13  We        716 0349  3.1 1002  1.1 1613  3.0 2225  1.3
14  Th        716 0451  3.0 1100  1.2 1718  3.0 2336  1.3
15  Fr        716 0553  3.0 1201  1.1 1826  3.0 9999  9.9
16  Sa        716 0040  1.2 0651  3.1 1300  1.1 1928  3.2
17  Su        716 0133  1.1 0743  3.2 1354  1.0 2018  3.4
18  Mo        716 0218  0.9 0831  3.3 1442  0.8 2102  3.6
19  Tu        716 0259  0.7 0916  3.4 1526  0.6 2142  3.7
20  We        716 0339  0.6 0959  3.6 1607  0.5 2220  3.9
21  Th        716 0418  0.4 1040  3.7 1647  0.4 2258  4.0
22  Fr        716 0457  0.4 1122  3.7 1727  0.3 2336  4.0
23  Sa        716 0539  0.3 1203  3.8 1807  0.3 9999  9.9
24  Su        716 0016  4.0 0622  0.4 1246  3.7 1849  0.4
25  Mo        716 0100  3.9 0709  0.5 1331  3.6 1935  0.5
26  Tu        716 0148  3.7 0759  0.6 1419  3.5 2027  0.7
27  We        716 0242  3.6 0854  0.7 1515  3.4 2130  0.9
28  Th        716 0344  3.4 0955  0.8 1622  3.3 2243  1.0
29  Fr        716 0453  3.3 1104  0.9 1741  3.2 2359  0.9
30  Sa        716 0603  3.3 1217  0.9 1857  3.3 9999  9.9
31  Su        716 0106  0.8 0709  3.4 1327  0.8 2001  3.5
 1  Mo        816 0204  0.6 0810  3.5 1428  0.7 2054  3.7
 2  Tu        816 0254  0.5 0904  3.6 1520  0.6 2140  3.9
 3  We        816 0340  0.4 0953  3.7 1606  0.5 2222  4.0
 4  Th        816 0422  0.3 1037  3.8 1645  0.4 2300  4.0
 5  Fr        816 0502  0.4 1118  3.8 1722  0.4 2337  3.9
 6  Sa        816 0540  0.4 1156  3.7 1756  0.5 9999  9.9
 7  Su        816 0012  3.8 0618  0.5 1232  3.6 1830  0.6
 8  Mo        816 0047  3.6 0655  0.6 1308  3.5 1904  0.8
 9  Tu        816 0124  3.5 0735  0.8 1346  3.4 1943  0.9
10  We        816 0206  3.3 0818  0.9 1427  3.2 2029  1.1
11  Th        816 0254  3.1 0907  1.1 1516  3.1 2127  1.3
12  Fr        816 0354  3.0 1004  1.2 1620  3.0 2242  1.4
13  Sa        816 0502  2.9 1110  1.2 1738  2.9 2358  1.3
14  Su        816 0610  3.0 1220  1.2 1852  3.1 9999  9.9
15  Mo        816 0101  1.1 0712  3.1 1324  1.1 1949  3.3
16  Tu        816 0151  0.9 0805  3.3 1417  0.8 2036  3.5
17  We        816 0235  0.7 0853  3.5 1503  0.6 2117  3.8
18  Th        816 0316  0.5 0937  3.7 1545  0.4 2156  4.0
19  Fr        816 0356  0.3 1020  3.8 1626  0.2 2235  4.1
20  Sa        816 0437  0.2 1102  3.9 1706  0.1 2315  4.2
21  Su        816 0519  0.1 1143  4.0 1746  0.1 2356  4.2
22  Mo        816 0603  0.2 1226  3.9 1829  0.2 9999  9.9
23  Tu        816 0040  4.0 0648  0.3 1310  3.8 1914  0.4
24  We        816 0128  3.8 0737  0.5 1357  3.6 2006  0.6
25  Th        816 0221  3.6 0830  0.7 1452  3.4 2108  0.9
26  Fr        816 0324  3.4 0931  0.9 1601  3.2 2225  1.0
27  Sa        816 0434  3.2 1044  1.1 1726  3.2 2346  1.0
28  Su        816 0549  3.2 1205  1.1 1846  3.3 9999  9.9
29  Mo        816 0055  0.9 0658  3.3 1320  1.0 1950  3.4
30  Tu        816 0152  0.7 0759  3.4 1419  0.8 2040  3.7
31  We        816 0240  0.6 0851  3.5 1507  0.6 2122  3.8
 1  Th        916 0323  0.4 0936  3.7 1547  0.5 2201  3.9
 2  Fr        916 0402  0.4 1016  3.8 1623  0.4 2236  3.9
 3  Sa        916 0438  0.4 1053  3.8 1655  0.4 2309  3.9
 4  Su        916 0512  0.4 1127  3.8 1726  0.4 2341  3.8
 5  Mo        916 0546  0.5 1200  3.7 1757  0.5 9999  9.9
 6  Tu        916 0013  3.7 0620  0.6 1233  3.6 1829  0.7
 7  We        916 0047  3.5 0656  0.7 1307  3.5 1904  0.8
 8  Th        916 0124  3.3 0736  0.9 1344  3.3 1946  1.0
 9  Fr        916 0208  3.1 0821  1.0 1429  3.1 2038  1.2
10  Sa        916 0304  3.0 0915  1.2 1527  3.0 2149  1.4
11  Su        916 0414  2.9 1022  1.3 1647  2.9 2314  1.3
12  Mo        916 0530  2.9 1139  1.3 1811  3.0 9999  9.9
13  Tu        916 0025  1.2 0639  3.0 1251  1.1 1915  3.2
14  We        916 0120  0.9 0737  3.2 1349  0.9 2005  3.5
15  Th        916 0207  0.7 0828  3.5 1437  0.6 2049  3.8
16  Fr        916 0251  0.4 0914  3.8 1521  0.3 2130  4.1
17  Sa        916 0333  0.2 0957  4.0 1602  0.1 2211  4.2
18  Su        916 0416  0.0 1040  4.1 1643  0.0 2253  4.3
19  Mo        916 0459  0.0 1123  4.2 1725  0.0 2335  4.2
20  Tu        916 0543  0.1 1205  4.1 1808  0.1 9999  9.9
21  We        916 0020  4.1 0629  0.2 1250  3.9 1855  0.3
22  Th        916 0109  3.8 0717  0.5 1337  3.7 1947  0.6
23  Fr        916 0203  3.5 0809  0.7 1432  3.4 2050  0.9
24  Sa        916 0306  3.3 0911  1.0 1542  3.2 2210  1.1
25  Su        916 0418  3.1 1027  1.2 1709  3.1 2332  1.1
26  Mo        916 0534  3.1 1153  1.2 1830  3.2 9999  9.9
27  Tu        916 0040  1.0 0644  3.2 1307  1.1 1931  3.4
28  We        916 0135  0.8 0744  3.3 1403  0.9 2019  3.6
29  Th        916 0221  0.6 0833  3.5 1447  0.7 2100  3.7
30  Fr        916 0301  0.5 0915  3.6 1524  0.6 2136  3.8
 1  Sa       1016 0337  0.4 0953  3.8 1557  0.5 2209  3.9
 2  Su       1016 0412  0.4 1027  3.8 1628  0.4 2241  3.8
 3  Mo       1016 0444  0.4 1100  3.8 1657  0.4 2312  3.8
 4  Tu       1016 0517  0.4 1131  3.8 1727  0.5 2343  3.7
 5  We       1016 0550  0.5 1203  3.7 1759  0.6 9999  9.9
 6  Th       1016 0016  3.5 0625  0.6 1236  3.6 1833  0.8
 7  Fr       1016 0052  3.3 0703  0.8 1311  3.4 1913  1.0
 8  Sa       1016 0134  3.2 0746  1.0 1353  3.2 2002  1.1
 9  Su       1016 0226  3.0 0836  1.1 1446  3.1 2107  1.3
10  Mo       1016 0332  2.9 0940  1.3 1559  3.0 2228  1.3
11  Tu       1016 0448  2.9 1058  1.3 1724  3.0 2344  1.2
12  We       1016 0602  3.0 1214  1.1 1835  3.2 9999  9.9
13  Th       1016 0045  0.9 0706  3.3 1317  0.9 1931  3.5
14  Fr       1016 0136  0.6 0800  3.5 1409  0.6 2018  3.8
15  Sa       1016 0224  0.4 0849  3.8 1455  0.3 2103  4.1
16  Su       1016 0309  0.1 0935  4.1 1539  0.1 2147  4.2
17  Mo       1016 0354  0.0 1020  4.2 1622 -0.1 2231  4.3
18  Tu       1016 0439  0.0 1103  4.3 1705  0.0 2316  4.2
19  We       1016 0525  0.0 1148  4.2 1750  0.1 9999  9.9
20  Th       1016 0003  4.0 0612  0.2 1233  4.0 1838  0.3
21  Fr       1016 0053  3.8 0700  0.5 1321  3.8 1930  0.6
22  Sa       1016 0148  3.5 0752  0.7 1415  3.5 2033  0.9
23  Su       1016 0249  3.3 0851  1.0 1522  3.2 2150  1.1
24  Mo       1016 0358  3.1 1004  1.2 1642  3.1 2308  1.1
25  Tu       1016 0511  3.0 1128  1.2 1801  3.1 9999  9.9
26  We       1016 0015  1.0 0620  3.1 1241  1.2 1902  3.3
27  Th       1016 0109  0.9 0719  3.2 1337  1.0 1951  3.4
28  Fr       1016 0154  0.7 0808  3.4 1421  0.8 2031  3.6
29  Sa       1016 0235  0.6 0850  3.6 1458  0.7 2108  3.7
30  Su       1016 0311  0.5 0928  3.7 1531  0.6 2142  3.7
31  Mo       1016 0346  0.5 1003  3.8 1602  0.5 2214  3.7
 1  Tu       1116 0419  0.4 1036  3.8 1632  0.5 2247  3.7
 2  We       1116 0453  0.4 1108  3.8 1703  0.5 2319  3.6
 3  Th       1116 0527  0.5 1140  3.8 1735  0.6 2353  3.5
 4  Fr       1116 0602  0.6 1213  3.7 1810  0.7 9999  9.9
 5  Sa       1116 0029  3.4 0639  0.7 1248  3.5 1850  0.9
 6  Su       1116 0111  3.2 0720  0.9 1329  3.4 1937  1.0
 7  Mo       1116 0200  3.1 0808  1.0 1418  3.2 2035  1.1
 8  Tu       1116 0259  3.0 0906  1.2 1521  3.1 2146  1.2
 9  We       1116 0408  3.0 1017  1.2 1638  3.1 2300  1.1
10  Th       1116 0521  3.1 1134  1.1 1752  3.3 9999  9.9
11  Fr       1116 0006  0.9 0630  3.3 1242  0.9 1854  3.5
12  Sa       1116 0103  0.7 0731  3.5 1340  0.6 1948  3.8
13  Su       1116 0156  0.4 0825  3.8 1430  0.3 2037  4.0
14  Mo       1116 0246  0.2 0915  4.0 1518  0.1 2125  4.1
15  Tu       1116 0335  0.1 1002  4.2 1603  0.0 2213  4.2
16  We       1116 0423  0.0 1048  4.3 1649  0.0 2300  4.1
17  Th       1116 0511  0.1 1133  4.2 1735  0.1 2349  4.0
18  Fr       1116 0558  0.2 1218  4.0 1823  0.3 9999  9.9
19  Sa       1116 0040  3.8 0645  0.5 1305  3.8 1915  0.6
20  Su       1116 0132  3.5 0734  0.7 1356  3.5 2013  0.8
21  Mo       1116 0228  3.3 0828  1.0 1455  3.3 2120  1.0
22  Tu       1116 0329  3.1 0931  1.2 1604  3.1 2229  1.1
23  We       1116 0434  3.0 1045  1.3 1717  3.1 2334  1.1
24  Th       1116 0540  3.0 1200  1.2 1821  3.1 9999  9.9
25  Fr       1116 0031  1.0 0643  3.1 1300  1.1 1913  3.3
26  Sa       1116 0120  0.9 0737  3.3 1349  1.0 1958  3.4
27  Su       1116 0204  0.8 0823  3.4 1429  0.8 2038  3.5
28  Mo       1116 0244  0.7 0904  3.6 1505  0.7 2115  3.5
29  Tu       1116 0322  0.6 0941  3.7 1538  0.6 2151  3.6
30  We       1116 0359  0.5 1015  3.8 1611  0.6 2226  3.6
 1  Th       1216 0434  0.5 1049  3.8 1644  0.5 2301  3.6
 2  Fr       1216 0509  0.5 1122  3.8 1717  0.6 2337  3.5
 3  Sa       1216 0545  0.6 1156  3.8 1754  0.6 9999  9.9
 4  Su       1216 0015  3.4 0622  0.6 1231  3.7 1833  0.7
 5  Mo       1216 0055  3.3 0702  0.7 1311  3.6 1918  0.8
 6  Tu       1216 0140  3.3 0746  0.9 1357  3.4 2011  0.9
 7  We       1216 0232  3.2 0838  1.0 1452  3.3 2111  1.0
 8  Th       1216 0331  3.1 0942  1.1 1559  3.3 2218  1.0
 9  Fr       1216 0440  3.1 1055  1.1 1710  3.3 2325  0.9
10  Sa       1216 0553  3.2 1208  0.9 1818  3.5 9999  9.9
11  Su       1216 0030  0.7 0703  3.4 1313  0.7 1919  3.6
12  Mo       1216 0130  0.6 0804  3.7 1409  0.5 2014  3.8
13  Tu       1216 0227  0.4 0858  3.9 1500  0.3 2107  3.9
14  We       1216 0321  0.2 0948  4.1 1548  0.1 2158  4.0
15  Th       1216 0411  0.2 1035  4.2 1635  0.1 2248  4.0
16  Fr       1216 0459  0.2 1120  4.2 1722  0.2 2337  3.9
17  Sa       1216 0545  0.3 1204  4.1 1809  0.3 9999  9.9
18  Su       1216 0025  3.8 0629  0.4 1248  3.9 1857  0.5
19  Mo       1216 0113  3.6 0713  0.6 1333  3.6 1947  0.7
20  Tu       1216 0201  3.4 0759  0.9 1422  3.4 2041  0.9
21  We       1216 0251  3.2 0849  1.1 1518  3.2 2139  1.1
22  Th       1216 0346  3.1 0949  1.2 1621  3.1 2239  1.1
23  Fr       1216 0447  3.0 1101  1.3 1726  3.0 2339  1.1
24  Sa       1216 0554  3.0 1212  1.3 1827  3.1 9999  9.9
25  Su       1216 0036  1.1 0658  3.1 1311  1.2 1920  3.2
26  Mo       1216 0129  1.0 0753  3.2 1359  1.0 2007  3.3
27  Tu       1216 0217  0.9 0839  3.4 1440  0.9 2050  3.4
28  We       1216 0301  0.8 0920  3.6 1517  0.7 2131  3.4
29  Th       1216 0341  0.6 0957  3.7 1552  0.6 2209  3.5
30  Fr       1216 0418  0.6 1032  3.8 1627  0.6 2247  3.6
31  Sa       1216 0454  0.5 1106  3.9 1702  0.5 2324  3.6
