044Kawhia
Based on data from  1-Jul-2011
Local Std Time, tidal heights in metres.
 1  Th        115 0005  0.8 0644  3.1 1242  0.9 1906  3.1
 2  Fr        115 0108  0.8 0742  3.2 1341  0.8 2002  3.2
 3  Sa        115 0203  0.7 0835  3.3 1432  0.7 2054  3.2
 4  Su        115 0252  0.6 0922  3.4 1518  0.6 2140  3.3
 5  Mo        115 0336  0.5 1006  3.5 1601  0.6 2224  3.3
 6  Tu        115 0417  0.5 1047  3.5 1640  0.6 2304  3.3
 7  We        115 0454  0.5 1125  3.5 1717  0.6 2343  3.3
 8  Th        115 0530  0.5 1202  3.4 1753  0.6 9999  9.9
 9  Fr        115 0019  3.2 0605  0.6 1238  3.4 1829  0.7
10  Sa        115 0055  3.2 0641  0.7 1313  3.3 1907  0.7
11  Su        115 0131  3.1 0719  0.8 1350  3.2 1946  0.8
12  Mo        115 0210  3.0 0800  0.9 1430  3.1 2030  0.9
13  Tu        115 0253  2.9 0847  1.0 1517  3.0 2119  1.0
14  We        115 0347  2.8 0942  1.1 1614  2.9 2216  1.0
15  Th        115 0455  2.8 1046  1.2 1722  2.8 2319  1.0
16  Fr        115 0607  2.8 1156  1.1 1830  2.9 9999  9.9
17  Sa        115 0025  0.9 0711  3.0 1301  1.0 1933  3.0
18  Su        115 0125  0.8 0808  3.2 1358  0.7 2030  3.2
19  Mo        115 0221  0.5 0900  3.4 1449  0.5 2123  3.4
20  Tu        115 0311  0.3 0950  3.7 1538  0.3 2213  3.6
21  We        115 0400  0.1 1038  3.8 1626  0.1 2302  3.7
22  Th        115 0447  0.0 1125  3.9 1713  0.1 2350  3.7
23  Fr        115 0534  0.0 1212  3.9 1800  0.1 9999  9.9
24  Sa        115 0038  3.7 0620  0.1 1259  3.8 1847  0.2
25  Su        115 0126  3.6 0708  0.3 1348  3.6 1936  0.4
26  Mo        115 0216  3.4 0758  0.5 1439  3.4 2027  0.6
27  Tu        115 0310  3.2 0852  0.7 1535  3.2 2122  0.8
28  We        115 0409  3.1 0954  0.9 1635  3.1 2226  0.9
29  Th        115 0513  3.0 1106  1.1 1739  3.0 2338  1.0
30  Fr        115 0618  3.0 1220  1.1 1842  2.9 9999  9.9
31  Sa        115 0048  1.0 0719  3.0 1323  1.0 1941  3.0
 1  Su        215 0147  0.9 0814  3.1 1416  0.9 2034  3.1
 2  Mo        215 0237  0.8 0902  3.3 1501  0.8 2122  3.2
 3  Tu        215 0320  0.7 0945  3.4 1542  0.7 2204  3.2
 4  We        215 0358  0.6 1025  3.4 1619  0.6 2243  3.3
 5  Th        215 0433  0.5 1102  3.5 1653  0.6 2320  3.3
 6  Fr        215 0507  0.5 1138  3.5 1727  0.5 2355  3.3
 7  Sa        215 0540  0.5 1212  3.4 1801  0.5 9999  9.9
 8  Su        215 0030  3.3 0614  0.6 1245  3.4 1836  0.6
 9  Mo        215 0103  3.2 0650  0.7 1320  3.3 1914  0.7
10  Tu        215 0139  3.1 0729  0.8 1357  3.2 1955  0.8
11  We        215 0218  3.0 0813  0.9 1439  3.0 2041  0.9
12  Th        215 0305  2.9 0904  1.0 1530  2.9 2135  1.0
13  Fr        215 0406  2.8 1006  1.1 1635  2.9 2238  1.0
14  Sa        215 0522  2.8 1118  1.1 1751  2.9 2349  1.0
15  Su        215 0636  3.0 1230  1.0 1903  3.0 9999  9.9
16  Mo        215 0058  0.8 0739  3.2 1333  0.8 2006  3.2
17  Tu        215 0158  0.6 0836  3.4 1428  0.5 2102  3.4
18  We        215 0252  0.3 0928  3.7 1519  0.2 2154  3.6
19  Th        215 0342  0.1 1017  3.9 1607  0.1 2244  3.8
20  Fr        215 0429  0.0 1105  4.0 1654  0.0 2331  3.8
21  Sa        215 0516  0.0 1152  3.9 1740  0.0 9999  9.9
22  Su        215 0018  3.8 0602  0.0 1239  3.8 1826  0.1
23  Mo        215 0105  3.7 0648  0.2 1326  3.6 1913  0.3
24  Tu        215 0153  3.5 0736  0.5 1415  3.4 2001  0.6
25  We        215 0244  3.3 0828  0.7 1508  3.2 2053  0.8
26  Th        215 0341  3.1 0927  1.0 1606  3.0 2154  1.0
27  Fr        215 0443  2.9 1038  1.1 1711  2.8 2309  1.1
28  Sa        215 0549  2.9 1156  1.2 1816  2.8 9999  9.9
 1  Su        315 0026  1.1 0653  2.9 1302  1.1 1918  2.9
 2  Mo        315 0128  1.0 0749  3.0 1355  1.0 2012  3.0
 3  Tu        315 0217  0.9 0838  3.2 1439  0.8 2059  3.1
 4  We        315 0259  0.7 0921  3.3 1518  0.7 2141  3.2
 5  Th        315 0336  0.6 1000  3.4 1553  0.6 2220  3.3
 6  Fr        315 0409  0.6 1037  3.5 1626  0.5 2256  3.4
 7  Sa        315 0441  0.5 1112  3.5 1659  0.5 2331  3.4
 8  Su        315 0514  0.5 1146  3.5 1732  0.5 9999  9.9
 9  Mo        315 0005  3.4 0548  0.5 1220  3.4 1808  0.5
10  Tu        315 0039  3.3 0624  0.6 1254  3.3 1846  0.6
11  We        315 0114  3.2 0704  0.7 1332  3.2 1927  0.7
12  Th        315 0153  3.1 0747  0.8 1413  3.1 2012  0.8
13  Fr        315 0239  3.0 0838  0.9 1503  3.0 2105  0.9
14  Sa        315 0336  2.9 0938  1.0 1606  2.9 2208  1.0
15  Su        315 0449  2.9 1049  1.1 1723  2.9 2320  1.0
16  Mo        315 0605  3.0 1202  0.9 1837  3.0 9999  9.9
17  Tu        315 0033  0.8 0712  3.2 1308  0.7 1943  3.2
18  We        315 0136  0.6 0811  3.4 1405  0.4 2041  3.5
19  Th        315 0231  0.3 0905  3.7 1457  0.2 2133  3.7
20  Fr        315 0322  0.1 0955  3.8 1546  0.0 2223  3.8
21  Sa        315 0410  0.0 1044  3.9 1633  0.0 2311  3.9
22  Su        315 0456  0.0 1131  3.9 1719  0.0 2357  3.8
23  Mo        315 0542  0.1 1217  3.8 1804  0.2 9999  9.9
24  Tu        315 0043  3.7 0627  0.3 1304  3.6 1849  0.4
25  We        315 0130  3.5 0714  0.5 1351  3.3 1936  0.6
26  Th        315 0218  3.3 0804  0.8 1442  3.1 2025  0.9
27  Fr        315 0312  3.1 0900  1.0 1538  2.9 2123  1.1
28  Sa        315 0412  2.9 1007  1.2 1640  2.8 2235  1.2
29  Su        315 0517  2.8 1125  1.2 1746  2.7 2356  1.2
30  Mo        315 0620  2.9 1233  1.1 1848  2.8 9999  9.9
31  Tu        315 0100  1.1 0717  3.0 1326  1.0 1943  2.9
 1  We        415 0150  1.0 0807  3.1 1410  0.9 2031  3.1
 2  Th        415 0232  0.8 0851  3.2 1448  0.7 2113  3.2
 3  Fr        415 0308  0.7 0931  3.3 1523  0.6 2153  3.3
 4  Sa        415 0341  0.6 1008  3.4 1556  0.5 2230  3.4
 5  Su        415 0414  0.5 1045  3.5 1630  0.5 2306  3.5
 6  Mo        415 0448  0.5 1120  3.4 1705  0.4 2341  3.5
 7  Tu        415 0524  0.5 1156  3.4 1742  0.4 9999  9.9
 8  We        415 0017  3.4 0602  0.5 1234  3.3 1822  0.5
 9  Th        415 0055  3.3 0643  0.6 1313  3.2 1904  0.6
10  Fr        415 0136  3.2 0728  0.7 1357  3.1 1950  0.7
11  Sa        415 0223  3.1 0820  0.9 1449  3.0 2043  0.9
12  Su        415 0319  3.0 0919  0.9 1551  2.9 2146  0.9
13  Mo        415 0427  3.0 1027  0.9 1703  2.9 2257  0.9
14  Tu        415 0539  3.1 1137  0.9 1815  3.1 9999  9.9
15  We        415 0009  0.8 0646  3.2 1243  0.7 1920  3.2
16  Th        415 0113  0.6 0746  3.4 1342  0.4 2018  3.5
17  Fr        415 0210  0.4 0841  3.6 1434  0.2 2111  3.6
18  Sa        415 0301  0.2 0932  3.8 1524  0.1 2201  3.8
19  Su        415 0349  0.1 1021  3.8 1611  0.1 2249  3.8
20  Mo        415 0436  0.1 1108  3.8 1657  0.1 2335  3.8
21  Tu        415 0522  0.2 1155  3.6 1742  0.2 9999  9.9
22  We        415 0020  3.6 0607  0.4 1240  3.5 1826  0.4
23  Th        415 0105  3.5 0652  0.6 1327  3.3 1911  0.7
24  Fr        415 0152  3.3 0740  0.8 1415  3.1 1958  0.9
25  Sa        415 0242  3.1 0832  1.0 1507  2.9 2050  1.1
26  Su        415 0337  2.9 0932  1.1 1606  2.8 2154  1.2
27  Mo        415 0438  2.8 1042  1.2 1709  2.7 2311  1.2
28  Tu        415 0540  2.8 1150  1.1 1811  2.8 9999  9.9
29  We        415 0020  1.2 0638  2.9 1246  1.0 1907  2.9
30  Th        415 0114  1.1 0729  3.0 1332  0.9 1957  3.0
 1  Fr        515 0157  0.9 0816  3.1 1412  0.8 2041  3.2
 2  Sa        515 0235  0.8 0858  3.2 1449  0.7 2123  3.3
 3  Su        515 0310  0.7 0938  3.3 1525  0.5 2202  3.4
 4  Mo        515 0346  0.6 1017  3.4 1601  0.5 2240  3.5
 5  Tu        515 0423  0.5 1056  3.4 1640  0.4 2319  3.5
 6  We        515 0502  0.5 1136  3.4 1720  0.4 2358  3.5
 7  Th        515 0543  0.5 1217  3.3 1802  0.5 9999  9.9
 8  Fr        515 0039  3.4 0626  0.5 1300  3.3 1846  0.5
 9  Sa        515 0123  3.3 0713  0.6 1347  3.2 1934  0.6
10  Su        515 0211  3.3 0805  0.7 1439  3.1 2027  0.8
11  Mo        515 0307  3.2 0902  0.8 1539  3.0 2127  0.9
12  Tu        515 0409  3.1 1006  0.8 1645  3.0 2235  0.9
13  We        515 0516  3.2 1113  0.8 1753  3.1 2345  0.8
14  Th        515 0621  3.3 1218  0.6 1857  3.3 9999  9.9
15  Fr        515 0050  0.6 0721  3.4 1318  0.5 1955  3.4
16  Sa        515 0148  0.5 0817  3.5 1412  0.3 2049  3.6
17  Su        515 0241  0.3 0909  3.6 1503  0.2 2139  3.7
18  Mo        515 0330  0.3 0959  3.6 1550  0.2 2227  3.7
19  Tu        515 0417  0.3 1046  3.6 1636  0.3 2313  3.7
20  We        515 0502  0.3 1132  3.5 1720  0.4 2357  3.6
21  Th        515 0546  0.5 1217  3.3 1803  0.5 9999  9.9
22  Fr        515 0041  3.4 0630  0.6 1302  3.2 1846  0.7
23  Sa        515 0125  3.3 0715  0.8 1347  3.0 1930  0.8
24  Su        515 0211  3.1 0802  0.9 1434  2.9 2017  1.0
25  Mo        515 0300  3.0 0853  1.0 1527  2.8 2110  1.1
26  Tu        515 0354  2.9 0950  1.1 1625  2.8 2212  1.2
27  We        515 0453  2.9 1052  1.1 1726  2.8 2322  1.2
28  Th        515 0552  2.9 1152  1.1 1824  2.9 9999  9.9
29  Fr        515 0024  1.1 0646  2.9 1244  1.0 1918  3.0
30  Sa        515 0114  1.0 0736  3.0 1330  0.9 2006  3.1
31  Su        515 0157  0.9 0823  3.1 1412  0.7 2051  3.3
 1  Mo        615 0238  0.8 0907  3.3 1454  0.6 2134  3.4
 2  Tu        615 0318  0.6 0950  3.3 1535  0.5 2215  3.5
 3  We        615 0359  0.5 1033  3.4 1617  0.4 2257  3.5
 4  Th        615 0442  0.4 1117  3.4 1700  0.4 2340  3.6
 5  Fr        615 0525  0.4 1201  3.4 1744  0.4 9999  9.9
 6  Sa        615 0024  3.5 0611  0.4 1247  3.4 1830  0.4
 7  Su        615 0110  3.5 0659  0.5 1335  3.3 1919  0.5
 8  Mo        615 0159  3.4 0750  0.6 1427  3.2 2011  0.6
 9  Tu        615 0252  3.3 0844  0.6 1524  3.2 2108  0.7
10  We        615 0351  3.3 0944  0.7 1626  3.1 2212  0.8
11  Th        615 0454  3.2 1048  0.7 1731  3.1 2321  0.8
12  Fr        615 0557  3.2 1153  0.7 1834  3.2 9999  9.9
13  Sa        615 0028  0.7 0657  3.3 1255  0.6 1933  3.3
14  Su        615 0128  0.6 0754  3.4 1352  0.5 2027  3.4
15  Mo        615 0222  0.5 0848  3.4 1444  0.4 2118  3.5
16  Tu        615 0312  0.4 0938  3.4 1532  0.4 2206  3.6
17  We        615 0359  0.4 1026  3.4 1617  0.4 2251  3.6
18  Th        615 0443  0.5 1111  3.4 1700  0.5 2334  3.5
19  Fr        615 0526  0.5 1154  3.3 1741  0.5 9999  9.9
20  Sa        615 0016  3.4 0607  0.6 1236  3.2 1821  0.7
21  Su        615 0057  3.3 0648  0.7 1318  3.1 1901  0.8
22  Mo        615 0138  3.2 0730  0.8 1400  3.0 1943  0.9
23  Tu        615 0221  3.1 0813  0.9 1445  2.9 2028  1.0
24  We        615 0307  3.0 0901  1.0 1535  2.8 2118  1.1
25  Th        615 0400  2.9 0953  1.1 1633  2.8 2217  1.2
26  Fr        615 0458  2.9 1050  1.1 1735  2.8 2322  1.2
27  Sa        615 0557  2.9 1149  1.0 1834  2.9 9999  9.9
28  Su        615 0024  1.1 0654  2.9 1245  0.9 1928  3.0
29  Mo        615 0118  1.0 0747  3.0 1337  0.8 2018  3.2
30  Tu        615 0206  0.8 0836  3.2 1425  0.6 2105  3.3
 1  We        715 0252  0.6 0925  3.3 1511  0.5 2151  3.5
 2  Th        715 0337  0.5 1012  3.4 1556  0.3 2236  3.6
 3  Fr        715 0422  0.4 1058  3.5 1642  0.3 2321  3.7
 4  Sa        715 0508  0.3 1145  3.5 1728  0.2 9999  9.9
 5  Su        715 0007  3.7 0554  0.3 1232  3.5 1814  0.3
 6  Mo        715 0054  3.7 0642  0.3 1321  3.5 1902  0.4
 7  Tu        715 0143  3.6 0731  0.4 1411  3.4 1953  0.5
 8  We        715 0234  3.4 0824  0.5 1506  3.3 2048  0.7
 9  Th        715 0330  3.3 0920  0.6 1605  3.2 2149  0.8
10  Fr        715 0431  3.2 1022  0.7 1708  3.1 2258  0.9
11  Sa        715 0533  3.2 1129  0.8 1811  3.2 9999  9.9
12  Su        715 0007  0.9 0635  3.2 1235  0.8 1912  3.2
13  Mo        715 0111  0.8 0734  3.2 1335  0.7 2008  3.3
14  Tu        715 0206  0.7 0829  3.2 1428  0.6 2059  3.4
15  We        715 0256  0.6 0920  3.3 1516  0.5 2146  3.5
16  Th        715 0342  0.6 1006  3.3 1600  0.5 2230  3.5
17  Fr        715 0424  0.5 1050  3.3 1640  0.5 2311  3.5
18  Sa        715 0503  0.5 1131  3.3 1718  0.5 2350  3.4
19  Su        715 0541  0.6 1209  3.3 1755  0.6 9999  9.9
20  Mo        715 0027  3.4 0618  0.6 1247  3.2 1831  0.7
21  Tu        715 0105  3.3 0656  0.7 1325  3.1 1909  0.8
22  We        715 0142  3.2 0735  0.8 1404  3.0 1949  0.9
23  Th        715 0222  3.1 0817  0.9 1447  2.9 2034  1.0
24  Fr        715 0307  3.0 0904  1.0 1538  2.9 2126  1.1
25  Sa        715 0401  2.9 0957  1.0 1640  2.8 2228  1.2
26  Su        715 0504  2.8 1058  1.1 1747  2.8 2336  1.2
27  Mo        715 0610  2.9 1202  1.0 1850  3.0 9999  9.9
28  Tu        715 0040  1.1 0712  3.0 1303  0.9 1946  3.1
29  We        715 0137  0.9 0808  3.1 1358  0.7 2038  3.3
30  Th        715 0228  0.6 0900  3.3 1449  0.5 2127  3.5
31  Fr        715 0316  0.4 0950  3.5 1537  0.3 2214  3.7
 1  Sa        815 0403  0.2 1039  3.6 1624  0.1 2301  3.8
 2  Su        815 0449  0.1 1126  3.7 1710  0.1 2347  3.9
 3  Mo        815 0536  0.1 1214  3.7 1756  0.1 9999  9.9
 4  Tu        815 0034  3.8 0622  0.1 1302  3.6 1844  0.2
 5  We        815 0123  3.7 0710  0.3 1351  3.5 1933  0.4
 6  Th        815 0214  3.5 0801  0.4 1444  3.3 2026  0.6
 7  Fr        815 0308  3.3 0855  0.6 1542  3.2 2125  0.8
 8  Sa        815 0407  3.2 0955  0.8 1644  3.1 2234  1.0
 9  Su        815 0511  3.0 1105  0.9 1749  3.1 2348  1.0
10  Mo        815 0615  3.0 1217  0.9 1851  3.1 9999  9.9
11  Tu        815 0055  0.9 0716  3.0 1320  0.8 1949  3.2
12  We        815 0152  0.8 0812  3.1 1414  0.7 2040  3.3
13  Th        815 0240  0.7 0901  3.2 1500  0.6 2125  3.4
14  Fr        815 0323  0.6 0946  3.3 1541  0.6 2207  3.5
15  Sa        815 0402  0.5 1027  3.3 1618  0.5 2246  3.5
16  Su        815 0439  0.5 1106  3.3 1653  0.5 2322  3.5
17  Mo        815 0513  0.5 1142  3.3 1727  0.5 2358  3.4
18  Tu        815 0547  0.5 1217  3.3 1801  0.6 9999  9.9
19  We        815 0033  3.4 0622  0.6 1252  3.2 1837  0.7
20  Th        815 0107  3.3 0659  0.7 1328  3.1 1915  0.8
21  Fr        815 0144  3.1 0739  0.8 1407  3.0 1958  0.9
22  Sa        815 0225  3.0 0824  0.9 1452  2.9 2047  1.1
23  Su        815 0314  2.9 0915  1.0 1549  2.8 2146  1.2
24  Mo        815 0416  2.8 1015  1.1 1700  2.8 2255  1.2
25  Tu        815 0529  2.8 1124  1.1 1812  2.9 9999  9.9
26  We        815 0006  1.1 0639  2.9 1233  0.9 1915  3.1
27  Th        815 0109  0.8 0742  3.1 1333  0.7 2011  3.4
28  Fr        815 0204  0.6 0837  3.3 1427  0.4 2102  3.6
29  Sa        815 0254  0.3 0929  3.6 1517  0.2 2151  3.8
30  Su        815 0342  0.1 1018  3.7 1604  0.0 2239  3.9
31  Mo        815 0428  0.0 1106  3.8 1650  0.0 2326  3.9
 1  Tu        915 0515  0.0 1153  3.8 1737  0.0 9999  9.9
 2  We        915 0013  3.9 0601  0.0 1240  3.7 1823  0.1
 3  Th        915 0101  3.7 0648  0.2 1329  3.6 1912  0.4
 4  Fr        915 0151  3.5 0736  0.4 1420  3.4 2003  0.6
 5  Sa        915 0244  3.3 0828  0.7 1516  3.2 2101  0.9
 6  Su        915 0343  3.1 0928  0.9 1618  3.0 2210  1.0
 7  Mo        915 0447  2.9 1039  1.1 1724  3.0 2329  1.1
 8  Tu        915 0553  2.9 1158  1.1 1829  3.0 9999  9.9
 9  We        915 0038  1.0 0656  2.9 1304  1.0 1927  3.1
10  Th        915 0134  0.9 0752  3.0 1356  0.8 2017  3.2
11  Fr        915 0220  0.8 0840  3.1 1441  0.7 2101  3.3
12  Sa        915 0301  0.6 0923  3.3 1519  0.6 2141  3.4
13  Su        915 0337  0.5 1003  3.4 1554  0.5 2219  3.5
14  Mo        915 0411  0.5 1040  3.4 1627  0.5 2255  3.5
15  Tu        915 0444  0.5 1115  3.4 1700  0.5 2329  3.5
16  We        915 0517  0.5 1150  3.4 1733  0.5 9999  9.9
17  Th        915 0003  3.4 0552  0.5 1224  3.3 1808  0.6
18  Fr        915 0038  3.3 0628  0.6 1259  3.2 1847  0.7
19  Sa        915 0114  3.2 0708  0.7 1336  3.1 1929  0.8
20  Su        915 0154  3.0 0751  0.8 1420  3.0 2017  1.0
21  Mo        915 0242  2.9 0841  0.9 1514  2.9 2114  1.1
22  Tu        915 0342  2.8 0941  1.0 1623  2.9 2222  1.1
23  We        915 0455  2.8 1051  1.0 1737  3.0 2335  1.0
24  Th        915 0610  2.9 1204  0.9 1845  3.1 9999  9.9
25  Fr        915 0041  0.8 0716  3.1 1309  0.7 1944  3.4
26  Sa        915 0139  0.5 0814  3.4 1405  0.4 2037  3.6
27  Su        915 0231  0.2 0906  3.6 1455  0.2 2128  3.8
28  Mo        915 0320  0.0 0956  3.8 1544  0.0 2216  3.9
29  Tu        915 0407 -0.1 1044  3.9 1630 -0.1 2304  3.9
30  We        915 0453 -0.1 1131  3.9 1717  0.0 2351  3.8
 1  Th       1015 0539  0.0 1218  3.8 1803  0.2 9999  9.9
 2  Fr       1015 0038  3.7 0625  0.2 1306  3.6 1851  0.4
 3  Sa       1015 0127  3.4 0712  0.5 1356  3.4 1941  0.6
 4  Su       1015 0219  3.2 0802  0.7 1450  3.2 2036  0.9
 5  Mo       1015 0316  3.0 0859  1.0 1550  3.0 2143  1.1
 6  Tu       1015 0419  2.8 1009  1.1 1655  2.9 2301  1.1
 7  We       1015 0526  2.8 1131  1.2 1800  2.9 9999  9.9
 8  Th       1015 0012  1.1 0630  2.8 1239  1.1 1858  3.0
 9  Fr       1015 0108  1.0 0726  3.0 1332  0.9 1949  3.1
10  Sa       1015 0154  0.8 0814  3.1 1416  0.8 2033  3.3
11  Su       1015 0233  0.7 0857  3.2 1453  0.7 2113  3.4
12  Mo       1015 0309  0.6 0936  3.4 1528  0.6 2151  3.4
13  Tu       1015 0342  0.5 1013  3.4 1600  0.5 2227  3.5
14  We       1015 0415  0.4 1049  3.5 1633  0.5 2303  3.5
15  Th       1015 0449  0.4 1124  3.5 1708  0.5 2338  3.4
16  Fr       1015 0525  0.4 1159  3.4 1744  0.6 9999  9.9
17  Sa       1015 0014  3.3 0602  0.5 1236  3.3 1823  0.6
18  Su       1015 0052  3.2 0643  0.6 1315  3.2 1907  0.8
19  Mo       1015 0133  3.1 0727  0.7 1358  3.1 1955  0.9
20  Tu       1015 0221  3.0 0817  0.9 1451  3.0 2051  1.0
21  We       1015 0319  2.9 0915  1.0 1555  3.0 2156  1.0
22  Th       1015 0429  2.9 1023  1.0 1707  3.0 2306  0.9
23  Fr       1015 0543  3.0 1136  0.9 1815  3.2 9999  9.9
24  Sa       1015 0013  0.7 0650  3.2 1243  0.7 1916  3.4
25  Su       1015 0113  0.5 0750  3.4 1341  0.4 2012  3.6
26  Mo       1015 0207  0.3 0844  3.6 1434  0.2 2104  3.8
27  Tu       1015 0258  0.1 0934  3.8 1523  0.1 2154  3.8
28  We       1015 0346  0.0 1023  3.9 1611  0.0 2242  3.8
29  Th       1015 0432  0.0 1110  3.9 1657  0.1 2330  3.7
30  Fr       1015 0518  0.1 1157  3.8 1744  0.2 9999  9.9
31  Sa       1015 0017  3.6 0603  0.3 1243  3.6 1830  0.4
 1  Su       1115 0104  3.4 0649  0.5 1331  3.4 1919  0.7
 2  Mo       1115 0154  3.1 0737  0.7 1421  3.2 2011  0.9
 3  Tu       1115 0247  2.9 0829  1.0 1517  3.0 2110  1.1
 4  We       1115 0346  2.8 0930  1.1 1618  2.9 2219  1.1
 5  Th       1115 0450  2.7 1046  1.2 1721  2.9 2331  1.1
 6  Fr       1115 0553  2.8 1200  1.2 1820  2.9 9999  9.9
 7  Sa       1115 0031  1.0 0651  2.9 1258  1.1 1913  3.0
 8  Su       1115 0119  0.9 0741  3.0 1344  0.9 1959  3.1
 9  Mo       1115 0201  0.8 0826  3.2 1423  0.8 2042  3.3
10  Tu       1115 0238  0.7 0908  3.3 1459  0.7 2122  3.3
11  We       1115 0313  0.5 0947  3.4 1533  0.6 2201  3.4
12  Th       1115 0348  0.5 1024  3.5 1608  0.5 2238  3.4
13  Fr       1115 0424  0.4 1102  3.5 1645  0.5 2316  3.4
14  Sa       1115 0501  0.4 1139  3.5 1724  0.5 2355  3.3
15  Su       1115 0541  0.4 1218  3.4 1805  0.6 9999  9.9
16  Mo       1115 0035  3.3 0623  0.5 1258  3.4 1849  0.6
17  Tu       1115 0119  3.2 0708  0.6 1343  3.3 1937  0.7
18  We       1115 0207  3.1 0757  0.7 1434  3.2 2031  0.8
19  Th       1115 0302  3.0 0853  0.8 1533  3.1 2131  0.8
20  Fr       1115 0407  3.0 0957  0.9 1639  3.1 2237  0.8
21  Sa       1115 0517  3.0 1107  0.9 1746  3.2 2344  0.7
22  Su       1115 0624  3.2 1216  0.7 1850  3.3 9999  9.9
23  Mo       1115 0047  0.5 0726  3.3 1318  0.5 1948  3.5
24  Tu       1115 0144  0.4 0822  3.5 1414  0.4 2042  3.6
25  We       1115 0237  0.2 0914  3.7 1505  0.2 2133  3.7
26  Th       1115 0326  0.1 1003  3.8 1553  0.2 2223  3.7
27  Fr       1115 0414  0.1 1050  3.8 1640  0.2 2310  3.6
28  Sa       1115 0459  0.2 1136  3.7 1726  0.3 2356  3.5
29  Su       1115 0544  0.3 1221  3.6 1811  0.5 9999  9.9
30  Mo       1115 0042  3.3 0627  0.5 1306  3.4 1856  0.6
 1  Tu       1215 0127  3.1 0711  0.7 1352  3.2 1943  0.8
 2  We       1215 0215  3.0 0757  0.9 1440  3.1 2032  1.0
 3  Th       1215 0306  2.9 0848  1.1 1534  2.9 2128  1.1
 4  Fr       1215 0404  2.8 0948  1.2 1632  2.9 2231  1.1
 5  Sa       1215 0506  2.8 1059  1.2 1732  2.9 2335  1.1
 6  Su       1215 0606  2.8 1208  1.2 1829  2.9 9999  9.9
 7  Mo       1215 0033  1.0 0702  2.9 1303  1.1 1921  3.0
 8  Tu       1215 0121  0.9 0752  3.1 1348  1.0 2008  3.1
 9  We       1215 0203  0.8 0838  3.2 1428  0.8 2053  3.2
10  Th       1215 0243  0.6 0920  3.3 1506  0.7 2135  3.3
11  Fr       1215 0322  0.5 1001  3.4 1545  0.6 2216  3.4
12  Sa       1215 0401  0.4 1040  3.5 1625  0.5 2257  3.4
13  Su       1215 0442  0.4 1121  3.6 1706  0.4 2339  3.4
14  Mo       1215 0523  0.3 1201  3.6 1749  0.4 9999  9.9
15  Tu       1215 0022  3.4 0606  0.4 1244  3.5 1833  0.5
16  We       1215 0106  3.3 0652  0.5 1329  3.5 1921  0.5
17  Th       1215 0154  3.2 0740  0.6 1418  3.4 2012  0.6
18  Fr       1215 0247  3.1 0833  0.7 1513  3.3 2108  0.7
19  Sa       1215 0346  3.1 0933  0.8 1614  3.2 2209  0.7
20  Su       1215 0452  3.1 1040  0.8 1720  3.2 2315  0.7
21  Mo       1215 0559  3.1 1150  0.8 1824  3.2 9999  9.9
22  Tu       1215 0022  0.7 0703  3.2 1256  0.7 1925  3.3
23  We       1215 0123  0.5 0801  3.4 1355  0.6 2022  3.4
24  Th       1215 0219  0.4 0855  3.5 1448  0.4 2115  3.5
25  Fr       1215 0310  0.3 0945  3.6 1538  0.4 2205  3.5
26  Sa       1215 0358  0.3 1032  3.7 1624  0.4 2252  3.5
27  Su       1215 0442  0.3 1117  3.6 1708  0.4 2337  3.4
28  Mo       1215 0525  0.4 1159  3.6 1750  0.5 9999  9.9
29  Tu       1215 0019  3.3 0605  0.5 1240  3.4 1831  0.6
30  We       1215 0100  3.2 0645  0.6 1321  3.3 1912  0.7
31  Th       1215 0142  3.1 0726  0.8 1402  3.2 1955  0.8
