044Kawhia
Based on data from  1-Jul-2016
Local Std Time, tidal heights in metres.
 1  Mo        724 0533  3.3 1129  0.9 1812  3.2 9999  9.9
 2  Tu        724 0006  1.0 0634  3.2 1232  0.9 1913  3.3
 3  We        724 0109  1.0 0733  3.3 1331  0.8 2009  3.4
 4  Th        724 0206  0.9 0829  3.3 1426  0.8 2102  3.5
 5  Fr        724 0258  0.8 0922  3.3 1517  0.8 2151  3.5
 6  Sa        724 0346  0.8 1011  3.3 1603  0.7 2236  3.5
 7  Su        724 0431  0.8 1057  3.3 1647  0.7 2319  3.5
 8  Mo        724 0513  0.8 1141  3.3 1727  0.8 9999  9.9
 9  Tu        724 0000  3.5 0554  0.8 1221  3.2 1806  0.8
10  We        724 0039  3.4 0633  0.9 1300  3.2 1844  0.9
11  Th        724 0118  3.3 0711  1.0 1339  3.1 1922  1.0
12  Fr        724 0157  3.2 0751  1.0 1418  3.1 2002  1.1
13  Sa        724 0237  3.1 0833  1.1 1501  3.0 2047  1.2
14  Su        724 0322  3.0 0918  1.2 1552  2.9 2138  1.4
15  Mo        724 0414  3.0 1010  1.2 1652  2.9 2240  1.4
16  Tu        724 0514  2.9 1109  1.3 1758  2.9 2348  1.4
17  We        724 0617  2.9 1213  1.2 1859  3.0 9999  9.9
18  Th        724 0053  1.3 0717  3.0 1313  1.1 1955  3.1
19  Fr        724 0149  1.2 0813  3.1 1408  1.0 2046  3.3
20  Sa        724 0239  1.0 0906  3.2 1458  0.8 2134  3.5
21  Su        724 0326  0.8 0956  3.4 1545  0.6 2220  3.6
22  Mo        724 0412  0.6 1044  3.5 1631  0.5 2306  3.8
23  Tu        724 0458  0.5 1131  3.6 1716  0.4 2351  3.8
24  We        724 0544  0.4 1217  3.6 1802  0.4 9999  9.9
25  Th        724 0037  3.8 0630  0.4 1304  3.6 1848  0.5
26  Fr        724 0124  3.7 0717  0.5 1352  3.5 1936  0.6
27  Sa        724 0213  3.6 0806  0.6 1443  3.4 2028  0.8
28  Su        724 0306  3.4 0858  0.8 1539  3.2 2125  1.0
29  Mo        724 0403  3.3 0956  0.9 1641  3.1 2232  1.1
30  Tu        724 0506  3.1 1101  1.1 1748  3.1 2346  1.2
31  We        724 0612  3.1 1212  1.1 1853  3.1 9999  9.9
 1  Th        824 0055  1.1 0716  3.0 1319  1.1 1953  3.2
 2  Fr        824 0155  1.1 0816  3.1 1416  1.0 2047  3.3
 3  Sa        824 0246  0.9 0909  3.2 1505  0.9 2135  3.4
 4  Su        824 0332  0.8 0957  3.3 1549  0.8 2218  3.5
 5  Mo        824 0413  0.8 1039  3.3 1629  0.7 2257  3.5
 6  Tu        824 0451  0.7 1118  3.3 1705  0.7 2335  3.5
 7  We        824 0527  0.7 1155  3.3 1739  0.8 9999  9.9
 8  Th        824 0010  3.5 0601  0.8 1229  3.3 1813  0.8
 9  Fr        824 0044  3.4 0635  0.8 1303  3.3 1847  0.9
10  Sa        824 0117  3.3 0711  0.9 1337  3.2 1923  1.0
11  Su        824 0152  3.2 0748  1.0 1413  3.1 2003  1.1
12  Mo        824 0231  3.1 0830  1.1 1457  3.0 2050  1.3
13  Tu        824 0318  2.9 0919  1.2 1553  2.9 2148  1.4
14  We        824 0417  2.8 1018  1.3 1706  2.8 2301  1.5
15  Th        824 0532  2.8 1129  1.3 1822  2.9 9999  9.9
16  Fr        824 0018  1.4 0646  2.9 1243  1.2 1926  3.1
17  Sa        824 0123  1.2 0750  3.0 1345  1.0 2022  3.3
18  Su        824 0217  0.9 0846  3.3 1438  0.8 2112  3.6
19  Mo        824 0306  0.7 0937  3.5 1526  0.5 2159  3.8
20  Tu        824 0352  0.5 1025  3.7 1612  0.3 2245  3.9
21  We        824 0437  0.3 1111  3.8 1656  0.3 2330  4.0
22  Th        824 0522  0.2 1156  3.8 1741  0.3 9999  9.9
23  Fr        824 0015  3.9 0606  0.3 1242  3.7 1826  0.4
24  Sa        824 0101  3.8 0652  0.4 1328  3.6 1913  0.6
25  Su        824 0148  3.6 0739  0.6 1417  3.4 2003  0.8
26  Mo        824 0239  3.4 0829  0.8 1512  3.2 2100  1.1
27  Tu        824 0336  3.1 0926  1.1 1615  3.1 2209  1.3
28  We        824 0442  3.0 1036  1.2 1725  3.0 2331  1.3
29  Th        824 0554  2.9 1159  1.3 1836  3.0 9999  9.9
30  Fr        824 0046  1.3 0704  2.9 1310  1.2 1938  3.1
31  Sa        824 0144  1.1 0804  3.0 1406  1.1 2031  3.3
 1  Su        924 0232  1.0 0855  3.2 1451  0.9 2115  3.4
 2  Mo        924 0313  0.8 0938  3.3 1531  0.8 2155  3.5
 3  Tu        924 0350  0.7 1017  3.4 1606  0.7 2231  3.5
 4  We        924 0425  0.7 1052  3.4 1639  0.7 2306  3.5
 5  Th        924 0457  0.7 1126  3.5 1711  0.7 2338  3.5
 6  Fr        924 0529  0.7 1158  3.4 1742  0.7 9999  9.9
 7  Sa        924 0010  3.4 0601  0.7 1229  3.4 1815  0.8
 8  Su        924 0042  3.3 0635  0.8 1301  3.3 1850  0.9
 9  Mo        924 0115  3.2 0712  0.9 1336  3.2 1929  1.1
10  Tu        924 0153  3.1 0752  1.1 1417  3.0 2015  1.3
11  We        924 0238  2.9 0840  1.2 1511  2.9 2112  1.4
12  Th        924 0337  2.8 0940  1.3 1625  2.8 2226  1.5
13  Fr        924 0456  2.8 1055  1.4 1748  2.9 2348  1.4
14  Sa        924 0619  2.9 1215  1.2 1858  3.1 9999  9.9
15  Su        924 0057  1.1 0727  3.1 1321  1.0 1956  3.4
16  Mo        924 0153  0.8 0824  3.3 1415  0.7 2047  3.6
17  Tu        924 0242  0.6 0915  3.6 1504  0.4 2135  3.9
18  We        924 0328  0.3 1002  3.8 1550  0.3 2221  4.0
19  Th        924 0413  0.2 1048  3.9 1635  0.2 2306  4.0
20  Fr        924 0458  0.1 1133  3.9 1719  0.2 2351  3.9
21  Sa        924 0542  0.2 1218  3.8 1804  0.4 9999  9.9
22  Su        924 0037  3.8 0627  0.4 1304  3.7 1851  0.6
23  Mo        924 0124  3.5 0713  0.6 1352  3.4 1940  0.9
24  Tu        924 0214  3.2 0802  0.9 1446  3.2 2037  1.1
25  We        924 0312  3.0 0859  1.2 1550  3.0 2149  1.3
26  Th        924 0420  2.8 1013  1.4 1702  2.9 2316  1.4
27  Fr        924 0536  2.8 1145  1.4 1814  3.0 9999  9.9
28  Sa        924 0030  1.3 0647  2.8 1255  1.3 1916  3.1
29  Su        924 0125  1.1 0745  3.0 1347  1.1 2006  3.2
30  Mo        924 0209  1.0 0832  3.2 1429  1.0 2049  3.4
 1  Tu       1024 0248  0.8 0912  3.3 1506  0.8 2126  3.5
 2  We       1024 0322  0.7 0949  3.4 1540  0.7 2202  3.5
 3  Th       1024 0355  0.7 1023  3.5 1611  0.7 2236  3.5
 4  Fr       1024 0426  0.6 1057  3.5 1642  0.7 2308  3.5
 5  Sa       1024 0457  0.6 1129  3.5 1714  0.7 2340  3.4
 6  Su       1024 0530  0.7 1201  3.4 1748  0.8 9999  9.9
 7  Mo       1024 0013  3.3 0605  0.8 1234  3.3 1824  0.9
 8  Tu       1024 0048  3.2 0643  0.9 1310  3.2 1905  1.1
 9  We       1024 0127  3.1 0725  1.0 1353  3.1 1953  1.2
10  Th       1024 0214  2.9 0814  1.2 1447  3.0 2051  1.3
11  Fr       1024 0314  2.8 0914  1.3 1557  2.9 2202  1.4
12  Sa       1024 0432  2.8 1028  1.3 1717  3.0 2318  1.3
13  Su       1024 0553  2.9 1146  1.2 1828  3.2 9999  9.9
14  Mo       1024 0027  1.0 0702  3.1 1254  1.0 1927  3.4
15  Tu       1024 0124  0.8 0759  3.4 1350  0.7 2020  3.7
16  We       1024 0215  0.5 0850  3.6 1440  0.4 2109  3.8
17  Th       1024 0303  0.3 0939  3.8 1527  0.3 2156  3.9
18  Fr       1024 0349  0.2 1025  3.9 1613  0.2 2242  3.9
19  Sa       1024 0434  0.2 1110  3.9 1658  0.3 2328  3.8
20  Su       1024 0519  0.3 1156  3.8 1744  0.4 9999  9.9
21  Mo       1024 0015  3.6 0604  0.5 1242  3.6 1831  0.7
22  Tu       1024 0102  3.4 0650  0.7 1330  3.4 1921  0.9
23  We       1024 0153  3.2 0739  1.0 1423  3.2 2017  1.2
24  Th       1024 0249  2.9 0834  1.2 1523  3.0 2125  1.3
25  Fr       1024 0355  2.8 0945  1.4 1632  2.9 2246  1.4
26  Sa       1024 0507  2.8 1114  1.4 1741  2.9 2358  1.3
27  Su       1024 0615  2.8 1224  1.3 1841  3.0 9999  9.9
28  Mo       1024 0052  1.2 0711  3.0 1316  1.2 1931  3.1
29  Tu       1024 0136  1.0 0759  3.1 1359  1.1 2014  3.3
30  We       1024 0215  0.9 0840  3.3 1436  0.9 2054  3.4
31  Th       1024 0250  0.8 0918  3.4 1510  0.8 2131  3.4
 1  Fr       1124 0324  0.7 0954  3.5 1543  0.8 2206  3.5
 2  Sa       1124 0356  0.7 1029  3.5 1615  0.8 2241  3.4
 3  Su       1124 0430  0.7 1104  3.5 1650  0.8 2316  3.4
 4  Mo       1124 0505  0.7 1139  3.5 1726  0.8 2352  3.3
 5  Tu       1124 0543  0.7 1215  3.4 1806  0.9 9999  9.9
 6  We       1124 0031  3.2 0623  0.8 1255  3.3 1850  1.0
 7  Th       1124 0113  3.1 0707  0.9 1339  3.2 1939  1.1
 8  Fr       1124 0202  3.0 0757  1.1 1432  3.1 2035  1.2
 9  Sa       1124 0300  2.9 0855  1.2 1536  3.1 2139  1.2
10  Su       1124 0410  2.9 1002  1.2 1647  3.1 2248  1.1
11  Mo       1124 0525  3.0 1115  1.1 1755  3.2 2354  0.9
12  Tu       1124 0633  3.2 1223  0.9 1856  3.4 9999  9.9
13  We       1124 0054  0.7 0732  3.4 1322  0.7 1952  3.6
14  Th       1124 0148  0.5 0826  3.6 1415  0.6 2043  3.7
15  Fr       1124 0238  0.4 0916  3.8 1505  0.4 2133  3.8
16  Sa       1124 0327  0.3 1004  3.8 1553  0.4 2222  3.7
17  Su       1124 0414  0.3 1051  3.8 1640  0.4 2309  3.7
18  Mo       1124 0500  0.4 1137  3.8 1727  0.6 2356  3.5
19  Tu       1124 0545  0.6 1223  3.6 1814  0.7 9999  9.9
20  We       1124 0044  3.3 0630  0.8 1310  3.4 1903  0.9
21  Th       1124 0133  3.1 0717  1.0 1359  3.3 1955  1.1
22  Fr       1124 0224  3.0 0808  1.2 1452  3.1 2052  1.2
23  Sa       1124 0321  2.9 0907  1.3 1551  3.0 2156  1.3
24  Su       1124 0424  2.8 1018  1.4 1653  3.0 2303  1.3
25  Mo       1124 0527  2.8 1132  1.4 1752  3.0 9999  9.9
26  Tu       1124 0003  1.2 0626  2.9 1232  1.3 1846  3.0
27  We       1124 0053  1.1 0717  3.0 1321  1.2 1934  3.1
28  Th       1124 0137  1.0 0804  3.2 1402  1.1 2018  3.2
29  Fr       1124 0216  0.9 0846  3.3 1440  1.0 2059  3.3
30  Sa       1124 0253  0.8 0926  3.4 1516  0.9 2139  3.3
 1  Su       1224 0330  0.8 1005  3.5 1553  0.9 2218  3.4
 2  Mo       1224 0407  0.7 1043  3.5 1631  0.8 2258  3.4
 3  Tu       1224 0446  0.7 1122  3.5 1711  0.8 2338  3.3
 4  We       1224 0527  0.7 1202  3.5 1753  0.8 9999  9.9
 5  Th       1224 0020  3.3 0609  0.7 1243  3.4 1838  0.8
 6  Fr       1224 0104  3.2 0654  0.8 1328  3.4 1926  0.9
 7  Sa       1224 0152  3.1 0742  0.9 1418  3.3 2018  0.9
 8  Su       1224 0245  3.1 0836  1.0 1514  3.3 2114  1.0
 9  Mo       1224 0346  3.1 0936  1.0 1616  3.2 2215  1.0
10  Tu       1224 0454  3.1 1043  1.1 1722  3.3 2320  0.9
11  We       1224 0602  3.2 1152  1.0 1825  3.3 9999  9.9
12  Th       1224 0023  0.8 0705  3.3 1256  0.9 1925  3.4
13  Fr       1224 0122  0.7 0802  3.5 1354  0.8 2021  3.5
14  Sa       1224 0217  0.6 0856  3.6 1448  0.6 2115  3.5
15  Su       1224 0309  0.5 0946  3.7 1538  0.6 2206  3.5
16  Mo       1224 0358  0.5 1034  3.7 1627  0.6 2254  3.5
17  Tu       1224 0445  0.6 1120  3.7 1713  0.7 2341  3.4
18  We       1224 0529  0.6 1205  3.6 1758  0.7 9999  9.9
19  Th       1224 0027  3.3 0613  0.8 1249  3.5 1843  0.9
20  Fr       1224 0111  3.2 0655  0.9 1332  3.3 1927  1.0
21  Sa       1224 0155  3.1 0739  1.0 1417  3.2 2013  1.1
22  Su       1224 0241  3.0 0824  1.2 1504  3.1 2101  1.2
23  Mo       1224 0331  2.9 0916  1.3 1556  3.0 2153  1.3
24  Tu       1224 0428  2.9 1017  1.4 1653  2.9 2251  1.3
25  We       1224 0529  2.9 1126  1.4 1751  2.9 2352  1.3
26  Th       1224 0629  2.9 1230  1.4 1847  3.0 9999  9.9
27  Fr       1224 0049  1.2 0724  3.0 1323  1.3 1940  3.0
28  Sa       1224 0139  1.1 0814  3.1 1409  1.2 2029  3.1
29  Su       1224 0225  1.0 0900  3.3 1452  1.0 2115  3.2
30  Mo       1224 0307  0.9 0943  3.4 1533  0.9 2200  3.3
31  Tu       1224 0349  0.7 1025  3.5 1614  0.8 2243  3.4
 1  We        125 0430  0.6 1106  3.6 1656  0.7 2326  3.4
 2  Th        125 0512  0.6 1147  3.6 1739  0.6 9999  9.9
 3  Fr        125 0009  3.4 0555  0.6 1230  3.6 1823  0.6
 4  Sa        125 0053  3.4 0639  0.6 1314  3.6 1909  0.6
 5  Su        125 0138  3.4 0725  0.7 1400  3.5 1957  0.7
 6  Mo        125 0227  3.3 0815  0.8 1451  3.4 2048  0.8
 7  Tu        125 0322  3.2 0910  0.9 1547  3.3 2144  0.9
 8  We        125 0424  3.1 1013  1.0 1650  3.2 2247  1.0
 9  Th        125 0532  3.1 1123  1.1 1756  3.2 2354  1.0
10  Fr        125 0640  3.2 1234  1.1 1902  3.2 9999  9.9
11  Sa        125 0101  0.9 0743  3.3 1339  1.0 2004  3.2
12  Su        125 0202  0.8 0840  3.4 1436  0.9 2101  3.3
13  Mo        125 0257  0.7 0932  3.5 1527  0.8 2154  3.4
14  Tu        125 0346  0.7 1020  3.6 1614  0.7 2242  3.4
15  We        125 0431  0.6 1104  3.6 1658  0.7 2326  3.4
16  Th        125 0513  0.6 1146  3.6 1739  0.7 9999  9.9
17  Fr        125 0007  3.4 0552  0.7 1225  3.5 1817  0.8
18  Sa        125 0045  3.3 0630  0.8 1303  3.4 1855  0.8
19  Su        125 0122  3.2 0706  0.9 1340  3.3 1933  0.9
20  Mo        125 0159  3.1 0744  1.0 1417  3.2 2012  1.0
21  Tu        125 0238  3.0 0825  1.2 1458  3.1 2054  1.2
22  We        125 0324  2.9 0912  1.3 1546  2.9 2143  1.3
23  Th        125 0421  2.8 1010  1.5 1645  2.9 2241  1.3
24  Fr        125 0532  2.8 1123  1.5 1754  2.8 2351  1.4
25  Sa        125 0641  2.9 1238  1.5 1900  2.9 9999  9.9
26  Su        125 0100  1.3 0741  3.0 1338  1.3 2000  3.0
27  Mo        125 0157  1.1 0833  3.2 1427  1.1 2053  3.1
28  Tu        125 0246  0.9 0920  3.4 1512  0.9 2141  3.3
29  We        125 0330  0.7 1004  3.6 1555  0.7 2226  3.5
30  Th        125 0413  0.5 1047  3.7 1638  0.5 2310  3.6
31  Fr        125 0455  0.4 1129  3.8 1721  0.4 2353  3.6
 1  Sa        225 0538  0.4 1212  3.8 1804  0.4 9999  9.9
 2  Su        225 0036  3.6 0621  0.4 1255  3.8 1848  0.4
 3  Mo        225 0120  3.6 0706  0.5 1340  3.7 1933  0.5
 4  Tu        225 0206  3.5 0753  0.7 1428  3.5 2022  0.7
 5  We        225 0258  3.3 0846  0.9 1521  3.3 2115  0.9
 6  Th        225 0357  3.2 0947  1.1 1623  3.1 2217  1.1
 7  Fr        225 0506  3.1 1101  1.2 1733  3.0 2331  1.2
 8  Sa        225 0619  3.1 1219  1.2 1845  3.0 9999  9.9
 9  Su        225 0048  1.1 0727  3.1 1328  1.1 1952  3.1
10  Mo        225 0153  1.0 0827  3.3 1426  1.0 2051  3.2
11  Tu        225 0248  0.9 0918  3.4 1515  0.8 2142  3.3
12  We        225 0334  0.8 1004  3.5 1558  0.7 2226  3.4
13  Th        225 0415  0.7 1044  3.6 1637  0.7 2305  3.4
14  Fr        225 0452  0.6 1122  3.6 1713  0.6 2342  3.5
15  Sa        225 0527  0.6 1157  3.6 1748  0.7 9999  9.9
16  Su        225 0016  3.4 0601  0.7 1231  3.5 1821  0.7
17  Mo        225 0049  3.4 0634  0.8 1303  3.4 1855  0.8
18  Tu        225 0121  3.3 0708  0.9 1336  3.3 1930  0.9
19  We        225 0154  3.2 0745  1.1 1411  3.1 2008  1.1
20  Th        225 0232  3.0 0826  1.2 1452  3.0 2053  1.2
21  Fr        225 0321  2.9 0918  1.4 1545  2.8 2147  1.4
22  Sa        225 0430  2.8 1028  1.5 1658  2.7 2258  1.4
23  Su        225 0554  2.8 1151  1.5 1820  2.8 9999  9.9
24  Mo        225 0019  1.4 0705  2.9 1304  1.3 1930  2.9
25  Tu        225 0128  1.2 0804  3.1 1359  1.1 2028  3.1
26  We        225 0221  0.9 0854  3.4 1447  0.8 2118  3.4
27  Th        225 0307  0.7 0939  3.6 1531  0.6 2204  3.6
28  Fr        225 0351  0.4 1023  3.8 1615  0.4 2248  3.7
 1  Sa        325 0434  0.3 1106  3.9 1658  0.3 2331  3.8
 2  Su        325 0517  0.2 1150  4.0 1741  0.2 9999  9.9
 3  Mo        325 0015  3.8 0601  0.3 1234  3.9 1825  0.3
 4  Tu        325 0059  3.7 0645  0.4 1319  3.7 1910  0.5
 5  We        325 0146  3.5 0733  0.6 1407  3.5 1958  0.7
 6  Th        325 0237  3.3 0826  0.9 1500  3.2 2051  1.0
 7  Fr        325 0336  3.1 0928  1.2 1603  3.0 2154  1.2
 8  Sa        325 0446  3.0 1045  1.3 1716  2.9 2315  1.3
 9  Su        325 0601  3.0 1209  1.3 1832  2.9 9999  9.9
10  Mo        325 0039  1.3 0711  3.1 1317  1.2 1940  3.0
11  Tu        325 0142  1.1 0810  3.2 1410  1.0 2036  3.1
12  We        325 0232  0.9 0859  3.4 1455  0.9 2122  3.3
13  Th        325 0315  0.8 0940  3.5 1535  0.7 2202  3.4
14  Fr        325 0352  0.7 1018  3.6 1610  0.7 2239  3.5
15  Sa        325 0427  0.7 1053  3.6 1644  0.6 2313  3.5
16  Su        325 0500  0.6 1127  3.5 1716  0.6 2346  3.5
17  Mo        325 0531  0.7 1159  3.5 1748  0.7 9999  9.9
18  Tu        325 0018  3.4 0603  0.8 1230  3.4 1821  0.8
19  We        325 0049  3.3 0637  0.9 1302  3.3 1856  0.9
20  Th        325 0121  3.2 0714  1.0 1337  3.1 1934  1.0
21  Fr        325 0159  3.1 0755  1.2 1418  3.0 2018  1.2
22  Sa        325 0245  2.9 0847  1.4 1509  2.8 2111  1.3
23  Su        325 0348  2.8 0953  1.5 1618  2.8 2220  1.4
24  Mo        325 0511  2.8 1112  1.4 1744  2.8 2341  1.4
25  Tu        325 0628  3.0 1227  1.3 1859  2.9 9999  9.9
26  We        325 0053  1.2 0729  3.2 1326  1.0 1959  3.2
27  Th        325 0150  0.9 0822  3.4 1416  0.7 2050  3.4
28  Fr        325 0239  0.6 0910  3.7 1503  0.5 2138  3.7
29  Sa        325 0326  0.4 0956  3.9 1548  0.3 2224  3.8
30  Su        325 0411  0.2 1042  4.0 1633  0.2 2309  3.9
31  Mo        325 0455  0.2 1127  3.9 1718  0.2 2354  3.9
 1  Tu        425 0540  0.3 1212  3.8 1802  0.3 9999  9.9
 2  We        425 0039  3.8 0627  0.5 1259  3.6 1848  0.5
 3  Th        425 0127  3.6 0716  0.7 1349  3.4 1937  0.8
 4  Fr        425 0219  3.3 0810  1.0 1444  3.1 2031  1.0
 5  Sa        425 0318  3.1 0914  1.2 1548  2.9 2137  1.3
 6  Su        425 0427  3.0 1032  1.3 1701  2.8 2301  1.4
 7  Mo        425 0540  3.0 1152  1.3 1814  2.9 9999  9.9
 8  Tu        425 0021  1.3 0646  3.1 1255  1.2 1918  3.0
 9  We        425 0120  1.2 0742  3.2 1344  1.0 2010  3.1
10  Th        425 0207  1.0 0829  3.3 1427  0.9 2053  3.3
11  Fr        425 0248  0.9 0909  3.4 1505  0.8 2132  3.4
12  Sa        425 0325  0.8 0947  3.5 1540  0.7 2209  3.5
13  Su        425 0358  0.7 1022  3.5 1613  0.7 2244  3.5
14  Mo        425 0431  0.7 1056  3.5 1645  0.7 2317  3.5
15  Tu        425 0503  0.7 1130  3.4 1718  0.7 2350  3.4
16  We        425 0536  0.8 1203  3.3 1752  0.8 9999  9.9
17  Th        425 0023  3.4 0612  0.9 1237  3.2 1829  0.9
18  Fr        425 0058  3.3 0651  1.0 1315  3.1 1909  1.0
19  Sa        425 0138  3.1 0735  1.2 1358  3.0 1954  1.1
20  Su        425 0225  3.0 0827  1.3 1449  2.9 2048  1.3
21  Mo        425 0324  2.9 0929  1.3 1554  2.8 2152  1.3
22  Tu        425 0436  3.0 1040  1.3 1712  2.9 2307  1.3
23  We        425 0549  3.1 1149  1.1 1824  3.0 9999  9.9
24  Th        425 0017  1.1 0652  3.3 1250  0.9 1926  3.2
25  Fr        425 0117  0.9 0748  3.5 1344  0.7 2020  3.5
26  Sa        425 0210  0.6 0839  3.7 1434  0.4 2111  3.7
27  Su        425 0259  0.4 0929  3.8 1522  0.3 2159  3.8
28  Mo        425 0347  0.3 1017  3.9 1609  0.2 2246  3.9
29  Tu        425 0434  0.3 1105  3.8 1656  0.3 2333  3.9
30  We        425 0522  0.4 1153  3.7 1742  0.4 9999  9.9
 1  Th        525 0021  3.7 0610  0.6 1243  3.5 1830  0.6
 2  Fr        525 0110  3.6 0701  0.8 1334  3.3 1919  0.8
 3  Sa        525 0202  3.4 0756  1.0 1429  3.1 2014  1.1
 4  Su        525 0259  3.2 0858  1.2 1531  2.9 2117  1.3
 5  Mo        525 0403  3.1 1009  1.2 1637  2.9 2234  1.3
 6  Tu        525 0509  3.0 1120  1.2 1743  2.9 2348  1.3
 7  We        525 0610  3.0 1219  1.2 1842  3.0 9999  9.9
 8  Th        525 0047  1.2 0704  3.1 1308  1.1 1933  3.1
 9  Fr        525 0134  1.1 0751  3.2 1352  1.0 2018  3.2
10  Sa        525 0216  1.0 0833  3.3 1431  0.9 2059  3.3
11  Su        525 0254  0.9 0913  3.3 1507  0.8 2138  3.4
12  Mo        525 0329  0.9 0951  3.4 1542  0.8 2215  3.4
13  Tu        525 0404  0.8 1028  3.3 1617  0.8 2251  3.5
14  We        525 0438  0.8 1105  3.3 1652  0.8 2327  3.4
15  Th        525 0514  0.9 1142  3.3 1729  0.8 9999  9.9
16  Fr        525 0003  3.4 0553  0.9 1220  3.2 1809  0.9
17  Sa        525 0042  3.3 0635  1.0 1301  3.1 1851  0.9
18  Su        525 0123  3.2 0720  1.1 1345  3.0 1937  1.0
19  Mo        525 0210  3.2 0811  1.1 1436  3.0 2029  1.1
20  Tu        525 0304  3.1 0908  1.1 1534  3.0 2128  1.2
21  We        525 0407  3.1 1009  1.1 1641  3.0 2234  1.1
22  Th        525 0512  3.2 1113  1.0 1750  3.1 2342  1.0
23  Fr        525 0616  3.3 1214  0.8 1853  3.3 9999  9.9
24  Sa        525 0045  0.9 0715  3.4 1312  0.7 1951  3.5
25  Su        525 0142  0.7 0810  3.6 1406  0.5 2045  3.6
26  Mo        525 0236  0.5 0904  3.7 1458  0.4 2136  3.8
27  Tu        525 0327  0.5 0956  3.7 1548  0.4 2226  3.8
28  We        525 0417  0.5 1047  3.6 1637  0.4 2315  3.8
29  Th        525 0506  0.5 1137  3.5 1726  0.5 9999  9.9
30  Fr        525 0004  3.7 0556  0.6 1228  3.4 1814  0.7
31  Sa        525 0053  3.6 0646  0.8 1318  3.3 1902  0.9
 1  Su        625 0143  3.4 0738  0.9 1410  3.1 1953  1.0
 2  Mo        625 0235  3.3 0832  1.1 1504  3.0 2049  1.2
 3  Tu        625 0330  3.1 0930  1.2 1601  2.9 2151  1.3
 4  We        625 0427  3.1 1031  1.2 1700  2.9 2259  1.3
 5  Th        625 0524  3.0 1130  1.2 1757  3.0 9999  9.9
 6  Fr        625 0002  1.3 0618  3.0 1224  1.1 1850  3.0
 7  Sa        625 0055  1.2 0708  3.1 1312  1.1 1939  3.1
 8  Su        625 0142  1.2 0755  3.1 1356  1.0 2025  3.2
 9  Mo        625 0223  1.1 0840  3.2 1436  0.9 2108  3.3
10  Tu        625 0302  1.0 0922  3.2 1515  0.9 2149  3.4
11  We        625 0340  0.9 1004  3.2 1553  0.8 2228  3.4
12  Th        625 0417  0.9 1044  3.3 1632  0.8 2307  3.4
13  Fr        625 0456  0.9 1125  3.3 1711  0.8 2347  3.4
14  Sa        625 0537  0.9 1206  3.2 1752  0.8 9999  9.9
15  Su        625 0027  3.4 0620  0.9 1248  3.2 1835  0.8
16  Mo        625 0109  3.4 0704  0.9 1332  3.2 1920  0.9
17  Tu        625 0154  3.3 0752  0.9 1420  3.1 2009  0.9
18  We        625 0243  3.3 0843  0.9 1512  3.1 2103  1.0
19  Th        625 0339  3.3 0939  0.9 1612  3.1 2204  1.0
20  Fr        625 0439  3.3 1039  0.9 1718  3.1 2310  1.0
21  Sa        625 0543  3.3 1141  0.9 1824  3.2 9999  9.9
22  Su        625 0017  0.9 0646  3.3 1244  0.8 1926  3.4
23  Mo        625 0120  0.8 0747  3.4 1344  0.7 2024  3.5
24  Tu        625 0218  0.7 0844  3.5 1440  0.6 2118  3.6
25  We        625 0312  0.6 0940  3.5 1533  0.5 2210  3.7
26  Th        625 0403  0.6 1033  3.5 1623  0.5 2259  3.7
27  Fr        625 0453  0.6 1123  3.5 1711  0.6 2347  3.7
28  Sa        625 0540  0.7 1211  3.4 1756  0.7 9999  9.9
29  Su        625 0033  3.6 0627  0.7 1258  3.3 1841  0.8
30  Mo        625 0118  3.5 0712  0.8 1343  3.2 1926  0.9
