054Leigh
Based on data from 15-Mar-1986
Local Std Time, tidal heights in metres.
 1  Th        115 0337  2.4 0948  0.7 1600  2.4 2217  0.5
 2  Fr        115 0438  2.4 1049  0.7 1658  2.3 2313  0.5
 3  Sa        115 0535  2.4 1146  0.7 1753  2.3 9999  9.9
 4  Su        115 0006  0.5 0627  2.4 1239  0.6 1844  2.3
 5  Mo        115 0055  0.5 0716  2.5 1327  0.6 1932  2.4
 6  Tu        115 0141  0.5 0800  2.5 1413  0.6 2017  2.4
 7  We        115 0224  0.5 0843  2.5 1455  0.6 2100  2.4
 8  Th        115 0306  0.5 0923  2.5 1537  0.6 2141  2.3
 9  Fr        115 0347  0.5 1003  2.5 1617  0.6 2222  2.3
10  Sa        115 0428  0.5 1042  2.4 1657  0.6 2304  2.3
11  Su        115 0508  0.6 1121  2.4 1738  0.6 2346  2.2
12  Mo        115 0550  0.6 1202  2.3 1820  0.7 9999  9.9
13  Tu        115 0030  2.2 0634  0.7 1244  2.3 1905  0.7
14  We        115 0117  2.2 0721  0.8 1330  2.2 1952  0.7
15  Th        115 0208  2.2 0812  0.8 1420  2.2 2043  0.7
16  Fr        115 0302  2.2 0907  0.8 1513  2.2 2137  0.6
17  Sa        115 0358  2.2 1005  0.8 1610  2.3 2232  0.6
18  Su        115 0454  2.3 1102  0.7 1707  2.3 2327  0.5
19  Mo        115 0549  2.4 1158  0.6 1803  2.4 9999  9.9
20  Tu        115 0021  0.4 0642  2.5 1252  0.5 1857  2.5
21  We        115 0113  0.3 0734  2.6 1345  0.4 1950  2.6
22  Th        115 0205  0.2 0824  2.7 1436  0.3 2042  2.6
23  Fr        115 0256  0.2 0914  2.8 1527  0.2 2134  2.7
24  Sa        115 0347  0.2 1004  2.8 1618  0.2 2227  2.6
25  Su        115 0438  0.2 1055  2.8 1710  0.2 2320  2.6
26  Mo        115 0531  0.3 1148  2.7 1804  0.3 9999  9.9
27  Tu        115 0016  2.5 0627  0.4 1242  2.6 1859  0.4
28  We        115 0113  2.5 0724  0.5 1339  2.5 1956  0.5
29  Th        115 0213  2.4 0825  0.6 1438  2.4 2055  0.5
30  Fr        115 0315  2.3 0927  0.7 1539  2.3 2154  0.6
31  Sa        115 0416  2.3 1029  0.7 1638  2.3 2252  0.6
 1  Su        215 0514  2.3 1127  0.7 1734  2.3 2345  0.6
 2  Mo        215 0607  2.3 1219  0.7 1825  2.3 9999  9.9
 3  Tu        215 0034  0.6 0654  2.4 1307  0.7 1912  2.3
 4  We        215 0119  0.5 0738  2.4 1350  0.6 1955  2.3
 5  Th        215 0202  0.5 0818  2.4 1430  0.6 2036  2.4
 6  Fr        215 0242  0.5 0856  2.5 1509  0.6 2115  2.4
 7  Sa        215 0321  0.5 0934  2.5 1547  0.5 2154  2.4
 8  Su        215 0400  0.5 1011  2.4 1625  0.6 2233  2.3
 9  Mo        215 0438  0.6 1048  2.4 1703  0.6 2313  2.3
10  Tu        215 0518  0.6 1126  2.4 1743  0.6 2354  2.3
11  We        215 0559  0.7 1207  2.3 1825  0.6 9999  9.9
12  Th        215 0038  2.2 0645  0.7 1251  2.3 1911  0.7
13  Fr        215 0128  2.2 0735  0.8 1341  2.2 2003  0.7
14  Sa        215 0222  2.2 0831  0.8 1436  2.2 2059  0.6
15  Su        215 0321  2.2 0931  0.7 1537  2.3 2159  0.6
16  Mo        215 0421  2.3 1032  0.7 1638  2.3 2258  0.5
17  Tu        215 0520  2.4 1132  0.6 1738  2.4 2356  0.4
18  We        215 0616  2.6 1228  0.4 1836  2.5 9999  9.9
19  Th        215 0051  0.3 0710  2.7 1322  0.3 1931  2.6
20  Fr        215 0144  0.2 0802  2.8 1415  0.2 2024  2.7
21  Sa        215 0236  0.2 0853  2.8 1506  0.2 2116  2.7
22  Su        215 0328  0.2 0943  2.8 1556  0.2 2208  2.7
23  Mo        215 0419  0.2 1034  2.8 1648  0.2 2300  2.7
24  Tu        215 0512  0.3 1125  2.7 1740  0.3 2354  2.6
25  We        215 0606  0.4 1219  2.5 1834  0.4 9999  9.9
26  Th        215 0050  2.5 0703  0.5 1315  2.4 1930  0.5
27  Fr        215 0148  2.4 0802  0.7 1414  2.3 2029  0.6
28  Sa        215 0249  2.3 0904  0.7 1515  2.2 2128  0.6
 1  Su        315 0350  2.3 1006  0.8 1616  2.2 2227  0.7
 2  Mo        315 0448  2.3 1103  0.8 1712  2.2 2321  0.7
 3  Tu        315 0541  2.3 1155  0.7 1803  2.2 9999  9.9
 4  We        315 0010  0.6 0628  2.3 1241  0.7 1849  2.3
 5  Th        315 0055  0.6 0710  2.4 1323  0.6 1931  2.3
 6  Fr        315 0136  0.6 0749  2.4 1402  0.6 2010  2.4
 7  Sa        315 0216  0.5 0827  2.4 1440  0.5 2049  2.4
 8  Su        315 0254  0.5 0904  2.4 1517  0.5 2126  2.4
 9  Mo        315 0332  0.5 0940  2.4 1553  0.5 2204  2.4
10  Tu        315 0410  0.5 1017  2.4 1631  0.5 2243  2.4
11  We        315 0449  0.6 1055  2.4 1710  0.6 2323  2.3
12  Th        315 0530  0.6 1135  2.3 1751  0.6 9999  9.9
13  Fr        315 0007  2.3 0615  0.7 1220  2.3 1838  0.6
14  Sa        315 0056  2.3 0706  0.7 1311  2.3 1930  0.6
15  Su        315 0151  2.3 0803  0.7 1408  2.2 2028  0.6
16  Mo        315 0251  2.3 0904  0.7 1511  2.3 2131  0.6
17  Tu        315 0353  2.4 1007  0.6 1616  2.3 2233  0.5
18  We        315 0454  2.5 1108  0.5 1718  2.4 2333  0.4
19  Th        315 0552  2.6 1205  0.4 1816  2.5 9999  9.9
20  Fr        315 0030  0.3 0646  2.7 1300  0.3 1911  2.7
21  Sa        315 0124  0.2 0739  2.8 1352  0.2 2004  2.7
22  Su        315 0216  0.2 0830  2.8 1443  0.1 2056  2.8
23  Mo        315 0308  0.2 0920  2.8 1533  0.1 2147  2.7
24  Tu        315 0359  0.2 1011  2.7 1623  0.2 2238  2.7
25  We        315 0451  0.3 1102  2.6 1714  0.3 2330  2.6
26  Th        315 0544  0.4 1155  2.5 1807  0.4 9999  9.9
27  Fr        315 0024  2.5 0639  0.6 1250  2.4 1901  0.5
28  Sa        315 0120  2.4 0737  0.7 1348  2.2 1958  0.6
29  Su        315 0219  2.3 0837  0.7 1448  2.2 2057  0.7
30  Mo        315 0318  2.2 0936  0.8 1547  2.1 2155  0.7
31  Tu        315 0415  2.2 1032  0.8 1643  2.2 2250  0.7
 1  We        415 0507  2.2 1123  0.7 1734  2.2 2339  0.7
 2  Th        415 0554  2.3 1209  0.7 1820  2.3 9999  9.9
 3  Fr        415 0025  0.7 0637  2.3 1251  0.6 1902  2.3
 4  Sa        415 0107  0.6 0717  2.4 1330  0.6 1942  2.4
 5  Su        415 0147  0.6 0755  2.4 1408  0.5 2021  2.4
 6  Mo        415 0226  0.5 0833  2.4 1446  0.5 2059  2.4
 7  Tu        415 0305  0.5 0910  2.4 1523  0.5 2137  2.4
 8  We        415 0344  0.5 0948  2.4 1602  0.5 2217  2.4
 9  Th        415 0425  0.6 1028  2.4 1642  0.5 2258  2.4
10  Fr        415 0507  0.6 1110  2.3 1725  0.5 2342  2.4
11  Sa        415 0554  0.6 1157  2.3 1812  0.6 9999  9.9
12  Su        415 0032  2.4 0645  0.7 1249  2.3 1905  0.6
13  Mo        415 0127  2.3 0742  0.7 1348  2.3 2005  0.6
14  Tu        415 0226  2.4 0843  0.6 1452  2.3 2107  0.6
15  We        415 0328  2.4 0945  0.6 1556  2.3 2211  0.5
16  Th        415 0429  2.5 1046  0.5 1658  2.4 2312  0.5
17  Fr        415 0528  2.6 1143  0.4 1757  2.5 9999  9.9
18  Sa        415 0009  0.4 0623  2.6 1238  0.3 1852  2.6
19  Su        415 0104  0.3 0716  2.7 1330  0.2 1945  2.7
20  Mo        415 0157  0.3 0808  2.7 1420  0.2 2036  2.7
21  Tu        415 0248  0.3 0858  2.7 1510  0.2 2126  2.7
22  We        415 0339  0.3 0948  2.6 1559  0.2 2216  2.7
23  Th        415 0430  0.4 1038  2.5 1648  0.3 2306  2.6
24  Fr        415 0521  0.5 1129  2.4 1739  0.4 2357  2.5
25  Sa        415 0613  0.6 1222  2.3 1831  0.6 9999  9.9
26  Su        415 0049  2.4 0708  0.7 1317  2.2 1925  0.7
27  Mo        415 0144  2.3 0803  0.7 1414  2.1 2021  0.7
28  Tu        415 0239  2.2 0900  0.8 1512  2.1 2117  0.8
29  We        415 0334  2.2 0954  0.8 1607  2.1 2211  0.8
30  Th        415 0425  2.2 1044  0.7 1658  2.2 2302  0.8
 1  Fr        515 0514  2.2 1131  0.7 1746  2.2 2349  0.7
 2  Sa        515 0559  2.3 1215  0.6 1830  2.3 9999  9.9
 3  Su        515 0034  0.7 0641  2.3 1256  0.5 1912  2.4
 4  Mo        515 0116  0.6 0722  2.4 1336  0.5 1952  2.4
 5  Tu        515 0158  0.6 0802  2.4 1416  0.4 2032  2.5
 6  We        515 0239  0.5 0842  2.4 1455  0.4 2113  2.5
 7  Th        515 0320  0.5 0923  2.4 1536  0.4 2154  2.5
 8  Fr        515 0403  0.5 1005  2.4 1618  0.4 2237  2.5
 9  Sa        515 0448  0.5 1050  2.4 1704  0.5 2323  2.5
10  Su        515 0536  0.6 1139  2.3 1753  0.5 9999  9.9
11  Mo        515 0013  2.5 0629  0.6 1233  2.3 1847  0.5
12  Tu        515 0108  2.4 0725  0.6 1332  2.3 1945  0.6
13  We        515 0206  2.4 0825  0.5 1435  2.3 2048  0.6
14  Th        515 0306  2.4 0925  0.5 1539  2.4 2150  0.6
15  Fr        515 0407  2.5 1025  0.4 1640  2.4 2252  0.5
16  Sa        515 0506  2.5 1122  0.4 1739  2.5 2350  0.5
17  Su        515 0602  2.6 1217  0.3 1834  2.6 9999  9.9
18  Mo        515 0046  0.4 0655  2.6 1309  0.2 1927  2.7
19  Tu        515 0139  0.4 0747  2.6 1359  0.2 2017  2.7
20  We        515 0229  0.4 0837  2.6 1448  0.2 2106  2.7
21  Th        515 0319  0.4 0926  2.5 1535  0.3 2154  2.6
22  Fr        515 0408  0.5 1014  2.5 1623  0.4 2241  2.6
23  Sa        515 0456  0.5 1103  2.4 1710  0.5 2328  2.5
24  Su        515 0545  0.6 1152  2.3 1759  0.6 9999  9.9
25  Mo        515 0016  2.4 0635  0.7 1243  2.2 1848  0.7
26  Tu        515 0105  2.3 0726  0.7 1336  2.1 1940  0.7
27  We        515 0156  2.2 0818  0.7 1430  2.1 2033  0.8
28  Th        515 0247  2.2 0909  0.7 1524  2.1 2127  0.8
29  Fr        515 0338  2.2 1000  0.7 1617  2.2 2219  0.8
30  Sa        515 0428  2.2 1049  0.7 1706  2.2 2310  0.8
31  Su        515 0516  2.2 1135  0.6 1754  2.3 2358  0.7
 1  Mo        615 0602  2.3 1220  0.5 1839  2.4 9999  9.9
 2  Tu        615 0044  0.7 0647  2.3 1303  0.5 1922  2.4
 3  We        615 0129  0.6 0731  2.4 1346  0.4 2006  2.5
 4  Th        615 0213  0.5 0815  2.4 1429  0.4 2049  2.6
 5  Fr        615 0258  0.5 0900  2.5 1513  0.4 2133  2.6
 6  Sa        615 0344  0.5 0946  2.5 1559  0.4 2218  2.6
 7  Su        615 0431  0.5 1034  2.4 1646  0.4 2306  2.6
 8  Mo        615 0520  0.5 1125  2.4 1737  0.4 2356  2.6
 9  Tu        615 0613  0.5 1219  2.4 1830  0.5 9999  9.9
10  We        615 0050  2.5 0708  0.5 1317  2.4 1928  0.5
11  Th        615 0147  2.5 0806  0.5 1418  2.4 2029  0.6
12  Fr        615 0246  2.5 0905  0.5 1521  2.4 2131  0.6
13  Sa        615 0346  2.5 1005  0.4 1623  2.4 2233  0.6
14  Su        615 0445  2.5 1102  0.4 1722  2.5 2333  0.6
15  Mo        615 0542  2.5 1157  0.4 1817  2.5 9999  9.9
16  Tu        615 0029  0.5 0637  2.5 1250  0.3 1910  2.6
17  We        615 0122  0.5 0728  2.5 1339  0.3 1959  2.6
18  Th        615 0212  0.5 0817  2.5 1427  0.3 2046  2.6
19  Fr        615 0259  0.5 0905  2.4 1513  0.4 2131  2.6
20  Sa        615 0345  0.5 0951  2.4 1558  0.4 2215  2.5
21  Su        615 0430  0.5 1036  2.3 1642  0.5 2259  2.5
22  Mo        615 0515  0.6 1121  2.3 1726  0.6 2342  2.4
23  Tu        615 0600  0.6 1208  2.2 1812  0.6 9999  9.9
24  We        615 0026  2.3 0646  0.7 1255  2.2 1859  0.7
25  Th        615 0112  2.3 0733  0.7 1345  2.1 1948  0.8
26  Fr        615 0200  2.2 0822  0.7 1437  2.1 2040  0.8
27  Sa        615 0250  2.2 0913  0.7 1531  2.1 2134  0.8
28  Su        615 0341  2.2 1004  0.7 1624  2.2 2227  0.8
29  Mo        615 0433  2.2 1054  0.6 1715  2.3 2320  0.8
30  Tu        615 0524  2.3 1143  0.6 1804  2.3 9999  9.9
 1  We        715 0010  0.7 0614  2.3 1231  0.5 1852  2.4
 2  Th        715 0100  0.6 0702  2.4 1319  0.4 1939  2.5
 3  Fr        715 0148  0.5 0751  2.5 1405  0.3 2025  2.6
 4  Sa        715 0236  0.4 0839  2.5 1452  0.3 2112  2.7
 5  Su        715 0324  0.4 0928  2.5 1540  0.3 2159  2.7
 6  Mo        715 0412  0.3 1018  2.5 1629  0.3 2248  2.7
 7  Tu        715 0503  0.3 1109  2.5 1720  0.3 2339  2.7
 8  We        715 0555  0.3 1203  2.5 1814  0.4 9999  9.9
 9  Th        715 0031  2.6 0649  0.4 1300  2.4 1911  0.5
10  Fr        715 0127  2.5 0746  0.4 1400  2.4 2011  0.6
11  Sa        715 0226  2.5 0845  0.5 1502  2.4 2113  0.6
12  Su        715 0326  2.4 0945  0.5 1605  2.4 2216  0.7
13  Mo        715 0427  2.4 1043  0.5 1705  2.4 2317  0.6
14  Tu        715 0525  2.4 1139  0.5 1801  2.4 9999  9.9
15  We        715 0013  0.6 0620  2.4 1232  0.4 1853  2.5
16  Th        715 0105  0.6 0711  2.4 1321  0.4 1941  2.5
17  Fr        715 0153  0.6 0759  2.4 1407  0.4 2025  2.5
18  Sa        715 0238  0.5 0844  2.4 1450  0.4 2108  2.5
19  Su        715 0321  0.5 0926  2.4 1532  0.5 2148  2.5
20  Mo        715 0402  0.5 1008  2.4 1614  0.5 2228  2.5
21  Tu        715 0443  0.6 1050  2.3 1655  0.6 2308  2.4
22  We        715 0524  0.6 1132  2.3 1737  0.6 2348  2.4
23  Th        715 0606  0.6 1216  2.2 1820  0.7 9999  9.9
24  Fr        715 0030  2.3 0650  0.7 1302  2.2 1906  0.8
25  Sa        715 0115  2.2 0736  0.7 1351  2.2 1956  0.8
26  Su        715 0203  2.2 0826  0.7 1444  2.2 2050  0.8
27  Mo        715 0256  2.2 0919  0.7 1540  2.2 2146  0.8
28  Tu        715 0351  2.2 1014  0.7 1636  2.2 2243  0.8
29  We        715 0447  2.2 1108  0.6 1730  2.3 2338  0.7
30  Th        715 0542  2.3 1201  0.5 1822  2.4 9999  9.9
31  Fr        715 0031  0.6 0636  2.4 1252  0.4 1912  2.6
 1  Sa        815 0122  0.5 0728  2.5 1342  0.3 2001  2.7
 2  Su        815 0213  0.3 0818  2.6 1432  0.2 2050  2.7
 3  Mo        815 0302  0.3 0909  2.6 1521  0.2 2138  2.8
 4  Tu        815 0352  0.2 1000  2.7 1611  0.2 2228  2.8
 5  We        815 0442  0.2 1052  2.6 1703  0.3 2319  2.7
 6  Th        815 0534  0.3 1145  2.6 1756  0.4 9999  9.9
 7  Fr        815 0012  2.6 0628  0.3 1241  2.5 1853  0.5
 8  Sa        815 0107  2.5 0724  0.4 1340  2.4 1952  0.6
 9  Su        815 0206  2.4 0823  0.5 1442  2.4 2055  0.7
10  Mo        815 0308  2.3 0924  0.5 1545  2.3 2159  0.7
11  Tu        815 0410  2.3 1024  0.6 1646  2.3 2300  0.7
12  We        815 0509  2.3 1121  0.6 1743  2.4 2356  0.7
13  Th        815 0604  2.3 1213  0.5 1834  2.4 9999  9.9
14  Fr        815 0047  0.6 0654  2.3 1301  0.5 1920  2.4
15  Sa        815 0132  0.6 0739  2.3 1345  0.5 2002  2.5
16  Su        815 0214  0.6 0821  2.4 1427  0.5 2042  2.5
17  Mo        815 0254  0.5 0901  2.4 1507  0.5 2120  2.5
18  Tu        815 0333  0.5 0941  2.4 1546  0.5 2157  2.5
19  We        815 0411  0.5 1020  2.4 1625  0.5 2235  2.4
20  Th        815 0449  0.6 1059  2.3 1704  0.6 2313  2.4
21  Fr        815 0528  0.6 1140  2.3 1745  0.7 2352  2.3
22  Sa        815 0610  0.6 1223  2.2 1829  0.7 9999  9.9
23  Su        815 0035  2.3 0654  0.7 1310  2.2 1917  0.8
24  Mo        815 0123  2.2 0743  0.7 1402  2.2 2011  0.8
25  Tu        815 0216  2.2 0838  0.7 1459  2.2 2109  0.8
26  We        815 0314  2.2 0936  0.7 1558  2.3 2209  0.7
27  Th        815 0415  2.3 1034  0.6 1656  2.4 2308  0.6
28  Fr        815 0514  2.3 1132  0.5 1752  2.5 9999  9.9
29  Sa        815 0004  0.5 0611  2.5 1226  0.4 1845  2.6
30  Su        815 0057  0.4 0705  2.6 1319  0.3 1936  2.7
31  Mo        815 0149  0.3 0758  2.7 1410  0.2 2026  2.8
 1  Tu        915 0239  0.2 0849  2.7 1501  0.2 2116  2.8
 2  We        915 0329  0.1 0940  2.7 1552  0.2 2206  2.8
 3  Th        915 0420  0.2 1032  2.7 1644  0.3 2258  2.7
 4  Fr        915 0512  0.2 1125  2.6 1738  0.4 2351  2.6
 5  Sa        915 0605  0.3 1221  2.5 1834  0.5 9999  9.9
 6  Su        915 0046  2.5 0701  0.4 1319  2.4 1933  0.6
 7  Mo        915 0146  2.4 0800  0.5 1420  2.4 2036  0.7
 8  Tu        915 0248  2.3 0901  0.6 1523  2.3 2139  0.7
 9  We        915 0350  2.2 1002  0.6 1623  2.3 2240  0.7
10  Th        915 0450  2.2 1059  0.7 1719  2.3 2334  0.7
11  Fr        915 0544  2.2 1151  0.6 1809  2.3 9999  9.9
12  Sa        915 0023  0.7 0632  2.3 1238  0.6 1853  2.4
13  Su        915 0107  0.6 0716  2.3 1321  0.6 1934  2.4
14  Mo        915 0147  0.6 0756  2.4 1401  0.5 2013  2.4
15  Tu        915 0225  0.5 0835  2.4 1440  0.5 2050  2.4
16  We        915 0302  0.5 0913  2.4 1519  0.5 2126  2.4
17  Th        915 0339  0.5 0951  2.4 1557  0.5 2203  2.4
18  Fr        915 0417  0.5 1029  2.4 1636  0.6 2240  2.4
19  Sa        915 0455  0.6 1108  2.3 1716  0.6 2320  2.3
20  Su        915 0535  0.6 1150  2.3 1759  0.7 9999  9.9
21  Mo        915 0002  2.3 0619  0.6 1236  2.3 1847  0.7
22  Tu        915 0050  2.2 0708  0.7 1328  2.2 1940  0.8
23  We        915 0144  2.2 0803  0.7 1425  2.3 2038  0.7
24  Th        915 0245  2.2 0903  0.7 1525  2.3 2140  0.7
25  Fr        915 0347  2.3 1005  0.6 1625  2.4 2240  0.6
26  Sa        915 0449  2.4 1105  0.5 1723  2.5 2337  0.4
27  Su        915 0548  2.5 1202  0.4 1818  2.6 9999  9.9
28  Mo        915 0032  0.3 0644  2.6 1256  0.3 1911  2.7
29  Tu        915 0125  0.2 0737  2.7 1349  0.2 2003  2.8
30  We        915 0216  0.1 0829  2.8 1441  0.2 2053  2.8
 1  Th       1015 0306  0.1 0920  2.8 1533  0.2 2144  2.8
 2  Fr       1015 0357  0.1 1012  2.7 1625  0.3 2236  2.7
 3  Sa       1015 0448  0.2 1104  2.7 1718  0.4 2329  2.6
 4  Su       1015 0541  0.3 1159  2.6 1814  0.5 9999  9.9
 5  Mo       1015 0024  2.4 0636  0.5 1255  2.5 1912  0.6
 6  Tu       1015 0123  2.3 0734  0.6 1354  2.4 2012  0.7
 7  We       1015 0224  2.2 0833  0.7 1454  2.3 2113  0.7
 8  Th       1015 0325  2.2 0933  0.7 1553  2.2 2212  0.7
 9  Fr       1015 0424  2.2 1030  0.7 1648  2.2 2305  0.7
10  Sa       1015 0517  2.2 1122  0.7 1737  2.3 2353  0.7
11  Su       1015 0605  2.3 1209  0.7 1821  2.3 9999  9.9
12  Mo       1015 0036  0.6 0648  2.3 1252  0.6 1902  2.3
13  Tu       1015 0116  0.6 0729  2.4 1333  0.6 1941  2.4
14  We       1015 0154  0.5 0808  2.4 1413  0.6 2019  2.4
15  Th       1015 0232  0.5 0846  2.4 1452  0.6 2056  2.4
16  Fr       1015 0309  0.5 0924  2.4 1531  0.6 2134  2.4
17  Sa       1015 0347  0.5 1002  2.4 1610  0.6 2212  2.4
18  Su       1015 0426  0.5 1042  2.4 1651  0.6 2253  2.3
19  Mo       1015 0506  0.5 1124  2.4 1735  0.6 2337  2.3
20  Tu       1015 0551  0.6 1210  2.3 1823  0.7 9999  9.9
21  We       1015 0026  2.3 0640  0.6 1301  2.3 1916  0.7
22  Th       1015 0121  2.2 0736  0.6 1357  2.3 2014  0.7
23  Fr       1015 0221  2.2 0836  0.6 1457  2.4 2114  0.6
24  Sa       1015 0324  2.3 0938  0.6 1557  2.4 2215  0.5
25  Su       1015 0427  2.4 1040  0.5 1656  2.5 2313  0.4
26  Mo       1015 0526  2.5 1139  0.4 1753  2.6 9999  9.9
27  Tu       1015 0008  0.3 0623  2.6 1235  0.3 1847  2.7
28  We       1015 0102  0.2 0717  2.7 1329  0.3 1940  2.7
29  Th       1015 0153  0.1 0809  2.8 1422  0.3 2031  2.7
30  Fr       1015 0244  0.1 0901  2.8 1514  0.3 2123  2.7
31  Sa       1015 0335  0.2 0952  2.7 1606  0.3 2214  2.6
 1  Su       1115 0425  0.2 1043  2.7 1658  0.4 2307  2.5
 2  Mo       1115 0517  0.4 1135  2.6 1752  0.5 9999  9.9
 3  Tu       1115 0000  2.4 0609  0.5 1229  2.5 1847  0.6
 4  We       1115 0056  2.3 0704  0.6 1323  2.4 1943  0.7
 5  Th       1115 0154  2.2 0800  0.7 1419  2.3 2040  0.7
 6  Fr       1115 0253  2.1 0858  0.8 1515  2.2 2136  0.7
 7  Sa       1115 0350  2.1 0953  0.8 1608  2.2 2228  0.7
 8  Su       1115 0443  2.2 1046  0.8 1658  2.2 2316  0.7
 9  Mo       1115 0531  2.2 1134  0.7 1743  2.3 9999  9.9
10  Tu       1115 0000  0.6 0616  2.3 1220  0.7 1827  2.3
11  We       1115 0042  0.6 0658  2.3 1303  0.6 1908  2.3
12  Th       1115 0122  0.5 0739  2.4 1344  0.6 1948  2.4
13  Fr       1115 0202  0.5 0819  2.4 1425  0.6 2027  2.4
14  Sa       1115 0241  0.5 0858  2.5 1506  0.6 2107  2.4
15  Su       1115 0320  0.5 0939  2.5 1547  0.6 2148  2.4
16  Mo       1115 0401  0.5 1020  2.5 1630  0.6 2231  2.4
17  Tu       1115 0444  0.5 1103  2.5 1715  0.6 2317  2.3
18  We       1115 0529  0.5 1149  2.4 1804  0.6 9999  9.9
19  Th       1115 0007  2.3 0619  0.6 1240  2.4 1856  0.6
20  Fr       1115 0102  2.3 0714  0.6 1334  2.4 1953  0.6
21  Sa       1115 0201  2.3 0813  0.6 1432  2.4 2052  0.5
22  Su       1115 0304  2.3 0915  0.6 1532  2.5 2152  0.5
23  Mo       1115 0406  2.4 1017  0.5 1632  2.5 2250  0.4
24  Tu       1115 0506  2.5 1118  0.5 1730  2.5 2346  0.3
25  We       1115 0604  2.6 1215  0.4 1826  2.6 9999  9.9
26  Th       1115 0040  0.2 0659  2.6 1311  0.4 1919  2.6
27  Fr       1115 0133  0.2 0751  2.7 1404  0.4 2012  2.6
28  Sa       1115 0223  0.2 0842  2.7 1456  0.4 2103  2.6
29  Su       1115 0313  0.2 0932  2.7 1546  0.4 2153  2.5
30  Mo       1115 0402  0.3 1021  2.6 1637  0.4 2243  2.4
 1  Tu       1215 0451  0.4 1110  2.6 1727  0.5 2334  2.4
 2  We       1215 0541  0.5 1159  2.5 1818  0.6 9999  9.9
 3  Th       1215 0026  2.3 0631  0.6 1249  2.4 1909  0.7
 4  Fr       1215 0119  2.2 0723  0.7 1339  2.3 2001  0.7
 5  Sa       1215 0213  2.1 0816  0.8 1431  2.2 2053  0.7
 6  Su       1215 0308  2.1 0910  0.8 1522  2.2 2144  0.7
 7  Mo       1215 0401  2.1 1003  0.8 1613  2.2 2234  0.7
 8  Tu       1215 0452  2.2 1054  0.8 1702  2.2 2321  0.6
 9  We       1215 0540  2.2 1143  0.8 1748  2.3 9999  9.9
10  Th       1215 0006  0.6 0625  2.3 1230  0.7 1833  2.3
11  Fr       1215 0050  0.5 0709  2.4 1315  0.6 1917  2.3
12  Sa       1215 0132  0.5 0751  2.5 1358  0.6 2000  2.4
13  Su       1215 0214  0.4 0833  2.5 1442  0.5 2043  2.4
14  Mo       1215 0256  0.4 0916  2.5 1525  0.5 2127  2.4
15  Tu       1215 0339  0.4 0959  2.6 1610  0.5 2212  2.4
16  We       1215 0424  0.4 1043  2.6 1657  0.5 2300  2.4
17  Th       1215 0511  0.4 1130  2.6 1746  0.5 2350  2.4
18  Fr       1215 0601  0.5 1220  2.5 1838  0.5 9999  9.9
19  Sa       1215 0045  2.4 0656  0.5 1314  2.5 1933  0.5
20  Su       1215 0143  2.4 0754  0.6 1411  2.5 2031  0.5
21  Mo       1215 0245  2.4 0855  0.6 1510  2.5 2130  0.4
22  Tu       1215 0347  2.4 0958  0.6 1611  2.5 2229  0.4
23  We       1215 0448  2.4 1059  0.6 1710  2.5 2327  0.4
24  Th       1215 0547  2.5 1159  0.5 1807  2.5 9999  9.9
25  Fr       1215 0022  0.3 0642  2.6 1255  0.5 1902  2.5
26  Sa       1215 0114  0.3 0735  2.6 1347  0.5 1954  2.5
27  Su       1215 0205  0.3 0824  2.6 1438  0.4 2044  2.5
28  Mo       1215 0253  0.3 0912  2.6 1526  0.5 2132  2.5
29  Tu       1215 0340  0.4 0958  2.6 1613  0.5 2219  2.4
30  We       1215 0426  0.4 1043  2.5 1659  0.5 2306  2.3
31  Th       1215 0511  0.5 1127  2.5 1744  0.6 2352  2.3
