207Long Island
Based on data from 15-Feb-2017
Local Std Time, tidal heights in metres.
 1  Fr        722 0405  0.3 1031  1.4 1613  0.4 2257  1.5
 2  Sa        722 0437  0.3 1109  1.4 1647  0.4 2325  1.5
 3  Su        722 0509  0.3 1148  1.4 1721  0.3 2354  1.5
 4  Mo        722 0544  0.3 1226  1.4 1754  0.3 9999  9.9
 5  Tu        722 0025  1.5 0622  0.4 1306  1.4 1829  0.4
 6  We        722 0059  1.4 0706  0.4 1346  1.3 1907  0.4
 7  Th        722 0139  1.4 0758  0.4 1429  1.3 1951  0.4
 8  Fr        722 0234  1.3 0855  0.5 1518  1.3 2045  0.5
 9  Sa        722 0355  1.2 0956  0.5 1619  1.2 2156  0.6
10  Su        722 0526  1.2 1058  0.5 1740  1.2 2325  0.6
11  Mo        722 0642  1.3 1201  0.5 1908  1.3 9999  9.9
12  Tu        722 0047  0.5 0745  1.3 1305  0.5 2017  1.4
13  We        722 0151  0.4 0842  1.4 1407  0.4 2111  1.5
14  Th        722 0242  0.3 0934  1.4 1504  0.3 2156  1.6
15  Fr        722 0327  0.2 1023  1.5 1554  0.3 2238  1.7
16  Sa        722 0410  0.2 1109  1.5 1640  0.2 2317  1.7
17  Su        722 0452  0.2 1153  1.5 1722  0.2 2355  1.7
18  Mo        722 0534  0.2 1234  1.5 1802  0.2 9999  9.9
19  Tu        722 0033  1.6 0618  0.2 1313  1.5 1841  0.2
20  We        722 0111  1.5 0703  0.3 1350  1.4 1921  0.3
21  Th        722 0151  1.4 0751  0.4 1427  1.4 2005  0.4
22  Fr        722 0238  1.3 0841  0.4 1507  1.3 2058  0.5
23  Sa        722 0338  1.2 0935  0.5 1556  1.2 2210  0.6
24  Su        722 0453  1.2 1033  0.6 1722  1.1 2343  0.6
25  Mo        722 0610  1.2 1136  0.6 1919  1.2 9999  9.9
26  Tu        722 0102  0.6 0718  1.2 1243  0.6 2026  1.3
27  We        722 0159  0.5 0814  1.2 1349  0.6 2110  1.3
28  Th        722 0242  0.4 0903  1.3 1445  0.5 2145  1.4
29  Fr        722 0319  0.4 0946  1.4 1529  0.4 2216  1.5
30  Sa        722 0353  0.3 1025  1.4 1605  0.4 2245  1.6
31  Su        722 0424  0.3 1102  1.5 1636  0.3 2313  1.6
 1  Mo        822 0455  0.3 1137  1.5 1705  0.3 2342  1.6
 2  Tu        822 0527  0.3 1211  1.5 1734  0.2 9999  9.9
 3  We        822 0011  1.6 0601  0.3 1245  1.5 1806  0.2
 4  Th        822 0043  1.5 0638  0.3 1319  1.5 1840  0.3
 5  Fr        822 0117  1.4 0720  0.3 1354  1.4 1918  0.3
 6  Sa        822 0200  1.3 0808  0.4 1433  1.3 2005  0.4
 7  Su        822 0259  1.2 0904  0.5 1522  1.3 2109  0.5
 8  Mo        822 0431  1.2 1010  0.5 1642  1.2 2247  0.6
 9  Tu        822 0612  1.2 1127  0.6 1848  1.2 9999  9.9
10  We        822 0032  0.6 0734  1.2 1248  0.5 2010  1.4
11  Th        822 0142  0.5 0838  1.3 1401  0.5 2103  1.5
12  Fr        822 0234  0.3 0930  1.4 1500  0.3 2147  1.6
13  Sa        822 0317  0.2 1016  1.5 1546  0.2 2226  1.7
14  Su        822 0358  0.2 1058  1.6 1627  0.2 2302  1.8
15  Mo        822 0436  0.1 1135  1.6 1704  0.1 2337  1.7
16  Tu        822 0514  0.2 1210  1.6 1739  0.1 9999  9.9
17  We        822 0010  1.7 0552  0.2 1243  1.6 1814  0.2
18  Th        822 0042  1.6 0630  0.2 1313  1.5 1848  0.2
19  Fr        822 0115  1.5 0709  0.3 1341  1.4 1924  0.4
20  Sa        822 0150  1.4 0751  0.4 1409  1.3 2005  0.5
21  Su        822 0233  1.2 0837  0.5 1441  1.2 2106  0.6
22  Mo        822 0333  1.1 0933  0.6 1526  1.1 2259  0.7
23  Tu        822 0505  1.1 1047  0.7 1858  1.1 9999  9.9
24  We        822 0040  0.7 0648  1.1 1216  0.7 2016  1.2
25  Th        822 0141  0.6 0801  1.2 1340  0.6 2056  1.3
26  Fr        822 0225  0.5 0852  1.3 1438  0.5 2127  1.4
27  Sa        822 0301  0.4 0933  1.4 1517  0.4 2156  1.5
28  Su        822 0332  0.3 1010  1.5 1547  0.3 2225  1.6
29  Mo        822 0402  0.2 1044  1.5 1615  0.2 2253  1.6
30  Tu        822 0432  0.2 1116  1.6 1642  0.2 2322  1.7
31  We        822 0502  0.2 1148  1.6 1710  0.2 2351  1.6
 1  Th        922 0534  0.2 1219  1.6 1740  0.2 9999  9.9
 2  Fr        922 0022  1.6 0609  0.2 1250  1.5 1813  0.2
 3  Sa        922 0054  1.5 0647  0.3 1322  1.5 1849  0.3
 4  Su        922 0131  1.3 0731  0.4 1356  1.4 1933  0.4
 5  Mo        922 0221  1.2 0824  0.5 1439  1.3 2036  0.6
 6  Tu        922 0351  1.1 0934  0.6 1556  1.2 2229  0.6
 7  We        922 0600  1.1 1105  0.6 1845  1.2 9999  9.9
 8  Th        922 0026  0.6 0730  1.2 1240  0.6 2002  1.3
 9  Fr        922 0133  0.5 0831  1.3 1356  0.5 2050  1.5
10  Sa        922 0220  0.3 0919  1.4 1448  0.3 2130  1.7
11  Su        922 0259  0.2 1000  1.6 1530  0.2 2206  1.7
12  Mo        922 0336  0.2 1037  1.6 1606  0.1 2240  1.8
13  Tu        922 0412  0.1 1110  1.7 1640  0.1 2311  1.7
14  We        922 0447  0.1 1142  1.7 1713  0.1 2341  1.7
15  Th        922 0521  0.2 1210  1.6 1744  0.1 9999  9.9
16  Fr        922 0010  1.6 0556  0.2 1236  1.6 1815  0.2
17  Sa        922 0039  1.5 0630  0.3 1300  1.5 1846  0.3
18  Su        922 0110  1.4 0706  0.4 1324  1.4 1920  0.5
19  Mo        922 0147  1.2 0747  0.5 1351  1.2 2009  0.6
20  Tu        922 0239  1.1 0838  0.6 1425  1.1 2216  0.7
21  We        922 0407  1.0 0957  0.7 1821  1.0 9999  9.9
22  Th        922 0011  0.7 0615  1.1 1144  0.7 1951  1.2
23  Fr        922 0113  0.6 0738  1.2 1318  0.6 2028  1.3
24  Sa        922 0155  0.5 0828  1.3 1414  0.5 2058  1.4
25  Su        922 0230  0.4 0908  1.4 1450  0.4 2128  1.5
26  Mo        922 0302  0.3 0944  1.5 1520  0.3 2158  1.6
27  Tu        922 0333  0.2 1018  1.6 1548  0.2 2228  1.7
28  We        922 0403  0.2 1050  1.6 1616  0.1 2258  1.7
29  Th        922 0434  0.2 1122  1.7 1645  0.1 2329  1.6
30  Fr        922 0507  0.2 1154  1.6 1716  0.1 9999  9.9
 1  Sa       1022 0001  1.5 0543  0.2 1225  1.6 1750  0.2
 2  Su       1022 0035  1.4 0622  0.3 1256  1.5 1828  0.3
 3  Mo       1022 0114  1.3 0706  0.4 1331  1.4 1914  0.4
 4  Tu       1022 0207  1.2 0801  0.5 1414  1.3 2024  0.6
 5  We       1022 0345  1.1 0915  0.6 1546  1.1 2228  0.6
 6  Th       1022 0552  1.1 1051  0.7 1835  1.2 9999  9.9
 7  Fr       1022 0010  0.6 0715  1.2 1227  0.6 1942  1.4
 8  Sa       1022 0109  0.5 0811  1.3 1338  0.5 2028  1.5
 9  Su       1022 0154  0.3 0856  1.5 1427  0.3 2106  1.6
10  Mo       1022 0232  0.3 0935  1.6 1507  0.2 2140  1.7
11  Tu       1022 0308  0.2 1011  1.6 1542  0.1 2212  1.7
12  We       1022 0343  0.2 1043  1.7 1615  0.1 2243  1.7
13  Th       1022 0417  0.2 1112  1.7 1646  0.1 2312  1.6
14  Fr       1022 0451  0.2 1139  1.6 1716  0.2 2340  1.5
15  Sa       1022 0524  0.2 1204  1.6 1746  0.2 9999  9.9
16  Su       1022 0009  1.4 0558  0.3 1228  1.5 1816  0.4
17  Mo       1022 0041  1.3 0633  0.4 1252  1.4 1850  0.5
18  Tu       1022 0120  1.2 0712  0.5 1319  1.3 1938  0.6
19  We       1022 0214  1.1 0801  0.6 1354  1.2 2135  0.7
20  Th       1022 0334  1.1 0914  0.7 1508  1.0 2325  0.7
21  Fr       1022 0523  1.1 1054  0.7 1859  1.1 9999  9.9
22  Sa       1022 0027  0.6 0652  1.2 1229  0.7 1944  1.3
23  Su       1022 0112  0.5 0748  1.3 1331  0.5 2020  1.4
24  Mo       1022 0150  0.4 0833  1.4 1412  0.4 2054  1.5
25  Tu       1022 0225  0.3 0912  1.5 1447  0.3 2127  1.6
26  We       1022 0259  0.2 0949  1.6 1519  0.2 2201  1.6
27  Th       1022 0333  0.2 1024  1.7 1551  0.1 2235  1.6
28  Fr       1022 0409  0.2 1058  1.7 1623  0.1 2310  1.6
29  Sa       1022 0446  0.2 1132  1.7 1658  0.1 2346  1.5
30  Su       1022 0525  0.3 1206  1.6 1735  0.2 9999  9.9
31  Mo       1022 0027  1.4 0607  0.3 1241  1.5 1817  0.3
 1  Tu       1122 0114  1.3 0656  0.4 1320  1.4 1910  0.5
 2  We       1122 0217  1.2 0752  0.5 1412  1.3 2029  0.6
 3  Th       1122 0346  1.1 0903  0.6 1555  1.2 2214  0.6
 4  Fr       1122 0523  1.1 1029  0.6 1803  1.2 2335  0.5
 5  Sa       1122 0641  1.2 1157  0.6 1909  1.4 9999  9.9
 6  Su       1122 0032  0.5 0739  1.3 1307  0.5 1956  1.5
 7  Mo       1122 0118  0.4 0827  1.4 1359  0.3 2035  1.5
 8  Tu       1122 0159  0.3 0908  1.5 1441  0.3 2111  1.6
 9  We       1122 0237  0.3 0944  1.6 1517  0.2 2144  1.6
10  Th       1122 0314  0.2 1017  1.6 1551  0.2 2216  1.6
11  Fr       1122 0351  0.2 1047  1.6 1623  0.2 2246  1.5
12  Sa       1122 0426  0.3 1115  1.6 1654  0.2 2317  1.5
13  Su       1122 0501  0.3 1141  1.5 1725  0.3 2350  1.4
14  Mo       1122 0536  0.4 1206  1.5 1757  0.4 9999  9.9
15  Tu       1122 0026  1.3 0612  0.4 1233  1.4 1835  0.5
16  We       1122 0110  1.2 0652  0.5 1303  1.3 1928  0.6
17  Th       1122 0203  1.2 0738  0.6 1343  1.2 2054  0.6
18  Fr       1122 0308  1.1 0837  0.6 1456  1.1 2223  0.6
19  Sa       1122 0426  1.1 0953  0.7 1736  1.1 2327  0.5
20  Su       1122 0546  1.2 1120  0.6 1848  1.3 9999  9.9
21  Mo       1122 0018  0.5 0656  1.3 1234  0.5 1936  1.4
22  Tu       1122 0103  0.4 0751  1.4 1329  0.4 2017  1.5
23  We       1122 0145  0.3 0839  1.5 1413  0.3 2057  1.5
24  Th       1122 0226  0.3 0922  1.6 1453  0.2 2137  1.6
25  Fr       1122 0308  0.2 1002  1.6 1530  0.2 2217  1.6
26  Sa       1122 0350  0.2 1040  1.7 1608  0.2 2258  1.5
27  Su       1122 0433  0.2 1118  1.7 1647  0.2 2342  1.5
28  Mo       1122 0517  0.3 1156  1.6 1729  0.2 9999  9.9
29  Tu       1122 0029  1.4 0603  0.3 1235  1.5 1816  0.3
30  We       1122 0121  1.3 0651  0.4 1319  1.5 1912  0.4
 1  Th       1222 0219  1.2 0744  0.4 1413  1.3 2023  0.5
 2  Fr       1222 0323  1.2 0844  0.5 1535  1.3 2140  0.5
 3  Sa       1222 0434  1.2 0954  0.6 1712  1.3 2248  0.5
 4  Su       1222 0549  1.2 1114  0.6 1824  1.3 2345  0.5
 5  Mo       1222 0657  1.3 1229  0.5 1917  1.4 9999  9.9
 6  Tu       1222 0036  0.4 0754  1.4 1329  0.4 2002  1.4
 7  We       1222 0123  0.4 0841  1.4 1416  0.4 2042  1.4
 8  Th       1222 0208  0.4 0922  1.5 1456  0.3 2119  1.5
 9  Fr       1222 0251  0.3 0958  1.5 1532  0.3 2155  1.4
10  Sa       1222 0332  0.3 1030  1.5 1607  0.3 2230  1.4
11  Su       1222 0411  0.3 1100  1.5 1639  0.3 2306  1.4
12  Mo       1222 0449  0.4 1127  1.5 1712  0.3 2343  1.4
13  Tu       1222 0524  0.4 1155  1.5 1747  0.4 9999  9.9
14  We       1222 0022  1.3 0559  0.4 1223  1.4 1826  0.4
15  Th       1222 0104  1.3 0636  0.4 1255  1.4 1913  0.5
16  Fr       1222 0149  1.3 0715  0.5 1335  1.3 2012  0.5
17  Sa       1222 0238  1.2 0802  0.5 1433  1.2 2118  0.5
18  Su       1222 0333  1.2 0858  0.6 1608  1.2 2221  0.5
19  Mo       1222 0437  1.2 1011  0.6 1741  1.2 2319  0.5
20  Tu       1222 0553  1.2 1133  0.6 1848  1.3 9999  9.9
21  We       1222 0013  0.4 0707  1.3 1247  0.5 1943  1.4
22  Th       1222 0106  0.4 0810  1.4 1345  0.4 2032  1.4
23  Fr       1222 0159  0.4 0901  1.5 1433  0.3 2120  1.5
24  Sa       1222 0251  0.3 0947  1.6 1517  0.2 2208  1.5
25  Su       1222 0341  0.3 1029  1.7 1559  0.2 2255  1.5
26  Mo       1222 0428  0.3 1110  1.7 1642  0.2 2342  1.5
27  Tu       1222 0513  0.2 1149  1.7 1725  0.2 9999  9.9
28  We       1222 0029  1.4 0557  0.2 1230  1.6 1812  0.3
29  Th       1222 0114  1.4 0640  0.3 1312  1.5 1903  0.3
30  Fr       1222 0159  1.4 0725  0.3 1359  1.4 1958  0.4
31  Sa       1222 0246  1.3 0814  0.4 1456  1.3 2056  0.4
 1  Su        123 0336  1.3 0911  0.5 1608  1.3 2155  0.5
 2  Mo        123 0438  1.2 1023  0.6 1725  1.2 2253  0.5
 3  Tu        123 0558  1.2 1146  0.6 1832  1.2 2350  0.5
 4  We        123 0720  1.2 1300  0.5 1928  1.3 9999  9.9
 5  Th        123 0048  0.5 0821  1.3 1356  0.5 2017  1.3
 6  Fr        123 0144  0.5 0908  1.4 1442  0.4 2102  1.3
 7  Sa        123 0238  0.5 0947  1.5 1520  0.4 2144  1.4
 8  Su        123 0325  0.4 1020  1.5 1556  0.3 2224  1.4
 9  Mo        123 0406  0.4 1050  1.5 1629  0.3 2302  1.4
10  Tu        123 0441  0.4 1118  1.5 1702  0.3 2338  1.4
11  We        123 0513  0.3 1145  1.5 1734  0.3 9999  9.9
12  Th        123 0014  1.4 0543  0.3 1213  1.5 1809  0.3
13  Fr        123 0050  1.4 0615  0.3 1244  1.5 1848  0.4
14  Sa        123 0126  1.4 0648  0.3 1319  1.4 1931  0.4
15  Su        123 0204  1.4 0727  0.4 1402  1.3 2021  0.4
16  Mo        123 0246  1.3 0812  0.5 1503  1.3 2118  0.5
17  Tu        123 0336  1.3 0912  0.5 1631  1.2 2219  0.5
18  We        123 0446  1.2 1037  0.6 1801  1.2 2326  0.5
19  Th        123 0625  1.2 1213  0.6 1915  1.2 9999  9.9
20  Fr        123 0034  0.5 0750  1.3 1327  0.5 2019  1.3
21  Sa        123 0143  0.5 0850  1.5 1423  0.4 2114  1.4
22  Su        123 0244  0.4 0938  1.6 1509  0.3 2205  1.5
23  Mo        123 0336  0.3 1020  1.7 1552  0.2 2251  1.5
24  Tu        123 0422  0.2 1100  1.7 1633  0.2 2334  1.5
25  We        123 0503  0.2 1138  1.7 1714  0.2 9999  9.9
26  Th        123 0015  1.6 0542  0.1 1215  1.7 1756  0.2
27  Fr        123 0053  1.5 0620  0.2 1252  1.6 1839  0.2
28  Sa        123 0129  1.5 0658  0.2 1330  1.5 1923  0.3
29  Su        123 0204  1.4 0739  0.3 1413  1.4 2011  0.4
30  Mo        123 0239  1.3 0826  0.5 1504  1.3 2102  0.5
31  Tu        123 0320  1.2 0929  0.6 1612  1.2 2159  0.5
 1  We        223 0424  1.1 1102  0.6 1736  1.1 2303  0.6
 2  Th        223 0649  1.1 1237  0.6 1857  1.1 9999  9.9
 3  Fr        223 0017  0.6 0814  1.2 1343  0.6 2002  1.2
 4  Sa        223 0132  0.6 0901  1.3 1430  0.5 2055  1.3
 5  Su        223 0236  0.5 0937  1.4 1509  0.4 2139  1.3
 6  Mo        223 0322  0.4 1007  1.5 1543  0.3 2217  1.4
 7  Tu        223 0357  0.4 1035  1.5 1614  0.3 2251  1.5
 8  We        223 0427  0.3 1102  1.6 1644  0.3 2324  1.5
 9  Th        223 0454  0.3 1129  1.6 1713  0.2 2355  1.5
10  Fr        223 0521  0.2 1156  1.6 1744  0.3 9999  9.9
11  Sa        223 0026  1.5 0549  0.2 1224  1.5 1817  0.3
12  Su        223 0057  1.5 0619  0.2 1255  1.5 1854  0.3
13  Mo        223 0130  1.4 0654  0.3 1331  1.4 1936  0.4
14  Tu        223 0204  1.4 0734  0.4 1417  1.3 2026  0.5
15  We        223 0245  1.3 0827  0.5 1530  1.2 2128  0.5
16  Th        223 0345  1.2 0953  0.6 1722  1.1 2246  0.6
17  Fr        223 0554  1.2 1154  0.6 1903  1.2 9999  9.9
18  Sa        223 0014  0.6 0743  1.3 1318  0.5 2014  1.3
19  Su        223 0136  0.5 0842  1.5 1413  0.4 2110  1.4
20  Mo        223 0239  0.4 0927  1.6 1458  0.3 2156  1.5
21  Tu        223 0327  0.3 1007  1.7 1538  0.2 2238  1.6
22  We        223 0407  0.2 1043  1.8 1616  0.1 2316  1.6
23  Th        223 0444  0.1 1118  1.8 1653  0.1 2351  1.6
24  Fr        223 0519  0.1 1152  1.7 1731  0.1 9999  9.9
25  Sa        223 0024  1.6 0553  0.1 1225  1.7 1808  0.2
26  Su        223 0054  1.6 0628  0.2 1257  1.5 1846  0.3
27  Mo        223 0122  1.5 0703  0.3 1331  1.4 1927  0.4
28  Tu        223 0150  1.4 0742  0.4 1410  1.3 2011  0.5
 1  We        323 0218  1.3 0835  0.6 1502  1.1 2104  0.6
 2  Th        323 0254  1.1 1020  0.7 1629  1.1 2216  0.7
 3  Fr        323 0628  1.0 1217  0.7 1830  1.1 2350  0.7
 4  Sa        323 0806  1.2 1325  0.6 1952  1.1 9999  9.9
 5  Su        323 0125  0.6 0846  1.3 1411  0.5 2043  1.2
 6  Mo        323 0228  0.5 0917  1.4 1448  0.4 2123  1.4
 7  Tu        323 0307  0.4 0945  1.5 1520  0.3 2158  1.4
 8  We        323 0337  0.3 1012  1.6 1549  0.2 2229  1.5
 9  Th        323 0403  0.3 1039  1.6 1617  0.2 2300  1.6
10  Fr        323 0428  0.2 1105  1.6 1645  0.2 2330  1.6
11  Sa        323 0454  0.2 1133  1.6 1715  0.2 2359  1.6
12  Su        323 0522  0.2 1201  1.6 1747  0.2 9999  9.9
13  Mo        323 0029  1.6 0552  0.2 1231  1.5 1822  0.3
14  Tu        323 0059  1.5 0625  0.3 1305  1.4 1902  0.4
15  We        323 0131  1.4 0705  0.4 1346  1.3 1950  0.5
16  Th        323 0208  1.3 0757  0.5 1455  1.1 2053  0.6
17  Fr        323 0304  1.2 0933  0.6 1706  1.1 2221  0.7
18  Sa        323 0549  1.1 1147  0.6 1857  1.1 9999  9.9
19  Su        323 0003  0.6 0734  1.3 1305  0.5 2005  1.3
20  Mo        323 0127  0.5 0827  1.5 1356  0.4 2055  1.4
21  Tu        323 0225  0.4 0908  1.6 1437  0.3 2137  1.5
22  We        323 0308  0.2 0945  1.7 1514  0.2 2215  1.6
23  Th        323 0345  0.1 1020  1.8 1550  0.1 2250  1.7
24  Fr        323 0420  0.1 1053  1.8 1626  0.1 2323  1.7
25  Sa        323 0453  0.0 1124  1.7 1701  0.1 2353  1.7
26  Su        323 0526  0.1 1154  1.6 1736  0.2 9999  9.9
27  Mo        323 0020  1.6 0558  0.2 1224  1.5 1812  0.3
28  Tu        323 0046  1.5 0630  0.3 1256  1.4 1849  0.4
29  We        323 0110  1.4 0706  0.4 1331  1.3 1929  0.5
30  Th        323 0135  1.3 0754  0.6 1420  1.1 2019  0.6
31  Fr        323 0206  1.2 0944  0.7 1539  1.0 2132  0.7
 1  Sa        423 0304  1.0 1147  0.7 1752  1.0 2318  0.7
 2  Su        423 0737  1.1 1253  0.6 1923  1.1 9999  9.9
 3  Mo        423 0059  0.7 0815  1.3 1338  0.5 2014  1.3
 4  Tu        423 0200  0.6 0845  1.4 1414  0.4 2053  1.4
 5  We        423 0237  0.4 0913  1.5 1446  0.3 2128  1.5
 6  Th        423 0306  0.3 0941  1.6 1516  0.2 2200  1.6
 7  Fr        423 0333  0.2 1010  1.6 1546  0.2 2232  1.6
 8  Sa        423 0400  0.2 1039  1.6 1616  0.2 2303  1.6
 9  Su        423 0428  0.1 1109  1.6 1647  0.2 2334  1.6
10  Mo        423 0457  0.1 1140  1.5 1721  0.2 9999  9.9
11  Tu        423 0004  1.6 0529  0.2 1214  1.5 1758  0.3
12  We        423 0036  1.5 0605  0.3 1251  1.3 1840  0.4
13  Th        423 0109  1.4 0648  0.4 1339  1.2 1931  0.5
14  Fr        423 0149  1.3 0748  0.5 1458  1.1 2037  0.6
15  Sa        423 0254  1.2 0935  0.6 1700  1.1 2206  0.7
16  Su        423 0542  1.2 1129  0.6 1837  1.2 2344  0.6
17  Mo        423 0710  1.3 1237  0.5 1941  1.3 9999  9.9
18  Tu        423 0104  0.5 0801  1.5 1325  0.4 2030  1.4
19  We        423 0200  0.4 0842  1.6 1406  0.3 2112  1.5
20  Th        423 0243  0.2 0918  1.7 1444  0.2 2149  1.6
21  Fr        423 0320  0.1 0952  1.7 1521  0.2 2224  1.7
22  Sa        423 0355  0.1 1025  1.7 1557  0.2 2255  1.7
23  Su        423 0428  0.1 1056  1.6 1633  0.2 2325  1.6
24  Mo        423 0501  0.1 1127  1.6 1709  0.2 2352  1.6
25  Tu        423 0533  0.2 1158  1.5 1744  0.3 9999  9.9
26  We        423 0017  1.5 0606  0.3 1231  1.3 1821  0.4
27  Th        423 0042  1.4 0642  0.5 1310  1.2 1901  0.5
28  Fr        423 0109  1.3 0733  0.6 1401  1.1 1949  0.6
29  Sa        423 0143  1.2 0912  0.7 1513  1.1 2055  0.7
30  Su        423 0243  1.1 1057  0.7 1651  1.1 2225  0.7
 1  Mo        523 0633  1.1 1203  0.6 1824  1.1 9999  9.9
 2  Tu        523 0000  0.7 0724  1.2 1250  0.5 1925  1.2
 3  We        523 0109  0.6 0801  1.4 1330  0.4 2012  1.4
 4  Th        523 0155  0.5 0835  1.5 1405  0.3 2052  1.5
 5  Fr        523 0230  0.3 0908  1.5 1440  0.3 2129  1.6
 6  Sa        523 0302  0.3 0941  1.6 1514  0.2 2205  1.6
 7  Su        523 0333  0.2 1015  1.6 1549  0.2 2239  1.6
 8  Mo        523 0405  0.2 1050  1.6 1626  0.2 2314  1.6
 9  Tu        523 0439  0.2 1127  1.5 1705  0.3 2348  1.6
10  We        523 0516  0.2 1208  1.4 1747  0.3 9999  9.9
11  Th        523 0023  1.5 0557  0.3 1254  1.3 1833  0.4
12  Fr        523 0101  1.4 0646  0.4 1352  1.2 1925  0.5
13  Sa        523 0148  1.3 0754  0.5 1506  1.1 2028  0.6
14  Su        523 0304  1.2 0927  0.6 1634  1.1 2145  0.6
15  Mo        523 0509  1.2 1052  0.5 1757  1.2 2310  0.6
16  Tu        523 0632  1.3 1156  0.5 1904  1.3 9999  9.9
17  We        523 0029  0.5 0726  1.4 1246  0.4 1957  1.4
18  Th        523 0129  0.4 0810  1.5 1330  0.3 2043  1.5
19  Fr        523 0216  0.3 0849  1.6 1412  0.3 2123  1.6
20  Sa        523 0256  0.2 0925  1.6 1453  0.3 2200  1.6
21  Su        523 0333  0.2 1000  1.6 1533  0.3 2233  1.6
22  Mo        523 0408  0.2 1034  1.5 1611  0.3 2304  1.6
23  Tu        523 0442  0.2 1107  1.5 1650  0.3 2332  1.5
24  We        523 0515  0.3 1142  1.4 1727  0.3 2359  1.5
25  Th        523 0551  0.4 1220  1.3 1805  0.4 9999  9.9
26  Fr        523 0026  1.4 0630  0.5 1302  1.3 1844  0.5
27  Sa        523 0056  1.3 0721  0.5 1351  1.2 1927  0.5
28  Su        523 0133  1.2 0833  0.6 1448  1.2 2019  0.6
29  Mo        523 0232  1.2 0953  0.6 1553  1.1 2123  0.6
30  Tu        523 0445  1.1 1058  0.6 1707  1.2 2243  0.6
31  We        523 0615  1.2 1151  0.5 1820  1.2 9999  9.9
 1  Th        623 0003  0.6 0709  1.3 1238  0.4 1923  1.3
 2  Fr        623 0106  0.5 0754  1.4 1322  0.4 2015  1.4
 3  Sa        623 0154  0.4 0835  1.5 1405  0.3 2101  1.5
 4  Su        623 0235  0.3 0916  1.5 1448  0.3 2143  1.6
 5  Mo        623 0313  0.2 0958  1.5 1531  0.3 2222  1.6
 6  Tu        623 0351  0.2 1040  1.5 1615  0.3 2301  1.6
 7  We        623 0430  0.2 1125  1.5 1659  0.3 2339  1.6
 8  Th        623 0511  0.2 1212  1.4 1744  0.3 9999  9.9
 9  Fr        623 0018  1.6 0556  0.3 1301  1.3 1829  0.3
10  Sa        623 0100  1.5 0648  0.4 1353  1.3 1918  0.4
11  Su        623 0149  1.4 0749  0.4 1449  1.3 2011  0.5
12  Mo        623 0253  1.3 0859  0.5 1550  1.2 2113  0.5
13  Tu        623 0420  1.3 1006  0.5 1659  1.2 2227  0.5
14  We        623 0541  1.3 1107  0.5 1813  1.2 2346  0.5
15  Th        623 0644  1.3 1201  0.5 1921  1.3 9999  9.9
16  Fr        623 0057  0.5 0736  1.4 1253  0.4 2017  1.4
17  Sa        623 0152  0.4 0821  1.4 1343  0.4 2104  1.5
18  Su        623 0237  0.3 0902  1.4 1431  0.4 2144  1.5
19  Mo        623 0317  0.3 0942  1.4 1517  0.4 2220  1.5
20  Tu        623 0354  0.3 1021  1.4 1601  0.3 2252  1.5
21  We        623 0430  0.3 1059  1.4 1641  0.3 2321  1.5
22  Th        623 0505  0.3 1137  1.4 1717  0.4 2349  1.5
23  Fr        623 0541  0.4 1215  1.4 1752  0.4 9999  9.9
24  Sa        623 0017  1.4 0618  0.4 1254  1.3 1826  0.4
25  Su        623 0047  1.4 0701  0.4 1334  1.3 1902  0.4
26  Mo        623 0122  1.3 0751  0.5 1416  1.3 1942  0.5
27  Tu        623 0208  1.3 0847  0.5 1503  1.3 2029  0.5
28  We        623 0318  1.2 0947  0.5 1558  1.2 2131  0.6
29  Th        623 0452  1.2 1045  0.5 1706  1.2 2251  0.6
30  Fr        623 0611  1.2 1142  0.5 1828  1.2 9999  9.9
