357Lottin Point
Based on data from  1-Jan-2012
Local Std Time, tidal heights in metres.
 1  Fr        116 0515  0.4 1131  1.8 1751  0.4 2355  1.7
 2  Sa        116 0601  0.5 1216  1.8 1837  0.5 9999  9.9
 3  Su        116 0043  1.6 0649  0.5 1302  1.7 1924  0.5
 4  Mo        116 0134  1.6 0740  0.6 1350  1.7 2013  0.5
 5  Tu        116 0228  1.6 0833  0.6 1439  1.6 2104  0.5
 6  We        116 0323  1.6 0927  0.6 1530  1.6 2156  0.5
 7  Th        116 0416  1.6 1019  0.6 1621  1.7 2246  0.4
 8  Fr        116 0507  1.7 1110  0.6 1711  1.7 2334  0.4
 9  Sa        116 0554  1.7 1159  0.5 1759  1.7 9999  9.9
10  Su        116 0021  0.3 0640  1.8 1246  0.4 1847  1.8
11  Mo        116 0106  0.3 0724  1.9 1333  0.4 1935  1.8
12  Tu        116 0151  0.2 0809  2.0 1421  0.3 2023  1.9
13  We        116 0237  0.2 0855  2.0 1509  0.3 2111  1.9
14  Th        116 0324  0.2 0942  2.0 1557  0.2 2201  1.9
15  Fr        116 0412  0.2 1030  2.0 1647  0.2 2252  1.9
16  Sa        116 0503  0.2 1121  2.0 1739  0.2 2345  1.9
17  Su        116 0556  0.3 1213  2.0 1832  0.2 9999  9.9
18  Mo        116 0041  1.8 0653  0.3 1308  1.9 1928  0.3
19  Tu        116 0141  1.8 0753  0.4 1405  1.9 2027  0.3
20  We        116 0244  1.8 0855  0.4 1505  1.8 2127  0.3
21  Th        116 0347  1.8 0958  0.4 1605  1.8 2226  0.3
22  Fr        116 0448  1.8 1059  0.4 1705  1.8 2324  0.3
23  Sa        116 0545  1.9 1156  0.4 1801  1.8 9999  9.9
24  Su        116 0018  0.3 0637  1.9 1250  0.4 1855  1.8
25  Mo        116 0108  0.2 0726  1.9 1339  0.4 1944  1.8
26  Tu        116 0154  0.3 0811  1.9 1426  0.4 2030  1.8
27  We        116 0238  0.3 0854  1.9 1510  0.4 2113  1.8
28  Th        116 0320  0.3 0935  1.9 1552  0.4 2155  1.8
29  Fr        116 0401  0.4 1015  1.8 1632  0.4 2237  1.7
30  Sa        116 0443  0.4 1056  1.8 1713  0.4 2319  1.7
31  Su        116 0525  0.5 1137  1.8 1755  0.5 9999  9.9
 1  Mo        216 0003  1.7 0610  0.5 1220  1.7 1840  0.5
 2  Tu        216 0051  1.6 0658  0.6 1305  1.7 1927  0.5
 3  We        216 0142  1.6 0749  0.6 1354  1.6 2018  0.5
 4  Th        216 0237  1.6 0843  0.6 1446  1.6 2111  0.5
 5  Fr        216 0332  1.6 0937  0.6 1539  1.6 2205  0.5
 6  Sa        216 0426  1.7 1032  0.6 1633  1.7 2257  0.4
 7  Su        216 0517  1.7 1124  0.5 1727  1.7 2348  0.3
 8  Mo        216 0607  1.8 1216  0.4 1819  1.8 9999  9.9
 9  Tu        216 0038  0.2 0655  1.9 1306  0.3 1911  1.9
10  We        216 0126  0.2 0743  2.0 1356  0.2 2002  2.0
11  Th        216 0215  0.1 0832  2.1 1446  0.2 2052  2.0
12  Fr        216 0304  0.1 0921  2.1 1537  0.1 2143  2.0
13  Sa        216 0355  0.1 1011  2.1 1627  0.1 2235  2.0
14  Su        216 0447  0.2 1102  2.0 1719  0.2 2329  1.9
15  Mo        216 0541  0.3 1155  2.0 1813  0.2 9999  9.9
16  Tu        216 0025  1.9 0638  0.3 1250  1.9 1909  0.3
17  We        216 0124  1.8 0738  0.4 1348  1.8 2007  0.3
18  Th        216 0227  1.8 0840  0.5 1448  1.8 2108  0.3
19  Fr        216 0329  1.8 0942  0.5 1549  1.7 2208  0.4
20  Sa        216 0430  1.8 1042  0.5 1649  1.7 2306  0.4
21  Su        216 0526  1.8 1138  0.5 1745  1.7 2359  0.3
22  Mo        216 0616  1.8 1230  0.4 1836  1.8 9999  9.9
23  Tu        216 0047  0.3 0703  1.8 1317  0.4 1923  1.8
24  We        216 0132  0.3 0746  1.8 1400  0.4 2006  1.8
25  Th        216 0214  0.3 0826  1.8 1441  0.4 2047  1.8
26  Fr        216 0253  0.4 0905  1.8 1520  0.4 2126  1.8
27  Sa        216 0333  0.4 0943  1.8 1559  0.4 2205  1.7
28  Su        216 0412  0.4 1021  1.8 1637  0.4 2245  1.7
29  Mo        216 0452  0.5 1101  1.7 1717  0.4 2327  1.7
 1  Tu        316 0535  0.5 1142  1.7 1800  0.5 9999  9.9
 2  We        316 0012  1.7 0621  0.5 1226  1.7 1845  0.5
 3  Th        316 0101  1.6 0710  0.6 1314  1.7 1935  0.5
 4  Fr        316 0154  1.6 0803  0.6 1406  1.6 2029  0.5
 5  Sa        316 0249  1.6 0859  0.6 1502  1.7 2125  0.5
 6  Su        316 0345  1.7 0955  0.5 1559  1.7 2221  0.4
 7  Mo        316 0440  1.8 1051  0.4 1657  1.8 2316  0.3
 8  Tu        316 0533  1.9 1145  0.3 1753  1.9 9999  9.9
 9  We        316 0009  0.2 0625  2.0 1239  0.2 1847  1.9
10  Th        316 0101  0.2 0716  2.0 1331  0.2 1940  2.0
11  Fr        316 0153  0.1 0807  2.1 1423  0.1 2032  2.1
12  Sa        316 0245  0.1 0859  2.1 1514  0.1 2125  2.1
13  Su        316 0337  0.1 0951  2.1 1606  0.1 2218  2.0
14  Mo        316 0431  0.2 1043  2.0 1659  0.1 2312  2.0
15  Tu        316 0526  0.2 1137  2.0 1753  0.2 9999  9.9
16  We        316 0008  1.9 0623  0.3 1233  1.9 1849  0.3
17  Th        316 0107  1.8 0723  0.4 1331  1.8 1947  0.3
18  Fr        316 0207  1.8 0824  0.5 1431  1.7 2047  0.4
19  Sa        316 0308  1.7 0924  0.5 1532  1.7 2147  0.4
20  Su        316 0407  1.7 1022  0.5 1631  1.7 2244  0.4
21  Mo        316 0501  1.7 1116  0.5 1725  1.7 2336  0.4
22  Tu        316 0550  1.7 1205  0.5 1814  1.7 9999  9.9
23  We        316 0023  0.4 0634  1.8 1249  0.4 1859  1.7
24  Th        316 0106  0.4 0716  1.8 1331  0.4 1940  1.8
25  Fr        316 0147  0.4 0755  1.8 1410  0.4 2019  1.8
26  Sa        316 0226  0.4 0833  1.8 1448  0.4 2058  1.8
27  Su        316 0304  0.4 0911  1.8 1526  0.4 2136  1.8
28  Mo        316 0343  0.4 0949  1.8 1604  0.4 2215  1.8
29  Tu        316 0423  0.5 1028  1.7 1643  0.4 2256  1.7
30  We        316 0506  0.5 1109  1.7 1724  0.4 2339  1.7
31  Th        316 0551  0.5 1154  1.7 1809  0.5 9999  9.9
 1  Fr        416 0027  1.7 0639  0.5 1242  1.7 1859  0.5
 2  Sa        416 0118  1.7 0731  0.5 1334  1.7 1952  0.5
 3  Su        416 0213  1.7 0826  0.5 1431  1.7 2050  0.4
 4  Mo        416 0309  1.8 0923  0.4 1530  1.7 2148  0.4
 5  Tu        416 0406  1.8 1020  0.4 1629  1.8 2246  0.3
 6  We        416 0501  1.9 1116  0.3 1727  1.9 2342  0.2
 7  Th        416 0556  2.0 1212  0.2 1824  2.0 9999  9.9
 8  Fr        416 0037  0.2 0649  2.0 1306  0.1 1919  2.1
 9  Sa        416 0131  0.1 0743  2.1 1359  0.0 2012  2.1
10  Su        416 0225  0.1 0836  2.1 1452  0.0 2106  2.1
11  Mo        416 0319  0.1 0930  2.1 1545  0.1 2159  2.1
12  Tu        416 0414  0.2 1024  2.0 1638  0.1 2253  2.0
13  We        416 0510  0.3 1118  1.9 1731  0.2 2349  1.9
14  Th        416 0607  0.3 1214  1.8 1827  0.3 9999  9.9
15  Fr        416 0046  1.9 0705  0.4 1312  1.8 1924  0.4
16  Sa        416 0144  1.8 0803  0.5 1411  1.7 2023  0.4
17  Su        416 0242  1.7 0900  0.5 1510  1.7 2121  0.5
18  Mo        416 0337  1.7 0955  0.5 1607  1.6 2216  0.5
19  Tu        416 0429  1.7 1046  0.5 1659  1.7 2307  0.5
20  We        416 0516  1.7 1134  0.5 1747  1.7 2353  0.5
21  Th        416 0601  1.7 1218  0.4 1831  1.7 9999  9.9
22  Fr        416 0037  0.5 0642  1.7 1259  0.4 1912  1.7
23  Sa        416 0118  0.5 0722  1.7 1338  0.4 1951  1.8
24  Su        416 0157  0.4 0801  1.7 1416  0.4 2030  1.8
25  Mo        416 0237  0.4 0839  1.7 1454  0.4 2108  1.8
26  Tu        416 0317  0.5 0919  1.7 1533  0.4 2147  1.8
27  We        416 0357  0.5 0959  1.7 1613  0.4 2228  1.8
28  Th        416 0440  0.5 1041  1.7 1655  0.4 2312  1.8
29  Fr        416 0525  0.5 1126  1.7 1740  0.4 2359  1.8
30  Sa        416 0614  0.5 1215  1.7 1829  0.4 9999  9.9
 1  Su        516 0049  1.8 0705  0.5 1308  1.7 1923  0.4
 2  Mo        516 0143  1.8 0800  0.4 1405  1.7 2020  0.4
 3  Tu        516 0239  1.8 0856  0.4 1505  1.8 2120  0.4
 4  We        516 0335  1.9 0953  0.3 1605  1.8 2219  0.3
 5  Th        516 0432  1.9 1050  0.2 1705  1.9 2318  0.3
 6  Fr        516 0529  2.0 1147  0.1 1802  2.0 9999  9.9
 7  Sa        516 0014  0.2 0624  2.0 1242  0.1 1858  2.1
 8  Su        516 0110  0.2 0720  2.1 1336  0.0 1953  2.1
 9  Mo        516 0206  0.2 0814  2.0 1430  0.0 2046  2.1
10  Tu        516 0301  0.2 0909  2.0 1523  0.1 2140  2.1
11  We        516 0356  0.2 1003  1.9 1615  0.1 2233  2.0
12  Th        516 0451  0.3 1058  1.9 1708  0.2 2327  1.9
13  Fr        516 0546  0.3 1152  1.8 1801  0.3 9999  9.9
14  Sa        516 0021  1.9 0641  0.4 1248  1.7 1856  0.4
15  Su        516 0115  1.8 0736  0.4 1344  1.7 1952  0.5
16  Mo        516 0209  1.7 0829  0.5 1440  1.6 2047  0.5
17  Tu        516 0301  1.7 0921  0.5 1535  1.6 2141  0.5
18  We        516 0351  1.7 1011  0.5 1627  1.6 2232  0.5
19  Th        516 0438  1.7 1058  0.5 1715  1.7 2320  0.5
20  Fr        516 0523  1.7 1143  0.4 1800  1.7 9999  9.9
21  Sa        516 0004  0.5 0606  1.7 1225  0.4 1842  1.7
22  Su        516 0047  0.5 0648  1.7 1306  0.4 1922  1.8
23  Mo        516 0128  0.5 0729  1.7 1346  0.4 2002  1.8
24  Tu        516 0209  0.5 0810  1.7 1425  0.3 2042  1.8
25  We        516 0251  0.5 0851  1.7 1505  0.3 2122  1.8
26  Th        516 0333  0.4 0933  1.7 1546  0.3 2204  1.8
27  Fr        516 0417  0.4 1017  1.7 1629  0.4 2248  1.8
28  Sa        516 0503  0.4 1104  1.7 1715  0.4 2335  1.8
29  Su        516 0552  0.4 1154  1.7 1805  0.4 9999  9.9
30  Mo        516 0025  1.8 0643  0.4 1247  1.7 1859  0.4
31  Tu        516 0118  1.8 0737  0.4 1344  1.8 1957  0.4
 1  We        616 0213  1.9 0833  0.3 1444  1.8 2057  0.4
 2  Th        616 0310  1.9 0930  0.3 1545  1.9 2157  0.3
 3  Fr        616 0408  1.9 1028  0.2 1645  1.9 2257  0.3
 4  Sa        616 0505  2.0 1125  0.1 1743  2.0 2355  0.3
 5  Su        616 0602  2.0 1221  0.1 1840  2.0 9999  9.9
 6  Mo        616 0052  0.2 0659  2.0 1316  0.1 1934  2.1
 7  Tu        616 0148  0.2 0754  2.0 1409  0.1 2027  2.1
 8  We        616 0242  0.2 0849  1.9 1501  0.1 2119  2.0
 9  Th        616 0336  0.3 0942  1.9 1552  0.2 2210  2.0
10  Fr        616 0429  0.3 1034  1.8 1642  0.3 2301  1.9
11  Sa        616 0520  0.3 1126  1.8 1733  0.3 2351  1.9
12  Su        616 0611  0.4 1217  1.7 1824  0.4 9999  9.9
13  Mo        616 0040  1.8 0702  0.4 1310  1.7 1916  0.5
14  Tu        616 0130  1.7 0752  0.5 1403  1.6 2009  0.5
15  We        616 0220  1.7 0842  0.5 1457  1.6 2102  0.6
16  Th        616 0309  1.7 0931  0.5 1549  1.6 2154  0.6
17  Fr        616 0357  1.7 1020  0.5 1639  1.7 2243  0.6
18  Sa        616 0444  1.7 1106  0.4 1726  1.7 2330  0.5
19  Su        616 0530  1.7 1151  0.4 1810  1.7 9999  9.9
20  Mo        616 0015  0.5 0615  1.7 1234  0.4 1853  1.8
21  Tu        616 0059  0.5 0658  1.7 1316  0.3 1934  1.8
22  We        616 0142  0.5 0742  1.7 1357  0.3 2015  1.9
23  Th        616 0225  0.4 0825  1.8 1439  0.3 2057  1.9
24  Fr        616 0309  0.4 0910  1.8 1522  0.3 2140  1.9
25  Sa        616 0355  0.4 0956  1.8 1607  0.3 2226  1.9
26  Su        616 0442  0.3 1044  1.8 1654  0.3 2313  1.9
27  Mo        616 0531  0.3 1135  1.8 1745  0.3 9999  9.9
28  Tu        616 0003  1.9 0622  0.3 1229  1.8 1839  0.4
29  We        616 0056  1.9 0716  0.3 1326  1.8 1937  0.4
30  Th        616 0152  1.9 0812  0.3 1426  1.8 2038  0.4
 1  Fr        716 0249  1.9 0910  0.2 1528  1.8 2139  0.4
 2  Sa        716 0348  1.9 1009  0.2 1629  1.9 2240  0.3
 3  Su        716 0447  1.9 1107  0.2 1727  2.0 2339  0.3
 4  Mo        716 0545  1.9 1203  0.1 1823  2.0 9999  9.9
 5  Tu        716 0036  0.3 0642  1.9 1257  0.1 1916  2.0
 6  We        716 0130  0.3 0736  1.9 1349  0.1 2007  2.0
 7  Th        716 0223  0.3 0828  1.9 1439  0.2 2057  2.0
 8  Fr        716 0314  0.3 0919  1.9 1527  0.2 2144  2.0
 9  Sa        716 0403  0.3 1007  1.8 1614  0.3 2231  1.9
10  Su        716 0450  0.4 1055  1.8 1701  0.4 2316  1.8
11  Mo        716 0536  0.4 1142  1.7 1748  0.4 9999  9.9
12  Tu        716 0002  1.8 0623  0.4 1231  1.7 1837  0.5
13  We        716 0049  1.7 0710  0.5 1322  1.6 1928  0.6
14  Th        716 0136  1.7 0759  0.5 1414  1.6 2020  0.6
15  Fr        716 0225  1.7 0849  0.5 1508  1.6 2113  0.6
16  Sa        716 0315  1.6 0939  0.5 1600  1.6 2205  0.6
17  Su        716 0405  1.6 1029  0.5 1650  1.7 2255  0.6
18  Mo        716 0454  1.7 1116  0.4 1737  1.7 2342  0.5
19  Tu        716 0542  1.7 1202  0.4 1821  1.8 9999  9.9
20  We        716 0028  0.5 0629  1.7 1246  0.3 1905  1.9
21  Th        716 0114  0.4 0715  1.8 1330  0.3 1948  1.9
22  Fr        716 0159  0.4 0801  1.8 1415  0.2 2032  2.0
23  Sa        716 0245  0.3 0848  1.9 1500  0.2 2117  2.0
24  Su        716 0332  0.3 0936  1.9 1546  0.2 2204  2.0
25  Mo        716 0420  0.2 1025  1.9 1636  0.2 2252  2.0
26  Tu        716 0510  0.2 1117  1.9 1727  0.3 2343  2.0
27  We        716 0602  0.2 1211  1.9 1823  0.3 9999  9.9
28  Th        716 0037  1.9 0657  0.2 1309  1.8 1921  0.4
29  Fr        716 0133  1.9 0754  0.3 1410  1.8 2023  0.4
30  Sa        716 0232  1.9 0853  0.3 1513  1.8 2125  0.4
31  Su        716 0332  1.8 0953  0.3 1614  1.9 2226  0.4
 1  Mo        816 0433  1.8 1051  0.2 1712  1.9 2325  0.4
 2  Tu        816 0531  1.8 1147  0.2 1807  1.9 9999  9.9
 3  We        816 0021  0.3 0627  1.9 1240  0.2 1858  2.0
 4  Th        816 0113  0.3 0719  1.9 1330  0.2 1946  2.0
 5  Fr        816 0202  0.3 0808  1.9 1417  0.2 2032  1.9
 6  Sa        816 0249  0.3 0855  1.8 1502  0.3 2116  1.9
 7  Su        816 0333  0.3 0939  1.8 1545  0.3 2158  1.9
 8  Mo        816 0416  0.4 1022  1.8 1628  0.4 2240  1.8
 9  Tu        816 0459  0.4 1106  1.7 1712  0.4 2323  1.8
10  We        816 0542  0.4 1151  1.7 1758  0.5 9999  9.9
11  Th        816 0007  1.7 0627  0.5 1239  1.6 1847  0.6
12  Fr        816 0053  1.7 0714  0.5 1331  1.6 1939  0.6
13  Sa        816 0143  1.6 0805  0.5 1425  1.6 2032  0.6
14  Su        816 0234  1.6 0857  0.5 1519  1.6 2126  0.6
15  Mo        816 0327  1.6 0950  0.5 1611  1.7 2218  0.6
16  Tu        816 0419  1.7 1041  0.4 1701  1.7 2309  0.5
17  We        816 0511  1.7 1130  0.4 1748  1.8 2357  0.4
18  Th        816 0601  1.8 1217  0.3 1834  1.9 9999  9.9
19  Fr        816 0045  0.3 0649  1.9 1304  0.2 1919  2.0
20  Sa        816 0133  0.3 0738  1.9 1350  0.2 2006  2.0
21  Su        816 0220  0.2 0827  2.0 1438  0.2 2053  2.1
22  Mo        816 0309  0.2 0916  2.0 1527  0.2 2142  2.1
23  Tu        816 0358  0.1 1007  2.0 1618  0.2 2232  2.0
24  We        816 0449  0.1 1059  2.0 1711  0.2 2324  2.0
25  Th        816 0542  0.2 1155  1.9 1807  0.3 9999  9.9
26  Fr        816 0019  1.9 0637  0.2 1253  1.9 1907  0.4
27  Sa        816 0117  1.9 0736  0.3 1355  1.8 2010  0.4
28  Su        816 0218  1.8 0836  0.3 1458  1.8 2113  0.4
29  Mo        816 0320  1.8 0937  0.3 1559  1.8 2214  0.4
30  Tu        816 0421  1.8 1036  0.3 1656  1.9 2311  0.4
31  We        816 0519  1.8 1132  0.3 1749  1.9 9999  9.9
 1  Th        916 0004  0.4 0612  1.8 1223  0.3 1838  1.9
 2  Fr        916 0054  0.3 0702  1.8 1310  0.3 1923  1.9
 3  Sa        916 0139  0.3 0747  1.8 1354  0.3 2005  1.9
 4  Su        916 0222  0.3 0830  1.8 1436  0.3 2046  1.9
 5  Mo        916 0302  0.3 0910  1.8 1516  0.4 2126  1.8
 6  Tu        916 0342  0.3 0951  1.8 1557  0.4 2205  1.8
 7  We        916 0422  0.4 1032  1.8 1639  0.4 2246  1.8
 8  Th        916 0502  0.4 1114  1.7 1723  0.5 2328  1.7
 9  Fr        916 0545  0.4 1200  1.7 1810  0.5 9999  9.9
10  Sa        916 0013  1.7 0632  0.5 1249  1.7 1900  0.6
11  Su        916 0102  1.6 0722  0.5 1342  1.6 1953  0.6
12  Mo        916 0154  1.6 0815  0.5 1437  1.7 2048  0.6
13  Tu        916 0249  1.6 0910  0.5 1531  1.7 2142  0.5
14  We        916 0345  1.7 1004  0.4 1623  1.8 2235  0.5
15  Th        916 0440  1.7 1057  0.4 1714  1.8 2326  0.4
16  Fr        916 0533  1.8 1148  0.3 1802  1.9 9999  9.9
17  Sa        916 0016  0.3 0624  1.9 1237  0.2 1851  2.0
18  Su        916 0106  0.2 0715  2.0 1327  0.1 1940  2.1
19  Mo        916 0156  0.1 0806  2.1 1417  0.1 2029  2.1
20  Tu        916 0246  0.1 0857  2.1 1508  0.1 2120  2.1
21  We        916 0337  0.0 0948  2.1 1601  0.2 2212  2.1
22  Th        916 0428  0.1 1042  2.0 1655  0.2 2306  2.0
23  Fr        916 0522  0.1 1138  2.0 1753  0.3 9999  9.9
24  Sa        916 0002  1.9 0618  0.2 1236  1.9 1853  0.4
25  Su        916 0101  1.8 0717  0.3 1338  1.8 1956  0.4
26  Mo        916 0203  1.8 0818  0.3 1440  1.8 2058  0.4
27  Tu        916 0306  1.7 0920  0.4 1540  1.8 2158  0.4
28  We        916 0407  1.7 1019  0.4 1636  1.8 2254  0.4
29  Th        916 0504  1.7 1113  0.4 1727  1.8 2344  0.4
30  Fr        916 0555  1.8 1202  0.4 1814  1.8 9999  9.9
 1  Sa       1016 0031  0.4 0642  1.8 1247  0.4 1857  1.8
 2  Su       1016 0113  0.3 0724  1.8 1330  0.4 1937  1.8
 3  Mo       1016 0153  0.3 0805  1.8 1410  0.4 2016  1.8
 4  Tu       1016 0232  0.3 0843  1.8 1449  0.4 2054  1.8
 5  We       1016 0310  0.3 0922  1.8 1529  0.4 2133  1.8
 6  Th       1016 0348  0.4 1001  1.8 1609  0.5 2212  1.7
 7  Fr       1016 0427  0.4 1042  1.8 1652  0.5 2254  1.7
 8  Sa       1016 0509  0.4 1125  1.7 1737  0.5 2338  1.7
 9  Su       1016 0553  0.5 1212  1.7 1826  0.6 9999  9.9
10  Mo       1016 0026  1.6 0642  0.5 1303  1.7 1917  0.6
11  Tu       1016 0118  1.6 0735  0.5 1357  1.7 2012  0.5
12  We       1016 0213  1.6 0831  0.5 1452  1.7 2107  0.5
13  Th       1016 0311  1.7 0928  0.4 1546  1.8 2202  0.4
14  Fr       1016 0409  1.8 1024  0.4 1639  1.9 2255  0.3
15  Sa       1016 0506  1.8 1119  0.3 1731  2.0 2348  0.2
16  Su       1016 0600  1.9 1212  0.2 1823  2.0 9999  9.9
17  Mo       1016 0040  0.1 0653  2.0 1304  0.1 1915  2.1
18  Tu       1016 0132  0.0 0746  2.1 1357  0.1 2007  2.1
19  We       1016 0224  0.0 0838  2.1 1450  0.1 2100  2.1
20  Th       1016 0316  0.0 0931  2.1 1544  0.1 2153  2.0
21  Fr       1016 0408  0.0 1025  2.1 1640  0.2 2248  2.0
22  Sa       1016 0502  0.1 1120  2.0 1737  0.3 2344  1.9
23  Su       1016 0557  0.2 1217  1.9 1837  0.3 9999  9.9
24  Mo       1016 0043  1.8 0655  0.3 1317  1.9 1937  0.4
25  Tu       1016 0144  1.7 0755  0.4 1417  1.8 2037  0.4
26  We       1016 0246  1.7 0856  0.4 1515  1.8 2135  0.4
27  Th       1016 0346  1.7 0954  0.5 1609  1.8 2229  0.4
28  Fr       1016 0442  1.7 1048  0.5 1659  1.8 2318  0.4
29  Sa       1016 0532  1.7 1137  0.5 1745  1.8 9999  9.9
30  Su       1016 0004  0.4 0618  1.8 1222  0.4 1827  1.8
31  Mo       1016 0045  0.4 0700  1.8 1304  0.4 1908  1.8
 1  Tu       1116 0125  0.3 0739  1.8 1344  0.4 1947  1.8
 2  We       1116 0203  0.3 0818  1.8 1423  0.4 2025  1.8
 3  Th       1116 0241  0.3 0856  1.8 1503  0.4 2104  1.8
 4  Fr       1116 0318  0.3 0934  1.8 1543  0.5 2143  1.7
 5  Sa       1116 0357  0.4 1014  1.8 1625  0.5 2224  1.7
 6  Su       1116 0437  0.4 1056  1.8 1709  0.5 2308  1.7
 7  Mo       1116 0521  0.4 1141  1.8 1756  0.5 2355  1.7
 8  Tu       1116 0608  0.4 1229  1.7 1846  0.5 9999  9.9
 9  We       1116 0046  1.7 0659  0.5 1321  1.8 1939  0.5
10  Th       1116 0141  1.7 0755  0.5 1415  1.8 2034  0.4
11  Fr       1116 0240  1.7 0854  0.4 1511  1.8 2130  0.3
12  Sa       1116 0341  1.8 0953  0.4 1607  1.9 2226  0.3
13  Su       1116 0440  1.9 1051  0.3 1702  2.0 2322  0.2
14  Mo       1116 0537  2.0 1148  0.2 1757  2.0 9999  9.9
15  Tu       1116 0017  0.1 0633  2.0 1243  0.2 1852  2.1
16  We       1116 0110  0.0 0727  2.1 1338  0.1 1946  2.1
17  Th       1116 0203  0.0 0820  2.1 1433  0.1 2041  2.1
18  Fr       1116 0256  0.0 0913  2.1 1528  0.2 2135  2.0
19  Sa       1116 0348  0.0 1007  2.1 1623  0.2 2229  1.9
20  Su       1116 0441  0.1 1101  2.0 1719  0.3 2325  1.9
21  Mo       1116 0535  0.2 1155  1.9 1816  0.3 9999  9.9
22  Tu       1116 0021  1.8 0630  0.3 1251  1.9 1912  0.4
23  We       1116 0119  1.7 0727  0.4 1346  1.8 2009  0.4
24  Th       1116 0218  1.7 0825  0.5 1441  1.7 2104  0.5
25  Fr       1116 0317  1.6 0922  0.5 1534  1.7 2156  0.5
26  Sa       1116 0412  1.6 1016  0.5 1624  1.7 2246  0.4
27  Su       1116 0503  1.7 1106  0.5 1711  1.7 2332  0.4
28  Mo       1116 0550  1.7 1152  0.5 1755  1.7 9999  9.9
29  Tu       1116 0015  0.4 0633  1.7 1236  0.5 1837  1.7
30  We       1116 0056  0.4 0713  1.8 1318  0.5 1918  1.7
 1  Th       1216 0135  0.3 0753  1.8 1358  0.5 1958  1.7
 2  Fr       1216 0214  0.3 0831  1.8 1439  0.5 2037  1.7
 3  Sa       1216 0252  0.3 0910  1.8 1519  0.4 2118  1.7
 4  Su       1216 0331  0.3 0949  1.8 1601  0.4 2159  1.7
 5  Mo       1216 0411  0.3 1030  1.8 1644  0.4 2243  1.7
 6  Tu       1216 0454  0.4 1114  1.8 1730  0.4 2329  1.7
 7  We       1216 0540  0.4 1201  1.8 1818  0.4 9999  9.9
 8  Th       1216 0019  1.7 0630  0.4 1251  1.8 1910  0.4
 9  Fr       1216 0114  1.7 0725  0.4 1344  1.8 2005  0.4
10  Sa       1216 0213  1.7 0825  0.4 1440  1.9 2102  0.3
11  Su       1216 0315  1.8 0926  0.4 1538  1.9 2200  0.2
12  Mo       1216 0416  1.9 1027  0.3 1636  1.9 2258  0.2
13  Tu       1216 0516  1.9 1126  0.3 1734  2.0 2355  0.1
14  We       1216 0614  2.0 1225  0.2 1832  2.0 9999  9.9
15  Th       1216 0051  0.0 0709  2.1 1321  0.2 1928  2.0
16  Fr       1216 0144  0.0 0803  2.1 1417  0.2 2023  2.0
17  Sa       1216 0237  0.0 0856  2.1 1511  0.2 2117  2.0
18  Su       1216 0328  0.1 0947  2.1 1605  0.2 2210  1.9
19  Mo       1216 0419  0.2 1039  2.0 1657  0.3 2302  1.8
20  Tu       1216 0510  0.3 1129  1.9 1749  0.3 2354  1.8
21  We       1216 0601  0.4 1220  1.9 1841  0.4 9999  9.9
22  Th       1216 0048  1.7 0654  0.4 1310  1.8 1933  0.4
23  Fr       1216 0142  1.6 0748  0.5 1401  1.7 2024  0.5
24  Sa       1216 0238  1.6 0843  0.6 1452  1.7 2116  0.5
25  Su       1216 0334  1.6 0937  0.6 1543  1.7 2207  0.5
26  Mo       1216 0427  1.6 1030  0.6 1632  1.6 2256  0.5
27  Tu       1216 0517  1.7 1119  0.6 1720  1.7 2342  0.4
28  We       1216 0602  1.7 1205  0.6 1805  1.7 9999  9.9
29  Th       1216 0026  0.4 0645  1.8 1249  0.5 1849  1.7
30  Fr       1216 0107  0.4 0726  1.8 1332  0.5 1931  1.7
31  Sa       1216 0147  0.3 0805  1.8 1414  0.5 2013  1.8
