357Lottin Point / Wakatiri
Based on data from 15-Mar-2015
Local Std Time, tidal heights in metres.
 1  Sa        723 0352  1.7 1018  0.4 1640  1.7 2245  0.5
 2  Su        723 0446  1.7 1111  0.3 1733  1.8 2339  0.4
 3  Mo        723 0540  1.8 1203  0.2 1826  1.9 9999  9.9
 4  Tu        723 0034  0.4 0636  1.8 1256  0.2 1918  2.0
 5  We        723 0129  0.3 0731  1.9 1349  0.1 2010  2.0
 6  Th        723 0224  0.3 0827  1.9 1441  0.1 2103  2.0
 7  Fr        723 0319  0.2 0922  1.9 1534  0.1 2156  2.0
 8  Sa        723 0413  0.2 1017  1.9 1629  0.2 2250  2.0
 9  Su        723 0508  0.2 1113  1.8 1724  0.2 2344  2.0
10  Mo        723 0603  0.2 1211  1.8 1821  0.3 9999  9.9
11  Tu        723 0038  1.9 0657  0.3 1309  1.8 1920  0.4
12  We        723 0133  1.8 0753  0.3 1409  1.7 2019  0.5
13  Th        723 0228  1.8 0848  0.3 1509  1.7 2118  0.5
14  Fr        723 0323  1.7 0943  0.4 1607  1.7 2215  0.5
15  Sa        723 0417  1.7 1037  0.4 1701  1.7 2310  0.5
16  Su        723 0510  1.6 1128  0.4 1751  1.7 9999  9.9
17  Mo        723 0001  0.5 0600  1.6 1215  0.4 1837  1.7
18  Tu        723 0048  0.5 0648  1.6 1259  0.4 1920  1.8
19  We        723 0133  0.5 0732  1.6 1341  0.4 2000  1.8
20  Th        723 0215  0.5 0814  1.6 1421  0.4 2039  1.8
21  Fr        723 0255  0.5 0855  1.6 1501  0.4 2117  1.8
22  Sa        723 0335  0.5 0935  1.6 1540  0.4 2156  1.7
23  Su        723 0414  0.5 1015  1.6 1620  0.4 2235  1.7
24  Mo        723 0453  0.5 1056  1.6 1701  0.5 2315  1.7
25  Tu        723 0534  0.5 1140  1.6 1746  0.5 2357  1.7
26  We        723 0617  0.5 1228  1.6 1833  0.5 9999  9.9
27  Th        723 0042  1.7 0704  0.4 1319  1.6 1925  0.6
28  Fr        723 0130  1.7 0754  0.4 1415  1.6 2020  0.6
29  Sa        723 0223  1.7 0849  0.4 1513  1.7 2118  0.5
30  Su        723 0320  1.7 0946  0.3 1611  1.7 2217  0.5
31  Mo        723 0419  1.7 1044  0.3 1708  1.8 2316  0.4
 1  Tu        823 0518  1.8 1141  0.2 1803  1.9 9999  9.9
 2  We        823 0014  0.3 0617  1.9 1236  0.1 1857  2.0
 3  Th        823 0110  0.2 0715  1.9 1330  0.1 1950  2.1
 4  Fr        823 0205  0.2 0810  1.9 1423  0.1 2043  2.1
 5  Sa        823 0259  0.1 0905  2.0 1516  0.1 2135  2.1
 6  Su        823 0352  0.1 0959  1.9 1609  0.2 2227  2.0
 7  Mo        823 0444  0.1 1053  1.9 1703  0.2 2319  2.0
 8  Tu        823 0537  0.2 1148  1.8 1759  0.3 9999  9.9
 9  We        823 0012  1.9 0630  0.3 1245  1.8 1856  0.4
10  Th        823 0106  1.8 0724  0.3 1344  1.7 1955  0.5
11  Fr        823 0201  1.7 0820  0.4 1444  1.7 2055  0.6
12  Sa        823 0257  1.6 0916  0.4 1542  1.7 2153  0.6
13  Su        823 0354  1.6 1012  0.4 1637  1.7 2248  0.6
14  Mo        823 0448  1.6 1104  0.4 1727  1.7 2339  0.6
15  Tu        823 0540  1.6 1152  0.4 1812  1.7 9999  9.9
16  We        823 0025  0.5 0627  1.6 1236  0.4 1854  1.7
17  Th        823 0108  0.5 0710  1.6 1317  0.4 1933  1.7
18  Fr        823 0148  0.5 0750  1.7 1356  0.4 2010  1.8
19  Sa        823 0226  0.5 0828  1.7 1433  0.4 2046  1.8
20  Su        823 0303  0.4 0906  1.7 1511  0.4 2123  1.8
21  Mo        823 0340  0.4 0945  1.7 1550  0.4 2200  1.8
22  Tu        823 0418  0.4 1025  1.7 1630  0.5 2239  1.7
23  We        823 0458  0.4 1108  1.7 1714  0.5 2321  1.7
24  Th        823 0541  0.4 1154  1.7 1801  0.5 9999  9.9
25  Fr        823 0007  1.7 0628  0.4 1246  1.6 1854  0.5
26  Sa        823 0057  1.7 0720  0.4 1344  1.7 1952  0.5
27  Su        823 0154  1.7 0819  0.4 1445  1.7 2054  0.5
28  Mo        823 0255  1.7 0920  0.4 1546  1.8 2156  0.5
29  Tu        823 0359  1.7 1022  0.3 1645  1.8 2257  0.4
30  We        823 0502  1.8 1121  0.2 1742  1.9 2356  0.3
31  Th        823 0602  1.9 1217  0.2 1836  2.0 9999  9.9
 1  Fr        923 0051  0.2 0659  1.9 1312  0.1 1929  2.1
 2  Sa        923 0145  0.1 0753  2.0 1404  0.1 2020  2.1
 3  Su        923 0237  0.1 0846  2.0 1456  0.1 2111  2.1
 4  Mo        923 0328  0.1 0938  2.0 1548  0.2 2201  2.0
 5  Tu        923 0418  0.1 1030  1.9 1641  0.3 2252  1.9
 6  We        923 0508  0.2 1122  1.9 1734  0.4 2343  1.8
 7  Th        923 0559  0.3 1217  1.8 1830  0.5 9999  9.9
 8  Fr        923 0036  1.7 0651  0.4 1314  1.7 1928  0.5
 9  Sa        923 0131  1.6 0747  0.4 1413  1.7 2028  0.6
10  Su        923 0228  1.6 0845  0.5 1512  1.6 2126  0.6
11  Mo        923 0327  1.5 0942  0.5 1607  1.6 2222  0.6
12  Tu        923 0424  1.5 1036  0.5 1657  1.6 2312  0.6
13  We        923 0516  1.6 1125  0.5 1742  1.7 2357  0.5
14  Th        923 0602  1.6 1209  0.5 1823  1.7 9999  9.9
15  Fr        923 0039  0.5 0645  1.6 1250  0.4 1901  1.7
16  Sa        923 0118  0.4 0724  1.7 1328  0.4 1938  1.8
17  Su        923 0155  0.4 0802  1.7 1406  0.4 2014  1.8
18  Mo        923 0231  0.4 0839  1.7 1443  0.4 2051  1.8
19  Tu        923 0308  0.3 0918  1.7 1522  0.4 2129  1.8
20  We        923 0346  0.3 0958  1.7 1604  0.4 2209  1.8
21  Th        923 0427  0.3 1041  1.7 1649  0.5 2252  1.7
22  Fr        923 0511  0.4 1129  1.7 1738  0.5 2340  1.7
23  Sa        923 0559  0.4 1222  1.7 1833  0.5 9999  9.9
24  Su        923 0033  1.7 0654  0.4 1320  1.7 1933  0.5
25  Mo        923 0133  1.7 0755  0.4 1422  1.7 2036  0.5
26  Tu        923 0238  1.7 0859  0.4 1524  1.8 2139  0.4
27  We        923 0344  1.7 1003  0.3 1624  1.9 2239  0.3
28  Th        923 0448  1.8 1103  0.3 1720  1.9 2337  0.2
29  Fr        923 0547  1.9 1159  0.2 1814  2.0 9999  9.9
30  Sa        923 0031  0.2 0643  1.9 1253  0.2 1906  2.0
 1  Su       1023 0123  0.1 0735  2.0 1345  0.2 1957  2.0
 2  Mo       1023 0213  0.1 0826  2.0 1436  0.2 2046  2.0
 3  Tu       1023 0302  0.1 0916  2.0 1527  0.2 2135  1.9
 4  We       1023 0350  0.1 1005  1.9 1617  0.3 2224  1.8
 5  Th       1023 0438  0.2 1055  1.9 1709  0.4 2314  1.7
 6  Fr       1023 0526  0.3 1147  1.8 1803  0.5 9999  9.9
 7  Sa       1023 0005  1.6 0617  0.4 1241  1.7 1858  0.6
 8  Su       1023 0058  1.6 0711  0.5 1337  1.6 1956  0.6
 9  Mo       1023 0156  1.5 0808  0.5 1434  1.6 2053  0.6
10  Tu       1023 0255  1.5 0906  0.6 1529  1.6 2147  0.6
11  We       1023 0352  1.5 1001  0.6 1619  1.6 2237  0.6
12  Th       1023 0445  1.5 1051  0.5 1704  1.7 2323  0.5
13  Fr       1023 0532  1.6 1137  0.5 1746  1.7 9999  9.9
14  Sa       1023 0005  0.5 0615  1.7 1218  0.5 1825  1.7
15  Su       1023 0044  0.4 0655  1.7 1258  0.4 1903  1.7
16  Mo       1023 0122  0.4 0734  1.8 1337  0.4 1942  1.8
17  Tu       1023 0200  0.3 0813  1.8 1417  0.4 2021  1.8
18  We       1023 0239  0.3 0853  1.8 1459  0.4 2102  1.8
19  Th       1023 0319  0.3 0935  1.8 1543  0.4 2145  1.8
20  Fr       1023 0402  0.3 1021  1.8 1630  0.4 2231  1.7
21  Sa       1023 0448  0.3 1110  1.8 1722  0.5 2322  1.7
22  Su       1023 0539  0.3 1204  1.8 1818  0.5 9999  9.9
23  Mo       1023 0018  1.7 0635  0.4 1302  1.8 1918  0.5
24  Tu       1023 0119  1.7 0737  0.4 1403  1.8 2020  0.4
25  We       1023 0224  1.7 0841  0.4 1504  1.8 2122  0.4
26  Th       1023 0330  1.7 0944  0.4 1602  1.9 2221  0.3
27  Fr       1023 0433  1.8 1044  0.3 1658  1.9 2317  0.2
28  Sa       1023 0531  1.9 1141  0.3 1752  1.9 9999  9.9
29  Su       1023 0011  0.2 0626  1.9 1234  0.2 1843  2.0
30  Mo       1023 0101  0.1 0717  2.0 1326  0.2 1933  1.9
31  Tu       1023 0150  0.1 0806  2.0 1416  0.3 2022  1.9
 1  We       1123 0237  0.1 0854  2.0 1506  0.3 2110  1.8
 2  Th       1123 0323  0.2 0941  1.9 1555  0.4 2157  1.8
 3  Fr       1123 0409  0.3 1029  1.8 1644  0.4 2245  1.7
 4  Sa       1123 0455  0.3 1117  1.8 1734  0.5 2333  1.6
 5  Su       1123 0542  0.4 1206  1.7 1826  0.6 9999  9.9
 6  Mo       1123 0024  1.5 0633  0.5 1258  1.7 1918  0.6
 7  Tu       1123 0118  1.5 0727  0.6 1350  1.6 2012  0.6
 8  We       1123 0215  1.5 0823  0.6 1442  1.6 2104  0.6
 9  Th       1123 0312  1.5 0918  0.6 1532  1.6 2154  0.5
10  Fr       1123 0406  1.5 1010  0.6 1619  1.6 2241  0.5
11  Sa       1123 0456  1.6 1058  0.5 1703  1.7 2325  0.4
12  Su       1123 0541  1.6 1143  0.5 1746  1.7 9999  9.9
13  Mo       1123 0008  0.4 0624  1.7 1226  0.5 1828  1.7
14  Tu       1123 0049  0.3 0706  1.8 1309  0.4 1910  1.8
15  We       1123 0130  0.3 0748  1.8 1353  0.4 1954  1.8
16  Th       1123 0213  0.2 0831  1.9 1438  0.4 2039  1.8
17  Fr       1123 0256  0.2 0916  1.9 1526  0.4 2126  1.8
18  Sa       1123 0342  0.2 1004  1.9 1617  0.4 2216  1.8
19  Su       1123 0431  0.2 1055  1.9 1710  0.4 2309  1.7
20  Mo       1123 0523  0.3 1149  1.9 1806  0.4 9999  9.9
21  Tu       1123 0006  1.7 0620  0.3 1245  1.8 1904  0.4
22  We       1123 0107  1.7 0720  0.4 1343  1.8 2003  0.4
23  Th       1123 0210  1.7 0823  0.4 1442  1.8 2102  0.3
24  Fr       1123 0315  1.7 0925  0.4 1539  1.8 2200  0.3
25  Sa       1123 0417  1.8 1025  0.4 1635  1.8 2256  0.2
26  Su       1123 0515  1.8 1122  0.4 1729  1.9 2349  0.2
27  Mo       1123 0609  1.9 1216  0.4 1821  1.8 9999  9.9
28  Tu       1123 0040  0.2 0659  1.9 1308  0.4 1912  1.8
29  We       1123 0128  0.2 0747  1.9 1358  0.4 2000  1.8
30  Th       1123 0214  0.2 0834  1.9 1446  0.4 2047  1.8
 1  Fr       1223 0258  0.2 0918  1.9 1533  0.4 2132  1.7
 2  Sa       1223 0342  0.3 1003  1.8 1619  0.5 2217  1.7
 3  Su       1223 0425  0.4 1047  1.8 1705  0.5 2302  1.6
 4  Mo       1223 0509  0.4 1131  1.7 1751  0.5 2349  1.6
 5  Tu       1223 0556  0.5 1217  1.7 1838  0.6 9999  9.9
 6  We       1223 0038  1.5 0645  0.5 1304  1.6 1926  0.6
 7  Th       1223 0131  1.5 0737  0.6 1352  1.6 2016  0.6
 8  Fr       1223 0225  1.5 0830  0.6 1441  1.6 2105  0.5
 9  Sa       1223 0320  1.5 0923  0.6 1529  1.6 2155  0.5
10  Su       1223 0413  1.6 1014  0.6 1617  1.6 2243  0.4
11  Mo       1223 0503  1.6 1104  0.6 1705  1.7 2330  0.4
12  Tu       1223 0551  1.7 1152  0.5 1753  1.7 9999  9.9
13  We       1223 0017  0.3 0637  1.8 1241  0.5 1841  1.8
14  Th       1223 0103  0.2 0723  1.9 1330  0.4 1930  1.8
15  Fr       1223 0149  0.2 0811  1.9 1420  0.4 2020  1.8
16  Sa       1223 0237  0.2 0859  2.0 1511  0.3 2111  1.8
17  Su       1223 0326  0.2 0948  2.0 1603  0.3 2203  1.8
18  Mo       1223 0416  0.2 1040  2.0 1656  0.3 2257  1.8
19  Tu       1223 0509  0.2 1132  1.9 1751  0.3 2353  1.8
20  We       1223 0605  0.3 1227  1.9 1846  0.3 9999  9.9
21  Th       1223 0052  1.7 0703  0.4 1322  1.9 1943  0.3
22  Fr       1223 0154  1.7 0804  0.4 1418  1.8 2040  0.3
23  Sa       1223 0256  1.7 0905  0.4 1515  1.8 2138  0.3
24  Su       1223 0358  1.7 1006  0.5 1612  1.8 2234  0.3
25  Mo       1223 0457  1.8 1104  0.5 1707  1.7 2328  0.3
26  Tu       1223 0551  1.8 1159  0.5 1801  1.7 9999  9.9
27  We       1223 0019  0.3 0642  1.8 1251  0.5 1852  1.7
28  Th       1223 0107  0.3 0729  1.8 1340  0.5 1940  1.7
29  Fr       1223 0152  0.3 0813  1.8 1426  0.5 2026  1.7
30  Sa       1223 0235  0.3 0855  1.8 1511  0.5 2109  1.7
31  Su       1223 0316  0.3 0936  1.8 1553  0.5 2151  1.6
 1  Mo        124 0357  0.4 1016  1.8 1634  0.5 2232  1.6
 2  Tu        124 0438  0.4 1056  1.7 1715  0.5 2315  1.6
 3  We        124 0520  0.5 1137  1.7 1757  0.5 2359  1.6
 4  Th        124 0604  0.5 1220  1.7 1841  0.5 9999  9.9
 5  Fr        124 0047  1.5 0652  0.6 1304  1.6 1927  0.5
 6  Sa        124 0138  1.5 0742  0.6 1351  1.6 2016  0.5
 7  Su        124 0233  1.5 0836  0.6 1440  1.6 2107  0.5
 8  Mo        124 0329  1.6 0930  0.6 1532  1.6 2200  0.4
 9  Tu        124 0424  1.6 1025  0.6 1625  1.7 2253  0.4
10  We        124 0517  1.7 1120  0.5 1720  1.7 2346  0.3
11  Th        124 0609  1.8 1214  0.5 1815  1.8 9999  9.9
12  Fr        124 0037  0.2 0659  1.9 1308  0.4 1910  1.8
13  Sa        124 0128  0.2 0749  2.0 1401  0.3 2003  1.9
14  Su        124 0218  0.1 0840  2.0 1454  0.2 2056  1.9
15  Mo        124 0309  0.1 0930  2.0 1546  0.2 2149  1.9
16  Tu        124 0400  0.1 1021  2.0 1638  0.2 2242  1.9
17  We        124 0453  0.2 1113  2.0 1731  0.2 2337  1.8
18  Th        124 0548  0.3 1205  1.9 1824  0.2 9999  9.9
19  Fr        124 0034  1.8 0644  0.4 1259  1.9 1919  0.3
20  Sa        124 0133  1.7 0744  0.4 1354  1.8 2015  0.3
21  Su        124 0235  1.7 0844  0.5 1451  1.7 2113  0.4
22  Mo        124 0337  1.7 0946  0.5 1549  1.7 2211  0.4
23  Tu        124 0437  1.7 1045  0.5 1647  1.6 2307  0.4
24  We        124 0532  1.7 1141  0.5 1742  1.6 2359  0.4
25  Th        124 0622  1.7 1233  0.5 1834  1.6 9999  9.9
26  Fr        124 0047  0.4 0708  1.8 1321  0.5 1921  1.6
27  Sa        124 0130  0.4 0750  1.8 1404  0.5 2004  1.7
28  Su        124 0211  0.4 0830  1.8 1445  0.5 2045  1.7
29  Mo        124 0251  0.4 0908  1.8 1524  0.5 2124  1.7
30  Tu        124 0329  0.4 0945  1.8 1602  0.5 2202  1.7
31  We        124 0407  0.4 1022  1.7 1639  0.5 2242  1.6
 1  Th        224 0447  0.5 1100  1.7 1718  0.5 2323  1.6
 2  Fr        224 0528  0.5 1139  1.7 1759  0.5 9999  9.9
 3  Sa        224 0007  1.6 0613  0.5 1221  1.7 1842  0.5
 4  Su        224 0056  1.6 0701  0.6 1307  1.6 1931  0.5
 5  Mo        224 0149  1.6 0754  0.6 1357  1.6 2024  0.5
 6  Tu        224 0247  1.6 0852  0.6 1453  1.6 2121  0.4
 7  We        224 0347  1.6 0951  0.6 1552  1.7 2220  0.4
 8  Th        224 0445  1.7 1051  0.5 1653  1.7 2317  0.3
 9  Fr        224 0540  1.8 1149  0.4 1753  1.8 9999  9.9
10  Sa        224 0013  0.2 0634  1.9 1246  0.3 1850  1.9
11  Su        224 0106  0.1 0726  2.0 1340  0.2 1945  1.9
12  Mo        224 0159  0.1 0818  2.1 1433  0.2 2039  2.0
13  Tu        224 0251  0.1 0909  2.1 1525  0.1 2132  2.0
14  We        224 0342  0.1 1000  2.1 1616  0.1 2224  1.9
15  Th        224 0435  0.2 1051  2.0 1708  0.1 2318  1.9
16  Fr        224 0529  0.3 1142  1.9 1759  0.2 9999  9.9
17  Sa        224 0013  1.8 0624  0.4 1235  1.8 1853  0.3
18  Su        224 0111  1.8 0723  0.5 1330  1.7 1949  0.4
19  Mo        224 0211  1.7 0823  0.5 1427  1.7 2047  0.4
20  Tu        224 0313  1.7 0924  0.6 1527  1.6 2147  0.4
21  We        224 0413  1.7 1024  0.6 1626  1.6 2244  0.5
22  Th        224 0508  1.7 1120  0.6 1722  1.6 2336  0.4
23  Fr        224 0557  1.7 1210  0.6 1813  1.6 9999  9.9
24  Sa        224 0023  0.4 0641  1.7 1255  0.5 1858  1.6
25  Su        224 0106  0.4 0722  1.7 1337  0.5 1940  1.7
26  Mo        224 0145  0.4 0800  1.7 1415  0.5 2018  1.7
27  Tu        224 0223  0.4 0836  1.7 1452  0.4 2056  1.7
28  We        224 0301  0.4 0912  1.7 1528  0.4 2133  1.7
29  Th        224 0338  0.4 0948  1.7 1604  0.4 2211  1.7
 1  Fr        324 0416  0.5 1025  1.7 1642  0.4 2251  1.7
 2  Sa        324 0457  0.5 1104  1.7 1722  0.4 2334  1.6
 3  Su        324 0541  0.5 1146  1.7 1805  0.4 9999  9.9
 4  Mo        324 0022  1.6 0629  0.6 1232  1.6 1854  0.4
 5  Tu        324 0115  1.6 0723  0.6 1325  1.6 1949  0.4
 6  We        324 0214  1.6 0822  0.6 1423  1.6 2049  0.4
 7  Th        324 0315  1.7 0924  0.5 1526  1.7 2151  0.4
 8  Fr        324 0415  1.8 1026  0.5 1630  1.7 2252  0.3
 9  Sa        324 0512  1.8 1125  0.4 1732  1.8 2349  0.2
10  Su        324 0608  1.9 1222  0.3 1830  1.9 9999  9.9
11  Mo        324 0044  0.2 0701  2.0 1317  0.2 1926  2.0
12  Tu        324 0138  0.1 0753  2.1 1410  0.1 2019  2.0
13  We        324 0230  0.1 0845  2.1 1501  0.1 2111  2.0
14  Th        324 0322  0.1 0936  2.0 1552  0.1 2203  2.0
15  Fr        324 0415  0.2 1027  2.0 1642  0.1 2256  1.9
16  Sa        324 0509  0.3 1118  1.9 1733  0.2 2350  1.8
17  Su        324 0604  0.4 1211  1.8 1826  0.3 9999  9.9
18  Mo        324 0046  1.8 0701  0.5 1305  1.7 1921  0.4
19  Tu        324 0145  1.7 0800  0.5 1403  1.6 2019  0.5
20  We        324 0244  1.6 0900  0.6 1502  1.5 2118  0.5
21  Th        324 0342  1.6 0957  0.6 1602  1.5 2215  0.5
22  Fr        324 0436  1.6 1051  0.6 1657  1.5 2307  0.5
23  Sa        324 0524  1.6 1139  0.6 1746  1.6 2354  0.5
24  Su        324 0607  1.7 1223  0.5 1830  1.6 9999  9.9
25  Mo        324 0036  0.5 0647  1.7 1303  0.5 1911  1.7
26  Tu        324 0116  0.4 0725  1.7 1341  0.4 1949  1.7
27  We        324 0154  0.4 0801  1.7 1417  0.4 2026  1.7
28  Th        324 0231  0.4 0838  1.7 1454  0.4 2104  1.7
29  Fr        324 0309  0.4 0915  1.7 1531  0.4 2142  1.7
30  Sa        324 0349  0.5 0953  1.7 1609  0.4 2223  1.7
31  Su        324 0431  0.5 1034  1.7 1651  0.4 2307  1.7
 1  Mo        424 0517  0.5 1118  1.7 1736  0.4 2356  1.7
 2  Tu        424 0607  0.5 1208  1.7 1826  0.4 9999  9.9
 3  We        424 0050  1.7 0702  0.5 1302  1.6 1922  0.4
 4  Th        424 0148  1.7 0801  0.5 1403  1.6 2024  0.4
 5  Fr        424 0248  1.7 0902  0.5 1507  1.7 2127  0.4
 6  Sa        424 0348  1.8 1003  0.4 1611  1.7 2228  0.3
 7  Su        424 0445  1.9 1102  0.3 1713  1.8 2326  0.3
 8  Mo        424 0541  1.9 1158  0.2 1810  1.9 9999  9.9
 9  Tu        424 0022  0.2 0635  2.0 1252  0.1 1905  2.0
10  We        424 0116  0.2 0728  2.0 1345  0.1 1958  2.0
11  Th        424 0209  0.2 0819  2.0 1436  0.1 2050  2.0
12  Fr        424 0302  0.2 0911  2.0 1526  0.1 2141  2.0
13  Sa        424 0354  0.3 1002  1.9 1615  0.2 2233  1.9
14  Su        424 0448  0.3 1053  1.8 1705  0.3 2325  1.8
15  Mo        424 0542  0.4 1145  1.7 1757  0.4 9999  9.9
16  Tu        424 0019  1.8 0637  0.5 1239  1.6 1850  0.4
17  We        424 0114  1.7 0733  0.5 1335  1.6 1946  0.5
18  Th        424 0210  1.6 0829  0.6 1433  1.5 2044  0.5
19  Fr        424 0304  1.6 0923  0.6 1530  1.5 2139  0.6
20  Sa        424 0355  1.6 1014  0.6 1624  1.5 2231  0.6
21  Su        424 0442  1.6 1101  0.5 1713  1.6 2318  0.5
22  Mo        424 0526  1.6 1144  0.5 1757  1.6 9999  9.9
23  Tu        424 0001  0.5 0607  1.7 1225  0.5 1839  1.7
24  We        424 0042  0.5 0646  1.7 1304  0.4 1918  1.7
25  Th        424 0122  0.5 0725  1.7 1343  0.4 1957  1.7
26  Fr        424 0202  0.5 0804  1.7 1421  0.3 2036  1.8
27  Sa        424 0243  0.5 0844  1.7 1501  0.3 2117  1.8
28  Su        424 0325  0.5 0926  1.7 1542  0.3 2200  1.8
29  Mo        424 0411  0.5 1011  1.7 1626  0.3 2247  1.8
30  Tu        424 0459  0.5 1059  1.7 1714  0.4 2337  1.8
 1  We        524 0551  0.5 1151  1.7 1806  0.4 9999  9.9
 2  Th        524 0030  1.8 0646  0.5 1247  1.7 1903  0.4
 3  Fr        524 0127  1.8 0744  0.4 1348  1.7 2004  0.4
 4  Sa        524 0225  1.8 0843  0.4 1451  1.7 2106  0.4
 5  Su        524 0323  1.8 0941  0.3 1554  1.8 2206  0.3
 6  Mo        524 0420  1.9 1039  0.2 1654  1.8 2304  0.3
 7  Tu        524 0515  1.9 1134  0.2 1751  1.9 9999  9.9
 8  We        524 0001  0.3 0609  1.9 1228  0.1 1845  2.0
 9  Th        524 0055  0.3 0703  1.9 1320  0.1 1938  2.0
10  Fr        524 0149  0.3 0755  1.9 1411  0.1 2029  2.0
11  Sa        524 0241  0.3 0847  1.9 1500  0.2 2119  1.9
12  Su        524 0334  0.3 0937  1.8 1549  0.2 2209  1.9
13  Mo        524 0426  0.4 1028  1.7 1637  0.3 2259  1.8
14  Tu        524 0517  0.4 1118  1.7 1726  0.4 2349  1.8
15  We        524 0609  0.5 1210  1.6 1817  0.5 9999  9.9
16  Th        524 0040  1.7 0700  0.5 1302  1.5 1910  0.5
17  Fr        524 0130  1.6 0751  0.6 1357  1.5 2004  0.6
18  Sa        524 0220  1.6 0841  0.6 1451  1.5 2057  0.6
19  Su        524 0309  1.6 0930  0.5 1544  1.5 2149  0.6
20  Mo        524 0356  1.6 1017  0.5 1634  1.6 2237  0.6
21  Tu        524 0441  1.6 1103  0.5 1720  1.6 2323  0.6
22  We        524 0524  1.6 1146  0.4 1804  1.7 9999  9.9
23  Th        524 0007  0.5 0607  1.7 1228  0.4 1846  1.7
24  Fr        524 0050  0.5 0650  1.7 1310  0.3 1928  1.8
25  Sa        524 0133  0.5 0733  1.7 1351  0.3 2011  1.8
26  Su        524 0218  0.5 0818  1.7 1434  0.3 2054  1.8
27  Mo        524 0305  0.4 0904  1.7 1519  0.3 2140  1.8
28  Tu        524 0353  0.4 0953  1.7 1606  0.3 2229  1.8
29  We        524 0444  0.4 1043  1.7 1656  0.3 2320  1.8
30  Th        524 0537  0.4 1137  1.7 1749  0.3 9999  9.9
31  Fr        524 0013  1.8 0631  0.4 1234  1.7 1846  0.4
 1  Sa        624 0108  1.8 0727  0.3 1334  1.7 1946  0.4
 2  Su        624 0203  1.8 0823  0.3 1435  1.7 2046  0.4
 3  Mo        624 0300  1.8 0920  0.3 1536  1.8 2146  0.4
 4  Tu        624 0356  1.8 1017  0.2 1636  1.8 2245  0.4
 5  We        624 0452  1.9 1112  0.2 1733  1.9 2342  0.4
 6  Th        624 0547  1.8 1206  0.2 1827  1.9 9999  9.9
 7  Fr        624 0037  0.4 0641  1.8 1258  0.2 1918  1.9
 8  Sa        624 0130  0.4 0733  1.8 1347  0.2 2008  1.9
 9  Su        624 0222  0.4 0824  1.8 1436  0.2 2056  1.9
10  Mo        624 0312  0.4 0914  1.7 1523  0.3 2143  1.9
11  Tu        624 0401  0.4 1002  1.7 1609  0.3 2230  1.8
12  We        624 0449  0.5 1049  1.6 1655  0.4 2315  1.8
13  Th        624 0536  0.5 1137  1.6 1742  0.5 9999  9.9
14  Fr        624 0001  1.7 0622  0.5 1225  1.6 1830  0.5
15  Sa        624 0047  1.7 0709  0.5 1316  1.5 1921  0.6
16  Su        624 0134  1.6 0756  0.5 1408  1.5 2013  0.6
17  Mo        624 0221  1.6 0844  0.5 1501  1.5 2104  0.6
18  Tu        624 0308  1.6 0932  0.5 1552  1.6 2155  0.6
19  We        624 0355  1.6 1020  0.5 1642  1.6 2244  0.6
20  Th        624 0442  1.6 1107  0.4 1729  1.7 2332  0.6
21  Fr        624 0530  1.7 1153  0.4 1815  1.7 9999  9.9
22  Sa        624 0019  0.5 0618  1.7 1239  0.3 1900  1.8
23  Su        624 0107  0.5 0706  1.7 1325  0.3 1946  1.8
24  Mo        624 0156  0.4 0755  1.8 1412  0.2 2033  1.9
25  Tu        624 0245  0.4 0845  1.8 1459  0.2 2121  1.9
26  We        624 0336  0.3 0936  1.8 1548  0.2 2210  1.9
27  Th        624 0427  0.3 1029  1.8 1640  0.3 2301  1.9
28  Fr        624 0519  0.3 1123  1.8 1733  0.3 2354  1.9
29  Sa        624 0613  0.3 1219  1.8 1830  0.3 9999  9.9
30  Su        624 0047  1.9 0707  0.3 1318  1.8 1928  0.4
