323Mana
Based on data from 22-Jul-2011
Local Std Time, tidal heights in metres.
 1  Th        115 0652  1.3 1308  0.9 1900  1.4 9999  9.9
 2  Fr        115 0143  0.9 0802  1.4 1408  0.8 2002  1.4
 3  Sa        115 0249  0.8 0853  1.5 1454  0.7 2053  1.5
 4  Su        115 0334  0.8 0935  1.6 1533  0.6 2137  1.5
 5  Mo        115 0409  0.7 1013  1.7 1608  0.6 2218  1.6
 6  Tu        115 0440  0.6 1048  1.7 1641  0.5 2256  1.6
 7  We        115 0508  0.6 1120  1.7 1712  0.5 2331  1.6
 8  Th        115 0534  0.6 1150  1.7 1742  0.5 9999  9.9
 9  Fr        115 0003  1.6 0600  0.6 1219  1.7 1813  0.5
10  Sa        115 0035  1.6 0626  0.6 1248  1.7 1844  0.6
11  Su        115 0106  1.6 0652  0.6 1317  1.6 1917  0.6
12  Mo        115 0138  1.5 0721  0.6 1349  1.5 1953  0.7
13  Tu        115 0213  1.5 0754  0.7 1428  1.5 2035  0.7
14  We        115 0252  1.4 0835  0.8 1518  1.4 2127  0.8
15  Th        115 0344  1.3 0936  0.9 1636  1.3 2241  0.9
16  Fr        115 0517  1.3 1147  0.9 1825  1.3 9999  9.9
17  Sa        115 0037  0.9 0719  1.3 1334  0.8 1946  1.4
18  Su        115 0211  0.8 0827  1.4 1433  0.7 2045  1.5
19  Mo        115 0313  0.7 0915  1.6 1519  0.6 2136  1.6
20  Tu        115 0400  0.6 0957  1.7 1601  0.5 2221  1.7
21  We        115 0441  0.5 1037  1.8 1640  0.5 2304  1.7
22  Th        115 0518  0.5 1116  1.9 1719  0.4 2345  1.7
23  Fr        115 0553  0.5 1155  1.9 1756  0.5 9999  9.9
24  Sa        115 0025  1.7 0627  0.5 1233  1.8 1832  0.5
25  Su        115 0104  1.7 0700  0.5 1312  1.7 1906  0.6
26  Mo        115 0142  1.6 0732  0.6 1352  1.6 1939  0.7
27  Tu        115 0220  1.5 0805  0.7 1435  1.5 2012  0.8
28  We        115 0300  1.4 0845  0.8 1527  1.4 2049  0.9
29  Th        115 0355  1.3 1004  0.9 1642  1.3 2139  0.9
30  Fr        115 0607  1.2 1229  0.9 1821  1.3 9999  9.9
31  Sa        115 0052  1.0 0745  1.3 1347  0.9 1941  1.3
 1  Su        215 0253  0.9 0841  1.4 1439  0.8 2039  1.4
 2  Mo        215 0335  0.8 0923  1.5 1520  0.7 2126  1.5
 3  Tu        215 0405  0.7 0959  1.6 1555  0.6 2207  1.6
 4  We        215 0431  0.6 1032  1.7 1628  0.5 2243  1.6
 5  Th        215 0457  0.6 1103  1.8 1659  0.5 2316  1.7
 6  Fr        215 0521  0.5 1132  1.8 1728  0.5 2346  1.7
 7  Sa        215 0544  0.5 1200  1.8 1757  0.5 9999  9.9
 8  Su        215 0016  1.7 0607  0.5 1227  1.7 1825  0.5
 9  Mo        215 0044  1.7 0631  0.5 1255  1.7 1855  0.5
10  Tu        215 0114  1.6 0656  0.6 1325  1.6 1925  0.6
11  We        215 0144  1.6 0724  0.6 1359  1.5 1959  0.7
12  Th        215 0218  1.5 0757  0.7 1440  1.4 2040  0.8
13  Fr        215 0258  1.4 0843  0.8 1537  1.3 2135  0.9
14  Sa        215 0401  1.3 1017  0.9 1722  1.3 2320  0.9
15  Su        215 0632  1.3 1259  0.9 1919  1.3 9999  9.9
16  Mo        215 0146  0.9 0804  1.4 1414  0.8 2031  1.4
17  Tu        215 0259  0.8 0857  1.6 1506  0.6 2124  1.5
18  We        215 0348  0.6 0941  1.7 1550  0.5 2209  1.7
19  Th        215 0427  0.5 1021  1.8 1630  0.5 2251  1.7
20  Fr        215 0503  0.5 1100  1.9 1708  0.4 2330  1.8
21  Sa        215 0537  0.4 1138  1.9 1744  0.4 9999  9.9
22  Su        215 0008  1.8 0609  0.4 1215  1.9 1818  0.5
23  Mo        215 0044  1.7 0640  0.5 1252  1.8 1848  0.6
24  Tu        215 0118  1.6 0709  0.6 1328  1.7 1915  0.6
25  We        215 0151  1.5 0737  0.7 1406  1.5 1940  0.7
26  Th        215 0221  1.4 0808  0.8 1446  1.4 2009  0.8
27  Fr        215 0248  1.3 0856  0.9 1541  1.3 2047  0.9
28  Sa        215 0324  1.2 1139  1.0 1732  1.2 2147  1.0
 1  Su        315 0724  1.2 1320  0.9 1918  1.2 9999  9.9
 2  Mo        315 0249  1.0 0824  1.4 1419  0.8 2023  1.3
 3  Tu        315 0322  0.9 0905  1.5 1501  0.7 2110  1.4
 4  We        315 0348  0.7 0939  1.6 1537  0.6 2149  1.6
 5  Th        315 0412  0.6 1011  1.7 1610  0.5 2223  1.6
 6  Fr        315 0436  0.6 1041  1.7 1640  0.5 2255  1.7
 7  Sa        315 0500  0.5 1109  1.8 1709  0.5 2324  1.7
 8  Su        315 0522  0.5 1137  1.8 1738  0.5 2353  1.7
 9  Mo        315 0545  0.5 1204  1.7 1805  0.5 9999  9.9
10  Tu        315 0021  1.7 0608  0.5 1232  1.7 1834  0.5
11  We        315 0050  1.7 0632  0.5 1303  1.6 1903  0.6
12  Th        315 0121  1.6 0659  0.6 1336  1.6 1934  0.6
13  Fr        315 0153  1.6 0730  0.7 1415  1.5 2012  0.7
14  Sa        315 0231  1.5 0814  0.8 1509  1.4 2102  0.8
15  Su        315 0327  1.3 0935  0.9 1644  1.3 2232  0.9
16  Mo        315 0545  1.3 1222  0.9 1854  1.3 9999  9.9
17  Tu        315 0114  0.9 0736  1.4 1352  0.8 2011  1.4
18  We        315 0236  0.8 0833  1.5 1448  0.7 2106  1.5
19  Th        315 0326  0.6 0918  1.7 1534  0.6 2151  1.7
20  Fr        315 0405  0.5 0959  1.8 1615  0.5 2232  1.7
21  Sa        315 0441  0.5 1039  1.9 1652  0.5 2310  1.8
22  Su        315 0515  0.4 1116  1.9 1727  0.5 2346  1.8
23  Mo        315 0547  0.4 1153  1.8 1759  0.5 9999  9.9
24  Tu        315 0021  1.7 0617  0.5 1229  1.8 1827  0.6
25  We        315 0054  1.7 0645  0.6 1305  1.6 1852  0.6
26  Th        315 0124  1.6 0712  0.7 1340  1.5 1916  0.7
27  Fr        315 0152  1.5 0742  0.8 1416  1.4 1944  0.8
28  Sa        315 0216  1.4 0826  0.9 1501  1.3 2022  0.9
29  Su        315 0242  1.2 1017  1.0 1629  1.2 2119  1.0
30  Mo        315 0645  1.2 1239  0.9 1843  1.2 9999  9.9
31  Tu        315 0128  1.0 0752  1.3 1345  0.8 1954  1.3
 1  We        415 0240  0.9 0835  1.5 1431  0.7 2043  1.4
 2  Th        415 0314  0.8 0911  1.6 1510  0.6 2122  1.5
 3  Fr        415 0342  0.7 0943  1.7 1544  0.6 2157  1.6
 4  Sa        415 0407  0.6 1013  1.7 1616  0.5 2229  1.7
 5  Su        415 0432  0.5 1042  1.7 1647  0.5 2259  1.7
 6  Mo        415 0456  0.5 1111  1.8 1717  0.5 2329  1.8
 7  Tu        415 0521  0.5 1140  1.7 1746  0.5 2359  1.8
 8  We        415 0546  0.5 1211  1.7 1816  0.5 9999  9.9
 9  Th        415 0030  1.7 0612  0.5 1244  1.6 1847  0.6
10  Fr        415 0102  1.7 0641  0.6 1321  1.6 1920  0.6
11  Sa        415 0137  1.6 0716  0.7 1404  1.5 1959  0.7
12  Su        415 0218  1.5 0803  0.8 1500  1.4 2051  0.8
13  Mo        415 0317  1.4 0924  0.9 1629  1.3 2216  0.9
14  Tu        415 0512  1.3 1145  0.9 1825  1.3 9999  9.9
15  We        415 0036  0.9 0700  1.4 1322  0.8 1944  1.4
16  Th        415 0202  0.8 0803  1.5 1423  0.7 2040  1.5
17  Fr        415 0256  0.7 0851  1.7 1511  0.6 2127  1.6
18  Sa        415 0338  0.6 0934  1.8 1554  0.5 2208  1.7
19  Su        415 0415  0.5 1014  1.8 1632  0.5 2247  1.8
20  Mo        415 0450  0.4 1053  1.8 1707  0.5 2324  1.8
21  Tu        415 0522  0.5 1131  1.8 1739  0.5 2359  1.7
22  We        415 0553  0.5 1207  1.7 1807  0.6 9999  9.9
23  Th        415 0032  1.7 0622  0.6 1243  1.6 1834  0.6
24  Fr        415 0103  1.6 0652  0.6 1318  1.5 1900  0.7
25  Sa        415 0132  1.5 0725  0.7 1355  1.4 1931  0.8
26  Su        415 0202  1.4 0810  0.8 1439  1.3 2011  0.8
27  Mo        415 0241  1.3 0926  0.9 1543  1.2 2106  0.9
28  Tu        415 0521  1.2 1131  0.9 1740  1.2 2248  1.0
29  We        415 0702  1.3 1252  0.9 1908  1.3 9999  9.9
30  Th        415 0132  0.9 0753  1.4 1347  0.8 2004  1.4
 1  Fr        515 0225  0.8 0833  1.5 1432  0.7 2048  1.5
 2  Sa        515 0302  0.7 0908  1.6 1512  0.6 2126  1.6
 3  Su        515 0333  0.6 0941  1.7 1549  0.6 2201  1.7
 4  Mo        515 0402  0.6 1013  1.7 1623  0.5 2234  1.7
 5  Tu        515 0430  0.5 1045  1.7 1657  0.5 2306  1.7
 6  We        515 0458  0.5 1119  1.7 1730  0.5 2339  1.8
 7  Th        515 0527  0.5 1155  1.7 1804  0.5 9999  9.9
 8  Fr        515 0013  1.7 0558  0.5 1232  1.6 1838  0.6
 9  Sa        515 0049  1.7 0632  0.6 1314  1.6 1915  0.6
10  Su        515 0128  1.6 0712  0.7 1400  1.5 1956  0.7
11  Mo        515 0213  1.5 0803  0.7 1457  1.4 2047  0.8
12  Tu        515 0314  1.4 0917  0.8 1614  1.3 2202  0.9
13  We        515 0444  1.4 1103  0.8 1750  1.3 2355  0.9
14  Th        515 0620  1.4 1241  0.8 1911  1.4 9999  9.9
15  Fr        515 0124  0.8 0728  1.5 1350  0.7 2012  1.5
16  Sa        515 0223  0.7 0821  1.6 1444  0.7 2101  1.6
17  Su        515 0309  0.6 0907  1.7 1530  0.6 2145  1.7
18  Mo        515 0349  0.5 0950  1.7 1611  0.6 2225  1.7
19  Tu        515 0425  0.5 1031  1.7 1648  0.6 2303  1.7
20  We        515 0459  0.5 1110  1.7 1721  0.6 2339  1.7
21  Th        515 0532  0.5 1148  1.6 1751  0.6 9999  9.9
22  Fr        515 0013  1.7 0603  0.6 1225  1.6 1819  0.6
23  Sa        515 0045  1.6 0635  0.6 1301  1.5 1848  0.7
24  Su        515 0117  1.5 0711  0.7 1339  1.4 1920  0.7
25  Mo        515 0150  1.5 0754  0.8 1420  1.4 1959  0.8
26  Tu        515 0231  1.4 0851  0.8 1510  1.3 2047  0.8
27  We        515 0336  1.3 1007  0.9 1618  1.3 2155  0.9
28  Th        515 0537  1.3 1134  0.9 1754  1.3 2354  0.9
29  Fr        515 0654  1.4 1247  0.8 1913  1.4 9999  9.9
30  Sa        515 0126  0.8 0745  1.4 1345  0.8 2008  1.4
31  Su        515 0217  0.8 0828  1.5 1435  0.7 2053  1.5
 1  Mo        615 0256  0.7 0907  1.6 1520  0.6 2133  1.6
 2  Tu        615 0332  0.6 0945  1.6 1601  0.6 2210  1.7
 3  We        615 0406  0.5 1024  1.7 1640  0.6 2247  1.7
 4  Th        615 0440  0.5 1103  1.7 1718  0.5 2323  1.8
 5  Fr        615 0514  0.5 1143  1.7 1755  0.5 9999  9.9
 6  Sa        615 0000  1.8 0550  0.5 1225  1.6 1831  0.6
 7  Su        615 0039  1.7 0628  0.6 1309  1.6 1909  0.6
 8  Mo        615 0120  1.7 0710  0.6 1355  1.5 1950  0.7
 9  Tu        615 0206  1.6 0759  0.7 1447  1.4 2037  0.7
10  We        615 0302  1.5 0859  0.8 1549  1.4 2139  0.8
11  Th        615 0413  1.4 1016  0.8 1709  1.3 2313  0.8
12  Fr        615 0537  1.4 1149  0.8 1834  1.4 9999  9.9
13  Sa        615 0046  0.8 0651  1.5 1311  0.8 1943  1.4
14  Su        615 0152  0.7 0750  1.5 1416  0.8 2038  1.5
15  Mo        615 0242  0.7 0842  1.6 1509  0.7 2125  1.6
16  Tu        615 0325  0.6 0928  1.6 1553  0.7 2207  1.7
17  We        615 0403  0.6 1011  1.6 1632  0.6 2245  1.7
18  Th        615 0439  0.5 1052  1.6 1705  0.6 2321  1.7
19  Fr        615 0513  0.5 1131  1.6 1736  0.6 2355  1.7
20  Sa        615 0546  0.6 1208  1.6 1805  0.6 9999  9.9
21  Su        615 0028  1.7 0619  0.6 1244  1.6 1834  0.6
22  Mo        615 0100  1.6 0654  0.6 1319  1.5 1905  0.7
23  Tu        615 0132  1.5 0732  0.7 1356  1.5 1939  0.7
24  We        615 0209  1.5 0817  0.7 1436  1.4 2019  0.8
25  Th        615 0254  1.4 0909  0.8 1523  1.4 2110  0.8
26  Fr        615 0356  1.3 1012  0.8 1625  1.3 2224  0.9
27  Sa        615 0526  1.3 1128  0.8 1758  1.3 9999  9.9
28  Su        615 0014  0.9 0646  1.4 1248  0.8 1923  1.4
29  Mo        615 0131  0.8 0746  1.4 1357  0.8 2022  1.5
30  Tu        615 0223  0.7 0837  1.5 1454  0.7 2109  1.6
 1  We        715 0307  0.6 0923  1.6 1543  0.6 2150  1.7
 2  Th        715 0347  0.6 1007  1.6 1626  0.6 2230  1.7
 3  Fr        715 0425  0.5 1051  1.7 1706  0.5 2308  1.8
 4  Sa        715 0503  0.5 1134  1.7 1744  0.5 2347  1.8
 5  Su        715 0542  0.5 1216  1.7 1821  0.5 9999  9.9
 6  Mo        715 0027  1.8 0621  0.5 1259  1.6 1857  0.6
 7  Tu        715 0108  1.7 0702  0.6 1342  1.6 1935  0.6
 8  We        715 0152  1.7 0745  0.6 1427  1.5 2017  0.7
 9  Th        715 0241  1.6 0832  0.7 1517  1.4 2108  0.8
10  Fr        715 0340  1.5 0926  0.8 1622  1.3 2228  0.8
11  Sa        715 0454  1.4 1039  0.9 1753  1.3 9999  9.9
12  Su        715 0011  0.8 0614  1.4 1223  0.9 1918  1.4
13  Mo        715 0126  0.8 0723  1.4 1352  0.9 2020  1.4
14  Tu        715 0221  0.7 0821  1.5 1455  0.8 2109  1.5
15  We        715 0306  0.6 0911  1.5 1542  0.7 2151  1.6
16  Th        715 0345  0.6 0956  1.6 1619  0.7 2229  1.7
17  Fr        715 0421  0.6 1037  1.6 1651  0.6 2304  1.7
18  Sa        715 0455  0.5 1115  1.6 1720  0.6 2336  1.7
19  Su        715 0528  0.5 1150  1.6 1747  0.6 9999  9.9
20  Mo        715 0008  1.7 0559  0.5 1223  1.6 1814  0.6
21  Tu        715 0038  1.7 0632  0.6 1255  1.6 1842  0.6
22  We        715 0108  1.6 0706  0.6 1327  1.6 1912  0.6
23  Th        715 0140  1.6 0742  0.7 1401  1.5 1945  0.7
24  Fr        715 0217  1.5 0824  0.7 1439  1.5 2026  0.8
25  Sa        715 0303  1.4 0913  0.8 1525  1.4 2121  0.8
26  Su        715 0406  1.3 1015  0.8 1634  1.3 2255  0.9
27  Mo        715 0538  1.3 1142  0.9 1830  1.3 9999  9.9
28  Tu        715 0049  0.8 0708  1.4 1322  0.8 1954  1.4
29  We        715 0157  0.8 0813  1.4 1434  0.8 2048  1.5
30  Th        715 0247  0.7 0907  1.5 1528  0.7 2132  1.7
31  Fr        715 0331  0.6 0954  1.6 1612  0.6 2213  1.8
 1  Sa        815 0412  0.5 1039  1.7 1651  0.5 2252  1.8
 2  Su        815 0452  0.5 1121  1.7 1728  0.5 2331  1.9
 3  Mo        815 0530  0.5 1201  1.7 1804  0.5 9999  9.9
 4  Tu        815 0011  1.8 0608  0.5 1241  1.7 1839  0.5
 5  We        815 0050  1.8 0645  0.5 1320  1.6 1913  0.6
 6  Th        815 0131  1.7 0722  0.6 1400  1.6 1949  0.6
 7  Fr        815 0215  1.6 0758  0.7 1441  1.5 2030  0.7
 8  Sa        815 0304  1.5 0838  0.8 1530  1.3 2134  0.8
 9  Su        815 0409  1.4 0927  0.9 1703  1.3 2337  0.9
10  Mo        815 0537  1.3 1058  1.0 1859  1.3 9999  9.9
11  Tu        815 0107  0.8 0702  1.3 1340  0.9 2008  1.4
12  We        815 0205  0.8 0807  1.4 1451  0.8 2056  1.5
13  Th        815 0251  0.7 0858  1.5 1532  0.8 2135  1.6
14  Fr        815 0330  0.6 0942  1.5 1604  0.7 2211  1.7
15  Sa        815 0404  0.6 1021  1.6 1633  0.6 2244  1.7
16  Su        815 0437  0.5 1056  1.7 1700  0.5 2314  1.8
17  Mo        815 0508  0.5 1128  1.7 1725  0.5 2344  1.8
18  Tu        815 0538  0.5 1159  1.7 1750  0.5 9999  9.9
19  We        815 0012  1.7 0608  0.5 1229  1.7 1815  0.5
20  Th        815 0040  1.7 0638  0.5 1258  1.6 1842  0.6
21  Fr        815 0110  1.6 0710  0.6 1329  1.6 1910  0.6
22  Sa        815 0143  1.5 0745  0.7 1403  1.5 1944  0.7
23  Su        815 0223  1.5 0827  0.7 1442  1.4 2030  0.8
24  Mo        815 0316  1.4 0920  0.8 1537  1.3 2149  0.9
25  Tu        815 0440  1.3 1043  0.9 1732  1.3 9999  9.9
26  We        815 0011  0.9 0637  1.3 1251  0.9 1928  1.4
27  Th        815 0136  0.8 0756  1.4 1417  0.8 2027  1.5
28  Fr        815 0231  0.7 0853  1.5 1511  0.7 2113  1.7
29  Sa        815 0317  0.6 0940  1.6 1555  0.6 2154  1.8
30  Su        815 0358  0.5 1023  1.7 1633  0.5 2233  1.9
31  Mo        815 0438  0.4 1103  1.8 1709  0.4 2312  1.9
 1  Tu        915 0515  0.4 1142  1.8 1743  0.4 2350  1.9
 2  We        915 0551  0.5 1220  1.8 1816  0.5 9999  9.9
 3  Th        915 0028  1.8 0625  0.5 1256  1.7 1847  0.5
 4  Fr        915 0107  1.7 0656  0.6 1331  1.6 1918  0.6
 5  Sa        915 0146  1.6 0725  0.7 1405  1.5 1952  0.7
 6  Su        915 0229  1.4 0756  0.8 1441  1.4 2041  0.9
 7  Mo        915 0325  1.3 0836  0.9 1543  1.2 2257  0.9
 8  Tu        915 0459  1.2 0937  1.0 1843  1.2 9999  9.9
 9  We        915 0049  0.9 0645  1.3 1335  1.0 1954  1.4
10  Th        915 0151  0.8 0754  1.3 1443  0.9 2039  1.5
11  Fr        915 0235  0.7 0844  1.4 1516  0.8 2116  1.6
12  Sa        915 0312  0.6 0925  1.5 1545  0.7 2149  1.7
13  Su        915 0345  0.5 1001  1.6 1611  0.6 2220  1.8
14  Mo        915 0417  0.5 1034  1.7 1636  0.5 2250  1.8
15  Tu        915 0447  0.5 1105  1.7 1701  0.5 2318  1.8
16  We        915 0516  0.5 1134  1.8 1725  0.5 2345  1.8
17  Th        915 0545  0.5 1203  1.7 1749  0.5 9999  9.9
18  Fr        915 0013  1.7 0613  0.5 1232  1.7 1813  0.5
19  Sa        915 0043  1.6 0643  0.6 1302  1.6 1840  0.6
20  Su        915 0115  1.6 0715  0.6 1334  1.6 1911  0.7
21  Mo        915 0153  1.5 0753  0.7 1411  1.5 1952  0.8
22  Tu        915 0243  1.4 0842  0.8 1502  1.4 2104  0.9
23  We        915 0404  1.3 1002  0.9 1647  1.3 2333  0.9
24  Th        915 0612  1.3 1223  0.9 1859  1.4 9999  9.9
25  Fr        915 0115  0.8 0738  1.4 1357  0.8 2003  1.5
26  Sa        915 0214  0.7 0835  1.5 1451  0.7 2051  1.7
27  Su        915 0301  0.6 0922  1.6 1534  0.5 2132  1.8
28  Mo        915 0343  0.5 1004  1.7 1612  0.4 2212  1.9
29  Tu        915 0422  0.4 1043  1.8 1647  0.4 2251  1.9
30  We        915 0458  0.4 1121  1.8 1720  0.4 2329  1.9
 1  Th       1015 0533  0.5 1157  1.8 1752  0.4 9999  9.9
 2  Fr       1015 0006  1.8 0604  0.5 1232  1.7 1823  0.5
 3  Sa       1015 0043  1.7 0632  0.6 1305  1.6 1852  0.6
 4  Su       1015 0120  1.6 0658  0.7 1336  1.5 1922  0.7
 5  Mo       1015 0159  1.4 0726  0.8 1406  1.4 2003  0.8
 6  Tu       1015 0247  1.3 0803  0.9 1442  1.3 2144  0.9
 7  We       1015 0411  1.2 0859  1.0 1810  1.2 9999  9.9
 8  Th       1015 0021  0.9 0618  1.2 1257  1.0 1929  1.3
 9  Fr       1015 0127  0.8 0732  1.3 1415  0.9 2014  1.5
10  Sa       1015 0212  0.7 0822  1.4 1450  0.8 2050  1.6
11  Su       1015 0249  0.6 0902  1.5 1519  0.7 2123  1.7
12  Mo       1015 0323  0.6 0937  1.6 1546  0.6 2154  1.7
13  Tu       1015 0355  0.5 1010  1.7 1612  0.5 2224  1.8
14  We       1015 0426  0.5 1041  1.8 1637  0.5 2252  1.8
15  Th       1015 0456  0.5 1110  1.8 1701  0.5 2321  1.7
16  Fr       1015 0525  0.5 1140  1.8 1726  0.5 2351  1.7
17  Sa       1015 0555  0.5 1210  1.7 1752  0.5 9999  9.9
18  Su       1015 0022  1.6 0625  0.6 1241  1.7 1819  0.6
19  Mo       1015 0056  1.6 0657  0.6 1315  1.6 1851  0.6
20  Tu       1015 0136  1.5 0734  0.7 1353  1.5 1933  0.7
21  We       1015 0227  1.4 0821  0.8 1445  1.4 2042  0.8
22  Th       1015 0344  1.3 0935  0.9 1618  1.3 2249  0.9
23  Fr       1015 0542  1.3 1148  0.9 1822  1.4 9999  9.9
24  Sa       1015 0047  0.8 0713  1.4 1329  0.8 1934  1.5
25  Su       1015 0153  0.7 0813  1.5 1427  0.7 2025  1.6
26  Mo       1015 0243  0.6 0901  1.6 1511  0.6 2109  1.8
27  Tu       1015 0326  0.5 0944  1.7 1550  0.5 2150  1.8
28  We       1015 0406  0.5 1024  1.8 1626  0.4 2230  1.8
29  Th       1015 0443  0.5 1101  1.8 1700  0.4 2309  1.8
30  Fr       1015 0517  0.5 1138  1.8 1732  0.5 2347  1.7
31  Sa       1015 0548  0.6 1212  1.7 1803  0.5 9999  9.9
 1  Su       1115 0024  1.6 0616  0.6 1245  1.6 1832  0.6
 2  Mo       1115 0100  1.5 0642  0.7 1316  1.5 1904  0.7
 3  Tu       1115 0138  1.4 0710  0.8 1347  1.4 1944  0.8
 4  We       1115 0221  1.3 0746  0.8 1424  1.3 2050  0.9
 5  Th       1115 0323  1.2 0837  0.9 1634  1.2 2311  0.9
 6  Fr       1115 0518  1.2 1010  1.0 1844  1.3 9999  9.9
 7  Sa       1115 0042  0.9 0652  1.3 1324  0.9 1938  1.4
 8  Su       1115 0136  0.8 0750  1.4 1414  0.8 2019  1.5
 9  Mo       1115 0220  0.7 0834  1.5 1449  0.7 2054  1.6
10  Tu       1115 0258  0.6 0912  1.6 1520  0.6 2127  1.7
11  We       1115 0334  0.6 0947  1.7 1548  0.5 2159  1.7
12  Th       1115 0408  0.5 1019  1.7 1615  0.5 2230  1.7
13  Fr       1115 0440  0.5 1050  1.8 1642  0.5 2302  1.7
14  Sa       1115 0512  0.5 1122  1.8 1710  0.5 2335  1.7
15  Su       1115 0544  0.5 1154  1.7 1739  0.5 9999  9.9
16  Mo       1115 0010  1.6 0616  0.6 1228  1.7 1809  0.6
17  Tu       1115 0048  1.6 0650  0.6 1304  1.6 1844  0.6
18  We       1115 0131  1.5 0727  0.7 1345  1.6 1928  0.7
19  Th       1115 0221  1.4 0812  0.8 1437  1.5 2029  0.8
20  Fr       1115 0327  1.3 0915  0.8 1553  1.4 2201  0.8
21  Sa       1115 0502  1.3 1102  0.9 1738  1.4 9999  9.9
22  Su       1115 0000  0.8 0639  1.3 1254  0.8 1859  1.5
23  Mo       1115 0124  0.8 0747  1.4 1400  0.7 1957  1.6
24  Tu       1115 0223  0.7 0840  1.6 1449  0.6 2046  1.7
25  We       1115 0311  0.6 0925  1.7 1531  0.5 2130  1.7
26  Th       1115 0354  0.6 1007  1.7 1608  0.5 2212  1.7
27  Fr       1115 0432  0.6 1045  1.8 1643  0.5 2253  1.7
28  Sa       1115 0507  0.6 1122  1.8 1717  0.5 2332  1.7
29  Su       1115 0538  0.6 1157  1.7 1749  0.5 9999  9.9
30  Mo       1115 0009  1.6 0606  0.6 1230  1.7 1820  0.6
 1  Tu       1215 0046  1.5 0633  0.7 1302  1.6 1852  0.7
 2  We       1215 0122  1.5 0701  0.7 1334  1.5 1929  0.8
 3  Th       1215 0201  1.4 0735  0.8 1410  1.4 2018  0.8
 4  Fr       1215 0245  1.3 0817  0.8 1503  1.3 2128  0.9
 5  Sa       1215 0348  1.3 0916  0.9 1706  1.3 2309  0.9
 6  Su       1215 0532  1.3 1125  0.9 1842  1.3 9999  9.9
 7  Mo       1215 0038  0.9 0703  1.3 1324  0.9 1938  1.4
 8  Tu       1215 0140  0.8 0802  1.4 1415  0.8 2021  1.5
 9  We       1215 0231  0.7 0846  1.5 1453  0.7 2100  1.5
10  Th       1215 0314  0.6 0925  1.6 1526  0.6 2137  1.6
11  Fr       1215 0353  0.6 1000  1.7 1557  0.6 2213  1.7
12  Sa       1215 0430  0.5 1034  1.7 1629  0.5 2249  1.7
13  Su       1215 0504  0.5 1108  1.8 1700  0.5 2326  1.7
14  Mo       1215 0538  0.5 1143  1.8 1732  0.5 9999  9.9
15  Tu       1215 0005  1.7 0612  0.5 1219  1.8 1806  0.5
16  We       1215 0045  1.6 0646  0.6 1257  1.7 1843  0.6
17  Th       1215 0127  1.6 0721  0.6 1338  1.6 1925  0.6
18  Fr       1215 0212  1.5 0801  0.7 1426  1.5 2014  0.7
19  Sa       1215 0305  1.4 0851  0.8 1527  1.5 2118  0.8
20  Su       1215 0416  1.3 1011  0.9 1650  1.4 2249  0.9
21  Mo       1215 0553  1.3 1212  0.9 1818  1.4 9999  9.9
22  Tu       1215 0042  0.9 0719  1.4 1333  0.8 1928  1.5
23  We       1215 0204  0.8 0822  1.5 1430  0.7 2025  1.5
24  Th       1215 0303  0.7 0911  1.6 1515  0.6 2114  1.6
25  Fr       1215 0349  0.7 0954  1.7 1555  0.5 2159  1.6
26  Sa       1215 0428  0.6 1033  1.7 1631  0.5 2241  1.7
27  Su       1215 0501  0.6 1109  1.7 1705  0.5 2321  1.7
28  Mo       1215 0531  0.6 1144  1.7 1737  0.5 2358  1.6
29  Tu       1215 0558  0.6 1217  1.7 1808  0.6 9999  9.9
30  We       1215 0033  1.6 0623  0.6 1248  1.6 1840  0.6
31  Th       1215 0106  1.5 0650  0.6 1318  1.6 1913  0.7
