206Mapua
Based on data from  1-Jul-1990
Local Std Time, tidal heights in metres.
 1  Sa        723 0139  1.3 0754  3.5 1404  1.1 2034  3.7
 2  Su        723 0240  1.1 0853  3.6 1506  1.0 2131  3.9
 3  Mo        723 0335  0.9 0949  3.7 1601  0.8 2222  4.0
 4  Tu        723 0425  0.8 1042  3.8 1650  0.6 2309  4.1
 5  We        723 0512  0.7 1134  3.8 1735  0.5 2356  4.2
 6  Th        723 0557  0.7 1224  3.8 1818  0.6 9999  9.9
 7  Fr        723 0042  4.1 0641  0.7 1314  3.8 1902  0.7
 8  Sa        723 0129  4.0 0727  0.8 1403  3.8 1947  0.8
 9  Su        723 0219  3.9 0816  0.9 1453  3.7 2036  1.0
10  Mo        723 0311  3.8 0909  1.1 1544  3.6 2135  1.2
11  Tu        723 0407  3.7 1008  1.2 1638  3.5 2242  1.3
12  We        723 0504  3.6 1109  1.3 1739  3.5 2350  1.4
13  Th        723 0603  3.5 1209  1.3 1845  3.5 9999  9.9
14  Fr        723 0055  1.4 0703  3.5 1311  1.3 1949  3.5
15  Sa        723 0155  1.3 0800  3.5 1414  1.3 2045  3.6
16  Su        723 0249  1.2 0853  3.5 1510  1.2 2133  3.7
17  Mo        723 0336  1.1 0940  3.6 1555  1.1 2214  3.8
18  Tu        723 0416  1.1 1023  3.6 1633  1.0 2253  3.9
19  We        723 0452  1.0 1104  3.6 1706  1.0 2329  3.9
20  Th        723 0526  1.0 1142  3.7 1737  0.9 9999  9.9
21  Fr        723 0003  3.9 0559  1.0 1219  3.6 1808  0.9
22  Sa        723 0037  3.8 0632  1.0 1255  3.6 1840  1.0
23  Su        723 0109  3.7 0708  1.1 1329  3.6 1914  1.1
24  Mo        723 0142  3.6 0745  1.1 1403  3.6 1951  1.2
25  Tu        723 0217  3.5 0827  1.2 1439  3.5 2034  1.3
26  We        723 0259  3.4 0916  1.3 1520  3.5 2129  1.5
27  Th        723 0351  3.3 1013  1.4 1612  3.4 2240  1.6
28  Fr        723 0456  3.3 1117  1.4 1723  3.3 2356  1.5
29  Sa        723 0609  3.3 1225  1.4 1853  3.4 9999  9.9
30  Su        723 0110  1.4 0725  3.4 1339  1.2 2012  3.6
31  Mo        723 0219  1.2 0835  3.6 1449  1.0 2114  3.9
 1  Tu        823 0319  1.0 0936  3.7 1547  0.8 2205  4.1
 2  We        823 0411  0.7 1030  3.9 1637  0.5 2253  4.2
 3  Th        823 0458  0.6 1120  4.0 1721  0.4 2338  4.3
 4  Fr        823 0542  0.5 1207  4.0 1803  0.4 9999  9.9
 5  Sa        823 0022  4.3 0624  0.5 1253  4.0 1844  0.5
 6  Su        823 0106  4.1 0706  0.7 1337  3.9 1925  0.7
 7  Mo        823 0150  4.0 0749  0.8 1420  3.8 2008  0.9
 8  Tu        823 0237  3.8 0835  1.0 1506  3.6 2059  1.2
 9  We        823 0328  3.6 0926  1.2 1557  3.5 2202  1.4
10  Th        823 0425  3.4 1026  1.4 1700  3.3 2315  1.5
11  Fr        823 0527  3.3 1132  1.5 1813  3.3 9999  9.9
12  Sa        823 0027  1.5 0634  3.3 1243  1.5 1926  3.4
13  Su        823 0133  1.5 0739  3.3 1354  1.5 2027  3.5
14  Mo        823 0229  1.4 0836  3.4 1453  1.3 2115  3.7
15  Tu        823 0317  1.2 0925  3.5 1538  1.2 2155  3.8
16  We        823 0357  1.1 1007  3.6 1614  1.0 2232  3.9
17  Th        823 0431  1.0 1046  3.7 1645  0.9 2306  4.0
18  Fr        823 0503  0.9 1122  3.8 1715  0.8 2339  4.0
19  Sa        823 0535  0.8 1156  3.8 1746  0.8 9999  9.9
20  Su        823 0010  3.9 0607  0.8 1228  3.8 1817  0.8
21  Mo        823 0040  3.8 0641  0.9 1258  3.8 1849  0.9
22  Tu        823 0109  3.7 0716  1.0 1328  3.7 1924  1.0
23  We        823 0140  3.6 0753  1.1 1400  3.6 2002  1.2
24  Th        823 0217  3.5 0837  1.2 1439  3.5 2051  1.4
25  Fr        823 0306  3.3 0931  1.4 1530  3.4 2202  1.6
26  Sa        823 0416  3.2 1040  1.5 1649  3.3 2328  1.6
27  Su        823 0544  3.2 1159  1.5 1834  3.4 9999  9.9
28  Mo        823 0049  1.5 0709  3.3 1321  1.3 1954  3.6
29  Tu        823 0201  1.2 0822  3.6 1434  1.0 2055  3.9
30  We        823 0302  0.9 0922  3.8 1532  0.7 2146  4.2
31  Th        823 0354  0.7 1014  4.0 1620  0.5 2232  4.3
 1  Fr        923 0440  0.5 1100  4.2 1703  0.3 2315  4.4
 2  Sa        923 0523  0.4 1144  4.2 1743  0.3 2356  4.3
 3  Su        923 0603  0.4 1226  4.1 1821  0.5 9999  9.9
 4  Mo        923 0037  4.2 0641  0.6 1306  4.0 1859  0.7
 5  Tu        923 0117  4.0 0720  0.8 1345  3.8 1939  0.9
 6  We        923 0159  3.7 0759  1.0 1424  3.6 2022  1.2
 7  Th        923 0245  3.5 0843  1.3 1510  3.4 2119  1.5
 8  Fr        923 0342  3.3 0937  1.5 1616  3.2 2238  1.7
 9  Sa        923 0450  3.1 1050  1.7 1741  3.2 9999  9.9
10  Su        923 0001  1.7 0605  3.1 1216  1.7 1900  3.2
11  Mo        923 0110  1.6 0717  3.2 1333  1.6 2004  3.4
12  Tu        923 0206  1.4 0817  3.3 1431  1.4 2051  3.6
13  We        923 0252  1.2 0905  3.5 1514  1.2 2130  3.8
14  Th        923 0331  1.1 0946  3.7 1549  1.0 2205  4.0
15  Fr        923 0405  0.9 1022  3.8 1620  0.9 2239  4.0
16  Sa        923 0437  0.8 1057  3.9 1651  0.8 2310  4.0
17  Su        923 0509  0.7 1129  3.9 1722  0.7 2341  4.0
18  Mo        923 0542  0.7 1201  3.9 1754  0.7 9999  9.9
19  Tu        923 0011  3.9 0616  0.7 1230  3.9 1827  0.8
20  We        923 0040  3.7 0650  0.8 1259  3.8 1902  1.0
21  Th        923 0111  3.6 0727  1.0 1331  3.7 1940  1.2
22  Fr        923 0148  3.4 0809  1.2 1410  3.5 2029  1.4
23  Sa        923 0241  3.3 0903  1.4 1505  3.4 2140  1.6
24  Su        923 0400  3.2 1015  1.5 1638  3.3 2309  1.6
25  Mo        923 0533  3.2 1141  1.5 1820  3.4 9999  9.9
26  Tu        923 0031  1.4 0656  3.4 1305  1.3 1934  3.7
27  We        923 0141  1.1 0806  3.6 1415  1.0 2033  4.0
28  Th        923 0241  0.9 0903  3.9 1512  0.7 2122  4.2
29  Fr        923 0333  0.6 0953  4.1 1559  0.5 2207  4.4
30  Sa        923 0419  0.4 1037  4.2 1642  0.4 2249  4.4
 1  Su       1023 0500  0.4 1119  4.2 1721  0.4 2328  4.3
 2  Mo       1023 0539  0.5 1159  4.2 1758  0.5 9999  9.9
 3  Tu       1023 0007  4.1 0615  0.6 1236  4.0 1834  0.7
 4  We       1023 0045  3.9 0651  0.8 1312  3.8 1911  1.0
 5  Th       1023 0124  3.6 0726  1.1 1348  3.6 1951  1.3
 6  Fr       1023 0207  3.4 0805  1.3 1429  3.4 2041  1.6
 7  Sa       1023 0301  3.2 0852  1.6 1530  3.2 2156  1.7
 8  Su       1023 0412  3.1 1000  1.8 1702  3.1 2328  1.7
 9  Mo       1023 0529  3.0 1136  1.8 1823  3.2 9999  9.9
10  Tu       1023 0038  1.6 0643  3.1 1259  1.7 1928  3.3
11  We       1023 0132  1.4 0745  3.3 1357  1.5 2017  3.6
12  Th       1023 0217  1.3 0835  3.5 1441  1.3 2058  3.7
13  Fr       1023 0256  1.1 0917  3.7 1517  1.1 2134  3.9
14  Sa       1023 0333  0.9 0954  3.8 1551  0.9 2208  4.0
15  Su       1023 0408  0.8 1029  3.9 1625  0.8 2241  4.0
16  Mo       1023 0443  0.7 1103  4.0 1659  0.7 2314  3.9
17  Tu       1023 0518  0.6 1137  4.0 1734  0.7 2346  3.8
18  We       1023 0554  0.7 1209  3.9 1809  0.8 9999  9.9
19  Th       1023 0020  3.7 0631  0.8 1241  3.8 1847  1.0
20  Fr       1023 0056  3.5 0710  0.9 1317  3.7 1928  1.1
21  Sa       1023 0141  3.4 0753  1.1 1400  3.6 2019  1.3
22  Su       1023 0241  3.3 0847  1.3 1503  3.4 2129  1.5
23  Mo       1023 0400  3.2 0958  1.5 1637  3.4 2252  1.5
24  Tu       1023 0522  3.3 1123  1.5 1800  3.5 9999  9.9
25  We       1023 0009  1.3 0636  3.4 1243  1.3 1908  3.7
26  Th       1023 0115  1.1 0743  3.7 1351  1.0 2005  3.9
27  Fr       1023 0215  0.9 0840  3.9 1447  0.8 2055  4.1
28  Sa       1023 0308  0.7 0929  4.1 1536  0.6 2141  4.2
29  Su       1023 0355  0.5 1014  4.2 1619  0.5 2223  4.2
30  Mo       1023 0437  0.5 1055  4.2 1659  0.5 2303  4.1
31  Tu       1023 0516  0.6 1134  4.1 1736  0.7 2341  3.9
 1  We       1123 0552  0.7 1211  4.0 1811  0.9 9999  9.9
 2  Th       1123 0019  3.7 0625  0.9 1247  3.8 1847  1.1
 3  Fr       1123 0058  3.5 0659  1.1 1322  3.6 1925  1.3
 4  Sa       1123 0141  3.4 0735  1.3 1402  3.5 2010  1.5
 5  Su       1123 0231  3.2 0817  1.5 1455  3.3 2112  1.7
 6  Mo       1123 0332  3.1 0913  1.7 1613  3.2 2234  1.7
 7  Tu       1123 0441  3.1 1033  1.8 1731  3.2 2345  1.6
 8  We       1123 0551  3.1 1159  1.7 1836  3.3 9999  9.9
 9  Th       1123 0040  1.5 0656  3.2 1304  1.6 1931  3.4
10  Fr       1123 0128  1.3 0752  3.4 1355  1.4 2016  3.6
11  Sa       1123 0213  1.2 0840  3.6 1439  1.2 2057  3.7
12  Su       1123 0256  1.0 0923  3.8 1520  1.0 2135  3.8
13  Mo       1123 0338  0.8 1002  3.9 1559  0.9 2213  3.9
14  Tu       1123 0419  0.7 1041  4.0 1638  0.8 2251  3.8
15  We       1123 0459  0.6 1118  4.0 1717  0.8 2330  3.8
16  Th       1123 0538  0.6 1156  4.0 1756  0.8 9999  9.9
17  Fr       1123 0012  3.7 0618  0.7 1235  3.9 1837  0.9
18  Sa       1123 0057  3.6 0659  0.9 1317  3.8 1922  1.1
19  Su       1123 0147  3.4 0743  1.0 1406  3.7 2013  1.2
20  Mo       1123 0246  3.4 0836  1.2 1509  3.6 2117  1.3
21  Tu       1123 0352  3.4 0942  1.4 1622  3.5 2230  1.3
22  We       1123 0501  3.4 1100  1.4 1733  3.6 2340  1.2
23  Th       1123 0609  3.5 1215  1.3 1837  3.7 9999  9.9
24  Fr       1123 0044  1.1 0714  3.6 1322  1.1 1935  3.8
25  Sa       1123 0144  1.0 0814  3.8 1420  1.0 2027  4.0
26  Su       1123 0241  0.8 0906  4.0 1512  0.8 2115  4.0
27  Mo       1123 0332  0.8 0953  4.0 1558  0.8 2159  4.0
28  Tu       1123 0416  0.7 1035  4.1 1639  0.8 2241  3.9
29  We       1123 0456  0.7 1115  4.0 1717  0.9 2321  3.8
30  Th       1123 0532  0.8 1153  3.9 1753  1.0 9999  9.9
 1  Fr       1223 0001  3.7 0605  0.9 1229  3.8 1828  1.1
 2  Sa       1223 0040  3.5 0637  1.1 1305  3.7 1904  1.2
 3  Su       1223 0122  3.4 0711  1.2 1343  3.6 1945  1.4
 4  Mo       1223 0206  3.3 0749  1.4 1427  3.4 2033  1.5
 5  Tu       1223 0254  3.3 0834  1.5 1521  3.3 2133  1.6
 6  We       1223 0347  3.2 0933  1.7 1625  3.3 2237  1.6
 7  Th       1223 0444  3.2 1045  1.7 1730  3.3 2336  1.5
 8  Fr       1223 0548  3.2 1157  1.7 1830  3.3 9999  9.9
 9  Sa       1223 0030  1.4 0654  3.3 1300  1.5 1924  3.4
10  Su       1223 0123  1.3 0756  3.5 1357  1.4 2015  3.5
11  Mo       1223 0218  1.1 0850  3.6 1448  1.2 2103  3.7
12  Tu       1223 0310  1.0 0937  3.8 1536  1.0 2149  3.7
13  We       1223 0358  0.8 1022  4.0 1621  0.9 2235  3.8
14  Th       1223 0443  0.7 1105  4.0 1704  0.8 2321  3.8
15  Fr       1223 0526  0.6 1147  4.1 1746  0.8 9999  9.9
16  Sa       1223 0008  3.7 0607  0.6 1230  4.0 1829  0.8
17  Su       1223 0056  3.7 0649  0.7 1315  4.0 1914  0.9
18  Mo       1223 0146  3.6 0733  0.8 1403  3.9 2003  1.0
19  Tu       1223 0237  3.6 0822  1.0 1457  3.8 2058  1.1
20  We       1223 0332  3.5 0920  1.2 1557  3.7 2201  1.2
21  Th       1223 0431  3.5 1029  1.3 1700  3.6 2306  1.2
22  Fr       1223 0535  3.5 1142  1.3 1802  3.6 9999  9.9
23  Sa       1223 0009  1.2 0642  3.5 1250  1.3 1903  3.7
24  Su       1223 0112  1.1 0747  3.6 1353  1.2 2000  3.7
25  Mo       1223 0215  1.1 0845  3.7 1450  1.1 2053  3.7
26  Tu       1223 0311  1.0 0935  3.9 1539  1.0 2141  3.7
27  We       1223 0400  0.9 1019  3.9 1622  1.0 2225  3.7
28  Th       1223 0440  0.9 1059  3.9 1701  1.0 2307  3.7
29  Fr       1223 0515  0.9 1136  3.9 1736  1.0 2347  3.6
30  Sa       1223 0547  0.9 1212  3.9 1810  1.1 9999  9.9
31  Su       1223 0025  3.6 0618  1.0 1247  3.8 1844  1.1
 1  Mo        124 0103  3.6 0650  1.0 1322  3.7 1920  1.2
 2  Tu        124 0140  3.5 0724  1.2 1358  3.6 1959  1.3
 3  We        124 0218  3.4 0802  1.3 1437  3.5 2044  1.4
 4  Th        124 0258  3.4 0846  1.4 1522  3.4 2136  1.4
 5  Fr        124 0342  3.3 0943  1.6 1616  3.3 2233  1.5
 6  Sa        124 0435  3.3 1053  1.7 1718  3.3 2333  1.5
 7  Su        124 0542  3.2 1205  1.6 1824  3.3 9999  9.9
 8  Mo        124 0035  1.4 0704  3.3 1314  1.5 1931  3.4
 9  Tu        124 0140  1.3 0817  3.5 1418  1.3 2034  3.5
10  We        124 0245  1.1 0915  3.7 1515  1.1 2130  3.6
11  Th        124 0341  0.9 1005  3.9 1605  0.9 2223  3.8
12  Fr        124 0430  0.6 1051  4.1 1652  0.7 2312  3.9
13  Sa        124 0514  0.5 1135  4.2 1735  0.6 9999  9.9
14  Su        124 0000  3.9 0556  0.4 1219  4.2 1818  0.6
15  Mo        124 0046  3.9 0637  0.5 1302  4.2 1901  0.7
16  Tu        124 0131  3.9 0719  0.6 1347  4.1 1946  0.8
17  We        124 0217  3.8 0803  0.8 1434  3.9 2034  0.9
18  Th        124 0304  3.7 0854  1.1 1526  3.7 2128  1.1
19  Fr        124 0356  3.6 0955  1.3 1624  3.6 2228  1.2
20  Sa        124 0457  3.4 1106  1.4 1726  3.5 2332  1.3
21  Su        124 0609  3.4 1219  1.5 1831  3.4 9999  9.9
22  Mo        124 0040  1.4 0722  3.4 1328  1.4 1936  3.4
23  Tu        124 0152  1.3 0827  3.5 1430  1.3 2035  3.5
24  We        124 0256  1.2 0919  3.7 1523  1.2 2127  3.6
25  Th        124 0346  1.1 1003  3.8 1607  1.1 2212  3.6
26  Fr        124 0426  1.0 1042  3.9 1644  1.0 2253  3.7
27  Sa        124 0459  0.9 1118  4.0 1718  1.0 2331  3.7
28  Su        124 0529  0.9 1152  4.0 1749  0.9 9999  9.9
29  Mo        124 0006  3.7 0558  0.8 1225  3.9 1821  0.9
30  Tu        124 0040  3.7 0628  0.9 1256  3.9 1853  1.0
31  We        124 0112  3.7 0659  0.9 1327  3.8 1928  1.1
 1  Th        224 0144  3.6 0732  1.1 1359  3.6 2005  1.2
 2  Fr        224 0216  3.6 0810  1.2 1434  3.5 2048  1.3
 3  Sa        224 0253  3.5 0855  1.4 1517  3.4 2140  1.4
 4  Su        224 0337  3.3 0957  1.6 1614  3.3 2242  1.5
 5  Mo        224 0439  3.2 1117  1.7 1729  3.2 2352  1.5
 6  Tu        224 0615  3.2 1237  1.6 1852  3.2 9999  9.9
 7  We        224 0109  1.4 0748  3.4 1351  1.4 2010  3.4
 8  Th        224 0224  1.2 0854  3.7 1455  1.2 2114  3.6
 9  Fr        224 0325  0.9 0946  4.0 1549  0.9 2208  3.8
10  Sa        224 0415  0.6 1033  4.2 1636  0.6 2257  4.0
11  Su        224 0500  0.4 1117  4.3 1720  0.5 2343  4.1
12  Mo        224 0541  0.3 1159  4.4 1802  0.4 9999  9.9
13  Tu        224 0027  4.1 0621  0.3 1241  4.3 1843  0.5
14  We        224 0109  4.0 0700  0.5 1323  4.1 1924  0.7
15  Th        224 0150  3.9 0741  0.7 1407  3.9 2006  0.9
16  Fr        224 0232  3.7 0826  1.0 1453  3.7 2053  1.1
17  Sa        224 0319  3.6 0921  1.3 1547  3.5 2148  1.3
18  Su        224 0418  3.4 1032  1.5 1651  3.3 2254  1.5
19  Mo        224 0537  3.2 1151  1.6 1801  3.2 9999  9.9
20  Tu        224 0012  1.6 0659  3.2 1306  1.6 1914  3.3
21  We        224 0133  1.5 0808  3.4 1411  1.4 2019  3.4
22  Th        224 0239  1.4 0901  3.6 1504  1.3 2112  3.5
23  Fr        224 0328  1.2 0944  3.8 1547  1.1 2155  3.6
24  Sa        224 0406  1.0 1021  3.9 1623  1.0 2234  3.7
25  Su        224 0438  0.9 1055  4.0 1654  0.9 2309  3.8
26  Mo        224 0506  0.8 1127  4.0 1725  0.8 2343  3.9
27  Tu        224 0535  0.7 1158  4.0 1755  0.8 9999  9.9
28  We        224 0014  3.9 0604  0.8 1228  3.9 1826  0.8
29  Th        224 0044  3.8 0635  0.8 1257  3.8 1859  0.9
 1  Fr        324 0112  3.8 0707  1.0 1326  3.7 1934  1.0
 2  Sa        324 0142  3.7 0741  1.1 1358  3.5 2013  1.2
 3  Su        324 0215  3.5 0822  1.3 1438  3.4 2059  1.4
 4  Mo        324 0258  3.4 0920  1.5 1534  3.2 2202  1.5
 5  Tu        324 0359  3.3 1043  1.7 1654  3.2 2319  1.6
 6  We        324 0545  3.2 1209  1.6 1827  3.2 9999  9.9
 7  Th        324 0043  1.5 0721  3.4 1326  1.4 1949  3.4
 8  Fr        324 0203  1.2 0829  3.7 1432  1.1 2055  3.7
 9  Sa        324 0305  0.9 0922  4.0 1528  0.8 2148  3.9
10  Su        324 0356  0.5 1009  4.3 1616  0.6 2236  4.1
11  Mo        324 0441  0.3 1053  4.4 1700  0.4 2321  4.2
12  Tu        324 0522  0.3 1135  4.4 1742  0.4 9999  9.9
13  We        324 0003  4.2 0601  0.3 1216  4.3 1821  0.5
14  Th        324 0044  4.1 0639  0.5 1257  4.1 1900  0.6
15  Fr        324 0123  4.0 0718  0.8 1338  3.9 1939  0.9
16  Sa        324 0202  3.7 0800  1.1 1423  3.6 2021  1.2
17  Su        324 0245  3.5 0850  1.4 1515  3.4 2111  1.4
18  Mo        324 0343  3.3 1000  1.6 1620  3.2 2217  1.6
19  Tu        324 0506  3.2 1126  1.7 1734  3.1 2344  1.7
20  We        324 0631  3.2 1242  1.6 1849  3.2 9999  9.9
21  Th        324 0109  1.6 0741  3.3 1344  1.5 1955  3.3
22  Fr        324 0214  1.5 0834  3.5 1435  1.3 2048  3.5
23  Sa        324 0302  1.3 0916  3.7 1517  1.1 2131  3.7
24  Su        324 0339  1.1 0952  3.9 1553  1.0 2208  3.8
25  Mo        324 0410  0.9 1026  4.0 1626  0.9 2243  3.9
26  Tu        324 0440  0.8 1058  4.0 1657  0.8 2316  3.9
27  We        324 0509  0.7 1130  4.0 1729  0.8 2348  3.9
28  Th        324 0540  0.7 1200  3.9 1801  0.8 9999  9.9
29  Fr        324 0018  3.9 0612  0.8 1230  3.8 1835  0.8
30  Sa        324 0047  3.8 0646  0.9 1300  3.6 1910  1.0
31  Su        324 0116  3.7 0722  1.1 1334  3.5 1948  1.1
 1  Mo        424 0150  3.6 0804  1.3 1418  3.4 2035  1.3
 2  Tu        424 0236  3.4 0902  1.5 1520  3.2 2136  1.5
 3  We        424 0344  3.3 1023  1.6 1642  3.2 2256  1.5
 4  Th        424 0529  3.3 1146  1.5 1808  3.3 9999  9.9
 5  Fr        424 0021  1.4 0654  3.5 1259  1.3 1925  3.5
 6  Sa        424 0137  1.2 0759  3.8 1404  1.0 2029  3.8
 7  Su        424 0240  0.9 0853  4.1 1502  0.8 2124  4.0
 8  Mo        424 0332  0.6 0941  4.3 1552  0.6 2212  4.2
 9  Tu        424 0418  0.4 1026  4.3 1637  0.4 2256  4.2
10  We        424 0500  0.3 1108  4.3 1719  0.4 2338  4.2
11  Th        424 0540  0.4 1150  4.2 1758  0.6 9999  9.9
12  Fr        424 0019  4.1 0618  0.6 1231  4.0 1836  0.7
13  Sa        424 0058  3.9 0656  0.9 1313  3.7 1913  1.0
14  Su        424 0137  3.7 0737  1.1 1358  3.5 1953  1.2
15  Mo        424 0220  3.5 0824  1.4 1450  3.3 2038  1.5
16  Tu        424 0316  3.3 0930  1.6 1553  3.2 2140  1.7
17  We        424 0435  3.2 1055  1.7 1702  3.1 2308  1.8
18  Th        424 0553  3.2 1208  1.6 1812  3.2 9999  9.9
19  Fr        424 0031  1.7 0700  3.3 1305  1.5 1917  3.3
20  Sa        424 0134  1.5 0755  3.5 1354  1.3 2012  3.5
21  Su        424 0223  1.3 0839  3.7 1437  1.2 2057  3.6
22  Mo        424 0302  1.2 0917  3.8 1516  1.0 2137  3.8
23  Tu        424 0337  1.0 0953  3.9 1553  0.9 2214  3.9
24  We        424 0411  0.9 1027  3.9 1628  0.8 2249  3.9
25  Th        424 0444  0.8 1101  3.9 1703  0.8 2323  3.9
26  Fr        424 0518  0.8 1135  3.8 1739  0.8 2357  3.9
27  Sa        424 0554  0.8 1210  3.7 1815  0.8 9999  9.9
28  Su        424 0029  3.8 0630  0.9 1247  3.6 1853  0.9
29  Mo        424 0104  3.7 0710  1.1 1328  3.4 1933  1.1
30  Tu        424 0143  3.6 0756  1.2 1419  3.3 2021  1.3
 1  We        524 0234  3.5 0853  1.4 1522  3.3 2121  1.4
 2  Th        524 0348  3.4 1007  1.4 1634  3.3 2237  1.4
 3  Fr        524 0512  3.4 1122  1.3 1747  3.4 2356  1.3
 4  Sa        524 0624  3.6 1230  1.2 1857  3.6 9999  9.9
 5  Su        524 0108  1.1 0727  3.8 1333  1.0 2001  3.8
 6  Mo        524 0211  0.9 0822  4.0 1432  0.8 2057  4.0
 7  Tu        524 0306  0.7 0912  4.1 1526  0.7 2147  4.1
 8  We        524 0355  0.6 0959  4.2 1614  0.6 2233  4.2
 9  Th        524 0439  0.6 1043  4.1 1657  0.6 2316  4.1
10  Fr        524 0519  0.6 1126  4.0 1737  0.7 2357  4.0
11  Sa        524 0558  0.8 1209  3.8 1815  0.9 9999  9.9
12  Su        524 0037  3.8 0637  1.0 1252  3.6 1851  1.0
13  Mo        524 0117  3.7 0717  1.2 1338  3.4 1928  1.2
14  Tu        524 0200  3.5 0801  1.4 1428  3.3 2010  1.4
15  We        524 0252  3.4 0858  1.5 1523  3.2 2103  1.6
16  Th        524 0356  3.3 1009  1.6 1622  3.2 2214  1.7
17  Fr        524 0504  3.2 1118  1.6 1723  3.2 2333  1.7
18  Sa        524 0607  3.3 1212  1.5 1824  3.3 9999  9.9
19  Su        524 0038  1.6 0704  3.4 1301  1.4 1923  3.4
20  Mo        524 0132  1.4 0753  3.5 1348  1.3 2016  3.5
21  Tu        524 0219  1.3 0836  3.6 1434  1.1 2102  3.7
22  We        524 0301  1.1 0917  3.7 1518  1.0 2144  3.8
23  Th        524 0342  1.0 0957  3.7 1600  0.9 2224  3.9
24  Fr        524 0421  0.9 1036  3.7 1641  0.8 2303  3.9
25  Sa        524 0500  0.9 1117  3.7 1721  0.8 2341  3.9
26  Su        524 0539  0.9 1159  3.6 1800  0.8 9999  9.9
27  Mo        524 0020  3.9 0619  0.9 1243  3.6 1840  0.9
28  Tu        524 0101  3.8 0702  1.0 1330  3.5 1923  1.0
29  We        524 0145  3.7 0749  1.1 1422  3.5 2010  1.1
30  Th        524 0238  3.6 0843  1.2 1518  3.5 2107  1.2
31  Fr        524 0341  3.6 0948  1.2 1618  3.5 2216  1.3
 1  Sa        624 0449  3.6 1054  1.2 1721  3.5 2328  1.3
 2  Su        624 0553  3.7 1158  1.1 1827  3.6 9999  9.9
 3  Mo        624 0038  1.2 0654  3.7 1300  1.0 1932  3.7
 4  Tu        624 0142  1.0 0752  3.8 1402  0.9 2032  3.9
 5  We        624 0241  0.9 0845  3.9 1501  0.9 2125  4.0
 6  Th        624 0333  0.8 0935  3.9 1553  0.8 2213  4.0
 7  Fr        624 0419  0.8 1022  3.9 1639  0.8 2257  4.0
 8  Sa        624 0502  0.8 1108  3.8 1720  0.9 2339  3.9
 9  Su        624 0541  0.9 1151  3.7 1756  0.9 9999  9.9
10  Mo        624 0019  3.8 0619  1.0 1235  3.6 1831  1.1
11  Tu        624 0058  3.7 0657  1.2 1318  3.5 1906  1.2
12  We        624 0138  3.6 0737  1.3 1402  3.4 1943  1.3
13  Th        624 0222  3.5 0822  1.4 1447  3.4 2026  1.5
14  Fr        624 0311  3.4 0916  1.5 1534  3.3 2119  1.6
15  Sa        624 0407  3.3 1014  1.5 1625  3.3 2225  1.6
16  Su        624 0506  3.3 1111  1.5 1721  3.3 2333  1.6
17  Mo        624 0603  3.3 1203  1.4 1823  3.3 9999  9.9
18  Tu        624 0034  1.6 0658  3.4 1256  1.4 1927  3.4
19  We        624 0132  1.4 0751  3.4 1350  1.3 2025  3.5
20  Th        624 0225  1.3 0842  3.5 1445  1.1 2116  3.7
21  Fr        624 0315  1.1 0930  3.6 1537  1.0 2202  3.8
22  Sa        624 0400  1.0 1017  3.7 1623  0.8 2246  3.9
23  Su        624 0444  0.9 1103  3.7 1706  0.7 2328  4.0
24  Mo        624 0526  0.8 1150  3.7 1748  0.7 9999  9.9
25  Tu        624 0010  4.0 0608  0.8 1237  3.7 1829  0.7
26  We        624 0053  4.0 0651  0.8 1323  3.7 1911  0.8
27  Th        624 0138  3.9 0737  0.9 1411  3.7 1956  0.9
28  Fr        624 0227  3.8 0826  1.0 1500  3.6 2048  1.1
29  Sa        624 0321  3.7 0922  1.1 1553  3.6 2149  1.2
30  Su        624 0420  3.7 1024  1.1 1652  3.6 2259  1.3
