079Marsden Point
Based on data from  1-Jul-2002
NZST, tidal heights in metres.
 1  Th        115 0356  2.4 1002  0.7 1616  2.5 2231  0.6
 2  Fr        115 0458  2.5 1102  0.7 1715  2.5 2328  0.6
 3  Sa        115 0555  2.5 1159  0.7 1810  2.5 9999  9.9
 4  Su        115 0021  0.5 0647  2.6 1251  0.7 1902  2.5
 5  Mo        115 0110  0.5 0735  2.6 1340  0.7 1951  2.5
 6  Tu        115 0156  0.5 0820  2.6 1426  0.7 2035  2.5
 7  We        115 0239  0.5 0901  2.6 1509  0.7 2117  2.5
 8  Th        115 0319  0.5 0940  2.6 1550  0.7 2157  2.4
 9  Fr        115 0358  0.6 1018  2.6 1630  0.7 2235  2.4
10  Sa        115 0436  0.6 1055  2.5 1709  0.7 2314  2.4
11  Su        115 0515  0.7 1133  2.5 1749  0.7 2355  2.3
12  Mo        115 0555  0.8 1213  2.4 1830  0.8 9999  9.9
13  Tu        115 0038  2.3 0639  0.8 1256  2.4 1914  0.8
14  We        115 0125  2.3 0727  0.9 1342  2.4 2001  0.8
15  Th        115 0218  2.2 0820  0.9 1432  2.3 2053  0.8
16  Fr        115 0315  2.3 0918  0.9 1526  2.3 2149  0.8
17  Sa        115 0415  2.3 1017  0.9 1624  2.4 2247  0.7
18  Su        115 0514  2.4 1116  0.8 1724  2.4 2343  0.6
19  Mo        115 0610  2.5 1213  0.7 1822  2.5 9999  9.9
20  Tu        115 0038  0.5 0703  2.7 1308  0.6 1918  2.6
21  We        115 0130  0.4 0755  2.8 1401  0.5 2012  2.7
22  Th        115 0222  0.3 0845  2.9 1453  0.4 2105  2.8
23  Fr        115 0312  0.2 0935  2.9 1545  0.3 2157  2.8
24  Sa        115 0402  0.2 1025  2.9 1636  0.3 2248  2.8
25  Su        115 0453  0.3 1116  2.9 1728  0.3 2341  2.7
26  Mo        115 0546  0.4 1207  2.8 1820  0.4 9999  9.9
27  Tu        115 0034  2.7 0640  0.5 1300  2.7 1914  0.5
28  We        115 0131  2.6 0738  0.6 1355  2.6 2009  0.6
29  Th        115 0231  2.5 0838  0.7 1453  2.5 2108  0.6
30  Fr        115 0333  2.4 0940  0.8 1552  2.4 2207  0.7
31  Sa        115 0434  2.4 1040  0.8 1652  2.4 2305  0.7
 1  Su        215 0532  2.4 1138  0.8 1749  2.4 2359  0.7
 2  Mo        215 0625  2.5 1230  0.8 1842  2.4 9999  9.9
 3  Tu        215 0048  0.6 0712  2.5 1319  0.8 1929  2.4
 4  We        215 0134  0.6 0756  2.5 1403  0.7 2013  2.4
 5  Th        215 0215  0.6 0836  2.6 1444  0.7 2053  2.5
 6  Fr        215 0254  0.6 0913  2.6 1523  0.7 2131  2.5
 7  Sa        215 0331  0.6 0949  2.6 1601  0.7 2208  2.5
 8  Su        215 0408  0.6 1024  2.6 1637  0.7 2245  2.4
 9  Mo        215 0445  0.7 1101  2.5 1714  0.7 2324  2.4
10  Tu        215 0524  0.7 1139  2.5 1753  0.7 9999  9.9
11  We        215 0005  2.4 0606  0.8 1221  2.4 1835  0.7
12  Th        215 0050  2.3 0652  0.8 1306  2.4 1921  0.8
13  Fr        215 0141  2.3 0744  0.9 1356  2.4 2013  0.8
14  Sa        215 0238  2.3 0842  0.9 1451  2.4 2111  0.8
15  Su        215 0339  2.4 0944  0.9 1553  2.4 2213  0.7
16  Mo        215 0441  2.4 1046  0.8 1656  2.4 2315  0.6
17  Tu        215 0541  2.6 1147  0.7 1758  2.5 9999  9.9
18  We        215 0013  0.5 0637  2.7 1244  0.5 1857  2.7
19  Th        215 0108  0.4 0731  2.8 1339  0.4 1953  2.8
20  Fr        215 0201  0.3 0823  2.9 1432  0.3 2046  2.9
21  Sa        215 0253  0.2 0914  3.0 1524  0.3 2138  2.9
22  Su        215 0344  0.2 1004  3.0 1615  0.2 2230  2.9
23  Mo        215 0435  0.3 1055  2.9 1705  0.3 2321  2.8
24  Tu        215 0527  0.4 1145  2.8 1756  0.4 9999  9.9
25  We        215 0013  2.7 0620  0.5 1237  2.7 1848  0.5
26  Th        215 0108  2.6 0716  0.7 1331  2.6 1943  0.6
27  Fr        215 0205  2.5 0815  0.8 1428  2.4 2040  0.7
28  Sa        215 0306  2.4 0915  0.9 1527  2.4 2139  0.8
 1  Su        315 0407  2.4 1016  0.9 1627  2.3 2238  0.8
 2  Mo        315 0504  2.4 1112  0.9 1725  2.3 2333  0.8
 3  Tu        315 0557  2.4 1205  0.8 1817  2.3 9999  9.9
 4  We        315 0023  0.7 0644  2.5 1252  0.8 1905  2.4
 5  Th        315 0107  0.7 0727  2.5 1335  0.8 1947  2.4
 6  Fr        315 0148  0.7 0806  2.5 1415  0.7 2026  2.5
 7  Sa        315 0227  0.7 0842  2.5 1453  0.7 2103  2.5
 8  Su        315 0304  0.6 0918  2.6 1529  0.7 2140  2.5
 9  Mo        315 0340  0.7 0954  2.6 1606  0.7 2217  2.5
10  Tu        315 0418  0.7 1031  2.5 1642  0.7 2256  2.5
11  We        315 0457  0.7 1110  2.5 1721  0.7 2337  2.5
12  Th        315 0539  0.8 1152  2.5 1803  0.7 9999  9.9
13  Fr        315 0022  2.4 0626  0.8 1238  2.4 1849  0.7
14  Sa        315 0112  2.4 0717  0.8 1329  2.4 1942  0.8
15  Su        315 0209  2.4 0816  0.9 1425  2.4 2042  0.8
16  Mo        315 0310  2.4 0918  0.8 1528  2.4 2145  0.7
17  Tu        315 0413  2.5 1021  0.7 1633  2.5 2249  0.6
18  We        315 0514  2.6 1123  0.6 1737  2.6 2349  0.5
19  Th        315 0612  2.7 1221  0.5 1837  2.7 9999  9.9
20  Fr        315 0046  0.4 0707  2.8 1317  0.4 1933  2.8
21  Sa        315 0140  0.3 0800  2.9 1410  0.3 2027  2.9
22  Su        315 0232  0.3 0851  3.0 1501  0.2 2119  2.9
23  Mo        315 0324  0.3 0942  2.9 1552  0.2 2209  2.9
24  Tu        315 0415  0.4 1032  2.9 1641  0.3 2259  2.8
25  We        315 0507  0.5 1122  2.8 1731  0.4 2350  2.7
26  Th        315 0559  0.6 1213  2.6 1821  0.5 9999  9.9
27  Fr        315 0042  2.6 0653  0.7 1305  2.5 1914  0.7
28  Sa        315 0137  2.5 0749  0.8 1400  2.4 2010  0.8
29  Su        315 0235  2.4 0848  0.9 1458  2.3 2108  0.8
30  Mo        315 0333  2.4 0946  0.9 1557  2.3 2206  0.9
31  Tu        315 0430  2.4 1041  0.9 1655  2.3 2301  0.9
 1  We        415 0522  2.4 1133  0.9 1747  2.3 2351  0.8
 2  Th        415 0609  2.4 1220  0.8 1835  2.4 9999  9.9
 3  Fr        415 0036  0.8 0651  2.4 1303  0.8 1917  2.4
 4  Sa        415 0118  0.7 0731  2.5 1343  0.7 1957  2.5
 5  Su        415 0157  0.7 0808  2.5 1421  0.7 2035  2.5
 6  Mo        415 0235  0.7 0846  2.5 1458  0.6 2113  2.6
 7  Tu        415 0314  0.7 0924  2.5 1535  0.6 2151  2.6
 8  We        415 0353  0.7 1004  2.5 1614  0.6 2232  2.6
 9  Th        415 0434  0.7 1045  2.5 1654  0.6 2314  2.6
10  Fr        415 0518  0.7 1129  2.5 1738  0.7 9999  9.9
11  Sa        415 0001  2.5 0606  0.8 1217  2.5 1826  0.7
12  Su        415 0051  2.5 0659  0.8 1309  2.4 1919  0.7
13  Mo        415 0147  2.5 0757  0.8 1407  2.4 2019  0.7
14  Tu        415 0247  2.5 0858  0.7 1509  2.4 2123  0.7
15  We        415 0348  2.6 1000  0.7 1614  2.5 2226  0.6
16  Th        415 0449  2.6 1101  0.6 1718  2.6 2327  0.6
17  Fr        415 0547  2.7 1159  0.5 1818  2.7 9999  9.9
18  Sa        415 0025  0.5 0643  2.8 1254  0.4 1914  2.8
19  Su        415 0119  0.4 0736  2.9 1347  0.3 2007  2.9
20  Mo        415 0212  0.4 0828  2.9 1438  0.3 2058  2.9
21  Tu        415 0304  0.4 0919  2.8 1528  0.3 2148  2.9
22  We        415 0355  0.4 1009  2.8 1616  0.4 2237  2.8
23  Th        415 0445  0.5 1058  2.7 1704  0.5 2326  2.7
24  Fr        415 0536  0.6 1148  2.6 1753  0.6 9999  9.9
25  Sa        415 0015  2.6 0628  0.7 1238  2.5 1843  0.7
26  Su        415 0106  2.5 0721  0.8 1330  2.4 1936  0.8
27  Mo        415 0159  2.4 0815  0.9 1424  2.3 2031  0.9
28  Tu        415 0253  2.4 0910  0.9 1521  2.3 2127  0.9
29  We        415 0347  2.3 1004  0.9 1617  2.3 2222  0.9
30  Th        415 0438  2.3 1054  0.9 1710  2.3 2313  0.9
 1  Fr        515 0526  2.4 1142  0.8 1759  2.4 9999  9.9
 2  Sa        515 0000  0.9 0610  2.4 1225  0.8 1844  2.4
 3  Su        515 0043  0.8 0652  2.4 1307  0.7 1925  2.5
 4  Mo        515 0125  0.8 0733  2.5 1347  0.6 2005  2.6
 5  Tu        515 0206  0.7 0814  2.5 1427  0.6 2046  2.6
 6  We        515 0247  0.7 0856  2.5 1507  0.6 2127  2.6
 7  Th        515 0330  0.7 0939  2.6 1548  0.6 2210  2.6
 8  Fr        515 0414  0.7 1024  2.5 1632  0.6 2255  2.6
 9  Sa        515 0501  0.7 1111  2.5 1718  0.6 2343  2.6
10  Su        515 0551  0.7 1201  2.5 1807  0.6 9999  9.9
11  Mo        515 0034  2.6 0645  0.7 1254  2.5 1902  0.7
12  Tu        515 0129  2.6 0741  0.7 1352  2.5 2001  0.7
13  We        515 0226  2.6 0840  0.7 1453  2.5 2103  0.7
14  Th        515 0326  2.6 0940  0.6 1557  2.5 2206  0.7
15  Fr        515 0425  2.7 1040  0.5 1700  2.6 2306  0.6
16  Sa        515 0523  2.7 1137  0.5 1759  2.7 9999  9.9
17  Su        515 0004  0.6 0620  2.7 1232  0.4 1855  2.8
18  Mo        515 0059  0.5 0714  2.8 1325  0.3 1947  2.8
19  Tu        515 0152  0.5 0806  2.8 1415  0.3 2038  2.9
20  We        515 0244  0.5 0857  2.7 1504  0.4 2126  2.8
21  Th        515 0334  0.5 0946  2.7 1551  0.4 2213  2.8
22  Fr        515 0423  0.6 1033  2.6 1637  0.5 2300  2.7
23  Sa        515 0511  0.7 1120  2.5 1723  0.6 2346  2.6
24  Su        515 0600  0.7 1207  2.4 1810  0.7 9999  9.9
25  Mo        515 0032  2.5 0649  0.8 1255  2.3 1859  0.8
26  Tu        515 0120  2.4 0738  0.8 1346  2.3 1950  0.9
27  We        515 0209  2.4 0829  0.9 1439  2.3 2043  0.9
28  Th        515 0259  2.3 0920  0.9 1534  2.3 2137  0.9
29  Fr        515 0349  2.3 1010  0.9 1628  2.3 2230  0.9
30  Sa        515 0438  2.3 1059  0.8 1719  2.3 2319  0.9
31  Su        515 0526  2.4 1145  0.8 1807  2.4 9999  9.9
 1  Mo        615 0006  0.9 0612  2.4 1230  0.7 1852  2.5
 2  Tu        615 0052  0.8 0658  2.5 1314  0.6 1936  2.6
 3  We        615 0137  0.7 0744  2.5 1357  0.6 2019  2.6
 4  Th        615 0222  0.7 0830  2.6 1441  0.5 2104  2.7
 5  Fr        615 0308  0.6 0917  2.6 1526  0.5 2149  2.7
 6  Sa        615 0356  0.6 1005  2.6 1612  0.5 2237  2.7
 7  Su        615 0445  0.6 1054  2.6 1700  0.5 2326  2.7
 8  Mo        615 0536  0.6 1146  2.6 1751  0.5 9999  9.9
 9  Tu        615 0017  2.7 0630  0.6 1240  2.5 1846  0.6
10  We        615 0111  2.7 0725  0.6 1337  2.5 1944  0.6
11  Th        615 0207  2.6 0822  0.6 1437  2.5 2045  0.7
12  Fr        615 0305  2.6 0921  0.6 1540  2.5 2147  0.7
13  Sa        615 0404  2.6 1019  0.5 1642  2.6 2248  0.7
14  Su        615 0502  2.6 1116  0.5 1741  2.6 2346  0.6
15  Mo        615 0559  2.6 1211  0.4 1836  2.7 9999  9.9
16  Tu        615 0041  0.6 0654  2.6 1304  0.4 1928  2.7
17  We        615 0134  0.6 0746  2.6 1354  0.4 2017  2.8
18  Th        615 0224  0.6 0836  2.6 1441  0.4 2104  2.7
19  Fr        615 0312  0.6 0923  2.6 1526  0.5 2149  2.7
20  Sa        615 0359  0.6 1008  2.5 1610  0.6 2232  2.6
21  Su        615 0444  0.7 1052  2.5 1653  0.6 2314  2.6
22  Mo        615 0528  0.7 1135  2.4 1736  0.7 2356  2.5
23  Tu        615 0613  0.8 1219  2.3 1820  0.8 9999  9.9
24  We        615 0039  2.5 0658  0.8 1305  2.3 1907  0.9
25  Th        615 0124  2.4 0745  0.8 1354  2.3 1958  0.9
26  Fr        615 0211  2.4 0833  0.8 1447  2.2 2051  1.0
27  Sa        615 0300  2.3 0923  0.8 1542  2.3 2145  1.0
28  Su        615 0351  2.3 1014  0.8 1636  2.3 2238  0.9
29  Mo        615 0442  2.3 1104  0.8 1729  2.4 2330  0.9
30  Tu        615 0534  2.4 1154  0.7 1818  2.5 9999  9.9
 1  We        715 0020  0.8 0626  2.5 1242  0.6 1906  2.6
 2  Th        715 0109  0.7 0717  2.5 1330  0.5 1954  2.7
 3  Fr        715 0158  0.6 0807  2.6 1417  0.4 2041  2.8
 4  Sa        715 0247  0.5 0857  2.7 1505  0.4 2129  2.8
 5  Su        715 0337  0.5 0947  2.7 1554  0.4 2218  2.8
 6  Mo        715 0428  0.5 1038  2.7 1643  0.4 2308  2.8
 7  Tu        715 0519  0.4 1130  2.7 1735  0.5 2359  2.8
 8  We        715 0612  0.5 1224  2.6 1829  0.5 9999  9.9
 9  Th        715 0052  2.7 0706  0.5 1320  2.6 1927  0.6
10  Fr        715 0147  2.7 0802  0.5 1420  2.5 2027  0.7
11  Sa        715 0244  2.6 0900  0.5 1522  2.5 2129  0.7
12  Su        715 0343  2.5 0959  0.6 1624  2.5 2230  0.7
13  Mo        715 0443  2.5 1057  0.5 1723  2.6 2329  0.7
14  Tu        715 0541  2.5 1152  0.5 1818  2.6 9999  9.9
15  We        715 0024  0.7 0636  2.5 1244  0.5 1909  2.6
16  Th        715 0115  0.7 0727  2.5 1333  0.5 1957  2.7
17  Fr        715 0204  0.6 0815  2.5 1419  0.5 2041  2.7
18  Sa        715 0250  0.6 0900  2.5 1502  0.5 2123  2.6
19  Su        715 0333  0.6 0942  2.5 1543  0.6 2203  2.6
20  Mo        715 0415  0.7 1022  2.5 1623  0.6 2242  2.6
21  Tu        715 0455  0.7 1102  2.4 1702  0.7 2320  2.5
22  We        715 0536  0.7 1143  2.4 1743  0.8 9999  9.9
23  Th        715 0000  2.5 0617  0.8 1226  2.3 1827  0.8
24  Fr        715 0042  2.4 0700  0.8 1312  2.3 1915  0.9
25  Sa        715 0127  2.4 0746  0.8 1403  2.3 2006  0.9
26  Su        715 0215  2.3 0836  0.8 1458  2.3 2102  0.9
27  Mo        715 0308  2.3 0930  0.8 1555  2.3 2158  0.9
28  Tu        715 0404  2.3 1025  0.7 1651  2.4 2255  0.9
29  We        715 0501  2.4 1120  0.7 1746  2.5 2350  0.8
30  Th        715 0557  2.5 1213  0.6 1838  2.6 9999  9.9
31  Fr        715 0043  0.6 0652  2.6 1305  0.4 1928  2.7
 1  Sa        815 0135  0.5 0746  2.7 1355  0.4 2018  2.8
 2  Su        815 0226  0.4 0838  2.7 1445  0.3 2107  2.9
 3  Mo        815 0317  0.3 0929  2.8 1535  0.3 2157  2.9
 4  Tu        815 0408  0.3 1020  2.8 1625  0.3 2247  2.9
 5  We        815 0459  0.3 1112  2.8 1717  0.4 2339  2.8
 6  Th        815 0551  0.4 1206  2.7 1812  0.5 9999  9.9
 7  Fr        815 0031  2.7 0644  0.4 1302  2.6 1909  0.6
 8  Sa        815 0126  2.6 0740  0.5 1401  2.5 2009  0.7
 9  Su        815 0224  2.5 0838  0.6 1502  2.5 2111  0.7
10  Mo        815 0324  2.5 0938  0.6 1605  2.5 2213  0.8
11  Tu        815 0425  2.4 1037  0.6 1704  2.5 2311  0.8
12  We        815 0524  2.4 1133  0.6 1759  2.5 9999  9.9
13  Th        815 0006  0.7 0618  2.4 1225  0.6 1849  2.5
14  Fr        815 0056  0.7 0708  2.4 1312  0.6 1934  2.6
15  Sa        815 0142  0.7 0754  2.5 1356  0.6 2016  2.6
16  Su        815 0225  0.6 0836  2.5 1437  0.6 2055  2.6
17  Mo        815 0306  0.6 0916  2.5 1516  0.6 2133  2.6
18  Tu        815 0344  0.6 0953  2.5 1553  0.6 2209  2.5
19  We        815 0422  0.6 1031  2.5 1631  0.7 2245  2.5
20  Th        815 0459  0.7 1109  2.4 1710  0.7 2324  2.5
21  Fr        815 0538  0.7 1150  2.4 1752  0.8 9999  9.9
22  Sa        815 0005  2.4 0619  0.7 1235  2.3 1837  0.8
23  Su        815 0049  2.3 0704  0.8 1324  2.3 1928  0.9
24  Mo        815 0138  2.3 0754  0.8 1418  2.3 2024  0.9
25  Tu        815 0232  2.3 0850  0.8 1517  2.3 2123  0.9
26  We        815 0330  2.3 0950  0.7 1617  2.4 2224  0.8
27  Th        815 0431  2.4 1049  0.7 1715  2.5 2322  0.7
28  Fr        815 0532  2.5 1147  0.5 1810  2.6 9999  9.9
29  Sa        815 0018  0.6 0630  2.6 1241  0.4 1903  2.8
30  Su        815 0112  0.4 0725  2.7 1333  0.3 1954  2.9
31  Mo        815 0204  0.3 0818  2.8 1424  0.2 2045  2.9
 1  Tu        915 0255  0.2 0910  2.9 1515  0.2 2135  2.9
 2  We        915 0346  0.2 1001  2.9 1607  0.3 2226  2.9
 3  Th        915 0437  0.2 1053  2.8 1659  0.3 2317  2.8
 4  Fr        915 0528  0.3 1146  2.7 1753  0.5 9999  9.9
 5  Sa        915 0010  2.7 0621  0.4 1241  2.6 1849  0.6
 6  Su        915 0104  2.6 0716  0.5 1338  2.5 1949  0.7
 7  Mo        915 0202  2.5 0814  0.6 1439  2.5 2051  0.8
 8  Tu        915 0303  2.4 0914  0.7 1541  2.4 2152  0.8
 9  We        915 0405  2.3 1014  0.7 1641  2.4 2251  0.8
10  Th        915 0504  2.3 1111  0.7 1735  2.4 2345  0.7
11  Fr        915 0558  2.3 1203  0.7 1824  2.5 9999  9.9
12  Sa        915 0033  0.7 0647  2.4 1249  0.6 1908  2.5
13  Su        915 0118  0.7 0731  2.4 1332  0.6 1948  2.5
14  Mo        915 0159  0.6 0811  2.5 1411  0.6 2026  2.5
15  Tu        915 0237  0.6 0849  2.5 1449  0.6 2102  2.5
16  We        915 0314  0.6 0926  2.5 1525  0.6 2137  2.5
17  Th        915 0349  0.6 1002  2.5 1603  0.6 2214  2.5
18  Fr        915 0426  0.6 1040  2.5 1641  0.7 2252  2.4
19  Sa        915 0503  0.6 1120  2.4 1722  0.7 2333  2.4
20  Su        915 0544  0.7 1204  2.4 1807  0.8 9999  9.9
21  Mo        915 0018  2.3 0628  0.7 1252  2.3 1858  0.8
22  Tu        915 0107  2.3 0719  0.7 1346  2.3 1954  0.8
23  We        915 0202  2.3 0816  0.8 1445  2.3 2054  0.8
24  Th        915 0303  2.3 0919  0.7 1546  2.4 2156  0.7
25  Fr        915 0406  2.4 1021  0.6 1646  2.5 2257  0.6
26  Sa        915 0509  2.5 1121  0.5 1744  2.6 2354  0.5
27  Su        915 0609  2.6 1218  0.4 1838  2.8 9999  9.9
28  Mo        915 0049  0.3 0705  2.7 1312  0.3 1931  2.9
29  Tu        915 0142  0.2 0759  2.8 1404  0.2 2022  2.9
30  We        915 0233  0.1 0851  2.9 1456  0.2 2113  2.9
 1  Th       1015 0324  0.1 0942  2.9 1548  0.3 2204  2.9
 2  Fr       1015 0414  0.2 1033  2.9 1640  0.3 2255  2.8
 3  Sa       1015 0504  0.3 1125  2.8 1733  0.5 2347  2.6
 4  Su       1015 0556  0.4 1218  2.6 1829  0.6 9999  9.9
 5  Mo       1015 0041  2.5 0649  0.5 1314  2.5 1927  0.7
 6  Tu       1015 0138  2.4 0746  0.7 1412  2.4 2026  0.8
 7  We       1015 0238  2.3 0846  0.7 1512  2.4 2126  0.8
 8  Th       1015 0339  2.3 0946  0.8 1611  2.4 2224  0.8
 9  Fr       1015 0438  2.3 1043  0.8 1704  2.4 2317  0.8
10  Sa       1015 0533  2.3 1135  0.8 1753  2.4 9999  9.9
11  Su       1015 0005  0.7 0621  2.3 1222  0.7 1837  2.4
12  Mo       1015 0049  0.7 0705  2.4 1304  0.7 1917  2.5
13  Tu       1015 0129  0.6 0745  2.5 1344  0.7 1954  2.5
14  We       1015 0207  0.6 0822  2.5 1422  0.6 2031  2.5
15  Th       1015 0243  0.6 0859  2.5 1459  0.6 2108  2.5
16  Fr       1015 0320  0.5 0936  2.5 1537  0.6 2146  2.5
17  Sa       1015 0356  0.6 1015  2.5 1617  0.7 2226  2.4
18  Su       1015 0435  0.6 1055  2.5 1659  0.7 2308  2.4
19  Mo       1015 0516  0.6 1139  2.5 1745  0.7 2353  2.4
20  Tu       1015 0601  0.7 1227  2.4 1835  0.8 9999  9.9
21  We       1015 0043  2.3 0652  0.7 1320  2.4 1931  0.8
22  Th       1015 0139  2.3 0749  0.7 1418  2.4 2030  0.7
23  Fr       1015 0240  2.3 0852  0.7 1518  2.5 2132  0.7
24  Sa       1015 0344  2.4 0956  0.6 1619  2.5 2233  0.6
25  Su       1015 0448  2.5 1058  0.6 1717  2.6 2331  0.4
26  Mo       1015 0549  2.6 1156  0.5 1814  2.7 9999  9.9
27  Tu       1015 0027  0.3 0646  2.7 1252  0.4 1908  2.8
28  We       1015 0120  0.2 0740  2.8 1345  0.3 2001  2.8
29  Th       1015 0212  0.1 0832  2.9 1437  0.3 2052  2.8
30  Fr       1015 0302  0.1 0923  2.9 1529  0.3 2143  2.8
31  Sa       1015 0351  0.2 1013  2.9 1621  0.4 2234  2.7
 1  Su       1115 0441  0.3 1103  2.8 1713  0.5 2325  2.6
 2  Mo       1115 0530  0.4 1154  2.6 1806  0.6 9999  9.9
 3  Tu       1115 0016  2.5 0622  0.6 1246  2.5 1901  0.7
 4  We       1115 0110  2.3 0715  0.7 1340  2.4 1957  0.8
 5  Th       1115 0206  2.3 0811  0.8 1436  2.4 2053  0.8
 6  Fr       1115 0305  2.2 0910  0.8 1532  2.3 2149  0.8
 7  Sa       1115 0404  2.2 1007  0.9 1625  2.3 2242  0.8
 8  Su       1115 0459  2.2 1100  0.8 1714  2.3 2330  0.7
 9  Mo       1115 0549  2.3 1148  0.8 1759  2.4 9999  9.9
10  Tu       1115 0015  0.7 0634  2.4 1232  0.8 1841  2.4
11  We       1115 0056  0.6 0716  2.4 1314  0.7 1921  2.4
12  Th       1115 0136  0.6 0755  2.5 1354  0.7 2001  2.4
13  Fr       1115 0214  0.5 0833  2.5 1434  0.7 2041  2.5
14  Sa       1115 0252  0.5 0912  2.6 1514  0.6 2121  2.5
15  Su       1115 0331  0.5 0952  2.6 1556  0.6 2204  2.5
16  Mo       1115 0412  0.5 1035  2.6 1640  0.6 2248  2.4
17  Tu       1115 0454  0.5 1119  2.6 1727  0.7 2335  2.4
18  We       1115 0540  0.6 1207  2.5 1817  0.7 9999  9.9
19  Th       1115 0025  2.4 0631  0.6 1259  2.5 1911  0.7
20  Fr       1115 0120  2.4 0727  0.7 1355  2.5 2009  0.6
21  Sa       1115 0220  2.4 0829  0.7 1453  2.5 2109  0.6
22  Su       1115 0324  2.4 0932  0.7 1553  2.6 2209  0.5
23  Mo       1115 0428  2.5 1035  0.6 1653  2.6 2308  0.4
24  Tu       1115 0530  2.6 1135  0.5 1751  2.7 9999  9.9
25  We       1115 0005  0.3 0628  2.7 1233  0.5 1847  2.7
26  Th       1115 0059  0.3 0722  2.8 1327  0.4 1941  2.7
27  Fr       1115 0151  0.2 0814  2.8 1420  0.4 2033  2.7
28  Sa       1115 0241  0.2 0904  2.9 1511  0.4 2123  2.7
29  Su       1115 0330  0.3 0953  2.8 1602  0.5 2213  2.6
30  Mo       1115 0417  0.3 1040  2.7 1651  0.5 2301  2.5
 1  Tu       1215 0505  0.5 1128  2.6 1741  0.6 2349  2.4
 2  We       1215 0552  0.6 1215  2.5 1831  0.7 9999  9.9
 3  Th       1215 0038  2.3 0641  0.7 1304  2.4 1921  0.7
 4  Fr       1215 0129  2.3 0732  0.8 1353  2.4 2013  0.8
 5  Sa       1215 0223  2.2 0826  0.9 1444  2.3 2106  0.8
 6  Su       1215 0320  2.2 0922  0.9 1536  2.3 2158  0.8
 7  Mo       1215 0416  2.2 1017  0.9 1626  2.3 2249  0.8
 8  Tu       1215 0510  2.3 1109  0.9 1715  2.3 2336  0.7
 9  We       1215 0558  2.3 1157  0.8 1802  2.3 9999  9.9
10  Th       1215 0021  0.7 0643  2.4 1242  0.8 1847  2.4
11  Fr       1215 0104  0.6 0726  2.5 1326  0.7 1931  2.4
12  Sa       1215 0145  0.5 0807  2.6 1409  0.7 2015  2.5
13  Su       1215 0227  0.5 0849  2.6 1452  0.6 2059  2.5
14  Mo       1215 0308  0.5 0931  2.7 1537  0.6 2144  2.5
15  Tu       1215 0351  0.4 1015  2.7 1623  0.6 2230  2.5
16  We       1215 0436  0.5 1101  2.7 1711  0.6 2318  2.5
17  Th       1215 0523  0.5 1149  2.7 1801  0.6 9999  9.9
18  Fr       1215 0009  2.5 0614  0.5 1240  2.6 1853  0.6
19  Sa       1215 0103  2.5 0709  0.6 1334  2.6 1949  0.6
20  Su       1215 0202  2.4 0809  0.7 1431  2.6 2047  0.5
21  Mo       1215 0305  2.4 0911  0.7 1530  2.6 2147  0.5
22  Tu       1215 0409  2.5 1015  0.7 1630  2.6 2247  0.5
23  We       1215 0512  2.6 1116  0.6 1730  2.6 2345  0.4
24  Th       1215 0611  2.6 1215  0.6 1828  2.6 9999  9.9
25  Fr       1215 0040  0.4 0705  2.7 1310  0.5 1923  2.6
26  Sa       1215 0132  0.3 0757  2.8 1403  0.5 2015  2.6
27  Su       1215 0222  0.3 0846  2.8 1453  0.5 2104  2.6
28  Mo       1215 0309  0.4 0932  2.8 1541  0.5 2151  2.6
29  Tu       1215 0354  0.4 1017  2.7 1628  0.6 2236  2.5
30  We       1215 0438  0.5 1100  2.6 1713  0.6 2320  2.4
31  Th       1215 0522  0.6 1143  2.6 1758  0.7 9999  9.9
