150Matiatia Bay
Based on data from  5-Jan-1969
Local Std Time, tidal heights in metres.
 1  Fr        116 0011  2.6 0619  0.5 1234  2.6 1851  0.5
 2  Sa        116 0101  2.4 0708  0.6 1322  2.5 1940  0.6
 3  Su        116 0151  2.3 0757  0.8 1409  2.4 2028  0.7
 4  Mo        116 0240  2.2 0845  0.9 1455  2.3 2114  0.8
 5  Tu        116 0327  2.2 0931  0.9 1540  2.3 2158  0.8
 6  We        116 0413  2.2 1017  0.9 1625  2.3 2242  0.7
 7  Th        116 0457  2.3 1103  0.8 1710  2.4 2326  0.6
 8  Fr        116 0542  2.4 1150  0.7 1757  2.5 9999  9.9
 9  Sa        116 0012  0.5 0628  2.6 1238  0.5 1845  2.6
10  Su        116 0058  0.4 0715  2.7 1326  0.4 1934  2.7
11  Mo        116 0146  0.2 0803  2.9 1415  0.3 2023  2.8
12  Tu        116 0235  0.2 0851  3.0 1505  0.2 2114  2.9
13  We        116 0325  0.1 0941  3.0 1556  0.1 2205  2.9
14  Th        116 0415  0.1 1031  3.0 1647  0.1 2257  2.9
15  Fr        116 0507  0.2 1123  3.0 1739  0.2 2351  2.8
16  Sa        116 0601  0.2 1216  2.9 1833  0.2 9999  9.9
17  Su        116 0046  2.8 0656  0.3 1310  2.8 1929  0.3
18  Mo        116 0144  2.7 0753  0.4 1407  2.8 2026  0.3
19  Tu        116 0242  2.7 0852  0.4 1504  2.7 2123  0.3
20  We        116 0340  2.7 0951  0.5 1602  2.7 2219  0.3
21  Th        116 0437  2.7 1048  0.4 1658  2.7 2314  0.3
22  Fr        116 0532  2.8 1143  0.4 1753  2.7 9999  9.9
23  Sa        116 0007  0.2 0624  2.8 1237  0.3 1845  2.8
24  Su        116 0058  0.2 0715  2.9 1328  0.3 1936  2.8
25  Mo        116 0148  0.2 0804  2.9 1417  0.2 2026  2.8
26  Tu        116 0236  0.2 0852  2.9 1506  0.2 2115  2.8
27  We        116 0324  0.2 0940  2.9 1554  0.3 2204  2.8
28  Th        116 0412  0.3 1027  2.8 1642  0.3 2252  2.7
29  Fr        116 0459  0.4 1113  2.7 1729  0.4 2340  2.6
30  Sa        116 0546  0.5 1159  2.6 1816  0.5 9999  9.9
31  Su        116 0027  2.5 0633  0.7 1244  2.5 1902  0.6
 1  Mo        216 0115  2.3 0720  0.8 1329  2.4 1947  0.7
 2  Tu        216 0201  2.3 0806  0.9 1414  2.3 2032  0.8
 3  We        216 0248  2.3 0853  0.9 1500  2.3 2117  0.8
 4  Th        216 0334  2.3 0941  0.9 1547  2.3 2203  0.7
 5  Fr        216 0421  2.4 1030  0.8 1636  2.4 2251  0.6
 6  Sa        216 0509  2.5 1120  0.7 1726  2.5 2340  0.5
 7  Su        216 0558  2.6 1210  0.5 1817  2.6 9999  9.9
 8  Mo        216 0030  0.4 0647  2.8 1300  0.4 1909  2.7
 9  Tu        216 0120  0.2 0736  2.9 1351  0.2 2000  2.9
10  We        216 0211  0.1 0827  3.0 1442  0.1 2052  2.9
11  Th        216 0302  0.1 0917  3.1 1533  0.0 2144  3.0
12  Fr        216 0354  0.1 1008  3.1 1625  0.0 2237  3.0
13  Sa        216 0447  0.1 1101  3.1 1718  0.1 2331  2.9
14  Su        216 0541  0.2 1154  3.0 1812  0.1 9999  9.9
15  Mo        216 0026  2.9 0636  0.3 1249  2.9 1907  0.2
16  Tu        216 0123  2.8 0734  0.4 1346  2.8 2004  0.3
17  We        216 0221  2.7 0832  0.4 1443  2.7 2101  0.3
18  Th        216 0319  2.7 0931  0.5 1541  2.6 2157  0.4
19  Fr        216 0416  2.7 1029  0.5 1638  2.6 2252  0.4
20  Sa        216 0510  2.7 1124  0.5 1732  2.6 2345  0.4
21  Su        216 0602  2.8 1216  0.4 1824  2.7 9999  9.9
22  Mo        216 0035  0.3 0652  2.8 1306  0.4 1914  2.7
23  Tu        216 0124  0.3 0739  2.8 1354  0.3 2002  2.7
24  We        216 0211  0.3 0825  2.9 1440  0.3 2050  2.7
25  Th        216 0257  0.3 0911  2.8 1526  0.3 2136  2.7
26  Fr        216 0343  0.4 0955  2.8 1611  0.3 2222  2.6
27  Sa        216 0428  0.4 1040  2.7 1656  0.4 2307  2.6
28  Su        216 0513  0.5 1124  2.6 1740  0.5 2353  2.5
29  Mo        216 0558  0.6 1207  2.5 1824  0.6 9999  9.9
 1  Tu        316 0038  2.4 0644  0.7 1251  2.4 1908  0.6
 2  We        316 0123  2.4 0730  0.8 1336  2.3 1952  0.7
 3  Th        316 0210  2.3 0817  0.8 1423  2.3 2039  0.7
 4  Fr        316 0257  2.4 0907  0.8 1513  2.3 2128  0.7
 5  Sa        316 0347  2.4 0959  0.7 1605  2.4 2219  0.6
 6  Su        316 0438  2.5 1051  0.6 1659  2.5 2311  0.5
 7  Mo        316 0529  2.7 1144  0.5 1752  2.6 9999  9.9
 8  Tu        316 0003  0.4 0620  2.8 1236  0.3 1845  2.8
 9  We        316 0056  0.2 0712  3.0 1328  0.2 1938  2.9
10  Th        316 0148  0.1 0803  3.1 1419  0.0 2031  3.0
11  Fr        316 0240  0.1 0855  3.1 1511  0.0 2124  3.0
12  Sa        316 0333  0.0 0947  3.1 1603  0.0 2217  3.0
13  Su        316 0427  0.1 1039  3.1 1656  0.0 2311  3.0
14  Mo        316 0521  0.1 1133  3.0 1750  0.1 9999  9.9
15  Tu        316 0006  2.9 0617  0.2 1228  2.9 1845  0.2
16  We        316 0102  2.8 0714  0.3 1324  2.8 1941  0.3
17  Th        316 0159  2.8 0812  0.4 1422  2.7 2038  0.4
18  Fr        316 0257  2.7 0911  0.5 1520  2.6 2134  0.4
19  Sa        316 0353  2.7 1008  0.5 1617  2.5 2229  0.5
20  Su        316 0447  2.6 1102  0.5 1711  2.5 2321  0.5
21  Mo        316 0538  2.7 1154  0.5 1802  2.5 9999  9.9
22  Tu        316 0011  0.5 0626  2.7 1242  0.4 1851  2.6
23  We        316 0058  0.5 0712  2.7 1328  0.4 1937  2.6
24  Th        316 0144  0.4 0756  2.7 1412  0.4 2022  2.6
25  Fr        316 0228  0.4 0840  2.8 1455  0.3 2106  2.7
26  Sa        316 0312  0.4 0923  2.7 1538  0.3 2150  2.6
27  Su        316 0356  0.5 1006  2.7 1621  0.4 2234  2.6
28  Mo        316 0440  0.5 1049  2.6 1704  0.4 2318  2.6
29  Tu        316 0525  0.6 1132  2.5 1747  0.5 9999  9.9
30  We        316 0003  2.5 0610  0.7 1216  2.5 1831  0.6
31  Th        316 0048  2.5 0657  0.7 1303  2.4 1917  0.6
 1  Fr        416 0135  2.4 0746  0.7 1352  2.4 2005  0.6
 2  Sa        416 0224  2.4 0837  0.7 1444  2.4 2056  0.6
 3  Su        416 0316  2.5 0931  0.7 1538  2.4 2150  0.6
 4  Mo        416 0409  2.6 1025  0.6 1634  2.5 2245  0.5
 5  Tu        416 0502  2.7 1119  0.4 1729  2.6 2339  0.4
 6  We        416 0555  2.8 1213  0.3 1824  2.8 9999  9.9
 7  Th        416 0033  0.2 0648  3.0 1305  0.1 1917  2.9
 8  Fr        416 0127  0.1 0741  3.1 1358  0.0 2011  3.0
 9  Sa        416 0220  0.1 0833  3.1 1450 -0.1 2104  3.1
10  Su        416 0313  0.0 0925  3.1 1542 -0.1 2157  3.1
11  Mo        416 0407  0.1 1018  3.1 1635 -0.1 2250  3.1
12  Tu        416 0501  0.1 1112  3.0 1728  0.0 2345  3.0
13  We        416 0557  0.2 1207  2.9 1822  0.1 9999  9.9
14  Th        416 0040  2.9 0653  0.3 1303  2.8 1917  0.3
15  Fr        416 0136  2.8 0750  0.4 1400  2.6 2014  0.4
16  Sa        416 0232  2.7 0848  0.5 1457  2.5 2109  0.5
17  Su        416 0328  2.6 0945  0.6 1554  2.5 2204  0.6
18  Mo        416 0421  2.6 1038  0.6 1648  2.4 2256  0.6
19  Tu        416 0512  2.6 1128  0.6 1738  2.4 2345  0.6
20  We        416 0558  2.6 1215  0.5 1825  2.5 9999  9.9
21  Th        416 0031  0.6 0643  2.6 1259  0.5 1909  2.5
22  Fr        416 0115  0.6 0725  2.6 1341  0.4 1952  2.6
23  Sa        416 0158  0.5 0807  2.7 1423  0.4 2035  2.6
24  Su        416 0241  0.5 0849  2.7 1504  0.4 2118  2.7
25  Mo        416 0324  0.5 0932  2.7 1547  0.4 2201  2.7
26  Tu        416 0408  0.5 1016  2.7 1630  0.4 2245  2.7
27  We        416 0453  0.5 1100  2.6 1714  0.4 2330  2.6
28  Th        416 0540  0.6 1146  2.5 1759  0.5 9999  9.9
29  Fr        416 0016  2.6 0628  0.6 1234  2.5 1846  0.5
30  Sa        416 0104  2.6 0718  0.6 1324  2.4 1936  0.6
 1  Su        516 0155  2.6 0810  0.6 1418  2.4 2029  0.6
 2  Mo        516 0248  2.6 0905  0.6 1514  2.5 2125  0.5
 3  Tu        516 0343  2.6 1001  0.5 1611  2.5 2221  0.5
 4  We        516 0438  2.7 1056  0.4 1708  2.7 2317  0.4
 5  Th        516 0532  2.8 1150  0.2 1803  2.8 9999  9.9
 6  Fr        516 0013  0.3 0626  2.9 1244  0.1 1858  2.9
 7  Sa        516 0107  0.2 0719  3.0 1336  0.0 1951  3.0
 8  Su        516 0201  0.1 0812  3.1 1428 -0.1 2044  3.1
 9  Mo        516 0254  0.0 0905  3.1 1520 -0.1 2136  3.1
10  Tu        516 0347  0.1 0958  3.1 1613 -0.1 2229  3.1
11  We        516 0441  0.1 1051  3.0 1705  0.0 2322  3.0
12  Th        516 0535  0.2 1145  2.9 1759  0.2 9999  9.9
13  Fr        516 0016  2.9 0631  0.3 1240  2.7 1853  0.3
14  Sa        516 0111  2.8 0727  0.4 1336  2.6 1948  0.5
15  Su        516 0206  2.7 0823  0.5 1433  2.5 2043  0.6
16  Mo        516 0300  2.6 0918  0.6 1528  2.4 2136  0.7
17  Tu        516 0352  2.5 1011  0.7 1621  2.3 2228  0.7
18  We        516 0441  2.4 1059  0.7 1710  2.3 2315  0.7
19  Th        516 0527  2.4 1144  0.6 1756  2.4 9999  9.9
20  Fr        516 0000  0.7 0610  2.5 1226  0.6 1838  2.4
21  Sa        516 0043  0.7 0652  2.5 1307  0.5 1920  2.5
22  Su        516 0126  0.6 0734  2.6 1348  0.4 2002  2.6
23  Mo        516 0209  0.5 0816  2.6 1430  0.4 2045  2.7
24  Tu        516 0253  0.5 0900  2.7 1514  0.3 2129  2.7
25  We        516 0338  0.4 0945  2.7 1558  0.3 2214  2.8
26  Th        516 0425  0.4 1031  2.7 1643  0.3 2300  2.8
27  Fr        516 0512  0.4 1119  2.6 1730  0.4 2347  2.7
28  Sa        516 0601  0.5 1209  2.6 1819  0.4 9999  9.9
29  Su        516 0037  2.7 0652  0.5 1301  2.5 1911  0.5
30  Mo        516 0128  2.7 0746  0.5 1356  2.5 2005  0.5
31  Tu        516 0222  2.7 0841  0.5 1453  2.5 2102  0.5
 1  We        616 0318  2.7 0937  0.4 1550  2.6 2200  0.5
 2  Th        616 0415  2.7 1034  0.3 1648  2.7 2257  0.4
 3  Fr        616 0510  2.8 1129  0.2 1744  2.8 2353  0.3
 4  Sa        616 0605  2.9 1222  0.1 1838  2.9 9999  9.9
 5  Su        616 0048  0.2 0659  3.0 1315  0.0 1931  3.0
 6  Mo        616 0142  0.1 0752  3.0 1407  0.0 2023  3.1
 7  Tu        616 0235  0.1 0844  3.0 1459  0.0 2115  3.1
 8  We        616 0327  0.1 0937  3.0 1550  0.0 2207  3.1
 9  Th        616 0420  0.1 1029  3.0 1642  0.1 2259  3.0
10  Fr        616 0513  0.2 1122  2.8 1734  0.2 2351  2.9
11  Sa        616 0606  0.3 1216  2.7 1827  0.3 9999  9.9
12  Su        616 0044  2.8 0700  0.4 1310  2.6 1920  0.5
13  Mo        616 0136  2.6 0754  0.5 1405  2.4 2013  0.6
14  Tu        616 0229  2.5 0847  0.6 1459  2.3 2105  0.8
15  We        616 0319  2.4 0938  0.7 1550  2.3 2156  0.8
16  Th        616 0407  2.4 1025  0.7 1638  2.3 2242  0.8
17  Fr        616 0451  2.3 1109  0.7 1722  2.3 2327  0.8
18  Sa        616 0534  2.4 1150  0.6 1804  2.4 9999  9.9
19  Su        616 0010  0.7 0617  2.5 1231  0.6 1846  2.5
20  Mo        616 0053  0.6 0700  2.5 1314  0.4 1929  2.6
21  Tu        616 0138  0.5 0744  2.6 1357  0.4 2013  2.7
22  We        616 0223  0.4 0830  2.7 1442  0.3 2059  2.8
23  Th        616 0310  0.4 0917  2.7 1529  0.2 2145  2.9
24  Fr        616 0358  0.3 1005  2.8 1616  0.2 2232  2.9
25  Sa        616 0446  0.3 1055  2.7 1705  0.3 2321  2.9
26  Su        616 0537  0.3 1146  2.7 1756  0.3 9999  9.9
27  Mo        616 0012  2.8 0629  0.3 1239  2.7 1848  0.4
28  Tu        616 0104  2.8 0723  0.4 1335  2.6 1944  0.4
29  We        616 0159  2.7 0818  0.4 1432  2.6 2041  0.5
30  Th        616 0256  2.7 0915  0.4 1530  2.6 2140  0.5
 1  Fr        716 0353  2.7 1012  0.3 1628  2.7 2238  0.4
 2  Sa        716 0450  2.8 1107  0.3 1724  2.8 2334  0.3
 3  Su        716 0545  2.8 1201  0.2 1818  2.9 9999  9.9
 4  Mo        716 0029  0.3 0639  2.9 1254  0.1 1911  3.0
 5  Tu        716 0123  0.2 0732  2.9 1346  0.0 2002  3.0
 6  We        716 0215  0.1 0824  3.0 1437  0.0 2053  3.1
 7  Th        716 0306  0.1 0915  3.0 1527  0.1 2143  3.0
 8  Fr        716 0358  0.1 1007  2.9 1618  0.1 2234  3.0
 9  Sa        716 0449  0.2 1058  2.8 1708  0.3 2324  2.9
10  Su        716 0540  0.3 1150  2.7 1759  0.4 9999  9.9
11  Mo        716 0014  2.7 0631  0.4 1242  2.5 1850  0.6
12  Tu        716 0104  2.6 0722  0.6 1334  2.4 1941  0.7
13  We        716 0154  2.5 0812  0.7 1426  2.3 2031  0.8
14  Th        716 0242  2.3 0900  0.7 1515  2.3 2120  0.9
15  Fr        716 0328  2.3 0946  0.8 1601  2.2 2206  0.9
16  Sa        716 0413  2.3 1029  0.7 1645  2.3 2251  0.9
17  Su        716 0457  2.3 1112  0.7 1728  2.4 2336  0.8
18  Mo        716 0541  2.4 1155  0.6 1812  2.5 9999  9.9
19  Tu        716 0021  0.6 0627  2.5 1240  0.5 1857  2.6
20  We        716 0108  0.5 0714  2.6 1326  0.3 1943  2.8
21  Th        716 0155  0.4 0802  2.7 1414  0.3 2030  2.9
22  Fr        716 0243  0.3 0852  2.8 1502  0.2 2118  3.0
23  Sa        716 0332  0.2 0941  2.8 1551  0.2 2207  3.0
24  Su        716 0422  0.2 1032  2.8 1642  0.2 2257  3.0
25  Mo        716 0514  0.2 1125  2.8 1734  0.2 2349  2.9
26  Tu        716 0606  0.2 1219  2.8 1828  0.3 9999  9.9
27  We        716 0042  2.8 0700  0.3 1314  2.7 1924  0.4
28  Th        716 0137  2.8 0756  0.3 1412  2.7 2022  0.4
29  Fr        716 0234  2.7 0853  0.3 1510  2.7 2121  0.5
30  Sa        716 0332  2.7 0950  0.3 1608  2.7 2219  0.4
31  Su        716 0429  2.7 1046  0.3 1704  2.8 2316  0.4
 1  Mo        816 0525  2.7 1140  0.2 1758  2.8 9999  9.9
 2  Tu        816 0011  0.3 0620  2.8 1233  0.2 1850  2.9
 3  We        816 0103  0.3 0712  2.8 1324  0.2 1940  3.0
 4  Th        816 0154  0.2 0803  2.9 1414  0.1 2030  3.0
 5  Fr        816 0244  0.2 0853  2.9 1503  0.2 2118  3.0
 6  Sa        816 0334  0.2 0943  2.8 1552  0.2 2207  2.9
 7  Su        816 0423  0.2 1033  2.8 1641  0.3 2255  2.8
 8  Mo        816 0511  0.3 1122  2.7 1730  0.4 2342  2.7
 9  Tu        816 0559  0.4 1211  2.5 1818  0.6 9999  9.9
10  We        816 0029  2.6 0647  0.5 1300  2.4 1906  0.7
11  Th        816 0116  2.4 0734  0.7 1349  2.3 1954  0.8
12  Fr        816 0202  2.3 0819  0.7 1435  2.3 2041  0.9
13  Sa        816 0247  2.3 0904  0.8 1521  2.3 2128  0.9
14  Su        816 0333  2.2 0948  0.8 1606  2.3 2215  0.9
15  Mo        816 0420  2.3 1034  0.7 1652  2.4 2302  0.8
16  Tu        816 0508  2.4 1120  0.6 1738  2.5 2350  0.6
17  We        816 0557  2.5 1208  0.5 1826  2.7 9999  9.9
18  Th        816 0039  0.5 0647  2.6 1257  0.3 1914  2.8
19  Fr        816 0128  0.3 0737  2.8 1347  0.2 2003  2.9
20  Sa        816 0218  0.2 0828  2.9 1437  0.2 2053  3.0
21  Su        816 0309  0.1 0919  2.9 1528  0.1 2143  3.1
22  Mo        816 0359  0.1 1011  2.9 1620  0.1 2234  3.0
23  Tu        816 0451  0.1 1104  2.9 1713  0.2 2327  3.0
24  We        816 0544  0.1 1158  2.9 1808  0.3 9999  9.9
25  Th        816 0021  2.9 0638  0.2 1254  2.8 1904  0.3
26  Fr        816 0116  2.8 0734  0.2 1351  2.8 2003  0.4
27  Sa        816 0214  2.7 0831  0.3 1449  2.7 2102  0.5
28  Su        816 0312  2.7 0928  0.3 1547  2.7 2200  0.5
29  Mo        816 0410  2.6 1024  0.4 1643  2.7 2257  0.4
30  Tu        816 0506  2.7 1119  0.3 1737  2.8 2351  0.4
31  We        816 0600  2.7 1211  0.3 1828  2.8 9999  9.9
 1  Th        916 0043  0.3 0652  2.7 1302  0.3 1917  2.9
 2  Fr        916 0132  0.3 0742  2.8 1350  0.3 2005  2.9
 3  Sa        916 0220  0.2 0830  2.8 1438  0.3 2052  2.9
 4  Su        916 0308  0.2 0918  2.8 1525  0.3 2138  2.9
 5  Mo        916 0354  0.3 1005  2.7 1612  0.4 2224  2.8
 6  Tu        916 0440  0.3 1052  2.6 1659  0.5 2309  2.7
 7  We        916 0525  0.4 1139  2.6 1745  0.6 2354  2.5
 8  Th        916 0610  0.5 1225  2.5 1831  0.7 9999  9.9
 9  Fr        916 0038  2.4 0654  0.6 1310  2.4 1917  0.8
10  Sa        916 0123  2.3 0738  0.7 1356  2.3 2003  0.9
11  Su        916 0208  2.3 0823  0.7 1442  2.3 2051  0.9
12  Mo        916 0256  2.3 0909  0.7 1529  2.4 2140  0.8
13  Tu        916 0345  2.3 0958  0.7 1617  2.4 2230  0.7
14  We        916 0437  2.4 1048  0.6 1707  2.6 2321  0.6
15  Th        916 0529  2.5 1139  0.5 1757  2.7 9999  9.9
16  Fr        916 0012  0.4 0621  2.6 1231  0.3 1847  2.8
17  Sa        916 0103  0.3 0714  2.8 1323  0.2 1938  3.0
18  Su        916 0154  0.1 0806  2.9 1415  0.1 2029  3.1
19  Mo        916 0246  0.0 0858  3.0 1507  0.1 2120  3.1
20  Tu        916 0337  0.0 0951  3.0 1600  0.1 2212  3.1
21  We        916 0429  0.0 1044  3.0 1654  0.1 2305  3.0
22  Th        916 0522  0.0 1138  3.0 1749  0.2 9999  9.9
23  Fr        916 0000  2.9 0617  0.1 1234  2.9 1845  0.3
24  Sa        916 0056  2.8 0712  0.2 1330  2.8 1943  0.4
25  Su        916 0153  2.7 0809  0.3 1428  2.7 2042  0.4
26  Mo        916 0251  2.6 0906  0.4 1525  2.7 2140  0.5
27  Tu        916 0349  2.6 1002  0.4 1621  2.7 2236  0.5
28  We        916 0445  2.6 1057  0.4 1714  2.7 2330  0.5
29  Th        916 0539  2.6 1149  0.4 1804  2.7 9999  9.9
30  Fr        916 0020  0.4 0630  2.6 1238  0.4 1852  2.8
 1  Sa       1016 0108  0.4 0718  2.6 1326  0.4 1939  2.8
 2  Su       1016 0155  0.3 0805  2.7 1412  0.4 2024  2.8
 3  Mo       1016 0239  0.3 0851  2.7 1457  0.4 2108  2.8
 4  Tu       1016 0323  0.3 0936  2.7 1542  0.4 2151  2.7
 5  We       1016 0407  0.3 1020  2.6 1627  0.5 2235  2.6
 6  Th       1016 0450  0.4 1104  2.6 1711  0.6 2318  2.6
 7  Fr       1016 0533  0.5 1149  2.5 1756  0.7 9999  9.9
 8  Sa       1016 0002  2.5 0616  0.6 1233  2.5 1842  0.7
 9  Su       1016 0047  2.4 0700  0.6 1318  2.4 1929  0.8
10  Mo       1016 0133  2.3 0746  0.7 1405  2.4 2017  0.8
11  Tu       1016 0223  2.3 0835  0.7 1454  2.4 2109  0.7
12  We       1016 0315  2.3 0926  0.6 1545  2.5 2201  0.7
13  Th       1016 0409  2.4 1019  0.6 1637  2.6 2254  0.5
14  Fr       1016 0504  2.5 1113  0.5 1730  2.7 2347  0.4
15  Sa       1016 0558  2.7 1207  0.3 1822  2.9 9999  9.9
16  Su       1016 0039  0.2 0652  2.8 1301  0.2 1914  3.0
17  Mo       1016 0132  0.1 0745  2.9 1354  0.1 2007  3.1
18  Tu       1016 0223  0.0 0837  3.0 1447  0.1 2059  3.1
19  We       1016 0315 -0.1 0930  3.1 1540  0.1 2152  3.1
20  Th       1016 0408 -0.1 1023  3.1 1634  0.1 2245  3.1
21  Fr       1016 0501  0.0 1117  3.0 1729  0.2 2339  3.0
22  Sa       1016 0554  0.1 1212  3.0 1825  0.2 9999  9.9
23  Su       1016 0035  2.8 0649  0.2 1308  2.9 1922  0.4
24  Mo       1016 0132  2.7 0746  0.3 1404  2.8 2020  0.4
25  Tu       1016 0230  2.6 0842  0.4 1501  2.7 2118  0.5
26  We       1016 0328  2.5 0939  0.5 1556  2.6 2214  0.5
27  Th       1016 0424  2.5 1033  0.6 1649  2.6 2306  0.5
28  Fr       1016 0517  2.5 1124  0.6 1739  2.6 2356  0.5
29  Sa       1016 0606  2.5 1213  0.6 1825  2.6 9999  9.9
30  Su       1016 0042  0.5 0653  2.5 1259  0.5 1910  2.6
31  Mo       1016 0126  0.4 0738  2.6 1344  0.5 1953  2.7
 1  Tu       1116 0208  0.4 0821  2.6 1427  0.5 2036  2.7
 2  We       1116 0251  0.4 0904  2.7 1511  0.5 2118  2.7
 3  Th       1116 0333  0.4 0947  2.7 1555  0.5 2201  2.6
 4  Fr       1116 0415  0.4 1030  2.7 1639  0.5 2245  2.6
 5  Sa       1116 0458  0.4 1114  2.6 1724  0.6 2329  2.5
 6  Su       1116 0542  0.5 1159  2.6 1810  0.6 9999  9.9
 7  Mo       1116 0015  2.5 0627  0.6 1245  2.5 1857  0.7
 8  Tu       1116 0103  2.4 0714  0.6 1333  2.5 1948  0.7
 9  We       1116 0155  2.4 0805  0.6 1423  2.5 2040  0.6
10  Th       1116 0249  2.4 0858  0.6 1516  2.6 2134  0.6
11  Fr       1116 0345  2.5 0954  0.6 1610  2.6 2229  0.5
12  Sa       1116 0441  2.6 1050  0.5 1705  2.7 2323  0.3
13  Su       1116 0536  2.7 1145  0.4 1759  2.9 9999  9.9
14  Mo       1116 0017  0.2 0631  2.8 1240  0.2 1852  3.0
15  Tu       1116 0109  0.1 0724  3.0 1334  0.1 1945  3.0
16  We       1116 0202  0.0 0817  3.1 1427  0.1 2038  3.1
17  Th       1116 0254 -0.1 0910  3.1 1521  0.0 2131  3.1
18  Fr       1116 0346 -0.1 1002  3.1 1614  0.1 2224  3.0
19  Sa       1116 0439  0.0 1056  3.1 1709  0.1 2318  2.9
20  Su       1116 0532  0.1 1149  3.0 1804  0.2 9999  9.9
21  Mo       1116 0013  2.8 0626  0.2 1244  2.9 1900  0.3
22  Tu       1116 0110  2.7 0721  0.4 1339  2.8 1956  0.4
23  We       1116 0207  2.6 0817  0.5 1435  2.6 2053  0.5
24  Th       1116 0304  2.5 0913  0.6 1529  2.6 2148  0.6
25  Fr       1116 0359  2.4 1007  0.7 1621  2.5 2240  0.6
26  Sa       1116 0452  2.4 1058  0.7 1710  2.5 2328  0.6
27  Su       1116 0540  2.4 1145  0.7 1755  2.5 9999  9.9
28  Mo       1116 0012  0.6 0625  2.5 1230  0.7 1838  2.5
29  Tu       1116 0054  0.5 0707  2.5 1313  0.6 1920  2.6
30  We       1116 0135  0.4 0749  2.6 1356  0.5 2003  2.6
 1  Th       1216 0216  0.4 0831  2.7 1439  0.5 2045  2.6
 2  Fr       1216 0259  0.4 0914  2.7 1523  0.5 2129  2.7
 3  Sa       1216 0342  0.3 0957  2.7 1608  0.5 2214  2.6
 4  Su       1216 0425  0.4 1042  2.7 1654  0.5 2300  2.6
 5  Mo       1216 0511  0.4 1127  2.7 1741  0.5 2348  2.6
 6  Tu       1216 0558  0.5 1215  2.7 1830  0.5 9999  9.9
 7  We       1216 0037  2.5 0647  0.5 1304  2.6 1921  0.5
 8  Th       1216 0130  2.5 0739  0.5 1356  2.6 2014  0.5
 9  Fr       1216 0225  2.5 0834  0.6 1450  2.6 2109  0.5
10  Sa       1216 0322  2.5 0931  0.5 1546  2.7 2205  0.4
11  Su       1216 0419  2.6 1028  0.5 1642  2.7 2300  0.3
12  Mo       1216 0516  2.7 1125  0.4 1737  2.8 2355  0.2
13  Tu       1216 0610  2.8 1221  0.3 1832  2.9 9999  9.9
14  We       1216 0048  0.1 0704  3.0 1315  0.2 1925  3.0
15  Th       1216 0140  0.0 0757  3.1 1408  0.1 2018  3.0
16  Fr       1216 0233 -0.1 0849  3.1 1501  0.1 2111  3.1
17  Sa       1216 0324 -0.1 0941  3.1 1554  0.1 2204  3.0
18  Su       1216 0416  0.0 1033  3.1 1648  0.1 2257  2.9
19  Mo       1216 0509  0.1 1126  3.0 1741  0.2 2351  2.8
20  Tu       1216 0602  0.2 1219  2.9 1836  0.3 9999  9.9
21  We       1216 0046  2.7 0656  0.4 1312  2.7 1930  0.4
22  Th       1216 0142  2.5 0751  0.6 1406  2.6 2025  0.6
23  Fr       1216 0238  2.4 0845  0.7 1459  2.5 2118  0.6
24  Sa       1216 0332  2.3 0938  0.8 1550  2.4 2208  0.7
25  Su       1216 0422  2.3 1028  0.8 1637  2.4 2255  0.7
26  Mo       1216 0509  2.3 1115  0.8 1722  2.4 2338  0.7
27  Tu       1216 0552  2.4 1158  0.8 1804  2.4 9999  9.9
28  We       1216 0019  0.6 0634  2.5 1241  0.7 1847  2.5
29  Th       1216 0100  0.5 0715  2.6 1324  0.6 1930  2.6
30  Fr       1216 0142  0.4 0758  2.7 1408  0.5 2014  2.6
31  Sa       1216 0225  0.3 0841  2.8 1453  0.4 2059  2.7
