097Napier
Based on data from  1-Jul-2014
Local Std Time, tidal heights in metres.
 1  Mo        724 0049  1.7 0704  0.2 1316  1.7 1934  0.3
 2  Tu        724 0146  1.7 0759  0.3 1414  1.7 2033  0.3
 3  We        724 0242  1.7 0854  0.3 1511  1.7 2131  0.3
 4  Th        724 0338  1.7 0950  0.3 1608  1.8 2227  0.3
 5  Fr        724 0434  1.6 1044  0.3 1702  1.8 2321  0.3
 6  Sa        724 0529  1.6 1137  0.3 1753  1.8 9999  9.9
 7  Su        724 0014  0.3 0622  1.6 1228  0.3 1843  1.8
 8  Mo        724 0104  0.3 0712  1.6 1317  0.3 1931  1.7
 9  Tu        724 0153  0.3 0801  1.6 1404  0.3 2017  1.7
10  We        724 0240  0.3 0847  1.6 1449  0.4 2101  1.7
11  Th        724 0324  0.4 0931  1.5 1534  0.4 2146  1.6
12  Fr        724 0408  0.4 1015  1.5 1619  0.4 2230  1.6
13  Sa        724 0451  0.4 1058  1.5 1705  0.5 2315  1.6
14  Su        724 0534  0.4 1143  1.5 1753  0.5 9999  9.9
15  Mo        724 0000  1.5 0617  0.4 1229  1.5 1842  0.5
16  Tu        724 0046  1.5 0702  0.5 1317  1.5 1932  0.5
17  We        724 0134  1.5 0747  0.5 1405  1.5 2021  0.5
18  Th        724 0221  1.5 0835  0.4 1454  1.6 2110  0.4
19  Fr        724 0310  1.5 0923  0.4 1543  1.6 2200  0.4
20  Sa        724 0401  1.5 1013  0.4 1631  1.7 2249  0.3
21  Su        724 0452  1.6 1103  0.3 1721  1.8 2340  0.3
22  Mo        724 0544  1.6 1154  0.3 1811  1.8 9999  9.9
23  Tu        724 0031  0.2 0637  1.7 1246  0.2 1902  1.9
24  We        724 0124  0.2 0730  1.7 1339  0.2 1955  1.9
25  Th        724 0217  0.2 0823  1.8 1432  0.2 2049  1.9
26  Fr        724 0310  0.1 0917  1.8 1527  0.2 2144  1.9
27  Sa        724 0403  0.2 1011  1.8 1623  0.2 2240  1.8
28  Su        724 0457  0.2 1106  1.8 1721  0.2 2337  1.8
29  Mo        724 0551  0.2 1203  1.8 1821  0.3 9999  9.9
30  Tu        724 0033  1.7 0646  0.2 1300  1.7 1920  0.3
31  We        724 0130  1.7 0741  0.3 1359  1.7 2019  0.3
 1  Th        824 0227  1.6 0837  0.3 1456  1.7 2116  0.3
 2  Fr        824 0322  1.6 0932  0.3 1551  1.7 2211  0.3
 3  Sa        824 0417  1.6 1026  0.3 1643  1.7 2303  0.3
 4  Su        824 0510  1.6 1117  0.3 1733  1.7 2353  0.4
 5  Mo        824 0600  1.6 1206  0.3 1819  1.7 9999  9.9
 6  Tu        824 0040  0.4 0647  1.6 1252  0.4 1904  1.7
 7  We        824 0125  0.4 0732  1.6 1336  0.4 1947  1.7
 8  Th        824 0208  0.4 0815  1.6 1418  0.4 2029  1.6
 9  Fr        824 0250  0.4 0857  1.6 1501  0.4 2111  1.6
10  Sa        824 0331  0.4 0938  1.5 1545  0.4 2154  1.6
11  Su        824 0412  0.4 1020  1.5 1630  0.5 2237  1.5
12  Mo        824 0453  0.4 1104  1.5 1716  0.5 2322  1.5
13  Tu        824 0536  0.4 1149  1.5 1805  0.5 9999  9.9
14  We        824 0009  1.5 0621  0.5 1237  1.5 1855  0.5
15  Th        824 0056  1.5 0708  0.5 1327  1.6 1946  0.5
16  Fr        824 0146  1.5 0757  0.4 1418  1.6 2037  0.4
17  Sa        824 0237  1.5 0849  0.4 1509  1.7 2128  0.4
18  Su        824 0330  1.6 0942  0.3 1601  1.7 2220  0.3
19  Mo        824 0424  1.6 1036  0.3 1654  1.8 2313  0.2
20  Tu        824 0519  1.7 1130  0.2 1746  1.9 9999  9.9
21  We        824 0006  0.2 0613  1.8 1224  0.2 1840  1.9
22  Th        824 0100  0.1 0707  1.8 1318  0.1 1934  1.9
23  Fr        824 0153  0.1 0802  1.9 1413  0.1 2029  1.9
24  Sa        824 0247  0.1 0856  1.9 1509  0.1 2125  1.9
25  Su        824 0341  0.1 0951  1.9 1607  0.2 2222  1.8
26  Mo        824 0436  0.2 1047  1.8 1705  0.2 2319  1.8
27  Tu        824 0530  0.2 1144  1.8 1805  0.3 9999  9.9
28  We        824 0016  1.7 0626  0.3 1242  1.7 1904  0.3
29  Th        824 0113  1.6 0722  0.3 1340  1.7 2002  0.3
30  Fr        824 0209  1.6 0818  0.4 1437  1.7 2058  0.4
31  Sa        824 0305  1.6 0913  0.4 1531  1.7 2151  0.4
 1  Su        924 0358  1.5 1006  0.4 1622  1.7 2241  0.4
 2  Mo        924 0449  1.5 1055  0.4 1709  1.7 2328  0.4
 3  Tu        924 0537  1.5 1142  0.4 1753  1.6 9999  9.9
 4  We        924 0012  0.4 0621  1.5 1226  0.4 1835  1.6
 5  Th        924 0055  0.4 0703  1.6 1308  0.4 1916  1.6
 6  Fr        924 0136  0.4 0744  1.6 1349  0.4 1957  1.6
 7  Sa        924 0215  0.4 0824  1.6 1431  0.4 2038  1.6
 8  Su        924 0255  0.4 0904  1.6 1513  0.4 2120  1.6
 9  Mo        924 0335  0.4 0945  1.6 1558  0.4 2204  1.5
10  Tu        924 0416  0.4 1027  1.6 1644  0.5 2248  1.5
11  We        924 0459  0.4 1113  1.6 1732  0.5 2334  1.5
12  Th        924 0544  0.5 1201  1.6 1822  0.5 9999  9.9
13  Fr        924 0023  1.5 0632  0.4 1252  1.6 1913  0.4
14  Sa        924 0114  1.5 0724  0.4 1345  1.6 2005  0.4
15  Su        924 0207  1.6 0818  0.4 1439  1.7 2059  0.3
16  Mo        924 0302  1.6 0915  0.3 1533  1.8 2152  0.3
17  Tu        924 0358  1.7 1011  0.2 1628  1.8 2247  0.2
18  We        924 0455  1.7 1107  0.2 1723  1.9 2341  0.1
19  Th        924 0550  1.8 1203  0.1 1818  1.9 9999  9.9
20  Fr        924 0036  0.1 0646  1.9 1259  0.1 1914  1.9
21  Sa        924 0130  0.1 0741  1.9 1355  0.1 2010  1.9
22  Su        924 0225  0.1 0835  1.9 1452  0.1 2106  1.9
23  Mo        924 0319  0.1 0931  1.9 1549  0.1 2202  1.8
24  Tu        924 0413  0.2 1026  1.9 1647  0.2 2259  1.7
25  We        924 0508  0.2 1123  1.8 1746  0.3 2355  1.7
26  Th        924 0603  0.3 1221  1.7 1844  0.3 9999  9.9
27  Fr        924 0051  1.6 0659  0.3 1318  1.7 1940  0.4
28  Sa        924 0147  1.5 0754  0.4 1413  1.6 2034  0.4
29  Su        924 0241  1.5 0849  0.4 1505  1.6 2125  0.4
30  Mo        924 0334  1.5 0941  0.4 1554  1.6 2213  0.4
 1  Tu       1024 0423  1.5 1030  0.4 1640  1.6 2258  0.4
 2  We       1024 0509  1.5 1115  0.4 1723  1.6 2341  0.4
 3  Th       1024 0553  1.5 1158  0.4 1805  1.6 9999  9.9
 4  Fr       1024 0023  0.4 0634  1.6 1240  0.4 1846  1.6
 5  Sa       1024 0103  0.4 0714  1.6 1321  0.4 1927  1.6
 6  Su       1024 0143  0.4 0753  1.6 1403  0.4 2009  1.6
 7  Mo       1024 0222  0.4 0833  1.6 1446  0.4 2051  1.5
 8  Tu       1024 0302  0.4 0913  1.6 1530  0.4 2134  1.5
 9  We       1024 0343  0.4 0956  1.6 1616  0.4 2219  1.5
10  Th       1024 0426  0.4 1041  1.6 1703  0.4 2305  1.5
11  Fr       1024 0512  0.4 1130  1.6 1753  0.4 2354  1.5
12  Sa       1024 0601  0.4 1222  1.6 1844  0.4 9999  9.9
13  Su       1024 0046  1.5 0655  0.4 1316  1.7 1937  0.3
14  Mo       1024 0140  1.6 0752  0.4 1411  1.7 2031  0.3
15  Tu       1024 0237  1.6 0850  0.3 1508  1.8 2126  0.2
16  We       1024 0334  1.7 0949  0.2 1604  1.8 2222  0.2
17  Th       1024 0432  1.8 1047  0.2 1700  1.9 2317  0.1
18  Fr       1024 0529  1.9 1144  0.1 1757  1.9 9999  9.9
19  Sa       1024 0013  0.1 0625  1.9 1241  0.1 1854  1.9
20  Su       1024 0108  0.1 0721  1.9 1337  0.1 1950  1.9
21  Mo       1024 0203  0.1 0815  1.9 1434  0.1 2046  1.8
22  Tu       1024 0257  0.1 0910  1.9 1531  0.2 2142  1.8
23  We       1024 0350  0.2 1005  1.9 1627  0.2 2237  1.7
24  Th       1024 0444  0.2 1100  1.8 1723  0.3 2331  1.6
25  Fr       1024 0537  0.3 1155  1.7 1818  0.3 9999  9.9
26  Sa       1024 0025  1.6 0631  0.4 1249  1.7 1911  0.4
27  Su       1024 0118  1.5 0725  0.4 1342  1.6 2002  0.4
28  Mo       1024 0211  1.5 0818  0.5 1432  1.6 2051  0.4
29  Tu       1024 0302  1.5 0910  0.5 1520  1.6 2138  0.4
30  We       1024 0351  1.5 0958  0.5 1606  1.6 2223  0.4
31  Th       1024 0437  1.5 1045  0.5 1650  1.5 2307  0.4
 1  Fr       1124 0521  1.5 1129  0.4 1733  1.5 2349  0.4
 2  Sa       1124 0603  1.6 1212  0.4 1815  1.5 9999  9.9
 3  Su       1124 0031  0.4 0643  1.6 1254  0.4 1858  1.5
 4  Mo       1124 0111  0.4 0723  1.6 1337  0.4 1941  1.5
 5  Tu       1124 0152  0.4 0804  1.6 1420  0.4 2024  1.5
 6  We       1124 0233  0.4 0846  1.7 1505  0.4 2108  1.5
 7  Th       1124 0315  0.4 0930  1.7 1551  0.4 2154  1.5
 8  Fr       1124 0359  0.4 1016  1.7 1639  0.4 2241  1.6
 9  Sa       1124 0446  0.4 1105  1.7 1728  0.4 2330  1.6
10  Su       1124 0537  0.4 1157  1.7 1819  0.3 9999  9.9
11  Mo       1124 0022  1.6 0632  0.4 1252  1.7 1912  0.3
12  Tu       1124 0117  1.6 0730  0.3 1348  1.7 2006  0.3
13  We       1124 0214  1.7 0829  0.3 1445  1.8 2102  0.2
14  Th       1124 0313  1.7 0929  0.2 1542  1.8 2158  0.2
15  Fr       1124 0412  1.8 1028  0.2 1640  1.8 2255  0.2
16  Sa       1124 0510  1.9 1126  0.1 1737  1.8 2352  0.1
17  Su       1124 0606  1.9 1223  0.1 1834  1.8 9999  9.9
18  Mo       1124 0047  0.1 0701  1.9 1320  0.1 1931  1.8
19  Tu       1124 0141  0.1 0756  1.9 1416  0.2 2026  1.8
20  We       1124 0234  0.2 0849  1.9 1511  0.2 2120  1.7
21  Th       1124 0326  0.2 0942  1.8 1605  0.2 2212  1.7
22  Fr       1124 0417  0.3 1034  1.8 1657  0.3 2304  1.6
23  Sa       1124 0508  0.3 1125  1.7 1748  0.3 2354  1.6
24  Su       1124 0559  0.4 1215  1.6 1837  0.4 9999  9.9
25  Mo       1124 0044  1.5 0651  0.4 1305  1.6 1925  0.4
26  Tu       1124 0134  1.5 0742  0.5 1353  1.6 2012  0.5
27  We       1124 0224  1.5 0833  0.5 1440  1.5 2058  0.5
28  Th       1124 0313  1.5 0923  0.5 1527  1.5 2144  0.5
29  Fr       1124 0401  1.5 1010  0.5 1613  1.5 2230  0.5
30  Sa       1124 0446  1.5 1056  0.5 1658  1.5 2314  0.4
 1  Su       1224 0530  1.6 1141  0.4 1743  1.5 2357  0.4
 2  Mo       1224 0612  1.6 1225  0.4 1828  1.5 9999  9.9
 3  Tu       1224 0040  0.4 0654  1.7 1310  0.4 1913  1.5
 4  We       1224 0122  0.4 0737  1.7 1355  0.4 1958  1.6
 5  Th       1224 0206  0.4 0821  1.7 1442  0.3 2044  1.6
 6  Fr       1224 0250  0.3 0907  1.7 1529  0.3 2131  1.6
 7  Sa       1224 0337  0.3 0955  1.7 1617  0.3 2219  1.6
 8  Su       1224 0426  0.3 1045  1.7 1707  0.3 2309  1.6
 9  Mo       1224 0518  0.3 1137  1.7 1757  0.3 9999  9.9
10  Tu       1224 0001  1.6 0613  0.3 1232  1.7 1850  0.3
11  We       1224 0057  1.7 0712  0.3 1327  1.7 1944  0.3
12  Th       1224 0155  1.7 0811  0.3 1425  1.7 2040  0.2
13  Fr       1224 0254  1.7 0912  0.3 1523  1.7 2138  0.2
14  Sa       1224 0353  1.8 1011  0.2 1621  1.7 2235  0.2
15  Su       1224 0452  1.8 1109  0.2 1719  1.7 2332  0.2
16  Mo       1224 0548  1.9 1207  0.2 1816  1.7 9999  9.9
17  Tu       1224 0027  0.2 0643  1.9 1302  0.2 1912  1.7
18  We       1224 0120  0.2 0736  1.9 1357  0.2 2005  1.7
19  Th       1224 0212  0.2 0827  1.8 1449  0.2 2056  1.7
20  Fr       1224 0301  0.3 0917  1.8 1539  0.3 2145  1.6
21  Sa       1224 0350  0.3 1005  1.7 1627  0.3 2233  1.6
22  Su       1224 0437  0.4 1052  1.7 1713  0.4 2319  1.6
23  Mo       1224 0525  0.4 1139  1.6 1758  0.4 9999  9.9
24  Tu       1224 0006  1.5 0614  0.5 1225  1.6 1843  0.4
25  We       1224 0053  1.5 0703  0.5 1312  1.5 1929  0.5
26  Th       1224 0142  1.5 0753  0.5 1359  1.5 2015  0.5
27  Fr       1224 0231  1.5 0843  0.5 1446  1.5 2102  0.5
28  Sa       1224 0320  1.5 0932  0.5 1533  1.5 2149  0.5
29  Su       1224 0408  1.5 1020  0.5 1621  1.5 2236  0.4
30  Mo       1224 0454  1.6 1108  0.4 1709  1.5 2322  0.4
31  Tu       1224 0539  1.6 1155  0.4 1757  1.5 9999  9.9
 1  We        125 0008  0.4 0624  1.7 1241  0.4 1845  1.6
 2  Th        125 0054  0.3 0710  1.7 1329  0.3 1933  1.6
 3  Fr        125 0140  0.3 0757  1.8 1417  0.3 2021  1.6
 4  Sa        125 0228  0.3 0845  1.8 1506  0.3 2109  1.7
 5  Su        125 0317  0.3 0935  1.8 1556  0.2 2159  1.7
 6  Mo        125 0409  0.2 1027  1.8 1646  0.2 2250  1.7
 7  Tu        125 0502  0.3 1120  1.8 1737  0.2 2344  1.7
 8  We        125 0558  0.3 1215  1.8 1830  0.3 9999  9.9
 9  Th        125 0039  1.7 0657  0.3 1310  1.7 1925  0.3
10  Fr        125 0138  1.7 0756  0.3 1408  1.7 2021  0.3
11  Sa        125 0237  1.7 0856  0.3 1506  1.7 2119  0.3
12  Su        125 0337  1.8 0956  0.3 1604  1.7 2217  0.3
13  Mo        125 0435  1.8 1053  0.3 1702  1.7 2313  0.3
14  Tu        125 0530  1.8 1149  0.3 1758  1.6 9999  9.9
15  We        125 0007  0.3 0623  1.8 1243  0.3 1851  1.6
16  Th        125 0059  0.3 0714  1.8 1335  0.3 1942  1.6
17  Fr        125 0148  0.3 0802  1.8 1423  0.3 2030  1.6
18  Sa        125 0235  0.3 0849  1.7 1510  0.3 2115  1.6
19  Su        125 0320  0.3 0934  1.7 1554  0.4 2159  1.6
20  Mo        125 0405  0.4 1018  1.6 1637  0.4 2243  1.6
21  Tu        125 0451  0.4 1102  1.6 1719  0.4 2327  1.5
22  We        125 0537  0.5 1146  1.6 1802  0.4 9999  9.9
23  Th        125 0012  1.5 0625  0.5 1231  1.5 1846  0.5
24  Fr        125 0100  1.5 0714  0.5 1318  1.5 1932  0.5
25  Sa        125 0149  1.5 0804  0.5 1405  1.5 2020  0.5
26  Su        125 0238  1.5 0853  0.5 1454  1.5 2108  0.5
27  Mo        125 0327  1.6 0943  0.5 1544  1.5 2158  0.4
28  Tu        125 0416  1.6 1032  0.4 1634  1.5 2247  0.4
29  We        125 0504  1.7 1121  0.4 1725  1.6 2337  0.3
30  Th        125 0553  1.7 1211  0.3 1816  1.6 9999  9.9
31  Fr        125 0026  0.3 0642  1.8 1301  0.3 1906  1.7
 1  Sa        225 0116  0.2 0732  1.8 1352  0.2 1957  1.7
 2  Su        225 0207  0.2 0824  1.8 1443  0.2 2048  1.8
 3  Mo        225 0259  0.2 0916  1.8 1534  0.2 2140  1.8
 4  Tu        225 0352  0.2 1010  1.8 1626  0.2 2233  1.8
 5  We        225 0448  0.2 1104  1.8 1718  0.2 2327  1.8
 6  Th        225 0545  0.2 1159  1.7 1812  0.2 9999  9.9
 7  Fr        225 0024  1.7 0644  0.3 1256  1.7 1907  0.3
 8  Sa        225 0122  1.7 0743  0.3 1353  1.7 2004  0.3
 9  Su        225 0222  1.7 0842  0.3 1450  1.6 2102  0.3
10  Mo        225 0320  1.7 0940  0.3 1548  1.6 2159  0.3
11  Tu        225 0417  1.7 1036  0.3 1644  1.6 2255  0.3
12  We        225 0511  1.7 1129  0.3 1738  1.6 2347  0.3
13  Th        225 0601  1.7 1220  0.4 1829  1.6 9999  9.9
14  Fr        225 0036  0.3 0649  1.7 1309  0.4 1916  1.6
15  Sa        225 0122  0.3 0735  1.7 1354  0.4 2001  1.6
16  Su        225 0207  0.4 0819  1.6 1437  0.4 2043  1.6
17  Mo        225 0250  0.4 0902  1.6 1519  0.4 2125  1.6
18  Tu        225 0333  0.4 0944  1.6 1600  0.4 2206  1.6
19  We        225 0417  0.4 1027  1.6 1641  0.4 2249  1.5
20  Th        225 0502  0.5 1110  1.5 1722  0.5 2333  1.5
21  Fr        225 0549  0.5 1154  1.5 1806  0.5 9999  9.9
22  Sa        225 0019  1.5 0637  0.5 1240  1.5 1851  0.5
23  Su        225 0108  1.5 0726  0.5 1327  1.5 1939  0.5
24  Mo        225 0157  1.6 0815  0.5 1416  1.5 2029  0.5
25  Tu        225 0248  1.6 0905  0.4 1507  1.5 2121  0.4
26  We        225 0339  1.6 0956  0.4 1600  1.6 2213  0.4
27  Th        225 0430  1.7 1047  0.3 1653  1.6 2306  0.3
28  Fr        225 0522  1.8 1140  0.3 1746  1.7 2359  0.2
 1  Sa        325 0615  1.8 1232  0.2 1839  1.8 9999  9.9
 2  Su        325 0052  0.2 0708  1.9 1325  0.2 1933  1.8
 3  Mo        325 0146  0.1 0802  1.9 1419  0.1 2026  1.8
 4  Tu        325 0241  0.1 0857  1.9 1512  0.1 2120  1.9
 5  We        325 0336  0.1 0952  1.8 1605  0.2 2215  1.8
 6  Th        325 0434  0.2 1048  1.8 1659  0.2 2311  1.8
 7  Fr        325 0532  0.2 1144  1.7 1754  0.2 9999  9.9
 8  Sa        325 0008  1.8 0630  0.3 1241  1.7 1850  0.3
 9  Su        325 0107  1.7 0729  0.3 1337  1.6 1947  0.3
10  Mo        325 0205  1.7 0826  0.3 1434  1.6 2045  0.4
11  Tu        325 0302  1.7 0921  0.4 1530  1.6 2140  0.4
12  We        325 0356  1.7 1014  0.4 1624  1.6 2233  0.4
13  Th        325 0447  1.6 1105  0.4 1715  1.6 2323  0.4
14  Fr        325 0535  1.6 1153  0.4 1803  1.6 9999  9.9
15  Sa        325 0010  0.4 0621  1.6 1238  0.4 1847  1.6
16  Su        325 0055  0.4 0704  1.6 1321  0.4 1930  1.6
17  Mo        325 0138  0.4 0747  1.6 1403  0.4 2011  1.6
18  Tu        325 0220  0.4 0829  1.6 1443  0.4 2051  1.6
19  We        325 0303  0.4 0911  1.5 1523  0.4 2132  1.6
20  Th        325 0346  0.4 0953  1.5 1604  0.5 2213  1.6
21  Fr        325 0431  0.4 1037  1.5 1645  0.5 2257  1.6
22  Sa        325 0516  0.5 1121  1.5 1729  0.5 2343  1.6
23  Su        325 0603  0.5 1206  1.5 1814  0.5 9999  9.9
24  Mo        325 0030  1.6 0651  0.4 1253  1.5 1902  0.5
25  Tu        325 0120  1.6 0740  0.4 1343  1.5 1954  0.4
26  We        325 0212  1.6 0831  0.4 1434  1.6 2047  0.4
27  Th        325 0305  1.7 0922  0.3 1528  1.6 2142  0.3
28  Fr        325 0358  1.7 1015  0.3 1623  1.7 2238  0.2
29  Sa        325 0453  1.8 1109  0.2 1719  1.8 2334  0.2
30  Su        325 0548  1.8 1204  0.2 1814  1.8 9999  9.9
31  Mo        325 0029  0.1 0644  1.9 1259  0.1 1910  1.9
 1  Tu        425 0126  0.1 0740  1.9 1354  0.1 2005  1.9
 2  We        425 0222  0.1 0837  1.9 1449  0.1 2100  1.9
 3  Th        425 0320  0.1 0934  1.8 1544  0.2 2156  1.9
 4  Fr        425 0418  0.2 1031  1.8 1640  0.2 2253  1.8
 5  Sa        425 0516  0.2 1128  1.7 1735  0.3 2351  1.8
 6  Su        425 0614  0.3 1224  1.7 1831  0.3 9999  9.9
 7  Mo        425 0048  1.7 0710  0.3 1319  1.6 1928  0.4
 8  Tu        425 0145  1.7 0805  0.4 1414  1.6 2023  0.4
 9  We        425 0239  1.6 0857  0.4 1507  1.5 2117  0.4
10  Th        425 0330  1.6 0947  0.4 1559  1.5 2208  0.4
11  Fr        425 0418  1.6 1034  0.4 1647  1.5 2256  0.4
12  Sa        425 0504  1.6 1120  0.4 1733  1.5 2342  0.4
13  Su        425 0548  1.6 1204  0.4 1816  1.6 9999  9.9
14  Mo        425 0025  0.4 0631  1.5 1246  0.4 1857  1.6
15  Tu        425 0108  0.4 0714  1.5 1327  0.4 1938  1.6
16  We        425 0150  0.4 0756  1.5 1408  0.4 2018  1.6
17  Th        425 0233  0.4 0839  1.5 1448  0.5 2059  1.6
18  Fr        425 0317  0.4 0922  1.5 1529  0.5 2141  1.6
19  Sa        425 0401  0.4 1006  1.5 1611  0.5 2224  1.6
20  Su        425 0447  0.4 1050  1.5 1655  0.5 2310  1.6
21  Mo        425 0533  0.4 1135  1.5 1741  0.5 2358  1.6
22  Tu        425 0621  0.4 1223  1.5 1831  0.4 9999  9.9
23  We        425 0049  1.6 0709  0.4 1313  1.6 1924  0.4
24  Th        425 0141  1.7 0800  0.3 1405  1.6 2019  0.3
25  Fr        425 0235  1.7 0852  0.3 1500  1.7 2116  0.3
26  Sa        425 0330  1.8 0946  0.2 1557  1.8 2213  0.2
27  Su        425 0426  1.8 1042  0.2 1654  1.8 2311  0.2
28  Mo        425 0523  1.8 1138  0.1 1751  1.9 9999  9.9
29  Tu        425 0008  0.1 0621  1.8 1235  0.1 1848  1.9
30  We        425 0106  0.1 0719  1.8 1331  0.1 1944  1.9
 1  Th        525 0204  0.1 0817  1.8 1427  0.1 2040  1.9
 2  Fr        525 0302  0.1 0915  1.8 1523  0.2 2137  1.9
 3  Sa        525 0400  0.2 1012  1.7 1618  0.2 2233  1.8
 4  Su        525 0457  0.2 1107  1.7 1713  0.3 2329  1.8
 5  Mo        525 0553  0.3 1202  1.6 1809  0.3 9999  9.9
 6  Tu        525 0025  1.7 0646  0.3 1256  1.6 1903  0.4
 7  We        525 0118  1.6 0738  0.4 1348  1.6 1957  0.4
 8  Th        525 0209  1.6 0827  0.4 1439  1.5 2049  0.4
 9  Fr        525 0258  1.6 0914  0.4 1528  1.5 2139  0.5
10  Sa        525 0345  1.5 1000  0.4 1615  1.5 2226  0.5
11  Su        525 0430  1.5 1044  0.5 1700  1.5 2311  0.5
12  Mo        525 0514  1.5 1128  0.5 1743  1.6 2354  0.4
13  Tu        525 0557  1.5 1210  0.5 1824  1.6 9999  9.9
14  We        525 0038  0.4 0641  1.5 1252  0.5 1905  1.6
15  Th        525 0121  0.4 0725  1.5 1334  0.4 1946  1.6
16  Fr        525 0204  0.4 0808  1.5 1415  0.4 2028  1.6
17  Sa        525 0248  0.4 0852  1.5 1457  0.4 2110  1.6
18  Su        525 0333  0.4 0937  1.5 1540  0.4 2155  1.6
19  Mo        525 0419  0.4 1022  1.5 1626  0.4 2242  1.6
20  Tu        525 0505  0.4 1108  1.5 1714  0.4 2331  1.7
21  We        525 0553  0.4 1156  1.6 1805  0.4 9999  9.9
22  Th        525 0022  1.7 0642  0.3 1247  1.6 1859  0.4
23  Fr        525 0115  1.7 0733  0.3 1341  1.7 1956  0.3
24  Sa        525 0210  1.7 0826  0.3 1437  1.7 2054  0.3
25  Su        525 0306  1.8 0921  0.2 1535  1.8 2153  0.2
26  Mo        525 0403  1.8 1017  0.2 1633  1.9 2251  0.2
27  Tu        525 0501  1.8 1115  0.2 1730  1.9 2349  0.1
28  We        525 0600  1.8 1212  0.1 1827  1.9 9999  9.9
29  Th        525 0048  0.1 0659  1.8 1309  0.1 1924  1.9
30  Fr        525 0146  0.1 0757  1.8 1405  0.2 2020  1.9
31  Sa        525 0243  0.2 0854  1.7 1500  0.2 2115  1.9
 1  Su        625 0339  0.2 0949  1.7 1554  0.2 2210  1.8
 2  Mo        625 0434  0.2 1043  1.7 1648  0.3 2303  1.7
 3  Tu        625 0526  0.3 1135  1.6 1741  0.4 2355  1.7
 4  We        625 0616  0.3 1226  1.6 1834  0.4 9999  9.9
 5  Th        625 0046  1.6 0704  0.4 1316  1.5 1925  0.4
 6  Fr        625 0135  1.6 0751  0.4 1405  1.5 2016  0.5
 7  Sa        625 0222  1.5 0837  0.4 1453  1.5 2105  0.5
 8  Su        625 0308  1.5 0922  0.5 1540  1.5 2152  0.5
 9  Mo        625 0353  1.5 1007  0.5 1626  1.6 2238  0.5
10  Tu        625 0439  1.5 1052  0.5 1709  1.6 2323  0.5
11  We        625 0524  1.5 1136  0.5 1751  1.6 9999  9.9
12  Th        625 0007  0.4 0609  1.5 1219  0.4 1833  1.6
13  Fr        625 0051  0.4 0654  1.5 1301  0.4 1915  1.6
14  Sa        625 0135  0.4 0739  1.5 1344  0.4 1958  1.7
15  Su        625 0220  0.4 0824  1.5 1428  0.4 2043  1.7
16  Mo        625 0306  0.4 0909  1.6 1513  0.4 2129  1.7
17  Tu        625 0352  0.3 0955  1.6 1600  0.4 2217  1.7
18  We        625 0440  0.3 1043  1.6 1651  0.4 2307  1.7
19  Th        625 0528  0.3 1133  1.6 1744  0.3 9999  9.9
20  Fr        625 0000  1.7 0618  0.3 1225  1.7 1840  0.3
21  Sa        625 0054  1.7 0710  0.3 1321  1.7 1938  0.3
22  Su        625 0149  1.7 0804  0.2 1418  1.8 2037  0.3
23  Mo        625 0246  1.7 0900  0.2 1516  1.8 2136  0.2
24  Tu        625 0344  1.7 0958  0.2 1615  1.8 2235  0.2
25  We        625 0443  1.7 1055  0.2 1712  1.9 2333  0.2
26  Th        625 0542  1.7 1153  0.2 1809  1.9 9999  9.9
27  Fr        625 0030  0.2 0640  1.7 1248  0.2 1904  1.9
28  Sa        625 0126  0.2 0736  1.7 1343  0.2 1958  1.9
29  Su        625 0221  0.2 0831  1.7 1436  0.2 2051  1.8
30  Mo        625 0314  0.2 0923  1.7 1528  0.3 2142  1.8
