056Oban
Based on data from 15-Jan-2009
Local Std Time, tidal heights in metres.
 1  Th        115 0414  0.8 1040  2.5 1642  0.7 2309  2.5
 2  Fr        115 0513  0.8 1133  2.5 1736  0.7 9999  9.9
 3  Sa        115 0001  2.6 0604  0.7 1223  2.5 1825  0.6
 4  Su        115 0051  2.6 0651  0.7 1312  2.5 1910  0.6
 5  Mo        115 0138  2.6 0735  0.7 1357  2.5 1954  0.6
 6  Tu        115 0222  2.6 0819  0.7 1440  2.5 2038  0.7
 7  We        115 0304  2.5 0903  0.8 1520  2.5 2122  0.7
 8  Th        115 0344  2.5 0947  0.8 1559  2.4 2207  0.8
 9  Fr        115 0422  2.4 1031  0.9 1637  2.3 2251  0.9
10  Sa        115 0500  2.3 1114  1.0 1717  2.2 2334  1.0
11  Su        115 0540  2.2 1156  1.1 1800  2.1 9999  9.9
12  Mo        115 0016  1.1 0626  2.1 1237  1.2 1852  2.1
13  Tu        115 0059  1.2 0719  2.0 1320  1.2 1950  2.1
14  We        115 0146  1.2 0815  2.1 1409  1.1 2046  2.1
15  Th        115 0239  1.2 0908  2.1 1504  1.1 2137  2.2
16  Fr        115 0337  1.1 0958  2.2 1602  1.0 2227  2.3
17  Sa        115 0433  1.0 1048  2.3 1656  0.8 2317  2.4
18  Su        115 0524  0.8 1138  2.5 1746  0.7 9999  9.9
19  Mo        115 0008  2.6 0613  0.7 1230  2.6 1834  0.6
20  Tu        115 0059  2.7 0700  0.6 1321  2.7 1922  0.5
21  We        115 0150  2.8 0747  0.5 1412  2.8 2010  0.4
22  Th        115 0239  2.8 0837  0.5 1501  2.8 2101  0.4
23  Fr        115 0329  2.8 0928  0.5 1551  2.7 2154  0.5
24  Sa        115 0419  2.7 1022  0.5 1643  2.7 2250  0.6
25  Su        115 0512  2.6 1118  0.6 1740  2.6 2347  0.6
26  Mo        115 0611  2.5 1215  0.7 1843  2.5 9999  9.9
27  Tu        115 0045  0.7 0716  2.4 1313  0.8 1951  2.4
28  We        115 0145  0.8 0823  2.4 1415  0.8 2057  2.4
29  Th        115 0249  0.9 0925  2.4 1519  0.8 2156  2.4
30  Fr        115 0354  0.9 1021  2.4 1621  0.8 2251  2.4
31  Sa        115 0454  0.9 1113  2.4 1717  0.8 2342  2.5
 1  Su        215 0546  0.8 1202  2.4 1805  0.7 9999  9.9
 2  Mo        215 0030  2.5 0631  0.8 1249  2.4 1849  0.7
 3  Tu        215 0115  2.5 0713  0.8 1332  2.5 1931  0.7
 4  We        215 0157  2.5 0753  0.8 1413  2.5 2011  0.7
 5  Th        215 0236  2.5 0833  0.8 1451  2.4 2052  0.8
 6  Fr        215 0312  2.4 0913  0.9 1528  2.4 2132  0.9
 7  Sa        215 0348  2.4 0954  0.9 1604  2.3 2213  0.9
 8  Su        215 0423  2.3 1034  1.0 1641  2.3 2255  1.0
 9  Mo        215 0500  2.2 1115  1.0 1721  2.2 2336  1.1
10  Tu        215 0542  2.2 1156  1.1 1809  2.2 9999  9.9
11  We        215 0020  1.1 0632  2.1 1241  1.1 1906  2.1
12  Th        215 0107  1.1 0732  2.1 1330  1.1 2008  2.2
13  Fr        215 0201  1.1 0832  2.2 1427  1.0 2107  2.2
14  Sa        215 0300  1.0 0929  2.2 1528  0.9 2201  2.3
15  Su        215 0402  0.9 1022  2.4 1628  0.8 2253  2.5
16  Mo        215 0459  0.8 1115  2.5 1723  0.7 2346  2.6
17  Tu        215 0551  0.7 1208  2.6 1814  0.5 9999  9.9
18  We        215 0038  2.7 0640  0.5 1302  2.7 1903  0.4
19  Th        215 0130  2.8 0729  0.5 1354  2.8 1952  0.4
20  Fr        215 0221  2.8 0818  0.4 1444  2.8 2043  0.4
21  Sa        215 0311  2.8 0909  0.4 1535  2.8 2136  0.5
22  Su        215 0401  2.8 1003  0.5 1626  2.7 2231  0.5
23  Mo        215 0453  2.7 1058  0.6 1721  2.6 2328  0.6
24  Tu        215 0549  2.5 1155  0.7 1822  2.5 9999  9.9
25  We        215 0025  0.7 0652  2.4 1252  0.8 1928  2.4
26  Th        215 0124  0.8 0759  2.3 1352  0.8 2035  2.4
27  Fr        215 0226  0.9 0903  2.3 1454  0.9 2136  2.4
28  Sa        215 0331  1.0 1000  2.3 1558  0.9 2230  2.4
 1  Su        315 0432  1.0 1051  2.3 1655  0.9 2320  2.4
 2  Mo        315 0525  0.9 1139  2.3 1744  0.9 9999  9.9
 3  Tu        315 0005  2.4 0609  0.9 1223  2.3 1827  0.8
 4  We        315 0048  2.4 0649  0.9 1304  2.4 1905  0.8
 5  Th        315 0127  2.4 0726  0.8 1343  2.4 1943  0.8
 6  Fr        315 0204  2.4 0802  0.8 1420  2.4 2020  0.8
 7  Sa        315 0239  2.4 0839  0.8 1456  2.4 2058  0.8
 8  Su        315 0314  2.4 0917  0.9 1532  2.4 2137  0.9
 9  Mo        315 0350  2.4 0956  0.9 1610  2.4 2218  0.9
10  Tu        315 0427  2.3 1038  0.9 1650  2.3 2301  1.0
11  We        315 0509  2.3 1122  1.0 1737  2.3 2347  1.0
12  Th        315 0557  2.2 1209  1.0 1832  2.2 9999  9.9
13  Fr        315 0037  1.0 0656  2.2 1300  1.0 1935  2.2
14  Sa        315 0131  1.0 0801  2.2 1357  0.9 2038  2.3
15  Su        315 0230  1.0 0903  2.3 1459  0.9 2137  2.4
16  Mo        315 0333  0.9 1000  2.4 1602  0.8 2231  2.5
17  Tu        315 0434  0.8 1055  2.5 1701  0.7 2325  2.6
18  We        315 0530  0.7 1149  2.6 1755  0.6 9999  9.9
19  Th        315 0019  2.7 0621  0.5 1243  2.7 1845  0.5
20  Fr        315 0111  2.8 0711  0.4 1336  2.8 1935  0.4
21  Sa        315 0203  2.8 0800  0.4 1428  2.8 2025  0.4
22  Su        315 0253  2.8 0851  0.4 1518  2.8 2117  0.5
23  Mo        315 0342  2.8 0943  0.5 1609  2.7 2212  0.5
24  Tu        315 0433  2.7 1038  0.6 1701  2.6 2307  0.6
25  We        315 0527  2.5 1134  0.7 1759  2.5 9999  9.9
26  Th        315 0004  0.8 0626  2.4 1230  0.8 1903  2.4
27  Fr        315 0102  0.9 0732  2.3 1327  0.9 2010  2.3
28  Sa        315 0201  1.0 0837  2.2 1428  1.0 2112  2.3
29  Su        315 0304  1.0 0936  2.2 1530  1.0 2207  2.3
30  Mo        315 0406  1.1 1027  2.2 1629  1.0 2254  2.3
31  Tu        315 0500  1.0 1112  2.2 1719  1.0 2337  2.3
 1  We        415 0544  1.0 1153  2.3 1801  0.9 9999  9.9
 2  Th        415 0016  2.3 0621  0.9 1232  2.3 1838  0.9
 3  Fr        415 0053  2.3 0656  0.9 1310  2.3 1913  0.8
 4  Sa        415 0129  2.4 0730  0.8 1347  2.4 1948  0.8
 5  Su        415 0206  2.4 0805  0.8 1425  2.4 2025  0.8
 6  Mo        415 0243  2.4 0843  0.8 1503  2.5 2104  0.8
 7  Tu        415 0320  2.4 0923  0.8 1543  2.4 2146  0.9
 8  We        415 0400  2.4 1006  0.8 1625  2.4 2231  0.9
 9  Th        415 0442  2.4 1053  0.8 1711  2.4 2320  0.9
10  Fr        415 0531  2.3 1143  0.9 1805  2.3 9999  9.9
11  Sa        415 0011  0.9 0628  2.3 1236  0.9 1907  2.3
12  Su        415 0106  0.9 0734  2.3 1332  0.9 2013  2.3
13  Mo        415 0205  0.9 0839  2.3 1434  0.8 2114  2.4
14  Tu        415 0308  0.9 0939  2.4 1538  0.8 2211  2.5
15  We        415 0411  0.8 1036  2.5 1640  0.7 2306  2.6
16  Th        415 0510  0.7 1131  2.6 1736  0.6 9999  9.9
17  Fr        415 0000  2.7 0603  0.5 1226  2.7 1828  0.5
18  Sa        415 0053  2.7 0653  0.5 1319  2.8 1918  0.4
19  Su        415 0145  2.8 0742  0.4 1411  2.8 2008  0.4
20  Mo        415 0235  2.8 0832  0.4 1501  2.8 2059  0.5
21  Tu        415 0324  2.7 0923  0.5 1550  2.7 2152  0.6
22  We        415 0413  2.7 1016  0.6 1641  2.6 2246  0.7
23  Th        415 0503  2.5 1111  0.7 1734  2.5 2341  0.8
24  Fr        415 0559  2.4 1206  0.8 1834  2.4 9999  9.9
25  Sa        415 0037  0.9 0701  2.3 1301  0.9 1939  2.3
26  Su        415 0133  1.0 0806  2.2 1358  1.0 2042  2.2
27  Mo        415 0232  1.1 0906  2.1 1458  1.1 2137  2.2
28  Tu        415 0332  1.1 0957  2.1 1557  1.1 2223  2.2
29  We        415 0427  1.1 1040  2.1 1648  1.1 2303  2.2
30  Th        415 0512  1.1 1119  2.2 1730  1.0 2339  2.2
 1  Fr        515 0549  1.0 1157  2.2 1807  1.0 9999  9.9
 2  Sa        515 0016  2.3 0624  0.9 1235  2.3 1842  0.9
 3  Su        515 0053  2.3 0658  0.8 1314  2.4 1917  0.8
 4  Mo        515 0132  2.4 0734  0.8 1355  2.5 1954  0.8
 5  Tu        515 0213  2.5 0812  0.7 1436  2.5 2035  0.8
 6  We        515 0254  2.5 0854  0.7 1518  2.5 2118  0.8
 7  Th        515 0336  2.5 0939  0.7 1602  2.5 2205  0.8
 8  Fr        515 0421  2.5 1028  0.7 1649  2.5 2256  0.8
 9  Sa        515 0509  2.4 1120  0.8 1742  2.4 2349  0.8
10  Su        515 0606  2.4 1214  0.8 1842  2.4 9999  9.9
11  Mo        515 0044  0.9 0710  2.4 1311  0.8 1948  2.4
12  Tu        515 0142  0.9 0817  2.4 1412  0.8 2052  2.4
13  We        515 0245  0.8 0920  2.4 1516  0.8 2151  2.5
14  Th        515 0349  0.8 1018  2.5 1620  0.7 2247  2.6
15  Fr        515 0450  0.7 1114  2.6 1719  0.6 2341  2.6
16  Sa        515 0545  0.6 1208  2.7 1812  0.5 9999  9.9
17  Su        515 0034  2.7 0636  0.5 1302  2.7 1901  0.5
18  Mo        515 0126  2.7 0724  0.4 1353  2.8 1950  0.5
19  Tu        515 0216  2.7 0813  0.4 1443  2.8 2040  0.5
20  We        515 0304  2.7 0903  0.5 1531  2.7 2130  0.6
21  Th        515 0351  2.6 0954  0.6 1619  2.6 2223  0.7
22  Fr        515 0439  2.5 1046  0.7 1708  2.5 2316  0.8
23  Sa        515 0529  2.4 1139  0.8 1802  2.3 9999  9.9
24  Su        515 0009  0.9 0625  2.2 1232  0.9 1901  2.2
25  Mo        515 0101  1.1 0727  2.1 1325  1.1 2003  2.1
26  Tu        515 0155  1.1 0827  2.1 1419  1.1 2059  2.1
27  We        515 0249  1.2 0920  2.1 1515  1.2 2145  2.1
28  Th        515 0344  1.2 1003  2.1 1608  1.2 2223  2.1
29  Fr        515 0431  1.1 1041  2.1 1653  1.1 2259  2.2
30  Sa        515 0512  1.1 1119  2.2 1732  1.0 2337  2.2
31  Su        515 0549  1.0 1200  2.3 1810  0.9 9999  9.9
 1  Mo        615 0018  2.3 0626  0.8 1242  2.4 1847  0.8
 2  Tu        615 0101  2.4 0705  0.7 1326  2.5 1927  0.7
 3  We        615 0145  2.5 0745  0.7 1411  2.6 2009  0.7
 4  Th        615 0230  2.6 0829  0.6 1456  2.6 2054  0.7
 5  Fr        615 0315  2.6 0916  0.6 1541  2.6 2142  0.7
 6  Sa        615 0401  2.6 1006  0.6 1629  2.6 2234  0.7
 7  Su        615 0450  2.5 1059  0.7 1721  2.5 2328  0.7
 8  Mo        615 0546  2.5 1154  0.7 1820  2.5 9999  9.9
 9  Tu        615 0024  0.8 0649  2.4 1251  0.8 1925  2.4
10  We        615 0122  0.8 0757  2.4 1351  0.8 2031  2.4
11  Th        615 0223  0.8 0901  2.4 1456  0.8 2132  2.5
12  Fr        615 0328  0.8 1001  2.5 1601  0.8 2229  2.5
13  Sa        615 0430  0.7 1057  2.6 1701  0.7 2323  2.6
14  Su        615 0527  0.6 1151  2.6 1755  0.6 9999  9.9
15  Mo        615 0016  2.6 0618  0.5 1244  2.7 1845  0.6
16  Tu        615 0107  2.7 0706  0.5 1335  2.7 1932  0.5
17  We        615 0157  2.7 0754  0.5 1424  2.7 2020  0.6
18  Th        615 0244  2.7 0841  0.5 1510  2.7 2108  0.6
19  Fr        615 0329  2.6 0930  0.6 1555  2.6 2158  0.7
20  Sa        615 0414  2.5 1020  0.7 1640  2.5 2248  0.8
21  Su        615 0459  2.4 1110  0.9 1726  2.3 2337  1.0
22  Mo        615 0546  2.2 1159  1.0 1817  2.2 9999  9.9
23  Tu        615 0026  1.1 0639  2.1 1248  1.1 1912  2.1
24  We        615 0113  1.2 0737  2.0 1336  1.2 2008  2.0
25  Th        615 0200  1.2 0832  2.0 1425  1.2 2056  2.0
26  Fr        615 0250  1.2 0919  2.0 1517  1.2 2139  2.1
27  Sa        615 0340  1.2 1001  2.1 1608  1.2 2219  2.1
28  Su        615 0428  1.1 1043  2.2 1654  1.1 2301  2.2
29  Mo        615 0512  1.0 1127  2.3 1737  0.9 2345  2.3
30  Tu        615 0555  0.8 1212  2.4 1819  0.8 9999  9.9
 1  We        715 0032  2.5 0638  0.7 1300  2.6 1901  0.7
 2  Th        715 0120  2.6 0721  0.6 1347  2.6 1945  0.6
 3  Fr        715 0207  2.6 0807  0.5 1435  2.7 2032  0.6
 4  Sa        715 0255  2.7 0855  0.5 1522  2.7 2121  0.6
 5  Su        715 0343  2.7 0946  0.5 1610  2.7 2213  0.6
 6  Mo        715 0433  2.6 1040  0.6 1702  2.6 2308  0.7
 7  Tu        715 0527  2.6 1135  0.7 1759  2.5 9999  9.9
 8  We        715 0004  0.7 0629  2.5 1233  0.7 1903  2.5
 9  Th        715 0102  0.8 0736  2.4 1332  0.8 2010  2.4
10  Fr        715 0202  0.8 0843  2.4 1435  0.8 2113  2.4
11  Sa        715 0306  0.8 0944  2.5 1541  0.8 2211  2.5
12  Su        715 0410  0.8 1040  2.5 1643  0.8 2305  2.5
13  Mo        715 0509  0.7 1134  2.6 1738  0.7 2357  2.5
14  Tu        715 0601  0.6 1226  2.6 1828  0.6 9999  9.9
15  We        715 0048  2.6 0648  0.6 1316  2.6 1914  0.6
16  Th        715 0136  2.6 0734  0.6 1403  2.6 1959  0.6
17  Fr        715 0222  2.6 0819  0.6 1447  2.6 2044  0.7
18  Sa        715 0305  2.5 0905  0.7 1529  2.5 2130  0.8
19  Su        715 0346  2.5 0951  0.8 1610  2.4 2216  0.9
20  Mo        715 0427  2.4 1038  0.9 1650  2.3 2302  1.0
21  Tu        715 0508  2.3 1124  1.0 1732  2.2 2346  1.1
22  We        715 0552  2.1 1208  1.1 1817  2.1 9999  9.9
23  Th        715 0029  1.1 0641  2.1 1251  1.2 1907  2.0
24  Fr        715 0111  1.2 0737  2.0 1336  1.2 2001  2.0
25  Sa        715 0156  1.2 0832  2.1 1425  1.2 2052  2.1
26  Su        715 0247  1.2 0922  2.1 1519  1.2 2140  2.1
27  Mo        715 0343  1.1 1009  2.2 1614  1.1 2228  2.2
28  Tu        715 0436  0.9 1057  2.3 1705  0.9 2316  2.4
29  We        715 0526  0.8 1145  2.5 1752  0.8 9999  9.9
30  Th        715 0006  2.5 0613  0.7 1235  2.6 1838  0.7
31  Fr        715 0056  2.6 0659  0.5 1325  2.7 1924  0.6
 1  Sa        815 0147  2.7 0746  0.5 1414  2.8 2012  0.5
 2  Su        815 0236  2.7 0835  0.4 1503  2.8 2101  0.5
 3  Mo        815 0326  2.8 0927  0.5 1552  2.7 2154  0.5
 4  Tu        815 0416  2.7 1021  0.5 1643  2.7 2249  0.6
 5  We        815 0510  2.6 1117  0.6 1739  2.6 2345  0.6
 6  Th        815 0609  2.5 1214  0.7 1841  2.5 9999  9.9
 7  Fr        815 0042  0.7 0715  2.5 1313  0.8 1947  2.4
 8  Sa        815 0142  0.8 0823  2.4 1415  0.8 2052  2.4
 9  Su        815 0245  0.8 0926  2.4 1520  0.9 2152  2.4
10  Mo        815 0349  0.8 1023  2.5 1624  0.8 2247  2.4
11  Tu        815 0449  0.8 1116  2.5 1720  0.8 2338  2.5
12  We        815 0542  0.7 1207  2.5 1809  0.7 9999  9.9
13  Th        815 0027  2.5 0629  0.7 1255  2.5 1854  0.7
14  Fr        815 0114  2.5 0713  0.7 1340  2.5 1937  0.7
15  Sa        815 0158  2.5 0755  0.7 1422  2.5 2018  0.7
16  Su        815 0239  2.5 0838  0.7 1501  2.5 2100  0.8
17  Mo        815 0318  2.4 0920  0.8 1538  2.4 2142  0.9
18  Tu        815 0355  2.4 1003  0.9 1615  2.3 2224  0.9
19  We        815 0432  2.3 1046  1.0 1651  2.2 2305  1.0
20  Th        815 0511  2.2 1127  1.1 1730  2.2 2346  1.1
21  Fr        815 0555  2.1 1209  1.1 1815  2.1 9999  9.9
22  Sa        815 0028  1.1 0647  2.1 1253  1.2 1910  2.1
23  Su        815 0113  1.1 0746  2.1 1341  1.2 2009  2.1
24  Mo        815 0204  1.1 0844  2.2 1436  1.1 2105  2.2
25  Tu        815 0302  1.0 0938  2.3 1536  1.0 2158  2.3
26  We        815 0402  0.9 1029  2.4 1634  0.9 2250  2.4
27  Th        815 0458  0.8 1121  2.5 1727  0.8 2342  2.5
28  Fr        815 0550  0.6 1212  2.6 1816  0.6 9999  9.9
29  Sa        815 0035  2.6 0639  0.5 1304  2.7 1904  0.5
30  Su        815 0127  2.7 0727  0.4 1355  2.8 1952  0.5
31  Mo        815 0218  2.8 0817  0.4 1445  2.8 2042  0.4
 1  Tu        915 0309  2.8 0908  0.4 1534  2.8 2135  0.5
 2  We        915 0359  2.8 1002  0.5 1625  2.7 2229  0.5
 3  Th        915 0452  2.7 1058  0.6 1718  2.6 2325  0.6
 4  Fr        915 0549  2.6 1155  0.7 1818  2.5 9999  9.9
 5  Sa        915 0022  0.7 0653  2.5 1253  0.8 1924  2.4
 6  Su        915 0121  0.8 0801  2.4 1354  0.9 2030  2.4
 7  Mo        915 0222  0.8 0906  2.4 1458  0.9 2132  2.3
 8  Tu        915 0326  0.9 1004  2.4 1602  0.9 2227  2.3
 9  We        915 0428  0.9 1056  2.4 1700  0.9 2317  2.4
10  Th        915 0522  0.8 1145  2.4 1750  0.9 9999  9.9
11  Fr        915 0005  2.4 0609  0.8 1231  2.4 1833  0.8
12  Sa        915 0049  2.4 0651  0.8 1314  2.4 1913  0.8
13  Su        915 0131  2.4 0730  0.8 1353  2.4 1951  0.8
14  Mo        915 0210  2.4 0809  0.8 1430  2.4 2029  0.8
15  Tu        915 0247  2.4 0848  0.8 1506  2.4 2107  0.8
16  We        915 0323  2.4 0927  0.9 1540  2.4 2146  0.9
17  Th        915 0359  2.4 1007  0.9 1616  2.3 2226  0.9
18  Fr        915 0437  2.3 1049  1.0 1654  2.2 2308  1.0
19  Sa        915 0519  2.2 1132  1.0 1737  2.2 2351  1.0
20  Su        915 0609  2.2 1217  1.1 1830  2.2 9999  9.9
21  Mo        915 0039  1.0 0708  2.2 1307  1.1 1932  2.2
22  Tu        915 0131  1.0 0811  2.2 1402  1.1 2034  2.2
23  We        915 0229  1.0 0910  2.3 1503  1.0 2133  2.3
24  Th        915 0332  0.9 1005  2.4 1605  0.9 2228  2.4
25  Fr        915 0433  0.8 1058  2.5 1703  0.8 2322  2.5
26  Sa        915 0528  0.6 1151  2.6 1755  0.6 9999  9.9
27  Su        915 0015  2.7 0620  0.5 1244  2.7 1845  0.5
28  Mo        915 0109  2.8 0709  0.4 1336  2.8 1934  0.4
29  Tu        915 0201  2.8 0759  0.4 1427  2.8 2024  0.4
30  We        915 0252  2.8 0850  0.4 1516  2.8 2115  0.4
 1  Th       1015 0342  2.8 0943  0.5 1606  2.7 2209  0.5
 2  Fr       1015 0434  2.7 1039  0.6 1658  2.6 2305  0.6
 3  Sa       1015 0529  2.6 1135  0.7 1755  2.5 9999  9.9
 4  Su       1015 0001  0.7 0630  2.5 1233  0.8 1859  2.4
 5  Mo       1015 0059  0.8 0737  2.4 1331  0.9 2006  2.3
 6  Tu       1015 0158  0.9 0843  2.3 1433  1.0 2109  2.3
 7  We       1015 0301  0.9 0942  2.3 1537  1.0 2205  2.3
 8  Th       1015 0404  1.0 1034  2.3 1637  1.0 2254  2.3
 9  Fr       1015 0459  0.9 1121  2.3 1726  1.0 2340  2.3
10  Sa       1015 0546  0.9 1204  2.3 1808  0.9 9999  9.9
11  Su       1015 0021  2.3 0626  0.9 1243  2.3 1846  0.9
12  Mo       1015 0101  2.4 0703  0.8 1321  2.4 1921  0.8
13  Tu       1015 0138  2.4 0739  0.8 1357  2.4 1956  0.8
14  We       1015 0215  2.4 0815  0.8 1432  2.4 2032  0.8
15  Th       1015 0252  2.4 0853  0.9 1508  2.4 2110  0.8
16  Fr       1015 0330  2.4 0932  0.9 1545  2.4 2151  0.8
17  Sa       1015 0409  2.4 1015  0.9 1625  2.3 2234  0.9
18  Su       1015 0451  2.4 1100  0.9 1708  2.3 2321  0.9
19  Mo       1015 0539  2.3 1148  1.0 1800  2.3 9999  9.9
20  Tu       1015 0011  0.9 0636  2.3 1239  1.0 1901  2.2
21  We       1015 0104  0.9 0741  2.3 1335  1.0 2007  2.3
22  Th       1015 0203  0.9 0844  2.3 1436  0.9 2109  2.3
23  Fr       1015 0306  0.9 0942  2.4 1539  0.9 2207  2.4
24  Sa       1015 0409  0.8 1037  2.5 1640  0.7 2302  2.6
25  Su       1015 0508  0.7 1131  2.6 1736  0.6 2357  2.7
26  Mo       1015 0602  0.5 1225  2.7 1827  0.5 9999  9.9
27  Tu       1015 0051  2.8 0652  0.5 1317  2.8 1916  0.4
28  We       1015 0144  2.8 0742  0.4 1408  2.8 2006  0.4
29  Th       1015 0235  2.8 0832  0.4 1458  2.8 2056  0.4
30  Fr       1015 0325  2.8 0924  0.5 1548  2.7 2149  0.5
31  Sa       1015 0415  2.7 1019  0.6 1638  2.6 2244  0.6
 1  Su       1115 0508  2.6 1114  0.7 1732  2.5 2339  0.7
 2  Mo       1115 0605  2.5 1210  0.8 1831  2.4 9999  9.9
 3  Tu       1115 0035  0.8 0709  2.4 1307  0.9 1937  2.3
 4  We       1115 0132  0.9 0815  2.3 1406  1.0 2042  2.2
 5  Th       1115 0232  1.0 0915  2.2 1507  1.1 2138  2.2
 6  Fr       1115 0334  1.0 1007  2.2 1607  1.1 2227  2.2
 7  Sa       1115 0431  1.0 1052  2.2 1658  1.1 2310  2.2
 8  Su       1115 0519  1.0 1131  2.2 1740  1.0 2349  2.2
 9  Mo       1115 0558  1.0 1208  2.3 1816  0.9 9999  9.9
10  Tu       1115 0027  2.3 0634  0.9 1244  2.3 1850  0.9
11  We       1115 0104  2.4 0708  0.9 1321  2.4 1924  0.8
12  Th       1115 0143  2.4 0744  0.8 1400  2.4 2000  0.8
13  Fr       1115 0222  2.5 0821  0.8 1438  2.5 2039  0.7
14  Sa       1115 0302  2.5 0901  0.8 1518  2.5 2121  0.7
15  Su       1115 0343  2.5 0945  0.8 1600  2.5 2206  0.8
16  Mo       1115 0427  2.5 1033  0.8 1645  2.4 2255  0.8
17  Tu       1115 0515  2.4 1123  0.9 1736  2.4 2347  0.8
18  We       1115 0610  2.4 1216  0.9 1836  2.3 9999  9.9
19  Th       1115 0042  0.8 0714  2.4 1312  0.9 1943  2.3
20  Fr       1115 0140  0.8 0819  2.4 1412  0.9 2048  2.4
21  Sa       1115 0242  0.8 0920  2.4 1515  0.8 2148  2.5
22  Su       1115 0347  0.8 1017  2.5 1619  0.7 2245  2.6
23  Mo       1115 0449  0.7 1112  2.6 1716  0.6 2340  2.6
24  Tu       1115 0544  0.6 1206  2.7 1809  0.5 9999  9.9
25  We       1115 0034  2.7 0636  0.5 1259  2.7 1859  0.4
26  Th       1115 0127  2.8 0725  0.5 1350  2.8 1948  0.4
27  Fr       1115 0218  2.8 0814  0.5 1440  2.8 2037  0.4
28  Sa       1115 0307  2.8 0905  0.5 1528  2.7 2128  0.5
29  Su       1115 0356  2.7 0957  0.6 1617  2.6 2221  0.6
30  Mo       1115 0445  2.6 1051  0.7 1707  2.5 2315  0.7
 1  Tu       1215 0538  2.5 1145  0.8 1802  2.3 9999  9.9
 2  We       1215 0009  0.8 0636  2.3 1239  1.0 1903  2.2
 3  Th       1215 0104  1.0 0740  2.2 1334  1.1 2007  2.1
 4  Fr       1215 0159  1.1 0841  2.1 1431  1.1 2106  2.1
 5  Sa       1215 0258  1.1 0933  2.1 1528  1.2 2154  2.1
 6  Su       1215 0355  1.1 1016  2.1 1621  1.1 2235  2.1
 7  Mo       1215 0445  1.1 1053  2.1 1704  1.1 2313  2.2
 8  Tu       1215 0525  1.1 1129  2.2 1741  1.0 2350  2.3
 9  We       1215 0601  1.0 1207  2.3 1816  0.9 9999  9.9
10  Th       1215 0030  2.3 0637  0.9 1247  2.4 1852  0.8
11  Fr       1215 0111  2.4 0713  0.8 1328  2.4 1930  0.7
12  Sa       1215 0154  2.5 0752  0.8 1411  2.5 2011  0.7
13  Su       1215 0237  2.6 0834  0.7 1454  2.5 2055  0.6
14  Mo       1215 0320  2.6 0920  0.7 1539  2.6 2142  0.7
15  Tu       1215 0405  2.6 1009  0.7 1625  2.5 2233  0.7
16  We       1215 0454  2.5 1100  0.8 1716  2.5 2326  0.7
17  Th       1215 0548  2.5 1154  0.8 1815  2.4 9999  9.9
18  Fr       1215 0021  0.8 0650  2.4 1250  0.8 1921  2.4
19  Sa       1215 0119  0.8 0756  2.4 1350  0.8 2028  2.4
20  Su       1215 0221  0.8 0900  2.4 1453  0.8 2130  2.5
21  Mo       1215 0326  0.8 0958  2.5 1557  0.7 2227  2.5
22  Tu       1215 0430  0.7 1054  2.6 1657  0.7 2323  2.6
23  We       1215 0527  0.6 1148  2.6 1751  0.6 9999  9.9
24  Th       1215 0017  2.7 0619  0.6 1241  2.7 1842  0.5
25  Fr       1215 0109  2.7 0708  0.5 1332  2.7 1930  0.5
26  Sa       1215 0200  2.8 0756  0.5 1421  2.7 2018  0.5
27  Su       1215 0248  2.7 0845  0.6 1508  2.7 2107  0.5
28  Mo       1215 0335  2.7 0935  0.6 1554  2.6 2158  0.6
29  Tu       1215 0421  2.6 1026  0.7 1641  2.5 2249  0.8
30  We       1215 0508  2.4 1117  0.9 1730  2.3 2341  0.9
31  Th       1215 0559  2.3 1208  1.0 1823  2.2 9999  9.9
