171Opononi
Based on data from  1-Jul-2020
Local Std Time, tidal heights in metres.
 1  Mo        724 0512  2.7 1138  0.6 1755  2.6 9999  9.9
 2  Tu        724 0009  0.7 0614  2.6 1241  0.6 1858  2.6
 3  We        724 0114  0.7 0716  2.6 1341  0.5 1958  2.7
 4  Th        724 0214  0.6 0815  2.6 1437  0.5 2052  2.8
 5  Fr        724 0309  0.6 0909  2.6 1528  0.5 2140  2.8
 6  Sa        724 0358  0.5 0958  2.6 1615  0.4 2225  2.8
 7  Su        724 0444  0.5 1043  2.6 1657  0.5 2306  2.8
 8  Mo        724 0526  0.5 1124  2.6 1737  0.5 2345  2.8
 9  Tu        724 0606  0.6 1202  2.6 1814  0.5 9999  9.9
10  We        724 0022  2.7 0644  0.6 1240  2.6 1851  0.6
11  Th        724 0059  2.7 0722  0.7 1318  2.5 1928  0.7
12  Fr        724 0138  2.6 0800  0.7 1359  2.4 2007  0.8
13  Sa        724 0219  2.5 0841  0.8 1445  2.4 2052  0.9
14  Su        724 0305  2.4 0927  0.8 1536  2.3 2145  1.0
15  Mo        724 0356  2.4 1019  0.9 1635  2.3 2246  1.0
16  Tu        724 0453  2.3 1118  0.9 1738  2.3 2353  1.0
17  We        724 0555  2.3 1220  0.8 1840  2.4 9999  9.9
18  Th        724 0057  0.9 0656  2.4 1322  0.8 1938  2.5
19  Fr        724 0156  0.8 0755  2.5 1418  0.6 2031  2.6
20  Sa        724 0249  0.7 0849  2.6 1509  0.5 2120  2.8
21  Su        724 0338  0.5 0940  2.7 1556  0.4 2206  2.9
22  Mo        724 0426  0.4 1027  2.8 1642  0.3 2251  3.0
23  Tu        724 0512  0.3 1114  2.9 1727  0.2 2336  3.1
24  We        724 0558  0.2 1200  2.9 1812  0.2 9999  9.9
25  Th        724 0021  3.1 0644  0.2 1246  2.8 1857  0.3
26  Fr        724 0107  3.0 0730  0.3 1334  2.8 1945  0.4
27  Sa        724 0155  2.9 0819  0.4 1426  2.7 2036  0.5
28  Su        724 0246  2.8 0910  0.5 1522  2.6 2133  0.7
29  Mo        724 0343  2.6 1007  0.6 1624  2.5 2238  0.8
30  Tu        724 0446  2.5 1110  0.7 1732  2.5 2348  0.8
31  We        724 0554  2.4 1218  0.7 1841  2.5 9999  9.9
 1  Th        824 0058  0.8 0702  2.4 1325  0.7 1944  2.6
 2  Fr        824 0202  0.7 0805  2.5 1425  0.6 2039  2.7
 3  Sa        824 0257  0.7 0859  2.5 1515  0.6 2127  2.7
 4  Su        824 0344  0.6 0945  2.6 1559  0.5 2208  2.8
 5  Mo        824 0426  0.5 1025  2.7 1639  0.5 2245  2.8
 6  Tu        824 0504  0.5 1102  2.7 1714  0.4 2320  2.8
 7  We        824 0539  0.5 1136  2.7 1747  0.5 2352  2.8
 8  Th        824 0612  0.5 1209  2.7 1819  0.5 9999  9.9
 9  Fr        824 0025  2.8 0645  0.5 1243  2.6 1852  0.6
10  Sa        824 0058  2.7 0718  0.6 1319  2.6 1927  0.7
11  Su        824 0135  2.6 0753  0.7 1359  2.5 2007  0.8
12  Mo        824 0216  2.5 0834  0.8 1446  2.4 2054  0.9
13  Tu        824 0304  2.4 0923  0.9 1542  2.3 2153  1.0
14  We        824 0404  2.3 1024  0.9 1650  2.3 2305  1.0
15  Th        824 0513  2.3 1137  0.9 1802  2.3 9999  9.9
16  Fr        824 0022  1.0 0625  2.3 1251  0.8 1909  2.5
17  Sa        824 0131  0.8 0731  2.5 1354  0.7 2006  2.7
18  Su        824 0228  0.6 0829  2.6 1449  0.5 2057  2.8
19  Mo        824 0319  0.4 0921  2.8 1537  0.3 2145  3.0
20  Tu        824 0407  0.3 1009  2.9 1623  0.2 2230  3.1
21  We        824 0452  0.1 1054  3.0 1707  0.1 2314  3.2
22  Th        824 0536  0.1 1139  3.0 1752  0.1 2358  3.2
23  Fr        824 0621  0.1 1224  3.0 1836  0.2 9999  9.9
24  Sa        824 0042  3.1 0705  0.2 1310  2.9 1922  0.3
25  Su        824 0129  2.9 0751  0.3 1359  2.7 2012  0.5
26  Mo        824 0219  2.7 0840  0.5 1454  2.6 2109  0.7
27  Tu        824 0316  2.5 0936  0.7 1558  2.5 2215  0.9
28  We        824 0423  2.4 1044  0.8 1711  2.4 2331  0.9
29  Th        824 0538  2.3 1200  0.9 1826  2.4 9999  9.9
30  Fr        824 0046  0.9 0652  2.3 1312  0.8 1931  2.5
31  Sa        824 0150  0.8 0755  2.4 1411  0.7 2024  2.6
 1  Su        924 0242  0.7 0845  2.5 1459  0.6 2108  2.7
 2  Mo        924 0325  0.6 0927  2.6 1539  0.5 2146  2.8
 3  Tu        924 0403  0.5 1003  2.7 1615  0.4 2219  2.8
 4  We        924 0437  0.4 1036  2.8 1647  0.4 2251  2.9
 5  Th        924 0509  0.4 1108  2.8 1718  0.4 2321  2.8
 6  Fr        924 0539  0.4 1139  2.8 1749  0.5 2351  2.8
 7  Sa        924 0609  0.5 1211  2.7 1820  0.5 9999  9.9
 8  Su        924 0023  2.7 0640  0.5 1244  2.6 1853  0.6
 9  Mo        924 0058  2.6 0714  0.6 1322  2.5 1931  0.8
10  Tu        924 0137  2.5 0753  0.7 1405  2.4 2016  0.9
11  We        924 0225  2.4 0841  0.8 1501  2.3 2114  1.0
12  Th        924 0327  2.3 0943  0.9 1612  2.3 2230  1.0
13  Fr        924 0442  2.2 1102  1.0 1730  2.3 2354  1.0
14  Sa        924 0559  2.3 1223  0.9 1840  2.5 9999  9.9
15  Su        924 0106  0.8 0708  2.5 1330  0.7 1940  2.7
16  Mo        924 0205  0.6 0807  2.7 1425  0.4 2032  2.9
17  Tu        924 0256  0.3 0859  2.9 1514  0.2 2120  3.1
18  We        924 0343  0.1 0946  3.0 1601  0.1 2205  3.2
19  Th        924 0428  0.0 1032  3.1 1645  0.0 2250  3.2
20  Fr        924 0512  0.0 1117  3.1 1730  0.1 2333  3.2
21  Sa        924 0555  0.0 1201  3.1 1814  0.2 9999  9.9
22  Su        924 0018  3.0 0639  0.2 1246  2.9 1901  0.4
23  Mo        924 0104  2.8 0724  0.4 1334  2.8 1950  0.6
24  Tu        924 0154  2.6 0812  0.6 1428  2.6 2047  0.8
25  We        924 0252  2.4 0909  0.8 1533  2.4 2155  0.9
26  Th        924 0402  2.3 1020  0.9 1649  2.3 2313  1.0
27  Fr        924 0521  2.2 1141  1.0 1806  2.4 9999  9.9
28  Sa        924 0028  0.9 0635  2.3 1253  0.9 1910  2.5
29  Su        924 0129  0.8 0735  2.4 1349  0.8 2000  2.6
30  Mo        924 0217  0.7 0822  2.5 1434  0.6 2041  2.7
 1  Tu       1024 0258  0.6 0901  2.6 1512  0.5 2117  2.8
 2  We       1024 0333  0.5 0936  2.7 1547  0.5 2149  2.8
 3  Th       1024 0406  0.4 1009  2.8 1619  0.4 2220  2.8
 4  Fr       1024 0437  0.4 1040  2.8 1650  0.4 2250  2.8
 5  Sa       1024 0507  0.4 1111  2.8 1721  0.5 2322  2.8
 6  Su       1024 0537  0.4 1143  2.8 1753  0.5 2354  2.7
 7  Mo       1024 0610  0.5 1217  2.7 1828  0.6 9999  9.9
 8  Tu       1024 0030  2.6 0645  0.6 1254  2.6 1907  0.7
 9  We       1024 0111  2.5 0725  0.7 1339  2.5 1953  0.9
10  Th       1024 0201  2.4 0814  0.8 1435  2.4 2052  1.0
11  Fr       1024 0303  2.3 0916  0.9 1545  2.3 2207  1.0
12  Sa       1024 0418  2.3 1034  0.9 1700  2.4 2327  0.9
13  Su       1024 0534  2.3 1154  0.8 1809  2.6 9999  9.9
14  Mo       1024 0038  0.7 0642  2.5 1301  0.6 1909  2.8
15  Tu       1024 0137  0.5 0741  2.7 1358  0.4 2003  2.9
16  We       1024 0229  0.3 0834  2.9 1449  0.3 2053  3.1
17  Th       1024 0317  0.1 0923  3.0 1537  0.1 2140  3.2
18  Fr       1024 0403  0.0 1010  3.1 1624  0.1 2226  3.2
19  Sa       1024 0448  0.0 1055  3.1 1709  0.1 2311  3.1
20  Su       1024 0531  0.1 1139  3.1 1755  0.3 2356  2.9
21  Mo       1024 0615  0.2 1224  2.9 1842  0.4 9999  9.9
22  Tu       1024 0043  2.7 0700  0.4 1311  2.7 1931  0.6
23  We       1024 0133  2.5 0748  0.6 1404  2.6 2027  0.8
24  Th       1024 0230  2.4 0844  0.8 1506  2.4 2133  0.9
25  Fr       1024 0337  2.2 0952  1.0 1619  2.3 2245  1.0
26  Sa       1024 0451  2.2 1109  1.0 1731  2.3 2355  0.9
27  Su       1024 0602  2.2 1218  0.9 1833  2.4 9999  9.9
28  Mo       1024 0053  0.8 0701  2.3 1314  0.8 1923  2.5
29  Tu       1024 0142  0.7 0749  2.5 1400  0.7 2005  2.6
30  We       1024 0223  0.6 0830  2.6 1440  0.6 2042  2.7
31  Th       1024 0300  0.5 0906  2.7 1516  0.5 2117  2.7
 1  Fr       1124 0334  0.4 0940  2.8 1550  0.5 2150  2.8
 2  Sa       1124 0407  0.4 1014  2.8 1624  0.5 2224  2.8
 3  Su       1124 0439  0.4 1047  2.8 1658  0.5 2258  2.7
 4  Mo       1124 0513  0.4 1121  2.8 1733  0.5 2334  2.7
 5  Tu       1124 0548  0.5 1158  2.7 1811  0.6 9999  9.9
 6  We       1124 0013  2.6 0626  0.6 1238  2.7 1853  0.7
 7  Th       1124 0057  2.5 0709  0.6 1324  2.6 1942  0.8
 8  Fr       1124 0147  2.4 0759  0.7 1419  2.5 2039  0.8
 9  Sa       1124 0247  2.3 0858  0.8 1522  2.5 2147  0.8
10  Su       1124 0355  2.3 1008  0.8 1630  2.5 2258  0.8
11  Mo       1124 0506  2.4 1122  0.8 1736  2.6 9999  9.9
12  Tu       1124 0005  0.6 0613  2.5 1229  0.6 1836  2.8
13  We       1124 0106  0.5 0714  2.7 1330  0.5 1933  2.9
14  Th       1124 0201  0.3 0810  2.9 1425  0.4 2026  3.0
15  Fr       1124 0252  0.2 0901  3.0 1516  0.3 2117  3.0
16  Sa       1124 0340  0.1 0949  3.1 1605  0.2 2206  3.0
17  Su       1124 0426  0.1 1036  3.1 1652  0.3 2253  2.9
18  Mo       1124 0512  0.2 1121  3.0 1739  0.3 2339  2.8
19  Tu       1124 0556  0.3 1206  2.9 1826  0.5 9999  9.9
20  We       1124 0026  2.7 0641  0.5 1252  2.8 1914  0.6
21  Th       1124 0113  2.5 0727  0.6 1341  2.6 2006  0.8
22  Fr       1124 0204  2.4 0817  0.8 1435  2.5 2102  0.9
23  Sa       1124 0301  2.3 0915  0.9 1535  2.4 2203  0.9
24  Su       1124 0404  2.2 1020  1.0 1638  2.4 2305  0.9
25  Mo       1124 0510  2.2 1126  1.0 1738  2.4 9999  9.9
26  Tu       1124 0003  0.9 0612  2.3 1226  0.9 1832  2.4
27  We       1124 0055  0.8 0706  2.4 1318  0.8 1920  2.5
28  Th       1124 0141  0.7 0753  2.5 1403  0.8 2004  2.5
29  Fr       1124 0223  0.6 0834  2.6 1445  0.7 2044  2.6
30  Sa       1124 0302  0.5 0913  2.7 1524  0.6 2123  2.7
 1  Su       1224 0340  0.5 0950  2.8 1602  0.6 2202  2.7
 2  Mo       1224 0417  0.4 1027  2.8 1640  0.5 2241  2.7
 3  Tu       1224 0455  0.4 1105  2.8 1719  0.5 2321  2.7
 4  We       1224 0534  0.4 1145  2.8 1801  0.5 9999  9.9
 5  Th       1224 0003  2.6 0615  0.5 1227  2.8 1845  0.6
 6  Fr       1224 0047  2.6 0659  0.5 1313  2.7 1933  0.6
 7  Sa       1224 0136  2.5 0747  0.6 1403  2.7 2026  0.7
 8  Su       1224 0230  2.5 0841  0.7 1459  2.7 2124  0.7
 9  Mo       1224 0331  2.5 0942  0.7 1559  2.7 2226  0.6
10  Tu       1224 0436  2.5 1049  0.7 1701  2.7 2330  0.6
11  We       1224 0542  2.5 1157  0.7 1804  2.7 9999  9.9
12  Th       1224 0033  0.5 0647  2.6 1302  0.6 1905  2.7
13  Fr       1224 0133  0.4 0747  2.8 1403  0.5 2004  2.8
14  Sa       1224 0229  0.3 0842  2.9 1459  0.4 2100  2.8
15  Su       1224 0322  0.3 0934  2.9 1550  0.4 2151  2.8
16  Mo       1224 0411  0.3 1021  3.0 1639  0.4 2240  2.8
17  Tu       1224 0457  0.3 1107  2.9 1726  0.4 2325  2.7
18  We       1224 0540  0.4 1150  2.9 1811  0.5 9999  9.9
19  Th       1224 0009  2.7 0623  0.5 1232  2.8 1855  0.6
20  Fr       1224 0051  2.6 0704  0.6 1315  2.7 1938  0.7
21  Sa       1224 0134  2.5 0747  0.7 1359  2.6 2024  0.8
22  Su       1224 0220  2.4 0832  0.8 1445  2.5 2112  0.8
23  Mo       1224 0310  2.3 0923  0.9 1536  2.4 2203  0.9
24  Tu       1224 0407  2.3 1021  1.0 1632  2.4 2259  0.9
25  We       1224 0509  2.3 1125  1.0 1730  2.3 2357  0.9
26  Th       1224 0612  2.3 1227  1.0 1827  2.3 9999  9.9
27  Fr       1224 0053  0.8 0709  2.4 1323  0.9 1922  2.4
28  Sa       1224 0145  0.7 0800  2.5 1414  0.8 2013  2.5
29  Su       1224 0233  0.6 0846  2.6 1459  0.7 2100  2.6
30  Mo       1224 0317  0.5 0929  2.7 1543  0.6 2144  2.6
31  Tu       1224 0359  0.4 1010  2.8 1625  0.5 2227  2.7
 1  We        125 0441  0.4 1051  2.9 1707  0.4 2309  2.8
 2  Th        125 0522  0.3 1132  2.9 1750  0.4 2352  2.8
 3  Fr        125 0603  0.3 1214  2.9 1834  0.4 9999  9.9
 4  Sa        125 0035  2.7 0646  0.4 1257  2.9 1919  0.4
 5  Su        125 0121  2.7 0732  0.4 1344  2.9 2007  0.5
 6  Mo        125 0211  2.6 0821  0.5 1434  2.8 2058  0.5
 7  Tu        125 0305  2.6 0916  0.6 1529  2.7 2154  0.6
 8  We        125 0406  2.5 1019  0.7 1630  2.6 2256  0.6
 9  Th        125 0513  2.5 1128  0.8 1735  2.6 9999  9.9
10  Fr        125 0003  0.6 0622  2.5 1239  0.8 1843  2.6
11  Sa        125 0110  0.6 0729  2.6 1347  0.7 1949  2.6
12  Su        125 0213  0.5 0829  2.7 1447  0.6 2049  2.6
13  Mo        125 0309  0.5 0922  2.8 1540  0.5 2142  2.7
14  Tu        125 0359  0.4 1009  2.9 1628  0.4 2228  2.7
15  We        125 0443  0.4 1052  2.9 1711  0.4 2310  2.7
16  Th        125 0524  0.4 1132  2.9 1752  0.4 2349  2.7
17  Fr        125 0602  0.4 1209  2.8 1830  0.5 9999  9.9
18  Sa        125 0026  2.7 0638  0.5 1245  2.8 1906  0.6
19  Su        125 0102  2.6 0713  0.6 1321  2.7 1942  0.6
20  Mo        125 0140  2.5 0750  0.7 1358  2.6 2020  0.7
21  Tu        125 0221  2.4 0830  0.8 1440  2.5 2102  0.8
22  We        125 0308  2.3 0918  0.9 1529  2.4 2150  0.9
23  Th        125 0405  2.3 1017  1.0 1626  2.3 2250  0.9
24  Fr        125 0511  2.2 1127  1.1 1732  2.2 2358  0.9
25  Sa        125 0621  2.3 1239  1.0 1840  2.3 9999  9.9
26  Su        125 0106  0.9 0724  2.4 1342  0.9 1942  2.4
27  Mo        125 0205  0.7 0819  2.5 1436  0.8 2037  2.5
28  Tu        125 0256  0.6 0906  2.7 1524  0.6 2125  2.7
29  We        125 0341  0.4 0950  2.8 1608  0.4 2210  2.8
30  Th        125 0424  0.3 1032  3.0 1651  0.3 2253  2.9
31  Fr        125 0506  0.2 1114  3.1 1734  0.2 2336  2.9
 1  Sa        225 0548  0.2 1155  3.1 1816  0.2 9999  9.9
 2  Su        225 0018  2.9 0630  0.2 1238  3.1 1859  0.2
 3  Mo        225 0102  2.9 0714  0.3 1322  3.0 1944  0.3
 4  Tu        225 0149  2.8 0801  0.4 1409  2.8 2032  0.4
 5  We        225 0240  2.7 0853  0.6 1502  2.7 2125  0.6
 6  Th        225 0339  2.5 0954  0.7 1603  2.5 2226  0.7
 7  Fr        225 0448  2.5 1105  0.9 1713  2.4 2338  0.8
 8  Sa        225 0603  2.4 1223  0.9 1829  2.4 9999  9.9
 9  Su        225 0054  0.8 0715  2.5 1335  0.8 1940  2.4
10  Mo        225 0202  0.7 0818  2.6 1437  0.7 2041  2.5
11  Tu        225 0258  0.6 0910  2.7 1528  0.6 2131  2.6
12  We        225 0345  0.5 0954  2.8 1612  0.5 2213  2.7
13  Th        225 0426  0.4 1033  2.9 1651  0.4 2250  2.8
14  Fr        225 0503  0.4 1108  2.9 1727  0.4 2325  2.8
15  Sa        225 0536  0.4 1141  2.9 1800  0.4 2357  2.8
16  Su        225 0608  0.4 1212  2.8 1831  0.5 9999  9.9
17  Mo        225 0030  2.7 0640  0.5 1244  2.7 1902  0.5
18  Tu        225 0103  2.6 0712  0.6 1318  2.6 1935  0.6
19  We        225 0139  2.5 0748  0.8 1355  2.5 2011  0.7
20  Th        225 0221  2.4 0830  0.9 1439  2.4 2055  0.9
21  Fr        225 0312  2.3 0923  1.0 1535  2.3 2151  1.0
22  Sa        225 0418  2.2 1032  1.1 1644  2.2 2305  1.0
23  Su        225 0534  2.2 1155  1.1 1800  2.2 9999  9.9
24  Mo        225 0027  1.0 0646  2.3 1310  0.9 1911  2.3
25  Tu        225 0136  0.8 0747  2.5 1409  0.8 2011  2.5
26  We        225 0231  0.6 0839  2.7 1500  0.5 2102  2.7
27  Th        225 0318  0.4 0925  2.9 1546  0.3 2148  2.9
28  Fr        225 0402  0.2 1008  3.1 1629  0.2 2232  3.0
 1  Sa        325 0445  0.1 1051  3.2 1712  0.1 2315  3.1
 2  Su        325 0527  0.1 1133  3.2 1754  0.1 2358  3.0
 3  Mo        325 0610  0.1 1216  3.1 1837  0.1 9999  9.9
 4  Tu        325 0042  3.0 0655  0.2 1300  3.0 1921  0.2
 5  We        325 0128  2.8 0742  0.4 1347  2.8 2007  0.4
 6  Th        325 0218  2.7 0834  0.6 1441  2.6 2100  0.6
 7  Fr        325 0317  2.5 0936  0.8 1544  2.4 2203  0.8
 8  Sa        325 0428  2.4 1050  0.9 1659  2.3 2320  0.9
 9  Su        325 0547  2.4 1210  0.9 1818  2.3 9999  9.9
10  Mo        325 0040  0.9 0701  2.4 1322  0.8 1929  2.4
11  Tu        325 0148  0.8 0802  2.6 1420  0.7 2026  2.5
12  We        325 0241  0.6 0851  2.7 1508  0.6 2112  2.6
13  Th        325 0324  0.5 0931  2.8 1548  0.5 2150  2.7
14  Fr        325 0402  0.4 1007  2.8 1624  0.4 2225  2.8
15  Sa        325 0436  0.4 1039  2.9 1656  0.4 2257  2.8
16  Su        325 0508  0.4 1110  2.9 1727  0.4 2328  2.8
17  Mo        325 0539  0.4 1140  2.8 1757  0.4 2359  2.8
18  Tu        325 0609  0.5 1211  2.7 1827  0.5 9999  9.9
19  We        325 0031  2.7 0641  0.6 1244  2.6 1859  0.6
20  Th        325 0106  2.6 0716  0.7 1321  2.5 1935  0.7
21  Fr        325 0146  2.5 0757  0.8 1405  2.4 2017  0.8
22  Sa        325 0235  2.4 0848  1.0 1500  2.3 2112  0.9
23  Su        325 0339  2.3 0955  1.0 1610  2.2 2225  1.0
24  Mo        325 0454  2.3 1118  1.0 1726  2.2 2349  1.0
25  Tu        325 0608  2.4 1235  0.9 1838  2.4 9999  9.9
26  We        325 0101  0.8 0711  2.6 1337  0.7 1940  2.5
27  Th        325 0200  0.6 0805  2.8 1430  0.5 2033  2.8
28  Fr        325 0250  0.4 0854  3.0 1518  0.2 2122  2.9
29  Sa        325 0337  0.2 0940  3.1 1603  0.1 2208  3.1
30  Su        325 0422  0.1 1025  3.2 1647  0.0 2252  3.1
31  Mo        325 0506  0.1 1109  3.2 1731  0.0 2337  3.1
 1  Tu        425 0551  0.1 1154  3.1 1814  0.1 9999  9.9
 2  We        425 0022  3.0 0637  0.3 1240  2.9 1859  0.3
 3  Th        425 0109  2.9 0726  0.4 1330  2.7 1947  0.5
 4  Fr        425 0200  2.7 0820  0.6 1425  2.5 2040  0.7
 5  Sa        425 0301  2.5 0923  0.8 1530  2.3 2145  0.9
 6  Su        425 0412  2.4 1036  0.9 1645  2.3 2303  0.9
 7  Mo        425 0528  2.4 1152  0.9 1801  2.3 9999  9.9
 8  Tu        425 0019  0.9 0637  2.4 1258  0.8 1907  2.4
 9  We        425 0122  0.8 0734  2.5 1353  0.7 2000  2.5
10  Th        425 0213  0.7 0820  2.6 1437  0.6 2044  2.6
11  Fr        425 0255  0.6 0900  2.7 1516  0.5 2122  2.7
12  Sa        425 0332  0.5 0935  2.8 1551  0.4 2156  2.8
13  Su        425 0407  0.5 1007  2.8 1624  0.4 2228  2.8
14  Mo        425 0439  0.5 1039  2.8 1655  0.4 2300  2.8
15  Tu        425 0511  0.5 1111  2.7 1726  0.4 2332  2.8
16  We        425 0543  0.5 1144  2.7 1757  0.5 9999  9.9
17  Th        425 0005  2.7 0617  0.6 1219  2.6 1831  0.6
18  Fr        425 0041  2.6 0654  0.7 1258  2.5 1909  0.7
19  Sa        425 0123  2.5 0737  0.8 1344  2.4 1954  0.8
20  Su        425 0212  2.4 0829  0.9 1439  2.3 2049  0.9
21  Mo        425 0313  2.4 0933  0.9 1545  2.3 2156  0.9
22  Tu        425 0422  2.4 1047  0.9 1656  2.3 2313  0.9
23  We        425 0530  2.5 1159  0.8 1805  2.4 9999  9.9
24  Th        425 0024  0.8 0632  2.6 1301  0.6 1907  2.6
25  Fr        425 0125  0.6 0729  2.8 1357  0.4 2003  2.8
26  Sa        425 0219  0.4 0821  3.0 1448  0.2 2054  2.9
27  Su        425 0310  0.2 0911  3.1 1536  0.1 2143  3.1
28  Mo        425 0358  0.2 1000  3.1 1622  0.1 2230  3.1
29  Tu        425 0446  0.2 1048  3.0 1708  0.1 2317  3.1
30  We        425 0534  0.2 1136  2.9 1754  0.2 9999  9.9
 1  Th        525 0004  3.0 0622  0.3 1225  2.8 1841  0.4
 2  Fr        525 0053  2.9 0713  0.5 1316  2.6 1930  0.5
 3  Sa        525 0145  2.7 0808  0.7 1411  2.5 2024  0.7
 4  Su        525 0243  2.6 0908  0.8 1513  2.3 2126  0.9
 5  Mo        525 0349  2.5 1015  0.9 1621  2.3 2236  0.9
 6  Tu        525 0456  2.4 1121  0.9 1729  2.3 2344  0.9
 7  We        525 0559  2.4 1221  0.8 1831  2.4 9999  9.9
 8  Th        525 0044  0.9 0653  2.5 1314  0.7 1924  2.5
 9  Fr        525 0136  0.8 0740  2.6 1359  0.6 2009  2.6
10  Sa        525 0220  0.7 0822  2.6 1440  0.6 2049  2.7
11  Su        525 0300  0.6 0900  2.7 1517  0.5 2126  2.7
12  Mo        525 0337  0.6 0936  2.7 1552  0.5 2200  2.8
13  Tu        525 0412  0.5 1011  2.7 1626  0.4 2235  2.8
14  We        525 0447  0.6 1047  2.7 1700  0.5 2309  2.8
15  Th        525 0522  0.6 1123  2.6 1735  0.5 2346  2.7
16  Fr        525 0559  0.6 1202  2.6 1813  0.6 9999  9.9
17  Sa        525 0025  2.7 0640  0.7 1243  2.5 1853  0.6
18  Su        525 0108  2.6 0725  0.7 1330  2.4 1939  0.7
19  Mo        525 0156  2.5 0816  0.8 1422  2.4 2031  0.8
20  Tu        525 0252  2.5 0914  0.8 1522  2.4 2132  0.8
21  We        525 0352  2.5 1018  0.8 1626  2.4 2239  0.8
22  Th        525 0455  2.6 1122  0.7 1731  2.5 2347  0.7
23  Fr        525 0555  2.7 1225  0.5 1834  2.6 9999  9.9
24  Sa        525 0051  0.6 0654  2.8 1323  0.4 1933  2.8
25  Su        525 0150  0.5 0751  2.9 1418  0.3 2029  2.9
26  Mo        525 0246  0.4 0846  2.9 1511  0.2 2121  3.0
27  Tu        525 0338  0.3 0939  2.9 1601  0.2 2212  3.0
28  We        525 0430  0.3 1031  2.9 1650  0.2 2300  3.0
29  Th        525 0520  0.3 1121  2.8 1738  0.3 2349  3.0
30  Fr        525 0609  0.4 1211  2.7 1825  0.4 9999  9.9
31  Sa        525 0037  2.8 0659  0.5 1300  2.6 1913  0.5
 1  Su        625 0127  2.7 0751  0.6 1352  2.5 2004  0.7
 2  Mo        625 0219  2.6 0845  0.7 1446  2.4 2058  0.8
 3  Tu        625 0314  2.5 0940  0.8 1543  2.3 2156  0.9
 4  We        625 0411  2.5 1037  0.8 1643  2.3 2257  0.9
 5  Th        625 0508  2.4 1133  0.8 1743  2.3 2357  0.9
 6  Fr        625 0603  2.4 1226  0.8 1839  2.4 9999  9.9
 7  Sa        625 0052  0.9 0654  2.4 1316  0.7 1929  2.5
 8  Su        625 0142  0.8 0741  2.5 1401  0.7 2015  2.6
 9  Mo        625 0227  0.7 0825  2.5 1444  0.6 2056  2.6
10  Tu        625 0308  0.7 0907  2.6 1524  0.5 2135  2.7
11  We        625 0348  0.6 0948  2.6 1602  0.5 2213  2.7
12  Th        625 0427  0.6 1027  2.6 1640  0.5 2251  2.8
13  Fr        625 0506  0.6 1107  2.6 1719  0.5 2330  2.8
14  Sa        625 0546  0.6 1148  2.6 1759  0.5 9999  9.9
15  Su        625 0010  2.8 0628  0.6 1230  2.6 1840  0.5
16  Mo        625 0053  2.7 0712  0.6 1315  2.5 1924  0.6
17  Tu        625 0138  2.7 0800  0.6 1404  2.5 2013  0.6
18  We        625 0228  2.7 0852  0.6 1458  2.5 2107  0.7
19  Th        625 0323  2.7 0948  0.6 1557  2.5 2208  0.7
20  Fr        625 0421  2.7 1048  0.6 1701  2.5 2314  0.7
21  Sa        625 0522  2.7 1150  0.5 1805  2.6 9999  9.9
22  Su        625 0021  0.7 0625  2.7 1253  0.5 1909  2.7
23  Mo        625 0126  0.6 0727  2.7 1354  0.4 2009  2.8
24  Tu        625 0227  0.5 0828  2.8 1452  0.3 2105  2.9
25  We        625 0324  0.4 0925  2.8 1545  0.3 2157  3.0
26  Th        625 0417  0.4 1018  2.8 1635  0.3 2246  3.0
27  Fr        625 0507  0.4 1108  2.8 1723  0.3 2333  2.9
28  Sa        625 0555  0.4 1155  2.7 1808  0.4 9999  9.9
29  Su        625 0018  2.9 0641  0.5 1239  2.6 1852  0.5
30  Mo        625 0102  2.8 0726  0.6 1323  2.6 1935  0.6
