171Opononi
Based on data from  1-Jul-2020
Local Std Time, tidal heights in metres.
 1  Fr        722 0515  0.6 1113  2.6 1724  0.5 2335  2.7
 2  Sa        722 0551  0.6 1150  2.6 1800  0.6 9999  9.9
 3  Su        722 0011  2.7 0629  0.6 1228  2.6 1837  0.6
 4  Mo        722 0050  2.7 0708  0.7 1309  2.5 1916  0.6
 5  Tu        722 0130  2.6 0750  0.7 1353  2.5 2000  0.7
 6  We        722 0215  2.6 0837  0.7 1442  2.5 2049  0.8
 7  Th        722 0305  2.6 0928  0.7 1537  2.4 2146  0.8
 8  Fr        722 0401  2.6 1025  0.7 1638  2.5 2250  0.8
 9  Sa        722 0501  2.6 1127  0.6 1743  2.5 2359  0.8
10  Su        722 0604  2.6 1232  0.6 1847  2.6 9999  9.9
11  Mo        722 0106  0.7 0708  2.7 1336  0.5 1950  2.8
12  Tu        722 0210  0.6 0811  2.7 1436  0.4 2048  2.9
13  We        722 0309  0.4 0910  2.8 1531  0.3 2142  3.0
14  Th        722 0403  0.3 1005  2.9 1623  0.2 2234  3.1
15  Fr        722 0455  0.3 1058  2.9 1713  0.2 2323  3.1
16  Sa        722 0545  0.2 1148  2.9 1801  0.2 9999  9.9
17  Su        722 0011  3.0 0634  0.3 1236  2.8 1848  0.3
18  Mo        722 0059  3.0 0722  0.4 1325  2.7 1936  0.4
19  Tu        722 0147  2.9 0810  0.5 1414  2.6 2025  0.6
20  We        722 0236  2.7 0900  0.6 1506  2.5 2117  0.7
21  Th        722 0327  2.6 0951  0.7 1602  2.4 2214  0.8
22  Fr        722 0422  2.5 1046  0.8 1703  2.4 2316  0.9
23  Sa        722 0521  2.4 1145  0.8 1806  2.4 9999  9.9
24  Su        722 0020  0.9 0622  2.3 1245  0.8 1905  2.4
25  Mo        722 0119  0.9 0720  2.4 1341  0.8 1958  2.5
26  Tu        722 0213  0.8 0812  2.4 1431  0.7 2045  2.6
27  We        722 0259  0.7 0859  2.5 1514  0.6 2126  2.7
28  Th        722 0341  0.7 0940  2.6 1554  0.6 2203  2.7
29  Fr        722 0419  0.6 1018  2.6 1630  0.5 2239  2.8
30  Sa        722 0455  0.5 1054  2.7 1705  0.5 2313  2.8
31  Su        722 0531  0.5 1130  2.7 1740  0.4 2348  2.8
 1  Mo        822 0606  0.5 1206  2.7 1815  0.5 9999  9.9
 2  Tu        822 0024  2.8 0643  0.5 1244  2.7 1853  0.5
 3  We        822 0102  2.8 0722  0.5 1325  2.6 1933  0.6
 4  Th        822 0143  2.7 0805  0.6 1410  2.6 2019  0.7
 5  Fr        822 0231  2.6 0853  0.6 1503  2.5 2113  0.8
 6  Sa        822 0325  2.6 0948  0.7 1605  2.5 2218  0.8
 7  Su        822 0429  2.5 1053  0.7 1714  2.5 2332  0.8
 8  Mo        822 0539  2.5 1206  0.7 1826  2.6 9999  9.9
 9  Tu        822 0048  0.8 0651  2.5 1318  0.6 1933  2.7
10  We        822 0156  0.6 0759  2.6 1422  0.4 2034  2.9
11  Th        822 0257  0.4 0859  2.8 1519  0.3 2128  3.0
12  Fr        822 0351  0.3 0953  2.9 1609  0.2 2218  3.1
13  Sa        822 0440  0.2 1043  2.9 1657  0.2 2304  3.1
14  Su        822 0527  0.2 1129  2.9 1741  0.2 2348  3.1
15  Mo        822 0611  0.2 1212  2.9 1824  0.3 9999  9.9
16  Tu        822 0031  3.0 0653  0.3 1255  2.8 1907  0.4
17  We        822 0112  2.9 0735  0.4 1338  2.7 1950  0.6
18  Th        822 0155  2.7 0817  0.6 1423  2.5 2036  0.7
19  Fr        822 0241  2.5 0903  0.7 1514  2.4 2129  0.9
20  Sa        822 0333  2.4 0955  0.9 1614  2.3 2231  1.0
21  Su        822 0435  2.3 1057  1.0 1723  2.3 2342  1.1
22  Mo        822 0544  2.2 1208  1.0 1832  2.3 9999  9.9
23  Tu        822 0051  1.0 0651  2.2 1314  0.9 1932  2.4
24  We        822 0149  0.9 0749  2.3 1408  0.8 2021  2.5
25  Th        822 0237  0.8 0837  2.5 1453  0.7 2102  2.6
26  Fr        822 0318  0.6 0918  2.6 1531  0.5 2139  2.8
27  Sa        822 0355  0.5 0955  2.7 1607  0.4 2214  2.8
28  Su        822 0431  0.4 1031  2.8 1642  0.4 2248  2.9
29  Mo        822 0506  0.4 1106  2.8 1716  0.3 2322  2.9
30  Tu        822 0541  0.3 1142  2.8 1752  0.4 2357  2.9
31  We        822 0617  0.3 1219  2.8 1829  0.4 9999  9.9
 1  Th        922 0035  2.9 0655  0.4 1259  2.7 1910  0.5
 2  Fr        922 0116  2.8 0737  0.5 1343  2.6 1956  0.6
 3  Sa        922 0203  2.6 0824  0.6 1436  2.6 2050  0.8
 4  Su        922 0300  2.5 0921  0.7 1540  2.5 2157  0.9
 5  Mo        922 0409  2.4 1030  0.8 1655  2.5 2317  0.9
 6  Tu        922 0526  2.4 1150  0.8 1812  2.5 9999  9.9
 7  We        922 0037  0.8 0642  2.5 1306  0.7 1921  2.7
 8  Th        922 0146  0.6 0750  2.6 1410  0.5 2020  2.8
 9  Fr        922 0244  0.4 0848  2.8 1504  0.3 2112  3.0
10  Sa        922 0334  0.3 0938  2.9 1552  0.2 2158  3.1
11  Su        922 0420  0.2 1023  3.0 1636  0.2 2241  3.1
12  Mo        922 0502  0.1 1105  3.0 1717  0.2 2321  3.1
13  Tu        922 0542  0.2 1144  2.9 1757  0.3 2359  3.0
14  We        922 0620  0.3 1222  2.8 1836  0.4 9999  9.9
15  Th        922 0037  2.8 0657  0.4 1300  2.7 1914  0.6
16  Fr        922 0115  2.6 0734  0.6 1340  2.6 1955  0.8
17  Sa        922 0156  2.5 0814  0.8 1426  2.4 2043  0.9
18  Su        922 0245  2.3 0901  0.9 1523  2.3 2143  1.1
19  Mo        922 0347  2.2 1004  1.0 1636  2.2 2300  1.1
20  Tu        922 0502  2.1 1126  1.1 1753  2.2 9999  9.9
21  We        922 0017  1.1 0617  2.2 1241  1.0 1858  2.3
22  Th        922 0118  0.9 0719  2.3 1339  0.8 1949  2.5
23  Fr        922 0207  0.8 0808  2.5 1424  0.7 2030  2.6
24  Sa        922 0248  0.6 0850  2.6 1503  0.5 2108  2.8
25  Su        922 0326  0.5 0928  2.8 1539  0.4 2143  2.9
26  Mo        922 0402  0.3 1004  2.9 1615  0.3 2218  3.0
27  Tu        922 0438  0.2 1041  2.9 1652  0.3 2255  3.0
28  We        922 0514  0.2 1118  2.9 1729  0.3 2332  3.0
29  Th        922 0552  0.2 1156  2.9 1809  0.4 9999  9.9
30  Fr        922 0012  2.9 0632  0.3 1238  2.8 1852  0.5
 1  Sa       1022 0056  2.8 0715  0.4 1324  2.7 1940  0.6
 2  Su       1022 0146  2.6 0804  0.6 1419  2.6 2037  0.8
 3  Mo       1022 0246  2.5 0903  0.7 1526  2.5 2148  0.9
 4  Tu       1022 0359  2.4 1017  0.8 1643  2.5 2309  0.9
 5  We       1022 0518  2.4 1138  0.8 1759  2.5 9999  9.9
 6  Th       1022 0026  0.8 0633  2.5 1252  0.7 1906  2.7
 7  Fr       1022 0131  0.6 0738  2.6 1353  0.5 2002  2.8
 8  Sa       1022 0226  0.4 0832  2.8 1445  0.4 2051  3.0
 9  Su       1022 0313  0.3 0919  2.9 1531  0.3 2135  3.0
10  Mo       1022 0356  0.2 1001  3.0 1613  0.2 2215  3.0
11  Tu       1022 0435  0.2 1040  3.0 1652  0.2 2253  3.0
12  We       1022 0513  0.2 1116  2.9 1730  0.3 2329  2.9
13  Th       1022 0548  0.3 1152  2.9 1806  0.5 9999  9.9
14  Fr       1022 0004  2.7 0622  0.5 1227  2.7 1842  0.6
15  Sa       1022 0040  2.6 0656  0.6 1305  2.6 1920  0.8
16  Su       1022 0120  2.4 0733  0.8 1347  2.4 2004  0.9
17  Mo       1022 0206  2.3 0817  0.9 1440  2.3 2100  1.0
18  Tu       1022 0304  2.2 0915  1.0 1547  2.2 2213  1.1
19  We       1022 0416  2.1 1034  1.1 1702  2.2 2331  1.1
20  Th       1022 0532  2.2 1154  1.0 1810  2.3 9999  9.9
21  Fr       1022 0036  0.9 0637  2.3 1256  0.9 1904  2.5
22  Sa       1022 0127  0.8 0730  2.4 1345  0.7 1949  2.6
23  Su       1022 0211  0.6 0815  2.6 1428  0.6 2030  2.8
24  Mo       1022 0252  0.4 0856  2.8 1508  0.4 2110  2.9
25  Tu       1022 0331  0.3 0936  2.9 1548  0.3 2149  3.0
26  We       1022 0410  0.2 1016  3.0 1628  0.3 2230  3.0
27  Th       1022 0450  0.2 1056  3.0 1710  0.3 2312  3.0
28  Fr       1022 0531  0.2 1138  3.0 1753  0.3 2356  2.9
29  Sa       1022 0614  0.3 1223  2.9 1840  0.4 9999  9.9
30  Su       1022 0043  2.7 0700  0.4 1313  2.8 1932  0.6
31  Mo       1022 0137  2.6 0752  0.6 1409  2.6 2032  0.7
 1  Tu       1122 0239  2.4 0853  0.7 1516  2.5 2141  0.8
 2  We       1122 0351  2.4 1005  0.8 1629  2.5 2256  0.8
 3  Th       1122 0506  2.4 1121  0.8 1740  2.6 9999  9.9
 4  Fr       1122 0007  0.7 0616  2.5 1231  0.7 1843  2.7
 5  Sa       1122 0108  0.6 0718  2.6 1330  0.6 1938  2.8
 6  Su       1122 0201  0.4 0810  2.7 1421  0.5 2026  2.9
 7  Mo       1122 0247  0.3 0856  2.8 1507  0.4 2109  2.9
 8  Tu       1122 0329  0.3 0937  2.9 1549  0.4 2149  2.9
 9  We       1122 0408  0.3 1015  2.9 1628  0.4 2227  2.8
10  Th       1122 0445  0.3 1051  2.9 1705  0.4 2303  2.8
11  Fr       1122 0519  0.4 1126  2.8 1741  0.5 2338  2.7
12  Sa       1122 0553  0.5 1201  2.7 1817  0.6 9999  9.9
13  Su       1122 0014  2.6 0627  0.6 1238  2.6 1854  0.8
14  Mo       1122 0053  2.4 0703  0.7 1319  2.5 1936  0.9
15  Tu       1122 0137  2.3 0745  0.8 1406  2.4 2025  1.0
16  We       1122 0229  2.2 0836  1.0 1503  2.3 2126  1.0
17  Th       1122 0330  2.2 0940  1.0 1607  2.3 2234  1.0
18  Fr       1122 0438  2.2 1053  1.0 1711  2.4 2340  0.9
19  Sa       1122 0544  2.3 1201  0.9 1809  2.5 9999  9.9
20  Su       1122 0037  0.8 0642  2.4 1258  0.8 1901  2.6
21  Mo       1122 0128  0.6 0735  2.6 1349  0.6 1950  2.7
22  Tu       1122 0215  0.4 0822  2.7 1436  0.5 2037  2.8
23  We       1122 0300  0.3 0908  2.9 1522  0.4 2123  2.9
24  Th       1122 0345  0.2 0953  3.0 1608  0.3 2209  2.9
25  Fr       1122 0430  0.2 1039  3.0 1655  0.3 2257  2.9
26  Sa       1122 0515  0.2 1125  3.0 1743  0.3 2345  2.9
27  Su       1122 0602  0.3 1213  3.0 1833  0.4 9999  9.9
28  Mo       1122 0036  2.8 0651  0.4 1304  2.9 1926  0.5
29  Tu       1122 0130  2.6 0743  0.5 1400  2.8 2024  0.6
30  We       1122 0229  2.5 0841  0.6 1501  2.7 2127  0.7
 1  Th       1222 0334  2.4 0946  0.7 1606  2.6 2232  0.7
 2  Fr       1222 0442  2.4 1054  0.8 1710  2.6 2336  0.7
 3  Sa       1222 0549  2.5 1200  0.7 1811  2.6 9999  9.9
 4  Su       1222 0036  0.6 0650  2.5 1301  0.7 1907  2.7
 5  Mo       1222 0131  0.5 0744  2.6 1355  0.6 1958  2.7
 6  Tu       1222 0219  0.5 0832  2.7 1443  0.6 2044  2.7
 7  We       1222 0304  0.4 0915  2.8 1527  0.5 2127  2.7
 8  Th       1222 0344  0.4 0954  2.8 1607  0.5 2206  2.7
 9  Fr       1222 0422  0.4 1031  2.8 1645  0.5 2243  2.7
10  Sa       1222 0457  0.5 1106  2.8 1722  0.6 2319  2.6
11  Su       1222 0532  0.5 1141  2.7 1757  0.6 2355  2.6
12  Mo       1222 0606  0.6 1218  2.7 1834  0.7 9999  9.9
13  Tu       1222 0033  2.5 0642  0.7 1256  2.6 1913  0.8
14  We       1222 0113  2.4 0721  0.7 1338  2.5 1956  0.8
15  Th       1222 0158  2.4 0805  0.8 1424  2.5 2045  0.9
16  Fr       1222 0249  2.3 0856  0.9 1517  2.4 2140  0.9
17  Sa       1222 0346  2.3 0955  0.9 1614  2.4 2240  0.8
18  Su       1222 0449  2.3 1101  0.9 1713  2.5 2341  0.8
19  Mo       1222 0552  2.4 1207  0.9 1812  2.5 9999  9.9
20  Tu       1222 0041  0.7 0653  2.5 1310  0.7 1911  2.6
21  We       1222 0139  0.5 0750  2.7 1407  0.6 2007  2.7
22  Th       1222 0233  0.4 0844  2.8 1501  0.5 2102  2.8
23  Fr       1222 0324  0.3 0935  3.0 1553  0.4 2155  2.9
24  Sa       1222 0414  0.2 1025  3.0 1644  0.3 2246  2.9
25  Su       1222 0503  0.2 1114  3.1 1734  0.3 2336  2.9
26  Mo       1222 0551  0.2 1203  3.0 1824  0.3 9999  9.9
27  Tu       1222 0027  2.8 0640  0.3 1252  3.0 1915  0.4
28  We       1222 0118  2.7 0730  0.4 1344  2.9 2007  0.4
29  Th       1222 0211  2.6 0822  0.5 1437  2.8 2102  0.5
30  Fr       1222 0308  2.5 0919  0.6 1533  2.7 2159  0.6
31  Sa       1222 0408  2.5 1020  0.8 1632  2.6 2258  0.7
 1  Su        123 0512  2.4 1123  0.8 1733  2.5 2357  0.7
 2  Mo        123 0615  2.4 1227  0.8 1833  2.5 9999  9.9
 3  Tu        123 0056  0.7 0715  2.5 1327  0.8 1930  2.5
 4  We        123 0151  0.7 0808  2.6 1420  0.7 2021  2.5
 5  Th        123 0240  0.6 0854  2.6 1507  0.7 2108  2.5
 6  Fr        123 0324  0.6 0936  2.7 1550  0.6 2149  2.6
 7  Sa        123 0404  0.5 1014  2.7 1629  0.6 2227  2.6
 8  Su        123 0440  0.5 1049  2.8 1705  0.6 2303  2.6
 9  Mo        123 0515  0.5 1124  2.8 1740  0.6 2338  2.6
10  Tu        123 0548  0.5 1158  2.8 1815  0.6 9999  9.9
11  We        123 0013  2.6 0622  0.5 1233  2.7 1850  0.6
12  Th        123 0050  2.6 0658  0.6 1310  2.7 1928  0.6
13  Fr        123 0129  2.5 0736  0.7 1350  2.6 2009  0.7
14  Sa        123 0212  2.5 0820  0.7 1434  2.6 2056  0.7
15  Su        123 0302  2.4 0911  0.8 1526  2.5 2149  0.7
16  Mo        123 0401  2.4 1011  0.9 1625  2.5 2250  0.8
17  Tu        123 0507  2.4 1121  0.9 1730  2.5 2358  0.7
18  We        123 0616  2.5 1235  0.8 1838  2.5 9999  9.9
19  Th        123 0107  0.6 0723  2.6 1343  0.7 1945  2.6
20  Fr        123 0211  0.5 0824  2.8 1445  0.5 2047  2.7
21  Sa        123 0309  0.3 0920  2.9 1541  0.4 2143  2.8
22  Su        123 0402  0.2 1012  3.1 1632  0.2 2235  2.9
23  Mo        123 0451  0.1 1101  3.1 1722  0.2 2324  3.0
24  Tu        123 0538  0.1 1148  3.1 1809  0.2 9999  9.9
25  We        123 0012  2.9 0624  0.2 1234  3.1 1856  0.2
26  Th        123 0058  2.9 0710  0.3 1320  3.0 1942  0.3
27  Fr        123 0145  2.8 0757  0.4 1407  2.8 2030  0.5
28  Sa        123 0235  2.6 0846  0.6 1456  2.7 2119  0.6
29  Su        123 0328  2.5 0941  0.8 1550  2.5 2213  0.7
30  Mo        123 0428  2.4 1043  0.9 1650  2.4 2314  0.8
31  Tu        123 0535  2.3 1151  1.0 1756  2.3 9999  9.9
 1  We        223 0020  0.9 0642  2.4 1258  1.0 1901  2.3
 2  Th        223 0124  0.9 0743  2.4 1358  0.9 2000  2.4
 3  Fr        223 0219  0.8 0834  2.5 1448  0.8 2050  2.4
 4  Sa        223 0306  0.7 0917  2.6 1532  0.7 2132  2.5
 5  Su        223 0346  0.6 0955  2.7 1610  0.6 2210  2.6
 6  Mo        223 0422  0.5 1030  2.8 1645  0.5 2244  2.7
 7  Tu        223 0455  0.4 1103  2.8 1719  0.5 2318  2.7
 8  We        223 0528  0.4 1135  2.8 1752  0.5 2351  2.7
 9  Th        223 0600  0.4 1208  2.8 1825  0.5 9999  9.9
10  Fr        223 0025  2.7 0634  0.5 1242  2.8 1900  0.5
11  Sa        223 0102  2.7 0710  0.5 1319  2.7 1938  0.5
12  Su        223 0142  2.6 0751  0.6 1400  2.7 2020  0.6
13  Mo        223 0228  2.5 0838  0.7 1449  2.6 2110  0.7
14  Tu        223 0323  2.5 0936  0.8 1549  2.5 2210  0.8
15  We        223 0432  2.4 1048  0.9 1700  2.4 2324  0.8
16  Th        223 0547  2.4 1210  0.9 1816  2.4 9999  9.9
17  Fr        223 0044  0.7 0701  2.6 1326  0.7 1929  2.5
18  Sa        223 0155  0.6 0807  2.7 1431  0.5 2034  2.7
19  Su        223 0255  0.4 0904  2.9 1527  0.3 2130  2.9
20  Mo        223 0347  0.2 0956  3.1 1617  0.2 2221  3.0
21  Tu        223 0435  0.1 1043  3.2 1704  0.1 2307  3.0
22  We        223 0520  0.1 1127  3.2 1748  0.1 2351  3.0
23  Th        223 0603  0.1 1210  3.1 1831  0.2 9999  9.9
24  Fr        223 0033  2.9 0646  0.2 1251  3.0 1912  0.3
25  Sa        223 0116  2.8 0728  0.4 1333  2.8 1954  0.4
26  Su        223 0159  2.7 0813  0.6 1417  2.6 2037  0.6
27  Mo        223 0247  2.5 0902  0.8 1507  2.4 2126  0.8
28  Tu        223 0343  2.4 1001  1.0 1606  2.3 2226  1.0
 1  We        323 0451  2.3 1112  1.1 1716  2.2 2340  1.0
 2  Th        323 0606  2.3 1227  1.1 1831  2.2 9999  9.9
 3  Fr        323 0055  1.0 0714  2.3 1333  1.0 1936  2.3
 4  Sa        323 0156  0.9 0809  2.4 1425  0.8 2027  2.4
 5  Su        323 0243  0.7 0852  2.6 1507  0.7 2109  2.5
 6  Mo        323 0322  0.6 0930  2.7 1545  0.6 2146  2.7
 7  Tu        323 0358  0.5 1003  2.8 1619  0.5 2220  2.8
 8  We        323 0431  0.4 1036  2.9 1652  0.4 2253  2.8
 9  Th        323 0503  0.4 1108  2.9 1725  0.3 2327  2.8
10  Fr        323 0536  0.4 1141  2.9 1759  0.3 9999  9.9
11  Sa        323 0001  2.8 0611  0.4 1215  2.9 1834  0.4
12  Su        323 0037  2.8 0648  0.5 1253  2.8 1911  0.4
13  Mo        323 0117  2.7 0729  0.6 1335  2.7 1954  0.6
14  Tu        323 0203  2.6 0817  0.7 1425  2.5 2044  0.7
15  We        323 0300  2.5 0916  0.8 1528  2.4 2146  0.8
16  Th        323 0411  2.4 1031  0.9 1643  2.4 2304  0.8
17  Fr        323 0529  2.4 1155  0.9 1803  2.4 9999  9.9
18  Sa        323 0027  0.8 0644  2.6 1311  0.7 1916  2.5
19  Su        323 0139  0.6 0749  2.8 1415  0.5 2019  2.7
20  Mo        323 0237  0.4 0845  2.9 1508  0.3 2113  2.9
21  Tu        323 0328  0.2 0934  3.1 1556  0.2 2201  3.0
22  We        323 0414  0.1 1020  3.1 1641  0.1 2245  3.0
23  Th        323 0458  0.1 1102  3.1 1722  0.1 2326  3.0
24  Fr        323 0539  0.2 1142  3.0 1802  0.2 9999  9.9
25  Sa        323 0006  3.0 0619  0.3 1221  2.9 1840  0.3
26  Su        323 0045  2.8 0700  0.5 1300  2.7 1918  0.5
27  Mo        323 0125  2.7 0741  0.6 1342  2.5 1958  0.7
28  Tu        323 0208  2.5 0827  0.8 1428  2.4 2043  0.9
29  We        323 0301  2.4 0922  1.0 1525  2.2 2140  1.0
30  Th        323 0407  2.2 1033  1.1 1636  2.1 2257  1.1
31  Fr        323 0524  2.2 1151  1.1 1753  2.2 9999  9.9
 1  Sa        423 0018  1.0 0635  2.3 1258  1.0 1900  2.2
 2  Su        423 0121  0.9 0731  2.4 1350  0.8 1954  2.4
 3  Mo        423 0210  0.8 0816  2.5 1434  0.7 2037  2.5
 4  Tu        423 0250  0.6 0854  2.7 1512  0.5 2115  2.7
 5  We        423 0326  0.5 0929  2.8 1547  0.4 2151  2.8
 6  Th        423 0401  0.4 1004  2.9 1622  0.3 2226  2.9
 7  Fr        423 0436  0.4 1039  2.9 1657  0.3 2301  2.9
 8  Sa        423 0513  0.3 1115  2.9 1733  0.3 2338  2.9
 9  Su        423 0550  0.4 1153  2.8 1811  0.3 9999  9.9
10  Mo        423 0017  2.8 0631  0.5 1234  2.8 1851  0.4
11  Tu        423 0100  2.7 0715  0.6 1320  2.6 1936  0.5
12  We        423 0149  2.6 0807  0.7 1415  2.5 2030  0.7
13  Th        423 0249  2.5 0910  0.8 1520  2.4 2135  0.8
14  Fr        423 0400  2.5 1024  0.8 1635  2.4 2252  0.8
15  Sa        423 0514  2.5 1143  0.8 1751  2.4 9999  9.9
16  Su        423 0010  0.7 0625  2.6 1253  0.6 1900  2.5
17  Mo        423 0118  0.6 0726  2.8 1353  0.5 2000  2.7
18  Tu        423 0215  0.4 0820  2.9 1444  0.3 2051  2.9
19  We        423 0305  0.3 0909  3.0 1531  0.2 2138  3.0
20  Th        423 0351  0.2 0953  3.0 1614  0.2 2220  3.0
21  Fr        423 0433  0.2 1035  3.0 1654  0.2 2300  3.0
22  Sa        423 0514  0.3 1114  2.9 1733  0.3 2339  2.9
23  Su        423 0554  0.4 1153  2.8 1810  0.4 9999  9.9
24  Mo        423 0016  2.8 0633  0.5 1231  2.6 1846  0.6
25  Tu        423 0055  2.7 0713  0.7 1312  2.5 1924  0.7
26  We        423 0137  2.5 0757  0.8 1357  2.3 2007  0.9
27  Th        423 0226  2.4 0849  1.0 1450  2.2 2101  1.0
28  Fr        423 0327  2.3 0953  1.0 1555  2.2 2210  1.1
29  Sa        423 0436  2.3 1105  1.0 1706  2.2 2327  1.0
30  Su        423 0542  2.3 1210  1.0 1812  2.3 9999  9.9
 1  Mo        523 0033  1.0 0640  2.4 1304  0.8 1908  2.4
 2  Tu        523 0125  0.8 0728  2.5 1351  0.7 1956  2.5
 3  We        523 0209  0.7 0810  2.6 1432  0.5 2038  2.7
 4  Th        523 0250  0.6 0851  2.8 1511  0.4 2118  2.8
 5  Fr        523 0330  0.5 0930  2.8 1551  0.3 2158  2.9
 6  Sa        523 0410  0.4 1011  2.9 1630  0.3 2237  2.9
 7  Su        523 0451  0.4 1052  2.9 1711  0.3 2319  2.9
 8  Mo        523 0534  0.4 1136  2.8 1753  0.3 9999  9.9
 9  Tu        523 0002  2.9 0619  0.5 1222  2.7 1838  0.4
10  We        523 0049  2.8 0708  0.5 1313  2.6 1927  0.5
11  Th        523 0142  2.7 0804  0.6 1410  2.5 2023  0.6
12  Fr        523 0242  2.6 0906  0.7 1515  2.4 2127  0.7
13  Sa        523 0348  2.6 1015  0.7 1624  2.4 2238  0.8
14  Su        523 0456  2.6 1124  0.7 1733  2.5 2348  0.7
15  Mo        523 0600  2.7 1228  0.6 1838  2.6 9999  9.9
16  Tu        523 0052  0.6 0659  2.7 1325  0.5 1936  2.7
17  We        523 0149  0.5 0753  2.8 1417  0.4 2027  2.8
18  Th        523 0240  0.4 0842  2.8 1504  0.3 2114  2.9
19  Fr        523 0326  0.4 0927  2.8 1547  0.3 2156  2.9
20  Sa        523 0410  0.4 1010  2.8 1628  0.3 2236  2.9
21  Su        523 0451  0.4 1050  2.7 1706  0.4 2314  2.8
22  Mo        523 0531  0.5 1129  2.7 1744  0.5 2352  2.8
23  Tu        523 0610  0.6 1207  2.6 1820  0.6 9999  9.9
24  We        523 0030  2.7 0649  0.7 1247  2.5 1858  0.7
25  Th        523 0111  2.6 0731  0.8 1330  2.4 1939  0.8
26  Fr        523 0156  2.5 0818  0.9 1419  2.3 2027  0.9
27  Sa        523 0248  2.4 0912  0.9 1514  2.2 2123  1.0
28  Su        523 0346  2.4 1012  1.0 1615  2.2 2228  1.0
29  Mo        523 0445  2.4 1112  0.9 1718  2.3 2333  1.0
30  Tu        523 0541  2.4 1209  0.8 1816  2.4 9999  9.9
31  We        523 0032  0.9 0634  2.5 1301  0.7 1910  2.5
 1  Th        623 0124  0.8 0724  2.6 1349  0.6 1959  2.6
 2  Fr        623 0213  0.6 0812  2.7 1436  0.4 2046  2.8
 3  Sa        623 0301  0.5 0900  2.8 1522  0.3 2132  2.9
 4  Su        623 0347  0.4 0947  2.8 1607  0.3 2217  2.9
 5  Mo        623 0434  0.4 1035  2.8 1653  0.3 2303  3.0
 6  Tu        623 0522  0.4 1124  2.8 1740  0.3 2351  2.9
 7  We        623 0611  0.4 1214  2.7 1828  0.4 9999  9.9
 8  Th        623 0041  2.9 0702  0.4 1307  2.7 1919  0.4
 9  Fr        623 0134  2.8 0757  0.5 1402  2.6 2013  0.5
10  Sa        623 0230  2.8 0855  0.6 1502  2.5 2112  0.6
11  Su        623 0330  2.7 0955  0.6 1605  2.5 2215  0.7
12  Mo        623 0430  2.7 1057  0.6 1708  2.5 2320  0.7
13  Tu        623 0531  2.7 1157  0.6 1811  2.5 9999  9.9
14  We        623 0023  0.7 0629  2.7 1254  0.5 1909  2.6
15  Th        623 0122  0.7 0725  2.7 1348  0.5 2003  2.7
16  Fr        623 0216  0.6 0817  2.7 1438  0.5 2051  2.7
17  Sa        623 0305  0.6 0905  2.7 1524  0.5 2135  2.8
18  Su        623 0350  0.6 0949  2.6 1606  0.5 2216  2.8
19  Mo        623 0432  0.6 1030  2.6 1645  0.5 2254  2.8
20  Tu        623 0512  0.6 1109  2.6 1722  0.5 2331  2.7
21  We        623 0550  0.6 1147  2.6 1759  0.6 9999  9.9
22  Th        623 0008  2.7 0628  0.7 1225  2.5 1835  0.6
23  Fr        623 0046  2.6 0706  0.7 1304  2.5 1912  0.7
24  Sa        623 0127  2.6 0747  0.8 1347  2.4 1954  0.8
25  Su        623 0210  2.5 0831  0.8 1434  2.4 2040  0.9
26  Mo        623 0258  2.5 0920  0.8 1526  2.3 2134  0.9
27  Tu        623 0350  2.4 1014  0.8 1624  2.3 2234  0.9
28  We        623 0445  2.4 1111  0.8 1724  2.4 2337  0.9
29  Th        623 0543  2.5 1210  0.7 1824  2.5 9999  9.9
30  Fr        623 0040  0.8 0641  2.5 1308  0.6 1923  2.6
