104Opotiki Wharf
Based on data from  1-Jan-2006
Local Std Time, tidal heights in metres.
 1  Th        115 0305  1.9 0932  0.6 1528  2.0 2202  0.5
 2  Fr        115 0405  1.9 1032  0.6 1625  1.9 2258  0.5
 3  Sa        115 0503  1.9 1129  0.6 1721  1.9 2351  0.5
 4  Su        115 0556  2.0 1221  0.6 1814  1.9 9999  9.9
 5  Mo        115 0040  0.5 0646  2.0 1311  0.6 1903  1.9
 6  Tu        115 0125  0.5 0732  2.0 1357  0.6 1950  1.9
 7  We        115 0208  0.5 0816  2.0 1441  0.6 2035  1.9
 8  Th        115 0250  0.5 0858  2.0 1524  0.6 2117  1.9
 9  Fr        115 0329  0.5 0939  2.0 1605  0.6 2159  1.9
10  Sa        115 0409  0.5 1019  2.0 1645  0.6 2240  1.8
11  Su        115 0449  0.6 1059  1.9 1725  0.6 2321  1.8
12  Mo        115 0530  0.6 1139  1.9 1806  0.6 9999  9.9
13  Tu        115 0004  1.8 0613  0.7 1221  1.9 1848  0.6
14  We        115 0049  1.8 0700  0.7 1306  1.8 1933  0.6
15  Th        115 0138  1.8 0752  0.7 1354  1.8 2023  0.6
16  Fr        115 0230  1.8 0847  0.7 1445  1.8 2116  0.6
17  Sa        115 0325  1.8 0944  0.7 1539  1.9 2212  0.6
18  Su        115 0421  1.9 1042  0.6 1635  1.9 2307  0.5
19  Mo        115 0516  2.0 1139  0.6 1732  2.0 9999  9.9
20  Tu        115 0002  0.4 0610  2.1 1234  0.5 1827  2.0
21  We        115 0055  0.4 0702  2.1 1327  0.4 1922  2.1
22  Th        115 0147  0.3 0754  2.2 1420  0.4 2015  2.1
23  Fr        115 0238  0.3 0846  2.2 1512  0.3 2108  2.1
24  Sa        115 0329  0.3 0937  2.3 1605  0.3 2201  2.1
25  Su        115 0421  0.3 1030  2.2 1657  0.3 2254  2.1
26  Mo        115 0515  0.4 1123  2.2 1751  0.3 2349  2.1
27  Tu        115 0611  0.4 1217  2.1 1846  0.4 9999  9.9
28  We        115 0045  2.0 0710  0.5 1312  2.0 1942  0.5
29  Th        115 0143  1.9 0810  0.6 1409  2.0 2041  0.5
30  Fr        115 0244  1.9 0912  0.6 1507  1.9 2139  0.5
31  Sa        115 0344  1.9 1012  0.6 1604  1.9 2236  0.6
 1  Su        215 0442  1.9 1109  0.6 1701  1.8 2329  0.6
 2  Mo        215 0535  1.9 1201  0.6 1754  1.8 9999  9.9
 3  Tu        215 0018  0.5 0624  1.9 1250  0.6 1843  1.8
 4  We        215 0103  0.5 0709  1.9 1334  0.6 1928  1.9
 5  Th        215 0145  0.5 0751  2.0 1416  0.6 2011  1.9
 6  Fr        215 0225  0.5 0831  2.0 1456  0.6 2051  1.9
 7  Sa        215 0303  0.5 0910  2.0 1535  0.6 2130  1.9
 8  Su        215 0341  0.5 0948  1.9 1612  0.6 2209  1.8
 9  Mo        215 0419  0.6 1026  1.9 1650  0.6 2247  1.8
10  Tu        215 0458  0.6 1105  1.9 1728  0.6 2328  1.8
11  We        215 0539  0.6 1145  1.9 1808  0.6 9999  9.9
12  Th        215 0012  1.8 0624  0.7 1229  1.9 1852  0.6
13  Fr        215 0100  1.8 0714  0.7 1318  1.8 1942  0.6
14  Sa        215 0153  1.8 0811  0.7 1411  1.8 2038  0.6
15  Su        215 0250  1.8 0911  0.7 1508  1.9 2138  0.6
16  Mo        215 0349  1.9 1012  0.6 1608  1.9 2239  0.5
17  Tu        215 0448  2.0 1113  0.5 1708  2.0 2338  0.4
18  We        215 0545  2.1 1210  0.5 1806  2.0 9999  9.9
19  Th        215 0034  0.4 0640  2.2 1306  0.4 1902  2.1
20  Fr        215 0128  0.3 0733  2.2 1400  0.3 1957  2.2
21  Sa        215 0220  0.3 0826  2.3 1452  0.3 2050  2.2
22  Su        215 0312  0.3 0918  2.3 1544  0.3 2142  2.2
23  Mo        215 0404  0.3 1010  2.2 1636  0.3 2234  2.1
24  Tu        215 0457  0.3 1102  2.2 1728  0.3 2328  2.1
25  We        215 0552  0.4 1155  2.1 1821  0.4 9999  9.9
26  Th        215 0022  2.0 0649  0.5 1250  2.0 1917  0.5
27  Fr        215 0119  1.9 0748  0.6 1346  1.9 2014  0.6
28  Sa        215 0218  1.9 0848  0.6 1443  1.8 2113  0.6
 1  Su        315 0318  1.8 0948  0.7 1541  1.8 2210  0.6
 2  Mo        315 0416  1.8 1044  0.7 1638  1.8 2304  0.6
 3  Tu        315 0509  1.8 1136  0.7 1731  1.8 2353  0.6
 4  We        315 0557  1.9 1223  0.6 1819  1.8 9999  9.9
 5  Th        315 0038  0.6 0642  1.9 1307  0.6 1903  1.8
 6  Fr        315 0119  0.6 0723  1.9 1348  0.6 1944  1.9
 7  Sa        315 0159  0.6 0802  1.9 1426  0.6 2023  1.9
 8  Su        315 0237  0.6 0839  1.9 1503  0.6 2100  1.9
 9  Mo        315 0314  0.6 0916  1.9 1539  0.6 2138  1.9
10  Tu        315 0351  0.6 0954  1.9 1615  0.6 2216  1.9
11  We        315 0429  0.6 1032  1.9 1652  0.6 2256  1.9
12  Th        315 0510  0.6 1114  1.9 1732  0.6 2339  1.9
13  Fr        315 0555  0.6 1159  1.9 1816  0.6 9999  9.9
14  Sa        315 0028  1.8 0645  0.7 1248  1.8 1908  0.6
15  Su        315 0122  1.9 0742  0.7 1343  1.9 2006  0.6
16  Mo        315 0220  1.9 0844  0.6 1443  1.9 2110  0.6
17  Tu        315 0321  1.9 0947  0.6 1545  1.9 2215  0.5
18  We        315 0422  2.0 1049  0.5 1646  2.0 2316  0.4
19  Th        315 0520  2.1 1148  0.4 1746  2.1 9999  9.9
20  Fr        315 0014  0.4 0617  2.1 1244  0.4 1843  2.1
21  Sa        315 0109  0.3 0711  2.2 1338  0.3 1937  2.2
22  Su        315 0202  0.3 0804  2.2 1430  0.3 2030  2.2
23  Mo        315 0253  0.3 0857  2.2 1521  0.3 2122  2.2
24  Tu        315 0345  0.3 0948  2.2 1612  0.3 2213  2.2
25  We        315 0437  0.4 1040  2.1 1702  0.4 2305  2.1
26  Th        315 0531  0.4 1132  2.0 1754  0.4 2358  2.0
27  Fr        315 0626  0.5 1225  1.9 1848  0.5 9999  9.9
28  Sa        315 0052  1.9 0722  0.6 1320  1.9 1944  0.6
29  Su        315 0149  1.9 0820  0.6 1416  1.8 2041  0.7
30  Mo        315 0246  1.8 0917  0.7 1513  1.8 2138  0.7
31  Tu        315 0342  1.8 1012  0.7 1609  1.7 2232  0.7
 1  We        415 0434  1.8 1103  0.7 1701  1.8 2322  0.7
 2  Th        415 0523  1.8 1150  0.7 1749  1.8 9999  9.9
 3  Fr        415 0007  0.6 0607  1.8 1234  0.6 1833  1.8
 4  Sa        415 0050  0.6 0649  1.9 1314  0.6 1914  1.9
 5  Su        415 0130  0.6 0728  1.9 1353  0.6 1952  1.9
 6  Mo        415 0209  0.6 0806  1.9 1430  0.6 2030  1.9
 7  Tu        415 0247  0.6 0845  1.9 1507  0.6 2108  1.9
 8  We        415 0325  0.6 0923  1.9 1543  0.6 2147  1.9
 9  Th        415 0405  0.6 1004  1.9 1621  0.6 2228  1.9
10  Fr        415 0446  0.6 1047  1.9 1703  0.6 2313  1.9
11  Sa        415 0532  0.6 1134  1.9 1749  0.6 9999  9.9
12  Su        415 0003  1.9 0624  0.6 1225  1.9 1842  0.6
13  Mo        415 0057  1.9 0721  0.6 1322  1.9 1942  0.6
14  Tu        415 0156  1.9 0822  0.6 1422  1.9 2047  0.6
15  We        415 0257  2.0 0925  0.5 1525  1.9 2153  0.5
16  Th        415 0358  2.0 1027  0.5 1627  2.0 2256  0.5
17  Fr        415 0457  2.1 1126  0.4 1727  2.1 2354  0.4
18  Sa        415 0554  2.1 1222  0.4 1824  2.1 9999  9.9
19  Su        415 0050  0.4 0649  2.1 1316  0.3 1918  2.2
20  Mo        415 0143  0.3 0743  2.2 1407  0.3 2010  2.2
21  Tu        415 0234  0.3 0835  2.2 1458  0.3 2100  2.2
22  We        415 0325  0.4 0926  2.1 1547  0.3 2150  2.1
23  Th        415 0416  0.4 1016  2.1 1636  0.4 2240  2.1
24  Fr        415 0508  0.5 1107  2.0 1725  0.5 2330  2.0
25  Sa        415 0600  0.5 1158  1.9 1815  0.6 9999  9.9
26  Su        415 0022  1.9 0653  0.6 1250  1.8 1908  0.6
27  Mo        415 0115  1.9 0747  0.6 1344  1.8 2003  0.7
28  Tu        415 0208  1.8 0840  0.7 1438  1.7 2059  0.7
29  We        415 0301  1.8 0933  0.7 1532  1.7 2153  0.7
30  Th        415 0352  1.8 1023  0.7 1624  1.7 2244  0.7
 1  Fr        515 0441  1.8 1111  0.7 1713  1.8 2331  0.7
 2  Sa        515 0526  1.8 1155  0.6 1758  1.8 9999  9.9
 3  Su        515 0016  0.7 0610  1.8 1237  0.6 1840  1.9
 4  Mo        515 0058  0.6 0651  1.8 1318  0.6 1920  1.9
 5  Tu        515 0139  0.6 0732  1.9 1357  0.5 2000  1.9
 6  We        515 0220  0.6 0814  1.9 1436  0.5 2040  2.0
 7  Th        515 0301  0.6 0856  1.9 1515  0.5 2121  2.0
 8  Fr        515 0343  0.6 0939  1.9 1556  0.5 2205  2.0
 9  Sa        515 0428  0.5 1025  1.9 1640  0.5 2252  2.0
10  Su        515 0515  0.5 1114  1.9 1729  0.5 2342  2.0
11  Mo        515 0607  0.6 1207  1.9 1823  0.6 9999  9.9
12  Tu        515 0037  2.0 0704  0.5 1304  1.9 1923  0.6
13  We        515 0135  2.0 0803  0.5 1404  1.9 2028  0.6
14  Th        515 0235  2.0 0905  0.5 1506  1.9 2134  0.6
15  Fr        515 0335  2.0 1006  0.5 1608  2.0 2237  0.5
16  Sa        515 0434  2.0 1105  0.4 1708  2.0 2336  0.5
17  Su        515 0532  2.0 1201  0.4 1804  2.1 9999  9.9
18  Mo        515 0031  0.4 0627  2.1 1254  0.4 1858  2.1
19  Tu        515 0124  0.4 0721  2.1 1345  0.3 1949  2.1
20  We        515 0216  0.4 0813  2.1 1434  0.4 2039  2.1
21  Th        515 0305  0.4 0903  2.0 1521  0.4 2127  2.1
22  Fr        515 0354  0.5 0952  2.0 1608  0.4 2214  2.1
23  Sa        515 0443  0.5 1040  1.9 1654  0.5 2302  2.0
24  Su        515 0531  0.6 1128  1.9 1741  0.6 2349  1.9
25  Mo        515 0619  0.6 1217  1.8 1829  0.6 9999  9.9
26  Tu        515 0037  1.9 0708  0.6 1307  1.8 1920  0.7
27  We        515 0126  1.8 0757  0.7 1358  1.7 2013  0.7
28  Th        515 0215  1.8 0847  0.7 1449  1.7 2107  0.8
29  Fr        515 0305  1.8 0937  0.7 1541  1.7 2200  0.7
30  Sa        515 0353  1.8 1025  0.7 1631  1.8 2250  0.7
31  Su        515 0441  1.8 1112  0.6 1718  1.8 2338  0.7
 1  Mo        615 0528  1.8 1158  0.6 1803  1.9 9999  9.9
 2  Tu        615 0024  0.6 0614  1.8 1242  0.6 1847  1.9
 3  We        615 0109  0.6 0659  1.9 1324  0.5 1930  2.0
 4  Th        615 0153  0.6 0745  1.9 1407  0.5 2014  2.0
 5  Fr        615 0238  0.5 0831  1.9 1451  0.5 2059  2.1
 6  Sa        615 0323  0.5 0918  2.0 1535  0.5 2145  2.1
 7  Su        615 0411  0.5 1007  2.0 1622  0.5 2234  2.1
 8  Mo        615 0500  0.5 1058  2.0 1713  0.5 2325  2.1
 9  Tu        615 0552  0.5 1151  2.0 1808  0.5 9999  9.9
10  We        615 0019  2.0 0647  0.5 1247  1.9 1907  0.6
11  Th        615 0115  2.0 0745  0.5 1346  1.9 2011  0.6
12  Fr        615 0214  2.0 0845  0.5 1447  1.9 2115  0.6
13  Sa        615 0313  2.0 0945  0.5 1549  2.0 2218  0.6
14  Su        615 0413  2.0 1044  0.5 1649  2.0 2318  0.5
15  Mo        615 0511  2.0 1141  0.4 1745  2.0 9999  9.9
16  Tu        615 0014  0.5 0607  2.0 1234  0.4 1839  2.1
17  We        615 0106  0.5 0700  2.0 1324  0.4 1929  2.1
18  Th        615 0157  0.5 0751  2.0 1411  0.4 2017  2.1
19  Fr        615 0245  0.5 0840  1.9 1456  0.4 2103  2.1
20  Sa        615 0331  0.5 0927  1.9 1540  0.5 2147  2.0
21  Su        615 0416  0.5 1012  1.9 1623  0.5 2231  2.0
22  Mo        615 0500  0.6 1057  1.8 1706  0.6 2315  1.9
23  Tu        615 0543  0.6 1142  1.8 1750  0.6 2359  1.9
24  We        615 0627  0.6 1227  1.8 1837  0.7 9999  9.9
25  Th        615 0043  1.8 0711  0.7 1314  1.7 1926  0.7
26  Fr        615 0129  1.8 0758  0.7 1403  1.7 2018  0.8
27  Sa        615 0216  1.8 0846  0.7 1454  1.7 2112  0.8
28  Su        615 0306  1.8 0936  0.7 1545  1.8 2205  0.7
29  Mo        615 0356  1.8 1027  0.6 1636  1.8 2258  0.7
30  Tu        615 0447  1.8 1117  0.6 1726  1.9 2348  0.6
 1  We        715 0538  1.8 1206  0.5 1814  2.0 9999  9.9
 2  Th        715 0038  0.6 0629  1.9 1254  0.5 1902  2.0
 3  Fr        715 0126  0.5 0719  1.9 1342  0.4 1949  2.1
 4  Sa        715 0215  0.5 0809  2.0 1429  0.4 2037  2.1
 5  Su        715 0303  0.4 0859  2.0 1517  0.4 2126  2.2
 6  Mo        715 0353  0.4 0949  2.0 1606  0.4 2216  2.2
 7  Tu        715 0443  0.4 1041  2.0 1658  0.4 2307  2.1
 8  We        715 0535  0.4 1134  2.0 1753  0.5 9999  9.9
 9  Th        715 0001  2.1 0629  0.4 1230  2.0 1851  0.5
10  Fr        715 0056  2.0 0726  0.4 1328  2.0 1953  0.6
11  Sa        715 0154  2.0 0825  0.5 1428  1.9 2057  0.6
12  Su        715 0253  1.9 0925  0.5 1529  1.9 2200  0.6
13  Mo        715 0352  1.9 1024  0.5 1629  1.9 2300  0.6
14  Tu        715 0451  1.9 1121  0.5 1726  2.0 2356  0.6
15  We        715 0547  1.9 1214  0.5 1819  2.0 9999  9.9
16  Th        715 0048  0.6 0640  1.9 1303  0.5 1908  2.0
17  Fr        715 0137  0.5 0730  1.9 1348  0.5 1954  2.0
18  Sa        715 0222  0.5 0817  1.9 1431  0.5 2037  2.0
19  Su        715 0305  0.5 0901  1.9 1513  0.5 2119  2.0
20  Mo        715 0346  0.5 0943  1.9 1553  0.6 2200  2.0
21  Tu        715 0426  0.6 1025  1.8 1633  0.6 2240  1.9
22  We        715 0506  0.6 1106  1.8 1713  0.6 2321  1.9
23  Th        715 0545  0.6 1148  1.8 1756  0.7 9999  9.9
24  Fr        715 0002  1.8 0626  0.6 1231  1.8 1842  0.7
25  Sa        715 0046  1.8 0710  0.7 1318  1.8 1932  0.7
26  Su        715 0132  1.8 0757  0.7 1408  1.8 2025  0.7
27  Mo        715 0222  1.8 0848  0.7 1501  1.8 2122  0.7
28  Tu        715 0315  1.8 0943  0.6 1556  1.8 2218  0.7
29  We        715 0410  1.8 1039  0.6 1650  1.9 2314  0.6
30  Th        715 0506  1.9 1134  0.5 1742  2.0 9999  9.9
31  Fr        715 0008  0.5 0601  1.9 1227  0.5 1834  2.1
 1  Sa        815 0100  0.5 0655  2.0 1318  0.4 1925  2.1
 2  Su        815 0152  0.4 0748  2.1 1409  0.3 2016  2.2
 3  Mo        815 0242  0.3 0840  2.1 1459  0.3 2106  2.2
 4  Tu        815 0333  0.3 0931  2.1 1550  0.3 2157  2.2
 5  We        815 0424  0.3 1023  2.1 1642  0.4 2249  2.2
 6  Th        815 0516  0.3 1116  2.1 1737  0.4 2342  2.1
 7  Fr        815 0609  0.4 1211  2.0 1835  0.5 9999  9.9
 8  Sa        815 0037  2.0 0705  0.4 1308  2.0 1935  0.5
 9  Su        815 0134  2.0 0803  0.5 1408  1.9 2038  0.6
10  Mo        815 0232  1.9 0903  0.5 1509  1.9 2141  0.6
11  Tu        815 0332  1.9 1003  0.6 1609  1.9 2241  0.6
12  We        815 0431  1.8 1100  0.6 1705  1.9 2336  0.6
13  Th        815 0528  1.8 1152  0.6 1757  1.9 9999  9.9
14  Fr        815 0027  0.6 0620  1.8 1240  0.6 1845  1.9
15  Sa        815 0114  0.6 0708  1.8 1325  0.5 1929  2.0
16  Su        815 0157  0.6 0753  1.9 1406  0.5 2010  2.0
17  Mo        815 0237  0.5 0834  1.9 1445  0.5 2050  2.0
18  Tu        815 0316  0.5 0914  1.9 1524  0.6 2128  1.9
19  We        815 0353  0.5 0953  1.9 1602  0.6 2207  1.9
20  Th        815 0430  0.6 1032  1.9 1641  0.6 2245  1.9
21  Fr        815 0507  0.6 1111  1.8 1721  0.7 2325  1.9
22  Sa        815 0545  0.6 1153  1.8 1805  0.7 9999  9.9
23  Su        815 0007  1.8 0627  0.6 1238  1.8 1853  0.7
24  Mo        815 0054  1.8 0713  0.6 1328  1.8 1946  0.7
25  Tu        815 0144  1.8 0806  0.6 1423  1.8 2044  0.7
26  We        815 0240  1.8 0904  0.6 1520  1.9 2144  0.7
27  Th        815 0338  1.8 1005  0.6 1617  1.9 2243  0.6
28  Fr        815 0438  1.9 1105  0.5 1713  2.0 2340  0.5
29  Sa        815 0536  2.0 1202  0.4 1808  2.1 9999  9.9
30  Su        815 0035  0.4 0633  2.1 1256  0.4 1901  2.2
31  Mo        815 0129  0.3 0727  2.1 1349  0.3 1954  2.2
 1  Tu        915 0220  0.3 0820  2.2 1441  0.3 2046  2.3
 2  We        915 0312  0.2 0912  2.2 1533  0.3 2137  2.2
 3  Th        915 0403  0.2 1004  2.2 1625  0.3 2230  2.2
 4  Fr        915 0454  0.3 1057  2.1 1720  0.4 2323  2.1
 5  Sa        915 0547  0.4 1151  2.1 1817  0.5 9999  9.9
 6  Su        915 0017  2.0 0642  0.4 1247  2.0 1916  0.5
 7  Mo        915 0113  1.9 0739  0.5 1345  1.9 2018  0.6
 8  Tu        915 0211  1.9 0839  0.6 1445  1.9 2119  0.6
 9  We        915 0311  1.8 0938  0.6 1544  1.9 2217  0.6
10  Th        915 0410  1.8 1035  0.6 1640  1.9 2312  0.6
11  Fr        915 0506  1.8 1127  0.6 1731  1.9 9999  9.9
12  Sa        915 0001  0.6 0557  1.8 1215  0.6 1817  1.9
13  Su        915 0046  0.6 0644  1.8 1258  0.6 1900  1.9
14  Mo        915 0128  0.6 0726  1.9 1339  0.6 1940  1.9
15  Tu        915 0207  0.5 0806  1.9 1418  0.6 2019  1.9
16  We        915 0244  0.5 0845  1.9 1456  0.6 2057  1.9
17  Th        915 0320  0.5 0923  1.9 1534  0.6 2135  1.9
18  Fr        915 0356  0.5 1000  1.9 1612  0.6 2213  1.9
19  Sa        915 0432  0.6 1039  1.9 1652  0.6 2253  1.9
20  Su        915 0510  0.6 1121  1.9 1735  0.7 2336  1.8
21  Mo        915 0551  0.6 1206  1.9 1823  0.7 9999  9.9
22  Tu        915 0023  1.8 0638  0.6 1256  1.9 1916  0.7
23  We        915 0115  1.8 0732  0.6 1351  1.9 2014  0.6
24  Th        915 0212  1.8 0832  0.6 1449  1.9 2115  0.6
25  Fr        915 0313  1.9 0936  0.6 1548  2.0 2216  0.5
26  Sa        915 0414  1.9 1039  0.5 1647  2.1 2315  0.4
27  Su        915 0514  2.0 1139  0.4 1743  2.1 9999  9.9
28  Mo        915 0012  0.4 0612  2.1 1235  0.4 1838  2.2
29  Tu        915 0106  0.3 0707  2.2 1329  0.3 1932  2.2
30  We        915 0158  0.2 0801  2.2 1422  0.3 2025  2.2
 1  Th       1015 0250  0.2 0853  2.2 1515  0.3 2117  2.2
 2  Fr       1015 0341  0.2 0945  2.2 1608  0.3 2209  2.2
 3  Sa       1015 0432  0.3 1037  2.2 1702  0.4 2302  2.1
 4  Su       1015 0524  0.4 1130  2.1 1758  0.5 2356  2.0
 5  Mo       1015 0617  0.4 1224  2.0 1855  0.5 9999  9.9
 6  Tu       1015 0051  1.9 0712  0.5 1320  2.0 1954  0.6
 7  We       1015 0148  1.8 0810  0.6 1418  1.9 2052  0.6
 8  Th       1015 0246  1.8 0909  0.6 1514  1.9 2148  0.6
 9  Fr       1015 0344  1.8 1005  0.7 1608  1.8 2241  0.6
10  Sa       1015 0439  1.8 1057  0.7 1658  1.9 2329  0.6
11  Su       1015 0529  1.8 1145  0.6 1745  1.9 9999  9.9
12  Mo       1015 0014  0.6 0615  1.8 1229  0.6 1828  1.9
13  Tu       1015 0056  0.6 0658  1.9 1311  0.6 1908  1.9
14  We       1015 0135  0.5 0738  1.9 1351  0.6 1948  1.9
15  Th       1015 0213  0.5 0816  1.9 1430  0.6 2026  1.9
16  Fr       1015 0250  0.5 0854  1.9 1509  0.6 2105  1.9
17  Sa       1015 0326  0.5 0932  1.9 1548  0.6 2145  1.9
18  Su       1015 0402  0.5 1012  1.9 1629  0.6 2226  1.9
19  Mo       1015 0441  0.5 1054  1.9 1713  0.6 2311  1.9
20  Tu       1015 0524  0.6 1140  1.9 1801  0.6 2359  1.8
21  We       1015 0612  0.6 1231  1.9 1853  0.6 9999  9.9
22  Th       1015 0052  1.8 0707  0.6 1325  1.9 1951  0.6
23  Fr       1015 0150  1.9 0808  0.6 1424  2.0 2052  0.5
24  Sa       1015 0251  1.9 0913  0.6 1523  2.0 2153  0.5
25  Su       1015 0353  2.0 1017  0.5 1622  2.1 2252  0.4
26  Mo       1015 0454  2.0 1118  0.4 1720  2.1 2349  0.3
27  Tu       1015 0552  2.1 1216  0.4 1816  2.2 9999  9.9
28  We       1015 0044  0.3 0648  2.2 1311  0.3 1911  2.2
29  Th       1015 0137  0.2 0742  2.2 1405  0.3 2004  2.2
30  Fr       1015 0229  0.2 0834  2.2 1457  0.3 2057  2.2
31  Sa       1015 0319  0.2 0925  2.2 1550  0.4 2149  2.1
 1  Su       1115 0409  0.3 1016  2.2 1643  0.4 2241  2.0
 2  Mo       1115 0459  0.4 1107  2.1 1737  0.5 2333  2.0
 3  Tu       1115 0550  0.5 1200  2.0 1831  0.5 9999  9.9
 4  We       1115 0026  1.9 0643  0.5 1252  2.0 1925  0.6
 5  Th       1115 0120  1.8 0738  0.6 1346  1.9 2020  0.6
 6  Fr       1115 0216  1.8 0834  0.7 1439  1.9 2113  0.6
 7  Sa       1115 0311  1.7 0929  0.7 1531  1.8 2205  0.6
 8  Su       1115 0405  1.8 1021  0.7 1621  1.8 2253  0.6
 9  Mo       1115 0456  1.8 1111  0.7 1707  1.8 2339  0.6
10  Tu       1115 0543  1.8 1157  0.7 1752  1.9 9999  9.9
11  We       1115 0022  0.6 0626  1.9 1241  0.6 1834  1.9
12  Th       1115 0103  0.5 0708  1.9 1323  0.6 1916  1.9
13  Fr       1115 0142  0.5 0747  1.9 1404  0.6 1957  1.9
14  Sa       1115 0221  0.5 0827  2.0 1445  0.6 2038  1.9
15  Su       1115 0259  0.5 0907  2.0 1527  0.6 2120  1.9
16  Mo       1115 0338  0.5 0948  2.0 1610  0.6 2204  1.9
17  Tu       1115 0419  0.5 1032  2.0 1655  0.6 2250  1.9
18  We       1115 0504  0.5 1119  2.0 1744  0.6 2340  1.9
19  Th       1115 0553  0.5 1210  2.0 1836  0.5 9999  9.9
20  Fr       1115 0034  1.9 0648  0.6 1305  2.0 1932  0.5
21  Sa       1115 0131  1.9 0749  0.6 1402  2.0 2032  0.5
22  Su       1115 0232  1.9 0854  0.5 1501  2.0 2132  0.5
23  Mo       1115 0334  2.0 0958  0.5 1600  2.1 2232  0.4
24  Tu       1115 0435  2.0 1100  0.5 1659  2.1 2329  0.3
25  We       1115 0534  2.1 1158  0.4 1755  2.1 9999  9.9
26  Th       1115 0025  0.3 0630  2.1 1254  0.4 1851  2.1
27  Fr       1115 0118  0.3 0723  2.2 1348  0.4 1945  2.1
28  Sa       1115 0209  0.3 0815  2.2 1440  0.4 2037  2.1
29  Su       1115 0258  0.3 0905  2.2 1532  0.4 2128  2.1
30  Mo       1115 0347  0.3 0955  2.1 1623  0.4 2218  2.0
 1  Tu       1215 0434  0.4 1044  2.1 1713  0.5 2308  1.9
 2  We       1215 0522  0.5 1133  2.0 1803  0.5 2358  1.9
 3  Th       1215 0611  0.6 1222  2.0 1853  0.6 9999  9.9
 4  Fr       1215 0049  1.8 0702  0.6 1311  1.9 1943  0.6
 5  Sa       1215 0141  1.8 0754  0.7 1401  1.9 2033  0.6
 6  Su       1215 0234  1.7 0848  0.7 1450  1.8 2123  0.6
 7  Mo       1215 0326  1.7 0941  0.7 1539  1.8 2213  0.6
 8  Tu       1215 0418  1.8 1033  0.7 1627  1.8 2300  0.6
 9  We       1215 0506  1.8 1122  0.7 1714  1.8 2346  0.6
10  Th       1215 0552  1.9 1209  0.7 1759  1.8 9999  9.9
11  Fr       1215 0030  0.5 0636  1.9 1254  0.6 1844  1.9
12  Sa       1215 0112  0.5 0719  2.0 1339  0.6 1929  1.9
13  Su       1215 0154  0.5 0801  2.0 1422  0.6 2013  1.9
14  Mo       1215 0235  0.5 0843  2.0 1507  0.5 2058  1.9
15  Tu       1215 0317  0.4 0927  2.1 1552  0.5 2145  1.9
16  We       1215 0401  0.4 1013  2.1 1639  0.5 2233  2.0
17  Th       1215 0448  0.5 1102  2.1 1728  0.5 2324  2.0
18  Fr       1215 0538  0.5 1153  2.1 1820  0.5 9999  9.9
19  Sa       1215 0017  1.9 0633  0.5 1246  2.1 1915  0.5
20  Su       1215 0114  1.9 0734  0.5 1343  2.0 2013  0.5
21  Mo       1215 0214  1.9 0837  0.5 1441  2.0 2113  0.4
22  Tu       1215 0316  2.0 0941  0.5 1540  2.0 2213  0.4
23  We       1215 0417  2.0 1044  0.5 1639  2.0 2312  0.4
24  Th       1215 0517  2.0 1143  0.5 1737  2.0 9999  9.9
25  Fr       1215 0008  0.4 0613  2.1 1239  0.5 1833  2.0
26  Sa       1215 0100  0.3 0706  2.1 1333  0.4 1927  2.0
27  Su       1215 0150  0.3 0757  2.1 1424  0.4 2018  2.0
28  Mo       1215 0238  0.4 0845  2.1 1513  0.4 2107  2.0
29  Tu       1215 0324  0.4 0932  2.1 1600  0.5 2155  2.0
30  We       1215 0409  0.4 1018  2.1 1646  0.5 2241  1.9
31  Th       1215 0453  0.5 1103  2.0 1732  0.5 2328  1.9
