085Opua
Based on data from  1-Jul-2011
Local Std Time, tidal heights in metres.
 1  Th        115 0358  2.3 1003  0.8 1618  2.3 2234  0.6
 2  Fr        115 0500  2.3 1106  0.8 1716  2.3 2332  0.6
 3  Sa        115 0557  2.3 1205  0.8 1811  2.3 9999  9.9
 4  Su        115 0026  0.6 0649  2.4 1258  0.8 1902  2.3
 5  Mo        115 0115  0.6 0736  2.4 1345  0.7 1949  2.3
 6  Tu        115 0159  0.5 0820  2.5 1429  0.7 2034  2.3
 7  We        115 0240  0.5 0901  2.5 1510  0.7 2115  2.3
 8  Th        115 0318  0.5 0940  2.5 1549  0.7 2155  2.3
 9  Fr        115 0356  0.6 1018  2.4 1627  0.7 2234  2.3
10  Sa        115 0434  0.6 1056  2.4 1706  0.7 2313  2.2
11  Su        115 0513  0.7 1134  2.4 1746  0.7 2354  2.2
12  Mo        115 0555  0.7 1213  2.3 1829  0.8 9999  9.9
13  Tu        115 0038  2.2 0640  0.8 1256  2.3 1915  0.8
14  We        115 0127  2.1 0729  0.9 1343  2.2 2004  0.8
15  Th        115 0222  2.1 0823  0.9 1435  2.2 2056  0.8
16  Fr        115 0321  2.1 0920  0.9 1532  2.2 2152  0.7
17  Sa        115 0422  2.2 1018  0.9 1631  2.2 2248  0.7
18  Su        115 0519  2.3 1116  0.8 1729  2.3 2344  0.6
19  Mo        115 0613  2.4 1212  0.7 1825  2.4 9999  9.9
20  Tu        115 0038  0.5 0705  2.5 1306  0.6 1919  2.5
21  We        115 0130  0.4 0755  2.6 1359  0.5 2011  2.6
22  Th        115 0220  0.3 0844  2.7 1451  0.4 2103  2.6
23  Fr        115 0310  0.3 0933  2.8 1543  0.4 2154  2.7
24  Sa        115 0400  0.3 1023  2.8 1634  0.3 2245  2.6
25  Su        115 0451  0.3 1113  2.7 1725  0.4 2337  2.6
26  Mo        115 0543  0.4 1205  2.6 1817  0.4 9999  9.9
27  Tu        115 0032  2.5 0637  0.6 1258  2.5 1911  0.5
28  We        115 0130  2.4 0735  0.7 1354  2.4 2008  0.6
29  Th        115 0231  2.3 0836  0.8 1453  2.3 2108  0.7
30  Fr        115 0334  2.2 0941  0.9 1554  2.2 2210  0.7
31  Sa        115 0437  2.2 1046  0.9 1654  2.2 2311  0.7
 1  Su        215 0535  2.3 1146  0.9 1751  2.2 9999  9.9
 2  Mo        215 0007  0.7 0628  2.3 1240  0.8 1843  2.2
 3  Tu        215 0056  0.6 0714  2.4 1326  0.8 1929  2.3
 4  We        215 0139  0.6 0757  2.4 1408  0.7 2012  2.3
 5  Th        215 0218  0.6 0836  2.4 1446  0.7 2052  2.3
 6  Fr        215 0254  0.6 0914  2.4 1522  0.7 2130  2.3
 7  Sa        215 0330  0.6 0949  2.4 1558  0.7 2206  2.3
 8  Su        215 0406  0.6 1025  2.4 1634  0.7 2243  2.3
 9  Mo        215 0444  0.7 1100  2.4 1712  0.7 2321  2.3
10  Tu        215 0523  0.7 1137  2.3 1752  0.7 9999  9.9
11  We        215 0002  2.2 0606  0.8 1218  2.3 1836  0.7
12  Th        215 0048  2.2 0653  0.8 1303  2.2 1923  0.8
13  Fr        215 0140  2.1 0746  0.9 1355  2.2 2016  0.8
14  Sa        215 0240  2.1 0843  0.9 1454  2.2 2114  0.7
15  Su        215 0344  2.2 0944  0.9 1557  2.2 2215  0.7
16  Mo        215 0446  2.3 1046  0.8 1701  2.3 2315  0.6
17  Tu        215 0545  2.4 1146  0.7 1801  2.4 9999  9.9
18  We        215 0013  0.5 0639  2.5 1243  0.6 1858  2.5
19  Th        215 0108  0.4 0732  2.7 1338  0.4 1952  2.6
20  Fr        215 0200  0.3 0822  2.8 1431  0.3 2044  2.7
21  Sa        215 0251  0.2 0912  2.8 1522  0.3 2135  2.7
22  Su        215 0341  0.3 1001  2.8 1612  0.3 2226  2.7
23  Mo        215 0432  0.3 1051  2.7 1702  0.3 2317  2.6
24  Tu        215 0523  0.4 1142  2.6 1753  0.4 9999  9.9
25  We        215 0010  2.5 0617  0.6 1234  2.5 1845  0.5
26  Th        215 0106  2.4 0713  0.7 1330  2.4 1940  0.6
27  Fr        215 0205  2.3 0813  0.8 1428  2.2 2039  0.7
28  Sa        215 0307  2.2 0917  0.9 1529  2.2 2142  0.8
 1  Su        315 0410  2.2 1022  0.9 1630  2.1 2245  0.8
 2  Mo        315 0508  2.2 1122  0.9 1728  2.2 2342  0.8
 3  Tu        315 0601  2.2 1215  0.8 1819  2.2 9999  9.9
 4  We        315 0031  0.7 0647  2.3 1300  0.8 1906  2.2
 5  Th        315 0113  0.7 0729  2.3 1340  0.7 1947  2.3
 6  Fr        315 0152  0.6 0807  2.4 1417  0.7 2026  2.3
 7  Sa        315 0227  0.6 0844  2.4 1452  0.7 2103  2.4
 8  Su        315 0303  0.6 0919  2.4 1527  0.6 2140  2.4
 9  Mo        315 0339  0.6 0954  2.4 1603  0.6 2216  2.4
10  Tu        315 0416  0.7 1029  2.4 1641  0.6 2253  2.3
11  We        315 0456  0.7 1107  2.3 1720  0.6 2333  2.3
12  Th        315 0539  0.7 1147  2.3 1803  0.7 9999  9.9
13  Fr        315 0018  2.3 0626  0.8 1233  2.3 1851  0.7
14  Sa        315 0110  2.2 0718  0.8 1326  2.2 1945  0.7
15  Su        315 0209  2.2 0816  0.8 1426  2.2 2044  0.7
16  Mo        315 0313  2.2 0918  0.8 1532  2.2 2147  0.7
17  Tu        315 0417  2.3 1020  0.7 1638  2.3 2249  0.6
18  We        315 0517  2.4 1122  0.6 1740  2.4 2349  0.5
19  Th        315 0614  2.6 1220  0.5 1838  2.5 9999  9.9
20  Fr        315 0045  0.4 0707  2.7 1315  0.4 1933  2.6
21  Sa        315 0139  0.3 0759  2.7 1408  0.3 2025  2.7
22  Su        315 0231  0.3 0849  2.8 1459  0.3 2116  2.7
23  Mo        315 0322  0.3 0939  2.7 1549  0.3 2206  2.7
24  Tu        315 0412  0.4 1028  2.7 1638  0.3 2256  2.6
25  We        315 0503  0.5 1119  2.6 1727  0.4 2347  2.5
26  Th        315 0556  0.6 1210  2.4 1818  0.6 9999  9.9
27  Fr        315 0040  2.4 0651  0.7 1304  2.3 1911  0.7
28  Sa        315 0137  2.3 0748  0.8 1401  2.2 2008  0.8
29  Su        315 0236  2.2 0849  0.9 1500  2.1 2109  0.8
30  Mo        315 0337  2.2 0950  0.9 1601  2.1 2211  0.9
31  Tu        315 0434  2.2 1048  0.9 1658  2.1 2308  0.8
 1  We        415 0526  2.2 1140  0.8 1750  2.2 2358  0.8
 2  Th        415 0613  2.3 1226  0.8 1837  2.2 9999  9.9
 3  Fr        415 0041  0.8 0655  2.3 1306  0.7 1919  2.3
 4  Sa        415 0120  0.7 0734  2.3 1344  0.7 1958  2.3
 5  Su        415 0158  0.7 0811  2.4 1420  0.6 2036  2.4
 6  Mo        415 0235  0.7 0848  2.4 1456  0.6 2113  2.4
 7  Tu        415 0312  0.7 0924  2.4 1533  0.6 2150  2.4
 8  We        415 0351  0.7 1002  2.4 1612  0.6 2229  2.4
 9  Th        415 0433  0.7 1041  2.4 1653  0.6 2311  2.4
10  Fr        415 0517  0.7 1124  2.3 1737  0.6 2357  2.3
11  Sa        415 0606  0.8 1212  2.3 1826  0.7 9999  9.9
12  Su        415 0048  2.3 0659  0.8 1306  2.2 1921  0.7
13  Mo        415 0147  2.3 0757  0.8 1407  2.2 2020  0.7
14  Tu        415 0249  2.3 0858  0.7 1513  2.3 2123  0.7
15  We        415 0351  2.4 0959  0.7 1618  2.3 2226  0.6
16  Th        415 0451  2.5 1059  0.6 1721  2.4 2326  0.5
17  Fr        415 0548  2.5 1157  0.5 1819  2.5 9999  9.9
18  Sa        415 0024  0.5 0643  2.6 1252  0.4 1913  2.6
19  Su        415 0118  0.4 0735  2.7 1345  0.3 2005  2.7
20  Mo        415 0211  0.4 0826  2.7 1436  0.3 2056  2.7
21  Tu        415 0302  0.4 0916  2.6 1525  0.3 2145  2.7
22  We        415 0352  0.5 1005  2.6 1613  0.4 2234  2.6
23  Th        415 0443  0.5 1055  2.5 1701  0.5 2323  2.5
24  Fr        415 0534  0.6 1145  2.4 1750  0.6 9999  9.9
25  Sa        415 0013  2.4 0626  0.7 1236  2.2 1840  0.7
26  Su        415 0106  2.3 0720  0.8 1330  2.2 1934  0.8
27  Mo        415 0201  2.2 0815  0.9 1427  2.1 2030  0.9
28  Tu        415 0258  2.2 0911  0.9 1525  2.1 2129  0.9
29  We        415 0352  2.2 1006  0.9 1622  2.1 2225  0.9
30  Th        415 0444  2.2 1057  0.8 1714  2.1 2316  0.9
 1  Fr        515 0531  2.2 1144  0.8 1803  2.2 9999  9.9
 2  Sa        515 0002  0.8 0615  2.3 1227  0.7 1846  2.3
 3  Su        515 0045  0.8 0657  2.3 1307  0.6 1928  2.3
 4  Mo        515 0126  0.7 0737  2.3 1346  0.6 2007  2.4
 5  Tu        515 0206  0.7 0816  2.4 1425  0.6 2047  2.4
 6  We        515 0246  0.7 0856  2.4 1505  0.5 2126  2.5
 7  Th        515 0329  0.7 0937  2.4 1547  0.5 2208  2.5
 8  Fr        515 0413  0.7 1021  2.4 1631  0.5 2252  2.5
 9  Sa        515 0500  0.7 1107  2.4 1717  0.6 2340  2.4
10  Su        515 0550  0.7 1157  2.3 1807  0.6 9999  9.9
11  Mo        515 0032  2.4 0644  0.7 1253  2.3 1902  0.6
12  Tu        515 0129  2.4 0741  0.7 1353  2.3 2001  0.7
13  We        515 0228  2.4 0840  0.7 1457  2.3 2103  0.7
14  Th        515 0328  2.4 0939  0.6 1601  2.3 2205  0.7
15  Fr        515 0427  2.5 1038  0.5 1702  2.4 2306  0.6
16  Sa        515 0525  2.5 1136  0.5 1800  2.5 9999  9.9
17  Su        515 0004  0.6 0619  2.5 1231  0.4 1855  2.6
18  Mo        515 0059  0.5 0712  2.6 1323  0.4 1946  2.6
19  Tu        515 0152  0.5 0804  2.6 1413  0.3 2036  2.6
20  We        515 0243  0.5 0854  2.5 1502  0.4 2124  2.6
21  Th        515 0333  0.6 0942  2.5 1548  0.4 2211  2.6
22  Fr        515 0421  0.6 1030  2.4 1634  0.5 2258  2.5
23  Sa        515 0509  0.7 1118  2.3 1720  0.6 2345  2.4
24  Su        515 0558  0.7 1206  2.2 1807  0.7 9999  9.9
25  Mo        515 0033  2.3 0647  0.8 1256  2.2 1857  0.8
26  Tu        515 0123  2.2 0737  0.8 1349  2.1 1949  0.9
27  We        515 0214  2.2 0828  0.8 1444  2.1 2043  0.9
28  Th        515 0306  2.2 0920  0.8 1540  2.1 2138  0.9
29  Fr        515 0357  2.2 1011  0.8 1634  2.1 2230  0.9
30  Sa        515 0446  2.2 1100  0.8 1724  2.2 2320  0.9
31  Su        515 0533  2.2 1146  0.7 1811  2.3 9999  9.9
 1  Mo        615 0007  0.8 0619  2.3 1230  0.6 1856  2.3
 2  Tu        615 0052  0.8 0703  2.3 1314  0.6 1938  2.4
 3  We        615 0137  0.7 0746  2.4 1357  0.5 2021  2.5
 4  Th        615 0221  0.7 0831  2.4 1440  0.5 2104  2.5
 5  Fr        615 0307  0.6 0916  2.4 1525  0.4 2148  2.6
 6  Sa        615 0354  0.6 1003  2.4 1611  0.5 2235  2.6
 7  Su        615 0444  0.6 1052  2.4 1659  0.5 2324  2.5
 8  Mo        615 0535  0.6 1144  2.4 1751  0.5 9999  9.9
 9  Tu        615 0016  2.5 0629  0.6 1239  2.4 1845  0.6
10  We        615 0111  2.5 0724  0.6 1338  2.3 1943  0.6
11  Th        615 0208  2.5 0821  0.6 1440  2.3 2044  0.7
12  Fr        615 0307  2.4 0920  0.6 1543  2.3 2146  0.7
13  Sa        615 0405  2.4 1018  0.5 1644  2.4 2247  0.7
14  Su        615 0503  2.4 1116  0.5 1743  2.4 2346  0.7
15  Mo        615 0559  2.5 1211  0.5 1837  2.5 9999  9.9
16  Tu        615 0043  0.6 0653  2.5 1304  0.4 1928  2.5
17  We        615 0135  0.6 0744  2.5 1354  0.4 2017  2.6
18  Th        615 0225  0.6 0833  2.4 1440  0.4 2103  2.6
19  Fr        615 0313  0.6 0920  2.4 1525  0.5 2148  2.5
20  Sa        615 0358  0.6 1006  2.4 1608  0.5 2231  2.5
21  Su        615 0442  0.7 1050  2.3 1650  0.6 2314  2.4
22  Mo        615 0526  0.7 1134  2.2 1734  0.7 2358  2.3
23  Tu        615 0611  0.8 1220  2.2 1819  0.8 9999  9.9
24  We        615 0042  2.3 0656  0.8 1308  2.1 1907  0.8
25  Th        615 0129  2.2 0744  0.8 1400  2.1 1958  0.9
26  Fr        615 0218  2.2 0833  0.8 1454  2.1 2052  0.9
27  Sa        615 0309  2.2 0924  0.8 1550  2.1 2146  0.9
28  Su        615 0400  2.2 1015  0.8 1644  2.2 2239  0.9
29  Mo        615 0451  2.2 1106  0.7 1735  2.2 2330  0.8
30  Tu        615 0541  2.3 1155  0.6 1823  2.3 9999  9.9
 1  We        715 0020  0.8 0631  2.3 1243  0.6 1910  2.4
 2  Th        715 0109  0.7 0719  2.4 1330  0.5 1956  2.5
 3  Fr        715 0157  0.6 0808  2.5 1417  0.4 2041  2.6
 4  Sa        715 0246  0.5 0856  2.5 1504  0.4 2128  2.7
 5  Su        715 0336  0.5 0945  2.5 1552  0.4 2216  2.7
 6  Mo        715 0426  0.5 1036  2.5 1642  0.4 2306  2.7
 7  Tu        715 0517  0.5 1128  2.5 1733  0.5 2357  2.6
 8  We        715 0610  0.5 1223  2.4 1828  0.5 9999  9.9
 9  Th        715 0051  2.6 0705  0.5 1321  2.4 1925  0.6
10  Fr        715 0147  2.5 0801  0.5 1422  2.3 2026  0.7
11  Sa        715 0246  2.4 0859  0.6 1525  2.3 2129  0.7
12  Su        715 0345  2.4 0959  0.6 1627  2.3 2232  0.8
13  Mo        715 0445  2.3 1058  0.6 1726  2.4 2332  0.7
14  Tu        715 0542  2.3 1155  0.6 1820  2.4 9999  9.9
15  We        715 0029  0.7 0636  2.4 1248  0.5 1910  2.5
16  Th        715 0120  0.7 0727  2.4 1336  0.5 1957  2.5
17  Fr        715 0208  0.7 0814  2.4 1420  0.5 2041  2.5
18  Sa        715 0251  0.7 0858  2.4 1501  0.5 2123  2.5
19  Su        715 0333  0.7 0940  2.3 1541  0.6 2203  2.5
20  Mo        715 0413  0.7 1021  2.3 1620  0.6 2242  2.4
21  Tu        715 0453  0.7 1101  2.3 1700  0.7 2321  2.4
22  We        715 0533  0.7 1143  2.2 1743  0.7 9999  9.9
23  Th        715 0002  2.3 0616  0.7 1227  2.2 1828  0.8
24  Fr        715 0044  2.3 0701  0.8 1315  2.1 1917  0.9
25  Sa        715 0131  2.2 0749  0.8 1408  2.1 2009  0.9
26  Su        715 0222  2.2 0840  0.8 1505  2.1 2104  0.9
27  Mo        715 0316  2.2 0934  0.8 1603  2.2 2200  0.9
28  Tu        715 0412  2.2 1028  0.7 1659  2.2 2256  0.8
29  We        715 0508  2.2 1122  0.6 1752  2.3 2350  0.8
30  Th        715 0603  2.3 1215  0.5 1842  2.5 9999  9.9
31  Fr        715 0042  0.6 0655  2.4 1305  0.4 1930  2.6
 1  Sa        815 0134  0.5 0746  2.5 1355  0.4 2018  2.7
 2  Su        815 0224  0.4 0837  2.6 1444  0.3 2106  2.7
 3  Mo        815 0315  0.4 0927  2.6 1533  0.3 2155  2.8
 4  Tu        815 0406  0.3 1018  2.6 1623  0.3 2245  2.7
 5  We        815 0457  0.4 1110  2.6 1715  0.4 2336  2.7
 6  Th        815 0549  0.4 1204  2.5 1809  0.5 9999  9.9
 7  Fr        815 0030  2.6 0642  0.5 1301  2.4 1907  0.6
 8  Sa        815 0126  2.5 0738  0.5 1401  2.4 2008  0.7
 9  Su        815 0225  2.4 0838  0.6 1504  2.3 2112  0.8
10  Mo        815 0326  2.3 0940  0.7 1608  2.3 2217  0.8
11  Tu        815 0427  2.3 1042  0.7 1707  2.3 2318  0.8
12  We        815 0526  2.3 1140  0.6 1802  2.4 9999  9.9
13  Th        815 0014  0.8 0620  2.3 1232  0.6 1851  2.4
14  Fr        815 0103  0.7 0709  2.3 1318  0.6 1936  2.4
15  Sa        815 0148  0.7 0753  2.3 1359  0.6 2017  2.5
16  Su        815 0228  0.7 0835  2.4 1437  0.6 2056  2.5
17  Mo        815 0305  0.6 0914  2.4 1514  0.6 2133  2.4
18  Tu        815 0342  0.6 0952  2.4 1551  0.6 2209  2.4
19  We        815 0419  0.6 1030  2.3 1629  0.7 2246  2.4
20  Th        815 0457  0.7 1109  2.3 1709  0.7 2323  2.3
21  Fr        815 0537  0.7 1150  2.2 1753  0.8 9999  9.9
22  Sa        815 0004  2.3 0620  0.7 1235  2.2 1840  0.9
23  Su        815 0049  2.2 0707  0.8 1326  2.1 1932  0.9
24  Mo        815 0140  2.2 0759  0.8 1424  2.1 2028  0.9
25  Tu        815 0237  2.2 0855  0.8 1525  2.2 2126  0.9
26  We        815 0338  2.2 0954  0.7 1625  2.2 2225  0.8
27  Th        815 0439  2.2 1052  0.6 1721  2.4 2323  0.7
28  Fr        815 0538  2.3 1148  0.5 1814  2.5 9999  9.9
29  Sa        815 0018  0.6 0633  2.5 1241  0.4 1905  2.6
30  Su        815 0111  0.5 0726  2.6 1333  0.3 1954  2.7
31  Mo        815 0202  0.3 0817  2.7 1423  0.3 2043  2.8
 1  Tu        915 0253  0.3 0908  2.7 1513  0.3 2133  2.8
 2  We        915 0343  0.2 0958  2.7 1604  0.3 2223  2.8
 3  Th        915 0434  0.3 1050  2.7 1656  0.4 2314  2.7
 4  Fr        915 0525  0.3 1143  2.6 1750  0.5 9999  9.9
 5  Sa        915 0007  2.5 0618  0.4 1239  2.5 1847  0.6
 6  Su        915 0103  2.4 0714  0.6 1339  2.4 1949  0.7
 7  Mo        915 0203  2.3 0814  0.7 1441  2.3 2053  0.8
 8  Tu        915 0305  2.2 0917  0.7 1545  2.3 2159  0.8
 9  We        915 0407  2.2 1021  0.7 1645  2.3 2300  0.8
10  Th        915 0507  2.2 1120  0.7 1739  2.3 2355  0.8
11  Fr        915 0600  2.2 1211  0.7 1827  2.3 9999  9.9
12  Sa        915 0042  0.7 0648  2.3 1255  0.7 1910  2.4
13  Su        915 0123  0.7 0731  2.3 1335  0.6 1949  2.4
14  Mo        915 0201  0.6 0811  2.4 1412  0.6 2027  2.4
15  Tu        915 0236  0.6 0848  2.4 1447  0.6 2102  2.4
16  We        915 0311  0.6 0925  2.4 1523  0.6 2137  2.4
17  Th        915 0346  0.6 1001  2.4 1601  0.7 2213  2.4
18  Fr        915 0423  0.6 1038  2.3 1640  0.7 2250  2.3
19  Sa        915 0503  0.6 1118  2.3 1723  0.8 2330  2.3
20  Su        915 0545  0.7 1201  2.3 1809  0.8 9999  9.9
21  Mo        915 0015  2.2 0631  0.7 1251  2.2 1901  0.9
22  Tu        915 0106  2.2 0724  0.8 1348  2.2 1957  0.9
23  We        915 0205  2.2 0822  0.8 1450  2.2 2057  0.8
24  Th        915 0309  2.2 0923  0.7 1553  2.3 2158  0.8
25  Fr        915 0413  2.3 1024  0.7 1652  2.4 2257  0.7
26  Sa        915 0515  2.4 1122  0.6 1747  2.5 2354  0.5
27  Su        915 0612  2.5 1218  0.4 1839  2.7 9999  9.9
28  Mo        915 0048  0.4 0706  2.6 1311  0.3 1930  2.7
29  Tu        915 0140  0.3 0758  2.7 1402  0.3 2020  2.8
30  We        915 0230  0.2 0848  2.8 1453  0.3 2110  2.8
 1  Th       1015 0320  0.2 0939  2.8 1544  0.3 2200  2.7
 2  Fr       1015 0410  0.2 1029  2.7 1637  0.4 2251  2.6
 3  Sa       1015 0500  0.3 1121  2.6 1730  0.5 2344  2.5
 4  Su       1015 0552  0.5 1216  2.5 1827  0.7 9999  9.9
 5  Mo       1015 0039  2.4 0647  0.6 1313  2.4 1926  0.8
 6  Tu       1015 0138  2.2 0745  0.7 1414  2.3 2029  0.8
 7  We       1015 0240  2.2 0848  0.8 1515  2.2 2133  0.9
 8  Th       1015 0342  2.1 0952  0.8 1614  2.2 2233  0.8
 9  Fr       1015 0441  2.1 1051  0.8 1708  2.3 2326  0.8
10  Sa       1015 0535  2.2 1142  0.8 1756  2.3 9999  9.9
11  Su       1015 0012  0.7 0622  2.3 1227  0.7 1839  2.3
12  Mo       1015 0053  0.7 0705  2.3 1307  0.7 1918  2.4
13  Tu       1015 0131  0.6 0745  2.4 1344  0.7 1956  2.4
14  We       1015 0206  0.6 0822  2.4 1421  0.7 2032  2.4
15  Th       1015 0241  0.6 0859  2.4 1457  0.7 2108  2.4
16  Fr       1015 0317  0.6 0936  2.4 1535  0.7 2144  2.4
17  Sa       1015 0354  0.6 1013  2.4 1615  0.7 2222  2.3
18  Su       1015 0434  0.6 1053  2.4 1658  0.7 2304  2.3
19  Mo       1015 0516  0.6 1136  2.3 1745  0.8 2349  2.2
20  Tu       1015 0603  0.7 1225  2.3 1836  0.8 9999  9.9
21  We       1015 0041  2.2 0655  0.7 1321  2.3 1933  0.8
22  Th       1015 0140  2.2 0753  0.7 1421  2.3 2032  0.8
23  Fr       1015 0244  2.2 0855  0.7 1523  2.3 2133  0.7
24  Sa       1015 0350  2.3 0957  0.7 1623  2.4 2233  0.6
25  Su       1015 0453  2.4 1058  0.6 1720  2.5 2330  0.5
26  Mo       1015 0552  2.5 1155  0.5 1814  2.6 9999  9.9
27  Tu       1015 0025  0.4 0647  2.6 1250  0.4 1907  2.7
28  We       1015 0118  0.3 0739  2.7 1343  0.4 1958  2.7
29  Th       1015 0209  0.2 0830  2.8 1435  0.4 2049  2.7
30  Fr       1015 0258  0.2 0920  2.8 1526  0.4 2139  2.7
31  Sa       1015 0348  0.3 1009  2.7 1618  0.5 2230  2.6
 1  Su       1115 0437  0.4 1100  2.6 1710  0.6 2321  2.4
 2  Mo       1115 0527  0.5 1151  2.5 1804  0.7 9999  9.9
 3  Tu       1115 0014  2.3 0618  0.6 1245  2.4 1900  0.8
 4  We       1115 0109  2.2 0713  0.7 1341  2.3 1957  0.8
 5  Th       1115 0207  2.1 0811  0.8 1439  2.2 2056  0.9
 6  Fr       1115 0308  2.1 0911  0.9 1535  2.2 2154  0.8
 7  Sa       1115 0406  2.1 1010  0.9 1629  2.2 2247  0.8
 8  Su       1115 0501  2.1 1104  0.9 1718  2.2 2335  0.8
 9  Mo       1115 0551  2.2 1152  0.8 1803  2.3 9999  9.9
10  Tu       1115 0018  0.7 0636  2.3 1235  0.8 1845  2.3
11  We       1115 0058  0.6 0717  2.3 1315  0.7 1924  2.3
12  Th       1115 0135  0.6 0756  2.4 1354  0.7 2003  2.4
13  Fr       1115 0213  0.5 0834  2.4 1433  0.7 2041  2.4
14  Sa       1115 0251  0.5 0912  2.5 1513  0.7 2120  2.4
15  Su       1115 0330  0.5 0951  2.5 1554  0.7 2201  2.4
16  Mo       1115 0410  0.5 1032  2.5 1639  0.7 2244  2.3
17  Tu       1115 0454  0.6 1117  2.4 1726  0.7 2330  2.3
18  We       1115 0541  0.6 1205  2.4 1817  0.7 9999  9.9
19  Th       1115 0022  2.3 0632  0.6 1258  2.4 1912  0.7
20  Fr       1115 0120  2.2 0729  0.7 1356  2.4 2009  0.7
21  Sa       1115 0223  2.2 0829  0.7 1456  2.4 2109  0.6
22  Su       1115 0328  2.3 0932  0.7 1556  2.4 2209  0.6
23  Mo       1115 0432  2.4 1034  0.6 1655  2.5 2307  0.5
24  Tu       1115 0532  2.5 1134  0.6 1751  2.6 9999  9.9
25  We       1115 0004  0.4 0629  2.6 1231  0.5 1846  2.6
26  Th       1115 0058  0.3 0722  2.7 1326  0.5 1938  2.6
27  Fr       1115 0149  0.3 0812  2.7 1419  0.5 2030  2.6
28  Sa       1115 0239  0.3 0902  2.7 1510  0.5 2120  2.6
29  Su       1115 0327  0.3 0950  2.7 1600  0.5 2209  2.5
30  Mo       1115 0414  0.4 1038  2.6 1649  0.6 2257  2.4
 1  Tu       1215 0501  0.5 1126  2.5 1738  0.7 2346  2.3
 2  We       1215 0548  0.6 1214  2.4 1828  0.7 9999  9.9
 3  Th       1215 0037  2.2 0637  0.7 1304  2.3 1919  0.8
 4  Fr       1215 0130  2.1 0729  0.8 1356  2.2 2012  0.8
 5  Sa       1215 0226  2.1 0824  0.9 1449  2.2 2106  0.8
 6  Su       1215 0323  2.1 0921  0.9 1542  2.2 2159  0.8
 7  Mo       1215 0420  2.1 1017  0.9 1633  2.2 2250  0.8
 8  Tu       1215 0513  2.1 1109  0.9 1722  2.2 2338  0.7
 9  We       1215 0602  2.2 1158  0.9 1808  2.2 9999  9.9
10  Th       1215 0022  0.7 0646  2.3 1243  0.8 1852  2.3
11  Fr       1215 0104  0.6 0728  2.4 1326  0.8 1934  2.3
12  Sa       1215 0145  0.5 0809  2.4 1408  0.7 2016  2.4
13  Su       1215 0226  0.5 0850  2.5 1451  0.7 2059  2.4
14  Mo       1215 0308  0.5 0931  2.5 1535  0.6 2142  2.4
15  Tu       1215 0350  0.5 1014  2.5 1621  0.6 2227  2.4
16  We       1215 0435  0.5 1059  2.5 1709  0.6 2315  2.4
17  Th       1215 0522  0.5 1147  2.5 1759  0.6 9999  9.9
18  Fr       1215 0006  2.4 0613  0.6 1238  2.5 1852  0.6
19  Sa       1215 0102  2.3 0708  0.6 1333  2.5 1948  0.6
20  Su       1215 0203  2.3 0807  0.7 1432  2.4 2046  0.6
21  Mo       1215 0307  2.3 0909  0.7 1532  2.4 2146  0.6
22  Tu       1215 0412  2.3 1013  0.7 1632  2.4 2246  0.5
23  We       1215 0514  2.4 1116  0.7 1731  2.5 2345  0.5
24  Th       1215 0612  2.5 1215  0.6 1828  2.5 9999  9.9
25  Fr       1215 0040  0.4 0705  2.6 1312  0.6 1921  2.5
26  Sa       1215 0133  0.4 0756  2.6 1404  0.6 2013  2.5
27  Su       1215 0222  0.4 0844  2.6 1454  0.6 2101  2.5
28  Mo       1215 0308  0.4 0930  2.6 1541  0.6 2148  2.4
29  Tu       1215 0352  0.4 1015  2.6 1626  0.6 2233  2.4
30  We       1215 0435  0.5 1058  2.5 1710  0.7 2317  2.3
31  Th       1215 0517  0.6 1141  2.4 1754  0.7 9999  9.9
