090Paratutae Island
Based on data from  1-Jul-2015
Local Std Time, tidal heights in metres.
 1  Mo        724 0521  3.0 1143  0.8 1801  2.9 9999  9.9
 2  Tu        724 0017  0.9 0624  2.9 1247  0.8 1906  3.0
 3  We        724 0122  0.9 0726  2.9 1348  0.8 2005  3.0
 4  Th        724 0221  0.8 0824  3.0 1444  0.7 2059  3.1
 5  Fr        724 0315  0.8 0918  3.0 1534  0.7 2148  3.2
 6  Sa        724 0403  0.7 1007  3.0 1620  0.7 2232  3.2
 7  Su        724 0448  0.7 1052  3.0 1702  0.7 2313  3.2
 8  Mo        724 0530  0.7 1133  3.0 1742  0.7 2352  3.1
 9  Tu        724 0610  0.8 1212  2.9 1819  0.8 9999  9.9
10  We        724 0029  3.1 0648  0.8 1249  2.9 1856  0.8
11  Th        724 0106  3.0 0725  0.9 1327  2.8 1933  0.9
12  Fr        724 0144  2.9 0804  0.9 1407  2.8 2013  1.0
13  Sa        724 0226  2.9 0845  1.0 1450  2.7 2058  1.1
14  Su        724 0311  2.8 0930  1.0 1540  2.7 2149  1.2
15  Mo        724 0402  2.7 1021  1.1 1636  2.6 2248  1.2
16  Tu        724 0459  2.7 1120  1.1 1739  2.6 2354  1.2
17  We        724 0601  2.7 1223  1.1 1844  2.7 9999  9.9
18  Th        724 0100  1.2 0703  2.7 1326  1.0 1943  2.8
19  Fr        724 0200  1.0 0802  2.8 1422  0.9 2037  3.0
20  Sa        724 0253  0.9 0856  2.9 1513  0.7 2125  3.1
21  Su        724 0342  0.7 0946  3.0 1601  0.6 2211  3.3
22  Mo        724 0429  0.6 1034  3.2 1646  0.5 2256  3.4
23  Tu        724 0515  0.5 1120  3.2 1731  0.4 2341  3.4
24  We        724 0600  0.4 1206  3.3 1816  0.4 9999  9.9
25  Th        724 0026  3.4 0646  0.4 1252  3.2 1901  0.5
26  Fr        724 0112  3.4 0732  0.5 1339  3.2 1949  0.6
27  Sa        724 0200  3.3 0821  0.6 1429  3.1 2040  0.7
28  Su        724 0252  3.1 0913  0.7 1524  2.9 2138  0.9
29  Mo        724 0350  3.0 1011  0.8 1627  2.8 2244  1.0
30  Tu        724 0454  2.8 1116  0.9 1738  2.8 2358  1.1
31  We        724 0605  2.8 1227  1.0 1850  2.8 9999  9.9
 1  Th        824 0109  1.0 0714  2.8 1334  0.9 1954  2.9
 2  Fr        824 0211  0.9 0816  2.8 1432  0.9 2048  3.0
 3  Sa        824 0304  0.8 0909  2.9 1522  0.8 2135  3.1
 4  Su        824 0350  0.8 0955  3.0 1605  0.7 2215  3.2
 5  Mo        824 0431  0.7 1035  3.0 1643  0.7 2252  3.2
 6  Tu        824 0508  0.7 1111  3.0 1718  0.7 2326  3.2
 7  We        824 0542  0.7 1144  3.0 1752  0.7 2359  3.2
 8  Th        824 0616  0.7 1217  3.0 1824  0.7 9999  9.9
 9  Fr        824 0031  3.1 0649  0.7 1250  3.0 1858  0.8
10  Sa        824 0105  3.0 0723  0.8 1325  2.9 1933  0.9
11  Su        824 0141  2.9 0800  0.9 1404  2.8 2013  1.0
12  Mo        824 0222  2.8 0841  1.0 1449  2.7 2100  1.2
13  Tu        824 0310  2.7 0930  1.1 1543  2.6 2158  1.3
14  We        824 0409  2.6 1030  1.2 1651  2.6 2310  1.3
15  Th        824 0519  2.6 1142  1.2 1807  2.6 9999  9.9
16  Fr        824 0027  1.2 0633  2.6 1256  1.1 1916  2.8
17  Sa        824 0135  1.1 0740  2.8 1359  0.9 2014  3.0
18  Su        824 0232  0.8 0838  3.0 1453  0.7 2104  3.2
19  Mo        824 0322  0.6 0928  3.1 1541  0.5 2151  3.4
20  Tu        824 0409  0.4 1015  3.3 1626  0.4 2235  3.5
21  We        824 0454  0.3 1100  3.4 1710  0.3 2319  3.6
22  Th        824 0538  0.2 1144  3.4 1754  0.3 9999  9.9
23  Fr        824 0003  3.6 0622  0.3 1229  3.4 1839  0.4
24  Sa        824 0048  3.5 0707  0.4 1314  3.3 1926  0.5
25  Su        824 0134  3.3 0754  0.6 1402  3.1 2016  0.7
26  Mo        824 0225  3.1 0844  0.8 1456  2.9 2114  0.9
27  Tu        824 0323  2.8 0942  0.9 1601  2.8 2223  1.1
28  We        824 0432  2.7 1053  1.1 1720  2.7 2343  1.2
29  Th        824 0551  2.6 1212  1.1 1839  2.7 9999  9.9
30  Fr        824 0059  1.1 0706  2.6 1323  1.1 1943  2.9
31  Sa        824 0159  1.0 0807  2.8 1419  0.9 2034  3.0
 1  Su        924 0248  0.9 0855  2.9 1505  0.8 2116  3.1
 2  Mo        924 0330  0.7 0936  3.0 1544  0.7 2153  3.2
 3  Tu        924 0407  0.7 1011  3.1 1619  0.6 2226  3.2
 4  We        924 0440  0.6 1044  3.1 1652  0.6 2257  3.2
 5  Th        924 0512  0.6 1115  3.1 1723  0.6 2327  3.2
 6  Fr        924 0543  0.6 1145  3.1 1753  0.7 2357  3.1
 7  Sa        924 0614  0.7 1216  3.1 1825  0.8 9999  9.9
 8  Su        924 0029  3.1 0646  0.7 1249  3.0 1859  0.9
 9  Mo        924 0103  2.9 0721  0.9 1325  2.9 1937  1.0
10  Tu        924 0142  2.8 0801  1.0 1408  2.8 2023  1.1
11  We        924 0230  2.7 0850  1.1 1502  2.6 2123  1.3
12  Th        924 0331  2.6 0952  1.2 1613  2.6 2238  1.3
13  Fr        924 0448  2.5 1110  1.2 1736  2.6 9999  9.9
14  Sa        924 0000  1.2 0609  2.6 1229  1.1 1849  2.8
15  Su        924 0111  1.0 0719  2.8 1335  0.9 1949  3.1
16  Mo        924 0208  0.8 0816  3.0 1429  0.6 2040  3.3
17  Tu        924 0258  0.5 0906  3.2 1518  0.4 2126  3.5
18  We        924 0344  0.3 0952  3.4 1603  0.3 2211  3.6
19  Th        924 0429  0.2 1037  3.5 1648  0.2 2255  3.6
20  Fr        924 0513  0.2 1121  3.5 1732  0.2 2339  3.6
21  Sa        924 0557  0.2 1204  3.5 1817  0.4 9999  9.9
22  Su        924 0023  3.4 0641  0.4 1249  3.3 1904  0.6
23  Mo        924 0110  3.2 0728  0.6 1337  3.1 1954  0.8
24  Tu        924 0201  3.0 0818  0.8 1432  2.9 2053  1.0
25  We        924 0300  2.7 0916  1.0 1538  2.7 2204  1.2
26  Th        924 0413  2.6 1029  1.2 1700  2.7 2326  1.2
27  Fr        924 0536  2.5 1152  1.2 1819  2.7 9999  9.9
28  Sa        924 0040  1.1 0650  2.6 1303  1.1 1921  2.8
29  Su        924 0137  1.0 0747  2.7 1357  1.0 2008  2.9
30  Mo        924 0223  0.9 0831  2.9 1440  0.8 2048  3.1
 1  Tu       1024 0302  0.7 0909  3.0 1517  0.7 2123  3.1
 2  We       1024 0337  0.6 0943  3.1 1551  0.7 2155  3.2
 3  Th       1024 0409  0.6 1015  3.2 1623  0.6 2226  3.2
 4  Fr       1024 0441  0.6 1045  3.2 1654  0.6 2256  3.2
 5  Sa       1024 0512  0.6 1116  3.2 1725  0.7 2327  3.1
 6  Su       1024 0543  0.6 1147  3.1 1758  0.8 2359  3.0
 7  Mo       1024 0617  0.7 1220  3.0 1833  0.9 9999  9.9
 8  Tu       1024 0035  2.9 0653  0.8 1257  2.9 1913  1.0
 9  We       1024 0115  2.8 0734  1.0 1341  2.8 2001  1.1
10  Th       1024 0204  2.7 0823  1.1 1436  2.7 2102  1.2
11  Fr       1024 0308  2.6 0926  1.2 1547  2.7 2215  1.2
12  Sa       1024 0424  2.5 1042  1.2 1707  2.7 2333  1.1
13  Su       1024 0544  2.6 1200  1.1 1819  2.9 9999  9.9
14  Mo       1024 0042  0.9 0653  2.8 1307  0.9 1919  3.1
15  Tu       1024 0140  0.7 0750  3.1 1403  0.6 2011  3.3
16  We       1024 0231  0.5 0841  3.3 1453  0.4 2100  3.5
17  Th       1024 0319  0.3 0929  3.5 1540  0.3 2146  3.6
18  Fr       1024 0405  0.2 1014  3.5 1626  0.2 2231  3.6
19  Sa       1024 0450  0.2 1059  3.5 1712  0.3 2316  3.5
20  Su       1024 0534  0.3 1143  3.5 1758  0.4 9999  9.9
21  Mo       1024 0002  3.3 0619  0.4 1229  3.3 1845  0.6
22  Tu       1024 0050  3.1 0705  0.7 1317  3.1 1936  0.8
23  We       1024 0141  2.9 0755  0.9 1410  2.9 2034  1.0
24  Th       1024 0239  2.7 0851  1.1 1514  2.7 2140  1.2
25  Fr       1024 0348  2.5 0959  1.2 1628  2.7 2254  1.2
26  Sa       1024 0505  2.5 1117  1.2 1742  2.7 9999  9.9
27  Su       1024 0004  1.1 0615  2.6 1227  1.2 1842  2.8
28  Mo       1024 0101  1.0 0711  2.7 1322  1.1 1931  2.9
29  Tu       1024 0147  0.9 0757  2.8 1407  0.9 2012  3.0
30  We       1024 0227  0.8 0836  3.0 1445  0.8 2049  3.1
31  Th       1024 0304  0.7 0912  3.1 1521  0.8 2123  3.1
 1  Fr       1124 0338  0.6 0946  3.1 1555  0.7 2156  3.1
 2  Sa       1124 0412  0.6 1019  3.2 1629  0.7 2230  3.1
 3  Su       1124 0445  0.6 1052  3.2 1703  0.7 2304  3.1
 4  Mo       1124 0520  0.6 1126  3.1 1739  0.8 2340  3.0
 5  Tu       1124 0556  0.7 1202  3.1 1818  0.9 9999  9.9
 6  We       1124 0018  2.9 0635  0.8 1241  3.0 1901  0.9
 7  Th       1124 0102  2.8 0718  0.9 1327  2.9 1950  1.0
 8  Fr       1124 0153  2.7 0808  1.0 1422  2.8 2048  1.1
 9  Sa       1124 0253  2.6 0907  1.1 1526  2.8 2154  1.1
10  Su       1124 0402  2.6 1016  1.1 1637  2.8 2303  1.0
11  Mo       1124 0514  2.7 1128  1.0 1745  2.9 9999  9.9
12  Tu       1124 0009  0.9 0622  2.9 1235  0.9 1847  3.1
13  We       1124 0109  0.7 0722  3.1 1335  0.7 1942  3.2
14  Th       1124 0204  0.5 0816  3.2 1429  0.5 2034  3.4
15  Fr       1124 0255  0.4 0907  3.4 1519  0.4 2124  3.4
16  Sa       1124 0343  0.3 0955  3.5 1608  0.4 2212  3.4
17  Su       1124 0430  0.3 1041  3.5 1656  0.4 2259  3.3
18  Mo       1124 0516  0.4 1127  3.4 1743  0.5 2347  3.2
19  Tu       1124 0601  0.5 1212  3.3 1831  0.7 9999  9.9
20  We       1124 0034  3.0 0647  0.7 1259  3.1 1920  0.8
21  Th       1124 0123  2.8 0733  0.9 1349  3.0 2012  1.0
22  Fr       1124 0215  2.7 0824  1.0 1443  2.8 2107  1.1
23  Sa       1124 0313  2.6 0920  1.2 1543  2.7 2207  1.1
24  Su       1124 0415  2.5 1024  1.2 1647  2.7 2309  1.1
25  Mo       1124 0520  2.6 1131  1.2 1747  2.7 9999  9.9
26  Tu       1124 0007  1.1 0620  2.6 1232  1.2 1840  2.8
27  We       1124 0059  1.0 0712  2.7 1324  1.1 1928  2.8
28  Th       1124 0146  0.9 0758  2.9 1409  1.0 2011  2.9
29  Fr       1124 0228  0.8 0839  3.0 1450  0.9 2051  3.0
30  Sa       1124 0308  0.7 0918  3.0 1529  0.8 2130  3.0
 1  Su       1224 0347  0.7 0956  3.1 1608  0.8 2209  3.0
 2  Mo       1224 0425  0.7 1033  3.1 1646  0.8 2248  3.0
 3  Tu       1224 0503  0.6 1111  3.2 1726  0.8 2328  3.0
 4  We       1224 0542  0.7 1150  3.1 1808  0.8 9999  9.9
 5  Th       1224 0010  3.0 0623  0.7 1232  3.1 1852  0.8
 6  Fr       1224 0054  2.9 0707  0.8 1317  3.1 1940  0.8
 7  Sa       1224 0143  2.9 0754  0.8 1408  3.0 2032  0.9
 8  Su       1224 0237  2.8 0848  0.9 1504  3.0 2129  0.9
 9  Mo       1224 0336  2.8 0948  1.0 1605  3.0 2230  0.9
10  Tu       1224 0441  2.8 1055  1.0 1710  3.0 2334  0.8
11  We       1224 0549  2.9 1204  0.9 1814  3.0 9999  9.9
12  Th       1224 0038  0.7 0654  3.0 1309  0.8 1916  3.1
13  Fr       1224 0139  0.6 0755  3.1 1409  0.7 2014  3.2
14  Sa       1224 0235  0.6 0850  3.2 1504  0.6 2108  3.2
15  Su       1224 0327  0.5 0941  3.3 1555  0.6 2159  3.2
16  Mo       1224 0416  0.5 1029  3.3 1644  0.6 2248  3.2
17  Tu       1224 0502  0.5 1114  3.3 1731  0.6 2335  3.1
18  We       1224 0546  0.6 1158  3.3 1816  0.7 9999  9.9
19  Th       1224 0019  3.0 0629  0.7 1241  3.2 1900  0.8
20  Fr       1224 0102  2.9 0710  0.8 1323  3.0 1944  0.9
21  Sa       1224 0146  2.8 0752  0.9 1407  2.9 2028  1.0
22  Su       1224 0230  2.7 0837  1.0 1454  2.8 2114  1.0
23  Mo       1224 0319  2.6 0927  1.2 1544  2.7 2205  1.1
24  Tu       1224 0414  2.6 1023  1.2 1640  2.7 2300  1.1
25  We       1224 0514  2.6 1127  1.3 1738  2.7 2359  1.1
26  Th       1224 0616  2.6 1230  1.2 1836  2.7 9999  9.9
27  Fr       1224 0057  1.1 0715  2.7 1328  1.2 1930  2.7
28  Sa       1224 0151  1.0 0807  2.8 1420  1.1 2021  2.8
29  Su       1224 0240  0.9 0853  2.9 1506  0.9 2108  2.9
30  Mo       1224 0325  0.8 0936  3.1 1550  0.8 2152  3.0
31  Tu       1224 0407  0.7 1018  3.2 1632  0.7 2235  3.0
 1  We        125 0448  0.6 1058  3.2 1714  0.7 2317  3.1
 2  Th        125 0529  0.6 1138  3.3 1756  0.6 9999  9.9
 3  Fr        125 0000  3.1 0610  0.6 1220  3.3 1839  0.6
 4  Sa        125 0043  3.1 0653  0.6 1303  3.3 1924  0.6
 5  Su        125 0128  3.1 0738  0.7 1349  3.2 2011  0.7
 6  Mo        125 0216  3.0 0826  0.8 1439  3.1 2102  0.7
 7  Tu        125 0309  2.9 0921  0.9 1535  3.0 2158  0.8
 8  We        125 0409  2.9 1024  1.0 1637  2.9 2301  0.9
 9  Th        125 0518  2.8 1136  1.0 1745  2.9 9999  9.9
10  Fr        125 0010  0.9 0631  2.9 1249  1.0 1855  2.9
11  Sa        125 0119  0.8 0739  3.0 1356  0.9 2000  2.9
12  Su        125 0222  0.8 0839  3.1 1454  0.8 2059  3.0
13  Mo        125 0316  0.7 0932  3.2 1546  0.7 2152  3.0
14  Tu        125 0405  0.6 1018  3.3 1634  0.6 2238  3.1
15  We        125 0449  0.6 1101  3.3 1717  0.6 2321  3.1
16  Th        125 0529  0.6 1140  3.3 1757  0.6 9999  9.9
17  Fr        125 0000  3.1 0607  0.6 1217  3.2 1834  0.7
18  Sa        125 0036  3.0 0643  0.7 1253  3.1 1910  0.8
19  Su        125 0112  2.9 0719  0.8 1329  3.0 1947  0.8
20  Mo        125 0148  2.9 0755  0.9 1407  2.9 2025  0.9
21  Tu        125 0228  2.8 0836  1.1 1448  2.8 2107  1.0
22  We        125 0314  2.7 0923  1.2 1537  2.7 2156  1.1
23  Th        125 0408  2.6 1020  1.3 1633  2.6 2255  1.2
24  Fr        125 0514  2.5 1130  1.3 1739  2.6 9999  9.9
25  Sa        125 0004  1.2 0627  2.6 1244  1.3 1849  2.6
26  Su        125 0113  1.1 0734  2.7 1349  1.2 1952  2.7
27  Mo        125 0213  1.0 0828  2.9 1443  1.0 2046  2.8
28  Tu        125 0303  0.8 0915  3.0 1530  0.8 2134  3.0
29  We        125 0348  0.7 0958  3.2 1614  0.7 2219  3.1
30  Th        125 0430  0.5 1040  3.3 1656  0.5 2301  3.2
31  Fr        125 0511  0.4 1121  3.4 1738  0.4 2343  3.3
 1  Sa        225 0553  0.4 1201  3.5 1820  0.4 9999  9.9
 2  Su        225 0024  3.3 0634  0.4 1243  3.4 1903  0.4
 3  Mo        225 0107  3.2 0718  0.5 1327  3.3 1948  0.5
 4  Tu        225 0153  3.1 0805  0.7 1415  3.2 2036  0.7
 5  We        225 0243  3.0 0857  0.8 1508  3.0 2129  0.8
 6  Th        225 0342  2.9 0959  1.0 1610  2.8 2233  1.0
 7  Fr        225 0453  2.8 1114  1.1 1724  2.7 2349  1.0
 8  Sa        225 0614  2.7 1235  1.1 1843  2.7 9999  9.9
 9  Su        225 0106  1.0 0729  2.8 1347  1.0 1954  2.8
10  Mo        225 0212  0.9 0830  3.0 1445  0.9 2053  2.9
11  Tu        225 0306  0.8 0921  3.1 1535  0.7 2142  3.0
12  We        225 0352  0.7 1004  3.2 1618  0.6 2223  3.1
13  Th        225 0432  0.6 1042  3.3 1656  0.6 2300  3.1
14  Fr        225 0508  0.6 1117  3.3 1731  0.6 2334  3.1
15  Sa        225 0541  0.6 1149  3.2 1804  0.6 9999  9.9
16  Su        225 0006  3.1 0613  0.7 1220  3.2 1836  0.7
17  Mo        225 0037  3.1 0645  0.7 1252  3.1 1908  0.8
18  Tu        225 0109  3.0 0718  0.9 1325  3.0 1942  0.9
19  We        225 0145  2.9 0754  1.0 1402  2.8 2020  1.0
20  Th        225 0225  2.7 0837  1.1 1446  2.7 2104  1.1
21  Fr        225 0315  2.6 0930  1.3 1541  2.6 2201  1.2
22  Sa        225 0419  2.5 1039  1.4 1650  2.5 2313  1.3
23  Su        225 0540  2.5 1201  1.3 1809  2.5 9999  9.9
24  Mo        225 0034  1.2 0657  2.6 1316  1.2 1923  2.6
25  Tu        225 0142  1.0 0758  2.8 1415  1.0 2021  2.8
26  We        225 0236  0.8 0848  3.1 1504  0.8 2111  3.0
27  Th        225 0323  0.6 0933  3.3 1549  0.5 2156  3.2
28  Fr        225 0407  0.4 1015  3.5 1632  0.4 2239  3.4
 1  Sa        325 0449  0.3 1057  3.6 1714  0.3 2320  3.4
 2  Su        325 0531  0.3 1138  3.6 1757  0.3 9999  9.9
 3  Mo        325 0002  3.4 0613  0.3 1221  3.5 1840  0.3
 4  Tu        325 0045  3.4 0658  0.4 1305  3.4 1924  0.5
 5  We        325 0131  3.2 0745  0.6 1353  3.2 2012  0.7
 6  Th        325 0221  3.0 0838  0.8 1447  2.9 2106  0.9
 7  Fr        325 0321  2.8 0942  1.0 1552  2.7 2212  1.1
 8  Sa        325 0436  2.7 1101  1.2 1711  2.6 2333  1.2
 9  Su        325 0602  2.7 1224  1.2 1835  2.6 9999  9.9
10  Mo        325 0054  1.1 0717  2.8 1334  1.0 1944  2.7
11  Tu        325 0158  1.0 0814  2.9 1429  0.9 2038  2.9
12  We        325 0249  0.8 0901  3.1 1514  0.8 2122  3.0
13  Th        325 0331  0.7 0940  3.2 1553  0.7 2200  3.1
14  Fr        325 0408  0.6 1015  3.2 1628  0.6 2233  3.1
15  Sa        325 0441  0.6 1047  3.2 1701  0.6 2304  3.2
16  Su        325 0513  0.6 1117  3.2 1731  0.6 2334  3.2
17  Mo        325 0543  0.6 1147  3.2 1802  0.6 9999  9.9
18  Tu        325 0004  3.1 0614  0.7 1218  3.1 1833  0.7
19  We        325 0035  3.0 0646  0.8 1250  3.0 1906  0.8
20  Th        325 0110  2.9 0722  1.0 1327  2.8 1944  1.0
21  Fr        325 0149  2.8 0804  1.1 1410  2.7 2028  1.1
22  Sa        325 0237  2.7 0857  1.2 1505  2.6 2123  1.2
23  Su        325 0341  2.6 1004  1.3 1614  2.5 2234  1.3
24  Mo        325 0459  2.6 1124  1.3 1735  2.5 2356  1.2
25  Tu        325 0618  2.7 1240  1.1 1849  2.7 9999  9.9
26  We        325 0107  1.0 0722  2.9 1341  0.9 1950  2.9
27  Th        325 0204  0.8 0814  3.1 1432  0.7 2041  3.1
28  Fr        325 0254  0.6 0902  3.3 1520  0.5 2128  3.3
29  Sa        325 0340  0.4 0947  3.5 1605  0.3 2213  3.5
30  Su        325 0424  0.3 1031  3.6 1649  0.2 2256  3.5
31  Mo        325 0508  0.2 1115  3.6 1733  0.2 2340  3.5
 1  Tu        425 0553  0.3 1159  3.5 1817  0.3 9999  9.9
 2  We        425 0025  3.4 0640  0.5 1246  3.3 1903  0.5
 3  Th        425 0112  3.2 0729  0.7 1336  3.1 1952  0.7
 4  Fr        425 0204  3.0 0825  0.9 1433  2.8 2048  0.9
 5  Sa        425 0306  2.8 0930  1.1 1540  2.7 2154  1.1
 6  Su        425 0420  2.7 1047  1.2 1658  2.6 2314  1.2
 7  Mo        425 0542  2.7 1204  1.1 1817  2.6 9999  9.9
 8  Tu        425 0031  1.1 0651  2.8 1309  1.0 1921  2.7
 9  We        425 0132  1.0 0745  2.9 1400  0.9 2011  2.8
10  Th        425 0221  0.9 0829  3.0 1443  0.8 2052  3.0
11  Fr        425 0302  0.8 0907  3.1 1521  0.7 2128  3.1
12  Sa        425 0338  0.7 0942  3.1 1556  0.6 2202  3.1
13  Su        425 0411  0.7 1014  3.1 1628  0.6 2233  3.2
14  Mo        425 0443  0.7 1045  3.1 1700  0.6 2304  3.2
15  Tu        425 0515  0.7 1117  3.1 1732  0.7 2336  3.1
16  We        425 0548  0.8 1149  3.0 1805  0.7 9999  9.9
17  Th        425 0009  3.0 0622  0.9 1224  2.9 1840  0.8
18  Fr        425 0045  2.9 0701  1.0 1303  2.8 1919  1.0
19  Sa        425 0125  2.8 0745  1.1 1348  2.7 2004  1.1
20  Su        425 0215  2.7 0838  1.2 1444  2.6 2059  1.2
21  Mo        425 0315  2.7 0941  1.2 1550  2.6 2205  1.2
22  Tu        425 0426  2.7 1052  1.2 1702  2.6 2319  1.1
23  We        425 0538  2.8 1201  1.0 1813  2.7 9999  9.9
24  Th        425 0028  1.0 0641  3.0 1303  0.8 1914  2.9
25  Fr        425 0129  0.8 0737  3.1 1358  0.6 2009  3.1
26  Sa        425 0222  0.6 0829  3.3 1449  0.4 2059  3.3
27  Su        425 0312  0.4 0917  3.4 1537  0.3 2147  3.5
28  Mo        425 0400  0.3 1005  3.5 1624  0.3 2234  3.5
29  Tu        425 0448  0.3 1053  3.4 1711  0.3 2320  3.5
30  We        425 0536  0.4 1141  3.3 1758  0.4 9999  9.9
 1  Th        525 0008  3.4 0625  0.5 1231  3.2 1846  0.6
 2  Fr        525 0057  3.2 0717  0.7 1323  3.0 1936  0.8
 3  Sa        525 0150  3.0 0813  0.9 1420  2.8 2031  1.0
 4  Su        525 0250  2.9 0914  1.0 1524  2.7 2133  1.1
 5  Mo        525 0357  2.8 1021  1.1 1633  2.6 2243  1.2
 6  Tu        525 0507  2.7 1129  1.1 1741  2.6 2353  1.2
 7  We        525 0610  2.8 1229  1.0 1841  2.7 9999  9.9
 8  Th        525 0053  1.1 0703  2.8 1320  0.9 1931  2.8
 9  Fr        525 0143  1.0 0748  2.9 1404  0.9 2015  2.9
10  Sa        525 0226  0.9 0829  3.0 1444  0.8 2053  3.0
11  Su        525 0305  0.8 0906  3.0 1521  0.7 2130  3.1
12  Mo        525 0341  0.8 0942  3.0 1557  0.7 2204  3.1
13  Tu        525 0416  0.8 1017  3.0 1632  0.7 2239  3.1
14  We        525 0451  0.8 1052  3.0 1707  0.7 2314  3.1
15  Th        525 0528  0.8 1129  2.9 1744  0.8 2350  3.0
16  Fr        525 0606  0.9 1207  2.9 1822  0.8 9999  9.9
17  Sa        525 0028  3.0 0647  0.9 1249  2.8 1903  0.9
18  Su        525 0111  2.9 0733  1.0 1336  2.7 1948  1.0
19  Mo        525 0159  2.9 0823  1.0 1428  2.7 2040  1.0
20  Tu        525 0255  2.8 0920  1.0 1527  2.7 2139  1.1
21  We        525 0356  2.8 1021  1.0 1631  2.7 2244  1.0
22  Th        525 0500  2.9 1124  0.9 1736  2.8 2351  0.9
23  Fr        525 0603  3.0 1226  0.8 1839  3.0 9999  9.9
24  Sa        525 0055  0.8 0702  3.1 1324  0.6 1938  3.1
25  Su        525 0153  0.7 0758  3.2 1420  0.5 2033  3.3
26  Mo        525 0248  0.5 0852  3.3 1513  0.4 2125  3.4
27  Tu        525 0341  0.5 0945  3.3 1604  0.4 2216  3.4
28  We        525 0432  0.5 1036  3.3 1653  0.4 2305  3.4
29  Th        525 0522  0.5 1127  3.2 1742  0.5 2354  3.3
30  Fr        525 0613  0.6 1218  3.1 1830  0.6 9999  9.9
31  Sa        525 0043  3.2 0703  0.7 1309  2.9 1919  0.8
 1  Su        625 0133  3.1 0755  0.8 1402  2.8 2009  0.9
 2  Mo        625 0226  2.9 0848  0.9 1456  2.7 2102  1.0
 3  Tu        625 0321  2.8 0943  1.0 1552  2.7 2200  1.1
 4  We        625 0419  2.8 1039  1.1 1650  2.6 2301  1.2
 5  Th        625 0516  2.7 1135  1.1 1748  2.7 9999  9.9
 6  Fr        625 0002  1.2 0610  2.7 1229  1.0 1843  2.7
 7  Sa        625 0057  1.1 0700  2.8 1319  1.0 1933  2.8
 8  Su        625 0146  1.0 0747  2.8 1405  0.9 2018  2.9
 9  Mo        625 0231  1.0 0831  2.9 1448  0.8 2100  3.0
10  Tu        625 0313  0.9 0913  2.9 1529  0.8 2139  3.0
11  We        625 0353  0.9 0953  2.9 1609  0.8 2218  3.1
12  Th        625 0432  0.8 1034  2.9 1648  0.7 2256  3.1
13  Fr        625 0512  0.8 1114  2.9 1727  0.7 2335  3.1
14  Sa        625 0553  0.8 1155  2.9 1807  0.8 9999  9.9
15  Su        625 0015  3.1 0635  0.8 1237  2.9 1848  0.8
16  Mo        625 0057  3.1 0719  0.8 1322  2.9 1932  0.8
17  Tu        625 0142  3.0 0805  0.8 1409  2.9 2019  0.9
18  We        625 0232  3.0 0856  0.8 1502  2.8 2113  0.9
19  Th        625 0326  3.0 0950  0.8 1559  2.8 2212  1.0
20  Fr        625 0426  3.0 1049  0.8 1702  2.9 2318  0.9
21  Sa        625 0528  3.0 1152  0.8 1808  2.9 9999  9.9
22  Su        625 0026  0.9 0632  3.0 1256  0.7 1913  3.0
23  Mo        625 0131  0.8 0735  3.1 1358  0.6 2014  3.2
24  Tu        625 0231  0.7 0835  3.1 1456  0.6 2111  3.3
25  We        625 0328  0.6 0932  3.1 1549  0.5 2203  3.3
26  Th        625 0420  0.6 1025  3.2 1640  0.5 2252  3.4
27  Fr        625 0510  0.5 1116  3.1 1727  0.5 2340  3.3
28  Sa        625 0558  0.6 1203  3.1 1812  0.6 9999  9.9
29  Su        625 0025  3.2 0644  0.7 1249  3.0 1856  0.7
30  Mo        625 0109  3.1 0729  0.7 1333  2.9 1939  0.8
