043Picton
Based on data from  1-Sep-2014
Local Std Time, tidal heights in metres.
 1  Mo        724 0401  1.3 0928  0.4 1634  1.2 2221  0.5
 2  Tu        724 0506  1.3 1027  0.4 1758  1.2 2334  0.5
 3  We        724 0610  1.2 1126  0.4 1921  1.2 9999  9.9
 4  Th        724 0040  0.4 0712  1.2 1225  0.4 2025  1.3
 5  Fr        724 0135  0.4 0809  1.3 1323  0.4 2115  1.4
 6  Sa        724 0223  0.3 0903  1.3 1419  0.4 2157  1.4
 7  Su        724 0307  0.3 0952  1.3 1510  0.4 2234  1.5
 8  Mo        724 0348  0.2 1036  1.3 1557  0.3 2307  1.5
 9  Tu        724 0427  0.2 1116  1.3 1639  0.3 2337  1.5
10  We        724 0505  0.2 1151  1.3 1718  0.3 9999  9.9
11  Th        724 0006  1.5 0544  0.2 1225  1.3 1755  0.3
12  Fr        724 0036  1.4 0623  0.3 1259  1.3 1832  0.3
13  Sa        724 0108  1.4 0703  0.3 1334  1.3 1910  0.4
14  Su        724 0146  1.3 0746  0.4 1412  1.3 1952  0.4
15  Mo        724 0231  1.2 0833  0.4 1455  1.2 2045  0.5
16  Tu        724 0327  1.2 0926  0.5 1549  1.2 2157  0.6
17  We        724 0432  1.1 1024  0.5 1703  1.1 2319  0.6
18  Th        724 0542  1.1 1127  0.5 1837  1.2 9999  9.9
19  Fr        724 0028  0.5 0652  1.1 1232  0.5 1956  1.2
20  Sa        724 0123  0.4 0800  1.2 1334  0.5 2052  1.4
21  Su        724 0211  0.3 0902  1.3 1430  0.4 2138  1.5
22  Mo        724 0254  0.2 0956  1.3 1520  0.3 2219  1.6
23  Tu        724 0335  0.2 1044  1.4 1604  0.3 2258  1.6
24  We        724 0416  0.1 1126  1.4 1645  0.2 2336  1.6
25  Th        724 0457  0.1 1206  1.4 1724  0.2 9999  9.9
26  Fr        724 0015  1.6 0538  0.1 1244  1.4 1804  0.2
27  Sa        724 0055  1.6 0621  0.2 1320  1.4 1846  0.2
28  Su        724 0137  1.5 0706  0.2 1356  1.3 1932  0.3
29  Mo        724 0223  1.4 0753  0.3 1434  1.3 2028  0.4
30  Tu        724 0316  1.3 0845  0.4 1520  1.2 2141  0.5
31  We        724 0418  1.2 0944  0.5 1648  1.1 2307  0.5
 1  Th        824 0530  1.1 1049  0.5 1907  1.1 9999  9.9
 2  Fr        824 0023  0.5 0648  1.1 1200  0.5 2021  1.2
 3  Sa        824 0124  0.4 0804  1.2 1310  0.5 2110  1.3
 4  Su        824 0213  0.3 0904  1.2 1412  0.5 2148  1.4
 5  Mo        824 0256  0.3 0951  1.3 1504  0.4 2222  1.5
 6  Tu        824 0334  0.2 1029  1.4 1546  0.3 2251  1.5
 7  We        824 0410  0.2 1102  1.4 1623  0.2 2318  1.5
 8  Th        824 0444  0.2 1132  1.4 1656  0.2 2343  1.5
 9  Fr        824 0518  0.2 1200  1.5 1727  0.2 9999  9.9
10  Sa        824 0009  1.5 0551  0.2 1228  1.4 1757  0.2
11  Su        824 0037  1.4 0624  0.2 1257  1.4 1829  0.3
12  Mo        824 0108  1.4 0659  0.3 1328  1.4 1903  0.3
13  Tu        824 0144  1.3 0737  0.4 1402  1.3 1943  0.4
14  We        824 0229  1.2 0822  0.4 1444  1.2 2043  0.5
15  Th        824 0330  1.1 0922  0.5 1546  1.1 2227  0.6
16  Fr        824 0452  1.1 1041  0.6 1752  1.1 9999  9.9
17  Sa        824 0000  0.6 0630  1.1 1206  0.6 1942  1.2
18  Su        824 0104  0.5 0800  1.2 1321  0.5 2040  1.4
19  Mo        824 0155  0.3 0903  1.3 1420  0.4 2124  1.5
20  Tu        824 0238  0.2 0951  1.4 1507  0.3 2203  1.6
21  We        824 0319  0.1 1032  1.5 1548  0.2 2240  1.7
22  Th        824 0358  0.1 1109  1.5 1626  0.1 2317  1.7
23  Fr        824 0436  0.0 1144  1.5 1702  0.1 2353  1.7
24  Sa        824 0515  0.1 1217  1.5 1739  0.1 9999  9.9
25  Su        824 0029  1.6 0554  0.1 1248  1.5 1817  0.2
26  Mo        824 0106  1.5 0634  0.2 1316  1.4 1858  0.3
27  Tu        824 0145  1.4 0717  0.3 1344  1.3 1948  0.4
28  We        824 0231  1.2 0805  0.4 1414  1.2 2101  0.5
29  Th        824 0331  1.1 0904  0.5 1458  1.1 2246  0.6
30  Fr        824 0458  1.0 1021  0.6 1909  1.1 9999  9.9
31  Sa        824 0011  0.5 0648  1.0 1147  0.6 2014  1.2
 1  Su        924 0113  0.5 0809  1.1 1306  0.6 2056  1.4
 2  Mo        924 0200  0.4 0859  1.3 1408  0.4 2130  1.5
 3  Tu        924 0240  0.3 0938  1.4 1453  0.3 2159  1.5
 4  We        924 0315  0.2 1010  1.4 1528  0.2 2225  1.6
 5  Th        924 0347  0.1 1038  1.5 1559  0.2 2249  1.6
 6  Fr        924 0418  0.1 1104  1.5 1628  0.1 2313  1.6
 7  Sa        924 0448  0.1 1130  1.5 1656  0.1 2337  1.5
 8  Su        924 0517  0.1 1156  1.5 1724  0.2 9999  9.9
 9  Mo        924 0002  1.5 0547  0.2 1223  1.5 1753  0.2
10  Tu        924 0030  1.4 0618  0.3 1251  1.4 1824  0.3
11  We        924 0102  1.3 0653  0.3 1322  1.3 1902  0.4
12  Th        924 0140  1.2 0734  0.4 1358  1.2 1954  0.5
13  Fr        924 0236  1.1 0833  0.6 1451  1.1 2141  0.6
14  Sa        924 0417  1.0 1009  0.6 1723  1.1 2333  0.6
15  Su        924 0633  1.0 1149  0.6 1924  1.2 9999  9.9
16  Mo        924 0042  0.5 0759  1.2 1307  0.5 2019  1.4
17  Tu        924 0133  0.3 0851  1.3 1403  0.4 2101  1.5
18  We        924 0216  0.2 0933  1.4 1447  0.2 2139  1.7
19  Th        924 0256  0.1 1010  1.5 1526  0.1 2216  1.7
20  Fr        924 0334  0.0 1045  1.6 1602  0.0 2251  1.7
21  Sa        924 0411  0.0 1118  1.6 1638  0.0 2325  1.7
22  Su        924 0448  0.1 1148  1.6 1713  0.1 2359  1.6
23  Mo        924 0526  0.1 1216  1.5 1750  0.1 9999  9.9
24  Tu        924 0033  1.5 0604  0.2 1242  1.4 1829  0.3
25  We        924 0108  1.3 0645  0.3 1307  1.3 1916  0.4
26  Th        924 0150  1.2 0731  0.4 1333  1.2 2029  0.6
27  Fr        924 0249  1.0 0833  0.6 1410  1.1 2224  0.6
28  Sa        924 0440  1.0 1001  0.7 1852  1.1 2353  0.6
29  Su        924 0648  1.0 1136  0.6 1950  1.2 9999  9.9
30  Mo        924 0052  0.5 0755  1.2 1256  0.5 2028  1.3
 1  Tu       1024 0137  0.4 0838  1.3 1352  0.4 2100  1.4
 2  We       1024 0215  0.3 0912  1.4 1431  0.3 2127  1.5
 3  Th       1024 0249  0.2 0942  1.5 1504  0.2 2153  1.6
 4  Fr       1024 0320  0.1 1010  1.6 1533  0.2 2217  1.6
 5  Sa       1024 0349  0.1 1036  1.6 1600  0.1 2241  1.6
 6  Su       1024 0418  0.1 1102  1.6 1628  0.1 2305  1.5
 7  Mo       1024 0447  0.2 1129  1.6 1656  0.1 2331  1.5
 8  Tu       1024 0516  0.2 1156  1.5 1726  0.2 2359  1.4
 9  We       1024 0548  0.3 1224  1.5 1759  0.2 9999  9.9
10  Th       1024 0030  1.3 0624  0.3 1255  1.4 1838  0.4
11  Fr       1024 0108  1.2 0707  0.5 1333  1.3 1934  0.5
12  Sa       1024 0204  1.1 0810  0.6 1432  1.1 2112  0.6
13  Su       1024 0405  1.0 0948  0.6 1704  1.1 2258  0.6
14  Mo       1024 0623  1.0 1128  0.6 1850  1.2 9999  9.9
15  Tu       1024 0009  0.4 0737  1.2 1243  0.5 1947  1.4
16  We       1024 0102  0.3 0826  1.3 1338  0.3 2031  1.5
17  Th       1024 0147  0.2 0908  1.5 1423  0.2 2111  1.6
18  Fr       1024 0228  0.1 0946  1.6 1502  0.1 2148  1.7
19  Sa       1024 0307  0.1 1021  1.6 1539  0.0 2224  1.7
20  Su       1024 0345  0.1 1054  1.6 1615  0.0 2258  1.6
21  Mo       1024 0423  0.1 1124  1.6 1651  0.1 2332  1.5
22  Tu       1024 0501  0.2 1153  1.5 1729  0.2 9999  9.9
23  We       1024 0005  1.4 0541  0.2 1220  1.4 1809  0.3
24  Th       1024 0041  1.3 0623  0.3 1246  1.3 1856  0.4
25  Fr       1024 0123  1.1 0710  0.5 1317  1.2 2006  0.5
26  Sa       1024 0225  1.0 0813  0.6 1405  1.1 2149  0.6
27  Su       1024 0416  1.0 0939  0.6 1753  1.1 2313  0.6
28  Mo       1024 0610  1.0 1111  0.6 1904  1.2 9999  9.9
29  Tu       1024 0014  0.5 0717  1.2 1227  0.5 1946  1.3
30  We       1024 0101  0.4 0803  1.3 1322  0.4 2020  1.4
31  Th       1024 0141  0.3 0839  1.4 1403  0.3 2050  1.4
 1  Fr       1124 0217  0.2 0912  1.5 1436  0.2 2117  1.5
 2  Sa       1124 0250  0.2 0942  1.5 1507  0.2 2144  1.5
 3  Su       1124 0321  0.2 1011  1.6 1536  0.1 2212  1.5
 4  Mo       1124 0352  0.2 1040  1.6 1605  0.1 2240  1.5
 5  Tu       1124 0423  0.2 1109  1.6 1635  0.1 2310  1.4
 6  We       1124 0456  0.2 1139  1.5 1708  0.2 2342  1.3
 7  Th       1124 0531  0.3 1210  1.5 1746  0.2 9999  9.9
 8  Fr       1124 0018  1.3 0611  0.4 1246  1.4 1830  0.3
 9  Sa       1124 0102  1.2 0658  0.4 1330  1.3 1928  0.4
10  Su       1124 0205  1.1 0800  0.5 1439  1.2 2048  0.5
11  Mo       1124 0352  1.0 0924  0.6 1632  1.2 2214  0.5
12  Tu       1124 0543  1.1 1054  0.6 1804  1.2 2325  0.4
13  We       1124 0700  1.2 1210  0.5 1907  1.4 9999  9.9
14  Th       1124 0022  0.4 0756  1.3 1309  0.3 1957  1.5
15  Fr       1124 0112  0.3 0843  1.4 1358  0.2 2041  1.5
16  Sa       1124 0157  0.2 0924  1.5 1440  0.1 2122  1.5
17  Su       1124 0241  0.2 1002  1.6 1520  0.1 2201  1.5
18  Mo       1124 0323  0.2 1037  1.6 1558  0.1 2238  1.5
19  Tu       1124 0404  0.2 1110  1.6 1636  0.1 2315  1.4
20  We       1124 0445  0.2 1141  1.5 1715  0.2 2351  1.3
21  Th       1124 0527  0.3 1211  1.4 1757  0.3 9999  9.9
22  Fr       1124 0030  1.2 0610  0.4 1242  1.3 1845  0.4
23  Sa       1124 0114  1.2 0657  0.4 1319  1.2 1945  0.5
24  Su       1124 0210  1.1 0753  0.5 1414  1.2 2059  0.5
25  Mo       1124 0323  1.1 0902  0.6 1603  1.1 2213  0.5
26  Tu       1124 0450  1.1 1023  0.6 1742  1.1 2316  0.5
27  We       1124 0611  1.1 1140  0.6 1843  1.2 9999  9.9
28  Th       1124 0010  0.5 0714  1.2 1242  0.5 1928  1.3
29  Fr       1124 0057  0.4 0802  1.3 1330  0.4 2007  1.3
30  Sa       1124 0140  0.4 0843  1.4 1409  0.3 2043  1.4
 1  Su       1224 0220  0.3 0919  1.5 1443  0.3 2118  1.4
 2  Mo       1224 0258  0.3 0953  1.5 1516  0.2 2153  1.4
 3  Tu       1224 0334  0.3 1026  1.5 1549  0.2 2229  1.4
 4  We       1224 0410  0.3 1059  1.5 1623  0.2 2306  1.4
 5  Th       1224 0447  0.3 1133  1.5 1700  0.2 2345  1.3
 6  Fr       1224 0525  0.3 1208  1.5 1740  0.2 9999  9.9
 7  Sa       1224 0027  1.3 0607  0.3 1248  1.4 1826  0.3
 8  Su       1224 0113  1.2 0653  0.4 1335  1.4 1919  0.3
 9  Mo       1224 0208  1.2 0746  0.4 1436  1.3 2021  0.4
10  Tu       1224 0316  1.1 0853  0.5 1553  1.2 2128  0.4
11  We       1224 0441  1.1 1012  0.5 1713  1.2 2234  0.4
12  Th       1224 0610  1.1 1132  0.5 1822  1.3 2336  0.4
13  Fr       1224 0725  1.2 1240  0.4 1921  1.3 9999  9.9
14  Sa       1224 0034  0.4 0823  1.3 1336  0.3 2015  1.4
15  Su       1224 0128  0.4 0911  1.4 1424  0.2 2103  1.4
16  Mo       1224 0220  0.3 0953  1.5 1507  0.2 2149  1.4
17  Tu       1224 0309  0.3 1032  1.5 1548  0.2 2232  1.4
18  We       1224 0355  0.3 1107  1.5 1627  0.2 2313  1.4
19  Th       1224 0438  0.3 1140  1.5 1707  0.2 2352  1.3
20  Fr       1224 0519  0.3 1211  1.5 1748  0.3 9999  9.9
21  Sa       1224 0029  1.3 0600  0.3 1242  1.4 1830  0.3
22  Su       1224 0106  1.3 0641  0.4 1316  1.3 1917  0.4
23  Mo       1224 0146  1.2 0724  0.4 1357  1.3 2008  0.4
24  Tu       1224 0230  1.2 0814  0.5 1451  1.2 2105  0.5
25  We       1224 0323  1.1 0917  0.6 1601  1.1 2205  0.5
26  Th       1224 0431  1.1 1035  0.6 1714  1.1 2305  0.5
27  Fr       1224 0556  1.1 1152  0.6 1821  1.1 9999  9.9
28  Sa       1224 0003  0.5 0718  1.2 1254  0.5 1921  1.2
29  Su       1224 0100  0.5 0818  1.3 1343  0.4 2014  1.2
30  Mo       1224 0154  0.5 0903  1.4 1425  0.3 2103  1.3
31  Tu       1224 0243  0.4 0942  1.5 1502  0.3 2149  1.3
 1  We        125 0326  0.4 1019  1.5 1538  0.2 2233  1.3
 2  Th        125 0405  0.3 1055  1.6 1615  0.2 2314  1.4
 3  Fr        125 0443  0.3 1130  1.6 1653  0.1 2354  1.4
 4  Sa        125 0520  0.2 1207  1.6 1733  0.1 9999  9.9
 5  Su        125 0033  1.4 0558  0.2 1246  1.5 1815  0.2
 6  Mo        125 0111  1.3 0639  0.3 1328  1.5 1901  0.2
 7  Tu        125 0150  1.3 0724  0.3 1416  1.4 1950  0.3
 8  We        125 0233  1.2 0817  0.4 1513  1.3 2044  0.4
 9  Th        125 0327  1.2 0927  0.5 1620  1.2 2144  0.4
10  Fr        125 0457  1.1 1053  0.5 1734  1.2 2249  0.5
11  Sa        125 0656  1.1 1215  0.5 1849  1.2 2357  0.5
12  Su        125 0816  1.2 1322  0.4 1959  1.2 9999  9.9
13  Mo        125 0106  0.5 0909  1.4 1415  0.4 2101  1.3
14  Tu        125 0210  0.5 0952  1.5 1500  0.3 2153  1.3
15  We        125 0306  0.4 1029  1.5 1541  0.2 2236  1.4
16  Th        125 0352  0.3 1103  1.6 1619  0.2 2314  1.4
17  Fr        125 0432  0.3 1133  1.6 1656  0.2 2347  1.4
18  Sa        125 0508  0.2 1201  1.5 1732  0.2 9999  9.9
19  Su        125 0016  1.4 0542  0.2 1228  1.5 1808  0.2
20  Mo        125 0045  1.4 0616  0.3 1255  1.4 1845  0.3
21  Tu        125 0114  1.4 0650  0.3 1326  1.4 1923  0.3
22  We        125 0146  1.3 0726  0.4 1402  1.3 2004  0.4
23  Th        125 0222  1.2 0808  0.5 1448  1.2 2051  0.5
24  Fr        125 0305  1.2 0910  0.6 1549  1.1 2149  0.5
25  Sa        125 0411  1.1 1047  0.6 1707  1.1 2301  0.6
26  Su        125 0613  1.1 1215  0.6 1835  1.1 9999  9.9
27  Mo        125 0019  0.6 0759  1.2 1319  0.5 2001  1.1
28  Tu        125 0134  0.6 0853  1.3 1408  0.4 2105  1.2
29  We        125 0234  0.5 0934  1.4 1449  0.3 2154  1.3
30  Th        125 0320  0.4 1011  1.5 1527  0.2 2235  1.4
31  Fr        125 0357  0.3 1046  1.6 1604  0.1 2313  1.4
 1  Sa        225 0432  0.2 1121  1.7 1640  0.1 2347  1.5
 2  Su        225 0506  0.1 1156  1.7 1718  0.1 9999  9.9
 3  Mo        225 0021  1.5 0542  0.1 1232  1.6 1757  0.1
 4  Tu        225 0053  1.5 0618  0.2 1309  1.5 1837  0.2
 5  We        225 0123  1.4 0658  0.2 1349  1.4 1919  0.2
 6  Th        225 0153  1.3 0743  0.3 1435  1.3 2006  0.3
 7  Fr        225 0224  1.2 0844  0.5 1531  1.2 2100  0.5
 8  Sa        225 0302  1.1 1016  0.6 1647  1.1 2207  0.6
 9  Su        225 0643  1.0 1156  0.6 1827  1.0 2328  0.6
10  Mo        225 0816  1.2 1312  0.5 2004  1.1 9999  9.9
11  Tu        225 0054  0.6 0905  1.3 1408  0.4 2107  1.2
12  We        225 0210  0.5 0944  1.4 1452  0.3 2152  1.3
13  Th        225 0305  0.4 1018  1.5 1530  0.2 2229  1.4
14  Fr        225 0344  0.3 1048  1.6 1604  0.2 2300  1.5
15  Sa        225 0417  0.2 1115  1.6 1637  0.2 2327  1.5
16  Su        225 0448  0.2 1139  1.6 1709  0.1 2352  1.5
17  Mo        225 0517  0.2 1202  1.5 1740  0.2 9999  9.9
18  Tu        225 0017  1.5 0546  0.2 1226  1.5 1811  0.2
19  We        225 0042  1.5 0615  0.2 1252  1.4 1842  0.3
20  Th        225 0109  1.4 0644  0.3 1321  1.3 1915  0.3
21  Fr        225 0138  1.3 0717  0.4 1356  1.2 1952  0.4
22  Sa        225 0210  1.2 0800  0.5 1443  1.1 2040  0.5
23  Su        225 0252  1.1 0926  0.6 1557  1.0 2158  0.6
24  Mo        225 0438  1.0 1132  0.6 1759  1.0 2342  0.7
25  Tu        225 0738  1.1 1251  0.6 2001  1.1 9999  9.9
26  We        225 0113  0.6 0835  1.3 1345  0.4 2101  1.2
27  Th        225 0218  0.5 0915  1.4 1428  0.3 2143  1.3
28  Fr        225 0302  0.3 0951  1.6 1506  0.2 2221  1.5
 1  Sa        325 0338  0.2 1026  1.7 1543  0.1 2255  1.5
 2  Su        325 0411  0.1 1101  1.7 1619  0.1 2327  1.6
 3  Mo        325 0445  0.1 1135  1.7 1656  0.1 2359  1.6
 4  Tu        325 0520  0.1 1210  1.6 1733  0.1 9999  9.9
 5  We        325 0028  1.5 0555  0.1 1245  1.5 1811  0.2
 6  Th        325 0056  1.5 0633  0.2 1321  1.4 1851  0.2
 7  Fr        325 0121  1.4 0715  0.3 1401  1.3 1934  0.4
 8  Sa        325 0144  1.2 0812  0.5 1451  1.1 2026  0.5
 9  Su        325 0207  1.1 0951  0.6 1612  1.0 2138  0.6
10  Mo        325 0241  1.0 0352  1.0 0641  1.0 1140  0.6 1828  1.0 2312  0.7
11  Tu        325 0803  1.2 1257  0.5 2003  1.1 9999  9.9
12  We        325 0047  0.6 0847  1.3 1351  0.4 2055  1.2
13  Th        325 0202  0.5 0922  1.4 1432  0.3 2133  1.3
14  Fr        325 0249  0.4 0953  1.5 1507  0.2 2205  1.4
15  Sa        325 0323  0.3 1021  1.6 1540  0.2 2234  1.5
16  Su        325 0353  0.2 1046  1.6 1611  0.2 2259  1.5
17  Mo        325 0421  0.1 1108  1.6 1640  0.1 2323  1.6
18  Tu        325 0448  0.1 1131  1.5 1709  0.2 2347  1.5
19  We        325 0515  0.1 1154  1.5 1738  0.2 9999  9.9
20  Th        325 0012  1.5 0543  0.2 1219  1.4 1807  0.3
21  Fr        325 0038  1.5 0611  0.3 1247  1.3 1839  0.3
22  Sa        325 0106  1.4 0644  0.4 1319  1.2 1914  0.4
23  Su        325 0137  1.3 0725  0.5 1401  1.1 2000  0.5
24  Mo        325 0215  1.2 0840  0.6 1511  1.0 2121  0.6
25  Tu        325 0344  1.0 1048  0.6 1740  1.0 2312  0.7
26  We        325 0654  1.1 1212  0.6 1940  1.1 9999  9.9
27  Th        325 0041  0.6 0759  1.3 1309  0.4 2036  1.2
28  Fr        325 0145  0.5 0843  1.4 1355  0.3 2117  1.4
29  Sa        325 0231  0.3 0922  1.6 1436  0.2 2155  1.5
30  Su        325 0310  0.2 0959  1.7 1515  0.1 2230  1.6
31  Mo        325 0346  0.1 1035  1.7 1553  0.1 2303  1.6
 1  Tu        425 0421  0.0 1110  1.7 1630  0.1 2334  1.6
 2  We        425 0456  0.1 1145  1.6 1708  0.1 9999  9.9
 3  Th        425 0004  1.5 0533  0.1 1220  1.5 1747  0.2
 4  Fr        425 0032  1.5 0611  0.2 1256  1.4 1827  0.3
 5  Sa        425 0059  1.4 0656  0.4 1336  1.2 1912  0.4
 6  Su        425 0125  1.2 0756  0.5 1429  1.1 2008  0.5
 7  Mo        425 0155  1.1 0934  0.6 1600  1.0 2125  0.6
 8  Tu        425 0602  1.0 1112  0.6 1813  1.0 2258  0.7
 9  We        425 0726  1.1 1222  0.5 1933  1.1 9999  9.9
10  Th        425 0025  0.6 0811  1.3 1314  0.4 2022  1.2
11  Fr        425 0131  0.5 0846  1.4 1356  0.3 2100  1.4
12  Sa        425 0216  0.4 0917  1.5 1433  0.3 2133  1.4
13  Su        425 0252  0.3 0945  1.5 1507  0.2 2201  1.5
14  Mo        425 0323  0.2 1010  1.5 1539  0.2 2228  1.6
15  Tu        425 0351  0.2 1034  1.5 1609  0.2 2254  1.6
16  We        425 0419  0.1 1058  1.5 1639  0.2 2321  1.5
17  Th        425 0447  0.2 1124  1.4 1709  0.2 2347  1.5
18  Fr        425 0517  0.2 1152  1.4 1740  0.3 9999  9.9
19  Sa        425 0015  1.5 0548  0.3 1223  1.3 1814  0.4
20  Su        425 0046  1.4 0626  0.3 1259  1.2 1854  0.4
21  Mo        425 0121  1.3 0714  0.4 1345  1.1 1947  0.5
22  Tu        425 0208  1.2 0828  0.5 1502  1.0 2105  0.6
23  We        425 0346  1.1 1007  0.6 1714  1.0 2241  0.6
24  Th        425 0557  1.1 1125  0.5 1855  1.1 9999  9.9
25  Fr        425 0003  0.5 0711  1.3 1224  0.4 1957  1.2
26  Sa        425 0106  0.4 0802  1.4 1314  0.3 2044  1.4
27  Su        425 0156  0.3 0846  1.5 1359  0.2 2125  1.5
28  Mo        425 0240  0.2 0927  1.6 1442  0.2 2203  1.6
29  Tu        425 0319  0.1 1006  1.6 1524  0.2 2239  1.6
30  We        425 0358  0.1 1044  1.6 1605  0.2 2314  1.6
 1  Th        525 0436  0.1 1122  1.5 1646  0.2 2346  1.5
 2  Fr        525 0515  0.2 1201  1.4 1728  0.3 9999  9.9
 3  Sa        525 0018  1.4 0557  0.3 1241  1.3 1812  0.3
 4  Su        525 0050  1.3 0645  0.4 1327  1.2 1901  0.4
 5  Mo        525 0125  1.2 0748  0.5 1425  1.1 1958  0.5
 6  Tu        525 0218  1.1 0910  0.5 1546  1.0 2110  0.6
 7  We        525 0444  1.1 1030  0.5 1720  1.1 2231  0.6
 8  Th        525 0621  1.1 1133  0.5 1838  1.1 2347  0.6
 9  Fr        525 0715  1.2 1225  0.4 1934  1.2 9999  9.9
10  Sa        525 0050  0.5 0756  1.3 1310  0.4 2018  1.3
11  Su        525 0138  0.4 0830  1.4 1352  0.3 2055  1.4
12  Mo        525 0217  0.3 0902  1.4 1430  0.3 2128  1.5
13  Tu        525 0252  0.2 0931  1.4 1506  0.3 2159  1.5
14  We        525 0323  0.2 1001  1.4 1540  0.3 2230  1.5
15  Th        525 0354  0.2 1031  1.4 1614  0.3 2300  1.5
16  Fr        525 0425  0.2 1103  1.4 1648  0.3 2330  1.5
17  Sa        525 0458  0.2 1137  1.3 1723  0.3 9999  9.9
18  Su        525 0003  1.5 0535  0.3 1214  1.3 1802  0.4
19  Mo        525 0038  1.4 0617  0.3 1257  1.2 1846  0.4
20  Tu        525 0120  1.3 0709  0.4 1350  1.1 1940  0.5
21  We        525 0215  1.3 0814  0.4 1501  1.1 2047  0.5
22  Th        525 0337  1.2 0928  0.5 1630  1.1 2206  0.5
23  Fr        525 0506  1.2 1037  0.4 1758  1.1 2323  0.5
24  Sa        525 0619  1.3 1137  0.4 1911  1.2 9999  9.9
25  Su        525 0029  0.4 0717  1.4 1231  0.3 2009  1.3
26  Mo        525 0124  0.3 0808  1.4 1322  0.3 2058  1.4
27  Tu        525 0213  0.2 0855  1.5 1410  0.3 2142  1.5
28  We        525 0257  0.2 0940  1.5 1458  0.3 2222  1.5
29  Th        525 0339  0.1 1025  1.4 1544  0.3 2301  1.5
30  Fr        525 0421  0.2 1108  1.4 1630  0.3 2337  1.5
31  Sa        525 0503  0.2 1152  1.3 1716  0.3 9999  9.9
 1  Su        625 0013  1.4 0547  0.3 1237  1.3 1802  0.4
 2  Mo        625 0049  1.4 0635  0.3 1323  1.2 1849  0.4
 3  Tu        625 0130  1.3 0731  0.4 1412  1.2 1941  0.5
 4  We        625 0222  1.2 0834  0.5 1507  1.1 2041  0.5
 5  Th        625 0333  1.2 0937  0.5 1609  1.1 2150  0.5
 6  Fr        625 0451  1.2 1036  0.5 1718  1.1 2301  0.5
 7  Sa        625 0557  1.2 1130  0.5 1827  1.2 9999  9.9
 8  Su        625 0005  0.5 0650  1.2 1220  0.4 1927  1.3
 9  Mo        625 0059  0.4 0735  1.3 1308  0.4 2017  1.3
10  Tu        625 0145  0.4 0817  1.3 1354  0.4 2059  1.4
11  We        625 0224  0.3 0857  1.3 1437  0.4 2137  1.4
12  Th        625 0300  0.3 0936  1.3 1518  0.4 2212  1.5
13  Fr        625 0335  0.2 1016  1.3 1557  0.3 2246  1.5
14  Sa        625 0410  0.2 1056  1.3 1635  0.3 2321  1.5
15  Su        625 0446  0.2 1136  1.3 1713  0.3 2357  1.5
16  Mo        625 0526  0.2 1218  1.3 1753  0.3 9999  9.9
17  Tu        625 0035  1.5 0609  0.2 1302  1.3 1836  0.4
18  We        625 0119  1.4 0657  0.3 1348  1.2 1923  0.4
19  Th        625 0210  1.4 0751  0.3 1438  1.2 2019  0.4
20  Fr        625 0312  1.3 0849  0.4 1539  1.2 2127  0.5
21  Sa        625 0421  1.3 0950  0.4 1655  1.2 2244  0.5
22  Su        625 0530  1.3 1051  0.4 1822  1.2 2356  0.4
23  Mo        625 0635  1.3 1150  0.4 1940  1.3 9999  9.9
24  Tu        625 0059  0.4 0735  1.3 1249  0.4 2041  1.3
25  We        625 0154  0.3 0832  1.3 1346  0.4 2131  1.4
26  Th        625 0242  0.2 0927  1.3 1441  0.4 2214  1.5
27  Fr        625 0327  0.2 1018  1.3 1533  0.3 2254  1.5
28  Sa        625 0409  0.2 1105  1.3 1620  0.3 2331  1.5
29  Su        625 0451  0.2 1148  1.3 1705  0.3 9999  9.9
30  Mo        625 0006  1.5 0533  0.2 1227  1.3 1747  0.3
