043Picton
Based on data from 25-May-2007
Local Std Time, tidal heights in metres.
 1  Fr        116 0052  1.2 0627  0.2 1302  1.3 1902  0.2
 2  Sa        116 0128  1.2 0708  0.3 1336  1.2 1948  0.3
 3  Su        116 0209  1.1 0753  0.4 1420  1.1 2042  0.4
 4  Mo        116 0300  1.1 0852  0.4 1524  1.0 2147  0.4
 5  Tu        116 0410  1.0 1011  0.5 1651  1.0 2257  0.4
 6  We        116 0544  1.0 1133  0.5 1819  1.0 9999  9.9
 7  Th        116 0003  0.4 0714  1.1 1241  0.4 1932  1.1
 8  Fr        116 0104  0.4 0816  1.2 1334  0.3 2029  1.2
 9  Sa        116 0158  0.3 0902  1.3 1417  0.2 2117  1.2
10  Su        116 0243  0.2 0942  1.4 1457  0.1 2200  1.3
11  Mo        116 0324  0.2 1020  1.5 1534  0.0 2240  1.3
12  Tu        116 0402  0.1 1057  1.5 1612  0.0 2318  1.4
13  We        116 0439  0.1 1133  1.6 1650  0.0 2355  1.4
14  Th        116 0516  0.0 1210  1.5 1729  0.0 9999  9.9
15  Fr        116 0031  1.3 0555  0.1 1247  1.5 1811  0.0
16  Sa        116 0107  1.3 0637  0.1 1328  1.4 1855  0.1
17  Su        116 0145  1.2 0723  0.2 1413  1.3 1944  0.1
18  Mo        116 0226  1.2 0817  0.3 1507  1.2 2039  0.2
19  Tu        116 0323  1.1 0927  0.4 1614  1.1 2142  0.3
20  We        116 0505  1.0 1048  0.4 1732  1.1 2251  0.4
21  Th        116 0700  1.1 1206  0.4 1853  1.1 9999  9.9
22  Fr        116 0000  0.4 0812  1.2 1311  0.3 2004  1.2
23  Sa        116 0106  0.3 0904  1.3 1405  0.2 2101  1.2
24  Su        116 0204  0.3 0947  1.4 1451  0.1 2148  1.3
25  Mo        116 0255  0.2 1024  1.5 1532  0.1 2228  1.3
26  Tu        116 0340  0.1 1057  1.5 1611  0.0 2303  1.4
27  We        116 0419  0.1 1126  1.5 1647  0.0 2334  1.4
28  Th        116 0455  0.1 1152  1.4 1722  0.1 9999  9.9
29  Fr        116 0003  1.3 0529  0.1 1216  1.4 1756  0.1
30  Sa        116 0031  1.3 0602  0.1 1241  1.3 1831  0.2
31  Su        116 0101  1.3 0636  0.2 1310  1.3 1908  0.2
 1  Mo        216 0134  1.2 0713  0.3 1344  1.2 1949  0.3
 2  Tu        216 0213  1.1 0757  0.4 1429  1.1 2040  0.4
 3  We        216 0303  1.1 0901  0.5 1534  1.0 2148  0.5
 4  Th        216 0422  1.0 1033  0.5 1708  1.0 2309  0.5
 5  Fr        216 0620  1.0 1159  0.5 1853  1.0 9999  9.9
 6  Sa        216 0027  0.5 0749  1.1 1304  0.4 2013  1.1
 7  Su        216 0133  0.4 0844  1.3 1355  0.3 2107  1.2
 8  Mo        216 0226  0.3 0927  1.4 1438  0.2 2152  1.3
 9  Tu        216 0309  0.2 1006  1.5 1517  0.1 2231  1.4
10  We        216 0348  0.1 1043  1.6 1555  0.0 2309  1.4
11  Th        216 0424  0.0 1119  1.6 1633 -0.1 2344  1.4
12  Fr        216 0501  0.0 1155  1.6 1712 -0.1 9999  9.9
13  Sa        216 0018  1.4 0538  0.0 1231  1.5 1751  0.0
14  Su        216 0050  1.4 0617  0.0 1308  1.5 1833  0.0
15  Mo        216 0122  1.3 0700  0.1 1348  1.4 1917  0.1
16  Tu        216 0155  1.2 0750  0.2 1434  1.2 2007  0.2
17  We        216 0232  1.1 0854  0.3 1531  1.1 2106  0.3
18  Th        216 0340  1.0 1017  0.4 1650  1.0 2217  0.4
19  Fr        216 0636  1.0 1142  0.4 1829  1.0 2334  0.4
20  Sa        216 0800  1.1 1252  0.4 1953  1.1 9999  9.9
21  Su        216 0048  0.4 0852  1.2 1349  0.3 2053  1.2
22  Mo        216 0152  0.3 0933  1.4 1436  0.2 2138  1.3
23  Tu        216 0244  0.2 1009  1.4 1517  0.1 2215  1.3
24  We        216 0326  0.1 1040  1.5 1553  0.1 2248  1.4
25  Th        216 0402  0.1 1107  1.5 1627  0.0 2316  1.4
26  Fr        216 0435  0.1 1131  1.4 1659  0.0 2342  1.4
27  Sa        216 0505  0.1 1154  1.4 1730  0.1 9999  9.9
28  Su        216 0008  1.4 0536  0.1 1217  1.4 1801  0.1
29  Mo        216 0035  1.3 0607  0.1 1244  1.3 1834  0.2
 1  Tu        316 0105  1.3 0641  0.2 1315  1.2 1910  0.3
 2  We        316 0140  1.2 0720  0.3 1353  1.1 1953  0.3
 3  Th        316 0221  1.1 0812  0.4 1445  1.0 2053  0.4
 4  Fr        316 0323  1.0 0936  0.5 1611  0.9 2219  0.5
 5  Sa        316 0520  1.0 1114  0.5 1816  0.9 2349  0.5
 6  Su        316 0715  1.1 1229  0.4 1953  1.1 9999  9.9
 7  Mo        316 0104  0.4 0818  1.2 1326  0.3 2050  1.2
 8  Tu        316 0202  0.3 0904  1.4 1412  0.2 2135  1.3
 9  We        316 0248  0.2 0945  1.5 1454  0.1 2214  1.4
10  Th        316 0327  0.1 1023  1.6 1533  0.0 2251  1.5
11  Fr        316 0404  0.0 1059  1.6 1612 -0.1 2325  1.5
12  Sa        316 0441 -0.1 1135  1.6 1650 -0.1 2358  1.5
13  Su        316 0519 -0.1 1211  1.6 1730 -0.1 9999  9.9
14  Mo        316 0030  1.4 0557  0.0 1247  1.5 1810  0.0
15  Tu        316 0100  1.4 0639  0.1 1324  1.3 1853  0.1
16  We        316 0129  1.3 0727  0.2 1406  1.2 1941  0.2
17  Th        316 0202  1.1 0828  0.3 1459  1.1 2038  0.3
18  Fr        316 0248  1.0 0950  0.4 1616  1.0 2150  0.4
19  Sa        316 0603  1.0 1116  0.4 1805  1.0 2312  0.5
20  Su        316 0737  1.1 1228  0.4 1937  1.1 9999  9.9
21  Mo        316 0029  0.4 0830  1.2 1326  0.3 2035  1.2
22  Tu        316 0135  0.3 0911  1.3 1413  0.2 2118  1.3
23  We        316 0225  0.3 0945  1.4 1454  0.2 2153  1.3
24  Th        316 0305  0.2 1015  1.4 1529  0.1 2224  1.4
25  Fr        316 0339  0.1 1042  1.4 1602  0.1 2252  1.4
26  Sa        316 0410  0.1 1105  1.4 1633  0.1 2318  1.4
27  Su        316 0440  0.1 1128  1.4 1703  0.1 2344  1.4
28  Mo        316 0510  0.1 1153  1.4 1733  0.1 9999  9.9
29  Tu        316 0012  1.4 0541  0.1 1221  1.3 1806  0.2
30  We        316 0042  1.3 0615  0.1 1252  1.2 1842  0.2
31  Th        316 0116  1.3 0654  0.2 1329  1.1 1924  0.3
 1  Fr        416 0157  1.2 0745  0.3 1418  1.0 2021  0.4
 2  Sa        416 0254  1.1 0900  0.4 1538  1.0 2143  0.5
 3  Su        416 0437  1.0 1032  0.4 1742  1.0 2314  0.5
 4  Mo        416 0631  1.1 1149  0.4 1922  1.1 9999  9.9
 5  Tu        416 0030  0.4 0742  1.2 1249  0.3 2023  1.2
 6  We        416 0130  0.3 0833  1.4 1340  0.2 2109  1.3
 7  Th        416 0219  0.2 0917  1.5 1424  0.1 2150  1.4
 8  Fr        416 0301  0.0 0957  1.6 1506  0.0 2228  1.5
 9  Sa        416 0341  0.0 1035  1.6 1547  0.0 2304  1.5
10  Su        416 0419 -0.1 1112  1.6 1627  0.0 2337  1.5
11  Mo        416 0458 -0.1 1149  1.5 1707  0.0 9999  9.9
12  Tu        416 0010  1.5 0538  0.0 1226  1.4 1749  0.0
13  We        416 0040  1.4 0620  0.1 1303  1.3 1832  0.1
14  Th        416 0111  1.3 0708  0.2 1345  1.2 1920  0.2
15  Fr        416 0145  1.2 0807  0.3 1437  1.1 2017  0.3
16  Sa        416 0233  1.1 0924  0.4 1549  1.0 2127  0.4
17  Su        416 0507  1.0 1045  0.4 1731  1.0 2247  0.5
18  Mo        416 0657  1.0 1155  0.4 1903  1.0 9999  9.9
19  Tu        416 0003  0.4 0755  1.1 1253  0.3 2003  1.1
20  We        416 0107  0.4 0837  1.2 1341  0.3 2048  1.2
21  Th        416 0158  0.3 0913  1.3 1423  0.2 2124  1.3
22  Fr        416 0238  0.2 0943  1.3 1500  0.2 2156  1.4
23  Sa        416 0313  0.1 1011  1.4 1534  0.1 2225  1.4
24  Su        416 0344  0.1 1037  1.4 1606  0.1 2254  1.4
25  Mo        416 0415  0.1 1103  1.4 1637  0.1 2323  1.4
26  Tu        416 0446  0.1 1132  1.3 1710  0.1 2353  1.4
27  We        416 0520  0.1 1203  1.3 1744  0.2 9999  9.9
28  Th        416 0026  1.4 0556  0.1 1237  1.2 1822  0.2
29  Fr        416 0102  1.3 0638  0.2 1317  1.1 1907  0.3
30  Sa        416 0145  1.2 0729  0.3 1408  1.1 2003  0.4
 1  Su        516 0242  1.1 0836  0.3 1523  1.0 2117  0.4
 2  Mo        516 0408  1.1 0955  0.4 1707  1.0 2240  0.4
 3  Tu        516 0545  1.1 1108  0.3 1840  1.1 2354  0.4
 4  We        516 0659  1.2 1210  0.3 1947  1.2 9999  9.9
 5  Th        516 0056  0.3 0756  1.3 1303  0.2 2039  1.3
 6  Fr        516 0149  0.2 0845  1.4 1352  0.1 2124  1.4
 7  Sa        516 0234  0.1 0928  1.5 1437  0.1 2204  1.5
 8  Su        516 0317  0.0 1010  1.5 1521  0.0 2242  1.5
 9  Mo        516 0358 -0.1 1050  1.5 1604  0.0 2318  1.5
10  Tu        516 0438  0.0 1128  1.4 1647  0.0 2352  1.5
11  We        516 0519  0.0 1207  1.4 1730  0.1 9999  9.9
12  Th        516 0026  1.4 0603  0.1 1247  1.3 1814  0.1
13  Fr        516 0059  1.3 0650  0.2 1329  1.2 1902  0.2
14  Sa        516 0135  1.2 0746  0.3 1419  1.1 1956  0.3
15  Su        516 0225  1.1 0854  0.4 1521  1.0 2101  0.4
16  Mo        516 0356  1.0 1007  0.4 1641  1.0 2215  0.4
17  Tu        516 0549  1.0 1113  0.4 1807  1.0 2328  0.4
18  We        516 0701  1.1 1211  0.3 1917  1.1 9999  9.9
19  Th        516 0032  0.4 0751  1.1 1302  0.3 2009  1.2
20  Fr        516 0125  0.3 0831  1.2 1347  0.3 2050  1.3
21  Sa        516 0208  0.2 0906  1.3 1428  0.2 2126  1.3
22  Su        516 0245  0.2 0939  1.3 1505  0.2 2200  1.4
23  Mo        516 0319  0.1 1011  1.3 1540  0.2 2232  1.4
24  Tu        516 0352  0.1 1043  1.3 1615  0.2 2305  1.4
25  We        516 0426  0.1 1117  1.3 1651  0.2 2339  1.4
26  Th        516 0502  0.1 1152  1.3 1728  0.2 9999  9.9
27  Fr        516 0014  1.4 0541  0.1 1231  1.2 1808  0.2
28  Sa        516 0053  1.3 0624  0.1 1314  1.2 1853  0.3
29  Su        516 0137  1.3 0714  0.2 1404  1.1 1947  0.3
30  Mo        516 0232  1.2 0813  0.2 1507  1.1 2051  0.4
31  Tu        516 0342  1.2 0920  0.3 1627  1.1 2206  0.4
 1  We        616 0501  1.2 1028  0.3 1753  1.1 2319  0.3
 2  Th        616 0614  1.2 1130  0.3 1909  1.2 9999  9.9
 3  Fr        616 0024  0.3 0717  1.3 1227  0.2 2009  1.3
 4  Sa        616 0120  0.2 0812  1.3 1320  0.2 2059  1.4
 5  Su        616 0209  0.1 0901  1.4 1410  0.1 2144  1.4
 6  Mo        616 0255  0.0 0947  1.4 1458  0.1 2225  1.5
 7  Tu        616 0338  0.0 1030  1.4 1544  0.1 2303  1.5
 8  We        616 0420  0.0 1112  1.4 1628  0.1 2339  1.5
 9  Th        616 0502  0.0 1152  1.3 1712  0.1 9999  9.9
10  Fr        616 0013  1.4 0545  0.1 1232  1.3 1756  0.1
11  Sa        616 0047  1.3 0631  0.1 1312  1.2 1842  0.2
12  Su        616 0122  1.2 0721  0.2 1355  1.2 1931  0.3
13  Mo        616 0205  1.2 0817  0.3 1444  1.1 2027  0.4
14  Tu        616 0301  1.1 0919  0.4 1543  1.1 2133  0.4
15  We        616 0418  1.0 1023  0.4 1655  1.0 2245  0.4
16  Th        616 0540  1.0 1123  0.4 1813  1.1 2352  0.4
17  Fr        616 0648  1.1 1218  0.3 1921  1.1 9999  9.9
18  Sa        616 0049  0.4 0742  1.1 1309  0.3 2014  1.2
19  Su        616 0137  0.3 0828  1.2 1356  0.3 2058  1.3
20  Mo        616 0218  0.2 0910  1.2 1439  0.2 2137  1.4
21  Tu        616 0256  0.1 0950  1.3 1519  0.2 2214  1.4
22  We        616 0333  0.1 1029  1.3 1557  0.2 2250  1.5
23  Th        616 0409  0.0 1108  1.3 1635  0.2 2327  1.5
24  Fr        616 0447  0.0 1147  1.3 1713  0.1 9999  9.9
25  Sa        616 0004  1.5 0526  0.0 1226  1.3 1754  0.2
26  Su        616 0043  1.4 0609  0.1 1307  1.2 1837  0.2
27  Mo        616 0126  1.4 0656  0.1 1351  1.2 1926  0.2
28  Tu        616 0216  1.3 0748  0.2 1441  1.2 2023  0.3
29  We        616 0314  1.2 0846  0.2 1543  1.1 2132  0.3
30  Th        616 0421  1.2 0948  0.3 1703  1.1 2245  0.3
 1  Fr        716 0531  1.2 1052  0.3 1829  1.1 2355  0.3
 2  Sa        716 0640  1.2 1154  0.3 1942  1.2 9999  9.9
 3  Su        716 0056  0.2 0742  1.2 1252  0.2 2040  1.3
 4  Mo        716 0149  0.1 0839  1.3 1347  0.2 2128  1.4
 5  Tu        716 0237  0.1 0929  1.3 1439  0.1 2211  1.4
 6  We        716 0321  0.0 1016  1.3 1527  0.1 2249  1.5
 7  Th        716 0403  0.0 1058  1.4 1612  0.1 2325  1.5
 8  Fr        716 0445  0.0 1137  1.3 1655  0.1 2358  1.4
 9  Sa        716 0525  0.0 1213  1.3 1736  0.1 9999  9.9
10  Su        716 0028  1.4 0607  0.1 1248  1.3 1817  0.2
11  Mo        716 0059  1.3 0649  0.2 1324  1.2 1859  0.2
12  Tu        716 0133  1.2 0735  0.2 1403  1.2 1945  0.3
13  We        716 0215  1.1 0827  0.3 1448  1.1 2041  0.4
14  Th        716 0309  1.1 0925  0.4 1545  1.1 2151  0.4
15  Fr        716 0418  1.0 1029  0.4 1659  1.0 2306  0.4
16  Sa        716 0537  1.0 1132  0.4 1826  1.1 9999  9.9
17  Su        716 0013  0.4 0652  1.0 1233  0.4 1939  1.2
18  Mo        716 0108  0.3 0756  1.1 1328  0.3 2033  1.3
19  Tu        716 0154  0.2 0850  1.2 1417  0.3 2118  1.4
20  We        716 0235  0.1 0936  1.2 1501  0.2 2157  1.4
21  Th        716 0314  0.1 1019  1.3 1541  0.2 2235  1.5
22  Fr        716 0351  0.0 1059  1.3 1619  0.1 2312  1.5
23  Sa        716 0429  0.0 1137  1.4 1657  0.1 2350  1.5
24  Su        716 0509  0.0 1214  1.4 1736  0.1 9999  9.9
25  Mo        716 0028  1.5 0550  0.0 1251  1.3 1817  0.1
26  Tu        716 0108  1.4 0633  0.0 1329  1.3 1902  0.1
27  We        716 0152  1.4 0720  0.1 1410  1.2 1953  0.2
28  Th        716 0243  1.3 0812  0.2 1458  1.2 2057  0.3
29  Fr        716 0343  1.2 0912  0.2 1609  1.1 2214  0.3
30  Sa        716 0452  1.1 1017  0.3 1752  1.1 2330  0.3
31  Su        716 0608  1.1 1125  0.3 1924  1.2 9999  9.9
 1  Mo        816 0036  0.3 0721  1.2 1230  0.3 2027  1.3
 2  Tu        816 0132  0.2 0825  1.2 1330  0.2 2116  1.4
 3  We        816 0221  0.1 0918  1.3 1424  0.2 2157  1.4
 4  Th        816 0305  0.0 1004  1.3 1512  0.1 2234  1.5
 5  Fr        816 0346  0.0 1043  1.4 1555  0.1 2307  1.5
 6  Sa        816 0424  0.0 1118  1.4 1635  0.1 2336  1.4
 7  Su        816 0502  0.0 1149  1.4 1712  0.1 9999  9.9
 8  Mo        816 0003  1.4 0539  0.1 1219  1.3 1748  0.1
 9  Tu        816 0029  1.3 0615  0.1 1250  1.3 1824  0.2
10  We        816 0058  1.3 0653  0.2 1323  1.3 1902  0.2
11  Th        816 0132  1.2 0735  0.3 1401  1.2 1947  0.3
12  Fr        816 0216  1.1 0825  0.3 1448  1.1 2048  0.4
13  Sa        816 0315  1.0 0928  0.4 1553  1.0 2213  0.5
14  Su        816 0435  1.0 1044  0.5 1730  1.0 2336  0.4
15  Mo        816 0610  1.0 1158  0.4 1907  1.1 9999  9.9
16  Tu        816 0040  0.4 0735  1.1 1303  0.4 2011  1.2
17  We        816 0130  0.3 0836  1.2 1357  0.3 2058  1.4
18  Th        816 0214  0.1 0923  1.3 1443  0.2 2138  1.5
19  Fr        816 0253  0.1 1005  1.4 1523  0.1 2216  1.5
20  Sa        816 0331  0.0 1043  1.4 1600  0.0 2253  1.6
21  Su        816 0409 -0.1 1120  1.4 1637  0.0 2330  1.6
22  Mo        816 0448 -0.1 1154  1.4 1715  0.0 9999  9.9
23  Tu        816 0007  1.6 0527 -0.1 1228  1.4 1754  0.0
24  We        816 0045  1.5 0608  0.0 1302  1.4 1836  0.1
25  Th        816 0125  1.4 0652  0.1 1337  1.3 1924  0.2
26  Fr        816 0211  1.3 0741  0.2 1416  1.2 2025  0.3
27  Sa        816 0306  1.2 0838  0.3 1514  1.1 2144  0.4
28  Su        816 0418  1.1 0946  0.3 1721  1.0 2308  0.4
29  Mo        816 0545  1.0 1101  0.4 1912  1.1 9999  9.9
30  Tu        816 0019  0.3 0711  1.1 1213  0.4 2015  1.2
31  We        816 0116  0.2 0817  1.2 1317  0.3 2101  1.3
 1  Th        916 0205  0.1 0907  1.3 1411  0.2 2140  1.4
 2  Fr        916 0247  0.1 0948  1.4 1457  0.1 2214  1.5
 3  Sa        916 0326  0.0 1024  1.4 1536  0.1 2243  1.5
 4  Su        916 0402  0.0 1055  1.4 1612  0.0 2309  1.5
 5  Mo        916 0436  0.0 1123  1.4 1646  0.0 2333  1.4
 6  Tu        916 0509  0.0 1150  1.4 1718  0.1 2357  1.4
 7  We        916 0542  0.1 1218  1.4 1751  0.1 9999  9.9
 8  Th        916 0024  1.3 0616  0.1 1248  1.3 1825  0.2
 9  Fr        916 0055  1.2 0652  0.2 1323  1.2 1904  0.3
10  Sa        916 0133  1.1 0734  0.3 1404  1.2 1955  0.4
11  Su        916 0225  1.0 0832  0.4 1502  1.1 2115  0.5
12  Mo        916 0344  1.0 0956  0.5 1639  1.0 2254  0.5
13  Tu        916 0537  0.9 1125  0.5 1833  1.1 9999  9.9
14  We        916 0008  0.4 0717  1.0 1238  0.4 1944  1.2
15  Th        916 0103  0.3 0819  1.2 1335  0.3 2033  1.4
16  Fr        916 0149  0.1 0905  1.3 1421  0.2 2115  1.5
17  Sa        916 0229  0.0 0946  1.4 1501  0.1 2154  1.6
18  Su        916 0308  0.0 1023  1.5 1539  0.0 2231  1.6
19  Mo        916 0346 -0.1 1058  1.5 1616 -0.1 2307  1.6
20  Tu        916 0425 -0.1 1132  1.5 1653 -0.1 2343  1.6
21  We        916 0504 -0.1 1205  1.5 1732  0.0 9999  9.9
22  Th        916 0020  1.5 0544  0.0 1237  1.4 1813  0.0
23  Fr        916 0058  1.4 0627  0.1 1308  1.3 1859  0.1
24  Sa        916 0141  1.2 0714  0.2 1343  1.2 1957  0.3
25  Su        916 0234  1.1 0809  0.3 1431  1.1 2116  0.4
26  Mo        916 0348  1.0 0919  0.4 1650  1.0 2245  0.4
27  Tu        916 0528  1.0 1040  0.4 1854  1.1 2359  0.3
28  We        916 0659  1.1 1157  0.4 1955  1.2 9999  9.9
29  Th        916 0057  0.3 0803  1.2 1303  0.3 2040  1.3
30  Fr        916 0145  0.2 0850  1.3 1355  0.2 2117  1.4
 1  Sa       1016 0226  0.1 0928  1.4 1439  0.1 2149  1.4
 2  Su       1016 0304  0.0 1001  1.4 1516  0.1 2217  1.4
 3  Mo       1016 0338  0.0 1030  1.5 1549  0.0 2241  1.4
 4  Tu       1016 0411  0.0 1057  1.5 1621  0.0 2304  1.4
 5  We       1016 0442  0.0 1124  1.5 1652  0.0 2328  1.4
 6  Th       1016 0513  0.1 1151  1.4 1723  0.1 2355  1.3
 7  Fr       1016 0545  0.1 1221  1.4 1756  0.1 9999  9.9
 8  Sa       1016 0026  1.2 0620  0.2 1255  1.3 1834  0.2
 9  Su       1016 0102  1.1 0700  0.3 1334  1.2 1921  0.3
10  Mo       1016 0149  1.0 0753  0.4 1428  1.1 2031  0.4
11  Tu       1016 0304  1.0 0912  0.5 1558  1.0 2207  0.4
12  We       1016 0506  0.9 1048  0.5 1753  1.1 2328  0.4
13  Th       1016 0651  1.0 1207  0.4 1910  1.2 9999  9.9
14  Fr       1016 0029  0.3 0755  1.2 1307  0.3 2004  1.3
15  Sa       1016 0118  0.2 0842  1.3 1356  0.2 2048  1.5
16  Su       1016 0202  0.1 0923  1.4 1438  0.0 2128  1.6
17  Mo       1016 0243  0.0 1001  1.5 1517  0.0 2207  1.6
18  Tu       1016 0323 -0.1 1037  1.5 1555 -0.1 2244  1.6
19  We       1016 0402 -0.1 1112  1.5 1633 -0.1 2321  1.5
20  Th       1016 0442 -0.1 1145  1.5 1712 -0.1 2358  1.5
21  Fr       1016 0523  0.0 1217  1.4 1754  0.0 9999  9.9
22  Sa       1016 0036  1.3 0605  0.1 1248  1.3 1839  0.1
23  Su       1016 0117  1.2 0652  0.2 1323  1.2 1935  0.3
24  Mo       1016 0208  1.1 0746  0.3 1409  1.1 2049  0.4
25  Tu       1016 0320  1.0 0854  0.4 1606  1.0 2214  0.4
26  We       1016 0500  1.0 1015  0.5 1818  1.0 2329  0.4
27  Th       1016 0634  1.0 1134  0.4 1925  1.1 9999  9.9
28  Fr       1016 0030  0.3 0739  1.1 1242  0.4 2012  1.2
29  Sa       1016 0119  0.2 0826  1.3 1335  0.3 2049  1.3
30  Su       1016 0202  0.2 0904  1.3 1418  0.2 2121  1.4
31  Mo       1016 0240  0.1 0937  1.4 1454  0.1 2149  1.4
 1  Tu       1116 0315  0.1 1007  1.5 1527  0.1 2215  1.4
 2  We       1116 0347  0.1 1035  1.5 1559  0.0 2240  1.4
 3  Th       1116 0419  0.1 1103  1.5 1630  0.0 2307  1.3
 4  Fr       1116 0450  0.1 1132  1.4 1702  0.1 2336  1.3
 5  Sa       1116 0523  0.1 1204  1.4 1736  0.1 9999  9.9
 6  Su       1116 0008  1.2 0559  0.2 1238  1.3 1815  0.2
 7  Mo       1116 0045  1.2 0639  0.3 1318  1.3 1901  0.3
 8  Tu       1116 0131  1.1 0729  0.4 1409  1.2 2002  0.3
 9  We       1116 0238  1.0 0838  0.4 1528  1.1 2121  0.4
10  Th       1116 0425  1.0 1006  0.5 1707  1.1 2241  0.4
11  Fr       1116 0611  1.0 1128  0.4 1828  1.2 2348  0.3
12  Sa       1116 0723  1.1 1235  0.3 1929  1.3 9999  9.9
13  Su       1116 0043  0.2 0816  1.3 1328  0.2 2019  1.4
14  Mo       1116 0132  0.1 0901  1.4 1414  0.1 2103  1.5
15  Tu       1116 0217  0.0 0942  1.5 1456  0.0 2145  1.5
16  We       1116 0300  0.0 1020  1.5 1537 -0.1 2224  1.5
17  Th       1116 0342  0.0 1056  1.5 1616 -0.1 2303  1.5
18  Fr       1116 0424  0.0 1131  1.5 1657 -0.1 2342  1.4
19  Sa       1116 0506  0.0 1204  1.5 1738  0.0 9999  9.9
20  Su       1116 0021  1.3 0549  0.1 1238  1.4 1824  0.1
21  Mo       1116 0102  1.2 0634  0.2 1313  1.3 1915  0.2
22  Tu       1116 0149  1.1 0725  0.3 1356  1.2 2018  0.3
23  We       1116 0249  1.0 0826  0.4 1511  1.1 2133  0.4
24  Th       1116 0410  1.0 0940  0.4 1713  1.0 2247  0.4
25  Fr       1116 0544  1.0 1059  0.5 1837  1.1 2351  0.4
26  Sa       1116 0701  1.1 1211  0.4 1933  1.1 9999  9.9
27  Su       1116 0046  0.3 0756  1.2 1309  0.3 2017  1.2
28  Mo       1116 0133  0.2 0839  1.3 1355  0.2 2053  1.3
29  Tu       1116 0216  0.2 0915  1.4 1433  0.2 2125  1.3
30  We       1116 0254  0.2 0948  1.4 1508  0.1 2155  1.3
 1  Th       1216 0329  0.1 1019  1.4 1540  0.1 2225  1.3
 2  Fr       1216 0402  0.1 1049  1.5 1613  0.1 2256  1.3
 3  Sa       1216 0435  0.1 1121  1.5 1646  0.1 2328  1.3
 4  Su       1216 0509  0.1 1154  1.4 1722  0.1 9999  9.9
 5  Mo       1216 0003  1.2 0546  0.2 1229  1.4 1801  0.1
 6  Tu       1216 0041  1.2 0626  0.2 1309  1.3 1846  0.2
 7  We       1216 0125  1.1 0712  0.3 1358  1.2 1939  0.2
 8  Th       1216 0219  1.1 0810  0.4 1501  1.2 2043  0.3
 9  Fr       1216 0337  1.0 0923  0.4 1621  1.1 2153  0.3
10  Sa       1216 0515  1.0 1045  0.4 1742  1.2 2302  0.3
11  Su       1216 0644  1.1 1159  0.3 1851  1.2 9999  9.9
12  Mo       1216 0004  0.3 0750  1.2 1300  0.2 1949  1.3
13  Tu       1216 0100  0.2 0842  1.3 1352  0.1 2040  1.4
14  We       1216 0152  0.1 0927  1.4 1438  0.0 2127  1.4
15  Th       1216 0240  0.1 1008  1.5 1521  0.0 2211  1.4
16  Fr       1216 0326  0.0 1047  1.5 1603  0.0 2253  1.4
17  Sa       1216 0410  0.0 1123  1.5 1644  0.0 2333  1.4
18  Su       1216 0453  0.0 1157  1.5 1725  0.0 9999  9.9
19  Mo       1216 0011  1.3 0535  0.1 1231  1.4 1808  0.1
20  Tu       1216 0050  1.3 0618  0.1 1304  1.3 1854  0.2
21  We       1216 0129  1.2 0703  0.2 1341  1.2 1946  0.3
22  Th       1216 0214  1.1 0754  0.3 1427  1.1 2045  0.3
23  Fr       1216 0308  1.0 0855  0.4 1538  1.0 2152  0.4
24  Sa       1216 0422  1.0 1010  0.5 1712  1.0 2259  0.4
25  Su       1216 0556  1.0 1128  0.5 1835  1.0 9999  9.9
26  Mo       1216 0003  0.4 0717  1.1 1236  0.4 1937  1.1
27  Tu       1216 0101  0.4 0814  1.2 1330  0.3 2026  1.1
28  We       1216 0152  0.3 0856  1.3 1413  0.3 2107  1.2
29  Th       1216 0237  0.3 0933  1.4 1450  0.2 2144  1.2
30  Fr       1216 0316  0.2 1007  1.4 1525  0.1 2219  1.3
31  Sa       1216 0351  0.2 1040  1.5 1559  0.1 2254  1.3
