030Port Chalmers
Based on data from  1-Jul-2014
Local Std Time, tidal heights in metres.
 1  Mo        724 0514  0.3 1129  2.1 1745  0.3 2358  2.0
 2  Tu        724 0610  0.3 1226  2.1 1844  0.3 9999  9.9
 3  We        724 0054  2.0 0704  0.3 1322  2.1 1940  0.3
 4  Th        724 0147  2.0 0756  0.2 1416  2.1 2032  0.3
 5  Fr        724 0238  2.0 0847  0.2 1508  2.1 2122  0.3
 6  Sa        724 0327  2.0 0937  0.3 1557  2.1 2210  0.3
 7  Su        724 0414  2.0 1026  0.3 1643  2.1 2256  0.4
 8  Mo        724 0500  1.9 1113  0.3 1727  2.0 2341  0.4
 9  Tu        724 0545  1.9 1159  0.4 1810  2.0 9999  9.9
10  We        724 0025  0.4 0631  1.8 1244  0.4 1853  1.9
11  Th        724 0108  0.5 0717  1.8 1327  0.5 1937  1.8
12  Fr        724 0153  0.5 0805  1.7 1411  0.5 2024  1.8
13  Sa        724 0239  0.6 0854  1.7 1457  0.6 2113  1.7
14  Su        724 0328  0.6 0944  1.7 1548  0.6 2205  1.7
15  Mo        724 0419  0.6 1033  1.7 1643  0.6 2257  1.7
16  Tu        724 0511  0.6 1123  1.8 1740  0.6 2348  1.7
17  We        724 0601  0.5 1213  1.8 1833  0.6 9999  9.9
18  Th        724 0038  1.8 0648  0.5 1303  1.9 1923  0.5
19  Fr        724 0126  1.8 0734  0.4 1352  2.0 2009  0.4
20  Sa        724 0213  1.9 0820  0.3 1441  2.0 2055  0.4
21  Su        724 0300  2.0 0908  0.3 1528  2.1 2141  0.3
22  Mo        724 0347  2.0 0957  0.2 1616  2.2 2228  0.2
23  Tu        724 0435  2.1 1047  0.2 1704  2.2 2317  0.2
24  We        724 0525  2.1 1139  0.2 1753  2.2 9999  9.9
25  Th        724 0008  0.2 0617  2.1 1232  0.2 1845  2.2
26  Fr        724 0100  0.2 0713  2.1 1326  0.2 1941  2.1
27  Sa        724 0155  0.3 0811  2.1 1423  0.3 2040  2.0
28  Su        724 0253  0.3 0912  2.0 1523  0.3 2142  2.0
29  Mo        724 0354  0.3 1013  2.0 1628  0.4 2244  1.9
30  Tu        724 0456  0.3 1114  2.0 1733  0.4 2343  1.9
31  We        724 0556  0.3 1213  2.0 1834  0.4 9999  9.9
 1  Th        824 0040  1.9 0652  0.3 1309  2.0 1929  0.4
 2  Fr        824 0133  1.9 0744  0.3 1402  2.1 2019  0.4
 3  Sa        824 0222  2.0 0832  0.3 1451  2.1 2104  0.3
 4  Su        824 0308  2.0 0918  0.3 1536  2.1 2147  0.4
 5  Mo        824 0352  2.0 1003  0.3 1618  2.0 2228  0.4
 6  Tu        824 0433  1.9 1045  0.3 1657  2.0 2308  0.4
 7  We        824 0513  1.9 1126  0.4 1735  1.9 2347  0.4
 8  Th        824 0553  1.9 1206  0.4 1812  1.9 9999  9.9
 9  Fr        824 0026  0.5 0633  1.8 1246  0.5 1851  1.8
10  Sa        824 0107  0.5 0717  1.8 1327  0.5 1934  1.7
11  Su        824 0151  0.6 0804  1.7 1413  0.6 2023  1.7
12  Mo        824 0239  0.6 0856  1.7 1503  0.6 2119  1.7
13  Tu        824 0332  0.6 0950  1.7 1601  0.7 2217  1.7
14  We        824 0428  0.6 1046  1.7 1703  0.6 2314  1.7
15  Th        824 0524  0.6 1141  1.8 1802  0.6 9999  9.9
16  Fr        824 0007  1.8 0617  0.5 1234  1.9 1855  0.5
17  Sa        824 0058  1.8 0707  0.4 1326  2.0 1942  0.4
18  Su        824 0147  1.9 0756  0.3 1416  2.1 2029  0.3
19  Mo        824 0235  2.1 0844  0.2 1504  2.2 2115  0.2
20  Tu        824 0323  2.1 0934  0.1 1552  2.3 2202  0.1
21  We        824 0412  2.2 1025  0.1 1641  2.3 2251  0.1
22  Th        824 0502  2.2 1117  0.1 1730  2.3 2343  0.1
23  Fr        824 0555  2.2 1211  0.1 1822  2.2 9999  9.9
24  Sa        824 0036  0.2 0651  2.2 1306  0.2 1919  2.1
25  Su        824 0133  0.2 0750  2.1 1404  0.3 2019  2.0
26  Mo        824 0233  0.3 0853  2.1 1507  0.3 2124  1.9
27  Tu        824 0336  0.4 0957  2.0 1614  0.4 2228  1.9
28  We        824 0441  0.4 1059  2.0 1721  0.4 2329  1.9
29  Th        824 0542  0.4 1159  2.0 1821  0.4 9999  9.9
30  Fr        824 0025  1.9 0638  0.4 1254  2.0 1914  0.4
31  Sa        824 0116  1.9 0728  0.3 1344  2.0 1959  0.4
 1  Su        924 0202  1.9 0814  0.3 1429  2.0 2041  0.4
 2  Mo        924 0246  2.0 0856  0.3 1511  2.0 2119  0.4
 3  Tu        924 0326  2.0 0936  0.3 1549  2.0 2156  0.4
 4  We        924 0404  1.9 1015  0.4 1625  2.0 2232  0.4
 5  Th        924 0441  1.9 1052  0.4 1700  1.9 2309  0.4
 6  Fr        924 0518  1.9 1130  0.4 1735  1.9 2347  0.5
 7  Sa        924 0556  1.8 1210  0.5 1812  1.8 9999  9.9
 8  Su        924 0027  0.5 0637  1.8 1252  0.5 1854  1.7
 9  Mo        924 0112  0.6 0724  1.7 1338  0.6 1944  1.7
10  Tu        924 0200  0.6 0816  1.7 1429  0.6 2042  1.6
11  We        924 0254  0.6 0914  1.7 1528  0.7 2144  1.6
12  Th        924 0352  0.6 1013  1.8 1631  0.6 2243  1.7
13  Fr        924 0451  0.5 1110  1.8 1731  0.6 2338  1.8
14  Sa        924 0547  0.5 1205  1.9 1825  0.4 9999  9.9
15  Su        924 0029  1.9 0639  0.3 1258  2.0 1914  0.3
16  Mo        924 0120  2.0 0730  0.2 1349  2.2 2001  0.2
17  Tu        924 0209  2.1 0820  0.1 1439  2.2 2047  0.1
18  We        924 0259  2.2 0911  0.0 1528  2.3 2136  0.1
19  Th        924 0349  2.3 1002  0.0 1617  2.3 2226  0.1
20  Fr        924 0441  2.3 1055  0.0 1707  2.3 2318  0.1
21  Sa        924 0534  2.3 1150  0.1 1800  2.2 9999  9.9
22  Su        924 0014  0.2 0630  2.2 1247  0.2 1857  2.1
23  Mo        924 0112  0.2 0731  2.1 1347  0.3 2000  2.0
24  Tu        924 0214  0.3 0834  2.0 1450  0.4 2106  1.9
25  We        924 0318  0.4 0939  2.0 1557  0.4 2211  1.9
26  Th        924 0422  0.4 1041  2.0 1703  0.5 2310  1.9
27  Fr        924 0523  0.4 1139  2.0 1801  0.4 9999  9.9
28  Sa        924 0004  1.9 0617  0.4 1231  2.0 1850  0.4
29  Su        924 0053  1.9 0705  0.4 1319  2.0 1933  0.4
30  Mo        924 0137  1.9 0749  0.4 1402  2.0 2012  0.4
 1  Tu       1024 0218  1.9 0829  0.4 1441  2.0 2048  0.4
 2  We       1024 0257  1.9 0907  0.4 1518  2.0 2123  0.4
 3  Th       1024 0334  1.9 0944  0.4 1553  1.9 2158  0.4
 4  Fr       1024 0410  1.9 1021  0.4 1627  1.9 2235  0.4
 5  Sa       1024 0447  1.9 1100  0.5 1703  1.8 2313  0.5
 6  Su       1024 0525  1.9 1140  0.5 1741  1.8 2355  0.5
 7  Mo       1024 0607  1.8 1224  0.5 1825  1.7 9999  9.9
 8  Tu       1024 0041  0.6 0654  1.8 1311  0.6 1915  1.7
 9  We       1024 0131  0.6 0747  1.8 1403  0.6 2013  1.6
10  Th       1024 0225  0.6 0845  1.8 1501  0.6 2115  1.7
11  Fr       1024 0322  0.6 0944  1.8 1601  0.6 2214  1.7
12  Sa       1024 0420  0.5 1042  1.9 1700  0.5 2309  1.8
13  Su       1024 0517  0.4 1137  2.0 1754  0.4 9999  9.9
14  Mo       1024 0002  2.0 0612  0.3 1231  2.1 1845  0.3
15  Tu       1024 0053  2.1 0705  0.2 1323  2.2 1933  0.2
16  We       1024 0144  2.2 0757  0.1 1414  2.2 2021  0.1
17  Th       1024 0236  2.3 0849  0.1 1504  2.3 2111  0.1
18  Fr       1024 0328  2.3 0942  0.0 1555  2.3 2202  0.1
19  Sa       1024 0421  2.3 1036  0.1 1646  2.2 2257  0.1
20  Su       1024 0515  2.3 1132  0.1 1740  2.1 2354  0.2
21  Mo       1024 0612  2.2 1229  0.2 1837  2.0 9999  9.9
22  Tu       1024 0053  0.3 0711  2.1 1329  0.3 1939  1.9
23  We       1024 0154  0.3 0813  2.0 1431  0.4 2044  1.9
24  Th       1024 0256  0.4 0916  2.0 1534  0.5 2147  1.8
25  Fr       1024 0356  0.4 1015  1.9 1635  0.5 2245  1.8
26  Sa       1024 0454  0.4 1111  1.9 1730  0.5 2336  1.9
27  Su       1024 0547  0.4 1201  1.9 1818  0.4 9999  9.9
28  Mo       1024 0023  1.9 0635  0.4 1246  1.9 1901  0.4
29  Tu       1024 0106  1.9 0718  0.4 1329  1.9 1939  0.4
30  We       1024 0147  1.9 0759  0.4 1408  1.9 2016  0.4
31  Th       1024 0226  1.9 0837  0.4 1446  1.9 2051  0.4
 1  Fr       1124 0304  1.9 0916  0.4 1522  1.9 2127  0.4
 2  Sa       1124 0342  1.9 0954  0.5 1559  1.9 2205  0.4
 3  Su       1124 0421  1.9 1035  0.5 1637  1.8 2246  0.5
 4  Mo       1124 0501  1.9 1117  0.5 1717  1.8 2330  0.5
 5  Tu       1124 0545  1.9 1202  0.5 1802  1.7 9999  9.9
 6  We       1124 0018  0.5 0632  1.9 1250  0.5 1853  1.7
 7  Th       1124 0108  0.5 0724  1.9 1341  0.6 1949  1.7
 8  Fr       1124 0201  0.5 0819  1.9 1435  0.5 2048  1.7
 9  Sa       1124 0255  0.5 0917  1.9 1532  0.5 2146  1.8
10  Su       1124 0352  0.4 1014  1.9 1629  0.4 2242  1.9
11  Mo       1124 0450  0.4 1110  2.0 1725  0.4 2336  2.0
12  Tu       1124 0547  0.3 1205  2.1 1817  0.3 9999  9.9
13  We       1124 0029  2.1 0642  0.2 1258  2.1 1908  0.2
14  Th       1124 0122  2.2 0737  0.2 1351  2.2 1959  0.1
15  Fr       1124 0216  2.3 0830  0.1 1444  2.2 2050  0.1
16  Sa       1124 0310  2.3 0924  0.1 1535  2.2 2143  0.1
17  Su       1124 0404  2.3 1019  0.2 1628  2.1 2238  0.1
18  Mo       1124 0458  2.2 1115  0.2 1721  2.1 2335  0.2
19  Tu       1124 0553  2.2 1211  0.3 1817  2.0 9999  9.9
20  We       1124 0033  0.3 0649  2.1 1307  0.3 1915  1.9
21  Th       1124 0130  0.3 0747  2.0 1404  0.4 2016  1.8
22  Fr       1124 0227  0.4 0845  1.9 1501  0.5 2115  1.8
23  Sa       1124 0322  0.4 0941  1.9 1558  0.5 2210  1.8
24  Su       1124 0417  0.5 1034  1.8 1651  0.5 2300  1.8
25  Mo       1124 0509  0.5 1123  1.8 1739  0.5 2347  1.8
26  Tu       1124 0558  0.5 1209  1.8 1823  0.5 9999  9.9
27  We       1124 0031  1.8 0644  0.5 1252  1.8 1904  0.5
28  Th       1124 0113  1.9 0727  0.5 1334  1.8 1943  0.4
29  Fr       1124 0154  1.9 0809  0.5 1414  1.8 2021  0.4
30  Sa       1124 0235  1.9 0849  0.5 1453  1.8 2059  0.4
 1  Su       1224 0316  1.9 0930  0.5 1533  1.8 2140  0.4
 2  Mo       1224 0358  1.9 1012  0.5 1614  1.8 2223  0.4
 3  Tu       1224 0440  2.0 1056  0.5 1657  1.8 2308  0.4
 4  We       1224 0524  2.0 1141  0.5 1742  1.8 2357  0.4
 5  Th       1224 0611  2.0 1229  0.5 1832  1.8 9999  9.9
 6  Fr       1224 0046  0.4 0701  2.0 1318  0.5 1926  1.8
 7  Sa       1224 0138  0.4 0754  2.0 1410  0.5 2023  1.8
 8  Su       1224 0231  0.4 0851  2.0 1505  0.4 2120  1.9
 9  Mo       1224 0327  0.4 0948  2.0 1601  0.4 2217  2.0
10  Tu       1224 0425  0.4 1046  2.0 1658  0.4 2313  2.0
11  We       1224 0525  0.3 1142  2.0 1754  0.3 9999  9.9
12  Th       1224 0009  2.1 0624  0.3 1238  2.0 1848  0.2
13  Fr       1224 0105  2.1 0721  0.2 1333  2.1 1941  0.2
14  Sa       1224 0201  2.2 0817  0.2 1427  2.1 2034  0.2
15  Su       1224 0256  2.2 0911  0.2 1519  2.1 2127  0.2
16  Mo       1224 0349  2.2 1004  0.2 1611  2.1 2222  0.2
17  Tu       1224 0442  2.2 1057  0.3 1702  2.0 2316  0.2
18  We       1224 0533  2.1 1149  0.3 1754  2.0 9999  9.9
19  Th       1224 0009  0.3 0624  2.1 1240  0.4 1847  1.9
20  Fr       1224 0101  0.4 0715  2.0 1331  0.4 1941  1.8
21  Sa       1224 0152  0.4 0806  1.9 1421  0.5 2035  1.8
22  Su       1224 0241  0.5 0858  1.8 1512  0.5 2128  1.8
23  Mo       1224 0332  0.5 0949  1.8 1604  0.5 2218  1.8
24  Tu       1224 0424  0.6 1039  1.7 1654  0.5 2306  1.8
25  We       1224 0516  0.6 1128  1.7 1742  0.5 2352  1.8
26  Th       1224 0607  0.6 1215  1.7 1827  0.5 9999  9.9
27  Fr       1224 0038  1.8 0656  0.6 1300  1.8 1910  0.5
28  Sa       1224 0123  1.8 0741  0.5 1343  1.8 1951  0.5
29  Su       1224 0207  1.9 0824  0.5 1426  1.8 2033  0.4
30  Mo       1224 0251  1.9 0906  0.5 1508  1.8 2115  0.4
31  Tu       1224 0335  2.0 0949  0.4 1551  1.9 2200  0.4
 1  We        125 0418  2.0 1032  0.4 1635  1.9 2246  0.3
 2  Th        125 0503  2.1 1117  0.4 1721  1.9 2334  0.3
 3  Fr        125 0549  2.1 1204  0.4 1810  1.9 9999  9.9
 4  Sa        125 0024  0.3 0638  2.1 1253  0.4 1902  1.9
 5  Su        125 0115  0.3 0730  2.0 1345  0.4 1958  2.0
 6  Mo        125 0208  0.3 0826  2.0 1439  0.4 2056  2.0
 7  Tu        125 0305  0.3 0925  2.0 1537  0.4 2156  2.0
 8  We        125 0406  0.4 1025  1.9 1637  0.4 2255  2.0
 9  Th        125 0509  0.4 1125  1.9 1737  0.3 2354  2.0
10  Fr        125 0612  0.4 1223  2.0 1834  0.3 9999  9.9
11  Sa        125 0052  2.1 0711  0.3 1319  2.0 1929  0.2
12  Su        125 0149  2.1 0806  0.3 1413  2.0 2022  0.2
13  Mo        125 0243  2.1 0858  0.3 1504  2.0 2114  0.2
14  Tu        125 0334  2.2 0948  0.3 1553  2.0 2205  0.2
15  We        125 0423  2.1 1036  0.3 1641  2.0 2254  0.3
16  Th        125 0509  2.1 1122  0.3 1727  2.0 2342  0.3
17  Fr        125 0553  2.0 1207  0.4 1814  1.9 9999  9.9
18  Sa        125 0028  0.4 0637  1.9 1252  0.4 1901  1.8
19  Su        125 0112  0.5 0722  1.8 1337  0.5 1949  1.8
20  Mo        125 0157  0.5 0809  1.8 1423  0.6 2039  1.7
21  Tu        125 0244  0.6 0859  1.7 1512  0.6 2130  1.7
22  We        125 0334  0.6 0952  1.7 1605  0.6 2221  1.7
23  Th        125 0430  0.7 1045  1.7 1658  0.6 2312  1.7
24  Fr        125 0529  0.6 1137  1.7 1749  0.6 9999  9.9
25  Sa        125 0002  1.8 0623  0.6 1226  1.7 1837  0.5
26  Su        125 0051  1.8 0712  0.6 1313  1.8 1922  0.5
27  Mo        125 0138  1.9 0757  0.5 1358  1.8 2006  0.4
28  Tu        125 0224  2.0 0839  0.4 1442  1.9 2050  0.3
29  We        125 0309  2.1 0922  0.4 1526  2.0 2135  0.3
30  Th        125 0354  2.1 1005  0.3 1611  2.0 2222  0.2
31  Fr        125 0439  2.2 1051  0.3 1658  2.1 2311  0.2
 1  Sa        225 0525  2.2 1138  0.3 1746  2.1 9999  9.9
 2  Su        225 0001  0.2 0614  2.1 1228  0.3 1839  2.1
 3  Mo        225 0053  0.2 0706  2.1 1320  0.3 1935  2.0
 4  Tu        225 0148  0.3 0804  2.0 1417  0.3 2036  2.0
 5  We        225 0247  0.3 0905  1.9 1517  0.4 2138  2.0
 6  Th        225 0351  0.4 1009  1.9 1621  0.4 2241  2.0
 7  Fr        225 0459  0.4 1112  1.9 1724  0.4 2342  2.0
 8  Sa        225 0604  0.4 1211  1.9 1824  0.3 9999  9.9
 9  Su        225 0041  2.0 0703  0.4 1307  1.9 1919  0.3
10  Mo        225 0137  2.1 0755  0.3 1358  2.0 2010  0.3
11  Tu        225 0228  2.1 0843  0.3 1447  2.0 2058  0.3
12  We        225 0316  2.1 0927  0.3 1533  2.0 2144  0.3
13  Th        225 0400  2.1 1009  0.3 1616  2.0 2228  0.3
14  Fr        225 0441  2.0 1050  0.4 1658  1.9 2311  0.4
15  Sa        225 0520  2.0 1131  0.4 1739  1.9 2352  0.4
16  Su        225 0558  1.9 1211  0.5 1820  1.8 9999  9.9
17  Mo        225 0033  0.5 0637  1.8 1252  0.5 1903  1.8
18  Tu        225 0114  0.6 0720  1.7 1336  0.6 1950  1.7
19  We        225 0159  0.6 0808  1.7 1424  0.6 2041  1.7
20  Th        225 0249  0.7 0904  1.6 1516  0.6 2136  1.7
21  Fr        225 0347  0.7 1003  1.6 1613  0.6 2231  1.7
22  Sa        225 0449  0.7 1059  1.6 1710  0.6 2325  1.7
23  Su        225 0549  0.6 1152  1.7 1802  0.5 9999  9.9
24  Mo        225 0017  1.8 0640  0.6 1240  1.8 1850  0.5
25  Tu        225 0107  1.9 0725  0.5 1327  1.9 1936  0.4
26  We        225 0154  2.0 0808  0.4 1413  2.0 2022  0.3
27  Th        225 0241  2.1 0851  0.3 1459  2.1 2109  0.2
28  Fr        225 0327  2.2 0936  0.2 1545  2.1 2157  0.1
 1  Sa        325 0413  2.2 1022  0.2 1633  2.2 2247  0.1
 2  Su        325 0501  2.2 1111  0.2 1724  2.2 2339  0.1
 3  Mo        325 0551  2.2 1203  0.2 1818  2.2 9999  9.9
 4  Tu        325 0034  0.2 0645  2.1 1259  0.3 1916  2.1
 5  We        325 0131  0.3 0744  2.0 1358  0.3 2018  2.0
 6  Th        325 0232  0.4 0849  1.9 1501  0.4 2123  2.0
 7  Fr        325 0339  0.4 0955  1.9 1607  0.4 2228  2.0
 8  Sa        325 0449  0.4 1059  1.9 1712  0.4 2330  2.0
 9  Su        325 0554  0.4 1158  1.9 1812  0.4 9999  9.9
10  Mo        325 0028  2.0 0650  0.4 1251  1.9 1905  0.3
11  Tu        325 0121  2.0 0738  0.4 1340  2.0 1953  0.3
12  We        325 0208  2.0 0821  0.3 1426  2.0 2038  0.3
13  Th        325 0252  2.0 0901  0.3 1508  2.0 2120  0.3
14  Fr        325 0332  2.0 0940  0.4 1548  2.0 2200  0.4
15  Sa        325 0410  2.0 1017  0.4 1627  1.9 2238  0.4
16  Su        325 0446  1.9 1054  0.4 1705  1.9 2317  0.5
17  Mo        325 0521  1.9 1132  0.5 1743  1.8 2356  0.5
18  Tu        325 0558  1.8 1212  0.5 1823  1.8 9999  9.9
19  We        325 0037  0.6 0638  1.7 1256  0.6 1908  1.7
20  Th        325 0122  0.6 0726  1.6 1343  0.6 1959  1.7
21  Fr        325 0212  0.7 0822  1.6 1436  0.7 2055  1.7
22  Sa        325 0309  0.7 0924  1.6 1532  0.6 2153  1.7
23  Su        325 0411  0.7 1023  1.6 1630  0.6 2249  1.8
24  Mo        325 0511  0.6 1117  1.7 1725  0.5 2343  1.9
25  Tu        325 0604  0.5 1207  1.8 1817  0.4 9999  9.9
26  We        325 0034  2.0 0651  0.4 1255  1.9 1906  0.3
27  Th        325 0123  2.1 0736  0.3 1343  2.0 1954  0.2
28  Fr        325 0212  2.1 0821  0.2 1431  2.2 2043  0.1
29  Sa        325 0300  2.2 0907  0.1 1521  2.2 2133  0.1
30  Su        325 0348  2.2 0955  0.1 1611  2.3 2225  0.1
31  Mo        325 0438  2.2 1047  0.1 1704  2.3 2319  0.1
 1  Tu        425 0530  2.2 1141  0.2 1759  2.2 9999  9.9
 2  We        425 0016  0.2 0625  2.1 1240  0.2 1858  2.1
 3  Th        425 0115  0.3 0726  2.0 1341  0.3 2001  2.1
 4  Fr        425 0219  0.4 0832  1.9 1446  0.4 2107  2.0
 5  Sa        425 0325  0.4 0940  1.9 1551  0.4 2211  2.0
 6  Su        425 0433  0.4 1042  1.9 1655  0.4 2312  2.0
 7  Mo        425 0534  0.4 1139  1.9 1752  0.4 9999  9.9
 8  Tu        425 0007  2.0 0627  0.4 1230  1.9 1844  0.4
 9  We        425 0057  2.0 0713  0.4 1317  1.9 1930  0.4
10  Th        425 0142  2.0 0754  0.4 1400  2.0 2012  0.4
11  Fr        425 0224  2.0 0832  0.4 1441  1.9 2052  0.4
12  Sa        425 0302  1.9 0908  0.4 1520  1.9 2130  0.4
13  Su        425 0339  1.9 0944  0.4 1557  1.9 2208  0.4
14  Mo        425 0414  1.9 1020  0.4 1634  1.9 2246  0.5
15  Tu        425 0449  1.8 1058  0.5 1712  1.8 2326  0.5
16  We        425 0526  1.8 1139  0.5 1752  1.8 9999  9.9
17  Th        425 0009  0.6 0607  1.7 1224  0.6 1836  1.8
18  Fr        425 0054  0.6 0655  1.7 1312  0.6 1926  1.8
19  Sa        425 0144  0.6 0750  1.6 1403  0.6 2021  1.7
20  Su        425 0237  0.6 0849  1.6 1457  0.6 2118  1.8
21  Mo        425 0335  0.6 0948  1.7 1553  0.6 2214  1.8
22  Tu        425 0432  0.6 1042  1.8 1649  0.5 2309  1.9
23  We        425 0526  0.5 1134  1.9 1743  0.4 9999  9.9
24  Th        425 0001  2.0 0616  0.4 1224  2.0 1836  0.3
25  Fr        425 0053  2.1 0704  0.3 1315  2.1 1927  0.2
26  Sa        425 0144  2.1 0752  0.2 1406  2.2 2019  0.1
27  Su        425 0235  2.2 0841  0.1 1459  2.3 2112  0.1
28  Mo        425 0326  2.2 0932  0.1 1552  2.3 2206  0.1
29  Tu        425 0417  2.2 1026  0.1 1646  2.3 2302  0.1
30  We        425 0511  2.1 1123  0.2 1742  2.2 9999  9.9
 1  Th        525 0000  0.2 0607  2.1 1223  0.2 1841  2.2
 2  Fr        525 0100  0.3 0708  2.0 1324  0.3 1943  2.1
 3  Sa        525 0201  0.4 0813  1.9 1426  0.3 2046  2.0
 4  Su        525 0304  0.4 0918  1.9 1528  0.4 2147  2.0
 5  Mo        525 0407  0.4 1018  1.9 1628  0.4 2245  1.9
 6  Tu        525 0505  0.4 1112  1.9 1724  0.4 2338  1.9
 7  We        525 0556  0.4 1201  1.9 1815  0.4 9999  9.9
 8  Th        525 0026  1.9 0641  0.4 1247  1.9 1901  0.4
 9  Fr        525 0111  1.9 0722  0.4 1330  1.9 1943  0.4
10  Sa        525 0152  1.9 0800  0.4 1411  1.9 2024  0.4
11  Su        525 0231  1.9 0837  0.4 1451  1.9 2102  0.5
12  Mo        525 0308  1.9 0913  0.4 1529  1.9 2141  0.5
13  Tu        525 0345  1.8 0951  0.5 1608  1.9 2221  0.5
14  We        525 0422  1.8 1031  0.5 1647  1.9 2302  0.5
15  Th        525 0501  1.8 1113  0.5 1728  1.9 2345  0.5
16  Fr        525 0544  1.7 1159  0.5 1812  1.8 9999  9.9
17  Sa        525 0030  0.6 0630  1.7 1246  0.5 1900  1.8
18  Su        525 0118  0.6 0722  1.7 1335  0.5 1951  1.8
19  Mo        525 0208  0.6 0818  1.7 1427  0.5 2045  1.8
20  Tu        525 0301  0.6 0915  1.8 1520  0.5 2141  1.9
21  We        525 0356  0.5 1010  1.8 1616  0.4 2237  1.9
22  Th        525 0451  0.4 1104  1.9 1713  0.4 2332  2.0
23  Fr        525 0544  0.4 1157  2.0 1809  0.3 9999  9.9
24  Sa        525 0026  2.0 0636  0.3 1251  2.1 1905  0.2
25  Su        525 0120  2.1 0728  0.2 1345  2.2 2000  0.2
26  Mo        525 0213  2.1 0820  0.1 1440  2.3 2055  0.2
27  Tu        525 0306  2.2 0913  0.1 1536  2.3 2150  0.2
28  We        525 0400  2.1 1009  0.1 1631  2.3 2246  0.2
29  Th        525 0454  2.1 1106  0.2 1726  2.2 2343  0.2
30  Fr        525 0549  2.0 1205  0.2 1822  2.2 9999  9.9
31  Sa        525 0040  0.3 0647  2.0 1303  0.3 1919  2.1
 1  Su        625 0137  0.3 0747  1.9 1401  0.3 2017  2.0
 2  Mo        625 0234  0.4 0848  1.9 1457  0.4 2115  1.9
 3  Tu        625 0331  0.4 0945  1.9 1552  0.4 2210  1.9
 4  We        625 0426  0.5 1038  1.8 1647  0.5 2302  1.8
 5  Th        625 0517  0.5 1127  1.8 1738  0.5 2350  1.8
 6  Fr        625 0604  0.5 1213  1.8 1827  0.5 9999  9.9
 7  Sa        625 0036  1.8 0647  0.5 1257  1.9 1913  0.5
 8  Su        625 0119  1.8 0728  0.5 1341  1.9 1956  0.5
 9  Mo        625 0200  1.8 0807  0.4 1422  1.9 2037  0.5
10  Tu        625 0240  1.8 0846  0.4 1503  1.9 2117  0.5
11  We        625 0319  1.8 0926  0.4 1544  1.9 2158  0.5
12  Th        625 0359  1.8 1007  0.5 1624  1.9 2239  0.5
13  Fr        625 0439  1.8 1050  0.5 1706  1.9 2322  0.5
14  Sa        625 0522  1.8 1135  0.4 1749  1.9 9999  9.9
15  Su        625 0006  0.5 0607  1.8 1222  0.4 1834  1.9
16  Mo        625 0051  0.5 0656  1.8 1310  0.4 1923  1.9
17  Tu        625 0140  0.5 0749  1.8 1359  0.4 2016  1.9
18  We        625 0230  0.5 0845  1.9 1452  0.4 2112  1.9
19  Th        625 0324  0.4 0941  1.9 1548  0.4 2209  1.9
20  Fr        625 0421  0.4 1038  2.0 1648  0.4 2307  2.0
21  Sa        625 0518  0.3 1135  2.0 1749  0.3 9999  9.9
22  Su        625 0004  2.0 0615  0.3 1232  2.1 1849  0.3
23  Mo        625 0101  2.0 0710  0.2 1330  2.2 1946  0.2
24  Tu        625 0156  2.1 0804  0.2 1426  2.2 2042  0.2
25  We        625 0251  2.1 0859  0.1 1522  2.2 2136  0.2
26  Th        625 0344  2.1 0954  0.1 1615  2.2 2230  0.2
27  Fr        625 0436  2.1 1049  0.2 1707  2.2 2323  0.2
28  Sa        625 0529  2.0 1144  0.2 1759  2.2 9999  9.9
29  Su        625 0015  0.3 0622  2.0 1237  0.3 1850  2.1
30  Mo        625 0107  0.3 0716  1.9 1329  0.3 1942  2.0
