102Port Ohope Wharf
Based on data from  1-Jan-2006
Local Std Time, tidal heights in metres.
 1  Fr        116 0011  1.8 0546  0.4 1234  1.9 1819  0.4
 2  Sa        116 0058  1.7 0631  0.5 1319  1.8 1903  0.5
 3  Su        116 0148  1.7 0717  0.5 1405  1.8 1948  0.5
 4  Mo        116 0239  1.7 0807  0.6 1453  1.7 2035  0.5
 5  Tu        116 0332  1.7 0859  0.6 1542  1.7 2124  0.5
 6  We        116 0426  1.7 0953  0.6 1633  1.7 2215  0.5
 7  Th        116 0517  1.7 1047  0.6 1724  1.7 2306  0.4
 8  Fr        116 0607  1.8 1139  0.5 1815  1.7 2356  0.4
 9  Sa        116 0655  1.8 1229  0.5 1904  1.8 9999  9.9
10  Su        116 0045  0.3 0741  1.9 1318  0.4 1953  1.8
11  Mo        116 0134  0.2 0827  2.0 1406  0.3 2040  1.9
12  Tu        116 0222  0.2 0913  2.0 1454  0.2 2128  1.9
13  We        116 0310  0.1 0959  2.1 1543  0.2 2216  2.0
14  Th        116 0358  0.1 1046  2.1 1631  0.1 2305  2.0
15  Fr        116 0448  0.1 1135  2.1 1721  0.1 2356  2.0
16  Sa        116 0539  0.1 1225  2.1 1812  0.1 9999  9.9
17  Su        116 0050  1.9 0633  0.2 1318  2.0 1904  0.1
18  Mo        116 0147  1.9 0729  0.3 1413  2.0 1959  0.2
19  Tu        116 0247  1.9 0827  0.3 1510  1.9 2056  0.2
20  We        116 0347  1.9 0928  0.4 1609  1.9 2154  0.2
21  Th        116 0447  1.9 1029  0.4 1707  1.9 2253  0.2
22  Fr        116 0543  1.9 1128  0.4 1804  1.9 2349  0.2
23  Sa        116 0637  1.9 1224  0.3 1858  1.9 9999  9.9
24  Su        116 0043  0.2 0729  2.0 1316  0.3 1949  1.9
25  Mo        116 0133  0.2 0818  2.0 1406  0.3 2039  1.9
26  Tu        116 0221  0.2 0905  2.0 1453  0.3 2126  1.9
27  We        116 0307  0.2 0950  2.0 1538  0.3 2212  1.9
28  Th        116 0351  0.3 1035  2.0 1621  0.3 2257  1.8
29  Fr        116 0433  0.3 1118  1.9 1702  0.4 2340  1.8
30  Sa        116 0515  0.4 1159  1.9 1743  0.4 9999  9.9
31  Su        116 0024  1.7 0557  0.4 1241  1.8 1824  0.4
 1  Mo        216 0109  1.7 0641  0.5 1322  1.8 1907  0.5
 2  Tu        216 0156  1.7 0727  0.5 1405  1.7 1952  0.5
 3  We        216 0247  1.7 0818  0.6 1452  1.7 2041  0.5
 4  Th        216 0341  1.7 0912  0.6 1546  1.7 2133  0.5
 5  Fr        216 0436  1.7 1008  0.6 1643  1.7 2228  0.4
 6  Sa        216 0529  1.8 1104  0.5 1740  1.7 2323  0.4
 7  Su        216 0621  1.8 1158  0.4 1834  1.8 9999  9.9
 8  Mo        216 0016  0.3 0711  1.9 1250  0.3 1927  1.9
 9  Tu        216 0108  0.2 0759  2.0 1341  0.2 2018  1.9
10  We        216 0159  0.1 0848  2.1 1431  0.1 2108  2.0
11  Th        216 0250  0.1 0936  2.1 1521  0.1 2158  2.0
12  Fr        216 0340  0.0 1025  2.1 1610  0.0 2248  2.0
13  Sa        216 0431  0.1 1115  2.1 1700  0.0 2340  2.0
14  Su        216 0522  0.1 1206  2.1 1751  0.1 9999  9.9
15  Mo        216 0034  2.0 0616  0.2 1259  2.0 1843  0.1
16  Tu        216 0130  1.9 0711  0.2 1354  2.0 1937  0.2
17  We        216 0228  1.9 0809  0.3 1451  1.9 2034  0.3
18  Th        216 0328  1.9 0909  0.4 1550  1.9 2132  0.3
19  Fr        216 0426  1.9 1009  0.4 1648  1.8 2232  0.3
20  Sa        216 0522  1.9 1108  0.4 1744  1.8 2329  0.3
21  Su        216 0615  1.9 1203  0.4 1838  1.8 9999  9.9
22  Mo        216 0023  0.3 0705  1.9 1254  0.4 1929  1.8
23  Tu        216 0113  0.3 0753  1.9 1342  0.3 2017  1.9
24  We        216 0159  0.3 0839  1.9 1427  0.3 2102  1.9
25  Th        216 0243  0.3 0923  1.9 1510  0.3 2146  1.9
26  Fr        216 0325  0.3 1005  1.9 1550  0.3 2229  1.8
27  Sa        216 0406  0.3 1046  1.9 1629  0.4 2310  1.8
28  Su        216 0446  0.4 1125  1.8 1708  0.4 2351  1.8
29  Mo        216 0526  0.4 1203  1.8 1747  0.4 9999  9.9
 1  Tu        316 0031  1.7 0609  0.5 1241  1.8 1829  0.4
 2  We        316 0114  1.7 0654  0.5 1321  1.7 1915  0.4
 3  Th        316 0201  1.7 0744  0.5 1408  1.7 2004  0.5
 4  Fr        316 0256  1.7 0837  0.5 1503  1.7 2057  0.4
 5  Sa        316 0354  1.7 0934  0.5 1605  1.7 2154  0.4
 6  Su        316 0451  1.8 1031  0.4 1707  1.8 2252  0.3
 7  Mo        316 0546  1.9 1128  0.4 1806  1.8 2349  0.3
 8  Tu        316 0640  1.9 1223  0.3 1902  1.9 9999  9.9
 9  We        316 0044  0.2 0731  2.0 1316  0.2 1955  2.0
10  Th        316 0138  0.1 0822  2.1 1407  0.1 2047  2.1
11  Fr        316 0230  0.0 0913  2.1 1458  0.0 2138  2.1
12  Sa        316 0321  0.0 1004  2.2 1548  0.0 2230  2.1
13  Su        316 0413  0.0 1055  2.1 1639  0.0 2322  2.1
14  Mo        316 0505  0.1 1146  2.1 1729  0.1 9999  9.9
15  Tu        316 0016  2.0 0558  0.2 1240  2.0 1821  0.1
16  We        316 0111  2.0 0653  0.2 1335  1.9 1915  0.2
17  Th        316 0208  1.9 0750  0.3 1432  1.9 2011  0.3
18  Fr        316 0306  1.9 0848  0.4 1530  1.8 2110  0.4
19  Sa        316 0402  1.8 0948  0.4 1628  1.8 2210  0.4
20  Su        316 0457  1.8 1045  0.4 1723  1.8 2308  0.4
21  Mo        316 0549  1.8 1139  0.4 1816  1.8 9999  9.9
22  Tu        316 0001  0.4 0638  1.9 1229  0.4 1905  1.8
23  We        316 0050  0.4 0725  1.9 1316  0.4 1952  1.8
24  Th        316 0136  0.4 0810  1.9 1358  0.4 2037  1.9
25  Fr        316 0218  0.4 0854  1.9 1439  0.3 2120  1.9
26  Sa        316 0258  0.4 0935  1.9 1517  0.3 2201  1.9
27  Su        316 0338  0.4 1015  1.8 1555  0.4 2241  1.8
28  Mo        316 0417  0.4 1053  1.8 1634  0.4 2320  1.8
29  Tu        316 0458  0.4 1130  1.8 1714  0.4 2359  1.8
30  We        316 0540  0.4 1207  1.7 1757  0.4 9999  9.9
31  Th        316 0040  1.8 0626  0.5 1249  1.7 1843  0.4
 1  Fr        416 0126  1.7 0715  0.5 1336  1.7 1932  0.4
 2  Sa        416 0218  1.7 0808  0.5 1431  1.7 2027  0.4
 3  Su        416 0317  1.8 0904  0.4 1534  1.7 2125  0.4
 4  Mo        416 0416  1.8 1002  0.4 1638  1.8 2224  0.3
 5  Tu        416 0514  1.9 1100  0.3 1739  1.9 2324  0.3
 6  We        416 0610  2.0 1156  0.2 1837  2.0 9999  9.9
 7  Th        416 0021  0.2 0704  2.0 1250  0.1 1932  2.0
 8  Fr        416 0116  0.1 0757  2.1 1343  0.0 2025  2.1
 9  Sa        416 0210  0.0 0849  2.1 1435  0.0 2118  2.2
10  Su        416 0302  0.0 0941  2.1 1526  0.0 2210  2.2
11  Mo        416 0354  0.0 1033  2.1 1616  0.0 2302  2.1
12  Tu        416 0446  0.1 1126  2.1 1707  0.1 2356  2.1
13  We        416 0539  0.2 1219  2.0 1759  0.2 9999  9.9
14  Th        416 0050  2.0 0633  0.3 1314  1.9 1852  0.3
15  Fr        416 0145  1.9 0729  0.3 1410  1.8 1947  0.4
16  Sa        416 0241  1.9 0825  0.4 1507  1.8 2045  0.4
17  Su        416 0335  1.8 0923  0.4 1604  1.7 2145  0.5
18  Mo        416 0429  1.8 1019  0.5 1658  1.7 2243  0.5
19  Tu        416 0519  1.8 1111  0.4 1750  1.8 2336  0.5
20  We        416 0608  1.8 1200  0.4 1839  1.8 9999  9.9
21  Th        416 0024  0.5 0655  1.8 1245  0.4 1925  1.8
22  Fr        416 0109  0.4 0739  1.8 1326  0.4 2009  1.9
23  Sa        416 0150  0.4 0823  1.8 1406  0.4 2052  1.9
24  Su        416 0230  0.4 0904  1.8 1444  0.3 2133  1.9
25  Mo        416 0310  0.4 0944  1.8 1523  0.3 2213  1.9
26  Tu        416 0350  0.4 1022  1.8 1603  0.3 2252  1.8
27  We        416 0432  0.4 1101  1.8 1644  0.3 2331  1.8
28  Th        416 0515  0.4 1141  1.7 1728  0.3 9999  9.9
29  Fr        416 0013  1.8 0602  0.4 1224  1.7 1815  0.4
30  Sa        416 0059  1.8 0651  0.4 1313  1.7 1906  0.4
 1  Su        516 0151  1.8 0743  0.4 1408  1.7 2001  0.4
 2  Mo        516 0247  1.8 0838  0.3 1510  1.8 2059  0.4
 3  Tu        516 0346  1.9 0936  0.3 1614  1.8 2200  0.3
 4  We        516 0444  1.9 1033  0.2 1716  1.9 2300  0.3
 5  Th        516 0542  2.0 1130  0.1 1814  2.0 2359  0.2
 6  Fr        516 0638  2.0 1225  0.1 1910  2.1 9999  9.9
 7  Sa        516 0055  0.1 0732  2.1 1319  0.0 2004  2.1
 8  Su        516 0149  0.1 0826  2.1 1411  0.0 2057  2.2
 9  Mo        516 0242  0.1 0919  2.1 1503  0.0 2149  2.2
10  Tu        516 0335  0.1 1011  2.1 1553  0.0 2241  2.1
11  We        516 0427  0.1 1104  2.0 1644  0.1 2333  2.1
12  Th        516 0519  0.2 1157  1.9 1735  0.2 9999  9.9
13  Fr        516 0026  2.0 0611  0.3 1251  1.9 1827  0.3
14  Sa        516 0119  1.9 0704  0.3 1345  1.8 1921  0.4
15  Su        516 0212  1.9 0758  0.4 1441  1.8 2017  0.5
16  Mo        516 0304  1.8 0852  0.4 1536  1.7 2115  0.5
17  Tu        516 0356  1.8 0946  0.5 1629  1.7 2212  0.5
18  We        516 0446  1.8 1037  0.5 1720  1.7 2305  0.5
19  Th        516 0534  1.8 1125  0.4 1809  1.8 2353  0.5
20  Fr        516 0621  1.8 1209  0.4 1855  1.8 9999  9.9
21  Sa        516 0038  0.5 0707  1.8 1251  0.4 1940  1.8
22  Su        516 0120  0.5 0750  1.8 1331  0.4 2023  1.9
23  Mo        516 0200  0.4 0833  1.8 1412  0.3 2104  1.9
24  Tu        516 0242  0.4 0914  1.8 1453  0.3 2145  1.9
25  We        516 0323  0.4 0955  1.8 1535  0.3 2225  1.9
26  Th        516 0407  0.4 1036  1.8 1618  0.3 2306  1.9
27  Fr        516 0452  0.3 1119  1.8 1704  0.3 2350  1.9
28  Sa        516 0539  0.3 1204  1.8 1752  0.3 9999  9.9
29  Su        516 0037  1.9 0628  0.3 1254  1.8 1843  0.3
30  Mo        516 0128  1.9 0720  0.3 1350  1.8 1938  0.3
31  Tu        516 0223  1.9 0814  0.2 1450  1.8 2036  0.3
 1  We        616 0320  1.9 0911  0.2 1553  1.9 2137  0.3
 2  Th        616 0419  1.9 1008  0.2 1654  1.9 2238  0.3
 3  Fr        616 0517  2.0 1106  0.1 1753  2.0 2337  0.2
 4  Sa        616 0614  2.0 1202  0.1 1849  2.1 9999  9.9
 5  Su        616 0034  0.2 0709  2.0 1256  0.0 1943  2.1
 6  Mo        616 0129  0.1 0804  2.0 1349  0.0 2035  2.1
 7  Tu        616 0222  0.1 0857  2.0 1440  0.0 2127  2.1
 8  We        616 0314  0.1 0949  2.0 1531  0.1 2218  2.1
 9  Th        616 0405  0.2 1041  2.0 1620  0.1 2309  2.1
10  Fr        616 0455  0.2 1132  1.9 1710  0.2 2359  2.0
11  Sa        616 0545  0.3 1224  1.8 1800  0.3 9999  9.9
12  Su        616 0049  1.9 0635  0.3 1316  1.8 1851  0.4
13  Mo        616 0139  1.9 0725  0.4 1409  1.7 1943  0.5
14  Tu        616 0229  1.8 0816  0.4 1502  1.7 2037  0.6
15  We        616 0319  1.8 0906  0.5 1555  1.7 2133  0.6
16  Th        616 0409  1.7 0956  0.5 1646  1.7 2226  0.6
17  Fr        616 0457  1.7 1044  0.5 1736  1.8 2316  0.6
18  Sa        616 0545  1.7 1129  0.4 1823  1.8 9999  9.9
19  Su        616 0002  0.5 0632  1.7 1214  0.4 1909  1.8
20  Mo        616 0046  0.5 0718  1.8 1257  0.4 1953  1.9
21  Tu        616 0130  0.4 0802  1.8 1341  0.3 2035  1.9
22  We        616 0214  0.4 0846  1.8 1425  0.3 2117  1.9
23  Th        616 0258  0.3 0929  1.8 1509  0.2 2200  1.9
24  Fr        616 0343  0.3 1013  1.8 1555  0.2 2243  2.0
25  Sa        616 0429  0.3 1059  1.8 1642  0.2 2328  2.0
26  Su        616 0517  0.2 1147  1.8 1732  0.2 9999  9.9
27  Mo        616 0016  2.0 0606  0.2 1238  1.8 1823  0.3
28  Tu        616 0107  1.9 0658  0.2 1333  1.8 1918  0.3
29  We        616 0201  1.9 0752  0.2 1432  1.9 2016  0.3
30  Th        616 0258  1.9 0847  0.2 1533  1.9 2116  0.3
 1  Fr        716 0356  1.9 0945  0.2 1634  1.9 2218  0.3
 2  Sa        716 0455  1.9 1043  0.1 1733  2.0 2317  0.3
 3  Su        716 0553  2.0 1140  0.1 1828  2.0 9999  9.9
 4  Mo        716 0015  0.2 0649  2.0 1235  0.1 1922  2.1
 5  Tu        716 0109  0.2 0743  2.0 1328  0.1 2014  2.1
 6  We        716 0202  0.2 0836  2.0 1419  0.1 2104  2.1
 7  Th        716 0253  0.2 0927  2.0 1508  0.1 2153  2.1
 8  Fr        716 0342  0.2 1017  1.9 1556  0.2 2242  2.0
 9  Sa        716 0430  0.2 1106  1.9 1644  0.3 2329  2.0
10  Su        716 0517  0.3 1155  1.8 1731  0.3 9999  9.9
11  Mo        716 0016  1.9 0603  0.3 1244  1.8 1818  0.4
12  Tu        716 0103  1.9 0648  0.4 1334  1.7 1906  0.5
13  We        716 0150  1.8 0734  0.4 1425  1.7 1956  0.6
14  Th        716 0238  1.7 0821  0.5 1517  1.7 2048  0.6
15  Fr        716 0327  1.7 0909  0.5 1609  1.7 2141  0.6
16  Sa        716 0417  1.7 0958  0.5 1659  1.7 2233  0.6
17  Su        716 0507  1.7 1048  0.4 1748  1.8 2324  0.5
18  Mo        716 0557  1.7 1137  0.4 1835  1.8 9999  9.9
19  Tu        716 0012  0.5 0645  1.8 1224  0.3 1921  1.9
20  We        716 0059  0.4 0733  1.8 1312  0.3 2005  1.9
21  Th        716 0146  0.3 0819  1.8 1359  0.2 2050  2.0
22  Fr        716 0232  0.3 0906  1.9 1446  0.2 2134  2.0
23  Sa        716 0319  0.2 0952  1.9 1534  0.2 2220  2.0
24  Su        716 0406  0.2 1040  1.9 1622  0.2 2307  2.0
25  Mo        716 0455  0.1 1129  1.9 1713  0.2 2356  2.0
26  Tu        716 0544  0.1 1221  1.9 1805  0.2 9999  9.9
27  We        716 0047  2.0 0636  0.1 1316  1.9 1900  0.2
28  Th        716 0141  2.0 0729  0.2 1415  1.9 1957  0.3
29  Fr        716 0238  1.9 0825  0.2 1515  1.9 2057  0.3
30  Sa        716 0337  1.9 0923  0.2 1615  1.9 2158  0.3
31  Su        716 0436  1.9 1021  0.2 1713  2.0 2258  0.3
 1  Mo        816 0534  1.9 1119  0.2 1809  2.0 2355  0.3
 2  Tu        816 0630  1.9 1215  0.2 1901  2.0 9999  9.9
 3  We        816 0050  0.3 0724  1.9 1308  0.2 1952  2.0
 4  Th        816 0141  0.2 0815  1.9 1358  0.2 2040  2.0
 5  Fr        816 0230  0.2 0904  1.9 1446  0.2 2127  2.0
 6  Sa        816 0317  0.2 0952  1.9 1532  0.2 2213  2.0
 7  Su        816 0402  0.3 1038  1.9 1617  0.3 2258  2.0
 8  Mo        816 0445  0.3 1124  1.8 1700  0.4 2341  1.9
 9  Tu        816 0527  0.3 1209  1.8 1744  0.4 9999  9.9
10  We        816 0025  1.8 0609  0.4 1256  1.7 1829  0.5
11  Th        816 0108  1.8 0652  0.4 1343  1.7 1915  0.5
12  Fr        816 0152  1.7 0736  0.5 1434  1.7 2005  0.6
13  Sa        816 0239  1.7 0824  0.5 1526  1.7 2057  0.6
14  Su        816 0331  1.7 0914  0.5 1619  1.7 2151  0.6
15  Mo        816 0426  1.7 1007  0.5 1710  1.8 2245  0.5
16  Tu        816 0520  1.7 1101  0.4 1800  1.8 2338  0.5
17  We        816 0613  1.8 1153  0.3 1848  1.9 9999  9.9
18  Th        816 0029  0.4 0704  1.8 1244  0.3 1935  2.0
19  Fr        816 0118  0.3 0754  1.9 1335  0.2 2022  2.0
20  Sa        816 0207  0.2 0843  2.0 1424  0.1 2109  2.1
21  Su        816 0255  0.1 0931  2.0 1514  0.1 2156  2.1
22  Mo        816 0344  0.0 1020  2.0 1604  0.1 2245  2.1
23  Tu        816 0433  0.0 1111  2.0 1655  0.1 2335  2.1
24  We        816 0523  0.0 1203  2.0 1747  0.2 9999  9.9
25  Th        816 0027  2.0 0614  0.1 1259  2.0 1842  0.2
26  Fr        816 0122  2.0 0707  0.1 1357  1.9 1939  0.3
27  Sa        816 0219  1.9 0803  0.2 1456  1.9 2038  0.3
28  Su        816 0319  1.9 0901  0.3 1556  1.9 2139  0.4
29  Mo        816 0418  1.8 1001  0.3 1653  1.9 2239  0.4
30  Tu        816 0517  1.8 1100  0.3 1747  1.9 2336  0.3
31  We        816 0612  1.9 1156  0.3 1839  2.0 9999  9.9
 1  Th        916 0029  0.3 0704  1.9 1248  0.3 1928  2.0
 2  Fr        916 0119  0.3 0754  1.9 1337  0.3 2015  2.0
 3  Sa        916 0205  0.3 0841  1.9 1423  0.3 2100  2.0
 4  Su        916 0250  0.3 0926  1.9 1507  0.3 2144  2.0
 5  Mo        916 0332  0.3 1010  1.9 1549  0.3 2226  1.9
 6  Tu        916 0412  0.3 1053  1.9 1631  0.4 2307  1.9
 7  We        916 0452  0.3 1135  1.8 1712  0.4 2346  1.8
 8  Th        916 0532  0.4 1218  1.8 1754  0.5 9999  9.9
 9  Fr        916 0025  1.8 0613  0.4 1301  1.7 1839  0.5
10  Sa        916 0106  1.7 0656  0.4 1348  1.7 1927  0.5
11  Su        916 0151  1.7 0743  0.5 1440  1.7 2019  0.6
12  Mo        916 0244  1.7 0835  0.5 1535  1.7 2114  0.5
13  Tu        916 0344  1.7 0930  0.4 1630  1.8 2210  0.5
14  We        916 0444  1.7 1027  0.4 1723  1.8 2305  0.4
15  Th        916 0542  1.8 1124  0.3 1815  1.9 2359  0.3
16  Fr        916 0637  1.9 1218  0.2 1905  2.0 9999  9.9
17  Sa        916 0051  0.2 0729  2.0 1311  0.1 1955  2.1
18  Su        916 0141  0.1 0820  2.0 1403  0.1 2044  2.1
19  Mo        916 0231  0.0 0911  2.1 1454  0.0 2133  2.1
20  Tu        916 0321  0.0 1001  2.1 1545  0.0 2224  2.1
21  We        916 0411  0.0 1052  2.1 1637  0.1 2315  2.1
22  Th        916 0501  0.0 1145  2.1 1729  0.1 9999  9.9
23  Fr        916 0008  2.0 0552  0.1 1240  2.0 1824  0.2
24  Sa        916 0103  2.0 0645  0.2 1338  2.0 1920  0.3
25  Su        916 0201  1.9 0741  0.2 1436  1.9 2019  0.3
26  Mo        916 0300  1.8 0839  0.3 1534  1.9 2119  0.4
27  Tu        916 0400  1.8 0940  0.4 1631  1.9 2218  0.4
28  We        916 0458  1.8 1040  0.4 1724  1.9 2314  0.4
29  Th        916 0552  1.8 1136  0.4 1814  1.9 9999  9.9
30  Fr        916 0006  0.3 0643  1.8 1227  0.3 1902  1.9
 1  Sa       1016 0054  0.3 0731  1.9 1315  0.3 1948  1.9
 2  Su       1016 0139  0.3 0817  1.9 1359  0.3 2032  1.9
 3  Mo       1016 0221  0.3 0900  1.9 1442  0.3 2114  1.9
 4  Tu       1016 0301  0.3 0943  1.9 1522  0.3 2155  1.9
 5  We       1016 0340  0.3 1024  1.9 1602  0.4 2234  1.8
 6  Th       1016 0418  0.3 1104  1.8 1642  0.4 2311  1.8
 7  Fr       1016 0457  0.3 1144  1.8 1724  0.4 2348  1.7
 8  Sa       1016 0538  0.4 1224  1.8 1808  0.5 9999  9.9
 9  Su       1016 0028  1.7 0622  0.4 1308  1.8 1855  0.5
10  Mo       1016 0113  1.7 0709  0.4 1357  1.7 1947  0.5
11  Tu       1016 0206  1.7 0801  0.4 1453  1.8 2041  0.5
12  We       1016 0307  1.7 0858  0.4 1551  1.8 2138  0.4
13  Th       1016 0411  1.7 0957  0.4 1648  1.9 2234  0.3
14  Fr       1016 0513  1.8 1056  0.3 1743  1.9 2330  0.2
15  Sa       1016 0611  1.9 1153  0.2 1836  2.0 9999  9.9
16  Su       1016 0024  0.1 0706  2.0 1249  0.1 1928  2.1
17  Mo       1016 0117  0.0 0758  2.1 1342  0.1 2020  2.1
18  Tu       1016 0208 -0.1 0850  2.2 1435  0.0 2111  2.2
19  We       1016 0259 -0.1 0942  2.2 1527  0.0 2203  2.1
20  Th       1016 0349 -0.1 1034  2.2 1619  0.1 2255  2.1
21  Fr       1016 0439  0.0 1127  2.1 1711  0.1 2349  2.0
22  Sa       1016 0531  0.1 1221  2.1 1805  0.2 9999  9.9
23  Su       1016 0044  1.9 0624  0.2 1317  2.0 1901  0.3
24  Mo       1016 0141  1.9 0719  0.3 1413  1.9 1958  0.4
25  Tu       1016 0239  1.8 0816  0.4 1510  1.9 2056  0.4
26  We       1016 0338  1.8 0917  0.4 1604  1.9 2154  0.4
27  Th       1016 0435  1.8 1017  0.5 1657  1.9 2249  0.4
28  Fr       1016 0529  1.8 1113  0.5 1747  1.9 2340  0.4
29  Sa       1016 0619  1.8 1204  0.4 1834  1.9 9999  9.9
30  Su       1016 0027  0.4 0706  1.8 1251  0.4 1920  1.9
31  Mo       1016 0111  0.3 0751  1.9 1334  0.4 2003  1.9
 1  Tu       1116 0151  0.3 0835  1.9 1416  0.4 2045  1.9
 2  We       1116 0230  0.3 0917  1.9 1456  0.4 2126  1.8
 3  Th       1116 0308  0.3 0957  1.9 1535  0.4 2204  1.8
 4  Fr       1116 0347  0.3 1036  1.9 1615  0.4 2242  1.8
 5  Sa       1116 0426  0.3 1115  1.8 1657  0.4 2320  1.7
 6  Su       1116 0508  0.3 1154  1.8 1741  0.4 9999  9.9
 7  Mo       1116 0000  1.7 0553  0.4 1237  1.8 1828  0.4
 8  Tu       1116 0045  1.7 0641  0.4 1325  1.8 1919  0.4
 9  We       1116 0137  1.7 0733  0.4 1418  1.8 2012  0.4
10  Th       1116 0237  1.7 0829  0.4 1516  1.8 2108  0.3
11  Fr       1116 0342  1.8 0929  0.4 1615  1.9 2206  0.3
12  Sa       1116 0446  1.8 1030  0.3 1713  1.9 2303  0.2
13  Su       1116 0546  1.9 1130  0.2 1809  2.0 2358  0.1
14  Mo       1116 0643  2.0 1227  0.2 1904  2.1 9999  9.9
15  Tu       1116 0053  0.0 0737  2.1 1322  0.1 1958  2.1
16  We       1116 0145 -0.1 0830  2.2 1416  0.1 2051  2.1
17  Th       1116 0237 -0.1 0923  2.2 1508  0.0 2143  2.1
18  Fr       1116 0328 -0.1 1015  2.2 1600  0.1 2236  2.1
19  Sa       1116 0418  0.0 1107  2.2 1653  0.1 2329  2.0
20  Su       1116 0509  0.1 1200  2.1 1745  0.2 9999  9.9
21  Mo       1116 0023  1.9 0601  0.2 1253  2.0 1838  0.3
22  Tu       1116 0118  1.8 0655  0.3 1347  1.9 1933  0.4
23  We       1116 0215  1.8 0750  0.4 1441  1.9 2028  0.4
24  Th       1116 0312  1.7 0849  0.5 1534  1.8 2124  0.4
25  Fr       1116 0407  1.7 0948  0.5 1625  1.8 2218  0.4
26  Sa       1116 0500  1.7 1045  0.5 1715  1.8 2309  0.4
27  Su       1116 0551  1.8 1136  0.5 1803  1.8 2356  0.4
28  Mo       1116 0639  1.8 1223  0.5 1850  1.8 9999  9.9
29  Tu       1116 0039  0.4 0725  1.8 1307  0.5 1934  1.8
30  We       1116 0120  0.3 0808  1.9 1348  0.4 2017  1.8
 1  Th       1216 0159  0.3 0851  1.9 1429  0.4 2059  1.8
 2  Fr       1216 0239  0.3 0931  1.9 1509  0.4 2138  1.8
 3  Sa       1216 0318  0.3 1011  1.9 1550  0.4 2217  1.8
 4  Su       1216 0400  0.3 1050  1.9 1633  0.4 2257  1.8
 5  Mo       1216 0443  0.3 1130  1.9 1717  0.4 2339  1.8
 6  Tu       1216 0528  0.3 1213  1.9 1804  0.3 9999  9.9
 7  We       1216 0025  1.7 0617  0.3 1300  1.9 1854  0.3
 8  Th       1216 0116  1.7 0709  0.3 1352  1.9 1947  0.3
 9  Fr       1216 0215  1.8 0805  0.3 1448  1.9 2042  0.3
10  Sa       1216 0318  1.8 0905  0.3 1547  1.9 2139  0.2
11  Su       1216 0422  1.8 1006  0.3 1646  1.9 2237  0.2
12  Mo       1216 0524  1.9 1107  0.3 1745  2.0 2334  0.1
13  Tu       1216 0622  2.0 1206  0.2 1842  2.0 9999  9.9
14  We       1216 0030  0.0 0717  2.1 1302  0.1 1937  2.1
15  Th       1216 0124  0.0 0811  2.1 1357  0.1 2031  2.1
16  Fr       1216 0216  0.0 0903  2.2 1450  0.1 2124  2.1
17  Sa       1216 0308  0.0 0955  2.2 1541  0.1 2216  2.0
18  Su       1216 0358  0.0 1046  2.1 1632  0.1 2308  2.0
19  Mo       1216 0448  0.1 1137  2.1 1723  0.2 9999  9.9
20  Tu       1216 0000  1.9 0538  0.2 1227  2.0 1813  0.3
21  We       1216 0052  1.8 0629  0.3 1318  1.9 1904  0.3
22  Th       1216 0146  1.8 0721  0.4 1408  1.9 1955  0.4
23  Fr       1216 0240  1.7 0816  0.5 1459  1.8 2047  0.5
24  Sa       1216 0334  1.7 0912  0.6 1550  1.8 2139  0.5
25  Su       1216 0428  1.7 1008  0.6 1640  1.7 2230  0.5
26  Mo       1216 0519  1.7 1102  0.6 1730  1.7 2318  0.5
27  Tu       1216 0609  1.8 1150  0.6 1818  1.7 9999  9.9
28  We       1216 0004  0.4 0656  1.8 1235  0.5 1905  1.8
29  Th       1216 0046  0.4 0741  1.8 1318  0.5 1950  1.8
30  Fr       1216 0128  0.3 0824  1.9 1400  0.4 2033  1.8
31  Sa       1216 0210  0.3 0905  1.9 1442  0.4 2115  1.8
