076Port Taranaki
Based on data from  1-Jul-2011
Local Std Time, tidal heights in metres.
 1  Fr        722 0505  0.8 1106  3.1 1717  0.7 2327  3.2
 2  Sa        722 0543  0.8 1144  3.0 1753  0.8 9999  9.9
 3  Su        722 0003  3.2 0622  0.8 1222  3.0 1830  0.8
 4  Mo        722 0041  3.1 0702  0.8 1302  3.0 1909  0.9
 5  Tu        722 0123  3.1 0744  0.9 1345  2.9 1952  0.9
 6  We        722 0208  3.0 0830  0.9 1433  2.9 2041  1.0
 7  Th        722 0259  3.0 0920  0.9 1526  2.9 2137  1.1
 8  Fr        722 0354  3.0 1015  0.9 1625  2.9 2240  1.1
 9  Sa        722 0453  3.0 1115  0.9 1729  2.9 2347  1.0
10  Su        722 0555  3.0 1218  0.8 1835  3.1 9999  9.9
11  Mo        722 0052  0.9 0657  3.1 1321  0.7 1937  3.2
12  Tu        722 0154  0.7 0759  3.2 1420  0.5 2035  3.4
13  We        722 0252  0.5 0858  3.4 1516  0.4 2130  3.6
14  Th        722 0346  0.4 0955  3.4 1609  0.3 2221  3.7
15  Fr        722 0439  0.3 1048  3.5 1659  0.2 2311  3.7
16  Sa        722 0530  0.3 1140  3.5 1748  0.3 9999  9.9
17  Su        722 0000  3.7 0620  0.3 1230  3.4 1836  0.4
18  Mo        722 0049  3.5 0709  0.5 1319  3.3 1924  0.6
19  Tu        722 0139  3.4 0759  0.6 1408  3.1 2014  0.8
20  We        722 0229  3.2 0849  0.8 1459  3.0 2108  0.9
21  Th        722 0322  3.0 0941  0.9 1554  2.9 2206  1.1
22  Fr        722 0418  2.9 1037  1.0 1656  2.8 2311  1.2
23  Sa        722 0517  2.8 1139  1.1 1802  2.8 9999  9.9
24  Su        722 0016  1.2 0617  2.8 1241  1.1 1904  2.8
25  Mo        722 0116  1.1 0715  2.8 1338  1.0 1957  2.9
26  Tu        722 0207  1.0 0807  2.8 1427  0.9 2042  3.0
27  We        722 0252  0.9 0853  2.9 1509  0.8 2121  3.2
28  Th        722 0332  0.8 0934  3.0 1547  0.7 2157  3.2
29  Fr        722 0409  0.8 1012  3.1 1622  0.7 2231  3.3
30  Sa        722 0445  0.7 1047  3.2 1656  0.6 2305  3.3
31  Su        722 0520  0.6 1122  3.2 1730  0.6 2338  3.3
 1  Mo        822 0556  0.6 1157  3.2 1804  0.6 9999  9.9
 2  Tu        822 0013  3.3 0632  0.6 1233  3.2 1840  0.7
 3  We        822 0050  3.3 0711  0.7 1311  3.1 1920  0.8
 4  Th        822 0131  3.2 0754  0.8 1355  3.0 2006  0.9
 5  Fr        822 0219  3.1 0842  0.8 1446  2.9 2101  1.0
 6  Sa        822 0315  3.0 0938  0.9 1548  2.9 2208  1.1
 7  Su        822 0420  2.9 1042  0.9 1700  2.9 2322  1.1
 8  Mo        822 0531  2.9 1155  0.9 1816  3.0 9999  9.9
 9  Tu        822 0037  0.9 0644  3.0 1306  0.8 1926  3.2
10  We        822 0144  0.8 0752  3.2 1410  0.6 2026  3.4
11  Th        822 0243  0.5 0852  3.3 1505  0.4 2119  3.6
12  Fr        822 0335  0.4 0945  3.5 1555  0.2 2207  3.7
13  Sa        822 0424  0.2 1034  3.6 1642  0.2 2253  3.8
14  Su        822 0511  0.2 1120  3.6 1727  0.2 2337  3.7
15  Mo        822 0555  0.3 1204  3.5 1810  0.3 9999  9.9
16  Tu        822 0020  3.6 0639  0.4 1246  3.4 1853  0.5
17  We        822 0103  3.4 0722  0.6 1328  3.2 1937  0.7
18  Th        822 0147  3.2 0806  0.8 1413  3.0 2025  1.0
19  Fr        822 0235  2.9 0853  1.0 1504  2.8 2120  1.2
20  Sa        822 0328  2.8 0947  1.2 1606  2.7 2226  1.3
21  Su        822 0431  2.6 1053  1.3 1720  2.6 2341  1.3
22  Mo        822 0542  2.6 1207  1.3 1835  2.7 9999  9.9
23  Tu        822 0050  1.2 0651  2.7 1314  1.1 1934  2.8
24  We        822 0145  1.1 0748  2.8 1406  1.0 2020  3.0
25  Th        822 0230  0.9 0834  2.9 1448  0.8 2058  3.2
26  Fr        822 0309  0.8 0913  3.1 1524  0.7 2133  3.3
27  Sa        822 0344  0.7 0949  3.2 1558  0.6 2205  3.4
28  Su        822 0418  0.6 1022  3.3 1630  0.5 2237  3.5
29  Mo        822 0452  0.5 1055  3.4 1702  0.5 2309  3.5
30  Tu        822 0526  0.5 1128  3.4 1736  0.5 2343  3.5
31  We        822 0602  0.5 1203  3.3 1812  0.6 9999  9.9
 1  Th        922 0019  3.4 0640  0.5 1241  3.3 1852  0.7
 2  Fr        922 0100  3.2 0722  0.7 1324  3.1 1939  0.8
 3  Sa        922 0149  3.1 0811  0.8 1417  3.0 2037  1.0
 4  Su        922 0248  2.9 0910  1.0 1523  2.9 2149  1.1
 5  Mo        922 0400  2.8 1022  1.0 1645  2.8 2311  1.1
 6  Tu        922 0522  2.8 1143  1.0 1809  3.0 9999  9.9
 7  We        922 0030  1.0 0641  2.9 1259  0.8 1919  3.2
 8  Th        922 0136  0.7 0748  3.1 1400  0.6 2015  3.4
 9  Fr        922 0231  0.5 0843  3.3 1452  0.4 2104  3.6
10  Sa        922 0319  0.3 0931  3.5 1538  0.2 2148  3.7
11  Su        922 0404  0.2 1014  3.6 1621  0.2 2229  3.7
12  Mo        922 0446  0.2 1055  3.6 1702  0.2 2309  3.7
13  Tu        922 0526  0.3 1133  3.6 1741  0.3 2347  3.5
14  We        922 0605  0.4 1211  3.4 1821  0.5 9999  9.9
15  Th        922 0026  3.3 0644  0.6 1249  3.2 1901  0.8
16  Fr        922 0105  3.1 0723  0.8 1329  3.0 1945  1.0
17  Sa        922 0149  2.9 0806  1.0 1416  2.8 2037  1.2
18  Su        922 0241  2.7 0858  1.2 1517  2.6 2143  1.4
19  Mo        922 0347  2.5 1006  1.3 1637  2.6 2302  1.4
20  Tu        922 0505  2.5 1129  1.4 1800  2.6 9999  9.9
21  We        922 0018  1.3 0621  2.6 1243  1.2 1903  2.8
22  Th        922 0115  1.1 0721  2.8 1337  1.1 1949  3.0
23  Fr        922 0200  0.9 0806  2.9 1418  0.9 2027  3.2
24  Sa        922 0238  0.7 0845  3.1 1454  0.7 2101  3.3
25  Su        922 0313  0.6 0919  3.3 1528  0.5 2133  3.5
26  Mo        922 0347  0.4 0953  3.4 1601  0.4 2206  3.5
27  Tu        922 0421  0.4 1026  3.5 1635  0.4 2239  3.6
28  We        922 0457  0.3 1100  3.5 1710  0.4 2315  3.5
29  Th        922 0534  0.4 1137  3.5 1749  0.5 2354  3.4
30  Fr        922 0615  0.5 1217  3.4 1832  0.6 9999  9.9
 1  Sa       1022 0038  3.3 0700  0.6 1303  3.2 1923  0.8
 2  Su       1022 0131  3.1 0752  0.8 1400  3.0 2026  1.0
 3  Mo       1022 0236  2.9 0855  1.0 1513  2.9 2142  1.1
 4  Tu       1022 0355  2.8 1011  1.1 1639  2.9 2306  1.1
 5  We       1022 0520  2.8 1135  1.0 1801  3.0 9999  9.9
 6  Th       1022 0021  0.9 0636  2.9 1247  0.9 1906  3.2
 7  Fr       1022 0122  0.7 0737  3.1 1345  0.6 1958  3.4
 8  Sa       1022 0213  0.5 0827  3.4 1434  0.4 2043  3.6
 9  Su       1022 0259  0.3 0911  3.5 1517  0.3 2124  3.6
10  Mo       1022 0340  0.2 0951  3.6 1558  0.3 2203  3.6
11  Tu       1022 0419  0.2 1028  3.6 1636  0.3 2240  3.6
12  We       1022 0457  0.3 1104  3.5 1714  0.4 2316  3.4
13  Th       1022 0533  0.5 1138  3.4 1751  0.6 2351  3.2
14  Fr       1022 0609  0.6 1214  3.2 1829  0.8 9999  9.9
15  Sa       1022 0029  3.0 0646  0.8 1252  3.0 1911  1.0
16  Su       1022 0111  2.8 0727  1.0 1337  2.8 2001  1.2
17  Mo       1022 0203  2.7 0817  1.2 1436  2.7 2104  1.3
18  Tu       1022 0308  2.5 0921  1.3 1552  2.6 2218  1.4
19  We       1022 0423  2.5 1040  1.4 1711  2.6 2331  1.3
20  Th       1022 0538  2.6 1156  1.3 1816  2.8 9999  9.9
21  Fr       1022 0031  1.1 0639  2.7 1254  1.1 1905  3.0
22  Sa       1022 0118  0.9 0728  2.9 1339  0.9 1946  3.1
23  Su       1022 0159  0.7 0808  3.1 1418  0.7 2023  3.3
24  Mo       1022 0237  0.6 0845  3.3 1454  0.6 2058  3.5
25  Tu       1022 0314  0.4 0922  3.5 1531  0.4 2135  3.5
26  We       1022 0352  0.3 0959  3.6 1609  0.4 2213  3.6
27  Th       1022 0431  0.3 1037  3.6 1649  0.4 2253  3.5
28  Fr       1022 0513  0.3 1118  3.6 1733  0.4 2338  3.4
29  Sa       1022 0557  0.4 1203  3.4 1822  0.6 9999  9.9
30  Su       1022 0028  3.2 0646  0.6 1254  3.3 1917  0.8
31  Mo       1022 0125  3.0 0741  0.8 1354  3.1 2022  0.9
 1  Tu       1122 0233  2.9 0846  0.9 1507  3.0 2136  1.0
 2  We       1122 0350  2.8 1000  1.0 1627  3.0 2252  1.0
 3  Th       1122 0508  2.8 1118  1.0 1741  3.0 9999  9.9
 4  Fr       1122 0001  0.9 0619  3.0 1227  0.9 1843  3.2
 5  Sa       1122 0100  0.7 0717  3.1 1324  0.7 1934  3.3
 6  Su       1122 0150  0.6 0806  3.3 1412  0.6 2019  3.4
 7  Mo       1122 0235  0.4 0849  3.4 1455  0.5 2059  3.4
 8  Tu       1122 0316  0.4 0927  3.5 1535  0.4 2137  3.4
 9  We       1122 0354  0.4 1004  3.5 1613  0.5 2214  3.4
10  Th       1122 0431  0.5 1039  3.4 1650  0.6 2249  3.3
11  Fr       1122 0506  0.6 1113  3.3 1727  0.7 2325  3.1
12  Sa       1122 0542  0.7 1148  3.2 1805  0.8 9999  9.9
13  Su       1122 0003  3.0 0618  0.8 1226  3.1 1846  1.0
14  Mo       1122 0045  2.9 0658  1.0 1310  2.9 1934  1.1
15  Tu       1122 0134  2.7 0744  1.1 1403  2.8 2029  1.2
16  We       1122 0231  2.6 0840  1.2 1506  2.7 2131  1.3
17  Th       1122 0336  2.6 0945  1.3 1614  2.7 2234  1.2
18  Fr       1122 0442  2.6 1055  1.3 1717  2.8 2334  1.1
19  Sa       1122 0544  2.7 1158  1.2 1811  2.9 9999  9.9
20  Su       1122 0027  1.0 0639  2.9 1251  1.0 1858  3.1
21  Mo       1122 0114  0.8 0726  3.1 1338  0.8 1942  3.2
22  Tu       1122 0159  0.6 0811  3.3 1421  0.6 2024  3.4
23  We       1122 0243  0.4 0853  3.4 1505  0.5 2108  3.5
24  Th       1122 0327  0.3 0936  3.6 1549  0.4 2153  3.5
25  Fr       1122 0412  0.3 1020  3.6 1635  0.4 2240  3.5
26  Sa       1122 0458  0.3 1106  3.6 1724  0.4 2330  3.4
27  Su       1122 0546  0.4 1156  3.5 1816  0.5 9999  9.9
28  Mo       1122 0024  3.3 0637  0.5 1249  3.4 1913  0.6
29  Tu       1122 0122  3.1 0732  0.7 1348  3.3 2014  0.8
30  We       1122 0225  3.0 0833  0.8 1454  3.1 2118  0.8
 1  Th       1222 0332  2.9 0939  1.0 1602  3.1 2225  0.9
 2  Fr       1222 0441  2.9 1050  1.0 1710  3.0 2330  0.9
 3  Sa       1222 0549  2.9 1157  1.0 1811  3.1 9999  9.9
 4  Su       1222 0029  0.8 0649  3.0 1257  0.9 1905  3.1
 5  Mo       1222 0123  0.7 0741  3.1 1348  0.8 1952  3.2
 6  Tu       1222 0210  0.7 0826  3.2 1434  0.7 2036  3.2
 7  We       1222 0253  0.6 0907  3.3 1515  0.7 2116  3.2
 8  Th       1222 0333  0.6 0945  3.3 1555  0.7 2154  3.2
 9  Fr       1222 0411  0.6 1020  3.3 1633  0.7 2232  3.1
10  Sa       1222 0447  0.6 1056  3.3 1710  0.7 2309  3.1
11  Su       1222 0523  0.7 1131  3.2 1748  0.8 2347  3.0
12  Mo       1222 0559  0.8 1208  3.2 1828  0.9 9999  9.9
13  Tu       1222 0027  2.9 0636  0.9 1248  3.1 1910  1.0
14  We       1222 0110  2.9 0717  1.0 1332  3.0 1955  1.0
15  Th       1222 0156  2.8 0802  1.1 1422  2.9 2044  1.1
16  Fr       1222 0247  2.7 0854  1.2 1516  2.8 2137  1.1
17  Sa       1222 0344  2.7 0953  1.2 1614  2.8 2233  1.1
18  Su       1222 0443  2.7 1056  1.2 1711  2.9 2331  1.0
19  Mo       1222 0544  2.8 1159  1.1 1808  3.0 9999  9.9
20  Tu       1222 0028  0.9 0643  3.0 1258  0.9 1902  3.1
21  We       1222 0123  0.7 0738  3.2 1352  0.8 1955  3.2
22  Th       1222 0217  0.6 0830  3.4 1444  0.6 2048  3.3
23  Fr       1222 0308  0.4 0920  3.5 1535  0.4 2141  3.4
24  Sa       1222 0358  0.3 1009  3.6 1626  0.4 2233  3.5
25  Su       1222 0448  0.2 1059  3.7 1717  0.3 2326  3.5
26  Mo       1222 0537  0.3 1149  3.7 1809  0.4 9999  9.9
27  Tu       1222 0018  3.4 0627  0.4 1240  3.6 1902  0.4
28  We       1222 0111  3.3 0718  0.5 1334  3.4 1956  0.6
29  Th       1222 0206  3.2 0812  0.7 1429  3.3 2051  0.7
30  Fr       1222 0302  3.0 0910  0.9 1528  3.1 2149  0.8
31  Sa       1222 0403  2.9 1013  1.0 1629  3.0 2250  0.9
 1  Su        123 0508  2.9 1120  1.1 1731  2.9 2352  1.0
 2  Mo        123 0614  2.9 1226  1.1 1831  2.9 9999  9.9
 3  Tu        123 0052  0.9 0715  2.9 1324  1.0 1927  2.9
 4  We        123 0147  0.9 0807  3.0 1415  0.9 2017  2.9
 5  Th        123 0235  0.8 0851  3.1 1500  0.9 2102  3.0
 6  Fr        123 0318  0.8 0931  3.2 1541  0.8 2142  3.0
 7  Sa        123 0357  0.7 1007  3.3 1619  0.8 2220  3.1
 8  Su        123 0433  0.7 1042  3.3 1656  0.7 2257  3.1
 9  Mo        123 0507  0.7 1116  3.3 1731  0.7 2332  3.1
10  Tu        123 0540  0.7 1150  3.3 1807  0.7 9999  9.9
11  We        123 0007  3.1 0614  0.7 1224  3.2 1843  0.8
12  Th        123 0043  3.0 0649  0.8 1301  3.1 1921  0.8
13  Fr        123 0121  3.0 0727  0.9 1341  3.1 2002  0.9
14  Sa        123 0203  2.9 0810  1.0 1426  3.0 2048  1.0
15  Su        123 0251  2.8 0902  1.1 1518  2.9 2140  1.0
16  Mo        123 0348  2.8 1003  1.2 1617  2.9 2239  1.0
17  Tu        123 0454  2.8 1112  1.2 1722  2.9 2346  1.0
18  We        123 0605  2.9 1224  1.1 1829  3.0 9999  9.9
19  Th        123 0054  0.9 0714  3.1 1331  0.9 1935  3.1
20  Fr        123 0158  0.7 0815  3.3 1431  0.7 2037  3.2
21  Sa        123 0255  0.5 0909  3.5 1525  0.5 2134  3.4
22  Su        123 0347  0.3 1000  3.7 1617  0.3 2226  3.5
23  Mo        123 0436  0.2 1048  3.8 1706  0.2 2316  3.6
24  Tu        123 0524  0.2 1136  3.8 1754  0.2 9999  9.9
25  We        123 0004  3.6 0610  0.2 1223  3.7 1842  0.3
26  Th        123 0051  3.5 0657  0.4 1310  3.5 1929  0.4
27  Fr        123 0138  3.3 0745  0.6 1358  3.3 2018  0.6
28  Sa        123 0227  3.1 0836  0.8 1449  3.1 2108  0.8
29  Su        123 0320  2.9 0933  1.0 1545  2.9 2204  1.0
30  Mo        123 0422  2.8 1039  1.2 1647  2.7 2309  1.1
31  Tu        123 0534  2.7 1152  1.3 1755  2.7 9999  9.9
 1  We        223 0020  1.2 0648  2.7 1301  1.2 1903  2.7
 2  Th        223 0126  1.1 0748  2.9 1358  1.1 2002  2.8
 3  Fr        223 0219  1.0 0836  3.0 1445  1.0 2049  2.9
 4  Sa        223 0303  0.9 0916  3.1 1525  0.9 2130  3.0
 5  Su        223 0341  0.8 0951  3.2 1602  0.7 2206  3.1
 6  Mo        223 0415  0.7 1024  3.3 1636  0.7 2239  3.2
 7  Tu        223 0447  0.6 1055  3.4 1709  0.6 2311  3.2
 8  We        223 0518  0.6 1126  3.4 1741  0.6 2343  3.2
 9  Th        223 0549  0.6 1157  3.4 1814  0.6 9999  9.9
10  Fr        223 0015  3.2 0621  0.7 1229  3.3 1849  0.7
11  Sa        223 0048  3.2 0656  0.8 1305  3.2 1926  0.7
12  Su        223 0126  3.1 0735  0.9 1346  3.1 2008  0.8
13  Mo        223 0210  3.0 0823  1.0 1435  3.0 2058  1.0
14  Tu        223 0305  2.8 0924  1.1 1537  2.8 2200  1.0
15  We        223 0416  2.8 1040  1.2 1650  2.8 2315  1.1
16  Th        223 0538  2.8 1202  1.1 1810  2.8 9999  9.9
17  Fr        223 0035  1.0 0658  3.0 1317  0.9 1925  3.0
18  Sa        223 0145  0.7 0803  3.3 1419  0.7 2030  3.2
19  Su        223 0243  0.5 0857  3.5 1513  0.4 2124  3.4
20  Mo        223 0334  0.3 0946  3.7 1602  0.2 2213  3.6
21  Tu        223 0421  0.1 1031  3.8 1648  0.1 2258  3.7
22  We        223 0505  0.1 1115  3.8 1733  0.1 2342  3.7
23  Th        223 0548  0.2 1158  3.7 1816  0.2 9999  9.9
24  Fr        223 0024  3.5 0631  0.3 1241  3.5 1859  0.4
25  Sa        223 0106  3.4 0715  0.6 1324  3.3 1942  0.6
26  Su        223 0149  3.1 0801  0.8 1410  3.0 2027  0.9
27  Mo        223 0237  2.9 0853  1.1 1501  2.8 2119  1.1
28  Tu        223 0335  2.7 0957  1.3 1602  2.6 2223  1.3
 1  We        323 0451  2.6 1115  1.4 1717  2.5 2343  1.3
 2  Th        323 0617  2.6 1234  1.3 1837  2.6 9999  9.9
 3  Fr        323 0101  1.3 0724  2.8 1335  1.2 1942  2.7
 4  Sa        323 0158  1.1 0813  2.9 1422  1.0 2029  2.8
 5  Su        323 0241  0.9 0851  3.1 1502  0.9 2108  3.0
 6  Mo        323 0317  0.8 0925  3.2 1536  0.7 2142  3.2
 7  Tu        323 0350  0.6 0957  3.3 1609  0.6 2214  3.3
 8  We        323 0421  0.6 1027  3.4 1641  0.5 2244  3.3
 9  Th        323 0451  0.5 1057  3.4 1712  0.5 2315  3.4
10  Fr        323 0522  0.5 1127  3.4 1744  0.5 2346  3.3
11  Sa        323 0554  0.6 1200  3.4 1819  0.5 9999  9.9
12  Su        323 0019  3.3 0630  0.7 1236  3.3 1856  0.6
13  Mo        323 0057  3.2 0710  0.8 1317  3.1 1939  0.8
14  Tu        323 0142  3.0 0800  1.0 1409  2.9 2031  0.9
15  We        323 0240  2.9 0905  1.1 1515  2.8 2137  1.1
16  Th        323 0356  2.8 1025  1.2 1636  2.7 2258  1.1
17  Fr        323 0525  2.8 1151  1.1 1802  2.8 9999  9.9
18  Sa        323 0022  1.0 0645  3.0 1305  0.9 1917  3.0
19  Su        323 0131  0.8 0747  3.3 1404  0.6 2017  3.2
20  Mo        323 0227  0.5 0839  3.5 1455  0.4 2108  3.5
21  Tu        323 0315  0.3 0925  3.7 1542  0.2 2153  3.6
22  We        323 0400  0.2 1009  3.8 1625  0.1 2236  3.7
23  Th        323 0442  0.2 1050  3.7 1707  0.2 2316  3.7
24  Fr        323 0524  0.2 1130  3.6 1748  0.3 2355  3.5
25  Sa        323 0604  0.4 1210  3.4 1827  0.5 9999  9.9
26  Su        323 0034  3.4 0646  0.6 1251  3.2 1907  0.7
27  Mo        323 0114  3.1 0729  0.9 1334  3.0 1950  0.9
28  Tu        323 0159  2.9 0819  1.1 1423  2.7 2038  1.2
29  We        323 0255  2.7 0921  1.3 1524  2.6 2141  1.3
30  Th        323 0409  2.6 1037  1.4 1640  2.5 2301  1.4
31  Fr        323 0535  2.6 1156  1.3 1801  2.5 9999  9.9
 1  Sa        423 0023  1.3 0645  2.7 1259  1.2 1907  2.7
 2  Su        423 0123  1.2 0735  2.9 1347  1.0 1955  2.8
 3  Mo        423 0207  1.0 0815  3.1 1426  0.9 2035  3.0
 4  Tu        423 0244  0.8 0849  3.2 1502  0.7 2109  3.2
 5  We        423 0317  0.7 0922  3.3 1535  0.6 2142  3.3
 6  Th        423 0349  0.6 0953  3.4 1608  0.5 2213  3.4
 7  Fr        423 0421  0.5 1025  3.4 1642  0.4 2246  3.4
 8  Sa        423 0455  0.5 1058  3.4 1717  0.4 2320  3.4
 9  Su        423 0531  0.5 1135  3.4 1754  0.5 2357  3.3
10  Mo        423 0611  0.6 1215  3.2 1836  0.6 9999  9.9
11  Tu        423 0039  3.2 0657  0.8 1303  3.1 1923  0.8
12  We        423 0129  3.1 0753  1.0 1401  2.9 2019  0.9
13  Th        423 0232  2.9 0902  1.1 1512  2.8 2128  1.1
14  Fr        423 0351  2.9 1020  1.1 1632  2.7 2248  1.1
15  Sa        423 0514  2.9 1138  1.0 1753  2.8 9999  9.9
16  Su        423 0006  1.0 0626  3.1 1246  0.8 1901  3.0
17  Mo        423 0111  0.8 0725  3.3 1343  0.6 1958  3.2
18  Tu        423 0206  0.6 0815  3.5 1432  0.4 2046  3.4
19  We        423 0253  0.4 0900  3.6 1517  0.3 2130  3.6
20  Th        423 0337  0.3 0943  3.6 1600  0.3 2210  3.6
21  Fr        423 0418  0.3 1023  3.6 1640  0.3 2249  3.6
22  Sa        423 0459  0.4 1103  3.4 1720  0.4 2327  3.5
23  Su        423 0539  0.5 1142  3.3 1758  0.6 9999  9.9
24  Mo        423 0005  3.3 0620  0.7 1221  3.1 1837  0.8
25  Tu        423 0045  3.1 0703  0.9 1304  2.9 1918  1.0
26  We        423 0129  2.9 0752  1.1 1354  2.7 2006  1.2
27  Th        423 0223  2.8 0850  1.3 1452  2.6 2103  1.3
28  Fr        423 0330  2.7 0956  1.3 1600  2.5 2214  1.4
29  Sa        423 0444  2.7 1105  1.3 1711  2.6 2328  1.3
30  Su        423 0550  2.7 1207  1.2 1815  2.7 9999  9.9
 1  Mo        523 0031  1.2 0643  2.9 1257  1.0 1907  2.8
 2  Tu        523 0120  1.0 0726  3.0 1341  0.9 1951  3.0
 3  We        523 0201  0.9 0805  3.1 1420  0.7 2030  3.2
 4  Th        523 0239  0.7 0841  3.3 1457  0.6 2106  3.3
 5  Fr        523 0315  0.6 0917  3.4 1535  0.5 2143  3.4
 6  Sa        523 0352  0.5 0955  3.4 1613  0.4 2220  3.5
 7  Su        523 0432  0.5 1035  3.4 1654  0.4 2300  3.5
 8  Mo        523 0514  0.5 1118  3.3 1737  0.5 2343  3.4
 9  Tu        523 0601  0.6 1206  3.2 1823  0.6 9999  9.9
10  We        523 0031  3.3 0653  0.7 1300  3.1 1915  0.7
11  Th        523 0127  3.2 0753  0.9 1402  2.9 2014  0.9
12  Fr        523 0232  3.1 0859  0.9 1510  2.9 2120  1.0
13  Sa        523 0343  3.0 1009  0.9 1622  2.8 2232  1.0
14  Su        523 0455  3.0 1117  0.9 1733  2.9 2343  0.9
15  Mo        523 0600  3.1 1220  0.8 1837  3.1 9999  9.9
16  Tu        523 0046  0.8 0657  3.2 1316  0.6 1933  3.2
17  We        523 0141  0.7 0748  3.3 1406  0.5 2021  3.3
18  Th        523 0229  0.6 0834  3.4 1452  0.5 2105  3.4
19  Fr        523 0314  0.5 0917  3.4 1535  0.4 2147  3.4
20  Sa        523 0356  0.5 0958  3.3 1616  0.5 2226  3.4
21  Su        523 0437  0.6 1038  3.2 1655  0.6 2304  3.3
22  Mo        523 0518  0.7 1118  3.1 1734  0.7 2342  3.2
23  Tu        523 0559  0.8 1159  3.0 1813  0.8 9999  9.9
24  We        523 0022  3.1 0642  0.9 1242  2.9 1853  0.9
25  Th        523 0105  3.0 0728  1.0 1329  2.8 1937  1.1
26  Fr        523 0154  2.9 0819  1.1 1421  2.7 2028  1.2
27  Sa        523 0250  2.8 0913  1.2 1517  2.6 2125  1.3
28  Su        523 0350  2.8 1010  1.2 1617  2.6 2228  1.3
29  Mo        523 0449  2.8 1106  1.1 1716  2.7 2329  1.2
30  Tu        523 0543  2.9 1200  1.0 1811  2.8 9999  9.9
31  We        523 0025  1.1 0632  3.0 1249  0.9 1902  2.9
 1  Th        623 0114  1.0 0717  3.1 1336  0.8 1948  3.1
 2  Fr        623 0200  0.8 0801  3.2 1421  0.6 2032  3.2
 3  Sa        623 0244  0.7 0845  3.3 1506  0.5 2116  3.4
 4  Su        623 0329  0.6 0931  3.3 1551  0.4 2200  3.5
 5  Mo        623 0415  0.5 1019  3.3 1637  0.4 2246  3.5
 6  Tu        623 0503  0.5 1109  3.3 1725  0.4 2335  3.5
 7  We        623 0555  0.5 1202  3.3 1815  0.5 9999  9.9
 8  Th        623 0026  3.4 0649  0.6 1258  3.2 1907  0.6
 9  Fr        623 0122  3.3 0746  0.7 1356  3.1 2003  0.7
10  Sa        623 0222  3.2 0845  0.7 1457  3.0 2104  0.8
11  Su        623 0324  3.2 0946  0.8 1600  3.0 2208  0.9
12  Mo        623 0428  3.1 1048  0.8 1704  3.0 2315  0.9
13  Tu        623 0529  3.1 1149  0.8 1808  3.0 9999  9.9
14  We        623 0018  0.9 0627  3.1 1246  0.8 1906  3.1
15  Th        623 0116  0.8 0720  3.1 1340  0.7 1958  3.2
16  Fr        623 0207  0.8 0810  3.1 1429  0.7 2045  3.2
17  Sa        623 0254  0.7 0856  3.1 1514  0.6 2128  3.3
18  Su        623 0338  0.7 0939  3.1 1556  0.6 2208  3.3
19  Mo        623 0420  0.7 1021  3.1 1636  0.7 2246  3.3
20  Tu        623 0500  0.8 1101  3.1 1714  0.7 2323  3.2
21  We        623 0540  0.8 1141  3.0 1751  0.8 9999  9.9
22  Th        623 0001  3.2 0620  0.9 1221  3.0 1829  0.9
23  Fr        623 0041  3.1 0701  0.9 1302  2.9 1908  0.9
24  Sa        623 0123  3.0 0744  1.0 1345  2.8 1951  1.0
25  Su        623 0208  2.9 0829  1.0 1432  2.8 2038  1.1
26  Mo        623 0258  2.9 0917  1.1 1522  2.7 2131  1.2
27  Tu        623 0350  2.8 1008  1.1 1617  2.7 2229  1.2
28  We        623 0444  2.9 1102  1.0 1715  2.8 2329  1.2
29  Th        623 0539  2.9 1158  1.0 1814  2.9 9999  9.9
30  Fr        623 0029  1.1 0633  3.0 1255  0.9 1911  3.0
