030Port Chalmers
Based on data from  1-Jan-2007
Local Std Time, tidal heights in metres.
 1  Fr        116 0230  0.5 0845  1.8 1500  0.5 2114  1.7
 2  Sa        116 0321  0.5 0936  1.8 1551  0.5 2205  1.7
 3  Su        116 0412  0.5 1027  1.7 1641  0.5 2255  1.7
 4  Mo        116 0504  0.5 1118  1.7 1730  0.5 2343  1.8
 5  Tu        116 0555  0.5 1206  1.8 1816  0.5 9999  9.9
 6  We        116 0030  1.8 0643  0.5 1252  1.8 1900  0.4
 7  Th        116 0115  1.9 0729  0.4 1336  1.8 1943  0.4
 8  Fr        116 0159  1.9 0813  0.4 1419  1.9 2027  0.3
 9  Sa        116 0243  2.0 0857  0.3 1502  1.9 2111  0.3
10  Su        116 0328  2.1 0940  0.3 1547  2.0 2156  0.2
11  Mo        116 0413  2.1 1025  0.2 1633  2.0 2243  0.2
12  Tu        116 0500  2.1 1112  0.2 1722  2.0 2332  0.2
13  We        116 0549  2.1 1200  0.2 1813  2.0 9999  9.9
14  Th        116 0023  0.2 0640  2.1 1252  0.2 1907  2.0
15  Fr        116 0117  0.2 0734  2.1 1347  0.3 2003  2.0
16  Sa        116 0213  0.2 0832  2.0 1445  0.3 2103  2.0
17  Su        116 0313  0.3 0932  2.0 1544  0.3 2203  2.0
18  Mo        116 0414  0.3 1033  2.0 1645  0.3 2303  2.0
19  Tu        116 0516  0.3 1133  2.0 1743  0.2 9999  9.9
20  We        116 0002  2.1 0616  0.3 1230  2.0 1840  0.2
21  Th        116 0059  2.1 0713  0.2 1324  2.0 1933  0.2
22  Fr        116 0152  2.1 0807  0.2 1415  2.1 2025  0.2
23  Sa        116 0243  2.2 0857  0.2 1504  2.1 2115  0.2
24  Su        116 0332  2.1 0944  0.2 1552  2.0 2202  0.2
25  Mo        116 0419  2.1 1029  0.2 1638  2.0 2249  0.2
26  Tu        116 0504  2.1 1114  0.3 1723  1.9 2334  0.3
27  We        116 0547  2.0 1157  0.3 1808  1.9 9999  9.9
28  Th        116 0018  0.4 0630  1.9 1241  0.4 1853  1.8
29  Fr        116 0101  0.4 0713  1.8 1326  0.5 1939  1.8
30  Sa        116 0146  0.5 0758  1.8 1413  0.5 2027  1.7
31  Su        116 0234  0.5 0847  1.7 1502  0.5 2117  1.7
 1  Mo        216 0325  0.6 0940  1.7 1554  0.5 2209  1.7
 2  Tu        216 0419  0.6 1034  1.7 1646  0.5 2301  1.7
 3  We        216 0514  0.6 1127  1.7 1736  0.5 2352  1.8
 4  Th        216 0607  0.5 1216  1.8 1824  0.4 9999  9.9
 5  Fr        216 0041  1.9 0656  0.5 1304  1.8 1911  0.4
 6  Sa        216 0129  1.9 0743  0.4 1349  1.9 1957  0.3
 7  Su        216 0215  2.0 0828  0.3 1435  2.0 2044  0.2
 8  Mo        216 0302  2.1 0913  0.2 1522  2.1 2131  0.2
 9  Tu        216 0349  2.2 0959  0.2 1610  2.1 2220  0.1
10  We        216 0437  2.2 1047  0.1 1700  2.2 2311  0.1
11  Th        216 0527  2.2 1137  0.1 1752  2.2 9999  9.9
12  Fr        216 0003  0.1 0619  2.2 1230  0.1 1846  2.1
13  Sa        216 0058  0.1 0714  2.1 1326  0.2 1944  2.1
14  Su        216 0155  0.2 0812  2.1 1425  0.2 2044  2.1
15  Mo        216 0256  0.2 0914  2.0 1527  0.3 2146  2.0
16  Tu        216 0400  0.3 1017  2.0 1629  0.3 2248  2.0
17  We        216 0503  0.3 1118  2.0 1729  0.3 2348  2.0
18  Th        216 0604  0.3 1215  2.0 1826  0.2 9999  9.9
19  Fr        216 0044  2.1 0700  0.3 1309  2.0 1919  0.2
20  Sa        216 0137  2.1 0751  0.3 1358  2.0 2009  0.2
21  Su        216 0225  2.1 0838  0.3 1445  2.0 2056  0.2
22  Mo        216 0311  2.1 0922  0.3 1529  2.0 2140  0.2
23  Tu        216 0354  2.0 1003  0.3 1612  2.0 2222  0.3
24  We        216 0435  2.0 1043  0.3 1653  1.9 2303  0.3
25  Th        216 0514  1.9 1123  0.4 1734  1.9 2343  0.4
26  Fr        216 0553  1.9 1202  0.4 1815  1.8 9999  9.9
27  Sa        216 0024  0.4 0633  1.8 1244  0.5 1857  1.8
28  Su        216 0106  0.5 0715  1.7 1328  0.5 1942  1.7
29  Mo        216 0152  0.5 0802  1.7 1417  0.6 2031  1.7
 1  Tu        316 0242  0.6 0855  1.7 1509  0.6 2124  1.7
 2  We        316 0337  0.6 0951  1.7 1603  0.6 2219  1.7
 3  Th        316 0434  0.6 1048  1.7 1656  0.5 2314  1.8
 4  Fr        316 0530  0.5 1141  1.8 1748  0.4 9999  9.9
 5  Sa        316 0007  1.9 0622  0.4 1232  1.8 1839  0.4
 6  Su        316 0058  2.0 0711  0.3 1320  2.0 1928  0.3
 7  Mo        316 0147  2.1 0758  0.2 1408  2.1 2017  0.2
 8  Tu        316 0236  2.2 0845  0.2 1457  2.2 2107  0.1
 9  We        316 0325  2.2 0933  0.1 1546  2.2 2158  0.0
10  Th        316 0414  2.3 1023  0.1 1638  2.3 2250  0.0
11  Fr        316 0505  2.3 1114  0.1 1731  2.3 2343  0.0
12  Sa        316 0558  2.2 1209  0.1 1826  2.2 9999  9.9
13  Su        316 0039  0.1 0654  2.1 1306  0.1 1925  2.2
14  Mo        316 0138  0.2 0753  2.1 1406  0.2 2026  2.1
15  Tu        316 0240  0.2 0856  2.0 1509  0.3 2128  2.0
16  We        316 0344  0.3 1000  1.9 1612  0.3 2231  2.0
17  Th        316 0448  0.3 1101  1.9 1713  0.3 2331  2.0
18  Fr        316 0548  0.3 1158  1.9 1809  0.3 9999  9.9
19  Sa        316 0026  2.0 0642  0.3 1250  2.0 1901  0.3
20  Su        316 0117  2.0 0731  0.3 1338  2.0 1949  0.3
21  Mo        316 0203  2.0 0815  0.3 1422  2.0 2033  0.3
22  Tu        316 0246  2.0 0856  0.3 1504  2.0 2115  0.3
23  We        316 0326  2.0 0934  0.3 1544  1.9 2155  0.3
24  Th        316 0405  1.9 1012  0.3 1623  1.9 2233  0.4
25  Fr        316 0442  1.9 1049  0.4 1701  1.9 2311  0.4
26  Sa        316 0519  1.8 1127  0.4 1740  1.8 2350  0.4
27  Su        316 0557  1.8 1207  0.5 1821  1.8 9999  9.9
28  Mo        316 0032  0.5 0638  1.7 1251  0.5 1905  1.8
29  Tu        316 0117  0.5 0725  1.7 1339  0.5 1953  1.7
30  We        316 0207  0.6 0817  1.7 1430  0.6 2046  1.7
31  Th        316 0301  0.6 0914  1.7 1525  0.5 2142  1.8
 1  Fr        416 0358  0.6 1012  1.7 1620  0.5 2239  1.8
 2  Sa        416 0454  0.5 1108  1.8 1714  0.4 2335  1.9
 3  Su        416 0548  0.4 1201  1.9 1807  0.3 9999  9.9
 4  Mo        416 0028  2.0 0639  0.3 1252  2.0 1900  0.2
 5  Tu        416 0120  2.1 0729  0.2 1343  2.1 1952  0.1
 6  We        416 0210  2.2 0819  0.1 1433  2.2 2044  0.0
 7  Th        416 0301  2.3 0908  0.0 1524  2.3 2136  0.0
 8  Fr        416 0352  2.3 1000  0.0 1617  2.3 2230  0.0
 9  Sa        416 0444  2.3 1053  0.0 1711  2.3 2324  0.0
10  Su        416 0538  2.2 1148  0.1 1807  2.3 9999  9.9
11  Mo        416 0021  0.1 0634  2.1 1246  0.1 1906  2.2
12  Tu        416 0120  0.2 0734  2.0 1347  0.2 2006  2.1
13  We        416 0221  0.2 0836  2.0 1449  0.3 2108  2.0
14  Th        416 0325  0.3 0939  1.9 1551  0.3 2209  2.0
15  Fr        416 0427  0.3 1040  1.9 1651  0.3 2308  2.0
16  Sa        416 0525  0.3 1136  1.9 1746  0.3 9999  9.9
17  Su        416 0002  2.0 0617  0.3 1226  1.9 1837  0.3
18  Mo        416 0051  2.0 0704  0.3 1313  1.9 1924  0.3
19  Tu        416 0136  1.9 0747  0.3 1356  1.9 2007  0.3
20  We        416 0218  1.9 0827  0.3 1437  1.9 2048  0.3
21  Th        416 0257  1.9 0904  0.3 1516  1.9 2127  0.4
22  Fr        416 0334  1.9 0941  0.4 1553  1.9 2205  0.4
23  Sa        416 0411  1.9 1018  0.4 1631  1.9 2243  0.4
24  Su        416 0448  1.8 1056  0.4 1710  1.9 2322  0.4
25  Mo        416 0527  1.8 1137  0.4 1751  1.8 9999  9.9
26  Tu        416 0004  0.5 0609  1.8 1221  0.5 1836  1.8
27  We        416 0049  0.5 0656  1.7 1308  0.5 1923  1.8
28  Th        416 0138  0.5 0748  1.7 1359  0.5 2015  1.8
29  Fr        416 0230  0.5 0843  1.7 1452  0.5 2111  1.8
30  Sa        416 0326  0.5 0941  1.8 1548  0.5 2208  1.9
 1  Su        516 0422  0.4 1038  1.8 1643  0.4 2305  1.9
 2  Mo        516 0517  0.4 1133  1.9 1739  0.3 9999  9.9
 3  Tu        516 0000  2.0 0611  0.3 1226  2.0 1834  0.2
 4  We        516 0054  2.1 0703  0.2 1319  2.2 1929  0.1
 5  Th        516 0147  2.2 0754  0.1 1412  2.2 2023  0.0
 6  Fr        516 0239  2.2 0846  0.0 1505  2.3 2117  0.0
 7  Sa        516 0331  2.3 0939  0.0 1558  2.3 2211  0.0
 8  Su        516 0424  2.2 1033  0.0 1653  2.3 2306  0.0
 9  Mo        516 0518  2.2 1129  0.1 1748  2.3 9999  9.9
10  Tu        516 0002  0.1 0614  2.1 1226  0.1 1845  2.2
11  We        516 0100  0.2 0712  2.0 1325  0.2 1943  2.1
12  Th        516 0159  0.3 0813  2.0 1425  0.3 2042  2.0
13  Fr        516 0259  0.3 0913  1.9 1524  0.3 2141  2.0
14  Sa        516 0359  0.4 1012  1.9 1622  0.4 2238  1.9
15  Su        516 0455  0.4 1106  1.9 1716  0.4 2331  1.9
16  Mo        516 0546  0.4 1157  1.9 1806  0.4 9999  9.9
17  Tu        516 0020  1.9 0632  0.4 1243  1.9 1853  0.4
18  We        516 0105  1.9 0715  0.4 1326  1.9 1937  0.4
19  Th        516 0147  1.9 0755  0.4 1407  1.9 2019  0.4
20  Fr        516 0226  1.9 0834  0.4 1446  1.9 2059  0.4
21  Sa        516 0304  1.9 0912  0.4 1525  1.9 2138  0.4
22  Su        516 0342  1.9 0950  0.4 1604  1.9 2217  0.4
23  Mo        516 0421  1.8 1029  0.4 1644  1.9 2257  0.4
24  Tu        516 0501  1.8 1111  0.4 1726  1.9 2339  0.4
25  We        516 0545  1.8 1155  0.4 1811  1.9 9999  9.9
26  Th        516 0024  0.4 0632  1.8 1242  0.4 1859  1.9
27  Fr        516 0112  0.4 0723  1.8 1332  0.4 1949  1.9
28  Sa        516 0203  0.4 0817  1.8 1425  0.4 2044  1.9
29  Su        516 0258  0.4 0913  1.8 1520  0.4 2141  1.9
30  Mo        516 0354  0.4 1011  1.9 1617  0.3 2239  2.0
31  Tu        516 0450  0.3 1108  2.0 1715  0.3 2336  2.0
 1  We        616 0545  0.2 1204  2.1 1813  0.2 9999  9.9
 2  Th        616 0032  2.1 0640  0.2 1259  2.2 1909  0.1
 3  Fr        616 0126  2.2 0734  0.1 1353  2.2 2005  0.1
 4  Sa        616 0220  2.2 0827  0.0 1447  2.3 2100  0.1
 5  Su        616 0312  2.2 0921  0.0 1541  2.3 2154  0.0
 6  Mo        616 0405  2.2 1015  0.0 1635  2.3 2248  0.1
 7  Tu        616 0458  2.2 1109  0.1 1729  2.2 2342  0.1
 8  We        616 0553  2.1 1204  0.1 1823  2.2 9999  9.9
 9  Th        616 0036  0.2 0648  2.0 1300  0.2 1917  2.1
10  Fr        616 0131  0.3 0744  1.9 1355  0.3 2012  2.0
11  Sa        616 0227  0.3 0841  1.9 1451  0.4 2107  1.9
12  Su        616 0323  0.4 0937  1.8 1545  0.4 2202  1.9
13  Mo        616 0417  0.4 1031  1.8 1638  0.4 2254  1.8
14  Tu        616 0508  0.4 1121  1.8 1730  0.5 2344  1.8
15  We        616 0555  0.4 1208  1.8 1818  0.5 9999  9.9
16  Th        616 0030  1.8 0640  0.4 1253  1.8 1905  0.5
17  Fr        616 0114  1.8 0722  0.4 1335  1.9 1948  0.4
18  Sa        616 0155  1.8 0803  0.4 1417  1.9 2030  0.4
19  Su        616 0235  1.9 0843  0.4 1457  1.9 2111  0.4
20  Mo        616 0314  1.9 0923  0.3 1538  2.0 2151  0.4
21  Tu        616 0355  1.9 1004  0.3 1620  2.0 2232  0.4
22  We        616 0437  1.9 1047  0.3 1703  2.0 2315  0.3
23  Th        616 0522  1.9 1132  0.3 1748  2.0 9999  9.9
24  Fr        616 0000  0.3 0609  1.9 1219  0.3 1835  2.0
25  Sa        616 0048  0.4 0659  1.9 1309  0.3 1926  2.0
26  Su        616 0139  0.4 0753  1.9 1402  0.3 2020  2.0
27  Mo        616 0233  0.3 0849  1.9 1457  0.3 2117  2.0
28  Tu        616 0330  0.3 0948  2.0 1556  0.3 2216  2.0
29  We        616 0427  0.3 1047  2.0 1655  0.3 2316  2.0
30  Th        616 0525  0.2 1145  2.1 1755  0.2 9999  9.9
 1  Fr        716 0014  2.1 0622  0.2 1242  2.1 1854  0.2
 2  Sa        716 0109  2.1 0717  0.1 1338  2.2 1951  0.1
 3  Su        716 0203  2.1 0811  0.1 1432  2.3 2045  0.1
 4  Mo        716 0256  2.2 0905  0.1 1525  2.3 2137  0.1
 5  Tu        716 0347  2.2 0957  0.1 1616  2.3 2229  0.1
 6  We        716 0438  2.1 1049  0.1 1707  2.2 2319  0.2
 7  Th        716 0529  2.1 1141  0.2 1757  2.1 9999  9.9
 8  Fr        716 0009  0.2 0620  2.0 1231  0.2 1847  2.0
 9  Sa        716 0059  0.3 0712  1.9 1322  0.3 1937  1.9
10  Su        716 0150  0.4 0804  1.9 1412  0.4 2027  1.9
11  Mo        716 0241  0.4 0856  1.8 1503  0.5 2119  1.8
12  Tu        716 0333  0.5 0949  1.8 1556  0.5 2211  1.8
13  We        716 0425  0.5 1040  1.8 1648  0.5 2303  1.7
14  Th        716 0515  0.5 1129  1.8 1740  0.5 2352  1.8
15  Fr        716 0602  0.5 1217  1.8 1830  0.5 9999  9.9
16  Sa        716 0039  1.8 0647  0.4 1302  1.8 1916  0.5
17  Su        716 0122  1.8 0731  0.4 1346  1.9 2000  0.4
18  Mo        716 0205  1.9 0813  0.3 1429  2.0 2042  0.4
19  Tu        716 0246  1.9 0855  0.3 1511  2.0 2124  0.3
20  We        716 0329  1.9 0938  0.3 1554  2.1 2206  0.3
21  Th        716 0413  2.0 1022  0.2 1639  2.1 2250  0.3
22  Fr        716 0458  2.0 1109  0.2 1725  2.1 2336  0.2
23  Sa        716 0546  2.0 1157  0.2 1813  2.1 9999  9.9
24  Su        716 0024  0.2 0637  2.0 1248  0.2 1904  2.1
25  Mo        716 0116  0.3 0731  2.0 1341  0.2 1959  2.0
26  Tu        716 0211  0.3 0829  2.0 1438  0.3 2057  2.0
27  We        716 0309  0.3 0928  2.0 1538  0.3 2158  2.0
28  Th        716 0409  0.3 1029  2.0 1640  0.3 2259  2.0
29  Fr        716 0509  0.2 1129  2.1 1743  0.3 2358  2.0
30  Sa        716 0607  0.2 1228  2.1 1842  0.2 9999  9.9
31  Su        716 0055  2.1 0704  0.2 1323  2.2 1938  0.2
 1  Mo        816 0148  2.1 0757  0.1 1417  2.2 2030  0.2
 2  Tu        816 0239  2.1 0849  0.1 1508  2.2 2120  0.2
 3  We        816 0328  2.1 0939  0.1 1556  2.2 2207  0.2
 4  Th        816 0416  2.1 1028  0.1 1643  2.1 2253  0.2
 5  Fr        816 0504  2.0 1115  0.2 1729  2.1 2339  0.3
 6  Sa        816 0550  2.0 1200  0.3 1814  2.0 9999  9.9
 7  Su        816 0024  0.3 0637  1.9 1246  0.3 1858  1.9
 8  Mo        816 0110  0.4 0724  1.8 1332  0.4 1944  1.8
 9  Tu        816 0157  0.5 0812  1.8 1420  0.5 2033  1.8
10  We        816 0247  0.5 0903  1.7 1510  0.5 2125  1.7
11  Th        816 0339  0.5 0954  1.7 1604  0.6 2219  1.7
12  Fr        816 0431  0.5 1047  1.7 1700  0.6 2312  1.7
13  Sa        816 0522  0.5 1138  1.8 1753  0.5 9999  9.9
14  Su        816 0002  1.7 0611  0.5 1227  1.8 1842  0.5
15  Mo        816 0049  1.8 0657  0.4 1313  1.9 1928  0.4
16  Tu        816 0134  1.9 0742  0.3 1358  2.0 2011  0.3
17  We        816 0217  2.0 0826  0.3 1443  2.1 2054  0.3
18  Th        816 0302  2.0 0911  0.2 1528  2.1 2138  0.2
19  Fr        816 0347  2.1 0958  0.1 1614  2.2 2223  0.2
20  Sa        816 0435  2.1 1046  0.1 1701  2.2 2311  0.1
21  Su        816 0524  2.1 1135  0.1 1751  2.2 9999  9.9
22  Mo        816 0001  0.2 0616  2.1 1228  0.1 1843  2.1
23  Tu        816 0054  0.2 0712  2.1 1323  0.2 1939  2.1
24  We        816 0151  0.2 0810  2.1 1422  0.2 2039  2.0
25  Th        816 0251  0.2 0911  2.1 1524  0.3 2142  2.0
26  Fr        816 0354  0.3 1014  2.1 1628  0.3 2245  2.0
27  Sa        816 0455  0.2 1115  2.1 1731  0.3 2344  2.0
28  Su        816 0555  0.2 1214  2.1 1830  0.3 9999  9.9
29  Mo        816 0040  2.0 0650  0.2 1309  2.1 1923  0.2
30  Tu        816 0132  2.1 0743  0.2 1400  2.1 2013  0.2
31  We        816 0221  2.1 0832  0.2 1448  2.1 2059  0.2
 1  Th        916 0308  2.1 0919  0.2 1534  2.1 2143  0.2
 2  Fr        916 0353  2.1 1004  0.2 1617  2.1 2225  0.2
 3  Sa        916 0436  2.0 1047  0.2 1659  2.0 2307  0.3
 4  Su        916 0519  2.0 1129  0.3 1740  1.9 2348  0.4
 5  Mo        916 0601  1.9 1211  0.4 1820  1.9 9999  9.9
 6  Tu        916 0030  0.4 0644  1.8 1253  0.4 1903  1.8
 7  We        916 0115  0.5 0729  1.8 1339  0.5 1949  1.7
 8  Th        916 0203  0.5 0817  1.7 1428  0.5 2040  1.7
 9  Fr        916 0254  0.5 0909  1.7 1522  0.6 2136  1.7
10  Sa        916 0348  0.5 1003  1.7 1619  0.6 2232  1.7
11  Su        916 0441  0.5 1058  1.8 1714  0.5 2325  1.7
12  Mo        916 0532  0.5 1150  1.8 1805  0.5 9999  9.9
13  Tu        916 0014  1.8 0622  0.4 1239  1.9 1853  0.4
14  We        916 0102  1.9 0709  0.3 1327  2.0 1939  0.3
15  Th        916 0148  2.0 0757  0.2 1414  2.1 2024  0.2
16  Fr        916 0234  2.1 0844  0.1 1501  2.2 2110  0.1
17  Sa        916 0322  2.2 0933  0.1 1549  2.2 2157  0.1
18  Su        916 0412  2.2 1023  0.0 1638  2.3 2247  0.1
19  Mo        916 0503  2.3 1115  0.0 1730  2.2 2339  0.1
20  Tu        916 0557  2.2 1209  0.1 1824  2.2 9999  9.9
21  We        916 0034  0.1 0653  2.2 1306  0.1 1921  2.1
22  Th        916 0133  0.2 0753  2.1 1406  0.2 2022  2.0
23  Fr        916 0235  0.2 0855  2.1 1510  0.3 2126  2.0
24  Sa        916 0338  0.2 0958  2.1 1615  0.3 2229  2.0
25  Su        916 0441  0.2 1059  2.1 1717  0.3 2329  2.0
26  Mo        916 0540  0.2 1157  2.1 1814  0.3 9999  9.9
27  Tu        916 0023  2.0 0634  0.2 1251  2.1 1905  0.3
28  We        916 0114  2.0 0725  0.2 1340  2.1 1952  0.2
29  Th        916 0201  2.0 0812  0.2 1426  2.1 2036  0.2
30  Fr        916 0245  2.0 0857  0.2 1509  2.0 2117  0.3
 1  Sa       1016 0328  2.0 0939  0.3 1549  2.0 2156  0.3
 2  Su       1016 0409  2.0 1019  0.3 1628  1.9 2235  0.3
 3  Mo       1016 0449  1.9 1059  0.3 1707  1.9 2314  0.4
 4  Tu       1016 0528  1.9 1138  0.4 1745  1.8 2355  0.4
 5  We       1016 0609  1.8 1220  0.5 1826  1.8 9999  9.9
 6  Th       1016 0038  0.5 0652  1.8 1304  0.5 1911  1.7
 7  Fr       1016 0124  0.5 0739  1.8 1352  0.5 2001  1.7
 8  Sa       1016 0215  0.5 0829  1.7 1444  0.6 2056  1.7
 9  Su       1016 0308  0.5 0923  1.8 1540  0.5 2153  1.7
10  Mo       1016 0401  0.5 1019  1.8 1635  0.5 2248  1.7
11  Tu       1016 0454  0.5 1113  1.9 1728  0.4 2340  1.8
12  We       1016 0546  0.4 1206  1.9 1818  0.3 9999  9.9
13  Th       1016 0030  1.9 0637  0.3 1256  2.0 1907  0.2
14  Fr       1016 0119  2.1 0728  0.2 1346  2.1 1954  0.2
15  Sa       1016 0208  2.2 0819  0.1 1436  2.2 2043  0.1
16  Su       1016 0259  2.3 0910  0.0 1525  2.3 2133  0.0
17  Mo       1016 0350  2.3 1002  0.0 1617  2.3 2225  0.0
18  Tu       1016 0443  2.3 1056  0.0 1709  2.2 2319  0.0
19  We       1016 0538  2.3 1151  0.0 1805  2.2 9999  9.9
20  Th       1016 0016  0.1 0636  2.2 1249  0.1 1903  2.1
21  Fr       1016 0115  0.1 0735  2.2 1350  0.2 2005  2.0
22  Sa       1016 0217  0.2 0836  2.1 1453  0.2 2108  2.0
23  Su       1016 0320  0.2 0938  2.1 1556  0.3 2210  2.0
24  Mo       1016 0421  0.3 1039  2.0 1657  0.3 2308  2.0
25  Tu       1016 0519  0.3 1136  2.0 1752  0.3 9999  9.9
26  We       1016 0002  2.0 0613  0.3 1228  2.0 1842  0.3
27  Th       1016 0051  2.0 0703  0.3 1316  2.0 1927  0.3
28  Fr       1016 0137  2.0 0749  0.3 1400  2.0 2009  0.3
29  Sa       1016 0220  2.0 0832  0.3 1442  2.0 2049  0.3
30  Su       1016 0301  2.0 0913  0.3 1521  1.9 2128  0.3
31  Mo       1016 0341  1.9 0952  0.4 1559  1.9 2206  0.3
 1  Tu       1116 0420  1.9 1031  0.4 1636  1.9 2244  0.4
 2  We       1116 0459  1.9 1110  0.4 1715  1.8 2324  0.4
 3  Th       1116 0539  1.9 1151  0.4 1756  1.8 9999  9.9
 4  Fr       1116 0007  0.5 0621  1.8 1234  0.5 1840  1.7
 5  Sa       1116 0052  0.5 0707  1.8 1321  0.5 1929  1.7
 6  Su       1116 0141  0.5 0756  1.8 1411  0.5 2022  1.7
 7  Mo       1116 0232  0.5 0848  1.8 1505  0.5 2118  1.7
 8  Tu       1116 0325  0.5 0943  1.8 1559  0.5 2213  1.8
 9  We       1116 0419  0.4 1039  1.9 1653  0.4 2307  1.9
10  Th       1116 0514  0.4 1134  2.0 1745  0.3 9999  9.9
11  Fr       1116 0000  2.0 0608  0.3 1228  2.0 1837  0.2
12  Sa       1116 0053  2.1 0702  0.2 1320  2.1 1928  0.1
13  Su       1116 0145  2.2 0756  0.1 1412  2.2 2019  0.1
14  Mo       1116 0238  2.3 0849  0.0 1504  2.2 2111  0.0
15  Tu       1116 0331  2.3 0944  0.0 1557  2.3 2205  0.0
16  We       1116 0425  2.3 1038  0.0 1651  2.2 2300  0.0
17  Th       1116 0521  2.3 1134  0.0 1746  2.2 2358  0.1
18  Fr       1116 0617  2.3 1231  0.1 1844  2.1 9999  9.9
19  Sa       1116 0056  0.1 0715  2.2 1331  0.2 1944  2.0
20  Su       1116 0157  0.2 0814  2.1 1431  0.2 2045  2.0
21  Mo       1116 0257  0.2 0914  2.0 1532  0.3 2145  1.9
22  Tu       1116 0356  0.3 1013  2.0 1630  0.3 2242  1.9
23  We       1116 0452  0.3 1108  1.9 1724  0.3 2335  1.9
24  Th       1116 0546  0.4 1200  1.9 1813  0.3 9999  9.9
25  Fr       1116 0024  1.9 0635  0.4 1248  1.9 1858  0.3
26  Sa       1116 0110  1.9 0722  0.4 1332  1.9 1941  0.3
27  Su       1116 0153  1.9 0805  0.4 1413  1.9 2021  0.3
28  Mo       1116 0234  1.9 0847  0.4 1452  1.9 2100  0.3
29  Tu       1116 0314  1.9 0926  0.4 1531  1.9 2138  0.4
30  We       1116 0353  1.9 1005  0.4 1609  1.8 2217  0.4
 1  Th       1216 0432  1.9 1045  0.4 1648  1.8 2258  0.4
 2  Fr       1216 0513  1.9 1125  0.4 1729  1.8 2340  0.4
 3  Sa       1216 0555  1.9 1208  0.4 1814  1.8 9999  9.9
 4  Su       1216 0024  0.4 0639  1.9 1253  0.5 1901  1.8
 5  Mo       1216 0112  0.4 0727  1.9 1341  0.5 1952  1.8
 6  Tu       1216 0201  0.4 0818  1.9 1433  0.5 2047  1.8
 7  We       1216 0254  0.4 0912  1.9 1527  0.4 2142  1.8
 8  Th       1216 0349  0.4 1009  1.9 1622  0.4 2239  1.9
 9  Fr       1216 0445  0.3 1107  2.0 1717  0.3 2335  2.0
10  Sa       1216 0543  0.3 1203  2.0 1811  0.2 9999  9.9
11  Su       1216 0030  2.1 0640  0.2 1258  2.1 1905  0.1
12  Mo       1216 0125  2.2 0737  0.1 1352  2.2 1959  0.1
13  Tu       1216 0220  2.3 0832  0.1 1445  2.2 2053  0.0
14  We       1216 0314  2.3 0927  0.0 1539  2.2 2148  0.0
15  Th       1216 0408  2.3 1021  0.0 1632  2.2 2243  0.0
16  Fr       1216 0503  2.3 1116  0.1 1727  2.2 2339  0.1
17  Sa       1216 0557  2.3 1211  0.1 1823  2.1 9999  9.9
18  Su       1216 0035  0.1 0652  2.2 1307  0.2 1919  2.0
19  Mo       1216 0131  0.2 0748  2.1 1403  0.3 2017  2.0
20  Tu       1216 0228  0.3 0844  2.0 1500  0.3 2114  1.9
21  We       1216 0324  0.3 0940  1.9 1556  0.4 2210  1.9
22  Th       1216 0419  0.4 1035  1.9 1650  0.4 2303  1.9
23  Fr       1216 0513  0.4 1127  1.8 1740  0.4 2353  1.8
24  Sa       1216 0604  0.5 1216  1.8 1826  0.4 9999  9.9
25  Su       1216 0040  1.9 0652  0.5 1301  1.8 1910  0.4
26  Mo       1216 0124  1.9 0737  0.4 1344  1.8 1952  0.4
27  Tu       1216 0206  1.9 0820  0.4 1424  1.8 2032  0.4
28  We       1216 0247  1.9 0900  0.4 1503  1.8 2112  0.4
29  Th       1216 0326  1.9 0940  0.4 1542  1.9 2151  0.4
30  Fr       1216 0406  1.9 1019  0.4 1622  1.9 2232  0.4
31  Sa       1216 0447  2.0 1059  0.4 1704  1.9 2314  0.4
