355Preservation Inlet
Based on data from  1-Jul-2011
Local Std Time, tidal heights in metres.
 1  Th        115 0218  0.8 0832  2.3 1449  0.8 2104  2.3
 2  Fr        115 0317  0.8 0929  2.4 1544  0.7 2159  2.4
 3  Sa        115 0409  0.8 1019  2.4 1634  0.7 2248  2.4
 4  Su        115 0456  0.8 1104  2.5 1718  0.6 2331  2.4
 5  Mo        115 0539  0.8 1145  2.5 1759  0.6 9999  9.9
 6  Tu        115 0012  2.4 0618  0.8 1223  2.5 1838  0.6
 7  We        115 0049  2.4 0655  0.8 1300  2.5 1915  0.7
 8  Th        115 0126  2.4 0731  0.8 1336  2.4 1951  0.7
 9  Fr        115 0201  2.4 0807  0.8 1412  2.4 2028  0.8
10  Sa        115 0237  2.3 0844  0.9 1450  2.3 2106  0.8
11  Su        115 0316  2.3 0924  0.9 1531  2.2 2148  0.9
12  Mo        115 0358  2.2 1009  1.0 1618  2.2 2234  1.0
13  Tu        115 0445  2.2 1100  1.0 1711  2.1 2327  1.0
14  We        115 0540  2.1 1159  1.1 1811  2.1 9999  9.9
15  Th        115 0026  1.0 0640  2.1 1302  1.0 1915  2.1
16  Fr        115 0128  1.0 0742  2.2 1404  1.0 2016  2.2
17  Sa        115 0229  0.9 0841  2.3 1501  0.8 2114  2.3
18  Su        115 0325  0.8 0935  2.4 1554  0.7 2207  2.4
19  Mo        115 0417  0.7 1026  2.5 1643  0.6 2257  2.6
20  Tu        115 0506  0.6 1114  2.7 1732  0.4 2346  2.7
21  We        115 0555  0.5 1203  2.8 1820  0.3 9999  9.9
22  Th        115 0035  2.7 0643  0.4 1251  2.8 1909  0.3
23  Fr        115 0123  2.8 0732  0.4 1341  2.8 2000  0.3
24  Sa        115 0213  2.7 0822  0.5 1432  2.7 2051  0.4
25  Su        115 0304  2.6 0914  0.5 1526  2.6 2145  0.5
26  Mo        115 0358  2.5 1010  0.7 1623  2.5 2242  0.7
27  Tu        115 0455  2.4 1110  0.8 1726  2.4 2344  0.8
28  We        115 0558  2.3 1216  0.9 1833  2.3 9999  9.9
29  Th        115 0050  0.9 0705  2.2 1325  0.9 1943  2.2
30  Fr        115 0158  1.0 0812  2.2 1431  0.9 2049  2.2
31  Sa        115 0300  1.0 0912  2.3 1529  0.8 2145  2.3
 1  Su        215 0354  0.9 1003  2.3 1619  0.8 2233  2.3
 2  Mo        215 0440  0.9 1047  2.4 1701  0.7 2314  2.4
 3  Tu        215 0520  0.8 1126  2.4 1740  0.7 2351  2.4
 4  We        215 0557  0.8 1202  2.5 1815  0.7 9999  9.9
 5  Th        215 0026  2.4 0631  0.8 1236  2.5 1849  0.7
 6  Fr        215 0058  2.4 0704  0.8 1309  2.5 1922  0.7
 7  Sa        215 0131  2.4 0737  0.8 1343  2.4 1956  0.7
 8  Su        215 0204  2.4 0811  0.8 1418  2.4 2031  0.8
 9  Mo        215 0239  2.3 0848  0.9 1456  2.3 2110  0.8
10  Tu        215 0318  2.3 0929  0.9 1539  2.2 2153  0.9
11  We        215 0402  2.2 1016  1.0 1629  2.2 2243  1.0
12  Th        215 0453  2.2 1113  1.0 1728  2.1 2342  1.0
13  Fr        215 0554  2.1 1218  1.0 1834  2.1 9999  9.9
14  Sa        215 0048  1.0 0702  2.2 1327  1.0 1942  2.2
15  Su        215 0155  1.0 0808  2.2 1431  0.8 2046  2.3
16  Mo        215 0257  0.9 0908  2.4 1528  0.7 2143  2.4
17  Tu        215 0353  0.7 1003  2.5 1622  0.5 2236  2.6
18  We        215 0445  0.6 1054  2.7 1712  0.4 2326  2.7
19  Th        215 0535  0.4 1144  2.8 1802  0.3 9999  9.9
20  Fr        215 0015  2.8 0623  0.4 1233  2.9 1851  0.3
21  Sa        215 0103  2.8 0712  0.3 1323  2.9 1940  0.3
22  Su        215 0152  2.8 0802  0.4 1413  2.8 2031  0.4
23  Mo        215 0242  2.7 0853  0.5 1506  2.6 2123  0.6
24  Tu        215 0333  2.5 0947  0.6 1601  2.5 2218  0.7
25  We        215 0429  2.4 1045  0.8 1702  2.3 2318  0.9
26  Th        215 0530  2.3 1150  0.9 1809  2.2 9999  9.9
27  Fr        215 0024  1.0 0638  2.2 1300  1.0 1920  2.1
28  Sa        215 0133  1.0 0747  2.2 1409  1.0 2027  2.1
 1  Su        315 0238  1.0 0850  2.2 1508  0.9 2124  2.2
 2  Mo        315 0333  1.0 0942  2.3 1556  0.9 2211  2.2
 3  Tu        315 0418  0.9 1025  2.3 1638  0.8 2250  2.3
 4  We        315 0457  0.8 1102  2.4 1715  0.7 2325  2.4
 5  Th        315 0532  0.8 1137  2.4 1748  0.7 2358  2.4
 6  Fr        315 0604  0.7 1210  2.5 1821  0.7 9999  9.9
 7  Sa        315 0029  2.4 0636  0.7 1242  2.5 1853  0.7
 8  Su        315 0101  2.4 0708  0.7 1315  2.5 1926  0.7
 9  Mo        315 0133  2.4 0742  0.7 1350  2.4 2001  0.7
10  Tu        315 0208  2.4 0818  0.8 1427  2.4 2039  0.8
11  We        315 0246  2.3 0858  0.8 1510  2.3 2122  0.9
12  Th        315 0329  2.3 0945  0.9 1559  2.2 2211  1.0
13  Fr        315 0420  2.2 1040  1.0 1658  2.2 2310  1.0
14  Sa        315 0521  2.2 1146  1.0 1804  2.2 9999  9.9
15  Su        315 0018  1.0 0630  2.2 1257  0.9 1914  2.2
16  Mo        315 0127  1.0 0740  2.3 1403  0.8 2020  2.3
17  Tu        315 0232  0.9 0843  2.4 1504  0.7 2119  2.4
18  We        315 0330  0.7 0941  2.6 1559  0.5 2213  2.6
19  Th        315 0423  0.5 1034  2.7 1651  0.4 2304  2.7
20  Fr        315 0514  0.4 1124  2.8 1741  0.3 2353  2.8
21  Sa        315 0603  0.3 1214  2.9 1831  0.3 9999  9.9
22  Su        315 0042  2.8 0652  0.3 1304  2.8 1920  0.3
23  Mo        315 0130  2.8 0741  0.4 1354  2.8 2009  0.5
24  Tu        315 0218  2.7 0831  0.5 1445  2.6 2059  0.6
25  We        315 0308  2.5 0923  0.6 1539  2.4 2152  0.8
26  Th        315 0401  2.4 1020  0.8 1637  2.3 2250  0.9
27  Fr        315 0500  2.2 1122  0.9 1740  2.2 2353  1.0
28  Sa        315 0606  2.1 1229  1.0 1848  2.1 9999  9.9
29  Su        315 0101  1.1 0715  2.1 1336  1.0 1954  2.1
30  Mo        315 0206  1.1 0818  2.1 1435  1.0 2051  2.1
31  Tu        315 0301  1.0 0910  2.2 1524  0.9 2138  2.2
 1  We        415 0347  0.9 0954  2.3 1605  0.8 2217  2.3
 2  Th        415 0426  0.9 1032  2.3 1642  0.8 2253  2.3
 3  Fr        415 0501  0.8 1107  2.4 1717  0.7 2326  2.4
 4  Sa        415 0535  0.7 1141  2.4 1751  0.7 2358  2.4
 5  Su        415 0608  0.7 1214  2.5 1824  0.7 9999  9.9
 6  Mo        415 0031  2.5 0641  0.7 1249  2.5 1859  0.7
 7  Tu        415 0106  2.5 0716  0.7 1326  2.4 1936  0.7
 8  We        415 0142  2.4 0754  0.7 1406  2.4 2016  0.8
 9  Th        415 0222  2.4 0836  0.8 1450  2.3 2100  0.9
10  Fr        415 0306  2.3 0924  0.8 1540  2.3 2151  0.9
11  Sa        415 0358  2.3 1020  0.9 1638  2.2 2249  1.0
12  Su        415 0459  2.2 1125  0.9 1743  2.2 2355  1.0
13  Mo        415 0607  2.2 1233  0.9 1851  2.2 9999  9.9
14  Tu        415 0104  0.9 0716  2.3 1339  0.8 1956  2.3
15  We        415 0208  0.8 0820  2.4 1440  0.7 2055  2.5
16  Th        415 0308  0.7 0919  2.6 1537  0.5 2150  2.6
17  Fr        415 0402  0.5 1013  2.7 1630  0.4 2242  2.7
18  Sa        415 0453  0.4 1105  2.8 1721  0.4 2332  2.8
19  Su        415 0543  0.4 1156  2.8 1810  0.4 9999  9.9
20  Mo        415 0020  2.8 0632  0.4 1245  2.8 1859  0.4
21  Tu        415 0108  2.7 0721  0.4 1334  2.7 1947  0.5
22  We        415 0155  2.6 0809  0.5 1424  2.5 2036  0.7
23  Th        415 0243  2.5 0900  0.7 1515  2.4 2126  0.8
24  Fr        415 0334  2.3 0953  0.8 1609  2.3 2219  1.0
25  Sa        415 0428  2.2 1050  0.9 1707  2.2 2318  1.1
26  Su        415 0528  2.1 1151  1.0 1808  2.1 9999  9.9
27  Mo        415 0020  1.1 0632  2.1 1252  1.0 1909  2.1
28  Tu        415 0123  1.1 0733  2.1 1350  1.0 2005  2.1
29  We        415 0219  1.0 0827  2.2 1440  1.0 2054  2.2
30  Th        415 0307  1.0 0914  2.2 1525  0.9 2137  2.3
 1  Fr        515 0349  0.9 0955  2.3 1605  0.8 2216  2.3
 2  Sa        515 0427  0.8 1033  2.4 1643  0.8 2252  2.4
 3  Su        515 0503  0.7 1110  2.4 1720  0.7 2328  2.4
 4  Mo        515 0539  0.7 1147  2.5 1757  0.7 9999  9.9
 5  Tu        515 0004  2.5 0616  0.7 1226  2.5 1836  0.7
 6  We        515 0042  2.5 0655  0.6 1306  2.5 1916  0.7
 7  Th        515 0121  2.5 0736  0.7 1350  2.4 1959  0.8
 8  Fr        515 0204  2.4 0821  0.7 1436  2.4 2045  0.8
 9  Sa        515 0251  2.4 0911  0.7 1528  2.4 2136  0.9
10  Su        515 0344  2.3 1007  0.8 1624  2.3 2234  0.9
11  Mo        515 0443  2.3 1108  0.8 1726  2.3 2337  0.9
12  Tu        515 0549  2.3 1213  0.8 1830  2.3 9999  9.9
13  We        515 0043  0.9 0655  2.4 1317  0.8 1933  2.4
14  Th        515 0147  0.8 0759  2.4 1418  0.7 2033  2.5
15  Fr        515 0247  0.7 0859  2.5 1516  0.6 2129  2.5
16  Sa        515 0342  0.6 0955  2.6 1610  0.5 2222  2.6
17  Su        515 0435  0.5 1048  2.7 1702  0.5 2312  2.7
18  Mo        515 0525  0.4 1138  2.7 1751  0.5 9999  9.9
19  Tu        515 0000  2.7 0614  0.4 1227  2.7 1839  0.6
20  We        515 0047  2.6 0701  0.5 1315  2.6 1925  0.6
21  Th        515 0132  2.6 0748  0.6 1403  2.5 2012  0.7
22  Fr        515 0218  2.5 0835  0.7 1450  2.4 2058  0.8
23  Sa        515 0305  2.4 0924  0.8 1538  2.3 2146  0.9
24  Su        515 0354  2.3 1014  0.9 1628  2.2 2238  1.0
25  Mo        515 0447  2.2 1107  1.0 1721  2.1 2333  1.1
26  Tu        515 0543  2.1 1202  1.0 1816  2.1 9999  9.9
27  We        515 0031  1.1 0641  2.1 1257  1.0 1912  2.1
28  Th        515 0128  1.1 0737  2.1 1350  1.0 2004  2.2
29  Fr        515 0220  1.0 0828  2.2 1439  0.9 2052  2.2
30  Sa        515 0307  0.9 0915  2.2 1525  0.9 2136  2.3
31  Su        515 0351  0.8 0958  2.3 1608  0.8 2218  2.4
 1  Mo        615 0432  0.8 1041  2.4 1650  0.8 2258  2.4
 2  Tu        615 0512  0.7 1123  2.5 1732  0.7 2339  2.5
 3  We        615 0553  0.6 1205  2.5 1814  0.7 9999  9.9
 4  Th        615 0020  2.5 0636  0.6 1249  2.5 1858  0.7
 5  Fr        615 0103  2.5 0720  0.6 1335  2.5 1943  0.7
 6  Sa        615 0149  2.5 0807  0.6 1423  2.5 2031  0.7
 7  Su        615 0237  2.5 0858  0.6 1514  2.5 2122  0.8
 8  Mo        615 0330  2.5 0953  0.7 1609  2.4 2218  0.8
 9  Tu        615 0428  2.4 1051  0.7 1707  2.4 2319  0.8
10  We        615 0531  2.4 1153  0.7 1809  2.4 9999  9.9
11  Th        615 0023  0.8 0636  2.4 1256  0.7 1911  2.4
12  Fr        615 0127  0.8 0741  2.4 1358  0.7 2013  2.4
13  Sa        615 0228  0.7 0842  2.5 1458  0.7 2111  2.5
14  Su        615 0326  0.6 0940  2.5 1553  0.7 2205  2.5
15  Mo        615 0420  0.6 1033  2.5 1645  0.6 2255  2.6
16  Tu        615 0510  0.5 1124  2.6 1734  0.6 2342  2.6
17  We        615 0557  0.5 1211  2.5 1820  0.7 9999  9.9
18  Th        615 0027  2.6 0642  0.6 1256  2.5 1904  0.7
19  Fr        615 0110  2.5 0726  0.6 1339  2.4 1946  0.8
20  Sa        615 0152  2.5 0809  0.7 1422  2.4 2028  0.8
21  Su        615 0234  2.4 0852  0.8 1504  2.3 2111  0.9
22  Mo        615 0318  2.3 0935  0.8 1547  2.2 2156  1.0
23  Tu        615 0404  2.2 1021  0.9 1633  2.2 2245  1.0
24  We        615 0454  2.2 1111  1.0 1723  2.1 2338  1.1
25  Th        615 0548  2.1 1203  1.0 1816  2.1 9999  9.9
26  Fr        615 0035  1.1 0645  2.1 1258  1.0 1912  2.1
27  Sa        615 0131  1.0 0741  2.1 1353  1.0 2006  2.2
28  Su        615 0225  1.0 0834  2.2 1445  0.9 2057  2.3
29  Mo        615 0315  0.9 0925  2.3 1535  0.9 2145  2.3
30  Tu        615 0402  0.8 1013  2.4 1622  0.8 2231  2.4
 1  We        715 0447  0.7 1059  2.5 1708  0.7 2315  2.5
 2  Th        715 0532  0.6 1145  2.5 1753  0.6 9999  9.9
 3  Fr        715 0000  2.6 0617  0.5 1231  2.6 1839  0.6
 4  Sa        715 0045  2.6 0703  0.5 1318  2.6 1926  0.6
 5  Su        715 0133  2.7 0752  0.5 1406  2.6 2014  0.6
 6  Mo        715 0222  2.6 0842  0.5 1457  2.6 2105  0.6
 7  Tu        715 0315  2.6 0936  0.6 1550  2.5 2200  0.7
 8  We        715 0412  2.5 1033  0.6 1647  2.5 2259  0.7
 9  Th        715 0513  2.4 1133  0.7 1748  2.4 9999  9.9
10  Fr        715 0003  0.8 0618  2.4 1237  0.8 1851  2.4
11  Sa        715 0109  0.8 0724  2.4 1341  0.8 1955  2.4
12  Su        715 0213  0.8 0829  2.4 1443  0.8 2056  2.4
13  Mo        715 0313  0.7 0928  2.4 1540  0.8 2151  2.4
14  Tu        715 0407  0.7 1022  2.4 1632  0.8 2240  2.5
15  We        715 0456  0.6 1110  2.5 1718  0.7 2325  2.5
16  Th        715 0541  0.6 1154  2.5 1801  0.7 9999  9.9
17  Fr        715 0007  2.5 0622  0.6 1235  2.5 1841  0.7
18  Sa        715 0047  2.5 0702  0.6 1313  2.4 1919  0.7
19  Su        715 0125  2.5 0740  0.7 1351  2.4 1957  0.8
20  Mo        715 0203  2.4 0818  0.7 1428  2.3 2035  0.8
21  Tu        715 0241  2.3 0857  0.8 1506  2.3 2115  0.9
22  We        715 0322  2.3 0937  0.9 1547  2.2 2158  1.0
23  Th        715 0407  2.2 1022  0.9 1633  2.2 2247  1.0
24  Fr        715 0458  2.1 1113  1.0 1725  2.1 2343  1.0
25  Sa        715 0555  2.1 1209  1.0 1822  2.1 9999  9.9
26  Su        715 0044  1.0 0656  2.1 1309  1.0 1923  2.2
27  Mo        715 0145  1.0 0757  2.2 1409  1.0 2021  2.2
28  Tu        715 0242  0.9 0854  2.3 1505  0.9 2115  2.3
29  We        715 0334  0.8 0946  2.4 1556  0.8 2205  2.5
30  Th        715 0423  0.6 1036  2.5 1645  0.7 2253  2.6
31  Fr        715 0510  0.5 1123  2.6 1732  0.6 2339  2.7
 1  Sa        815 0557  0.4 1210  2.7 1818  0.5 9999  9.9
 2  Su        815 0026  2.8 0644  0.3 1258  2.7 1906  0.4
 3  Mo        815 0114  2.8 0733  0.3 1346  2.7 1955  0.4
 4  Tu        815 0204  2.8 0823  0.4 1436  2.7 2046  0.5
 5  We        815 0257  2.7 0916  0.5 1529  2.6 2140  0.6
 6  Th        815 0353  2.6 1012  0.6 1625  2.5 2239  0.7
 7  Fr        815 0454  2.5 1113  0.7 1726  2.4 2343  0.8
 8  Sa        815 0600  2.4 1217  0.8 1832  2.3 9999  9.9
 9  Su        815 0052  0.8 0709  2.3 1325  0.9 1939  2.3
10  Mo        815 0159  0.8 0816  2.3 1430  0.9 2042  2.3
11  Tu        815 0300  0.8 0917  2.3 1527  0.9 2138  2.4
12  We        815 0354  0.7 1009  2.3 1617  0.8 2225  2.4
13  Th        815 0440  0.7 1054  2.4 1701  0.8 2307  2.5
14  Fr        815 0521  0.7 1133  2.4 1740  0.7 2346  2.5
15  Sa        815 0559  0.6 1210  2.4 1816  0.7 9999  9.9
16  Su        815 0022  2.5 0635  0.6 1245  2.4 1851  0.7
17  Mo        815 0057  2.5 0710  0.7 1318  2.4 1925  0.7
18  Tu        815 0131  2.4 0744  0.7 1352  2.4 2000  0.8
19  We        815 0207  2.4 0820  0.8 1427  2.3 2037  0.8
20  Th        815 0245  2.3 0858  0.8 1506  2.3 2117  0.9
21  Fr        815 0327  2.3 0940  0.9 1549  2.2 2203  1.0
22  Sa        815 0416  2.2 1029  1.0 1639  2.2 2258  1.0
23  Su        815 0513  2.1 1127  1.0 1738  2.1 9999  9.9
24  Mo        815 0002  1.0 0617  2.1 1231  1.0 1844  2.1
25  Tu        815 0108  1.0 0723  2.2 1336  1.0 1948  2.2
26  We        815 0210  0.9 0825  2.3 1436  0.9 2047  2.3
27  Th        815 0306  0.7 0920  2.4 1531  0.8 2140  2.5
28  Fr        815 0358  0.6 1011  2.5 1621  0.6 2230  2.6
29  Sa        815 0447  0.4 1100  2.7 1709  0.5 2318  2.8
30  Su        815 0535  0.3 1148  2.8 1757  0.4 9999  9.9
31  Mo        815 0006  2.9 0623  0.3 1235  2.8 1845  0.3
 1  Tu        915 0055  2.9 0712  0.3 1324  2.8 1934  0.3
 2  We        915 0145  2.8 0803  0.3 1414  2.7 2025  0.4
 3  Th        915 0238  2.7 0855  0.5 1506  2.6 2119  0.5
 4  Fr        915 0334  2.6 0951  0.6 1602  2.5 2218  0.7
 5  Sa        915 0435  2.4 1051  0.8 1703  2.4 2323  0.8
 6  Su        915 0541  2.3 1157  0.9 1810  2.3 9999  9.9
 7  Mo        915 0032  0.9 0652  2.2 1306  1.0 1920  2.2
 8  Tu        915 0141  0.9 0800  2.2 1413  1.0 2025  2.3
 9  We        915 0243  0.9 0900  2.2 1510  0.9 2120  2.3
10  Th        915 0335  0.8 0950  2.3 1558  0.9 2205  2.4
11  Fr        915 0419  0.7 1031  2.4 1639  0.8 2245  2.4
12  Sa        915 0457  0.7 1108  2.4 1715  0.7 2321  2.5
13  Su        915 0533  0.7 1142  2.4 1750  0.7 2355  2.5
14  Mo        915 0607  0.7 1215  2.5 1822  0.7 9999  9.9
15  Tu        915 0028  2.5 0639  0.7 1247  2.5 1855  0.7
16  We        915 0102  2.5 0713  0.7 1319  2.4 1929  0.7
17  Th        915 0136  2.4 0747  0.7 1354  2.4 2004  0.8
18  Fr        915 0213  2.4 0825  0.8 1431  2.3 2044  0.8
19  Sa        915 0255  2.3 0907  0.9 1513  2.3 2129  0.9
20  Su        915 0343  2.2 0955  1.0 1603  2.2 2223  1.0
21  Mo        915 0440  2.2 1052  1.0 1702  2.1 2327  1.0
22  Tu        915 0545  2.1 1158  1.0 1809  2.2 9999  9.9
23  We        915 0035  1.0 0653  2.2 1305  1.0 1917  2.2
24  Th        915 0140  0.9 0756  2.3 1408  0.9 2019  2.3
25  Fr        915 0239  0.7 0854  2.4 1505  0.7 2115  2.5
26  Sa        915 0333  0.6 0947  2.6 1557  0.6 2207  2.7
27  Su        915 0423  0.4 1036  2.7 1647  0.4 2257  2.8
28  Mo        915 0513  0.3 1125  2.8 1735  0.3 2346  2.9
29  Tu        915 0602  0.3 1213  2.9 1824  0.3 9999  9.9
30  We        915 0036  2.9 0651  0.3 1302  2.8 1913  0.3
 1  Th       1015 0126  2.8 0742  0.4 1352  2.8 2004  0.4
 2  Fr       1015 0219  2.7 0834  0.5 1443  2.6 2058  0.5
 3  Sa       1015 0314  2.6 0928  0.7 1537  2.5 2155  0.7
 4  Su       1015 0413  2.4 1027  0.8 1637  2.3 2259  0.8
 5  Mo       1015 0518  2.3 1131  1.0 1743  2.2 9999  9.9
 6  Tu       1015 0007  0.9 0626  2.2 1240  1.0 1853  2.2
 7  We       1015 0114  0.9 0733  2.2 1346  1.0 1958  2.2
 8  Th       1015 0215  0.9 0832  2.2 1443  1.0 2052  2.3
 9  Fr       1015 0306  0.9 0921  2.3 1530  0.9 2138  2.3
10  Sa       1015 0350  0.8 1002  2.3 1611  0.8 2218  2.4
11  Su       1015 0428  0.8 1038  2.4 1647  0.8 2254  2.4
12  Mo       1015 0503  0.7 1112  2.4 1721  0.7 2328  2.5
13  Tu       1015 0537  0.7 1145  2.5 1754  0.7 9999  9.9
14  We       1015 0001  2.5 0610  0.7 1217  2.5 1827  0.7
15  Th       1015 0035  2.5 0645  0.7 1251  2.5 1902  0.7
16  Fr       1015 0111  2.4 0720  0.7 1326  2.4 1938  0.7
17  Sa       1015 0149  2.4 0759  0.8 1404  2.4 2019  0.8
18  Su       1015 0232  2.3 0841  0.9 1447  2.3 2104  0.8
19  Mo       1015 0320  2.3 0930  0.9 1536  2.2 2158  0.9
20  Tu       1015 0415  2.2 1026  1.0 1634  2.2 2259  0.9
21  We       1015 0518  2.2 1129  1.0 1740  2.2 9999  9.9
22  Th       1015 0006  0.9 0624  2.2 1237  1.0 1848  2.3
23  Fr       1015 0111  0.8 0728  2.3 1341  0.9 1952  2.4
24  Sa       1015 0212  0.7 0827  2.4 1440  0.7 2051  2.5
25  Su       1015 0308  0.6 0922  2.6 1534  0.6 2145  2.7
26  Mo       1015 0401  0.5 1014  2.7 1625  0.4 2237  2.8
27  Tu       1015 0452  0.4 1104  2.8 1716  0.3 2328  2.8
28  We       1015 0542  0.3 1153  2.8 1805  0.3 9999  9.9
29  Th       1015 0018  2.8 0632  0.4 1241  2.8 1855  0.3
30  Fr       1015 0109  2.8 0722  0.4 1330  2.7 1945  0.4
31  Sa       1015 0200  2.7 0812  0.6 1420  2.6 2037  0.5
 1  Su       1115 0253  2.5 0904  0.7 1512  2.5 2131  0.7
 2  Mo       1115 0348  2.4 0959  0.9 1608  2.3 2230  0.8
 3  Tu       1115 0447  2.2 1058  1.0 1709  2.2 2332  0.9
 4  We       1115 0550  2.2 1202  1.0 1814  2.1 9999  9.9
 5  Th       1115 0035  1.0 0652  2.1 1306  1.1 1918  2.1
 6  Fr       1115 0134  1.0 0751  2.1 1404  1.0 2014  2.2
 7  Sa       1115 0227  0.9 0842  2.2 1454  0.9 2102  2.2
 8  Su       1115 0313  0.9 0926  2.3 1538  0.9 2145  2.3
 9  Mo       1115 0354  0.8 1005  2.3 1616  0.8 2223  2.4
10  Tu       1115 0432  0.8 1041  2.4 1652  0.7 2259  2.4
11  We       1115 0508  0.7 1116  2.4 1727  0.7 2335  2.4
12  Th       1115 0544  0.7 1151  2.5 1803  0.7 9999  9.9
13  Fr       1115 0012  2.5 0621  0.7 1226  2.5 1839  0.6
14  Sa       1115 0050  2.5 0659  0.7 1304  2.5 1918  0.7
15  Su       1115 0131  2.4 0739  0.8 1344  2.4 2000  0.7
16  Mo       1115 0215  2.4 0823  0.8 1428  2.4 2047  0.7
17  Tu       1115 0302  2.3 0911  0.9 1517  2.3 2138  0.8
18  We       1115 0356  2.3 1004  0.9 1612  2.3 2236  0.8
19  Th       1115 0454  2.3 1104  0.9 1715  2.3 2339  0.8
20  Fr       1115 0557  2.3 1209  0.9 1821  2.3 9999  9.9
21  Sa       1115 0044  0.8 0700  2.3 1314  0.8 1926  2.4
22  Su       1115 0146  0.7 0801  2.4 1416  0.7 2028  2.5
23  Mo       1115 0245  0.6 0859  2.5 1513  0.6 2126  2.6
24  Tu       1115 0341  0.5 0954  2.6 1607  0.5 2220  2.7
25  We       1115 0434  0.5 1045  2.7 1659  0.4 2312  2.7
26  Th       1115 0526  0.5 1135  2.7 1749  0.4 9999  9.9
27  Fr       1115 0003  2.7 0615  0.5 1224  2.7 1838  0.4
28  Sa       1115 0053  2.7 0704  0.5 1311  2.7 1927  0.5
29  Su       1115 0142  2.6 0751  0.6 1358  2.6 2015  0.6
30  Mo       1115 0230  2.5 0839  0.7 1446  2.5 2105  0.7
 1  Tu       1215 0320  2.4 0928  0.9 1536  2.3 2156  0.8
 2  We       1215 0410  2.2 1020  1.0 1629  2.2 2249  0.9
 3  Th       1215 0504  2.2 1115  1.0 1726  2.1 2345  1.0
 4  Fr       1215 0600  2.1 1214  1.1 1825  2.1 9999  9.9
 5  Sa       1215 0042  1.0 0657  2.1 1314  1.1 1924  2.1
 6  Su       1215 0137  1.0 0752  2.1 1409  1.0 2018  2.2
 7  Mo       1215 0228  1.0 0842  2.2 1458  0.9 2106  2.2
 8  Tu       1215 0315  0.9 0927  2.3 1542  0.9 2150  2.3
 9  We       1215 0358  0.9 1009  2.3 1623  0.8 2231  2.3
10  Th       1215 0439  0.8 1048  2.4 1702  0.7 2311  2.4
11  Fr       1215 0519  0.7 1126  2.5 1741  0.7 2351  2.5
12  Sa       1215 0559  0.7 1205  2.5 1820  0.6 9999  9.9
13  Su       1215 0032  2.5 0640  0.7 1245  2.5 1901  0.6
14  Mo       1215 0115  2.5 0722  0.7 1327  2.5 1945  0.6
15  Tu       1215 0159  2.5 0806  0.7 1412  2.5 2031  0.6
16  We       1215 0246  2.5 0853  0.8 1500  2.5 2121  0.7
17  Th       1215 0336  2.4 0945  0.8 1553  2.4 2216  0.7
18  Fr       1215 0431  2.4 1041  0.8 1653  2.4 2315  0.8
19  Sa       1215 0531  2.3 1144  0.8 1757  2.4 9999  9.9
20  Su       1215 0018  0.8 0634  2.3 1250  0.8 1904  2.4
21  Mo       1215 0123  0.8 0738  2.4 1355  0.8 2009  2.4
22  Tu       1215 0226  0.7 0840  2.4 1456  0.7 2111  2.5
23  We       1215 0325  0.7 0938  2.5 1553  0.6 2208  2.6
24  Th       1215 0421  0.6 1031  2.6 1646  0.5 2301  2.6
25  Fr       1215 0512  0.6 1121  2.6 1736  0.5 2351  2.6
26  Sa       1215 0600  0.6 1208  2.6 1823  0.5 9999  9.9
27  Su       1215 0038  2.6 0646  0.6 1253  2.6 1909  0.5
28  Mo       1215 0122  2.5 0730  0.7 1336  2.6 1952  0.6
29  Tu       1215 0205  2.5 0812  0.7 1419  2.5 2036  0.7
30  We       1215 0248  2.4 0854  0.8 1501  2.4 2119  0.8
31  Th       1215 0330  2.3 0938  0.9 1546  2.3 2204  0.9
