180Raglan
Based on data from  1-Jan-2012
Local Std Time, tidal heights in metres.
 1  Th        115 0019  0.7 0653  2.9 1256  0.8 1922  2.9
 2  Fr        115 0123  0.7 0752  3.0 1352  0.7 2017  3.0
 3  Sa        115 0221  0.6 0848  3.1 1444  0.6 2106  3.0
 4  Su        115 0310  0.5 0939  3.2 1534  0.5 2154  3.1
 5  Mo        115 0352  0.4 1023  3.3 1620  0.5 2240  3.1
 6  Tu        115 0432  0.4 1102  3.3 1701  0.5 2324  3.1
 7  We        115 0509  0.4 1139  3.2 1737  0.5 9999  9.9
 8  Th        115 0003  3.1 0544  0.5 1213  3.2 1809  0.5
 9  Fr        115 0036  3.0 0618  0.6 1245  3.1 1840  0.6
10  Sa        115 0103  2.9 0653  0.6 1315  3.0 1914  0.7
11  Su        115 0127  2.9 0729  0.7 1349  2.9 1953  0.8
12  Mo        115 0159  2.8 0808  0.8 1430  2.8 2040  0.8
13  Tu        115 0245  2.7 0853  0.9 1517  2.8 2133  0.9
14  We        115 0350  2.6 0949  1.0 1610  2.7 2229  0.9
15  Th        115 0501  2.6 1059  1.1 1717  2.7 2329  0.9
16  Fr        115 0604  2.7 1209  1.0 1834  2.7 9999  9.9
17  Sa        115 0035  0.8 0706  2.8 1310  0.8 1937  2.9
18  Su        115 0139  0.7 0808  3.0 1406  0.6 2031  3.0
19  Mo        115 0235  0.4 0905  3.2 1500  0.5 2124  3.2
20  Tu        115 0324  0.2 0955  3.4 1552  0.3 2217  3.3
21  We        115 0412  0.1 1042  3.5 1642  0.1 2309  3.4
22  Th        115 0459  0.0 1128  3.6 1729  0.0 2358  3.5
23  Fr        115 0548  0.0 1217  3.6 1815  0.0 9999  9.9
24  Sa        115 0046  3.4 0638  0.1 1308  3.5 1903  0.2
25  Su        115 0134  3.3 0727  0.2 1401  3.3 1954  0.3
26  Mo        115 0225  3.2 0817  0.4 1454  3.2 2049  0.5
27  Tu        115 0323  3.0 0912  0.6 1548  3.0 2148  0.7
28  We        115 0426  2.9 1016  0.8 1647  2.9 2248  0.8
29  Th        115 0527  2.8 1128  0.9 1754  2.8 2354  0.9
30  Fr        115 0627  2.8 1235  0.9 1859  2.8 9999  9.9
31  Sa        115 0103  0.8 0728  2.8 1333  0.8 1956  2.8
 1  Su        215 0204  0.7 0828  3.0 1427  0.7 2047  2.9
 2  Mo        215 0253  0.6 0919  3.1 1517  0.6 2135  3.0
 3  Tu        215 0335  0.5 1002  3.2 1601  0.5 2221  3.1
 4  We        215 0412  0.5 1041  3.2 1640  0.5 2302  3.1
 5  Th        215 0447  0.4 1116  3.2 1712  0.4 2339  3.1
 6  Fr        215 0520  0.4 1147  3.2 1742  0.4 9999  9.9
 7  Sa        215 0009  3.1 0552  0.5 1215  3.1 1811  0.5
 8  Su        215 0034  3.0 0625  0.5 1242  3.1 1843  0.5
 9  Mo        215 0057  3.0 0700  0.6 1315  3.0 1920  0.6
10  Tu        215 0127  2.9 0737  0.7 1354  2.9 2003  0.7
11  We        215 0208  2.8 0820  0.8 1438  2.8 2053  0.8
12  Th        215 0304  2.7 0911  0.9 1529  2.7 2149  0.9
13  Fr        215 0415  2.7 1019  1.0 1634  2.7 2251  0.9
14  Sa        215 0524  2.7 1134  1.0 1756  2.7 9999  9.9
15  Su        215 0001  0.9 0631  2.8 1241  0.9 1909  2.8
16  Mo        215 0112  0.7 0740  3.0 1342  0.7 2008  3.0
17  Tu        215 0213  0.5 0842  3.2 1439  0.4 2104  3.2
18  We        215 0305  0.2 0935  3.4 1533  0.2 2159  3.4
19  Th        215 0354  0.0 1023  3.6 1623  0.0 2252  3.5
20  Fr        215 0442 -0.1 1110  3.7 1710 -0.1 2341  3.6
21  Sa        215 0531 -0.1 1159  3.6 1756  0.0 9999  9.9
22  Su        215 0028  3.5 0619  0.0 1250  3.5 1842  0.1
23  Mo        215 0114  3.4 0707  0.2 1341  3.4 1931  0.3
24  Tu        215 0203  3.2 0755  0.4 1432  3.2 2024  0.5
25  We        215 0259  3.0 0847  0.7 1523  3.0 2120  0.7
26  Th        215 0359  2.9 0949  0.9 1621  2.8 2219  0.9
27  Fr        215 0500  2.7 1102  1.0 1727  2.7 2326  1.0
28  Sa        215 0600  2.7 1212  1.0 1834  2.7 9999  9.9
 1  Su        315 0040  1.0 0702  2.7 1311  0.9 1932  2.7
 2  Mo        315 0143  0.9 0802  2.9 1406  0.8 2023  2.8
 3  Tu        315 0232  0.7 0854  3.0 1455  0.7 2111  3.0
 4  We        315 0313  0.6 0937  3.1 1537  0.6 2156  3.1
 5  Th        315 0349  0.5 1015  3.2 1613  0.5 2237  3.1
 6  Fr        315 0421  0.4 1049  3.2 1644  0.4 2312  3.2
 7  Sa        315 0453  0.4 1119  3.2 1713  0.4 2342  3.2
 8  Su        315 0525  0.4 1146  3.2 1742  0.4 9999  9.9
 9  Mo        315 0007  3.1 0558  0.5 1215  3.1 1815  0.5
10  Tu        315 0032  3.1 0634  0.5 1248  3.0 1852  0.5
11  We        315 0102  3.0 0712  0.6 1327  2.9 1934  0.6
12  Th        315 0141  2.9 0754  0.7 1411  2.8 2023  0.7
13  Fr        315 0235  2.8 0845  0.9 1501  2.8 2119  0.8
14  Sa        315 0345  2.7 0951  1.0 1606  2.7 2222  0.9
15  Su        315 0455  2.7 1107  0.9 1730  2.7 2334  0.9
16  Mo        315 0603  2.8 1216  0.8 1845  2.8 9999  9.9
17  Tu        315 0048  0.7 0713  3.0 1318  0.6 1946  3.0
18  We        315 0150  0.5 0818  3.2 1417  0.4 2043  3.2
19  Th        315 0244  0.2 0913  3.4 1512  0.2 2139  3.4
20  Fr        315 0334  0.0 1002  3.6 1602  0.0 2232  3.5
21  Sa        315 0423  0.0 1050  3.6 1649 -0.1 2321  3.6
22  Su        315 0511  0.0 1139  3.6 1734  0.0 9999  9.9
23  Mo        315 0007  3.6 0559  0.0 1229  3.5 1819  0.1
24  Tu        315 0053  3.4 0646  0.2 1320  3.3 1907  0.3
25  We        315 0141  3.2 0733  0.4 1409  3.1 1958  0.6
26  Th        315 0234  3.0 0822  0.7 1459  2.9 2051  0.8
27  Fr        315 0332  2.8 0922  0.9 1554  2.7 2149  1.0
28  Sa        315 0430  2.7 1034  1.0 1658  2.6 2255  1.1
29  Su        315 0529  2.7 1143  1.0 1804  2.6 9999  9.9
30  Mo        315 0010  1.1 0629  2.7 1243  1.0 1903  2.7
31  Tu        315 0115  1.0 0730  2.8 1336  0.9 1954  2.8
 1  We        415 0204  0.8 0823  2.9 1424  0.7 2041  2.9
 2  Th        415 0244  0.7 0907  3.1 1506  0.6 2126  3.0
 3  Fr        415 0319  0.6 0945  3.1 1542  0.5 2207  3.1
 4  Sa        415 0351  0.5 1018  3.2 1612  0.4 2243  3.2
 5  Su        415 0424  0.4 1049  3.2 1643  0.4 2313  3.2
 6  Mo        415 0458  0.4 1119  3.1 1715  0.4 2341  3.2
 7  Tu        415 0534  0.4 1151  3.1 1749  0.4 9999  9.9
 8  We        415 0010  3.1 0612  0.5 1229  3.0 1828  0.5
 9  Th        415 0044  3.1 0652  0.5 1310  2.9 1912  0.6
10  Fr        415 0125  3.0 0736  0.7 1355  2.9 2003  0.7
11  Sa        415 0219  2.9 0828  0.8 1447  2.8 2059  0.8
12  Su        415 0327  2.8 0933  0.9 1552  2.7 2201  0.8
13  Mo        415 0434  2.8 1046  0.8 1712  2.7 2312  0.8
14  Tu        415 0540  2.9 1153  0.7 1823  2.9 9999  9.9
15  We        415 0024  0.7 0649  3.0 1254  0.5 1924  3.1
16  Th        415 0128  0.5 0754  3.2 1354  0.4 2022  3.2
17  Fr        415 0222  0.3 0850  3.4 1449  0.2 2118  3.4
18  Sa        415 0313  0.1 0940  3.5 1540  0.0 2211  3.5
19  Su        415 0402  0.0 1029  3.5 1627  0.0 2300  3.6
20  Mo        415 0451  0.1 1118  3.5 1712  0.0 2346  3.5
21  Tu        415 0539  0.1 1209  3.4 1757  0.2 9999  9.9
22  We        415 0031  3.4 0626  0.3 1258  3.2 1843  0.4
23  Th        415 0117  3.2 0711  0.5 1346  3.0 1932  0.6
24  Fr        415 0208  3.0 0758  0.7 1433  2.8 2023  0.8
25  Sa        415 0303  2.8 0853  0.9 1524  2.7 2116  1.0
26  Su        415 0358  2.7 1000  1.0 1624  2.6 2214  1.1
27  Mo        415 0453  2.7 1106  1.0 1729  2.6 2326  1.1
28  Tu        415 0549  2.7 1203  1.0 1827  2.6 9999  9.9
29  We        415 0035  1.0 0648  2.7 1255  0.9 1917  2.8
30  Th        415 0127  0.9 0743  2.8 1343  0.8 2004  2.9
 1  Fr        515 0208  0.8 0830  3.0 1427  0.7 2050  3.0
 2  Sa        515 0243  0.6 0909  3.1 1505  0.5 2132  3.1
 3  Su        515 0318  0.6 0944  3.1 1539  0.4 2211  3.2
 4  Mo        515 0354  0.5 1018  3.1 1613  0.4 2245  3.2
 5  Tu        515 0433  0.4 1053  3.1 1649  0.4 2319  3.2
 6  We        515 0513  0.4 1132  3.1 1727  0.4 2353  3.2
 7  Th        515 0554  0.4 1215  3.0 1809  0.4 9999  9.9
 8  Fr        515 0030  3.2 0637  0.5 1300  3.0 1856  0.5
 9  Sa        515 0115  3.1 0723  0.6 1347  2.9 1948  0.6
10  Su        515 0212  3.0 0816  0.7 1439  2.9 2043  0.7
11  Mo        515 0315  2.9 0919  0.7 1543  2.8 2144  0.7
12  Tu        515 0417  2.9 1026  0.7 1656  2.8 2251  0.8
13  We        515 0520  3.0 1130  0.6 1803  2.9 9999  9.9
14  Th        515 0002  0.7 0626  3.0 1230  0.5 1903  3.1
15  Fr        515 0105  0.5 0730  3.2 1330  0.4 2000  3.2
16  Sa        515 0200  0.4 0827  3.3 1427  0.3 2057  3.3
17  Su        515 0252  0.3 0919  3.4 1519  0.2 2150  3.4
18  Mo        515 0342  0.2 1008  3.4 1606  0.1 2240  3.5
19  Tu        515 0432  0.2 1058  3.3 1651  0.2 2325  3.4
20  We        515 0520  0.3 1148  3.2 1735  0.3 9999  9.9
21  Th        515 0009  3.3 0606  0.4 1237  3.1 1820  0.5
22  Fr        515 0054  3.2 0649  0.5 1322  3.0 1906  0.6
23  Sa        515 0141  3.0 0733  0.7 1406  2.8 1952  0.8
24  Su        515 0232  2.9 0820  0.9 1451  2.7 2038  0.9
25  Mo        515 0322  2.8 0916  1.0 1543  2.6 2126  1.0
26  Tu        515 0410  2.7 1016  1.0 1644  2.6 2224  1.1
27  We        515 0500  2.7 1110  1.0 1742  2.6 2334  1.1
28  Th        515 0556  2.7 1201  0.9 1833  2.7 9999  9.9
29  Fr        515 0036  1.0 0655  2.8 1251  0.9 1921  2.8
30  Sa        515 0123  0.9 0746  2.9 1340  0.7 2008  2.9
31  Su        515 0203  0.8 0830  2.9 1425  0.6 2055  3.0
 1  Mo        615 0244  0.6 0909  3.0 1507  0.5 2139  3.1
 2  Tu        615 0326  0.5 0949  3.1 1547  0.4 2219  3.2
 3  We        615 0409  0.5 1030  3.1 1627  0.3 2258  3.3
 4  Th        615 0454  0.4 1116  3.1 1709  0.3 2337  3.3
 5  Fr        615 0538  0.4 1203  3.1 1754  0.3 9999  9.9
 6  Sa        615 0019  3.3 0623  0.4 1250  3.1 1843  0.4
 7  Su        615 0107  3.2 0710  0.4 1338  3.0 1934  0.5
 8  Mo        615 0203  3.1 0803  0.5 1430  3.0 2028  0.6
 9  Tu        615 0302  3.1 0902  0.6 1531  2.9 2126  0.6
10  We        615 0400  3.0 1005  0.6 1638  2.9 2230  0.7
11  Th        615 0459  3.0 1106  0.6 1742  3.0 2339  0.7
12  Fr        615 0604  3.0 1207  0.6 1841  3.0 9999  9.9
13  Sa        615 0043  0.6 0708  3.1 1308  0.5 1939  3.1
14  Su        615 0140  0.5 0806  3.1 1407  0.4 2037  3.2
15  Mo        615 0233  0.4 0859  3.2 1500  0.3 2131  3.3
16  Tu        615 0325  0.4 0949  3.2 1547  0.3 2220  3.3
17  We        615 0415  0.4 1039  3.2 1632  0.3 2305  3.3
18  Th        615 0502  0.4 1128  3.1 1715  0.4 2347  3.3
19  Fr        615 0545  0.4 1214  3.1 1757  0.5 9999  9.9
20  Sa        615 0029  3.2 0625  0.5 1257  3.0 1839  0.6
21  Su        615 0112  3.1 0704  0.6 1335  2.9 1919  0.7
22  Mo        615 0155  2.9 0743  0.8 1412  2.8 1958  0.8
23  Tu        615 0238  2.8 0827  0.9 1451  2.7 2039  0.9
24  We        615 0320  2.8 0917  0.9 1544  2.6 2125  1.0
25  Th        615 0402  2.7 1010  1.0 1646  2.6 2224  1.1
26  Fr        615 0452  2.7 1102  0.9 1741  2.7 2333  1.1
27  Sa        615 0554  2.7 1155  0.9 1832  2.7 9999  9.9
28  Su        615 0033  1.0 0658  2.7 1252  0.8 1924  2.8
29  Mo        615 0124  0.9 0750  2.8 1347  0.7 2017  3.0
30  Tu        615 0212  0.7 0837  3.0 1437  0.5 2108  3.1
 1  We        715 0300  0.6 0922  3.1 1522  0.4 2154  3.2
 2  Th        715 0348  0.4 1010  3.1 1607  0.3 2237  3.3
 3  Fr        715 0436  0.3 1100  3.2 1651  0.2 2320  3.4
 4  Sa        715 0522  0.2 1149  3.2 1739  0.2 9999  9.9
 5  Su        715 0005  3.4 0608  0.2 1237  3.2 1828  0.2
 6  Mo        715 0055  3.3 0655  0.3 1325  3.2 1919  0.3
 7  Tu        715 0150  3.3 0746  0.4 1416  3.1 2011  0.4
 8  We        715 0245  3.2 0843  0.5 1514  3.0 2105  0.6
 9  Th        715 0341  3.1 0942  0.6 1618  3.0 2207  0.7
10  Fr        715 0439  3.0 1042  0.6 1721  2.9 2317  0.8
11  Sa        715 0543  2.9 1144  0.7 1820  3.0 9999  9.9
12  Su        715 0023  0.7 0648  2.9 1248  0.6 1919  3.0
13  Mo        715 0122  0.7 0748  3.0 1350  0.6 2018  3.1
14  Tu        715 0217  0.6 0841  3.0 1444  0.5 2113  3.2
15  We        715 0309  0.5 0931  3.1 1531  0.4 2201  3.3
16  Th        715 0359  0.5 1020  3.1 1614  0.4 2244  3.3
17  Fr        715 0443  0.4 1107  3.1 1654  0.4 2324  3.3
18  Sa        715 0523  0.4 1150  3.1 1733  0.5 9999  9.9
19  Su        715 0002  3.2 0559  0.5 1229  3.0 1810  0.6
20  Mo        715 0039  3.1 0632  0.6 1302  2.9 1845  0.6
21  Tu        715 0114  3.0 0705  0.7 1329  2.9 1920  0.7
22  We        715 0148  2.9 0742  0.7 1357  2.8 1957  0.8
23  Th        715 0224  2.8 0826  0.8 1437  2.7 2039  0.9
24  Fr        715 0306  2.8 0916  0.9 1538  2.6 2131  1.0
25  Sa        715 0354  2.7 1010  0.9 1645  2.6 2237  1.1
26  Su        715 0455  2.6 1107  0.9 1745  2.7 2347  1.0
27  Mo        715 0610  2.7 1209  0.9 1843  2.8 9999  9.9
28  Tu        715 0048  0.9 0714  2.8 1314  0.8 1942  2.9
29  We        715 0143  0.7 0808  2.9 1411  0.6 2040  3.1
30  Th        715 0236  0.6 0859  3.1 1500  0.4 2131  3.3
31  Fr        715 0328  0.4 0950  3.2 1547  0.2 2217  3.4
 1  Sa        815 0417  0.2 1042  3.3 1634  0.1 2302  3.5
 2  Su        815 0504  0.1 1132  3.4 1722  0.1 2348  3.5
 3  Mo        815 0550  0.1 1220  3.4 1811  0.1 9999  9.9
 4  Tu        815 0039  3.5 0636  0.1 1307  3.3 1901  0.2
 5  We        815 0132  3.4 0726  0.2 1357  3.2 1951  0.3
 6  Th        815 0226  3.2 0820  0.4 1454  3.1 2044  0.5
 7  Fr        815 0320  3.1 0918  0.6 1556  3.0 2144  0.7
 8  Sa        815 0418  2.9 1018  0.7 1659  2.9 2255  0.9
 9  Su        815 0523  2.8 1122  0.8 1759  2.9 9999  9.9
10  Mo        815 0005  0.9 0630  2.8 1230  0.8 1900  2.9
11  Tu        815 0106  0.8 0730  2.9 1335  0.7 2000  3.0
12  We        815 0202  0.7 0823  2.9 1429  0.6 2054  3.1
13  Th        815 0253  0.6 0912  3.0 1514  0.5 2141  3.2
14  Fr        815 0341  0.5 1000  3.1 1554  0.4 2222  3.3
15  Sa        815 0422  0.4 1044  3.1 1632  0.4 2259  3.3
16  Su        815 0458  0.4 1124  3.1 1707  0.4 2334  3.2
17  Mo        815 0530  0.4 1159  3.1 1740  0.5 9999  9.9
18  Tu        815 0005  3.1 0559  0.5 1227  3.0 1812  0.6
19  We        815 0033  3.1 0630  0.5 1250  3.0 1846  0.6
20  Th        815 0102  3.0 0704  0.6 1316  2.9 1922  0.7
21  Fr        815 0138  2.9 0745  0.7 1353  2.8 2003  0.8
22  Sa        815 0221  2.8 0833  0.8 1446  2.7 2051  1.0
23  Su        815 0310  2.7 0927  0.9 1555  2.6 2154  1.1
24  Mo        815 0411  2.6 1027  1.0 1703  2.7 2309  1.1
25  Tu        815 0530  2.6 1133  0.9 1807  2.8 9999  9.9
26  We        815 0017  0.9 0644  2.7 1244  0.8 1912  2.9
27  Th        815 0117  0.7 0743  2.9 1346  0.6 2013  3.1
28  Fr        815 0213  0.5 0837  3.1 1439  0.3 2107  3.3
29  Sa        815 0306  0.3 0930  3.3 1527  0.1 2155  3.5
30  Su        815 0357  0.1 1023  3.4 1615  0.0 2242  3.6
31  Mo        815 0444  0.0 1113  3.5 1703  0.0 2329  3.6
 1  Tu        915 0529 -0.1 1200  3.5 1752  0.0 9999  9.9
 2  We        915 0019  3.5 0615  0.0 1247  3.5 1841  0.1
 3  Th        915 0112  3.4 0703  0.2 1336  3.3 1929  0.3
 4  Fr        915 0205  3.2 0756  0.4 1432  3.1 2021  0.6
 5  Sa        915 0258  3.0 0853  0.6 1533  2.9 2121  0.8
 6  Su        915 0356  2.8 0953  0.8 1636  2.8 2234  1.0
 7  Mo        915 0501  2.7 1059  0.9 1736  2.8 2346  1.0
 8  Tu        915 0609  2.7 1211  1.0 1837  2.8 9999  9.9
 9  We        915 0048  0.9 0710  2.8 1318  0.9 1938  2.9
10  Th        915 0143  0.8 0803  2.9 1411  0.7 2032  3.0
11  Fr        915 0233  0.6 0851  3.0 1454  0.6 2118  3.1
12  Sa        915 0318  0.5 0937  3.1 1532  0.5 2157  3.2
13  Su        915 0357  0.4 1019  3.1 1607  0.4 2232  3.3
14  Mo        915 0430  0.4 1057  3.2 1639  0.4 2304  3.2
15  Tu        915 0500  0.4 1129  3.2 1711  0.4 2332  3.2
16  We        915 0528  0.4 1155  3.1 1743  0.5 2358  3.1
17  Th        915 0559  0.5 1218  3.1 1817  0.6 9999  9.9
18  Fr        915 0028  3.0 0633  0.5 1246  3.0 1854  0.7
19  Sa        915 0106  2.9 0713  0.7 1321  2.9 1934  0.8
20  Su        915 0149  2.8 0800  0.8 1410  2.8 2021  0.9
21  Mo        915 0238  2.7 0854  0.9 1518  2.7 2123  1.0
22  Tu        915 0338  2.6 0955  0.9 1630  2.7 2239  1.0
23  We        915 0459  2.6 1103  0.9 1736  2.8 2349  0.9
24  Th        915 0617  2.7 1217  0.8 1843  2.9 9999  9.9
25  Fr        915 0051  0.7 0719  2.9 1322  0.6 1948  3.1
26  Sa        915 0149  0.4 0815  3.2 1417  0.3 2044  3.4
27  Su        915 0244  0.2 0909  3.4 1507  0.1 2134  3.5
28  Mo        915 0335  0.0 1002  3.5 1555  0.0 2221  3.6
29  Tu        915 0422 -0.1 1053  3.6 1643 -0.1 2309  3.6
30  We        915 0508 -0.1 1140  3.6 1732  0.0 9999  9.9
 1  Th       1015 0000  3.5 0553  0.0 1227  3.5 1820  0.1
 2  Fr       1015 0052  3.4 0641  0.2 1315  3.3 1909  0.3
 3  Sa       1015 0143  3.2 0732  0.4 1408  3.1 1959  0.6
 4  Su       1015 0236  3.0 0827  0.7 1508  2.9 2057  0.8
 5  Mo       1015 0331  2.8 0926  0.9 1610  2.8 2209  1.0
 6  Tu       1015 0436  2.6 1031  1.0 1709  2.7 2322  1.0
 7  We       1015 0544  2.6 1146  1.1 1809  2.7 9999  9.9
 8  Th       1015 0023  0.9 0645  2.7 1254  1.0 1910  2.8
 9  Fr       1015 0118  0.8 0737  2.8 1346  0.8 2004  2.9
10  Sa       1015 0207  0.7 0824  2.9 1428  0.7 2050  3.1
11  Su       1015 0251  0.6 0909  3.0 1505  0.5 2129  3.2
12  Mo       1015 0328  0.5 0951  3.1 1539  0.5 2203  3.2
13  Tu       1015 0400  0.4 1028  3.2 1611  0.4 2235  3.2
14  We       1015 0430  0.3 1100  3.2 1643  0.4 2303  3.2
15  Th       1015 0459  0.4 1128  3.2 1717  0.5 2333  3.1
16  Fr       1015 0532  0.4 1154  3.1 1754  0.5 9999  9.9
17  Sa       1015 0006  3.0 0608  0.5 1224  3.1 1832  0.6
18  Su       1015 0045  2.9 0649  0.6 1300  3.0 1913  0.7
19  Mo       1015 0128  2.8 0736  0.7 1349  2.9 2001  0.8
20  Tu       1015 0217  2.7 0830  0.8 1454  2.8 2101  0.9
21  We       1015 0316  2.7 0930  0.9 1603  2.8 2213  0.9
22  Th       1015 0435  2.7 1037  0.9 1709  2.8 2323  0.8
23  Fr       1015 0553  2.8 1151  0.8 1817  3.0 9999  9.9
24  Sa       1015 0025  0.6 0656  3.0 1258  0.6 1922  3.1
25  Su       1015 0125  0.4 0753  3.2 1354  0.3 2021  3.3
26  Mo       1015 0221  0.2 0848  3.4 1445  0.1 2112  3.5
27  Tu       1015 0313  0.0 0943  3.5 1535  0.0 2201  3.6
28  We       1015 0402 -0.1 1033  3.6 1625  0.0 2250  3.5
29  Th       1015 0447 -0.1 1121  3.6 1714  0.1 2341  3.4
30  Fr       1015 0533  0.1 1207  3.5 1802  0.2 9999  9.9
31  Sa       1015 0032  3.3 0619  0.2 1254  3.3 1849  0.4
 1  Su       1115 0122  3.1 0709  0.5 1345  3.1 1937  0.6
 2  Mo       1115 0212  2.9 0801  0.7 1441  2.9 2031  0.8
 3  Tu       1115 0304  2.7 0856  0.9 1539  2.8 2137  1.0
 4  We       1115 0404  2.6 0955  1.0 1636  2.7 2247  1.0
 5  Th       1115 0510  2.6 1105  1.1 1733  2.7 2347  1.0
 6  Fr       1115 0611  2.6 1217  1.1 1832  2.7 9999  9.9
 7  Sa       1115 0041  0.9 0703  2.7 1313  0.9 1929  2.8
 8  Su       1115 0132  0.8 0751  2.9 1357  0.8 2017  3.0
 9  Mo       1115 0217  0.7 0837  3.0 1434  0.7 2057  3.1
10  Tu       1115 0256  0.5 0921  3.1 1508  0.6 2133  3.1
11  We       1115 0330  0.4 1000  3.2 1542  0.5 2206  3.1
12  Th       1115 0402  0.4 1034  3.2 1618  0.5 2239  3.1
13  Fr       1115 0434  0.3 1105  3.2 1656  0.5 2313  3.1
14  Sa       1115 0510  0.4 1136  3.2 1735  0.5 2352  3.0
15  Su       1115 0548  0.4 1209  3.2 1815  0.5 9999  9.9
16  Mo       1115 0033  3.0 0631  0.5 1248  3.1 1858  0.6
17  Tu       1115 0117  2.9 0719  0.6 1337  3.0 1946  0.7
18  We       1115 0204  2.8 0812  0.7 1438  2.9 2044  0.8
19  Th       1115 0302  2.8 0909  0.8 1541  2.9 2151  0.8
20  Fr       1115 0415  2.7 1013  0.8 1644  2.9 2257  0.7
21  Sa       1115 0528  2.8 1124  0.8 1751  3.0 2359  0.6
22  Su       1115 0632  3.0 1233  0.6 1858  3.1 9999  9.9
23  Mo       1115 0100  0.5 0731  3.1 1332  0.4 1959  3.2
24  Tu       1115 0159  0.3 0828  3.3 1425  0.3 2052  3.4
25  We       1115 0253  0.2 0924  3.4 1517  0.2 2142  3.4
26  Th       1115 0343  0.1 1015  3.5 1608  0.2 2233  3.4
27  Fr       1115 0429  0.1 1103  3.5 1657  0.2 2323  3.3
28  Sa       1115 0514  0.1 1148  3.4 1745  0.3 9999  9.9
29  Su       1115 0013  3.2 0600  0.3 1233  3.3 1830  0.4
30  Mo       1115 0101  3.1 0647  0.5 1321  3.1 1914  0.6
 1  Tu       1215 0146  2.9 0734  0.7 1412  3.0 2002  0.8
 2  We       1215 0232  2.8 0821  0.8 1504  2.8 2057  0.9
 3  Th       1215 0324  2.6 0910  1.0 1555  2.8 2158  1.0
 4  Fr       1215 0425  2.6 1006  1.1 1646  2.7 2256  1.0
 5  Sa       1215 0526  2.6 1118  1.1 1743  2.7 2350  1.0
 6  Su       1215 0621  2.7 1225  1.1 1843  2.7 9999  9.9
 7  Mo       1215 0043  0.9 0711  2.8 1316  0.9 1937  2.8
 8  Tu       1215 0134  0.8 0800  2.9 1357  0.8 2022  2.9
 9  We       1215 0219  0.7 0847  3.0 1436  0.7 2102  3.0
10  Th       1215 0259  0.5 0930  3.1 1515  0.6 2139  3.1
11  Fr       1215 0335  0.4 1009  3.2 1556  0.5 2217  3.1
12  Sa       1215 0412  0.4 1045  3.3 1637  0.4 2258  3.1
13  Su       1215 0451  0.3 1120  3.3 1719  0.4 2340  3.1
14  Mo       1215 0532  0.3 1157  3.3 1801  0.4 9999  9.9
15  Tu       1215 0024  3.1 0617  0.4 1239  3.2 1844  0.4
16  We       1215 0108  3.0 0706  0.4 1328  3.2 1932  0.5
17  Th       1215 0154  3.0 0756  0.5 1424  3.1 2027  0.6
18  Fr       1215 0248  2.9 0850  0.6 1522  3.0 2128  0.6
19  Sa       1215 0355  2.8 0950  0.7 1621  3.0 2230  0.6
20  Su       1215 0505  2.9 1059  0.8 1726  3.0 2332  0.6
21  Mo       1215 0609  2.9 1209  0.7 1835  3.0 9999  9.9
22  Tu       1215 0036  0.6 0709  3.0 1311  0.6 1938  3.1
23  We       1215 0138  0.5 0809  3.2 1407  0.5 2034  3.2
24  Th       1215 0236  0.3 0907  3.3 1501  0.4 2126  3.3
25  Fr       1215 0327  0.2 0959  3.4 1553  0.3 2217  3.3
26  Sa       1215 0413  0.2 1046  3.4 1642  0.3 2307  3.2
27  Su       1215 0458  0.2 1130  3.4 1728  0.3 2355  3.2
28  Mo       1215 0541  0.3 1213  3.3 1810  0.4 9999  9.9
29  Tu       1215 0039  3.1 0624  0.5 1256  3.2 1849  0.5
30  We       1215 0119  3.0 0706  0.6 1340  3.0 1929  0.7
31  Th       1215 0157  2.9 0745  0.7 1424  2.9 2011  0.8
