180Raglan
Based on data from  1-Jul-2016
Local Std Time, tidal heights in metres.
 1  Mo        724 0534  2.9 1139  0.7 1816  2.9 9999  9.9
 2  Tu        724 0015  0.8 0637  2.9 1242  0.7 1918  3.0
 3  We        724 0118  0.7 0737  2.9 1342  0.6 2015  3.0
 4  Th        724 0216  0.7 0834  2.9 1437  0.6 2108  3.1
 5  Fr        724 0309  0.6 0927  3.0 1528  0.5 2156  3.2
 6  Sa        724 0357  0.6 1015  3.0 1614  0.5 2241  3.2
 7  Su        724 0443  0.5 1101  3.0 1657  0.5 2324  3.2
 8  Mo        724 0526  0.6 1143  2.9 1738  0.6 9999  9.9
 9  Tu        724 0003  3.1 0606  0.6 1223  2.9 1817  0.6
10  We        724 0041  3.1 0645  0.7 1301  2.9 1855  0.7
11  Th        724 0118  3.0 0724  0.7 1338  2.8 1933  0.8
12  Fr        724 0155  2.9 0802  0.8 1416  2.7 2013  0.9
13  Sa        724 0234  2.8 0843  0.9 1458  2.7 2056  1.0
14  Su        724 0318  2.7 0928  0.9 1547  2.6 2147  1.1
15  Mo        724 0409  2.6 1018  1.0 1647  2.6 2247  1.2
16  Tu        724 0509  2.6 1117  1.0 1756  2.6 2355  1.2
17  We        724 0614  2.6 1221  1.0 1901  2.7 9999  9.9
18  Th        724 0101  1.1 0718  2.7 1323  0.9 1959  2.8
19  Fr        724 0159  0.9 0816  2.8 1419  0.8 2050  3.0
20  Sa        724 0250  0.8 0908  2.9 1509  0.6 2138  3.1
21  Su        724 0339  0.6 0958  3.0 1557  0.4 2223  3.3
22  Mo        724 0425  0.4 1046  3.1 1643  0.3 2308  3.4
23  Tu        724 0511  0.3 1132  3.2 1728  0.2 2353  3.4
24  We        724 0557  0.2 1218  3.2 1814  0.2 9999  9.9
25  Th        724 0038  3.4 0643  0.2 1304  3.2 1900  0.3
26  Fr        724 0125  3.3 0729  0.3 1352  3.1 1947  0.4
27  Sa        724 0213  3.2 0818  0.4 1442  3.0 2039  0.6
28  Su        724 0305  3.1 0909  0.6 1539  2.9 2135  0.7
29  Mo        724 0403  2.9 1006  0.7 1643  2.8 2241  0.9
30  Tu        724 0508  2.8 1110  0.8 1753  2.8 2354  0.9
31  We        724 0616  2.7 1220  0.9 1900  2.8 9999  9.9
 1  Th        824 0104  0.9 0721  2.7 1327  0.8 2000  2.9
 2  Fr        824 0204  0.8 0821  2.8 1425  0.7 2053  3.0
 3  Sa        824 0257  0.7 0914  2.9 1515  0.6 2140  3.1
 4  Su        824 0343  0.6 1001  2.9 1559  0.6 2223  3.2
 5  Mo        824 0425  0.5 1043  3.0 1639  0.5 2302  3.2
 6  Tu        824 0503  0.5 1121  3.0 1716  0.5 2337  3.2
 7  We        824 0539  0.5 1156  3.0 1750  0.5 9999  9.9
 8  Th        824 0011  3.1 0614  0.5 1229  3.0 1824  0.6
 9  Fr        824 0043  3.1 0648  0.6 1302  2.9 1859  0.7
10  Sa        824 0115  3.0 0723  0.7 1335  2.9 1934  0.8
11  Su        824 0150  2.9 0800  0.8 1412  2.8 2014  0.9
12  Mo        824 0229  2.8 0840  0.9 1455  2.7 2059  1.1
13  Tu        824 0316  2.6 0928  1.0 1550  2.6 2156  1.2
14  We        824 0415  2.5 1026  1.1 1702  2.5 2308  1.2
15  Th        824 0528  2.5 1137  1.1 1823  2.6 9999  9.9
16  Fr        824 0027  1.1 0646  2.6 1252  1.0 1930  2.8
17  Sa        824 0134  1.0 0752  2.7 1356  0.8 2026  3.0
18  Su        824 0229  0.7 0849  2.9 1449  0.5 2115  3.2
19  Mo        824 0319  0.5 0939  3.1 1538  0.3 2202  3.4
20  Tu        824 0405  0.2 1027  3.3 1623  0.1 2247  3.5
21  We        824 0450  0.1 1112  3.4 1708  0.1 2331  3.6
22  Th        824 0535  0.0 1157  3.4 1753  0.1 9999  9.9
23  Fr        824 0016  3.5 0619  0.1 1242  3.4 1838  0.2
24  Sa        824 0101  3.4 0704  0.2 1328  3.2 1924  0.3
25  Su        824 0148  3.2 0750  0.4 1417  3.1 2014  0.6
26  Mo        824 0239  3.0 0840  0.6 1512  2.9 2110  0.8
27  Tu        824 0337  2.8 0936  0.8 1618  2.7 2218  1.0
28  We        824 0445  2.6 1044  1.0 1732  2.7 2338  1.1
29  Th        824 0559  2.6 1205  1.0 1844  2.7 9999  9.9
30  Fr        824 0053  1.0 0709  2.6 1317  1.0 1945  2.8
31  Sa        824 0153  0.9 0808  2.7 1414  0.8 2036  3.0
 1  Su        924 0242  0.7 0859  2.8 1500  0.7 2120  3.1
 2  Mo        924 0324  0.6 0941  3.0 1540  0.6 2200  3.2
 3  Tu        924 0401  0.5 1020  3.0 1616  0.5 2235  3.2
 4  We        924 0436  0.4 1055  3.1 1649  0.5 2308  3.2
 5  Th        924 0509  0.4 1127  3.1 1722  0.5 2339  3.2
 6  Fr        924 0541  0.4 1158  3.1 1754  0.5 9999  9.9
 7  Sa        924 0009  3.1 0613  0.5 1228  3.0 1826  0.6
 8  Su        924 0040  3.0 0647  0.6 1300  2.9 1901  0.7
 9  Mo        924 0114  2.9 0723  0.7 1335  2.8 1940  0.9
10  Tu        924 0152  2.8 0803  0.8 1417  2.7 2025  1.0
11  We        924 0239  2.6 0850  1.0 1511  2.6 2122  1.2
12  Th        924 0338  2.5 0949  1.1 1622  2.5 2235  1.2
13  Fr        924 0454  2.5 1104  1.1 1748  2.6 2358  1.1
14  Sa        924 0619  2.5 1225  1.0 1901  2.8 9999  9.9
15  Su        924 0108  0.9 0729  2.7 1332  0.8 1959  3.0
16  Mo        924 0205  0.6 0827  3.0 1426  0.5 2050  3.3
17  Tu        924 0255  0.3 0917  3.2 1515  0.2 2137  3.5
18  We        924 0341  0.1 1004  3.4 1601  0.1 2223  3.6
19  Th        924 0426  0.0 1050  3.5 1646  0.0 2308  3.6
20  Fr        924 0510 -0.1 1135  3.5 1731  0.0 2353  3.5
21  Sa        924 0554  0.0 1219  3.4 1816  0.2 9999  9.9
22  Su        924 0038  3.4 0639  0.2 1305  3.3 1902  0.4
23  Mo        924 0125  3.2 0724  0.4 1353  3.1 1952  0.6
24  Tu        924 0215  2.9 0813  0.7 1448  2.9 2048  0.9
25  We        924 0313  2.7 0909  0.9 1553  2.7 2157  1.1
26  Th        924 0423  2.5 1020  1.1 1710  2.6 2321  1.1
27  Fr        924 0541  2.5 1148  1.1 1822  2.7 9999  9.9
28  Sa        924 0036  1.1 0651  2.5 1301  1.0 1923  2.8
29  Su        924 0133  0.9 0749  2.7 1354  0.9 2012  2.9
30  Mo        924 0218  0.7 0835  2.8 1437  0.7 2054  3.0
 1  Tu       1024 0257  0.6 0916  3.0 1514  0.6 2131  3.1
 2  We       1024 0332  0.5 0952  3.1 1549  0.5 2205  3.2
 3  Th       1024 0406  0.4 1026  3.2 1621  0.5 2238  3.2
 4  Fr       1024 0438  0.4 1058  3.2 1653  0.5 2309  3.2
 5  Sa       1024 0510  0.4 1129  3.1 1725  0.5 2340  3.1
 6  Su       1024 0543  0.5 1200  3.1 1759  0.6 9999  9.9
 7  Mo       1024 0012  3.0 0617  0.5 1233  3.0 1836  0.7
 8  Tu       1024 0047  2.9 0655  0.7 1309  2.9 1916  0.8
 9  We       1024 0127  2.8 0736  0.8 1353  2.8 2003  1.0
10  Th       1024 0215  2.6 0824  0.9 1446  2.7 2101  1.1
11  Fr       1024 0315  2.5 0924  1.1 1555  2.6 2212  1.1
12  Sa       1024 0430  2.5 1037  1.1 1716  2.7 2330  1.0
13  Su       1024 0552  2.6 1156  1.0 1830  2.8 9999  9.9
14  Mo       1024 0039  0.8 0703  2.8 1304  0.7 1930  3.1
15  Tu       1024 0137  0.5 0802  3.0 1400  0.5 2023  3.3
16  We       1024 0228  0.3 0853  3.3 1451  0.2 2112  3.5
17  Th       1024 0315  0.1 0941  3.4 1538  0.1 2159  3.6
18  Fr       1024 0401  0.0 1027  3.5 1624  0.0 2245  3.5
19  Sa       1024 0446  0.0 1113  3.5 1710  0.1 2330  3.4
20  Su       1024 0531  0.1 1158  3.4 1756  0.2 9999  9.9
21  Mo       1024 0016  3.3 0615  0.3 1244  3.3 1843  0.4
22  Tu       1024 0104  3.0 0701  0.5 1332  3.1 1932  0.7
23  We       1024 0154  2.8 0749  0.7 1425  2.9 2028  0.9
24  Th       1024 0250  2.6 0844  1.0 1527  2.7 2133  1.1
25  Fr       1024 0357  2.5 0951  1.1 1638  2.6 2250  1.1
26  Sa       1024 0511  2.5 1115  1.2 1748  2.6 9999  9.9
27  Su       1024 0003  1.1 0620  2.5 1228  1.1 1848  2.7
28  Mo       1024 0059  0.9 0716  2.7 1322  1.0 1937  2.8
29  Tu       1024 0144  0.8 0804  2.8 1406  0.8 2020  2.9
30  We       1024 0224  0.7 0845  2.9 1444  0.7 2058  3.0
31  Th       1024 0300  0.6 0923  3.1 1519  0.6 2134  3.1
 1  Fr       1124 0334  0.5 0958  3.1 1553  0.5 2208  3.1
 2  Sa       1124 0408  0.4 1032  3.2 1626  0.5 2242  3.1
 3  Su       1124 0442  0.4 1105  3.1 1701  0.5 2317  3.0
 4  Mo       1124 0517  0.5 1139  3.1 1738  0.6 2352  3.0
 5  Tu       1124 0555  0.5 1215  3.0 1818  0.7 9999  9.9
 6  We       1124 0031  2.9 0635  0.6 1254  3.0 1902  0.8
 7  Th       1124 0114  2.8 0719  0.7 1339  2.9 1951  0.9
 8  Fr       1124 0203  2.7 0808  0.8 1431  2.8 2047  0.9
 9  Sa       1124 0300  2.6 0905  0.9 1534  2.8 2151  1.0
10  Su       1124 0408  2.6 1013  1.0 1645  2.8 2259  0.9
11  Mo       1124 0523  2.7 1125  0.9 1755  2.9 9999  9.9
12  Tu       1124 0006  0.7 0634  2.8 1233  0.7 1858  3.1
13  We       1124 0106  0.5 0735  3.0 1333  0.5 1955  3.2
14  Th       1124 0200  0.3 0829  3.2 1426  0.3 2047  3.3
15  Fr       1124 0250  0.2 0919  3.4 1517  0.2 2136  3.4
16  Sa       1124 0339  0.1 1007  3.5 1605  0.2 2225  3.4
17  Su       1124 0426  0.1 1054  3.5 1652  0.2 2312  3.3
18  Mo       1124 0511  0.2 1140  3.4 1739  0.3 2359  3.1
19  Tu       1124 0556  0.4 1226  3.2 1826  0.5 9999  9.9
20  We       1124 0046  3.0 0642  0.5 1312  3.1 1915  0.7
21  Th       1124 0134  2.8 0728  0.7 1401  2.9 2006  0.9
22  Fr       1124 0225  2.7 0818  0.9 1454  2.8 2101  1.0
23  Sa       1124 0321  2.5 0914  1.1 1554  2.7 2203  1.1
24  Su       1124 0425  2.5 1022  1.2 1658  2.6 2308  1.1
25  Mo       1124 0531  2.5 1134  1.1 1758  2.7 9999  9.9
26  Tu       1124 0008  1.0 0631  2.6 1236  1.1 1851  2.7
27  We       1124 0059  0.9 0723  2.7 1326  1.0 1939  2.8
28  Th       1124 0144  0.8 0809  2.8 1409  0.9 2022  2.9
29  Fr       1124 0225  0.7 0851  2.9 1448  0.8 2103  2.9
30  Sa       1124 0303  0.6 0931  3.0 1526  0.7 2142  3.0
 1  Su       1224 0341  0.5 1008  3.1 1604  0.6 2220  3.0
 2  Mo       1224 0419  0.5 1045  3.1 1643  0.6 2259  3.0
 3  Tu       1224 0458  0.5 1123  3.1 1723  0.6 2339  3.0
 4  We       1224 0539  0.5 1202  3.1 1806  0.6 9999  9.9
 5  Th       1224 0021  2.9 0621  0.5 1243  3.1 1850  0.6
 6  Fr       1224 0105  2.9 0706  0.6 1328  3.0 1938  0.7
 7  Sa       1224 0152  2.8 0754  0.7 1417  3.0 2030  0.7
 8  Su       1224 0244  2.8 0847  0.8 1512  2.9 2126  0.8
 9  Mo       1224 0344  2.7 0947  0.8 1614  2.9 2227  0.7
10  Tu       1224 0452  2.7 1053  0.8 1721  2.9 2331  0.7
11  We       1224 0602  2.8 1202  0.8 1827  3.0 9999  9.9
12  Th       1224 0034  0.6 0708  3.0 1307  0.7 1928  3.1
13  Fr       1224 0134  0.5 0807  3.1 1405  0.5 2025  3.1
14  Sa       1224 0229  0.4 0901  3.2 1459  0.4 2119  3.2
15  Su       1224 0321  0.3 0951  3.3 1550  0.4 2210  3.2
16  Mo       1224 0409  0.3 1039  3.4 1638  0.4 2258  3.1
17  Tu       1224 0456  0.3 1125  3.3 1725  0.4 2344  3.1
18  We       1224 0540  0.4 1209  3.2 1810  0.5 9999  9.9
19  Th       1224 0029  3.0 0624  0.5 1252  3.1 1855  0.6
20  Fr       1224 0112  2.9 0706  0.7 1334  3.0 1939  0.7
21  Sa       1224 0155  2.8 0749  0.8 1417  2.9 2023  0.8
22  Su       1224 0239  2.7 0834  0.9 1503  2.8 2110  0.9
23  Mo       1224 0328  2.6 0924  1.1 1554  2.7 2201  1.0
24  Tu       1224 0425  2.5 1022  1.1 1652  2.6 2258  1.0
25  We       1224 0530  2.5 1128  1.2 1752  2.6 2357  1.0
26  Th       1224 0633  2.6 1233  1.1 1850  2.6 9999  9.9
27  Fr       1224 0055  1.0 0730  2.7 1329  1.1 1943  2.7
28  Sa       1224 0147  0.9 0819  2.8 1417  0.9 2032  2.8
29  Su       1224 0234  0.8 0905  2.9 1502  0.8 2118  2.9
30  Mo       1224 0318  0.6 0947  3.0 1544  0.7 2202  3.0
31  Tu       1224 0400  0.5 1028  3.2 1626  0.6 2245  3.0
 1  We        125 0442  0.4 1108  3.2 1709  0.5 2327  3.1
 2  Th        125 0524  0.4 1149  3.3 1752  0.4 9999  9.9
 3  Fr        125 0009  3.1 0607  0.3 1230  3.3 1836  0.4
 4  Sa        125 0053  3.1 0651  0.4 1314  3.2 1921  0.4
 5  Su        125 0137  3.0 0737  0.5 1359  3.2 2009  0.5
 6  Mo        125 0225  3.0 0826  0.6 1449  3.1 2100  0.6
 7  Tu        125 0319  2.9 0921  0.7 1545  3.0 2155  0.7
 8  We        125 0421  2.8 1023  0.8 1649  2.9 2257  0.7
 9  Th        125 0533  2.8 1133  0.9 1758  2.8 9999  9.9
10  Fr        125 0005  0.8 0644  2.8 1244  0.8 1906  2.9
11  Sa        125 0112  0.7 0749  3.0 1349  0.7 2009  2.9
12  Su        125 0213  0.6 0846  3.1 1447  0.6 2106  3.0
13  Mo        125 0308  0.5 0938  3.2 1538  0.5 2158  3.0
14  Tu        125 0357  0.4 1025  3.3 1626  0.5 2245  3.1
15  We        125 0442  0.4 1109  3.3 1709  0.4 2329  3.1
16  Th        125 0524  0.4 1149  3.3 1750  0.5 9999  9.9
17  Fr        125 0009  3.0 0603  0.5 1228  3.2 1829  0.5
18  Sa        125 0046  3.0 0640  0.6 1304  3.1 1907  0.6
19  Su        125 0122  2.9 0717  0.7 1339  3.0 1944  0.7
20  Mo        125 0157  2.8 0754  0.8 1415  2.9 2022  0.8
21  Tu        125 0235  2.7 0835  0.9 1454  2.8 2104  0.9
22  We        125 0319  2.6 0920  1.1 1541  2.6 2151  1.0
23  Th        125 0415  2.5 1017  1.2 1639  2.5 2248  1.1
24  Fr        125 0528  2.5 1128  1.3 1751  2.5 2358  1.1
25  Sa        125 0644  2.5 1244  1.2 1902  2.6 9999  9.9
26  Su        125 0108  1.0 0746  2.7 1346  1.1 2003  2.7
27  Mo        125 0207  0.9 0838  2.8 1438  0.9 2056  2.8
28  Tu        125 0256  0.7 0924  3.0 1524  0.7 2144  3.0
29  We        125 0342  0.5 1008  3.2 1608  0.5 2228  3.1
30  Th        125 0425  0.3 1049  3.4 1651  0.3 2311  3.2
31  Fr        125 0507  0.2 1131  3.4 1734  0.2 2353  3.3
 1  Sa        225 0550  0.2 1212  3.5 1816  0.2 9999  9.9
 2  Su        225 0036  3.3 0633  0.2 1255  3.4 1900  0.2
 3  Mo        225 0119  3.2 0717  0.3 1339  3.3 1945  0.3
 4  Tu        225 0205  3.1 0804  0.4 1427  3.2 2033  0.5
 5  We        225 0256  3.0 0857  0.7 1520  3.0 2126  0.7
 6  Th        225 0356  2.8 0957  0.9 1623  2.8 2227  0.8
 7  Fr        225 0508  2.7 1110  1.0 1736  2.7 2340  0.9
 8  Sa        225 0625  2.7 1229  1.0 1851  2.7 9999  9.9
 9  Su        225 0057  0.9 0734  2.8 1338  0.9 1958  2.7
10  Mo        225 0203  0.8 0833  3.0 1436  0.7 2056  2.9
11  Tu        225 0257  0.6 0924  3.1 1525  0.6 2145  3.0
12  We        225 0344  0.5 1008  3.2 1609  0.5 2229  3.1
13  Th        225 0425  0.4 1049  3.3 1648  0.4 2308  3.1
14  Fr        225 0503  0.4 1125  3.3 1725  0.4 2344  3.1
15  Sa        225 0538  0.4 1200  3.2 1800  0.4 9999  9.9
16  Su        225 0017  3.1 0612  0.5 1232  3.1 1833  0.5
17  Mo        225 0048  3.0 0645  0.6 1302  3.0 1907  0.6
18  Tu        225 0119  2.9 0719  0.7 1334  2.9 1941  0.7
19  We        225 0152  2.8 0755  0.8 1409  2.8 2019  0.8
20  Th        225 0231  2.7 0836  1.0 1452  2.7 2102  1.0
21  Fr        225 0320  2.6 0927  1.2 1544  2.5 2155  1.1
22  Sa        225 0425  2.5 1034  1.3 1655  2.5 2305  1.2
23  Su        225 0552  2.5 1159  1.3 1820  2.5 9999  9.9
24  Mo        225 0027  1.1 0709  2.6 1313  1.1 1933  2.6
25  Tu        225 0137  0.9 0808  2.8 1411  0.9 2031  2.8
26  We        225 0231  0.7 0857  3.1 1459  0.6 2121  3.0
27  Th        225 0318  0.4 0942  3.3 1544  0.4 2206  3.2
28  Fr        225 0403  0.2 1026  3.5 1628  0.2 2250  3.4
 1  Sa        325 0446  0.1 1108  3.6 1710  0.1 2333  3.4
 2  Su        325 0529  0.0 1151  3.6 1753  0.0 9999  9.9
 3  Mo        325 0016  3.4 0612  0.1 1234  3.5 1837  0.1
 4  Tu        325 0059  3.3 0657  0.2 1319  3.3 1922  0.3
 5  We        325 0145  3.2 0744  0.4 1407  3.1 2009  0.5
 6  Th        325 0236  3.0 0836  0.7 1500  2.9 2101  0.7
 7  Fr        325 0336  2.8 0938  0.9 1604  2.7 2203  0.9
 8  Sa        325 0449  2.7 1054  1.1 1720  2.6 2323  1.1
 9  Su        325 0608  2.7 1217  1.1 1838  2.6 9999  9.9
10  Mo        325 0046  1.0 0718  2.8 1326  0.9 1945  2.7
11  Tu        325 0151  0.9 0816  2.9 1420  0.8 2040  2.8
12  We        325 0241  0.7 0903  3.0 1505  0.6 2126  3.0
13  Th        325 0324  0.6 0945  3.1 1545  0.5 2206  3.1
14  Fr        325 0402  0.5 1022  3.2 1622  0.4 2242  3.1
15  Sa        325 0437  0.4 1057  3.2 1656  0.4 2316  3.2
16  Su        325 0510  0.4 1129  3.2 1728  0.4 2347  3.2
17  Mo        325 0542  0.5 1200  3.1 1800  0.5 9999  9.9
18  Tu        325 0017  3.1 0615  0.5 1230  3.0 1833  0.5
19  We        325 0047  3.0 0648  0.7 1301  2.9 1907  0.7
20  Th        325 0120  2.9 0724  0.8 1337  2.8 1944  0.8
21  Fr        325 0158  2.8 0805  1.0 1419  2.7 2027  0.9
22  Sa        325 0245  2.6 0856  1.1 1511  2.5 2119  1.1
23  Su        325 0346  2.5 1001  1.2 1618  2.5 2228  1.2
24  Mo        325 0507  2.5 1121  1.2 1742  2.5 2350  1.1
25  Tu        325 0628  2.6 1237  1.0 1859  2.6 9999  9.9
26  We        325 0103  0.9 0732  2.9 1338  0.8 2001  2.8
27  Th        325 0201  0.7 0825  3.1 1429  0.5 2053  3.1
28  Fr        325 0251  0.4 0913  3.3 1516  0.3 2140  3.3
29  Sa        325 0337  0.2 0959  3.5 1601  0.1 2226  3.5
30  Su        325 0422  0.0 1044  3.6 1646  0.0 2310  3.5
31  Mo        325 0507  0.0 1129  3.5 1730  0.0 2355  3.5
 1  Tu        425 0552  0.1 1214  3.4 1814  0.1 9999  9.9
 2  We        425 0040  3.4 0638  0.2 1301  3.3 1900  0.3
 3  Th        425 0128  3.2 0727  0.5 1350  3.0 1948  0.6
 4  Fr        425 0220  3.0 0821  0.7 1445  2.8 2041  0.8
 5  Sa        425 0320  2.8 0923  0.9 1550  2.6 2145  1.0
 6  Su        425 0431  2.7 1039  1.1 1705  2.5 2306  1.1
 7  Mo        425 0547  2.7 1158  1.0 1819  2.6 9999  9.9
 8  Tu        425 0027  1.1 0653  2.7 1302  0.9 1922  2.7
 9  We        425 0128  0.9 0748  2.9 1353  0.8 2014  2.8
10  Th        425 0216  0.8 0834  3.0 1436  0.6 2058  3.0
11  Fr        425 0257  0.6 0914  3.1 1515  0.5 2137  3.1
12  Sa        425 0334  0.5 0951  3.1 1550  0.5 2213  3.1
13  Su        425 0408  0.5 1026  3.1 1624  0.4 2246  3.2
14  Mo        425 0442  0.5 1059  3.1 1657  0.4 2319  3.2
15  Tu        425 0514  0.5 1131  3.1 1730  0.5 2350  3.1
16  We        425 0548  0.6 1203  3.0 1804  0.6 9999  9.9
17  Th        425 0022  3.0 0624  0.7 1237  2.9 1840  0.7
18  Fr        425 0057  2.9 0702  0.8 1316  2.8 1920  0.8
19  Sa        425 0137  2.8 0746  0.9 1359  2.7 2004  0.9
20  Su        425 0225  2.7 0838  1.0 1451  2.6 2057  1.0
21  Mo        425 0323  2.6 0940  1.1 1554  2.5 2201  1.1
22  Tu        425 0433  2.6 1050  1.1 1709  2.6 2316  1.0
23  We        425 0547  2.7 1200  0.9 1823  2.7 9999  9.9
24  Th        425 0027  0.9 0653  2.9 1302  0.7 1927  2.9
25  Fr        425 0128  0.6 0750  3.1 1356  0.4 2022  3.1
26  Sa        425 0221  0.4 0842  3.3 1446  0.2 2113  3.3
27  Su        425 0311  0.2 0931  3.4 1534  0.1 2202  3.5
28  Mo        425 0359  0.1 1020  3.5 1621  0.0 2249  3.5
29  Tu        425 0446  0.1 1108  3.4 1708  0.1 2336  3.5
30  We        425 0534  0.2 1156  3.3 1754  0.2 9999  9.9
 1  Th        525 0023  3.4 0622  0.3 1245  3.1 1841  0.4
 2  Fr        525 0112  3.2 0713  0.5 1336  2.9 1930  0.6
 3  Sa        525 0205  3.0 0807  0.7 1431  2.8 2024  0.8
 4  Su        525 0302  2.9 0907  0.9 1533  2.6 2125  1.0
 5  Mo        525 0407  2.7 1015  1.0 1640  2.6 2238  1.1
 6  Tu        525 0515  2.7 1125  1.0 1748  2.6 2352  1.1
 7  We        525 0616  2.7 1225  0.9 1847  2.7 9999  9.9
 8  Th        525 0052  1.0 0709  2.8 1316  0.8 1938  2.8
 9  Fr        525 0142  0.9 0756  2.9 1400  0.7 2023  2.9
10  Sa        525 0224  0.8 0838  2.9 1440  0.6 2104  3.0
11  Su        525 0303  0.7 0917  3.0 1517  0.6 2142  3.1
12  Mo        525 0339  0.6 0954  3.0 1553  0.5 2218  3.1
13  Tu        525 0414  0.6 1030  3.0 1628  0.5 2253  3.1
14  We        525 0450  0.6 1106  3.0 1704  0.5 2328  3.1
15  Th        525 0527  0.6 1143  2.9 1741  0.6 9999  9.9
16  Fr        525 0004  3.0 0606  0.7 1221  2.9 1820  0.6
17  Sa        525 0042  3.0 0647  0.8 1301  2.8 1902  0.7
18  Su        525 0123  2.9 0733  0.8 1346  2.7 1948  0.8
19  Mo        525 0210  2.8 0823  0.9 1436  2.7 2039  0.9
20  Tu        525 0303  2.8 0919  0.9 1533  2.7 2138  0.9
21  We        525 0403  2.8 1020  0.9 1638  2.7 2244  0.9
22  Th        525 0509  2.9 1124  0.8 1748  2.8 2352  0.8
23  Fr        525 0615  3.0 1226  0.6 1854  2.9 9999  9.9
24  Sa        525 0055  0.6 0716  3.1 1324  0.5 1954  3.1
25  Su        525 0154  0.5 0813  3.2 1418  0.3 2048  3.3
26  Mo        525 0247  0.3 0907  3.3 1510  0.2 2140  3.4
27  Tu        525 0339  0.3 0959  3.3 1600  0.2 2230  3.4
28  We        525 0429  0.2 1050  3.3 1649  0.2 2319  3.4
29  Th        525 0519  0.3 1141  3.2 1737  0.3 9999  9.9
30  Fr        525 0008  3.3 0608  0.4 1231  3.1 1825  0.4
31  Sa        525 0056  3.2 0658  0.6 1321  2.9 1913  0.6
 1  Su        625 0146  3.1 0749  0.7 1412  2.8 2003  0.8
 2  Mo        625 0238  2.9 0842  0.8 1506  2.7 2057  0.9
 3  Tu        625 0333  2.8 0938  0.9 1603  2.6 2157  1.0
 4  We        625 0431  2.7 1037  0.9 1703  2.6 2302  1.1
 5  Th        625 0528  2.7 1135  0.9 1802  2.6 9999  9.9
 6  Fr        625 0005  1.1 0623  2.7 1229  0.9 1856  2.7
 7  Sa        625 0100  1.0 0713  2.8 1319  0.8 1945  2.8
 8  Su        625 0148  0.9 0800  2.8 1404  0.8 2031  2.9
 9  Mo        625 0231  0.8 0844  2.8 1445  0.7 2113  3.0
10  Tu        625 0311  0.8 0926  2.9 1525  0.6 2153  3.0
11  We        625 0350  0.7 1006  2.9 1604  0.6 2231  3.1
12  Th        625 0429  0.7 1046  2.9 1643  0.6 2309  3.1
13  Fr        625 0509  0.6 1126  2.9 1723  0.6 2348  3.1
14  Sa        625 0550  0.6 1207  2.9 1804  0.6 9999  9.9
15  Su        625 0027  3.1 0633  0.6 1248  2.9 1847  0.6
16  Mo        625 0108  3.0 0717  0.6 1332  2.9 1931  0.7
17  Tu        625 0153  3.0 0805  0.7 1419  2.8 2020  0.7
18  We        625 0242  3.0 0855  0.7 1510  2.8 2114  0.8
19  Th        625 0336  2.9 0950  0.7 1609  2.8 2214  0.8
20  Fr        625 0436  2.9 1049  0.7 1716  2.8 2319  0.8
21  Sa        625 0542  2.9 1152  0.6 1825  2.9 9999  9.9
22  Su        625 0027  0.7 0647  3.0 1255  0.6 1930  3.0
23  Mo        625 0130  0.6 0749  3.0 1355  0.5 2029  3.2
24  Tu        625 0229  0.5 0848  3.1 1452  0.4 2123  3.3
25  We        625 0324  0.4 0944  3.1 1545  0.3 2215  3.3
26  Th        625 0416  0.4 1036  3.1 1634  0.3 2304  3.4
27  Fr        625 0505  0.4 1126  3.1 1722  0.4 2351  3.3
28  Sa        625 0553  0.4 1214  3.1 1808  0.4 9999  9.9
29  Su        625 0037  3.2 0639  0.5 1300  3.0 1852  0.6
30  Mo        625 0121  3.1 0724  0.6 1345  2.9 1936  0.7
