398Rangitaiki River
Based on data from  1-Jul-2013
Local Std Time, tidal heights in metres.
 1  Mo        724 0203  1.5 0921  0.3 1444  1.4 2133  0.4
 2  Tu        724 0301  1.5 1018  0.3 1545  1.5 2235  0.4
 3  We        724 0400  1.5 1117  0.3 1644  1.5 2341  0.4
 4  Th        724 0457  1.4 1215  0.3 1740  1.5 9999  9.9
 5  Fr        724 0045  0.4 0552  1.4 1311  0.3 1833  1.5
 6  Sa        724 0145  0.4 0645  1.4 1403  0.3 1923  1.5
 7  Su        724 0239  0.4 0735  1.3 1450  0.3 2010  1.5
 8  Mo        724 0328  0.3 0823  1.3 1533  0.3 2055  1.5
 9  Tu        724 0413  0.3 0909  1.3 1613  0.3 2138  1.5
10  We        724 0454  0.3 0955  1.3 1649  0.3 2221  1.5
11  Th        724 0532  0.3 1040  1.2 1724  0.3 2303  1.4
12  Fr        724 0608  0.3 1125  1.2 1801  0.3 2345  1.4
13  Sa        724 0645  0.3 1212  1.2 1841  0.4 9999  9.9
14  Su        724 0028  1.3 0724  0.3 1301  1.2 1925  0.4
15  Mo        724 0112  1.3 0805  0.3 1352  1.2 2013  0.4
16  Tu        724 0200  1.3 0850  0.3 1444  1.2 2103  0.4
17  We        724 0249  1.3 0937  0.3 1537  1.3 2156  0.5
18  Th        724 0341  1.2 1028  0.3 1629  1.3 2253  0.5
19  Fr        724 0433  1.3 1123  0.3 1720  1.4 2356  0.5
20  Sa        724 0525  1.3 1221  0.3 1809  1.4 9999  9.9
21  Su        724 0102  0.4 0616  1.3 1320  0.3 1856  1.5
22  Mo        724 0203  0.4 0707  1.4 1415  0.3 1944  1.6
23  Tu        724 0259  0.3 0757  1.4 1508  0.3 2031  1.6
24  We        724 0351  0.3 0848  1.4 1558  0.3 2118  1.7
25  Th        724 0442  0.3 0939  1.5 1648  0.2 2206  1.7
26  Fr        724 0531  0.2 1031  1.5 1737  0.3 2256  1.7
27  Sa        724 0621  0.2 1125  1.5 1828  0.3 2348  1.6
28  Su        724 0711  0.2 1222  1.5 1919  0.3 9999  9.9
29  Mo        724 0042  1.6 0803  0.2 1321  1.5 2013  0.3
30  Tu        724 0139  1.5 0857  0.3 1422  1.4 2111  0.4
31  We        724 0237  1.4 0954  0.3 1523  1.4 2215  0.4
 1  Th        824 0337  1.4 1053  0.3 1623  1.4 2322  0.4
 2  Fr        824 0436  1.3 1151  0.3 1720  1.4 9999  9.9
 3  Sa        824 0028  0.4 0532  1.3 1247  0.3 1813  1.4
 4  Su        824 0127  0.4 0626  1.3 1338  0.3 1902  1.4
 5  Mo        824 0219  0.4 0716  1.3 1423  0.3 1948  1.4
 6  Tu        824 0306  0.3 0802  1.3 1504  0.3 2030  1.4
 7  We        824 0347  0.3 0846  1.3 1540  0.3 2111  1.4
 8  Th        824 0424  0.3 0928  1.2 1614  0.3 2150  1.4
 9  Fr        824 0459  0.3 1010  1.2 1648  0.3 2228  1.4
10  Sa        824 0533  0.3 1051  1.2 1725  0.3 2306  1.4
11  Su        824 0608  0.3 1134  1.2 1806  0.3 2345  1.3
12  Mo        824 0645  0.3 1219  1.2 1850  0.4 9999  9.9
13  Tu        824 0027  1.3 0727  0.3 1307  1.2 1937  0.4
14  We        824 0112  1.3 0811  0.3 1359  1.2 2027  0.4
15  Th        824 0203  1.2 0859  0.3 1454  1.3 2122  0.4
16  Fr        824 0259  1.2 0951  0.3 1550  1.3 2221  0.5
17  Sa        824 0358  1.2 1049  0.3 1645  1.4 2327  0.4
18  Su        824 0455  1.3 1150  0.3 1739  1.4 9999  9.9
19  Mo        824 0035  0.4 0551  1.3 1251  0.3 1830  1.5
20  Tu        824 0138  0.3 0645  1.4 1349  0.2 1919  1.6
21  We        824 0235  0.3 0738  1.5 1443  0.2 2008  1.6
22  Th        824 0327  0.2 0829  1.5 1535  0.2 2056  1.7
23  Fr        824 0418  0.2 0920  1.5 1625  0.2 2145  1.7
24  Sa        824 0508  0.2 1012  1.5 1715  0.2 2234  1.6
25  Su        824 0557  0.2 1105  1.5 1806  0.2 2325  1.6
26  Mo        824 0647  0.2 1200  1.5 1858  0.3 9999  9.9
27  Tu        824 0019  1.5 0739  0.2 1258  1.5 1953  0.3
28  We        824 0115  1.4 0832  0.2 1358  1.4 2051  0.4
29  Th        824 0214  1.3 0928  0.3 1500  1.4 2155  0.4
30  Fr        824 0315  1.3 1026  0.3 1600  1.4 2301  0.4
31  Sa        824 0415  1.2 1123  0.3 1658  1.4 9999  9.9
 1  Su        924 0006  0.4 0513  1.2 1218  0.3 1750  1.4
 2  Mo        924 0103  0.4 0606  1.2 1307  0.3 1838  1.4
 3  Tu        924 0153  0.3 0655  1.2 1352  0.3 1922  1.4
 4  We        924 0236  0.3 0739  1.2 1431  0.3 2003  1.4
 5  Th        924 0315  0.3 0821  1.2 1506  0.3 2041  1.4
 6  Fr        924 0351  0.3 0901  1.2 1541  0.3 2118  1.4
 7  Sa        924 0424  0.3 0940  1.3 1616  0.3 2153  1.3
 8  Su        924 0458  0.3 1019  1.3 1655  0.3 2229  1.3
 9  Mo        924 0533  0.3 1058  1.3 1736  0.3 2307  1.3
10  Tu        924 0612  0.3 1141  1.3 1820  0.4 2347  1.3
11  We        924 0653  0.3 1227  1.3 1908  0.4 9999  9.9
12  Th        924 0033  1.2 0738  0.3 1319  1.3 2000  0.4
13  Fr        924 0126  1.2 0828  0.3 1416  1.3 2055  0.4
14  Sa        924 0226  1.2 0922  0.3 1515  1.3 2157  0.4
15  Su        924 0329  1.2 1021  0.3 1614  1.4 2303  0.4
16  Mo        924 0431  1.3 1123  0.3 1710  1.5 9999  9.9
17  Tu        924 0010  0.4 0529  1.4 1224  0.3 1803  1.5
18  We        924 0113  0.3 0625  1.4 1323  0.2 1854  1.6
19  Th        924 0210  0.2 0718  1.5 1418  0.2 1944  1.6
20  Fr        924 0303  0.2 0810  1.5 1512  0.2 2033  1.7
21  Sa        924 0354  0.2 0901  1.6 1604  0.2 2122  1.6
22  Su        924 0444  0.1 0952  1.6 1655  0.2 2212  1.6
23  Mo        924 0534  0.1 1045  1.5 1747  0.2 2303  1.5
24  Tu        924 0624  0.2 1139  1.5 1840  0.3 2356  1.4
25  We        924 0714  0.2 1235  1.4 1934  0.3 9999  9.9
26  Th        924 0052  1.4 0806  0.2 1334  1.4 2032  0.3
27  Fr        924 0151  1.3 0900  0.3 1434  1.3 2133  0.4
28  Sa        924 0253  1.2 0954  0.3 1534  1.3 2235  0.4
29  Su        924 0353  1.2 1048  0.3 1630  1.3 2335  0.4
30  Mo        924 0451  1.2 1141  0.3 1722  1.3 9999  9.9
 1  Tu       1024 0030  0.3 0543  1.2 1229  0.3 1809  1.3
 2  We       1024 0118  0.3 0630  1.2 1313  0.3 1852  1.3
 3  Th       1024 0200  0.3 0714  1.2 1354  0.3 1932  1.3
 4  Fr       1024 0239  0.3 0754  1.2 1432  0.3 2009  1.3
 5  Sa       1024 0315  0.3 0833  1.3 1511  0.3 2045  1.3
 6  Su       1024 0351  0.3 0911  1.3 1551  0.3 2120  1.3
 7  Mo       1024 0427  0.3 0949  1.3 1632  0.3 2156  1.3
 8  Tu       1024 0505  0.3 1028  1.3 1715  0.3 2234  1.3
 9  We       1024 0545  0.3 1109  1.3 1801  0.4 2316  1.3
10  Th       1024 0627  0.3 1155  1.3 1850  0.4 9999  9.9
11  Fr       1024 0004  1.2 0714  0.3 1247  1.3 1942  0.4
12  Sa       1024 0100  1.2 0805  0.3 1345  1.3 2039  0.4
13  Su       1024 0201  1.2 0900  0.3 1445  1.4 2139  0.4
14  Mo       1024 0306  1.3 0958  0.3 1545  1.4 2242  0.3
15  Tu       1024 0409  1.3 1058  0.3 1642  1.5 2346  0.3
16  We       1024 0508  1.4 1159  0.2 1737  1.5 9999  9.9
17  Th       1024 0048  0.2 0605  1.5 1258  0.2 1830  1.6
18  Fr       1024 0145  0.2 0658  1.5 1356  0.2 1921  1.6
19  Sa       1024 0239  0.2 0751  1.6 1452  0.2 2011  1.6
20  Su       1024 0331  0.1 0842  1.6 1545  0.2 2100  1.6
21  Mo       1024 0421  0.1 0933  1.6 1638  0.2 2150  1.5
22  Tu       1024 0511  0.1 1025  1.5 1731  0.2 2241  1.4
23  We       1024 0600  0.2 1117  1.5 1823  0.3 2334  1.4
24  Th       1024 0649  0.2 1212  1.4 1916  0.3 9999  9.9
25  Fr       1024 0029  1.3 0738  0.2 1309  1.4 2010  0.3
26  Sa       1024 0128  1.2 0827  0.3 1406  1.3 2105  0.3
27  Su       1024 0228  1.2 0917  0.3 1503  1.3 2200  0.3
28  Mo       1024 0327  1.1 1006  0.3 1557  1.3 2255  0.3
29  Tu       1024 0423  1.1 1055  0.3 1648  1.3 2346  0.3
30  We       1024 0514  1.2 1143  0.3 1735  1.3 9999  9.9
31  Th       1024 0034  0.3 0601  1.2 1230  0.3 1818  1.3
 1  Fr       1124 0118  0.3 0645  1.2 1316  0.3 1858  1.3
 2  Sa       1124 0200  0.3 0726  1.2 1401  0.3 1936  1.3
 3  Su       1124 0240  0.3 0805  1.3 1446  0.3 2013  1.3
 4  Mo       1124 0321  0.3 0844  1.3 1531  0.3 2050  1.3
 5  Tu       1124 0401  0.3 0922  1.3 1616  0.3 2128  1.3
 6  We       1124 0443  0.3 1002  1.3 1703  0.3 2209  1.3
 7  Th       1124 0525  0.3 1044  1.4 1750  0.4 2254  1.3
 8  Fr       1124 0610  0.3 1131  1.4 1840  0.4 2344  1.3
 9  Sa       1124 0657  0.3 1223  1.4 1932  0.4 9999  9.9
10  Su       1124 0040  1.3 0747  0.3 1319  1.4 2026  0.4
11  Mo       1124 0142  1.3 0840  0.3 1418  1.4 2123  0.3
12  Tu       1124 0245  1.3 0936  0.3 1518  1.4 2223  0.3
13  We       1124 0348  1.4 1035  0.3 1616  1.5 2324  0.3
14  Th       1124 0448  1.4 1136  0.3 1712  1.5 9999  9.9
15  Fr       1124 0025  0.2 0545  1.5 1238  0.2 1806  1.5
16  Sa       1124 0123  0.2 0640  1.5 1338  0.2 1858  1.5
17  Su       1124 0218  0.2 0732  1.5 1436  0.2 1949  1.5
18  Mo       1124 0311  0.1 0824  1.6 1532  0.2 2040  1.5
19  Tu       1124 0401  0.1 0914  1.5 1625  0.2 2130  1.4
20  We       1124 0449  0.2 1005  1.5 1716  0.2 2220  1.4
21  Th       1124 0536  0.2 1056  1.5 1806  0.3 2312  1.3
22  Fr       1124 0622  0.2 1148  1.4 1855  0.3 9999  9.9
23  Sa       1124 0006  1.2 0707  0.2 1240  1.4 1943  0.3
24  Su       1124 0101  1.2 0751  0.3 1334  1.3 2031  0.3
25  Mo       1124 0158  1.2 0835  0.3 1427  1.3 2119  0.3
26  Tu       1124 0254  1.1 0920  0.3 1519  1.3 2208  0.3
27  We       1124 0349  1.1 1007  0.3 1609  1.2 2256  0.3
28  Th       1124 0440  1.2 1056  0.3 1656  1.2 2345  0.3
29  Fr       1124 0528  1.2 1147  0.3 1741  1.2 9999  9.9
30  Sa       1124 0034  0.3 0614  1.2 1239  0.3 1823  1.2
 1  Su       1224 0122  0.3 0656  1.3 1332  0.3 1904  1.2
 2  Mo       1224 0208  0.3 0737  1.3 1423  0.3 1944  1.2
 3  Tu       1224 0254  0.3 0818  1.3 1514  0.3 2024  1.3
 4  We       1224 0339  0.3 0858  1.4 1603  0.3 2105  1.3
 5  Th       1224 0423  0.3 0940  1.4 1652  0.3 2149  1.3
 6  Fr       1224 0509  0.3 1024  1.4 1740  0.3 2237  1.3
 7  Sa       1224 0554  0.3 1111  1.4 1829  0.3 2328  1.3
 8  Su       1224 0641  0.3 1202  1.4 1920  0.3 9999  9.9
 9  Mo       1224 0024  1.3 0730  0.3 1257  1.5 2012  0.3
10  Tu       1224 0124  1.3 0822  0.3 1354  1.5 2106  0.3
11  We       1224 0226  1.4 0916  0.3 1453  1.5 2204  0.3
12  Th       1224 0328  1.4 1014  0.3 1552  1.5 2305  0.3
13  Fr       1224 0429  1.4 1117  0.3 1649  1.5 9999  9.9
14  Sa       1224 0006  0.2 0527  1.5 1222  0.3 1745  1.5
15  Su       1224 0105  0.2 0622  1.5 1326  0.3 1839  1.4
16  Mo       1224 0200  0.2 0715  1.5 1425  0.3 1931  1.4
17  Tu       1224 0252  0.2 0807  1.5 1520  0.3 2022  1.4
18  We       1224 0341  0.2 0856  1.5 1611  0.2 2111  1.4
19  Th       1224 0428  0.2 0945  1.5 1700  0.2 2200  1.3
20  Fr       1224 0511  0.2 1033  1.4 1745  0.3 2250  1.3
21  Sa       1224 0553  0.2 1121  1.4 1829  0.3 2340  1.2
22  Su       1224 0633  0.2 1209  1.4 1911  0.3 9999  9.9
23  Mo       1224 0031  1.2 0712  0.3 1257  1.3 1953  0.3
24  Tu       1224 0123  1.2 0753  0.3 1347  1.3 2036  0.3
25  We       1224 0216  1.2 0837  0.3 1437  1.2 2121  0.3
26  Th       1224 0310  1.2 0925  0.3 1526  1.2 2209  0.3
27  Fr       1224 0402  1.2 1015  0.3 1615  1.2 2300  0.3
28  Sa       1224 0452  1.2 1109  0.4 1703  1.2 2353  0.3
29  Su       1224 0540  1.2 1206  0.4 1749  1.2 9999  9.9
30  Mo       1224 0046  0.3 0626  1.3 1305  0.4 1833  1.2
31  Tu       1224 0138  0.3 0709  1.3 1403  0.4 1917  1.3
 1  We        125 0228  0.3 0752  1.4 1456  0.3 2001  1.3
 2  Th        125 0316  0.2 0835  1.4 1547  0.3 2046  1.3
 3  Fr        125 0403  0.2 0919  1.5 1636  0.3 2132  1.4
 4  Sa        125 0449  0.2 1004  1.5 1725  0.3 2221  1.4
 5  Su        125 0536  0.2 1052  1.5 1813  0.3 2312  1.4
 6  Mo        125 0623  0.2 1142  1.5 1903  0.3 9999  9.9
 7  Tu        125 0007  1.4 0712  0.3 1235  1.5 1954  0.3
 8  We        125 0105  1.4 0804  0.3 1332  1.5 2048  0.3
 9  Th        125 0206  1.4 0859  0.3 1430  1.4 2146  0.3
10  Fr        125 0309  1.4 0959  0.3 1530  1.4 2247  0.3
11  Sa        125 0410  1.4 1104  0.3 1629  1.4 2348  0.3
12  Su        125 0509  1.4 1212  0.3 1727  1.4 9999  9.9
13  Mo        125 0047  0.2 0606  1.4 1316  0.3 1823  1.4
14  Tu        125 0143  0.2 0700  1.5 1414  0.3 1915  1.4
15  We        125 0234  0.2 0750  1.5 1506  0.3 2005  1.3
16  Th        125 0321  0.2 0838  1.5 1554  0.3 2053  1.3
17  Fr        125 0404  0.2 0923  1.4 1639  0.3 2140  1.3
18  Sa        125 0444  0.2 1008  1.4 1720  0.3 2225  1.3
19  Su        125 0522  0.2 1051  1.4 1758  0.3 2311  1.3
20  Mo        125 0558  0.2 1135  1.3 1836  0.3 2357  1.2
21  Tu        125 0635  0.3 1219  1.3 1914  0.3 9999  9.9
22  We        125 0045  1.2 0716  0.3 1304  1.3 1955  0.3
23  Th        125 0135  1.2 0800  0.3 1352  1.2 2039  0.3
24  Fr        125 0228  1.2 0848  0.4 1442  1.2 2128  0.3
25  Sa        125 0321  1.2 0940  0.4 1533  1.2 2220  0.3
26  Su        125 0414  1.2 1036  0.4 1625  1.2 2316  0.3
27  Mo        125 0505  1.3 1137  0.4 1715  1.2 9999  9.9
28  Tu        125 0014  0.3 0553  1.3 1240  0.4 1804  1.3
29  We        125 0109  0.3 0640  1.4 1340  0.4 1852  1.3
30  Th        125 0202  0.3 0726  1.4 1435  0.3 1940  1.4
31  Fr        125 0252  0.2 0811  1.5 1526  0.3 2027  1.4
 1  Sa        225 0341  0.2 0856  1.5 1615  0.3 2115  1.5
 2  Su        225 0428  0.2 0943  1.6 1704  0.3 2204  1.5
 3  Mo        225 0515  0.2 1031  1.6 1753  0.3 2255  1.5
 4  Tu        225 0604  0.2 1121  1.6 1843  0.3 2349  1.5
 5  We        225 0654  0.3 1214  1.5 1935  0.3 9999  9.9
 6  Th        225 0046  1.5 0747  0.3 1310  1.5 2029  0.3
 7  Fr        225 0147  1.4 0844  0.3 1410  1.4 2127  0.3
 8  Sa        225 0249  1.4 0946  0.4 1511  1.4 2228  0.3
 9  Su        225 0352  1.4 1053  0.4 1613  1.3 2330  0.3
10  Mo        225 0452  1.4 1201  0.4 1712  1.3 9999  9.9
11  Tu        225 0028  0.3 0549  1.4 1303  0.3 1809  1.3
12  We        225 0123  0.3 0642  1.4 1358  0.3 1901  1.3
13  Th        225 0212  0.3 0731  1.4 1447  0.3 1949  1.3
14  Fr        225 0257  0.2 0816  1.4 1532  0.3 2034  1.3
15  Sa        225 0338  0.2 0859  1.4 1612  0.3 2117  1.3
16  Su        225 0415  0.3 0939  1.4 1649  0.3 2158  1.3
17  Mo        225 0449  0.3 1019  1.4 1724  0.3 2240  1.3
18  Tu        225 0524  0.3 1059  1.3 1759  0.3 2322  1.3
19  We        225 0602  0.3 1139  1.3 1836  0.3 9999  9.9
20  Th        225 0007  1.3 0643  0.3 1222  1.3 1917  0.3
21  Fr        225 0054  1.2 0729  0.4 1308  1.2 2002  0.4
22  Sa        225 0144  1.2 0818  0.4 1358  1.2 2052  0.4
23  Su        225 0238  1.2 0910  0.4 1452  1.2 2145  0.4
24  Mo        225 0333  1.3 1007  0.4 1548  1.2 2242  0.4
25  Tu        225 0428  1.3 1109  0.4 1644  1.2 2341  0.4
26  We        225 0520  1.4 1213  0.4 1737  1.3 9999  9.9
27  Th        225 0039  0.3 0610  1.4 1313  0.4 1828  1.4
28  Fr        225 0134  0.3 0658  1.5 1409  0.3 1918  1.5
 1  Sa        325 0226  0.3 0745  1.6 1501  0.3 2007  1.5
 2  Su        325 0316  0.2 0833  1.6 1551  0.3 2056  1.6
 3  Mo        325 0405  0.2 0920  1.6 1641  0.2 2146  1.6
 4  Tu        325 0455  0.2 1009  1.6 1730  0.2 2237  1.6
 5  We        325 0545  0.2 1100  1.6 1821  0.2 2330  1.6
 6  Th        325 0638  0.3 1153  1.5 1914  0.3 9999  9.9
 7  Fr        325 0027  1.5 0732  0.3 1250  1.5 2009  0.3
 8  Sa        325 0127  1.5 0831  0.3 1351  1.4 2107  0.3
 9  Su        325 0230  1.4 0933  0.4 1454  1.3 2206  0.3
10  Mo        325 0332  1.4 1039  0.4 1557  1.3 2307  0.3
11  Tu        325 0433  1.4 1143  0.4 1657  1.3 9999  9.9
12  We        325 0004  0.3 0529  1.4 1242  0.4 1753  1.3
13  Th        325 0057  0.3 0620  1.4 1335  0.3 1843  1.3
14  Fr        325 0145  0.3 0707  1.4 1421  0.3 1929  1.3
15  Sa        325 0228  0.3 0750  1.4 1502  0.3 2011  1.3
16  Su        325 0307  0.3 0830  1.4 1540  0.3 2051  1.3
17  Mo        325 0343  0.3 0908  1.4 1615  0.3 2130  1.3
18  Tu        325 0418  0.3 0945  1.3 1649  0.3 2209  1.3
19  We        325 0455  0.3 1023  1.3 1723  0.3 2249  1.3
20  Th        325 0534  0.3 1101  1.3 1801  0.4 2330  1.3
21  Fr        325 0617  0.4 1142  1.2 1843  0.4 9999  9.9
22  Sa        325 0014  1.3 0703  0.4 1227  1.2 1929  0.4
23  Su        325 0102  1.3 0752  0.4 1318  1.2 2019  0.4
24  Mo        325 0156  1.3 0845  0.4 1415  1.2 2113  0.4
25  Tu        325 0253  1.3 0942  0.4 1515  1.2 2210  0.4
26  We        325 0350  1.4 1042  0.4 1614  1.3 2308  0.4
27  Th        325 0446  1.4 1143  0.4 1710  1.4 9999  9.9
28  Fr        325 0007  0.4 0538  1.5 1243  0.4 1804  1.5
29  Sa        325 0104  0.3 0629  1.5 1340  0.3 1856  1.5
30  Su        325 0158  0.3 0719  1.6 1434  0.3 1946  1.6
31  Mo        325 0252  0.2 0808  1.6 1526  0.2 2036  1.6
 1  Tu        425 0344  0.2 0857  1.6 1617  0.2 2126  1.7
 2  We        425 0436  0.2 0947  1.6 1708  0.2 2218  1.6
 3  Th        425 0529  0.2 1039  1.6 1759  0.3 2311  1.6
 4  Fr        425 0623  0.3 1133  1.5 1852  0.3 9999  9.9
 5  Sa        425 0007  1.6 0718  0.3 1230  1.4 1946  0.3
 6  Su        425 0106  1.5 0816  0.3 1332  1.3 2042  0.4
 7  Mo        425 0207  1.4 0916  0.4 1435  1.3 2139  0.4
 8  Tu        425 0308  1.4 1017  0.4 1538  1.3 2236  0.4
 9  We        425 0407  1.4 1117  0.4 1638  1.3 2332  0.4
10  Th        425 0502  1.4 1212  0.4 1731  1.3 9999  9.9
11  Fr        425 0024  0.4 0551  1.4 1302  0.3 1820  1.3
12  Sa        425 0111  0.4 0637  1.4 1346  0.3 1904  1.3
13  Su        425 0154  0.3 0718  1.4 1426  0.3 1945  1.4
14  Mo        425 0234  0.3 0757  1.3 1503  0.3 2024  1.4
15  Tu        425 0312  0.3 0835  1.3 1539  0.3 2101  1.4
16  We        425 0350  0.4 0912  1.3 1614  0.3 2139  1.4
17  Th        425 0430  0.4 0948  1.3 1651  0.4 2217  1.4
18  Fr        425 0512  0.4 1026  1.3 1731  0.4 2256  1.4
19  Sa        425 0556  0.4 1107  1.2 1814  0.4 2339  1.4
20  Su        425 0643  0.4 1152  1.2 1900  0.4 9999  9.9
21  Mo        425 0026  1.4 0732  0.4 1245  1.2 1950  0.4
22  Tu        425 0119  1.4 0823  0.4 1343  1.3 2042  0.4
23  We        425 0216  1.4 0917  0.4 1445  1.3 2137  0.4
24  Th        425 0314  1.4 1014  0.4 1546  1.4 2235  0.4
25  Fr        425 0412  1.5 1113  0.4 1644  1.4 2334  0.4
26  Sa        425 0507  1.5 1213  0.3 1740  1.5 9999  9.9
27  Su        425 0034  0.3 0600  1.6 1311  0.3 1833  1.6
28  Mo        425 0133  0.3 0652  1.6 1407  0.3 1925  1.6
29  Tu        425 0230  0.3 0743  1.6 1501  0.2 2016  1.7
30  We        425 0325  0.3 0834  1.6 1554  0.2 2107  1.7
 1  Th        525 0420  0.3 0926  1.6 1646  0.2 2159  1.7
 2  Fr        525 0514  0.3 1018  1.5 1737  0.3 2252  1.6
 3  Sa        525 0608  0.3 1113  1.4 1829  0.3 2346  1.6
 4  Su        525 0702  0.3 1210  1.4 1920  0.3 9999  9.9
 5  Mo        525 0043  1.5 0756  0.3 1310  1.3 2012  0.4
 6  Tu        525 0140  1.5 0851  0.3 1411  1.3 2104  0.4
 7  We        525 0238  1.4 0946  0.4 1512  1.3 2156  0.4
 8  Th        525 0334  1.4 1039  0.4 1609  1.3 2248  0.4
 9  Fr        525 0427  1.3 1131  0.4 1702  1.3 2339  0.4
10  Sa        525 0515  1.3 1219  0.3 1750  1.3 9999  9.9
11  Su        525 0027  0.4 0601  1.3 1303  0.3 1834  1.3
12  Mo        525 0114  0.4 0643  1.3 1344  0.3 1915  1.4
13  Tu        525 0158  0.4 0723  1.3 1424  0.3 1955  1.4
14  We        525 0242  0.4 0802  1.3 1503  0.3 2033  1.4
15  Th        525 0326  0.4 0839  1.3 1543  0.4 2110  1.4
16  Fr        525 0410  0.4 0917  1.3 1623  0.4 2148  1.4
17  Sa        525 0454  0.4 0956  1.3 1705  0.4 2228  1.4
18  Su        525 0540  0.4 1039  1.3 1749  0.4 2310  1.4
19  Mo        525 0626  0.4 1126  1.3 1834  0.4 2356  1.4
20  Tu        525 0713  0.4 1218  1.3 1922  0.4 9999  9.9
21  We        525 0047  1.5 0802  0.4 1316  1.3 2012  0.4
22  Th        525 0143  1.5 0853  0.4 1418  1.4 2106  0.4
23  Fr        525 0241  1.5 0946  0.4 1519  1.4 2202  0.4
24  Sa        525 0340  1.5 1044  0.3 1619  1.5 2303  0.4
25  Su        525 0437  1.5 1144  0.3 1716  1.5 9999  9.9
26  Mo        525 0007  0.4 0533  1.5 1245  0.3 1812  1.6
27  Tu        525 0111  0.4 0628  1.6 1344  0.3 1905  1.6
28  We        525 0212  0.3 0721  1.6 1440  0.2 1957  1.7
29  Th        525 0311  0.3 0813  1.5 1533  0.2 2049  1.7
30  Fr        525 0406  0.3 0906  1.5 1625  0.2 2140  1.7
31  Sa        525 0459  0.3 0959  1.5 1714  0.3 2231  1.6
 1  Su        625 0550  0.3 1052  1.4 1802  0.3 2323  1.6
 2  Mo        625 0641  0.3 1147  1.3 1850  0.3 9999  9.9
 3  Tu        625 0015  1.5 0730  0.3 1244  1.3 1936  0.4
 4  We        625 0108  1.4 0818  0.3 1341  1.3 2022  0.4
 5  Th        625 0201  1.4 0905  0.3 1438  1.3 2108  0.4
 6  Fr        625 0254  1.3 0952  0.3 1533  1.3 2155  0.4
 7  Sa        625 0345  1.3 1039  0.3 1626  1.3 2244  0.4
 8  Su        625 0434  1.3 1126  0.3 1715  1.3 2336  0.4
 9  Mo        625 0521  1.3 1212  0.3 1801  1.3 9999  9.9
10  Tu        625 0029  0.4 0606  1.3 1259  0.3 1844  1.4
11  We        625 0122  0.4 0648  1.2 1344  0.3 1925  1.4
12  Th        625 0213  0.4 0729  1.2 1429  0.3 2004  1.4
13  Fr        625 0303  0.4 0809  1.3 1514  0.3 2043  1.4
14  Sa        625 0350  0.4 0850  1.3 1557  0.4 2122  1.5
15  Su        625 0436  0.4 0931  1.3 1641  0.4 2202  1.5
16  Mo        625 0522  0.4 1016  1.3 1725  0.4 2244  1.5
17  Tu        625 0607  0.4 1104  1.3 1809  0.4 2330  1.5
18  We        625 0653  0.4 1156  1.4 1856  0.4 9999  9.9
19  Th        625 0020  1.5 0740  0.4 1252  1.4 1945  0.4
20  Fr        625 0114  1.5 0829  0.4 1353  1.4 2037  0.4
21  Sa        625 0212  1.5 0922  0.3 1454  1.4 2135  0.4
22  Su        625 0311  1.5 1020  0.3 1555  1.5 2238  0.4
23  Mo        625 0411  1.5 1122  0.3 1655  1.5 2347  0.4
24  Tu        625 0509  1.5 1225  0.3 1752  1.6 9999  9.9
25  We        625 0056  0.4 0606  1.5 1325  0.3 1847  1.6
26  Th        625 0200  0.4 0701  1.5 1421  0.3 1940  1.6
27  Fr        625 0258  0.3 0755  1.5 1513  0.2 2031  1.6
28  Sa        625 0351  0.3 0847  1.4 1603  0.2 2120  1.6
29  Su        625 0442  0.3 0939  1.4 1649  0.3 2209  1.6
30  Mo        625 0529  0.3 1030  1.4 1733  0.3 2257  1.5
