445Richmond Bay
Based on data from 20-Feb-2020
Local Std Time, tidal heights in metres.
 1  Fr        722 0422  0.7 1044  2.4 1636  0.7 2307  2.6
 2  Sa        722 0456  0.7 1123  2.4 1711  0.7 2338  2.6
 3  Su        722 0532  0.7 1202  2.4 1744  0.7 9999  9.9
 4  Mo        722 0009  2.6 0610  0.7 1241  2.4 1818  0.7
 5  Tu        722 0043  2.5 0651  0.8 1320  2.4 1853  0.8
 6  We        722 0121  2.4 0739  0.8 1401  2.4 1933  0.8
 7  Th        722 0208  2.3 0831  0.8 1446  2.3 2020  0.9
 8  Fr        722 0307  2.3 0928  0.9 1537  2.3 2121  1.0
 9  Sa        722 0420  2.2 1027  0.9 1639  2.3 2240  1.0
10  Su        722 0534  2.3 1128  0.9 1754  2.3 9999  9.9
11  Mo        722 0006  1.0 0642  2.3 1231  0.8 1912  2.4
12  Tu        722 0116  0.8 0743  2.4 1335  0.8 2017  2.5
13  We        722 0213  0.7 0841  2.5 1436  0.7 2112  2.7
14  Th        722 0303  0.6 0935  2.6 1532  0.6 2200  2.8
15  Fr        722 0349  0.5 1027  2.6 1622  0.5 2244  2.9
16  Sa        722 0434  0.5 1117  2.7 1707  0.5 2326  2.9
17  Su        722 0519  0.5 1204  2.6 1749  0.5 9999  9.9
18  Mo        722 0008  2.8 0604  0.6 1248  2.6 1828  0.6
19  Tu        722 0050  2.7 0650  0.7 1331  2.5 1908  0.7
20  We        722 0134  2.5 0738  0.8 1412  2.4 1950  0.8
21  Th        722 0222  2.4 0828  0.9 1456  2.3 2038  1.0
22  Fr        722 0318  2.2 0920  1.0 1544  2.1 2143  1.1
23  Sa        722 0423  2.1 1015  1.1 1649  2.0 2312  1.2
24  Su        722 0532  2.1 1114  1.1 1819  2.0 9999  9.9
25  Mo        722 0033  1.1 0637  2.1 1218  1.1 1939  2.1
26  Tu        722 0131  1.0 0735  2.1 1323  1.1 2033  2.3
27  We        722 0217  0.9 0826  2.2 1421  1.0 2114  2.4
28  Th        722 0256  0.8 0912  2.3 1509  0.9 2149  2.5
29  Fr        722 0332  0.7 0954  2.4 1549  0.8 2220  2.6
30  Sa        722 0406  0.6 1033  2.5 1623  0.7 2251  2.7
31  Su        722 0439  0.6 1109  2.5 1654  0.6 2320  2.7
 1  Mo        822 0513  0.6 1144  2.6 1723  0.6 2350  2.7
 2  Tu        822 0547  0.6 1219  2.6 1754  0.6 9999  9.9
 3  We        822 0022  2.6 0623  0.6 1253  2.6 1825  0.6
 4  Th        822 0057  2.6 0703  0.7 1329  2.5 1901  0.7
 5  Fr        822 0137  2.5 0748  0.7 1409  2.5 1943  0.8
 6  Sa        822 0228  2.3 0840  0.8 1455  2.4 2037  0.9
 7  Su        822 0333  2.2 0941  0.9 1553  2.2 2158  1.0
 8  Mo        822 0454  2.2 1051  1.0 1717  2.2 2342  1.0
 9  Tu        822 0618  2.2 1208  1.0 1856  2.3 9999  9.9
10  We        822 0105  0.9 0733  2.3 1326  0.9 2010  2.5
11  Th        822 0205  0.8 0837  2.4 1433  0.8 2104  2.7
12  Fr        822 0255  0.6 0932  2.6 1527  0.6 2149  2.8
13  Sa        822 0340  0.5 1020  2.7 1612  0.5 2230  2.9
14  Su        822 0422  0.5 1104  2.7 1652  0.4 2309  2.9
15  Mo        822 0502  0.5 1145  2.7 1728  0.4 2347  2.9
16  Tu        822 0541  0.5 1223  2.7 1803  0.5 9999  9.9
17  We        822 0024  2.8 0620  0.6 1258  2.6 1836  0.6
18  Th        822 0102  2.6 0658  0.7 1333  2.5 1912  0.8
19  Fr        822 0141  2.4 0738  0.8 1407  2.3 1952  0.9
20  Sa        822 0226  2.2 0823  1.0 1444  2.2 2046  1.1
21  Su        822 0322  2.1 0915  1.1 1534  2.0 2218  1.2
22  Mo        822 0434  2.0 1020  1.2 1717  1.9 2359  1.2
23  Tu        822 0558  2.0 1139  1.2 1920  2.0 9999  9.9
24  We        822 0106  1.1 0712  2.0 1301  1.2 2016  2.2
25  Th        822 0155  1.0 0810  2.2 1407  1.0 2055  2.4
26  Fr        822 0234  0.8 0857  2.3 1454  0.9 2127  2.5
27  Sa        822 0310  0.7 0937  2.5 1530  0.7 2157  2.7
28  Su        822 0343  0.6 1013  2.6 1601  0.6 2227  2.7
29  Mo        822 0415  0.5 1047  2.7 1630  0.5 2256  2.8
30  Tu        822 0447  0.5 1120  2.7 1658  0.5 2326  2.8
31  We        822 0520  0.5 1152  2.8 1727  0.5 2357  2.7
 1  Th        922 0554  0.5 1225  2.7 1758  0.5 9999  9.9
 2  Fr        922 0031  2.6 0632  0.6 1300  2.7 1833  0.6
 3  Sa        922 0111  2.5 0714  0.7 1337  2.5 1913  0.7
 4  Su        922 0159  2.3 0804  0.8 1421  2.4 2006  0.9
 5  Mo        922 0303  2.2 0906  1.0 1519  2.2 2134  1.1
 6  Tu        922 0430  2.1 1024  1.1 1656  2.1 2335  1.1
 7  We        922 0610  2.1 1157  1.1 1852  2.2 9999  9.9
 8  Th        922 0059  0.9 0731  2.2 1323  1.0 2002  2.4
 9  Fr        922 0157  0.8 0832  2.4 1427  0.8 2051  2.7
10  Sa        922 0243  0.6 0921  2.6 1515  0.6 2132  2.8
11  Su        922 0324  0.5 1004  2.7 1555  0.5 2210  2.9
12  Mo        922 0402  0.5 1043  2.8 1630  0.4 2246  2.9
13  Tu        922 0437  0.5 1119  2.8 1702  0.4 2321  2.9
14  We        922 0512  0.5 1153  2.8 1734  0.5 2355  2.8
15  Th        922 0546  0.6 1225  2.7 1804  0.6 9999  9.9
16  Fr        922 0029  2.6 0620  0.7 1255  2.5 1837  0.7
17  Sa        922 0104  2.4 0656  0.8 1325  2.4 1913  0.9
18  Su        922 0144  2.2 0737  1.0 1356  2.2 2002  1.1
19  Mo        922 0234  2.1 0826  1.1 1436  2.0 2133  1.2
20  Tu        922 0344  1.9 0931  1.2 1559  1.9 2323  1.2
21  We        922 0517  1.9 1059  1.3 1850  2.0 9999  9.9
22  Th        922 0034  1.1 0643  2.0 1232  1.2 1947  2.2
23  Fr        922 0123  1.0 0744  2.2 1340  1.1 2024  2.4
24  Sa        922 0203  0.8 0830  2.3 1426  0.9 2056  2.5
25  Su        922 0239  0.6 0909  2.5 1501  0.7 2127  2.7
26  Mo        922 0312  0.5 0944  2.6 1532  0.6 2157  2.8
27  Tu        922 0345  0.5 1018  2.8 1602  0.5 2227  2.8
28  We        922 0418  0.4 1052  2.8 1631  0.4 2259  2.8
29  Th        922 0453  0.4 1125  2.8 1702  0.4 2333  2.8
30  Fr        922 0529  0.5 1159  2.8 1735  0.5 9999  9.9
 1  Sa       1022 0010  2.6 0607  0.6 1235  2.7 1811  0.6
 2  Su       1022 0052  2.5 0651  0.7 1314  2.6 1854  0.8
 3  Mo       1022 0143  2.3 0742  0.9 1359  2.4 1952  1.0
 4  Tu       1022 0251  2.1 0846  1.0 1502  2.2 2134  1.1
 5  We       1022 0425  2.0 1010  1.1 1654  2.1 2332  1.1
 6  Th       1022 0603  2.1 1148  1.1 1842  2.2 9999  9.9
 7  Fr       1022 0046  0.9 0719  2.2 1313  1.0 1944  2.4
 8  Sa       1022 0139  0.8 0815  2.4 1412  0.8 2029  2.6
 9  Su       1022 0222  0.6 0901  2.6 1455  0.6 2109  2.8
10  Mo       1022 0300  0.6 0941  2.7 1532  0.5 2145  2.9
11  Tu       1022 0335  0.5 1018  2.8 1604  0.4 2219  2.8
12  We       1022 0409  0.5 1052  2.8 1635  0.4 2252  2.8
13  Th       1022 0442  0.5 1124  2.8 1705  0.5 2325  2.7
14  Fr       1022 0515  0.6 1154  2.7 1736  0.6 2358  2.5
15  Sa       1022 0549  0.7 1223  2.6 1808  0.7 9999  9.9
16  Su       1022 0034  2.4 0625  0.8 1252  2.4 1845  0.9
17  Mo       1022 0114  2.2 0705  0.9 1323  2.3 1935  1.1
18  Tu       1022 0204  2.1 0752  1.1 1403  2.1 2059  1.2
19  We       1022 0310  2.0 0853  1.2 1513  1.9 2240  1.2
20  Th       1022 0432  1.9 1014  1.3 1750  2.0 2349  1.1
21  Fr       1022 0555  2.0 1143  1.2 1859  2.1 9999  9.9
22  Sa       1022 0040  0.9 0659  2.2 1256  1.1 1942  2.3
23  Su       1022 0122  0.8 0749  2.3 1346  0.9 2017  2.5
24  Mo       1022 0200  0.6 0832  2.5 1425  0.7 2051  2.7
25  Tu       1022 0237  0.5 0911  2.7 1500  0.6 2124  2.8
26  We       1022 0314  0.5 0948  2.8 1533  0.5 2159  2.8
27  Th       1022 0351  0.4 1025  2.9 1607  0.4 2235  2.8
28  Fr       1022 0429  0.4 1101  2.9 1641  0.4 2314  2.7
29  Sa       1022 0510  0.5 1139  2.8 1718  0.5 2356  2.6
30  Su       1022 0553  0.6 1218  2.7 1759  0.6 9999  9.9
31  Mo       1022 0044  2.4 0640  0.7 1300  2.6 1848  0.8
 1  Tu       1122 0141  2.3 0733  0.9 1350  2.4 1956  1.0
 2  We       1122 0252  2.1 0836  1.0 1500  2.2 2137  1.1
 3  Th       1122 0416  2.1 0956  1.1 1645  2.1 2312  1.0
 4  Fr       1122 0541  2.1 1128  1.1 1816  2.3 9999  9.9
 5  Sa       1122 0018  0.9 0651  2.2 1249  1.0 1915  2.4
 6  Su       1122 0109  0.8 0748  2.4 1347  0.8 2001  2.6
 7  Mo       1122 0151  0.7 0834  2.5 1430  0.7 2040  2.7
 8  Tu       1122 0230  0.7 0915  2.6 1506  0.6 2117  2.7
 9  We       1122 0306  0.6 0952  2.7 1539  0.5 2152  2.7
10  Th       1122 0341  0.6 1026  2.7 1611  0.5 2226  2.6
11  Fr       1122 0416  0.6 1059  2.7 1642  0.6 2301  2.6
12  Sa       1122 0451  0.7 1129  2.6 1714  0.6 2336  2.5
13  Su       1122 0527  0.7 1159  2.5 1749  0.8 9999  9.9
14  Mo       1122 0014  2.3 0604  0.8 1230  2.4 1828  0.9
15  Tu       1122 0057  2.2 0644  0.9 1303  2.3 1919  1.0
16  We       1122 0146  2.1 0728  1.0 1344  2.2 2029  1.1
17  Th       1122 0243  2.1 0820  1.1 1446  2.1 2148  1.1
18  Fr       1122 0346  2.0 0924  1.2 1628  2.0 2254  1.0
19  Sa       1122 0454  2.1 1041  1.2 1753  2.1 2347  0.9
20  Su       1122 0600  2.2 1158  1.1 1849  2.3 9999  9.9
21  Mo       1122 0034  0.8 0659  2.3 1259  0.9 1933  2.4
22  Tu       1122 0118  0.7 0751  2.5 1347  0.8 2014  2.6
23  We       1122 0201  0.6 0838  2.6 1429  0.6 2054  2.7
24  Th       1122 0245  0.5 0921  2.7 1509  0.5 2135  2.7
25  Fr       1122 0329  0.5 1003  2.8 1548  0.4 2217  2.7
26  Sa       1122 0414  0.5 1044  2.9 1628  0.4 2303  2.7
27  Su       1122 0500  0.5 1125  2.8 1710  0.5 2352  2.6
28  Mo       1122 0547  0.6 1208  2.8 1756  0.6 9999  9.9
29  Tu       1122 0045  2.4 0635  0.7 1254  2.6 1850  0.8
30  We       1122 0142  2.3 0726  0.8 1346  2.5 1958  0.9
 1  Th       1222 0244  2.2 0822  0.9 1452  2.3 2119  1.0
 2  Fr       1222 0350  2.2 0930  1.0 1615  2.2 2234  1.0
 3  Sa       1222 0500  2.1 1051  1.1 1735  2.2 2335  1.0
 4  Su       1222 0610  2.2 1212  1.0 1837  2.3 9999  9.9
 5  Mo       1222 0027  0.9 0713  2.3 1315  0.9 1927  2.4
 6  Tu       1222 0114  0.9 0806  2.4 1403  0.8 2010  2.5
 7  We       1222 0157  0.8 0851  2.5 1442  0.7 2050  2.5
 8  Th       1222 0239  0.8 0931  2.6 1517  0.7 2128  2.5
 9  Fr       1222 0320  0.8 1007  2.6 1551  0.6 2206  2.5
10  Sa       1222 0359  0.7 1040  2.6 1625  0.6 2245  2.5
11  Su       1222 0437  0.7 1112  2.6 1659  0.7 2324  2.4
12  Mo       1222 0514  0.7 1144  2.6 1736  0.7 9999  9.9
13  Tu       1222 0004  2.4 0550  0.8 1215  2.5 1815  0.8
14  We       1222 0045  2.3 0627  0.8 1249  2.4 1901  0.9
15  Th       1222 0128  2.3 0705  0.9 1327  2.3 1954  0.9
16  Fr       1222 0213  2.2 0747  1.0 1416  2.2 2053  1.0
17  Sa       1222 0302  2.2 0836  1.0 1522  2.2 2153  1.0
18  Su       1222 0355  2.2 0938  1.1 1640  2.2 2249  0.9
19  Mo       1222 0456  2.2 1054  1.1 1749  2.2 2343  0.9
20  Tu       1222 0604  2.3 1210  1.0 1847  2.3 9999  9.9
21  We       1222 0036  0.8 0710  2.4 1312  0.8 1939  2.4
22  Th       1222 0129  0.7 0809  2.5 1405  0.7 2029  2.5
23  Fr       1222 0223  0.6 0901  2.7 1451  0.6 2119  2.6
24  Sa       1222 0316  0.6 0948  2.8 1536  0.5 2209  2.6
25  Su       1222 0407  0.5 1033  2.9 1620  0.5 2300  2.6
26  Mo       1222 0455  0.5 1116  2.9 1706  0.5 2351  2.6
27  Tu       1222 0541  0.5 1200  2.8 1754  0.6 9999  9.9
28  We       1222 0041  2.5 0626  0.6 1245  2.7 1845  0.7
29  Th       1222 0131  2.5 0710  0.7 1334  2.6 1942  0.8
30  Fr       1222 0221  2.4 0758  0.8 1429  2.4 2043  0.9
31  Sa       1222 0312  2.3 0852  1.0 1534  2.3 2143  1.0
 1  Su        123 0409  2.2 1001  1.1 1645  2.2 2241  1.0
 2  Mo        123 0515  2.1 1125  1.1 1752  2.2 2337  1.0
 3  Tu        123 0631  2.1 1241  1.1 1850  2.2 9999  9.9
 4  We        123 0033  1.0 0739  2.2 1337  1.0 1942  2.3
 5  Th        123 0128  1.0 0832  2.3 1422  0.9 2029  2.3
 6  Fr        123 0220  0.9 0915  2.4 1500  0.8 2113  2.4
 7  Sa        123 0308  0.9 0953  2.5 1536  0.7 2155  2.4
 8  Su        123 0350  0.8 1027  2.6 1611  0.7 2235  2.4
 9  Mo        123 0427  0.7 1058  2.6 1646  0.7 2314  2.5
10  Tu        123 0501  0.7 1129  2.6 1721  0.7 2351  2.5
11  We        123 0533  0.7 1159  2.6 1757  0.7 9999  9.9
12  Th        123 0028  2.5 0605  0.7 1230  2.5 1835  0.7
13  Fr        123 0104  2.4 0637  0.7 1304  2.5 1917  0.8
14  Sa        123 0141  2.4 0712  0.8 1344  2.4 2003  0.8
15  Su        123 0220  2.4 0753  0.9 1434  2.3 2055  0.9
16  Mo        123 0305  2.3 0844  1.0 1537  2.2 2151  0.9
17  Tu        123 0359  2.2 0955  1.0 1651  2.2 2252  0.9
18  We        123 0510  2.2 1125  1.0 1805  2.2 2358  0.9
19  Th        123 0635  2.3 1246  0.9 1914  2.3 9999  9.9
20  Fr        123 0106  0.9 0750  2.4 1349  0.8 2016  2.4
21  Sa        123 0211  0.8 0849  2.6 1441  0.6 2113  2.5
22  Su        123 0310  0.6 0939  2.8 1528  0.5 2206  2.6
23  Mo        123 0401  0.5 1023  2.9 1613  0.5 2256  2.7
24  Tu        123 0447  0.5 1106  2.9 1658  0.4 2342  2.7
25  We        123 0528  0.4 1147  2.9 1742  0.5 9999  9.9
26  Th        123 0026  2.7 0608  0.5 1229  2.8 1827  0.6
27  Fr        123 0107  2.6 0646  0.6 1311  2.7 1913  0.7
28  Sa        123 0148  2.5 0726  0.7 1357  2.5 2000  0.8
29  Su        123 0229  2.4 0810  0.9 1448  2.3 2049  0.9
30  Mo        123 0314  2.2 0908  1.1 1549  2.1 2143  1.0
31  Tu        123 0411  2.1 1033  1.2 1700  2.1 2243  1.1
 1  We        223 0540  2.0 1207  1.2 1812  2.0 2351  1.2
 2  Th        223 0719  2.1 1314  1.1 1918  2.1 9999  9.9
 3  Fr        223 0104  1.1 0820  2.2 1404  1.0 2014  2.2
 4  Sa        223 0209  1.0 0903  2.4 1444  0.8 2102  2.3
 5  Su        223 0300  0.9 0938  2.5 1520  0.7 2144  2.4
 6  Mo        223 0339  0.8 1010  2.6 1554  0.7 2222  2.5
 7  Tu        223 0412  0.7 1040  2.7 1627  0.6 2258  2.6
 8  We        223 0442  0.6 1108  2.7 1659  0.6 2331  2.6
 9  Th        223 0511  0.6 1137  2.7 1732  0.6 9999  9.9
10  Fr        223 0003  2.6 0538  0.6 1206  2.7 1805  0.6
11  Sa        223 0035  2.6 0607  0.6 1237  2.6 1841  0.6
12  Su        223 0108  2.6 0639  0.6 1312  2.5 1920  0.7
13  Mo        223 0143  2.5 0716  0.7 1356  2.4 2006  0.8
14  Tu        223 0223  2.4 0802  0.9 1452  2.2 2102  0.9
15  We        223 0313  2.3 0909  1.0 1606  2.1 2210  1.0
16  Th        223 0426  2.2 1055  1.1 1736  2.1 2330  1.0
17  Fr        223 0613  2.2 1232  1.0 1901  2.2 9999  9.9
18  Sa        223 0053  1.0 0741  2.4 1339  0.8 2011  2.3
19  Su        223 0206  0.8 0840  2.6 1431  0.6 2108  2.5
20  Mo        223 0304  0.7 0927  2.8 1517  0.5 2158  2.7
21  Tu        223 0350  0.5 1009  2.9 1600  0.4 2242  2.8
22  We        223 0431  0.4 1048  3.0 1641  0.4 2323  2.8
23  Th        223 0508  0.4 1127  3.0 1720  0.4 9999  9.9
24  Fr        223 0001  2.8 0543  0.4 1204  2.9 1759  0.5
25  Sa        223 0038  2.7 0617  0.5 1242  2.7 1837  0.6
26  Su        223 0113  2.6 0652  0.7 1321  2.5 1916  0.8
27  Mo        223 0147  2.4 0730  0.9 1404  2.3 1959  0.9
28  Tu        223 0223  2.2 0819  1.1 1456  2.1 2048  1.1
 1  We        323 0306  2.1 0942  1.2 1605  2.0 2149  1.2
 2  Th        323 0431  1.9 1134  1.2 1733  1.9 2310  1.3
 3  Fr        323 0702  2.0 1250  1.1 1857  2.0 9999  9.9
 4  Sa        323 0042  1.2 0803  2.2 1341  1.0 1958  2.1
 5  Su        323 0155  1.1 0843  2.3 1421  0.8 2045  2.3
 6  Mo        323 0243  0.9 0915  2.5 1456  0.7 2125  2.4
 7  Tu        323 0318  0.8 0945  2.6 1529  0.6 2200  2.6
 8  We        323 0349  0.6 1013  2.7 1600  0.5 2232  2.7
 9  Th        323 0416  0.6 1041  2.8 1631  0.5 2304  2.7
10  Fr        323 0443  0.5 1109  2.8 1702  0.5 2334  2.7
11  Sa        323 0510  0.5 1138  2.7 1734  0.5 9999  9.9
12  Su        323 0005  2.7 0539  0.5 1210  2.6 1809  0.6
13  Mo        323 0037  2.7 0610  0.6 1245  2.5 1847  0.7
14  Tu        323 0112  2.6 0647  0.7 1328  2.4 1932  0.8
15  We        323 0151  2.4 0733  0.9 1424  2.2 2028  1.0
16  Th        323 0242  2.3 0845  1.1 1542  2.1 2141  1.1
17  Fr        323 0401  2.1 1046  1.1 1725  2.0 2313  1.1
18  Sa        323 0607  2.1 1224  1.0 1856  2.2 9999  9.9
19  Su        323 0046  1.0 0732  2.4 1327  0.8 2003  2.3
20  Mo        323 0158  0.8 0825  2.6 1417  0.6 2055  2.5
21  Tu        323 0250  0.6 0908  2.8 1500  0.5 2140  2.7
22  We        323 0332  0.5 0948  2.9 1539  0.4 2221  2.8
23  Th        323 0409  0.4 1025  3.0 1617  0.4 2258  2.9
24  Fr        323 0443  0.4 1101  2.9 1653  0.4 2334  2.8
25  Sa        323 0516  0.4 1137  2.8 1728  0.5 9999  9.9
26  Su        323 0007  2.8 0548  0.5 1212  2.7 1803  0.6
27  Mo        323 0039  2.6 0621  0.7 1248  2.5 1839  0.8
28  Tu        323 0109  2.5 0657  0.9 1328  2.3 1918  0.9
29  We        323 0141  2.3 0743  1.1 1416  2.1 2005  1.1
30  Th        323 0219  2.1 0904  1.2 1522  1.9 2106  1.2
31  Fr        323 0329  1.9 1058  1.2 1654  1.9 2230  1.3
 1  Sa        423 0628  1.9 1214  1.1 1824  2.0 9999  9.9
 2  Su        423 0008  1.2 0731  2.1 1306  1.0 1927  2.1
 3  Mo        423 0124  1.1 0810  2.3 1347  0.8 2014  2.3
 4  Tu        423 0212  0.9 0842  2.5 1423  0.7 2053  2.5
 5  We        423 0247  0.8 0912  2.6 1456  0.6 2129  2.6
 6  Th        423 0318  0.6 0941  2.7 1528  0.5 2202  2.7
 7  Fr        423 0346  0.5 1010  2.8 1601  0.5 2234  2.8
 8  Sa        423 0415  0.5 1041  2.8 1633  0.5 2306  2.8
 9  Su        423 0444  0.4 1113  2.7 1708  0.5 2339  2.8
10  Mo        423 0515  0.5 1147  2.6 1745  0.6 9999  9.9
11  Tu        423 0013  2.7 0549  0.6 1227  2.5 1825  0.7
12  We        423 0050  2.6 0629  0.7 1314  2.3 1913  0.8
13  Th        423 0132  2.4 0721  0.9 1415  2.2 2011  1.0
14  Fr        423 0227  2.3 0844  1.1 1539  2.0 2127  1.1
15  Sa        423 0357  2.1 1043  1.1 1717  2.0 2301  1.1
16  Su        423 0557  2.2 1207  1.0 1840  2.2 9999  9.9
17  Mo        423 0032  1.0 0711  2.4 1306  0.8 1943  2.4
18  Tu        423 0140  0.8 0801  2.6 1353  0.7 2033  2.5
19  We        423 0229  0.7 0844  2.8 1434  0.6 2117  2.7
20  Th        423 0309  0.5 0922  2.8 1513  0.5 2156  2.8
21  Fr        423 0345  0.4 0959  2.9 1549  0.5 2233  2.8
22  Sa        423 0418  0.4 1034  2.8 1625  0.5 2307  2.8
23  Su        423 0450  0.5 1109  2.7 1700  0.6 2339  2.7
24  Mo        423 0522  0.6 1145  2.6 1735  0.7 9999  9.9
25  Tu        423 0010  2.6 0555  0.7 1221  2.4 1811  0.8
26  We        423 0041  2.5 0633  0.9 1302  2.2 1851  0.9
27  Th        423 0113  2.3 0722  1.0 1351  2.1 1937  1.0
28  Fr        423 0151  2.1 0838  1.2 1453  2.0 2033  1.2
29  Sa        423 0255  2.0 1013  1.2 1609  1.9 2146  1.2
30  Su        423 0518  2.0 1126  1.1 1729  2.0 2314  1.2
 1  Mo        523 0638  2.1 1219  1.0 1836  2.1 9999  9.9
 2  Tu        523 0033  1.1 0723  2.3 1302  0.8 1929  2.3
 3  We        523 0128  1.0 0800  2.4 1341  0.7 2013  2.4
 4  Th        523 0209  0.8 0833  2.6 1418  0.6 2053  2.6
 5  Fr        523 0244  0.7 0906  2.7 1455  0.5 2130  2.7
 6  Sa        523 0316  0.5 0940  2.7 1532  0.5 2206  2.8
 7  Su        523 0349  0.5 1015  2.7 1610  0.5 2242  2.8
 8  Mo        523 0422  0.5 1053  2.7 1649  0.5 2318  2.8
 9  Tu        523 0458  0.5 1134  2.6 1731  0.6 2356  2.7
10  We        523 0538  0.6 1220  2.5 1816  0.7 9999  9.9
11  Th        523 0037  2.6 0624  0.7 1315  2.3 1906  0.8
12  Fr        523 0124  2.5 0724  0.9 1419  2.2 2004  0.9
13  Sa        523 0225  2.3 0850  1.0 1533  2.1 2114  1.1
14  Su        523 0352  2.2 1024  1.0 1653  2.1 2238  1.1
15  Mo        523 0529  2.2 1137  0.9 1809  2.2 9999  9.9
16  Tu        523 0005  1.0 0639  2.4 1233  0.8 1912  2.3
17  We        523 0113  0.9 0731  2.5 1321  0.8 2006  2.5
18  Th        523 0204  0.7 0815  2.6 1404  0.7 2051  2.6
19  Fr        523 0245  0.6 0855  2.7 1445  0.6 2132  2.7
20  Sa        523 0321  0.6 0933  2.7 1523  0.6 2209  2.7
21  Su        523 0355  0.5 1010  2.6 1601  0.6 2244  2.7
22  Mo        523 0429  0.6 1047  2.6 1639  0.7 2317  2.7
23  Tu        523 0503  0.6 1125  2.5 1716  0.7 2349  2.6
24  We        523 0538  0.7 1205  2.4 1754  0.8 9999  9.9
25  Th        523 0021  2.5 0618  0.8 1248  2.3 1833  0.9
26  Fr        523 0055  2.3 0707  1.0 1335  2.2 1915  1.0
27  Sa        523 0135  2.2 0810  1.0 1427  2.1 2002  1.1
28  Su        523 0229  2.1 0922  1.1 1524  2.1 2059  1.1
29  Mo        523 0354  2.0 1027  1.0 1625  2.1 2209  1.2
30  Tu        523 0522  2.1 1122  1.0 1729  2.1 2327  1.1
31  We        523 0623  2.2 1210  0.9 1831  2.2 9999  9.9
 1  Th        623 0034  1.0 0710  2.3 1255  0.8 1927  2.3
 2  Fr        623 0127  0.9 0753  2.5 1340  0.7 2017  2.5
 3  Sa        623 0211  0.7 0833  2.5 1424  0.6 2101  2.6
 4  Su        623 0251  0.6 0915  2.6 1509  0.6 2144  2.7
 5  Mo        623 0330  0.5 0957  2.6 1555  0.6 2225  2.8
 6  Tu        623 0409  0.5 1043  2.6 1640  0.6 2306  2.8
 7  We        623 0450  0.5 1131  2.6 1726  0.6 2348  2.8
 8  Th        623 0535  0.6 1222  2.5 1813  0.6 9999  9.9
 9  Fr        623 0032  2.7 0626  0.7 1316  2.4 1900  0.7
10  Sa        623 0121  2.6 0726  0.8 1413  2.3 1952  0.8
11  Su        623 0219  2.4 0837  0.9 1512  2.2 2051  1.0
12  Mo        623 0330  2.3 0949  0.9 1616  2.2 2202  1.0
13  Tu        623 0449  2.3 1054  0.9 1725  2.2 2326  1.0
14  We        623 0559  2.3 1151  0.9 1834  2.2 9999  9.9
15  Th        623 0041  1.0 0657  2.4 1243  0.9 1936  2.3
16  Fr        623 0138  0.9 0746  2.4 1333  0.9 2029  2.4
17  Sa        623 0223  0.8 0830  2.5 1420  0.8 2113  2.5
18  Su        623 0302  0.7 0913  2.5 1505  0.8 2153  2.6
19  Mo        623 0338  0.7 0954  2.5 1547  0.8 2229  2.6
20  Tu        623 0413  0.7 1034  2.4 1627  0.7 2302  2.6
21  We        623 0449  0.7 1115  2.4 1704  0.7 2335  2.6
22  Th        623 0525  0.7 1155  2.4 1740  0.8 9999  9.9
23  Fr        623 0007  2.5 0605  0.8 1235  2.4 1815  0.8
24  Sa        623 0040  2.4 0647  0.8 1315  2.3 1851  0.8
25  Su        623 0115  2.4 0736  0.9 1356  2.3 1929  0.9
26  Mo        623 0158  2.3 0828  0.9 1440  2.2 2012  1.0
27  Tu        623 0253  2.2 0924  1.0 1527  2.2 2106  1.1
28  We        623 0402  2.1 1019  0.9 1622  2.2 2216  1.1
29  Th        623 0514  2.2 1113  0.9 1727  2.2 2337  1.1
30  Fr        623 0618  2.2 1208  0.9 1839  2.3 9999  9.9
