333Scott Base
Based on data from  2-Jul-2003
Local Std Time, tidal heights in metres.
 1  Mo        724 0940  2.2 2330  1.5 9999  9.9 9999  9.9
 2  Tu        724 1013  2.4 2347  1.4 9999  9.9 9999  9.9
 3  We        724 1051  2.5 9999  9.9 9999  9.9 9999  9.9
 4  Th        724 0018  1.4 1130  2.5 9999  9.9 9999  9.9
 5  Fr        724 0058  1.3 1210  2.6 9999  9.9 9999  9.9
 6  Sa        724 0145  1.3 1249  2.5 9999  9.9 9999  9.9
 7  Su        724 0237  1.4 1328  2.5 9999  9.9 9999  9.9
 8  Mo        724 0334  1.4 1408  2.4 9999  9.9 9999  9.9
 9  Tu        724 0430  1.5 1448  2.4 9999  9.9 9999  9.9
10  We        724 0510  1.6 1529  2.3 9999  9.9 9999  9.9
11  Th        724 0503  1.7 1610  2.1 9999  9.9 9999  9.9
12  Fr        724 0153  1.8 1643  2.0 9999  9.9 9999  9.9
13  Sa        724 0054  1.8 1144  2.0 9999  9.9 9999  9.9
14  Su        724 0016  1.8 0959  2.1 2342  1.7 9999  9.9
15  Mo        724 0955  2.2 2312  1.7 9999  9.9 9999  9.9
16  Tu        724 1009  2.3 2257  1.6 9999  9.9 9999  9.9
17  We        724 1031  2.4 2308  1.5 9999  9.9 9999  9.9
18  Th        724 1058  2.5 2336  1.4 9999  9.9 9999  9.9
19  Fr        724 1131  2.5 9999  9.9 9999  9.9 9999  9.9
20  Sa        724 0013  1.4 1207  2.6 9999  9.9 9999  9.9
21  Su        724 0057  1.3 1246  2.6 9999  9.9 9999  9.9
22  Mo        724 0146  1.3 1327  2.5 9999  9.9 9999  9.9
23  Tu        724 0242  1.3 1408  2.4 9999  9.9 9999  9.9
24  We        724 0345  1.4 1442  2.3 9999  9.9 9999  9.9
25  Th        724 0452  1.6 1446  2.2 9999  9.9 9999  9.9
26  Fr        724 0559  1.7 1352  2.0 2231  1.9 9999  9.9
27  Sa        724 0225  1.9 0712  1.9 1245  2.0 2150  1.8
28  Su        724 0706  2.1 2153  1.6 9999  9.9 9999  9.9
29  Mo        724 0824  2.2 2216  1.5 9999  9.9 9999  9.9
30  Tu        724 0914  2.4 2251  1.4 9999  9.9 9999  9.9
31  We        724 0959  2.5 2333  1.4 9999  9.9 9999  9.9
 1  Th        824 1040  2.5 9999  9.9 9999  9.9 9999  9.9
 2  Fr        824 0020  1.4 1118  2.5 9999  9.9 9999  9.9
 3  Sa        824 0112  1.4 1152  2.5 9999  9.9 9999  9.9
 4  Su        824 0211  1.4 1225  2.5 9999  9.9 9999  9.9
 5  Mo        824 0312  1.5 1256  2.4 9999  9.9 9999  9.9
 6  Tu        824 0409  1.5 1324  2.3 9999  9.9 9999  9.9
 7  We        824 0456  1.6 1348  2.2 9999  9.9 9999  9.9
 8  Th        824 0528  1.7 1356  2.1 9999  9.9 9999  9.9
 9  Fr        824 0524  1.8 1249  2.0 2256  1.9 9999  9.9
10  Sa        824 1037  2.0 1659  1.9 1806  1.9 2219  1.8
11  Su        824 0827  2.1 1718  1.8 1932  1.8 2143  1.8
12  Mo        824 0836  2.2 1815  1.7 9999  9.9 9999  9.9
13  Tu        824 0857  2.3 2023  1.6 9999  9.9 9999  9.9
14  We        824 0924  2.3 2127  1.6 9999  9.9 9999  9.9
15  Th        824 0954  2.4 2215  1.5 9999  9.9 9999  9.9
16  Fr        824 1028  2.5 2303  1.4 9999  9.9 9999  9.9
17  Sa        824 1105  2.5 2354  1.4 9999  9.9 9999  9.9
18  Su        824 1143  2.5 9999  9.9 9999  9.9 9999  9.9
19  Mo        824 0051  1.4 1221  2.5 9999  9.9 9999  9.9
20  Tu        824 0158  1.4 1255  2.4 9999  9.9 9999  9.9
21  We        824 0317  1.5 1309  2.2 9999  9.9 9999  9.9
22  Th        824 0442  1.6 1235  2.1 2022  2.0 2131  2.0
23  Fr        824 0606  1.7 1155  2.0 1707  1.9 9999  9.9
24  Sa        824 0101  2.1 0753  1.9 1105  1.9 1752  1.7
25  Su        824 0331  2.2 1903  1.6 9999  9.9 9999  9.9
26  Mo        824 0607  2.3 2020  1.5 9999  9.9 9999  9.9
27  Tu        824 0745  2.4 2129  1.5 9999  9.9 9999  9.9
28  We        824 0844  2.4 2233  1.4 9999  9.9 9999  9.9
29  Th        824 0931  2.5 2336  1.5 9999  9.9 9999  9.9
30  Fr        824 1010  2.5 9999  9.9 9999  9.9 9999  9.9
31  Sa        824 0041  1.5 1044  2.5 9999  9.9 9999  9.9
 1  Su        924 0148  1.5 1114  2.4 9999  9.9 9999  9.9
 2  Mo        924 0254  1.6 1140  2.3 9999  9.9 9999  9.9
 3  Tu        924 0354  1.6 1200  2.2 9999  9.9 9999  9.9
 4  We        924 0449  1.7 1210  2.1 9999  9.9 9999  9.9
 5  Th        924 0545  1.8 1154  2.0 1940  1.9 9999  9.9
 6  Fr        924 0003  2.0 0657  1.9 1057  1.9 1532  1.9
 7  Sa        924 0236  2.0 1527  1.8 9999  9.9 9999  9.9
 8  Su        924 0451  2.1 1546  1.7 9999  9.9 9999  9.9
 9  Mo        924 0622  2.2 1615  1.6 9999  9.9 9999  9.9
10  Tu        924 0714  2.3 1656  1.6 9999  9.9 9999  9.9
11  We        924 0755  2.3 1755  1.6 9999  9.9 9999  9.9
12  Th        924 0834  2.4 1930  1.5 9999  9.9 9999  9.9
13  Fr        924 0913  2.5 2106  1.5 9999  9.9 9999  9.9
14  Sa        924 0952  2.5 2220  1.5 9999  9.9 9999  9.9
15  Su        924 1030  2.5 2333  1.5 9999  9.9 9999  9.9
16  Mo        924 1107  2.4 9999  9.9 9999  9.9 9999  9.9
17  Tu        924 0103  1.5 1135  2.3 9999  9.9 9999  9.9
18  We        924 0255  1.6 1130  2.1 1711  2.0 1854  2.0
19  Th        924 0440  1.7 1044  2.0 1448  1.9 2211  2.1
20  Fr        924 0618  1.8 1003  1.9 1510  1.7 9999  9.9
21  Sa        924 0007  2.2 1552  1.6 9999  9.9 9999  9.9
22  Su        924 0150  2.3 1643  1.5 9999  9.9 9999  9.9
23  Mo        924 0339  2.3 1746  1.4 9999  9.9 9999  9.9
24  Tu        924 0540  2.4 1911  1.5 9999  9.9 9999  9.9
25  We        924 0707  2.4 2055  1.5 9999  9.9 9999  9.9
26  Th        924 0804  2.4 2224  1.5 9999  9.9 9999  9.9
27  Fr        924 0848  2.4 2345  1.6 9999  9.9 9999  9.9
28  Sa        924 0924  2.4 9999  9.9 9999  9.9 9999  9.9
29  Su        924 0106  1.6 0954  2.3 1743  1.8 1903  1.8
30  Mo        924 0228  1.7 1017  2.2 1724  1.9 2018  1.9
 1  Tu       1024 0343  1.7 1031  2.1 1705  1.9 2131  2.0
 2  We       1024 0453  1.8 1030  2.0 1612  1.9 2250  2.0
 3  Th       1024 0610  1.8 1003  1.9 1449  1.8 9999  9.9
 4  Fr       1024 0007  2.1 1421  1.7 9999  9.9 9999  9.9
 5  Sa       1024 0116  2.2 1425  1.6 9999  9.9 9999  9.9
 6  Su       1024 0222  2.2 1442  1.6 9999  9.9 9999  9.9
 7  Mo       1024 0334  2.3 1507  1.5 9999  9.9 9999  9.9
 8  Tu       1024 0452  2.3 1538  1.5 9999  9.9 9999  9.9
 9  We       1024 0601  2.3 1615  1.5 9999  9.9 9999  9.9
10  Th       1024 0658  2.4 1701  1.5 9999  9.9 9999  9.9
11  Fr       1024 0745  2.4 1804  1.5 9999  9.9 9999  9.9
12  Sa       1024 0829  2.4 1932  1.5 9999  9.9 9999  9.9
13  Su       1024 0909  2.4 2111  1.6 9999  9.9 9999  9.9
14  Mo       1024 0944  2.3 2324  1.7 9999  9.9 9999  9.9
15  Tu       1024 1006  2.2 9999  9.9 9999  9.9 9999  9.9
16  We       1024 0305  1.8 0946  2.0 1421  1.9 2031  2.1
17  Th       1024 0511  1.8 0848  1.9 1337  1.7 2210  2.2
18  Fr       1024 1357  1.6 2332  2.3 9999  9.9 9999  9.9
19  Sa       1024 1435  1.4 9999  9.9 9999  9.9 9999  9.9
20  Su       1024 0049  2.4 1519  1.3 9999  9.9 9999  9.9
21  Mo       1024 0208  2.5 1608  1.3 9999  9.9 9999  9.9
22  Tu       1024 0337  2.5 1704  1.4 9999  9.9 9999  9.9
23  We       1024 0511  2.5 1819  1.5 9999  9.9 9999  9.9
24  Th       1024 0623  2.4 2021  1.6 9999  9.9 9999  9.9
25  Fr       1024 0715  2.4 2205  1.7 9999  9.9 9999  9.9
26  Sa       1024 0755  2.3 1549  1.8 1910  1.8 2342  1.7
27  Su       1024 0827  2.2 1535  1.8 2023  1.9 9999  9.9
28  Mo       1024 0142  1.8 0849  2.1 1528  1.8 2129  2.0
29  Tu       1024 0334  1.8 0900  2.0 1511  1.8 2225  2.0
30  We       1024 0505  1.9 0851  1.9 1430  1.8 2310  2.1
31  Th       1024 1346  1.7 2351  2.2 9999  9.9 9999  9.9
 1  Fr       1124 1329  1.6 9999  9.9 9999  9.9 9999  9.9
 2  Sa       1124 0032  2.3 1334  1.5 9999  9.9 9999  9.9
 3  Su       1124 0115  2.3 1352  1.5 9999  9.9 9999  9.9
 4  Mo       1124 0202  2.4 1417  1.4 9999  9.9 9999  9.9
 5  Tu       1124 0257  2.4 1446  1.4 9999  9.9 9999  9.9
 6  We       1124 0400  2.4 1518  1.4 9999  9.9 9999  9.9
 7  Th       1124 0508  2.4 1552  1.4 9999  9.9 9999  9.9
 8  Fr       1124 0609  2.4 1629  1.5 9999  9.9 9999  9.9
 9  Sa       1124 0701  2.4 1707  1.5 9999  9.9 9999  9.9
10  Su       1124 0744  2.3 1740  1.6 9999  9.9 9999  9.9
11  Mo       1124 0819  2.2 1721  1.8 9999  9.9 9999  9.9
12  Tu       1124 0834  2.1 1508  1.9 2213  1.9 9999  9.9
13  We       1124 0405  1.9 0755  1.9 1324  1.8 2149  2.1
14  Th       1124 1246  1.6 2228  2.3 9999  9.9 9999  9.9
15  Fr       1124 1300  1.5 2318  2.4 9999  9.9 9999  9.9
16  Sa       1124 1333  1.3 9999  9.9 9999  9.9 9999  9.9
17  Su       1124 0013  2.5 1415  1.2 9999  9.9 9999  9.9
18  Mo       1124 0112  2.5 1501  1.2 9999  9.9 9999  9.9
19  Tu       1124 0216  2.5 1551  1.3 9999  9.9 9999  9.9
20  We       1124 0326  2.5 1646  1.4 9999  9.9 9999  9.9
21  Th       1124 0436  2.4 1748  1.5 9999  9.9 9999  9.9
22  Fr       1124 0535  2.4 1902  1.7 9999  9.9 9999  9.9
23  Sa       1124 0622  2.3 1445  1.7 9999  9.9 9999  9.9
24  Su       1124 0657  2.2 1423  1.7 9999  9.9 9999  9.9
25  Mo       1124 0722  2.1 1414  1.7 2157  2.0 9999  9.9
26  Tu       1124 0332  1.9 0731  2.0 1359  1.7 2230  2.1
27  We       1124 0541  1.9 0659  1.9 1331  1.7 2258  2.2
28  Th       1124 1300  1.6 2325  2.3 9999  9.9 9999  9.9
29  Fr       1124 1245  1.6 2354  2.4 9999  9.9 9999  9.9
30  Sa       1124 1252  1.5 9999  9.9 9999  9.9 9999  9.9
 1  Su       1224 0027  2.4 1311  1.4 9999  9.9 9999  9.9
 2  Mo       1224 0104  2.5 1338  1.4 9999  9.9 9999  9.9
 3  Tu       1224 0146  2.5 1409  1.3 9999  9.9 9999  9.9
 4  We       1224 0234  2.5 1442  1.3 9999  9.9 9999  9.9
 5  Th       1224 0330  2.5 1515  1.4 9999  9.9 9999  9.9
 6  Fr       1224 0433  2.4 1547  1.4 9999  9.9 9999  9.9
 7  Sa       1224 0531  2.4 1612  1.5 9999  9.9 9999  9.9
 8  Su       1224 0620  2.3 1617  1.6 9999  9.9 9999  9.9
 9  Mo       1224 0654  2.2 1524  1.7 9999  9.9 9999  9.9
10  Tu       1224 0700  2.0 1337  1.8 2227  2.0 9999  9.9
11  We       1224 1231  1.7 2213  2.2 9999  9.9 9999  9.9
12  Th       1224 1202  1.6 2234  2.3 9999  9.9 9999  9.9
13  Fr       1224 1211  1.4 2308  2.5 9999  9.9 9999  9.9
14  Sa       1224 1242  1.3 2349  2.5 9999  9.9 9999  9.9
15  Su       1224 1324  1.2 9999  9.9 9999  9.9 9999  9.9
16  Mo       1224 0033  2.6 1411  1.2 9999  9.9 9999  9.9
17  Tu       1224 0121  2.6 1504  1.3 9999  9.9 9999  9.9
18  We       1224 0210  2.5 1602  1.4 9999  9.9 9999  9.9
19  Th       1224 0302  2.5 1702  1.5 9999  9.9 9999  9.9
20  Fr       1224 0354  2.4 1749  1.6 9999  9.9 9999  9.9
21  Sa       1224 0443  2.3 1446  1.7 9999  9.9 9999  9.9
22  Su       1224 0526  2.2 1335  1.7 9999  9.9 9999  9.9
23  Mo       1224 0558  2.1 1315  1.7 2211  2.0 9999  9.9
24  Tu       1224 0404  1.9 0605  2.0 1301  1.7 2209  2.1
25  We       1224 1240  1.7 2226  2.2 9999  9.9 9999  9.9
26  Th       1224 1215  1.6 2248  2.3 9999  9.9 9999  9.9
27  Fr       1224 1202  1.6 2312  2.4 9999  9.9 9999  9.9
28  Sa       1224 1210  1.5 2340  2.5 9999  9.9 9999  9.9
29  Su       1224 1232  1.4 9999  9.9 9999  9.9 9999  9.9
30  Mo       1224 0013  2.5 1302  1.4 9999  9.9 9999  9.9
31  Tu       1224 0049  2.5 1337  1.3 9999  9.9 9999  9.9
 1  We        125 0130  2.5 1414  1.3 9999  9.9 9999  9.9
 2  Th        125 0215  2.5 1454  1.4 9999  9.9 9999  9.9
 3  Fr        125 0306  2.4 1532  1.4 9999  9.9 9999  9.9
 4  Sa        125 0403  2.3 1605  1.5 9999  9.9 9999  9.9
 5  Su        125 0456  2.2 1616  1.7 9999  9.9 9999  9.9
 6  Mo        125 0527  2.1 1432  1.8 9999  9.9 9999  9.9
 7  Tu        125 0118  2.0 1154  1.8 2140  2.1 9999  9.9
 8  We        125 1114  1.7 2133  2.2 9999  9.9 9999  9.9
 9  Th        125 1105  1.6 2201  2.4 9999  9.9 9999  9.9
10  Fr        125 1122  1.4 2237  2.5 9999  9.9 9999  9.9
11  Sa        125 1157  1.3 2315  2.6 9999  9.9 9999  9.9
12  Su        125 1241  1.3 2353  2.6 9999  9.9 9999  9.9
13  Mo        125 1333  1.3 9999  9.9 9999  9.9 9999  9.9
14  Tu        125 0031  2.6 1431  1.3 9999  9.9 9999  9.9
15  We        125 0107  2.5 1535  1.4 9999  9.9 9999  9.9
16  Th        125 0144  2.4 1637  1.5 9999  9.9 9999  9.9
17  Fr        125 0220  2.3 1727  1.6 9999  9.9 9999  9.9
18  Sa        125 0256  2.2 1753  1.7 9999  9.9 9999  9.9
19  Su        125 0331  2.1 1316  1.8 9999  9.9 9999  9.9
20  Mo        125 0245  2.0 1205  1.8 2215  2.0 9999  9.9
21  Tu        125 1145  1.8 2121  2.1 9999  9.9 9999  9.9
22  We        125 1126  1.7 2135  2.2 9999  9.9 9999  9.9
23  Th        125 1104  1.7 2155  2.3 9999  9.9 9999  9.9
24  Fr        125 1054  1.6 2219  2.4 9999  9.9 9999  9.9
25  Sa        125 1109  1.5 2247  2.5 9999  9.9 9999  9.9
26  Su        125 1138  1.5 2317  2.5 9999  9.9 9999  9.9
27  Mo        125 1215  1.4 2352  2.5 9999  9.9 9999  9.9
28  Tu        125 1255  1.4 9999  9.9 9999  9.9 9999  9.9
29  We        125 0029  2.5 1340  1.4 9999  9.9 9999  9.9
30  Th        125 0108  2.5 1430  1.4 9999  9.9 9999  9.9
31  Fr        125 0149  2.4 1525  1.5 9999  9.9 9999  9.9
 1  Sa        225 0227  2.3 1623  1.6 9999  9.9 9999  9.9
 2  Su        225 0227  2.1 1721  1.7 9999  9.9 9999  9.9
 3  Mo        225 0058  2.0 1014  1.9 1246  1.9 1807  1.9 2346  2.0
 4  Tu        225 0853  1.8 1935  2.1 9999  9.9 9999  9.9
 5  We        225 0843  1.7 2013  2.2 9999  9.9 9999  9.9
 6  Th        225 0921  1.6 2057  2.4 9999  9.9 9999  9.9
 7  Fr        225 1010  1.5 2140  2.5 9999  9.9 9999  9.9
 8  Sa        225 1103  1.4 2221  2.5 9999  9.9 9999  9.9
 9  Su        225 1159  1.4 2258  2.5 9999  9.9 9999  9.9
10  Mo        225 1301  1.4 2332  2.5 9999  9.9 9999  9.9
11  Tu        225 1409  1.4 9999  9.9 9999  9.9 9999  9.9
12  We        225 0002  2.5 1517  1.5 9999  9.9 9999  9.9
13  Th        225 0029  2.4 1617  1.5 9999  9.9 9999  9.9
14  Fr        225 0052  2.3 1709  1.6 9999  9.9 9999  9.9
15  Sa        225 0106  2.1 1755  1.7 9999  9.9 9999  9.9
16  Su        225 0056  2.0 1838  1.9 2353  2.0 9999  9.9
17  Mo        225 0434  1.9 0603  1.9 0914  1.9 1846  2.0
18  Tu        225 0413  1.8 1939  2.1 9999  9.9 9999  9.9
19  We        225 0435  1.7 2011  2.2 9999  9.9 9999  9.9
20  Th        225 0512  1.7 2040  2.3 9999  9.9 9999  9.9
21  Fr        225 0608  1.6 2109  2.3 9999  9.9 9999  9.9
22  Sa        225 0800  1.6 2139  2.4 9999  9.9 9999  9.9
23  Su        225 0944  1.5 2211  2.5 9999  9.9 9999  9.9
24  Mo        225 1046  1.5 2246  2.5 9999  9.9 9999  9.9
25  Tu        225 1142  1.5 2322  2.5 9999  9.9 9999  9.9
26  We        225 1242  1.5 2358  2.4 9999  9.9 9999  9.9
27  Th        225 1352  1.5 9999  9.9 9999  9.9 9999  9.9
28  Fr        225 0031  2.3 1513  1.6 9999  9.9 9999  9.9
 1  Sa        325 0043  2.2 1638  1.7 2356  2.0 9999  9.9
 2  Su        325 0337  2.0 0946  2.0 1802  1.8 2306  1.9
 3  Mo        325 0346  1.8 1225  2.1 2006  1.9 2156  1.9
 4  Tu        325 0430  1.7 1441  2.2 9999  9.9 9999  9.9
 5  We        325 0526  1.6 1723  2.3 9999  9.9 9999  9.9
 6  Th        325 0637  1.5 1918  2.4 9999  9.9 9999  9.9
 7  Fr        325 0806  1.5 2020  2.5 9999  9.9 9999  9.9
 8  Sa        325 0935  1.5 2107  2.5 9999  9.9 9999  9.9
 9  Su        325 1057  1.5 2147  2.5 9999  9.9 9999  9.9
10  Mo        325 1218  1.5 2220  2.4 9999  9.9 9999  9.9
11  Tu        325 1340  1.5 2248  2.4 9999  9.9 9999  9.9
12  We        325 1457  1.6 2310  2.3 9999  9.9 9999  9.9
13  Th        325 1602  1.6 2324  2.2 9999  9.9 9999  9.9
14  Fr        325 0622  1.9 0907  2.0 1702  1.7 2324  2.0
15  Sa        325 0544  1.9 1039  2.0 1805  1.8 2302  1.9
16  Su        325 0356  1.9 1214  2.0 1937  1.9 2200  1.9
17  Mo        325 0314  1.8 1352  2.1 9999  9.9 9999  9.9
18  Tu        325 0314  1.7 1543  2.1 9999  9.9 9999  9.9
19  We        325 0330  1.6 1740  2.2 9999  9.9 9999  9.9
20  Th        325 0356  1.6 1849  2.3 9999  9.9 9999  9.9
21  Fr        325 0429  1.5 1935  2.3 9999  9.9 9999  9.9
22  Sa        325 0512  1.5 2015  2.4 9999  9.9 9999  9.9
23  Su        325 0612  1.5 2053  2.4 9999  9.9 9999  9.9
24  Mo        325 0742  1.5 2130  2.4 9999  9.9 9999  9.9
25  Tu        325 0915  1.5 2206  2.4 9999  9.9 9999  9.9
26  We        325 1041  1.6 2241  2.3 9999  9.9 9999  9.9
27  Th        325 1235  1.6 2309  2.2 9999  9.9 9999  9.9
28  Fr        325 1509  1.7 2303  2.1 9999  9.9 9999  9.9
29  Sa        325 0355  2.0 0800  2.0 1658  1.8 2206  1.9
30  Su        325 0218  1.8 1016  2.1 1844  1.8 2106  1.9
31  Mo        325 0237  1.7 1154  2.2 9999  9.9 9999  9.9
 1  Tu        425 0316  1.5 1322  2.3 9999  9.9 9999  9.9
 2  We        425 0404  1.4 1455  2.4 9999  9.9 9999  9.9
 3  Th        425 0458  1.4 1652  2.4 9999  9.9 9999  9.9
 4  Fr        425 0603  1.4 1833  2.5 9999  9.9 9999  9.9
 5  Sa        425 0730  1.4 1936  2.5 9999  9.9 9999  9.9
 6  Su        425 0917  1.5 2022  2.4 9999  9.9 9999  9.9
 7  Mo        425 1057  1.6 2058  2.4 9999  9.9 9999  9.9
 8  Tu        425 1240  1.7 2126  2.3 9999  9.9 9999  9.9
 9  We        425 0442  1.8 0742  1.9 1424  1.7 2146  2.2
10  Th        425 0424  1.8 0900  1.9 1551  1.8 2155  2.1
11  Fr        425 0405  1.8 1012  2.0 1707  1.8 2147  2.0
12  Sa        425 0324  1.8 1116  2.1 1833  1.8 2112  1.9
13  Su        425 0234  1.7 1213  2.2 9999  9.9 9999  9.9
14  Mo        425 0215  1.7 1307  2.2 9999  9.9 9999  9.9
15  Tu        425 0220  1.6 1402  2.3 9999  9.9 9999  9.9
16  We        425 0237  1.5 1504  2.3 9999  9.9 9999  9.9
17  Th        425 0300  1.5 1616  2.3 9999  9.9 9999  9.9
18  Fr        425 0329  1.5 1730  2.4 9999  9.9 9999  9.9
19  Sa        425 0401  1.5 1831  2.4 9999  9.9 9999  9.9
20  Su        425 0439  1.5 1921  2.4 9999  9.9 9999  9.9
21  Mo        425 0523  1.5 2005  2.4 9999  9.9 9999  9.9
22  Tu        425 0615  1.5 2045  2.4 9999  9.9 9999  9.9
23  We        425 0718  1.6 2121  2.3 9999  9.9 9999  9.9
24  Th        425 0835  1.7 2145  2.1 9999  9.9 9999  9.9
25  Fr        425 1547  1.8 2125  2.0 9999  9.9 9999  9.9
26  Sa        425 0214  1.9 0918  2.0 9999  9.9 9999  9.9
27  Su        425 0115  1.7 1030  2.2 9999  9.9 9999  9.9
28  Mo        425 0132  1.5 1133  2.4 9999  9.9 9999  9.9
29  Tu        425 0210  1.4 1236  2.5 9999  9.9 9999  9.9
30  We        425 0256  1.3 1343  2.5 9999  9.9 9999  9.9
 1  Th        525 0347  1.3 1500  2.5 9999  9.9 9999  9.9
 2  Fr        525 0445  1.3 1628  2.5 9999  9.9 9999  9.9
 3  Sa        525 0554  1.4 1746  2.4 9999  9.9 9999  9.9
 4  Su        525 0723  1.5 1843  2.4 9999  9.9 9999  9.9
 5  Mo        525 0904  1.6 1925  2.3 9999  9.9 9999  9.9
 6  Tu        525 0337  1.8 0632  1.8 1048  1.7 1956  2.2
 7  We        525 0302  1.8 0824  1.9 1319  1.8 2017  2.1
 8  Th        525 0251  1.8 0944  2.0 1543  1.9 2023  2.0
 9  Fr        525 0236  1.8 1039  2.1 1727  1.9 2003  1.9
10  Sa        525 0207  1.7 1120  2.2 9999  9.9 9999  9.9
11  Su        525 0134  1.7 1156  2.3 9999  9.9 9999  9.9
12  Mo        525 0121  1.6 1231  2.3 9999  9.9 9999  9.9
13  Tu        525 0129  1.5 1309  2.4 9999  9.9 9999  9.9
14  We        525 0148  1.5 1350  2.4 9999  9.9 9999  9.9
15  Th        525 0214  1.4 1436  2.4 9999  9.9 9999  9.9
16  Fr        525 0243  1.4 1531  2.4 9999  9.9 9999  9.9
17  Sa        525 0314  1.4 1634  2.4 9999  9.9 9999  9.9
18  Su        525 0345  1.4 1737  2.4 9999  9.9 9999  9.9
19  Mo        525 0416  1.5 1832  2.4 9999  9.9 9999  9.9
20  Tu        525 0446  1.5 1918  2.3 9999  9.9 9999  9.9
21  We        525 0507  1.6 1957  2.2 9999  9.9 9999  9.9
22  Th        525 0455  1.7 2018  2.1 9999  9.9 9999  9.9
23  Fr        525 0311  1.8 1117  2.0 1706  1.9 1928  1.9
24  Sa        525 0109  1.8 1040  2.1 9999  9.9 9999  9.9
25  Su        525 0017  1.6 1049  2.3 9999  9.9 9999  9.9
26  Mo        525 0030  1.4 1122  2.4 9999  9.9 9999  9.9
27  Tu        525 0107  1.3 1206  2.5 9999  9.9 9999  9.9
28  We        525 0153  1.2 1257  2.6 9999  9.9 9999  9.9
29  Th        525 0245  1.2 1353  2.6 9999  9.9 9999  9.9
30  Fr        525 0344  1.2 1453  2.5 9999  9.9 9999  9.9
31  Sa        525 0452  1.3 1556  2.5 9999  9.9 9999  9.9
 1  Su        625 0610  1.5 1653  2.4 9999  9.9 9999  9.9
 2  Mo        625 0728  1.6 1740  2.3 9999  9.9 9999  9.9
 3  Tu        625 0240  1.8 0511  1.8 0838  1.8 1816  2.2
 4  We        625 0141  1.8 0825  1.9 1032  1.9 1839  2.0
 5  Th        625 0129  1.7 0942  2.0 1556  1.9 1839  1.9
 6  Fr        625 0120  1.7 1022  2.1 9999  9.9 9999  9.9
 7  Sa        625 0102  1.7 1054  2.2 9999  9.9 9999  9.9
 8  Su        625 0039  1.6 1123  2.3 9999  9.9 9999  9.9
 9  Mo        625 0030  1.5 1151  2.4 9999  9.9 9999  9.9
10  Tu        625 0040  1.5 1221  2.4 9999  9.9 9999  9.9
11  We        625 0103  1.4 1255  2.5 9999  9.9 9999  9.9
12  Th        625 0133  1.4 1332  2.5 9999  9.9 9999  9.9
13  Fr        625 0205  1.4 1414  2.5 9999  9.9 9999  9.9
14  Sa        625 0238  1.4 1501  2.5 9999  9.9 9999  9.9
15  Su        625 0311  1.4 1555  2.4 9999  9.9 9999  9.9
16  Mo        625 0340  1.5 1654  2.3 9999  9.9 9999  9.9
17  Tu        625 0402  1.5 1747  2.3 9999  9.9 9999  9.9
18  We        625 0407  1.6 1829  2.1 9999  9.9 9999  9.9
19  Th        625 0323  1.8 1423  2.0 1518  2.0 1839  2.0
20  Fr        625 0117  1.8 1038  2.0 2359  1.7 9999  9.9
21  Sa        625 1015  2.2 2321  1.6 9999  9.9 9999  9.9
22  Su        625 1031  2.3 2333  1.4 9999  9.9 9999  9.9
23  Mo        625 1101  2.5 9999  9.9 9999  9.9 9999  9.9
24  Tu        625 0009  1.3 1139  2.6 9999  9.9 9999  9.9
25  We        625 0056  1.2 1220  2.6 9999  9.9 9999  9.9
26  Th        625 0151  1.2 1302  2.6 9999  9.9 9999  9.9
27  Fr        625 0252  1.2 1345  2.5 9999  9.9 9999  9.9
28  Sa        625 0404  1.3 1428  2.5 9999  9.9 9999  9.9
29  Su        625 0519  1.4 1509  2.4 9999  9.9 9999  9.9
30  Mo        625 0627  1.6 1548  2.2 9999  9.9 9999  9.9
