032Spit Wharf
Based on data from  1-Jul-2012
Local Std Time, tidal heights in metres.
 1  Mo        724 0450  0.4 1116  1.9 1722  0.4 2346  1.9
 2  Tu        724 0546  0.3 1213  2.0 1821  0.4 9999  9.9
 3  We        724 0041  1.9 0640  0.3 1310  2.0 1917  0.4
 4  Th        724 0134  1.9 0732  0.3 1404  2.0 2009  0.4
 5  Fr        724 0225  1.9 0823  0.3 1455  2.0 2059  0.4
 6  Sa        724 0314  1.9 0913  0.3 1544  2.0 2147  0.4
 7  Su        724 0401  1.9 1003  0.3 1630  2.0 2234  0.4
 8  Mo        724 0447  1.8 1051  0.4 1714  1.9 2319  0.4
 9  Tu        724 0533  1.8 1137  0.4 1758  1.8 9999  9.9
10  We        724 0003  0.5 0619  1.7 1222  0.5 1841  1.8
11  Th        724 0047  0.5 0705  1.7 1305  0.5 1925  1.7
12  Fr        724 0132  0.6 0753  1.6 1350  0.6 2011  1.7
13  Sa        724 0219  0.6 0841  1.6 1437  0.6 2101  1.6
14  Su        724 0308  0.6 0930  1.6 1528  0.6 2152  1.6
15  Mo        724 0400  0.6 1020  1.6 1624  0.6 2245  1.6
16  Tu        724 0451  0.6 1111  1.7 1720  0.6 2336  1.6
17  We        724 0539  0.6 1202  1.7 1813  0.6 9999  9.9
18  Th        724 0026  1.7 0625  0.5 1252  1.8 1901  0.5
19  Fr        724 0114  1.7 0711  0.5 1341  1.8 1947  0.5
20  Sa        724 0200  1.8 0756  0.4 1428  1.9 2032  0.4
21  Su        724 0246  1.8 0844  0.3 1515  2.0 2118  0.3
22  Mo        724 0333  1.9 0933  0.3 1602  2.1 2205  0.3
23  Tu        724 0421  2.0 1023  0.2 1650  2.1 2253  0.3
24  We        724 0511  2.0 1115  0.2 1740  2.1 2344  0.3
25  Th        724 0604  2.0 1208  0.2 1832  2.0 9999  9.9
26  Fr        724 0037  0.3 0700  2.0 1302  0.2 1928  2.0
27  Sa        724 0132  0.3 0758  2.0 1359  0.3 2028  1.9
28  Su        724 0230  0.4 0859  1.9 1500  0.4 2130  1.9
29  Mo        724 0331  0.4 1000  1.9 1606  0.4 2231  1.8
30  Tu        724 0434  0.4 1101  1.9 1712  0.4 2331  1.8
31  We        724 0534  0.4 1201  1.9 1813  0.4 9999  9.9
 1  Th        824 0028  1.8 0629  0.4 1258  1.9 1908  0.4
 2  Fr        824 0120  1.8 0721  0.3 1350  2.0 1957  0.4
 3  Sa        824 0209  1.9 0810  0.3 1439  2.0 2042  0.4
 4  Su        824 0255  1.9 0856  0.3 1523  2.0 2125  0.4
 5  Mo        824 0339  1.8 0940  0.4 1604  1.9 2206  0.4
 6  Tu        824 0420  1.8 1023  0.4 1643  1.9 2246  0.4
 7  We        824 0500  1.8 1104  0.4 1721  1.8 2325  0.5
 8  Th        824 0540  1.7 1144  0.5 1759  1.8 9999  9.9
 9  Fr        824 0005  0.5 0621  1.7 1224  0.5 1839  1.7
10  Sa        824 0047  0.6 0705  1.7 1306  0.6 1923  1.6
11  Su        824 0131  0.6 0753  1.6 1352  0.6 2013  1.6
12  Mo        824 0220  0.6 0844  1.6 1444  0.7 2109  1.6
13  Tu        824 0313  0.6 0939  1.6 1543  0.7 2207  1.6
14  We        824 0409  0.6 1034  1.6 1645  0.6 2303  1.6
15  Th        824 0503  0.6 1129  1.7 1742  0.6 2355  1.7
16  Fr        824 0555  0.5 1223  1.8 1833  0.5 9999  9.9
17  Sa        824 0045  1.7 0643  0.4 1314  1.9 1920  0.4
18  Su        824 0134  1.8 0731  0.3 1403  2.0 2005  0.3
19  Mo        824 0221  1.9 0820  0.2 1450  2.1 2050  0.3
20  Tu        824 0309  2.0 0909  0.2 1538  2.1 2137  0.2
21  We        824 0358  2.1 1000  0.1 1626  2.2 2227  0.2
22  Th        824 0448  2.1 1052  0.1 1716  2.1 2318  0.2
23  Fr        824 0541  2.1 1146  0.2 1809  2.1 9999  9.9
24  Sa        824 0012  0.2 0637  2.0 1242  0.2 1906  2.0
25  Su        824 0109  0.3 0737  2.0 1341  0.3 2007  1.9
26  Mo        824 0210  0.3 0840  1.9 1444  0.4 2112  1.8
27  Tu        824 0314  0.4 0944  1.9 1553  0.4 2216  1.8
28  We        824 0419  0.4 1047  1.9 1702  0.5 2316  1.8
29  Th        824 0521  0.4 1147  1.9 1802  0.5 9999  9.9
30  Fr        824 0012  1.8 0617  0.4 1242  1.9 1854  0.4
31  Sa        824 0103  1.8 0706  0.4 1332  1.9 1939  0.4
 1  Su        924 0150  1.8 0752  0.4 1417  1.9 2019  0.4
 2  Mo        924 0232  1.8 0834  0.4 1458  1.9 2057  0.4
 3  Tu        924 0312  1.8 0914  0.4 1535  1.9 2134  0.4
 4  We        924 0350  1.8 0952  0.4 1611  1.9 2210  0.4
 5  Th        924 0427  1.8 1030  0.4 1645  1.8 2247  0.5
 6  Fr        924 0505  1.8 1109  0.5 1721  1.7 2326  0.5
 7  Sa        924 0543  1.7 1149  0.5 1800  1.7 9999  9.9
 8  Su        924 0007  0.6 0626  1.7 1231  0.6 1844  1.6
 9  Mo        924 0052  0.6 0714  1.6 1318  0.6 1935  1.6
10  Tu        924 0141  0.6 0807  1.6 1410  0.7 2034  1.5
11  We        924 0235  0.6 0904  1.6 1510  0.7 2134  1.6
12  Th        924 0332  0.6 1002  1.7 1613  0.6 2232  1.6
13  Fr        924 0430  0.6 1059  1.7 1711  0.6 2326  1.7
14  Sa        924 0524  0.5 1154  1.8 1803  0.5 9999  9.9
15  Su        924 0017  1.8 0616  0.4 1246  1.9 1850  0.4
16  Mo        924 0106  1.9 0705  0.3 1336  2.0 1936  0.3
17  Tu        924 0155  2.0 0755  0.2 1425  2.1 2022  0.2
18  We        924 0244  2.1 0845  0.1 1513  2.2 2110  0.1
19  Th        924 0334  2.2 0937  0.1 1602  2.2 2200  0.1
20  Fr        924 0426  2.2 1031  0.1 1653  2.1 2253  0.2
21  Sa        924 0520  2.1 1126  0.2 1746  2.0 2349  0.2
22  Su        924 0617  2.1 1223  0.2 1844  1.9 9999  9.9
23  Mo        924 0048  0.3 0717  2.0 1324  0.3 1947  1.9
24  Tu        924 0151  0.3 0821  1.9 1429  0.4 2053  1.8
25  We        924 0256  0.4 0926  1.9 1538  0.5 2158  1.8
26  Th        924 0401  0.4 1028  1.9 1645  0.5 2257  1.8
27  Fr        924 0503  0.4 1127  1.9 1742  0.5 2351  1.8
28  Sa        924 0557  0.4 1219  1.9 1831  0.4 9999  9.9
29  Su        924 0040  1.8 0644  0.4 1307  1.9 1912  0.4
30  Mo        924 0124  1.8 0727  0.4 1349  1.9 1950  0.4
 1  Tu       1024 0205  1.8 0807  0.4 1427  1.9 2026  0.4
 2  We       1024 0243  1.8 0845  0.4 1504  1.8 2101  0.4
 3  Th       1024 0320  1.8 0922  0.4 1538  1.8 2136  0.4
 4  Fr       1024 0356  1.8 0959  0.5 1613  1.8 2213  0.5
 5  Sa       1024 0434  1.8 1038  0.5 1649  1.7 2252  0.5
 6  Su       1024 0513  1.7 1119  0.5 1729  1.7 2335  0.5
 7  Mo       1024 0557  1.7 1203  0.6 1815  1.6 9999  9.9
 8  Tu       1024 0021  0.6 0645  1.7 1251  0.6 1907  1.6
 9  We       1024 0111  0.6 0738  1.7 1344  0.6 2006  1.6
10  Th       1024 0205  0.6 0836  1.7 1442  0.6 2106  1.6
11  Fr       1024 0301  0.6 0934  1.7 1542  0.6 2203  1.6
12  Sa       1024 0358  0.5 1030  1.8 1639  0.5 2257  1.7
13  Su       1024 0454  0.4 1125  1.9 1732  0.4 2349  1.8
14  Mo       1024 0548  0.3 1218  2.0 1820  0.3 9999  9.9
15  Tu       1024 0040  2.0 0640  0.2 1309  2.0 1908  0.2
16  We       1024 0130  2.1 0731  0.2 1400  2.1 1956  0.2
17  Th       1024 0222  2.1 0823  0.1 1450  2.1 2045  0.1
18  Fr       1024 0314  2.2 0916  0.1 1540  2.1 2137  0.1
19  Sa       1024 0406  2.2 1011  0.1 1632  2.1 2231  0.2
20  Su       1024 0501  2.1 1107  0.2 1726  2.0 2329  0.2
21  Mo       1024 0558  2.1 1206  0.3 1824  1.9 9999  9.9
22  Tu       1024 0029  0.3 0658  2.0 1306  0.4 1927  1.8
23  We       1024 0131  0.4 0800  1.9 1409  0.4 2031  1.8
24  Th       1024 0234  0.4 0902  1.9 1515  0.5 2134  1.7
25  Fr       1024 0336  0.4 1002  1.8 1617  0.5 2231  1.7
26  Sa       1024 0434  0.5 1058  1.8 1712  0.5 2323  1.8
27  Su       1024 0527  0.5 1148  1.8 1759  0.5 9999  9.9
28  Mo       1024 0010  1.8 0614  0.5 1234  1.8 1840  0.5
29  Tu       1024 0053  1.8 0657  0.5 1316  1.8 1917  0.4
30  We       1024 0134  1.8 0737  0.5 1354  1.8 1953  0.4
31  Th       1024 0213  1.8 0815  0.5 1431  1.8 2028  0.4
 1  Fr       1124 0250  1.8 0853  0.5 1508  1.8 2104  0.5
 2  Sa       1124 0329  1.8 0932  0.5 1545  1.7 2143  0.5
 3  Su       1124 0408  1.8 1013  0.5 1624  1.7 2224  0.5
 4  Mo       1124 0449  1.8 1056  0.5 1706  1.7 2309  0.5
 5  Tu       1124 0534  1.8 1141  0.5 1753  1.6 2356  0.5
 6  We       1124 0622  1.8 1230  0.6 1845  1.6 9999  9.9
 7  Th       1124 0047  0.5 0714  1.8 1321  0.6 1941  1.6
 8  Fr       1124 0139  0.5 0809  1.8 1415  0.6 2039  1.7
 9  Sa       1124 0233  0.5 0906  1.8 1512  0.5 2135  1.7
10  Su       1124 0330  0.5 1002  1.8 1608  0.5 2229  1.8
11  Mo       1124 0426  0.4 1058  1.9 1701  0.4 2322  1.9
12  Tu       1124 0522  0.3 1152  1.9 1753  0.3 9999  9.9
13  We       1124 0015  2.0 0617  0.3 1245  2.0 1842  0.2
14  Th       1124 0109  2.1 0711  0.2 1337  2.0 1932  0.2
15  Fr       1124 0202  2.1 0805  0.2 1429  2.1 2024  0.2
16  Sa       1124 0256  2.2 0859  0.2 1521  2.0 2117  0.2
17  Su       1124 0350  2.2 0954  0.2 1613  2.0 2213  0.2
18  Mo       1124 0444  2.1 1050  0.3 1707  1.9 2311  0.2
19  Tu       1124 0539  2.1 1147  0.3 1803  1.9 9999  9.9
20  We       1124 0009  0.3 0636  2.0 1245  0.4 1903  1.8
21  Th       1124 0107  0.4 0734  1.9 1343  0.4 2003  1.8
22  Fr       1124 0205  0.4 0831  1.8 1441  0.5 2102  1.7
23  Sa       1124 0301  0.5 0928  1.8 1538  0.5 2156  1.7
24  Su       1124 0356  0.5 1021  1.7 1631  0.5 2246  1.7
25  Mo       1124 0449  0.5 1110  1.7 1719  0.5 2333  1.7
26  Tu       1124 0538  0.5 1156  1.7 1802  0.5 9999  9.9
27  We       1124 0017  1.7 0623  0.5 1239  1.7 1842  0.5
28  Th       1124 0100  1.7 0706  0.5 1320  1.7 1920  0.5
29  Fr       1124 0141  1.8 0747  0.5 1400  1.7 1957  0.5
30  Sa       1124 0222  1.8 0827  0.5 1440  1.7 2036  0.5
 1  Su       1224 0303  1.8 0908  0.5 1520  1.7 2117  0.5
 2  Mo       1224 0345  1.8 0950  0.5 1601  1.7 2200  0.5
 3  Tu       1224 0428  1.8 1034  0.5 1645  1.7 2246  0.5
 4  We       1224 0513  1.9 1120  0.5 1731  1.7 2334  0.5
 5  Th       1224 0600  1.9 1207  0.5 1822  1.7 9999  9.9
 6  Fr       1224 0024  0.4 0650  1.9 1257  0.5 1916  1.7
 7  Sa       1224 0115  0.4 0744  1.8 1348  0.5 2012  1.7
 8  Su       1224 0208  0.4 0839  1.8 1443  0.5 2108  1.8
 9  Mo       1224 0304  0.4 0936  1.9 1539  0.4 2204  1.8
10  Tu       1224 0402  0.4 1033  1.9 1634  0.4 2300  1.9
11  We       1224 0501  0.4 1130  1.9 1729  0.3 2356  2.0
12  Th       1224 0600  0.3 1225  1.9 1822  0.3 9999  9.9
13  Fr       1224 0052  2.0 0656  0.3 1319  2.0 1915  0.2
14  Sa       1224 0148  2.1 0752  0.3 1413  2.0 2008  0.2
15  Su       1224 0242  2.1 0846  0.3 1505  2.0 2102  0.2
16  Mo       1224 0335  2.1 0940  0.3 1556  2.0 2157  0.2
17  Tu       1224 0427  2.1 1033  0.3 1648  1.9 2252  0.3
18  We       1224 0519  2.0 1126  0.4 1740  1.9 2346  0.3
19  Th       1224 0610  2.0 1218  0.4 1834  1.8 9999  9.9
20  Fr       1224 0038  0.4 0701  1.9 1309  0.5 1928  1.7
21  Sa       1224 0129  0.4 0753  1.8 1400  0.5 2022  1.7
22  Su       1224 0219  0.5 0845  1.7 1452  0.5 2114  1.7
23  Mo       1224 0310  0.6 0936  1.7 1543  0.6 2204  1.7
24  Tu       1224 0402  0.6 1026  1.6 1633  0.6 2251  1.7
25  We       1224 0455  0.6 1114  1.6 1721  0.6 2338  1.7
26  Th       1224 0546  0.6 1201  1.6 1805  0.5 9999  9.9
27  Fr       1224 0025  1.7 0634  0.6 1246  1.7 1847  0.5
28  Sa       1224 0110  1.7 0719  0.6 1330  1.7 1928  0.5
29  Su       1224 0155  1.8 0802  0.5 1413  1.7 2010  0.5
30  Mo       1224 0238  1.8 0844  0.5 1455  1.7 2052  0.4
31  Tu       1224 0322  1.9 0926  0.5 1538  1.8 2137  0.4
 1  We        125 0405  1.9 1010  0.4 1622  1.8 2223  0.4
 2  Th        125 0450  2.0 1055  0.4 1708  1.8 2311  0.4
 3  Fr        125 0536  2.0 1142  0.4 1758  1.8 9999  9.9
 4  Sa        125 0001  0.3 0626  1.9 1230  0.4 1851  1.8
 5  Su        125 0051  0.3 0718  1.9 1322  0.4 1946  1.8
 6  Mo        125 0145  0.4 0814  1.9 1416  0.4 2044  1.9
 7  Tu        125 0241  0.4 0913  1.9 1513  0.4 2143  1.9
 8  We        125 0342  0.4 1013  1.8 1613  0.4 2242  1.9
 9  Th        125 0446  0.4 1112  1.8 1712  0.4 2341  1.9
10  Fr        125 0549  0.4 1210  1.9 1809  0.3 9999  9.9
11  Sa        125 0040  2.0 0648  0.4 1306  1.9 1904  0.3
12  Su        125 0136  2.0 0743  0.3 1359  1.9 1957  0.3
13  Mo        125 0230  2.0 0834  0.3 1450  1.9 2049  0.3
14  Tu        125 0320  2.0 0924  0.3 1539  1.9 2140  0.3
15  We        125 0408  2.0 1012  0.3 1627  1.9 2230  0.3
16  Th        125 0454  2.0 1059  0.4 1714  1.8 2318  0.4
17  Fr        125 0539  1.9 1144  0.4 1801  1.8 9999  9.9
18  Sa        125 0004  0.4 0624  1.8 1229  0.5 1848  1.7
19  Su        125 0049  0.5 0709  1.7 1315  0.5 1936  1.7
20  Mo        125 0134  0.5 0756  1.7 1402  0.6 2026  1.6
21  Tu        125 0221  0.6 0846  1.6 1451  0.6 2116  1.6
22  We        125 0313  0.6 0938  1.6 1544  0.6 2207  1.6
23  Th        125 0410  0.7 1032  1.6 1637  0.6 2258  1.6
24  Fr        125 0509  0.7 1123  1.6 1728  0.6 2349  1.7
25  Sa        125 0603  0.6 1213  1.6 1815  0.6 9999  9.9
26  Su        125 0039  1.7 0651  0.6 1300  1.7 1859  0.5
27  Mo        125 0126  1.8 0735  0.5 1344  1.7 1942  0.4
28  Tu        125 0212  1.9 0817  0.5 1428  1.8 2026  0.4
29  We        125 0256  1.9 0858  0.4 1512  1.9 2111  0.3
30  Th        125 0340  2.0 0942  0.3 1557  1.9 2158  0.3
31  Fr        125 0425  2.0 1027  0.3 1644  1.9 2247  0.2
 1  Sa        225 0512  2.0 1114  0.3 1733  2.0 2337  0.2
 2  Su        225 0601  2.0 1204  0.3 1826  1.9 9999  9.9
 3  Mo        225 0029  0.3 0654  2.0 1256  0.3 1923  1.9
 4  Tu        225 0124  0.3 0752  1.9 1353  0.4 2023  1.9
 5  We        225 0223  0.4 0853  1.8 1453  0.4 2125  1.9
 6  Th        225 0328  0.4 0957  1.8 1557  0.4 2228  1.9
 7  Fr        225 0436  0.5 1059  1.8 1700  0.4 2330  1.9
 8  Sa        225 0542  0.4 1158  1.8 1800  0.4 9999  9.9
 9  Su        225 0029  1.9 0641  0.4 1253  1.8 1855  0.3
10  Mo        225 0124  2.0 0733  0.4 1345  1.9 1946  0.3
11  Tu        225 0215  2.0 0820  0.4 1433  1.9 2034  0.3
12  We        225 0302  2.0 0904  0.4 1519  1.9 2121  0.3
13  Th        225 0345  2.0 0946  0.4 1602  1.9 2205  0.3
14  Fr        225 0426  1.9 1027  0.4 1644  1.8 2247  0.4
15  Sa        225 0506  1.9 1108  0.4 1725  1.8 2329  0.4
16  Su        225 0544  1.8 1148  0.5 1807  1.7 9999  9.9
17  Mo        225 0010  0.5 0624  1.7 1230  0.5 1851  1.7
18  Tu        225 0052  0.6 0707  1.6 1315  0.6 1938  1.6
19  We        225 0137  0.6 0757  1.6 1403  0.6 2029  1.6
20  Th        225 0228  0.7 0852  1.5 1457  0.7 2123  1.6
21  Fr        225 0328  0.7 0951  1.5 1553  0.7 2219  1.6
22  Sa        225 0431  0.7 1047  1.5 1649  0.6 2314  1.7
23  Su        225 0530  0.6 1139  1.6 1740  0.6 9999  9.9
24  Mo        225 0006  1.7 0619  0.6 1228  1.7 1827  0.5
25  Tu        225 0055  1.8 0703  0.5 1314  1.8 1913  0.4
26  We        225 0142  1.9 0745  0.4 1359  1.9 1958  0.3
27  Th        225 0227  2.0 0827  0.3 1445  1.9 2044  0.2
28  Fr        225 0313  2.1 0911  0.3 1531  2.0 2132  0.2
 1  Sa        325 0359  2.1 0957  0.2 1619  2.1 2222  0.2
 2  Su        325 0446  2.1 1046  0.2 1710  2.1 2314  0.2
 3  Mo        325 0537  2.0 1138  0.3 1804  2.0 9999  9.9
 4  Tu        325 0009  0.2 0632  2.0 1234  0.3 1903  2.0
 5  We        325 0106  0.3 0732  1.9 1334  0.3 2005  1.9
 6  Th        325 0209  0.4 0837  1.8 1437  0.4 2110  1.9
 7  Fr        325 0317  0.5 0943  1.8 1544  0.4 2215  1.9
 8  Sa        325 0429  0.5 1046  1.8 1650  0.4 2317  1.9
 9  Su        325 0534  0.5 1145  1.8 1750  0.4 9999  9.9
10  Mo        325 0015  1.9 0629  0.4 1238  1.8 1843  0.4
11  Tu        325 0108  1.9 0716  0.4 1327  1.9 1931  0.4
12  We        325 0155  1.9 0759  0.4 1412  1.9 2015  0.4
13  Th        325 0239  1.9 0838  0.4 1455  1.9 2057  0.4
14  Fr        325 0318  1.9 0916  0.4 1535  1.8 2137  0.4
15  Sa        325 0356  1.9 0953  0.4 1613  1.8 2215  0.4
16  Su        325 0432  1.8 1031  0.5 1651  1.8 2254  0.5
17  Mo        325 0507  1.7 1109  0.5 1730  1.7 2334  0.5
18  Tu        325 0545  1.7 1151  0.6 1811  1.7 9999  9.9
19  We        325 0016  0.6 0627  1.6 1235  0.6 1857  1.6
20  Th        325 0102  0.6 0717  1.5 1323  0.6 1949  1.6
21  Fr        325 0153  0.7 0814  1.5 1417  0.7 2045  1.6
22  Sa        325 0251  0.7 0915  1.5 1513  0.7 2142  1.6
23  Su        325 0354  0.7 1012  1.5 1610  0.6 2238  1.7
24  Mo        325 0452  0.6 1105  1.6 1704  0.6 2331  1.8
25  Tu        325 0543  0.5 1154  1.7 1754  0.5 9999  9.9
26  We        325 0022  1.8 0628  0.5 1242  1.8 1842  0.4
27  Th        325 0111  1.9 0712  0.4 1330  1.9 1929  0.3
28  Fr        325 0158  2.0 0756  0.3 1417  2.0 2018  0.2
29  Sa        325 0246  2.1 0841  0.2 1506  2.1 2108  0.1
30  Su        325 0334  2.1 0930  0.2 1557  2.1 2200  0.1
31  Mo        325 0423  2.1 1021  0.2 1650  2.1 2255  0.2
 1  Tu        425 0516  2.0 1116  0.2 1745  2.1 2351  0.2
 2  We        425 0612  2.0 1215  0.3 1845  2.0 9999  9.9
 3  Th        425 0051  0.3 0714  1.9 1317  0.3 1948  2.0
 4  Fr        425 0156  0.4 0820  1.8 1422  0.4 2054  1.9
 5  Sa        425 0304  0.5 0926  1.8 1529  0.4 2158  1.9
 6  Su        425 0414  0.5 1029  1.8 1633  0.4 2259  1.9
 7  Mo        425 0515  0.5 1125  1.8 1732  0.4 2354  1.9
 8  Tu        425 0607  0.4 1217  1.8 1823  0.4 9999  9.9
 9  We        425 0044  1.9 0652  0.4 1303  1.8 1908  0.4
10  Th        425 0129  1.9 0732  0.4 1347  1.8 1950  0.4
11  Fr        425 0211  1.8 0809  0.4 1428  1.8 2029  0.4
12  Sa        425 0249  1.8 0844  0.4 1506  1.8 2108  0.4
13  Su        425 0324  1.8 0920  0.4 1544  1.8 2145  0.5
14  Mo        425 0400  1.8 0957  0.5 1621  1.8 2224  0.5
15  Tu        425 0435  1.7 1036  0.5 1659  1.7 2305  0.6
16  We        425 0514  1.7 1118  0.6 1741  1.7 2348  0.6
17  Th        425 0557  1.6 1204  0.6 1827  1.7 9999  9.9
18  Fr        425 0034  0.6 0647  1.6 1252  0.6 1917  1.7
19  Sa        425 0125  0.7 0743  1.5 1344  0.6 2012  1.7
20  Su        425 0219  0.7 0841  1.5 1437  0.6 2108  1.7
21  Mo        425 0317  0.6 0938  1.6 1532  0.6 2204  1.7
22  Tu        425 0413  0.6 1031  1.7 1627  0.5 2257  1.8
23  We        425 0505  0.5 1121  1.8 1720  0.4 2349  1.9
24  Th        425 0553  0.4 1211  1.9 1811  0.3 9999  9.9
25  Fr        425 0040  1.9 0639  0.3 1301  2.0 1902  0.3
26  Sa        425 0130  2.0 0726  0.2 1353  2.1 1954  0.2
27  Su        425 0221  2.1 0815  0.2 1444  2.1 2046  0.2
28  Mo        425 0311  2.1 0906  0.2 1537  2.2 2141  0.2
29  Tu        425 0403  2.1 1000  0.2 1632  2.2 2237  0.2
30  We        425 0457  2.0 1058  0.2 1728  2.1 2336  0.3
 1  Th        525 0554  1.9 1158  0.3 1828  2.0 9999  9.9
 2  Fr        525 0036  0.3 0655  1.9 1300  0.3 1929  2.0
 3  Sa        525 0139  0.4 0800  1.8 1403  0.4 2032  1.9
 4  Su        525 0244  0.4 0904  1.8 1506  0.4 2134  1.9
 5  Mo        525 0348  0.5 1004  1.8 1607  0.4 2232  1.8
 6  Tu        525 0446  0.5 1058  1.8 1704  0.5 2325  1.8
 7  We        525 0536  0.5 1148  1.8 1754  0.5 9999  9.9
 8  Th        525 0014  1.8 0620  0.5 1234  1.8 1840  0.5
 9  Fr        525 0058  1.8 0700  0.4 1318  1.8 1922  0.5
10  Sa        525 0139  1.8 0737  0.4 1359  1.8 2002  0.5
11  Su        525 0218  1.8 0813  0.5 1438  1.8 2040  0.5
12  Mo        525 0255  1.7 0850  0.5 1516  1.8 2119  0.5
13  Tu        525 0331  1.7 0928  0.5 1555  1.8 2159  0.5
14  We        525 0409  1.7 1009  0.5 1635  1.8 2241  0.5
15  Th        525 0450  1.7 1052  0.5 1717  1.8 2325  0.6
16  Fr        525 0533  1.6 1138  0.6 1802  1.7 9999  9.9
17  Sa        525 0011  0.6 0622  1.6 1226  0.6 1850  1.7
18  Su        525 0059  0.6 0715  1.6 1315  0.6 1942  1.7
19  Mo        525 0149  0.6 0810  1.6 1406  0.5 2036  1.7
20  Tu        525 0242  0.6 0905  1.7 1459  0.5 2131  1.8
21  We        525 0336  0.5 0958  1.7 1554  0.5 2225  1.8
22  Th        525 0429  0.5 1051  1.8 1649  0.4 2320  1.9
23  Fr        525 0521  0.4 1144  1.9 1745  0.3 9999  9.9
24  Sa        525 0013  1.9 0611  0.3 1238  2.0 1840  0.3
25  Su        525 0107  2.0 0702  0.2 1332  2.1 1934  0.2
26  Mo        525 0159  2.0 0753  0.2 1427  2.1 2029  0.2
27  Tu        525 0252  2.0 0847  0.2 1522  2.2 2125  0.2
28  We        525 0345  2.0 0943  0.2 1616  2.2 2222  0.2
29  Th        525 0439  2.0 1041  0.2 1712  2.1 2319  0.3
30  Fr        525 0535  1.9 1141  0.2 1808  2.1 9999  9.9
31  Sa        525 0017  0.3 0634  1.9 1240  0.3 1905  2.0
 1  Su        625 0115  0.4 0734  1.8 1338  0.4 2004  1.9
 2  Mo        625 0213  0.4 0834  1.8 1435  0.4 2101  1.8
 3  Tu        625 0311  0.5 0931  1.8 1531  0.5 2157  1.8
 4  We        625 0407  0.5 1024  1.7 1626  0.5 2249  1.7
 5  Th        625 0458  0.5 1114  1.7 1718  0.5 2338  1.7
 6  Fr        625 0544  0.5 1200  1.7 1807  0.5 9999  9.9
 7  Sa        625 0023  1.7 0626  0.5 1245  1.7 1852  0.5
 8  Su        625 0106  1.7 0706  0.5 1329  1.7 1934  0.5
 9  Mo        625 0147  1.7 0745  0.5 1410  1.8 2015  0.5
10  Tu        625 0227  1.7 0823  0.5 1451  1.8 2056  0.5
11  We        625 0306  1.7 0904  0.5 1531  1.8 2137  0.5
12  Th        625 0346  1.7 0945  0.5 1612  1.8 2218  0.5
13  Fr        625 0427  1.7 1029  0.5 1654  1.8 2301  0.5
14  Sa        625 0511  1.7 1114  0.5 1738  1.8 2345  0.5
15  Su        625 0557  1.7 1201  0.5 1824  1.8 9999  9.9
16  Mo        625 0031  0.5 0647  1.7 1248  0.5 1914  1.8
17  Tu        625 0119  0.5 0740  1.7 1337  0.5 2006  1.8
18  We        625 0209  0.5 0834  1.7 1430  0.4 2101  1.8
19  Th        625 0303  0.5 0930  1.8 1525  0.4 2158  1.8
20  Fr        625 0358  0.4 1026  1.9 1625  0.4 2255  1.8
21  Sa        625 0454  0.4 1122  1.9 1725  0.4 2352  1.9
22  Su        625 0549  0.3 1220  2.0 1824  0.3 9999  9.9
23  Mo        625 0048  1.9 0644  0.3 1317  2.0 1921  0.3
24  Tu        625 0143  2.0 0738  0.2 1413  2.1 2017  0.3
25  We        625 0237  2.0 0833  0.2 1508  2.1 2112  0.2
26  Th        625 0329  2.0 0929  0.2 1601  2.1 2206  0.3
27  Fr        625 0422  2.0 1025  0.2 1653  2.1 2259  0.3
28  Sa        625 0515  1.9 1120  0.2 1745  2.0 2352  0.3
29  Su        625 0608  1.9 1214  0.3 1836  2.0 9999  9.9
30  Mo        625 0044  0.4 0703  1.8 1306  0.4 1929  1.9
