032Spit Wharf
Based on data from  1-Jul-2006
Local Std Time, tidal heights in metres.
 1  Th        115 0557  0.3 1219  1.9 1819  0.3 9999  9.9
 2  Fr        115 0047  2.0 0652  0.3 1311  1.9 1910  0.3
 3  Sa        115 0138  2.0 0744  0.3 1400  1.9 1959  0.3
 4  Su        115 0227  2.0 0831  0.3 1447  1.9 2046  0.3
 5  Mo        115 0314  2.0 0916  0.4 1532  1.9 2131  0.3
 6  Tu        115 0358  1.9 0959  0.4 1615  1.8 2214  0.4
 7  We        115 0440  1.9 1040  0.4 1657  1.8 2256  0.4
 8  Th        115 0521  1.8 1121  0.4 1739  1.7 2338  0.4
 9  Fr        115 0601  1.8 1203  0.5 1822  1.7 9999  9.9
10  Sa        115 0021  0.5 0642  1.7 1246  0.5 1905  1.7
11  Su        115 0104  0.5 0725  1.7 1331  0.5 1952  1.6
12  Mo        115 0150  0.6 0812  1.7 1419  0.6 2041  1.6
13  Tu        115 0239  0.6 0903  1.6 1509  0.6 2132  1.6
14  We        115 0331  0.6 0957  1.6 1600  0.5 2225  1.7
15  Th        115 0425  0.6 1051  1.7 1650  0.5 2318  1.7
16  Fr        115 0519  0.5 1143  1.7 1740  0.4 9999  9.9
17  Sa        115 0010  1.8 0611  0.5 1234  1.8 1829  0.4
18  Su        115 0101  1.9 0702  0.4 1324  1.9 1918  0.3
19  Mo        115 0151  2.0 0752  0.3 1413  1.9 2008  0.2
20  Tu        115 0241  2.1 0841  0.2 1502  2.0 2059  0.1
21  We        115 0331  2.1 0931  0.2 1553  2.1 2152  0.1
22  Th        115 0422  2.2 1022  0.1 1645  2.1 2245  0.1
23  Fr        115 0514  2.2 1114  0.1 1740  2.1 2340  0.1
24  Sa        115 0608  2.1 1209  0.2 1836  2.1 9999  9.9
25  Su        115 0037  0.1 0704  2.1 1307  0.2 1934  2.0
26  Mo        115 0135  0.2 0803  2.0 1407  0.3 2034  2.0
27  Tu        115 0237  0.3 0904  1.9 1509  0.3 2136  1.9
28  We        115 0340  0.3 1006  1.9 1610  0.3 2237  1.9
29  Th        115 0444  0.4 1106  1.9 1709  0.3 2335  1.9
30  Fr        115 0544  0.4 1202  1.8 1804  0.3 9999  9.9
31  Sa        115 0030  1.9 0639  0.4 1254  1.8 1855  0.3
 1  Su        215 0121  1.9 0728  0.4 1341  1.8 1942  0.3
 2  Mo        215 0208  1.9 0813  0.4 1426  1.8 2027  0.3
 3  Tu        215 0251  1.9 0854  0.4 1508  1.8 2108  0.4
 4  We        215 0332  1.9 0933  0.4 1548  1.8 2148  0.4
 5  Th        215 0411  1.9 1010  0.4 1627  1.8 2226  0.4
 6  Fr        215 0448  1.8 1047  0.4 1705  1.7 2305  0.4
 7  Sa        215 0525  1.8 1126  0.5 1745  1.7 2344  0.5
 8  Su        215 0604  1.7 1206  0.5 1826  1.7 9999  9.9
 9  Mo        215 0026  0.5 0645  1.7 1250  0.5 1911  1.7
10  Tu        215 0111  0.5 0732  1.7 1337  0.6 2000  1.6
11  We        215 0200  0.6 0823  1.6 1427  0.6 2053  1.6
12  Th        215 0253  0.6 0920  1.6 1520  0.6 2149  1.7
13  Fr        215 0349  0.6 1017  1.6 1614  0.5 2246  1.7
14  Sa        215 0447  0.5 1113  1.7 1708  0.4 2342  1.8
15  Su        215 0542  0.5 1207  1.8 1801  0.4 9999  9.9
16  Mo        215 0035  1.9 0636  0.4 1259  1.9 1854  0.3
17  Tu        215 0128  2.0 0727  0.3 1350  2.0 1946  0.2
18  We        215 0219  2.1 0817  0.2 1440  2.1 2038  0.1
19  Th        215 0309  2.2 0908  0.1 1532  2.1 2131  0.0
20  Fr        215 0401  2.2 0959  0.1 1624  2.2 2225  0.0
21  Sa        215 0453  2.2 1052  0.1 1718  2.2 2320  0.1
22  Su        215 0546  2.2 1146  0.1 1814  2.1 9999  9.9
23  Mo        215 0016  0.1 0642  2.1 1244  0.2 1912  2.0
24  Tu        215 0115  0.2 0741  2.0 1344  0.3 2012  2.0
25  We        215 0217  0.3 0842  1.9 1447  0.3 2114  1.9
26  Th        215 0321  0.4 0945  1.8 1550  0.4 2216  1.9
27  Fr        215 0426  0.4 1046  1.8 1650  0.4 2315  1.9
28  Sa        215 0526  0.4 1142  1.8 1745  0.4 9999  9.9
 1  Su        315 0010  1.9 0619  0.4 1233  1.8 1835  0.4
 2  Mo        315 0059  1.9 0706  0.4 1319  1.8 1921  0.4
 3  Tu        315 0144  1.9 0748  0.4 1401  1.8 2003  0.4
 4  We        315 0225  1.9 0827  0.4 1441  1.8 2042  0.4
 5  Th        315 0303  1.8 0903  0.4 1519  1.8 2120  0.4
 6  Fr        315 0339  1.8 0938  0.4 1556  1.8 2156  0.4
 7  Sa        315 0415  1.8 1014  0.4 1633  1.8 2234  0.4
 8  Su        315 0452  1.8 1051  0.4 1712  1.8 2312  0.5
 9  Mo        315 0531  1.7 1131  0.5 1754  1.7 2354  0.5
10  Tu        315 0613  1.7 1214  0.5 1839  1.7 9999  9.9
11  We        315 0039  0.5 0700  1.7 1301  0.5 1928  1.7
12  Th        315 0128  0.5 0753  1.6 1353  0.5 2022  1.7
13  Fr        315 0222  0.6 0850  1.6 1447  0.5 2120  1.7
14  Sa        315 0320  0.5 0949  1.7 1544  0.5 2218  1.8
15  Su        315 0419  0.5 1047  1.7 1641  0.4 2316  1.8
16  Mo        315 0516  0.4 1143  1.8 1736  0.3 9999  9.9
17  Tu        315 0011  1.9 0611  0.3 1236  1.9 1831  0.2
18  We        315 0105  2.0 0703  0.2 1328  2.0 1925  0.1
19  Th        315 0157  2.1 0754  0.1 1419  2.1 2018  0.1
20  Fr        315 0248  2.2 0844  0.1 1511  2.2 2111  0.0
21  Sa        315 0339  2.2 0936  0.1 1604  2.2 2205  0.0
22  Su        315 0431  2.2 1029  0.1 1657  2.2 2259  0.1
23  Mo        315 0524  2.1 1123  0.1 1753  2.1 2355  0.2
24  Tu        315 0619  2.0 1221  0.2 1850  2.0 9999  9.9
25  We        315 0053  0.3 0718  1.9 1321  0.3 1949  2.0
26  Th        315 0155  0.3 0819  1.8 1423  0.4 2050  1.9
27  Fr        315 0258  0.4 0921  1.8 1525  0.4 2151  1.8
28  Sa        315 0402  0.5 1021  1.7 1624  0.4 2249  1.8
29  Su        315 0500  0.5 1116  1.7 1719  0.4 2342  1.8
30  Mo        315 0552  0.5 1206  1.8 1808  0.4 9999  9.9
31  Tu        315 0031  1.8 0637  0.4 1250  1.8 1853  0.4
 1  We        415 0114  1.8 0718  0.4 1332  1.8 1934  0.4
 2  Th        415 0154  1.8 0755  0.4 1410  1.8 2013  0.4
 3  Fr        415 0231  1.8 0831  0.4 1448  1.8 2050  0.4
 4  Sa        415 0307  1.8 0906  0.4 1525  1.8 2127  0.4
 5  Su        415 0344  1.8 0942  0.4 1603  1.8 2205  0.4
 6  Mo        415 0422  1.8 1020  0.4 1644  1.8 2245  0.4
 7  Tu        415 0503  1.8 1101  0.4 1727  1.8 2327  0.5
 8  We        415 0547  1.7 1145  0.5 1813  1.8 9999  9.9
 9  Th        415 0013  0.5 0635  1.7 1233  0.5 1904  1.8
10  Fr        415 0104  0.5 0729  1.7 1326  0.5 1958  1.8
11  Sa        415 0158  0.5 0826  1.7 1422  0.5 2055  1.8
12  Su        415 0256  0.5 0925  1.7 1519  0.4 2154  1.8
13  Mo        415 0355  0.5 1024  1.8 1617  0.4 2253  1.9
14  Tu        415 0453  0.4 1120  1.9 1715  0.3 2349  2.0
15  We        415 0548  0.3 1214  2.0 1810  0.2 9999  9.9
16  Th        415 0043  2.0 0640  0.2 1307  2.1 1905  0.1
17  Fr        415 0136  2.1 0732  0.1 1359  2.1 1959  0.1
18  Sa        415 0227  2.1 0823  0.1 1452  2.2 2052  0.1
19  Su        415 0318  2.2 0915  0.1 1544  2.2 2146  0.1
20  Mo        415 0410  2.1 1007  0.1 1637  2.2 2239  0.1
21  Tu        415 0502  2.1 1101  0.2 1732  2.1 2334  0.2
22  We        415 0557  2.0 1157  0.2 1827  2.0 9999  9.9
23  Th        415 0030  0.3 0653  1.9 1255  0.3 1923  1.9
24  Fr        415 0129  0.4 0751  1.8 1354  0.4 2021  1.8
25  Sa        415 0229  0.4 0851  1.7 1453  0.4 2119  1.8
26  Su        415 0329  0.5 0949  1.7 1550  0.5 2215  1.7
27  Mo        415 0425  0.5 1043  1.7 1644  0.5 2307  1.7
28  Tu        415 0516  0.5 1131  1.7 1733  0.5 2355  1.7
29  We        415 0601  0.5 1216  1.7 1818  0.5 9999  9.9
30  Th        415 0038  1.8 0642  0.4 1257  1.8 1900  0.5
 1  Fr        515 0118  1.8 0720  0.4 1337  1.8 1940  0.4
 2  Sa        515 0157  1.8 0757  0.4 1416  1.8 2019  0.4
 3  Su        515 0235  1.8 0834  0.4 1455  1.8 2058  0.4
 4  Mo        515 0314  1.8 0912  0.4 1536  1.8 2138  0.4
 5  Tu        515 0355  1.8 0952  0.4 1619  1.9 2220  0.4
 6  We        515 0438  1.8 1035  0.4 1704  1.9 2304  0.4
 7  Th        515 0524  1.8 1121  0.4 1752  1.9 2352  0.4
 8  Fr        515 0614  1.8 1211  0.4 1842  1.9 9999  9.9
 9  Sa        515 0043  0.4 0708  1.7 1304  0.4 1936  1.8
10  Su        515 0138  0.4 0805  1.7 1400  0.4 2033  1.9
11  Mo        515 0235  0.4 0904  1.8 1458  0.4 2132  1.9
12  Tu        515 0334  0.4 1002  1.8 1557  0.3 2231  1.9
13  We        515 0431  0.3 1059  1.9 1655  0.3 2328  2.0
14  Th        515 0527  0.3 1155  2.0 1752  0.2 9999  9.9
15  Fr        515 0023  2.0 0620  0.2 1249  2.1 1848  0.2
16  Sa        515 0116  2.1 0712  0.2 1342  2.1 1943  0.2
17  Su        515 0208  2.1 0804  0.1 1434  2.1 2036  0.1
18  Mo        515 0259  2.1 0855  0.1 1526  2.1 2128  0.2
19  Tu        515 0350  2.0 0947  0.2 1618  2.1 2220  0.2
20  We        515 0441  2.0 1040  0.2 1710  2.1 2312  0.3
21  Th        515 0533  1.9 1133  0.3 1802  2.0 9999  9.9
22  Fr        515 0005  0.3 0626  1.8 1227  0.3 1854  1.9
23  Sa        515 0059  0.4 0720  1.8 1321  0.4 1947  1.8
24  Su        515 0153  0.5 0815  1.7 1415  0.5 2040  1.7
25  Mo        515 0248  0.5 0909  1.7 1508  0.5 2132  1.7
26  Tu        515 0342  0.5 1001  1.7 1600  0.5 2224  1.7
27  We        515 0432  0.5 1050  1.7 1650  0.5 2312  1.7
28  Th        515 0518  0.5 1136  1.7 1737  0.5 2358  1.7
29  Fr        515 0601  0.5 1220  1.7 1822  0.5 9999  9.9
30  Sa        515 0041  1.7 0642  0.4 1302  1.8 1906  0.5
31  Su        515 0122  1.8 0722  0.4 1344  1.8 1948  0.4
 1  Mo        615 0204  1.8 0802  0.4 1427  1.9 2030  0.4
 2  Tu        615 0246  1.8 0843  0.4 1510  1.9 2112  0.4
 3  We        615 0330  1.8 0926  0.3 1555  1.9 2156  0.4
 4  Th        615 0415  1.8 1012  0.3 1642  2.0 2243  0.3
 5  Fr        615 0503  1.9 1100  0.3 1731  2.0 2331  0.3
 6  Sa        615 0554  1.9 1151  0.3 1822  2.0 9999  9.9
 7  Su        615 0023  0.3 0648  1.8 1245  0.3 1916  2.0
 8  Mo        615 0117  0.3 0744  1.9 1341  0.3 2013  1.9
 9  Tu        615 0215  0.3 0843  1.9 1439  0.3 2111  1.9
10  We        615 0313  0.3 0942  1.9 1539  0.3 2211  1.9
11  Th        615 0412  0.3 1040  1.9 1638  0.3 2309  1.9
12  Fr        615 0509  0.3 1137  2.0 1737  0.3 9999  9.9
13  Sa        615 0006  2.0 0603  0.2 1233  2.0 1834  0.3
14  Su        615 0059  2.0 0656  0.2 1326  2.1 1929  0.2
15  Mo        615 0151  2.0 0748  0.2 1419  2.1 2021  0.2
16  Tu        615 0242  2.0 0839  0.2 1509  2.1 2112  0.2
17  We        615 0331  2.0 0929  0.2 1559  2.1 2201  0.3
18  Th        615 0420  1.9 1019  0.2 1647  2.0 2249  0.3
19  Fr        615 0508  1.9 1107  0.3 1735  1.9 2337  0.4
20  Sa        615 0556  1.8 1156  0.4 1822  1.9 9999  9.9
21  Su        615 0024  0.4 0645  1.7 1244  0.4 1908  1.8
22  Mo        615 0113  0.5 0734  1.7 1332  0.5 1956  1.7
23  Tu        615 0202  0.5 0824  1.7 1421  0.5 2044  1.7
24  We        615 0252  0.5 0913  1.6 1511  0.6 2135  1.7
25  Th        615 0343  0.5 1003  1.6 1602  0.6 2225  1.6
26  Fr        615 0432  0.5 1052  1.7 1653  0.6 2315  1.7
27  Sa        615 0518  0.5 1140  1.7 1743  0.5 9999  9.9
28  Su        615 0003  1.7 0603  0.5 1227  1.8 1831  0.5
29  Mo        615 0049  1.7 0647  0.4 1313  1.8 1916  0.4
30  Tu        615 0134  1.8 0730  0.4 1359  1.9 2001  0.4
 1  We        715 0219  1.8 0815  0.3 1445  2.0 2046  0.3
 2  Th        715 0305  1.9 0901  0.3 1532  2.0 2132  0.3
 3  Fr        715 0352  1.9 0949  0.2 1620  2.1 2220  0.3
 4  Sa        715 0441  2.0 1039  0.2 1710  2.1 2310  0.2
 5  Su        715 0533  2.0 1131  0.2 1801  2.1 9999  9.9
 6  Mo        715 0002  0.2 0627  2.0 1225  0.2 1855  2.0
 7  Tu        715 0056  0.3 0723  2.0 1322  0.2 1952  2.0
 8  We        715 0154  0.3 0822  2.0 1421  0.3 2051  2.0
 9  Th        715 0253  0.3 0922  1.9 1521  0.3 2151  1.9
10  Fr        715 0353  0.3 1022  2.0 1623  0.3 2252  1.9
11  Sa        715 0452  0.3 1121  2.0 1725  0.3 2349  1.9
12  Su        715 0549  0.3 1218  2.0 1823  0.3 9999  9.9
13  Mo        715 0044  1.9 0643  0.3 1312  2.0 1917  0.3
14  Tu        715 0135  1.9 0734  0.2 1403  2.0 2007  0.3
15  We        715 0224  1.9 0823  0.2 1452  2.0 2055  0.3
16  Th        715 0311  1.9 0911  0.3 1538  2.0 2140  0.3
17  Fr        715 0357  1.9 0956  0.3 1623  2.0 2223  0.3
18  Sa        715 0441  1.8 1040  0.3 1705  1.9 2305  0.4
19  Su        715 0525  1.8 1124  0.4 1747  1.8 2348  0.4
20  Mo        715 0608  1.7 1207  0.4 1828  1.8 9999  9.9
21  Tu        715 0031  0.5 0652  1.7 1250  0.5 1911  1.7
22  We        715 0116  0.5 0737  1.7 1336  0.5 1957  1.7
23  Th        715 0204  0.5 0825  1.6 1424  0.6 2047  1.6
24  Fr        715 0254  0.6 0916  1.6 1516  0.6 2140  1.6
25  Sa        715 0345  0.6 1008  1.6 1610  0.6 2234  1.6
26  Su        715 0436  0.5 1101  1.7 1704  0.6 2326  1.7
27  Mo        715 0525  0.5 1153  1.8 1756  0.5 9999  9.9
28  Tu        715 0016  1.7 0613  0.4 1242  1.8 1845  0.4
29  We        715 0105  1.8 0701  0.3 1331  1.9 1933  0.3
30  Th        715 0152  1.9 0748  0.3 1420  2.0 2020  0.3
31  Fr        715 0240  2.0 0837  0.2 1508  2.1 2107  0.2
 1  Sa        815 0329  2.0 0927  0.1 1557  2.1 2156  0.2
 2  Su        815 0419  2.1 1018  0.1 1647  2.2 2246  0.1
 3  Mo        815 0511  2.1 1111  0.1 1739  2.1 2339  0.1
 4  Tu        815 0605  2.1 1206  0.1 1833  2.1 9999  9.9
 5  We        815 0034  0.2 0702  2.1 1303  0.2 1931  2.0
 6  Th        815 0133  0.2 0801  2.0 1402  0.2 2031  2.0
 7  Fr        815 0234  0.3 0902  2.0 1505  0.3 2133  1.9
 8  Sa        815 0336  0.3 1004  2.0 1609  0.3 2234  1.9
 9  Su        815 0437  0.3 1105  1.9 1712  0.4 2333  1.9
10  Mo        815 0535  0.3 1202  1.9 1810  0.4 9999  9.9
11  Tu        815 0028  1.9 0629  0.3 1256  2.0 1903  0.3
12  We        815 0118  1.9 0719  0.3 1346  2.0 1950  0.3
13  Th        815 0205  1.9 0806  0.3 1432  2.0 2034  0.3
14  Fr        815 0249  1.9 0850  0.3 1515  1.9 2115  0.3
15  Sa        815 0332  1.9 0932  0.3 1555  1.9 2154  0.4
16  Su        815 0412  1.8 1012  0.3 1634  1.9 2233  0.4
17  Mo        815 0452  1.8 1051  0.4 1712  1.8 2312  0.4
18  Tu        815 0532  1.8 1131  0.4 1751  1.8 2352  0.5
19  We        815 0613  1.7 1212  0.5 1831  1.7 9999  9.9
20  Th        815 0035  0.5 0656  1.7 1256  0.5 1916  1.7
21  Fr        815 0121  0.5 0743  1.7 1344  0.6 2005  1.6
22  Sa        815 0211  0.6 0835  1.6 1436  0.6 2100  1.6
23  Su        815 0303  0.6 0929  1.7 1532  0.6 2157  1.6
24  Mo        815 0357  0.5 1025  1.7 1628  0.5 2253  1.7
25  Tu        815 0449  0.5 1120  1.8 1723  0.5 2346  1.7
26  We        815 0541  0.4 1213  1.9 1815  0.4 9999  9.9
27  Th        815 0037  1.8 0632  0.3 1304  2.0 1904  0.3
28  Fr        815 0126  1.9 0722  0.2 1354  2.1 1953  0.2
29  Sa        815 0216  2.0 0813  0.1 1444  2.1 2042  0.1
30  Su        815 0306  2.1 0904  0.1 1534  2.2 2132  0.1
31  Mo        815 0357  2.2 0957  0.0 1625  2.2 2223  0.1
 1  Tu        915 0450  2.2 1050  0.0 1717  2.2 2316  0.1
 2  We        915 0544  2.2 1146  0.1 1812  2.1 9999  9.9
 3  Th        915 0012  0.1 0641  2.1 1243  0.2 1910  2.0
 4  Fr        915 0112  0.2 0741  2.0 1344  0.2 2010  2.0
 5  Sa        915 0214  0.3 0842  2.0 1448  0.3 2113  1.9
 6  Su        915 0317  0.3 0945  1.9 1553  0.4 2216  1.9
 7  Mo        915 0419  0.3 1046  1.9 1656  0.4 2314  1.8
 8  Tu        915 0518  0.3 1143  1.9 1753  0.4 9999  9.9
 9  We        915 0008  1.8 0611  0.3 1236  1.9 1843  0.4
10  Th        915 0057  1.9 0700  0.3 1324  1.9 1928  0.4
11  Fr        915 0143  1.9 0745  0.3 1407  1.9 2009  0.4
12  Sa        915 0225  1.9 0826  0.3 1447  1.9 2047  0.4
13  Su        915 0304  1.8 0905  0.4 1525  1.9 2124  0.4
14  Mo        915 0343  1.8 0943  0.4 1602  1.8 2200  0.4
15  Tu        915 0420  1.8 1021  0.4 1639  1.8 2238  0.4
16  We        915 0459  1.8 1059  0.4 1717  1.8 2317  0.5
17  Th        915 0539  1.8 1140  0.5 1758  1.7 2359  0.5
18  Fr        915 0623  1.7 1224  0.5 1843  1.7 9999  9.9
19  Sa        915 0045  0.5 0710  1.7 1311  0.5 1933  1.6
20  Su        915 0135  0.5 0801  1.7 1403  0.6 2028  1.6
21  Mo        915 0228  0.5 0856  1.7 1459  0.6 2125  1.6
22  Tu        915 0322  0.5 0954  1.7 1556  0.5 2223  1.7
23  We        915 0418  0.5 1051  1.8 1652  0.5 2318  1.8
24  Th        915 0512  0.4 1146  1.9 1746  0.4 9999  9.9
25  Fr        915 0010  1.9 0605  0.3 1238  2.0 1837  0.3
26  Sa        915 0102  2.0 0658  0.2 1330  2.1 1927  0.2
27  Su        915 0152  2.1 0750  0.1 1421  2.2 2017  0.1
28  Mo        915 0244  2.2 0843  0.0 1511  2.2 2108  0.0
29  Tu        915 0336  2.2 0936  0.0 1603  2.2 2200  0.0
30  We        915 0429  2.2 1030  0.0 1656  2.2 2254  0.1
 1  Th       1015 0524  2.2 1126  0.1 1751  2.1 2351  0.1
 2  Fr       1015 0621  2.1 1224  0.2 1848  2.0 9999  9.9
 3  Sa       1015 0050  0.2 0720  2.0 1324  0.3 1949  1.9
 4  Su       1015 0152  0.3 0820  2.0 1428  0.3 2051  1.9
 5  Mo       1015 0255  0.3 0922  1.9 1532  0.4 2153  1.8
 6  Tu       1015 0357  0.4 1022  1.9 1633  0.4 2251  1.8
 7  We       1015 0454  0.4 1118  1.9 1728  0.4 2344  1.8
 8  Th       1015 0547  0.4 1210  1.8 1817  0.4 9999  9.9
 9  Fr       1015 0032  1.8 0634  0.4 1256  1.8 1900  0.4
10  Sa       1015 0115  1.8 0718  0.4 1338  1.8 1940  0.4
11  Su       1015 0156  1.8 0758  0.4 1417  1.8 2017  0.4
12  Mo       1015 0235  1.8 0837  0.4 1454  1.8 2053  0.4
13  Tu       1015 0313  1.8 0915  0.4 1531  1.8 2129  0.4
14  We       1015 0351  1.8 0952  0.4 1608  1.8 2207  0.4
15  Th       1015 0430  1.8 1031  0.4 1648  1.8 2246  0.4
16  Fr       1015 0511  1.8 1113  0.5 1730  1.7 2329  0.5
17  Sa       1015 0555  1.8 1157  0.5 1816  1.7 9999  9.9
18  Su       1015 0015  0.5 0643  1.8 1245  0.5 1906  1.7
19  Mo       1015 0105  0.5 0734  1.7 1336  0.5 2001  1.7
20  Tu       1015 0158  0.5 0829  1.8 1431  0.5 2058  1.7
21  We       1015 0254  0.5 0926  1.8 1528  0.5 2156  1.7
22  Th       1015 0350  0.4 1024  1.8 1625  0.4 2252  1.8
23  Fr       1015 0446  0.3 1120  1.9 1719  0.3 2346  1.9
24  Sa       1015 0541  0.3 1214  2.0 1812  0.2 9999  9.9
25  Su       1015 0039  2.0 0636  0.2 1307  2.1 1903  0.2
26  Mo       1015 0131  2.1 0730  0.1 1359  2.1 1954  0.1
27  Tu       1015 0224  2.2 0824  0.1 1451  2.2 2046  0.1
28  We       1015 0317  2.2 0918  0.1 1543  2.2 2139  0.1
29  Th       1015 0410  2.2 1012  0.1 1635  2.1 2234  0.1
30  Fr       1015 0505  2.2 1107  0.1 1730  2.1 2330  0.1
31  Sa       1015 0600  2.1 1204  0.2 1826  2.0 9999  9.9
 1  Su       1115 0028  0.2 0657  2.0 1302  0.3 1925  1.9
 2  Mo       1115 0128  0.3 0755  1.9 1403  0.4 2025  1.8
 3  Tu       1115 0228  0.4 0854  1.9 1504  0.4 2124  1.8
 4  We       1115 0327  0.4 0952  1.8 1602  0.4 2221  1.8
 5  Th       1115 0423  0.4 1047  1.8 1656  0.4 2313  1.8
 6  Fr       1115 0514  0.5 1137  1.8 1743  0.4 9999  9.9
 7  Sa       1115 0000  1.8 0602  0.5 1223  1.8 1827  0.4
 8  Su       1115 0044  1.8 0646  0.4 1305  1.8 1907  0.4
 9  Mo       1115 0125  1.8 0728  0.4 1345  1.8 1945  0.4
10  Tu       1115 0204  1.8 0808  0.4 1423  1.8 2022  0.4
11  We       1115 0243  1.8 0847  0.4 1501  1.8 2059  0.4
12  Th       1115 0323  1.8 0926  0.4 1541  1.8 2138  0.4
13  Fr       1115 0404  1.8 1006  0.4 1622  1.8 2220  0.4
14  Sa       1115 0447  1.8 1048  0.4 1706  1.8 2304  0.4
15  Su       1115 0532  1.8 1133  0.4 1753  1.7 2351  0.4
16  Mo       1115 0620  1.8 1221  0.4 1843  1.7 9999  9.9
17  Tu       1115 0041  0.4 0711  1.8 1312  0.5 1937  1.7
18  We       1115 0134  0.4 0805  1.8 1407  0.4 2034  1.7
19  Th       1115 0229  0.4 0901  1.8 1503  0.4 2131  1.8
20  Fr       1115 0326  0.4 0959  1.9 1600  0.4 2228  1.9
21  Sa       1115 0423  0.3 1057  1.9 1655  0.3 2324  1.9
22  Su       1115 0520  0.3 1153  2.0 1750  0.2 9999  9.9
23  Mo       1115 0019  2.0 0617  0.2 1247  2.0 1843  0.2
24  Tu       1115 0113  2.1 0713  0.2 1340  2.1 1935  0.1
25  We       1115 0207  2.2 0807  0.1 1432  2.1 2028  0.1
26  Th       1115 0300  2.2 0901  0.1 1524  2.1 2121  0.1
27  Fr       1115 0353  2.2 0955  0.1 1616  2.1 2215  0.1
28  Sa       1115 0446  2.1 1048  0.2 1709  2.0 2309  0.2
29  Su       1115 0539  2.1 1142  0.3 1803  1.9 9999  9.9
30  Mo       1115 0004  0.3 0632  2.0 1236  0.3 1858  1.8
 1  Tu       1215 0059  0.3 0726  1.9 1332  0.4 1954  1.8
 2  We       1215 0155  0.4 0820  1.8 1428  0.4 2049  1.7
 3  Th       1215 0250  0.5 0914  1.8 1523  0.5 2144  1.7
 4  Fr       1215 0343  0.5 1007  1.7 1615  0.5 2235  1.7
 5  Sa       1215 0435  0.5 1058  1.7 1704  0.5 2323  1.7
 6  Su       1215 0524  0.5 1145  1.7 1749  0.5 9999  9.9
 7  Mo       1215 0008  1.7 0611  0.5 1229  1.7 1831  0.4
 8  Tu       1215 0051  1.8 0655  0.5 1311  1.7 1911  0.4
 9  We       1215 0133  1.8 0737  0.5 1352  1.8 1951  0.4
10  Th       1215 0214  1.8 0818  0.4 1432  1.8 2030  0.4
11  Fr       1215 0256  1.9 0859  0.4 1514  1.8 2112  0.4
12  Sa       1215 0339  1.9 0941  0.4 1557  1.8 2155  0.4
13  Su       1215 0423  1.9 1025  0.4 1643  1.8 2240  0.3
14  Mo       1215 0509  1.9 1110  0.4 1730  1.8 2328  0.3
15  Tu       1215 0558  1.9 1158  0.4 1821  1.8 9999  9.9
16  We       1215 0018  0.3 0648  1.9 1249  0.4 1915  1.8
17  Th       1215 0111  0.3 0742  1.9 1344  0.4 2011  1.8
18  Fr       1215 0207  0.3 0839  1.9 1440  0.4 2109  1.9
19  Sa       1215 0305  0.3 0938  1.9 1538  0.3 2208  1.9
20  Su       1215 0404  0.3 1037  1.9 1635  0.3 2306  1.9
21  Mo       1215 0504  0.3 1135  1.9 1732  0.3 9999  9.9
22  Tu       1215 0002  2.0 0603  0.3 1230  2.0 1827  0.2
23  We       1215 0058  2.1 0659  0.2 1324  2.0 1920  0.2
24  Th       1215 0152  2.1 0754  0.2 1416  2.0 2013  0.2
25  Fr       1215 0244  2.1 0847  0.2 1507  2.0 2105  0.2
26  Sa       1215 0336  2.1 0938  0.2 1557  2.0 2156  0.2
27  Su       1215 0426  2.1 1028  0.2 1647  1.9 2247  0.2
28  Mo       1215 0515  2.0 1117  0.3 1737  1.9 2337  0.3
29  Tu       1215 0604  1.9 1206  0.4 1827  1.8 9999  9.9
30  We       1215 0027  0.4 0652  1.9 1256  0.4 1918  1.7
31  Th       1215 0117  0.4 0741  1.8 1346  0.5 2009  1.7
