032Spit Wharf
Based on data from  1-Jul-2012
Local Std Time, tidal heights in metres.
 1  Fr        722 0438  1.7 1042  0.5 1703  1.8 2310  0.5
 2  Sa        722 0518  1.7 1123  0.5 1742  1.8 2350  0.5
 3  Su        722 0600  1.7 1205  0.5 1823  1.8 9999  9.9
 4  Mo        722 0032  0.6 0645  1.6 1248  0.5 1908  1.7
 5  Tu        722 0116  0.6 0733  1.6 1332  0.5 1956  1.7
 6  We        722 0202  0.6 0824  1.7 1420  0.5 2048  1.7
 7  Th        722 0251  0.6 0916  1.7 1512  0.5 2142  1.7
 8  Fr        722 0344  0.5 1010  1.7 1608  0.5 2238  1.7
 9  Sa        722 0438  0.5 1105  1.8 1707  0.5 2335  1.8
10  Su        722 0532  0.4 1202  1.9 1806  0.4 9999  9.9
11  Mo        722 0030  1.8 0626  0.3 1259  2.0 1903  0.3
12  Tu        722 0125  1.9 0720  0.2 1355  2.1 1958  0.3
13  We        722 0219  2.0 0815  0.2 1450  2.1 2052  0.2
14  Th        722 0312  2.0 0910  0.1 1544  2.2 2147  0.2
15  Fr        722 0405  2.1 1007  0.1 1637  2.2 2241  0.2
16  Sa        722 0459  2.1 1104  0.1 1730  2.2 2336  0.2
17  Su        722 0554  2.0 1200  0.2 1824  2.1 9999  9.9
18  Mo        722 0032  0.3 0652  2.0 1256  0.2 1920  2.0
19  Tu        722 0127  0.3 0750  1.9 1352  0.3 2018  1.9
20  We        722 0225  0.4 0849  1.9 1450  0.4 2117  1.8
21  Th        722 0323  0.4 0947  1.8 1550  0.5 2215  1.8
22  Fr        722 0421  0.5 1043  1.8 1651  0.5 2310  1.7
23  Sa        722 0515  0.5 1137  1.8 1748  0.5 9999  9.9
24  Su        722 0003  1.7 0605  0.5 1229  1.8 1840  0.5
25  Mo        722 0051  1.7 0652  0.5 1317  1.8 1926  0.5
26  Tu        722 0135  1.7 0735  0.5 1402  1.8 2007  0.5
27  We        722 0217  1.7 0815  0.5 1442  1.8 2047  0.5
28  Th        722 0255  1.7 0855  0.5 1520  1.8 2124  0.5
29  Fr        722 0333  1.7 0934  0.4 1556  1.8 2201  0.5
30  Sa        722 0410  1.7 1013  0.4 1633  1.9 2238  0.5
31  Su        722 0448  1.7 1052  0.4 1711  1.8 2317  0.5
 1  Mo        822 0528  1.7 1133  0.4 1751  1.8 2357  0.5
 2  Tu        822 0612  1.7 1215  0.5 1834  1.8 9999  9.9
 3  We        822 0040  0.5 0659  1.7 1300  0.5 1923  1.8
 4  Th        822 0126  0.5 0751  1.7 1349  0.5 2017  1.7
 5  Fr        822 0217  0.5 0846  1.7 1443  0.5 2115  1.7
 6  Sa        822 0312  0.5 0945  1.8 1544  0.5 2215  1.7
 7  Su        822 0411  0.5 1045  1.8 1648  0.5 2315  1.8
 8  Mo        822 0511  0.4 1145  1.9 1751  0.4 9999  9.9
 9  Tu        822 0013  1.8 0609  0.3 1244  2.0 1849  0.3
10  We        822 0109  1.9 0705  0.2 1340  2.1 1943  0.3
11  Th        822 0202  2.0 0800  0.2 1434  2.2 2036  0.2
12  Fr        822 0255  2.1 0855  0.1 1526  2.2 2127  0.2
13  Sa        822 0346  2.1 0949  0.1 1616  2.2 2219  0.2
14  Su        822 0438  2.1 1043  0.1 1706  2.2 2310  0.2
15  Mo        822 0530  2.1 1136  0.2 1757  2.1 9999  9.9
16  Tu        822 0002  0.3 0624  2.0 1229  0.3 1850  2.0
17  We        822 0056  0.3 0720  1.9 1322  0.4 1946  1.8
18  Th        822 0150  0.4 0817  1.8 1418  0.5 2044  1.7
19  Fr        822 0247  0.5 0915  1.8 1518  0.5 2143  1.7
20  Sa        822 0346  0.5 1013  1.7 1621  0.6 2241  1.6
21  Su        822 0444  0.5 1108  1.7 1721  0.6 2334  1.6
22  Mo        822 0537  0.5 1201  1.7 1814  0.6 9999  9.9
23  Tu        822 0023  1.7 0625  0.5 1248  1.7 1900  0.5
24  We        822 0107  1.7 0708  0.5 1332  1.8 1940  0.5
25  Th        822 0147  1.7 0748  0.5 1412  1.8 2017  0.5
26  Fr        822 0225  1.8 0826  0.4 1449  1.9 2052  0.4
27  Sa        822 0302  1.8 0904  0.4 1525  1.9 2127  0.4
28  Su        822 0339  1.8 0942  0.4 1602  1.9 2204  0.4
29  Mo        822 0418  1.8 1021  0.4 1640  1.9 2242  0.4
30  Tu        822 0459  1.8 1103  0.4 1721  1.9 2324  0.4
31  We        822 0544  1.8 1147  0.4 1806  1.8 9999  9.9
 1  Th        922 0009  0.5 0632  1.8 1234  0.4 1857  1.8
 2  Fr        922 0058  0.5 0726  1.8 1326  0.5 1953  1.7
 3  Sa        922 0152  0.5 0825  1.8 1424  0.5 2055  1.7
 4  Su        922 0251  0.5 0927  1.8 1528  0.5 2159  1.7
 5  Mo        922 0354  0.5 1029  1.9 1636  0.5 2300  1.8
 6  Tu        922 0457  0.4 1131  1.9 1739  0.4 2358  1.9
 7  We        922 0557  0.3 1229  2.0 1836  0.3 9999  9.9
 8  Th        922 0053  1.9 0653  0.2 1324  2.1 1928  0.3
 9  Fr        922 0146  2.0 0746  0.2 1416  2.1 2017  0.2
10  Sa        922 0236  2.1 0838  0.1 1506  2.2 2105  0.2
11  Su        922 0326  2.1 0929  0.1 1554  2.1 2153  0.2
12  Mo        922 0415  2.1 1020  0.2 1641  2.1 2242  0.2
13  Tu        922 0505  2.0 1110  0.2 1729  2.0 2332  0.3
14  We        922 0556  2.0 1201  0.3 1819  1.9 9999  9.9
15  Th        922 0023  0.4 0648  1.9 1252  0.4 1912  1.8
16  Fr        922 0116  0.5 0744  1.8 1346  0.5 2009  1.7
17  Sa        922 0211  0.5 0841  1.7 1444  0.6 2109  1.6
18  Su        922 0309  0.6 0938  1.7 1547  0.6 2207  1.6
19  Mo        922 0408  0.6 1034  1.7 1648  0.6 2301  1.6
20  Tu        922 0503  0.6 1125  1.7 1741  0.6 2348  1.6
21  We        922 0552  0.5 1213  1.7 1826  0.5 9999  9.9
22  Th        922 0032  1.7 0635  0.5 1256  1.8 1905  0.5
23  Fr        922 0112  1.7 0715  0.5 1336  1.8 1941  0.4
24  Sa        922 0151  1.8 0752  0.4 1414  1.9 2016  0.4
25  Su        922 0229  1.8 0831  0.4 1452  1.9 2051  0.4
26  Mo        922 0308  1.9 0910  0.4 1531  1.9 2129  0.4
27  Tu        922 0349  1.9 0952  0.3 1612  1.9 2210  0.4
28  We        922 0433  1.9 1036  0.3 1655  1.9 2255  0.4
29  Th        922 0520  1.9 1124  0.4 1743  1.8 2344  0.4
30  Fr        922 0612  1.9 1215  0.4 1837  1.8 9999  9.9
 1  Sa       1022 0037  0.4 0708  1.9 1311  0.4 1936  1.7
 2  Su       1022 0135  0.4 0809  1.9 1412  0.5 2041  1.7
 3  Mo       1022 0237  0.4 0913  1.9 1518  0.5 2145  1.8
 4  Tu       1022 0342  0.4 1016  1.9 1625  0.4 2246  1.8
 5  We       1022 0445  0.4 1116  1.9 1726  0.4 2342  1.9
 6  Th       1022 0544  0.3 1213  2.0 1820  0.3 9999  9.9
 7  Fr       1022 0036  2.0 0639  0.2 1306  2.0 1910  0.3
 8  Sa       1022 0128  2.0 0730  0.2 1357  2.1 1956  0.2
 9  Su       1022 0217  2.1 0820  0.2 1444  2.1 2042  0.2
10  Mo       1022 0306  2.1 0909  0.2 1531  2.0 2128  0.2
11  Tu       1022 0353  2.0 0957  0.3 1616  2.0 2214  0.3
12  We       1022 0441  2.0 1045  0.3 1702  1.9 2302  0.4
13  Th       1022 0529  1.9 1133  0.4 1749  1.8 2351  0.4
14  Fr       1022 0618  1.8 1222  0.5 1839  1.7 9999  9.9
15  Sa       1022 0042  0.5 0709  1.7 1314  0.6 1933  1.6
16  Su       1022 0135  0.6 0803  1.7 1408  0.6 2031  1.6
17  Mo       1022 0230  0.6 0858  1.7 1507  0.6 2128  1.6
18  Tu       1022 0326  0.6 0952  1.7 1606  0.6 2220  1.6
19  We       1022 0420  0.6 1042  1.7 1659  0.6 2307  1.6
20  Th       1022 0509  0.6 1130  1.7 1745  0.5 2351  1.7
21  Fr       1022 0554  0.5 1214  1.8 1824  0.5 9999  9.9
22  Sa       1022 0033  1.7 0636  0.5 1256  1.8 1901  0.4
23  Su       1022 0114  1.8 0716  0.4 1338  1.9 1937  0.4
24  Mo       1022 0155  1.9 0757  0.4 1419  1.9 2016  0.4
25  Tu       1022 0238  1.9 0840  0.3 1502  1.9 2057  0.3
26  We       1022 0323  2.0 0925  0.3 1546  1.9 2142  0.3
27  Th       1022 0411  2.0 1014  0.3 1633  1.9 2231  0.3
28  Fr       1022 0501  2.0 1105  0.3 1724  1.9 2325  0.3
29  Sa       1022 0555  2.0 1200  0.4 1820  1.8 9999  9.9
30  Su       1022 0022  0.4 0653  2.0 1259  0.4 1922  1.8
31  Mo       1022 0122  0.4 0754  1.9 1401  0.4 2026  1.8
 1  Tu       1122 0224  0.4 0857  1.9 1506  0.4 2129  1.8
 2  We       1122 0328  0.4 0959  1.9 1610  0.4 2229  1.9
 3  Th       1122 0430  0.3 1058  2.0 1709  0.4 2325  1.9
 4  Fr       1122 0529  0.3 1154  2.0 1802  0.3 9999  9.9
 5  Sa       1122 0018  2.0 0623  0.3 1247  2.0 1850  0.3
 6  Su       1122 0109  2.0 0714  0.3 1336  2.0 1935  0.3
 7  Mo       1122 0158  2.0 0802  0.3 1423  2.0 2019  0.3
 8  Tu       1122 0246  2.0 0849  0.3 1508  1.9 2104  0.3
 9  We       1122 0332  2.0 0935  0.4 1552  1.9 2149  0.4
10  Th       1122 0418  1.9 1022  0.4 1636  1.8 2235  0.4
11  Fr       1122 0503  1.9 1108  0.5 1720  1.7 2323  0.5
12  Sa       1122 0549  1.8 1154  0.5 1807  1.6 9999  9.9
13  Su       1122 0011  0.5 0635  1.7 1242  0.6 1856  1.6
14  Mo       1122 0100  0.6 0724  1.7 1332  0.6 1949  1.6
15  Tu       1122 0149  0.6 0814  1.7 1424  0.6 2043  1.6
16  We       1122 0239  0.6 0904  1.7 1517  0.6 2133  1.6
17  Th       1122 0330  0.6 0954  1.7 1609  0.6 2221  1.6
18  Fr       1122 0420  0.6 1043  1.7 1656  0.6 2306  1.7
19  Sa       1122 0508  0.5 1130  1.7 1738  0.5 2351  1.7
20  Su       1122 0554  0.5 1216  1.8 1819  0.5 9999  9.9
21  Mo       1122 0037  1.8 0640  0.4 1302  1.8 1900  0.4
22  Tu       1122 0123  1.9 0726  0.4 1348  1.9 1943  0.3
23  We       1122 0211  2.0 0813  0.3 1435  1.9 2029  0.3
24  Th       1122 0301  2.0 0903  0.3 1524  1.9 2118  0.3
25  Fr       1122 0352  2.1 0955  0.3 1614  1.9 2212  0.3
26  Sa       1122 0444  2.1 1049  0.3 1707  1.9 2309  0.3
27  Su       1122 0539  2.1 1146  0.3 1804  1.9 9999  9.9
28  Mo       1122 0007  0.3 0637  2.0 1244  0.3 1905  1.9
29  Tu       1122 0107  0.3 0737  2.0 1345  0.3 2007  1.9
30  We       1122 0208  0.3 0838  2.0 1447  0.4 2109  1.9
 1  Th       1222 0310  0.3 0939  2.0 1549  0.4 2208  1.9
 2  Fr       1222 0411  0.3 1037  1.9 1647  0.4 2304  1.9
 3  Sa       1222 0510  0.3 1133  1.9 1740  0.3 2358  1.9
 4  Su       1222 0606  0.4 1226  1.9 1829  0.3 9999  9.9
 5  Mo       1222 0050  1.9 0657  0.4 1316  1.9 1915  0.3
 6  Tu       1222 0140  1.9 0745  0.4 1403  1.9 1959  0.4
 7  We       1222 0228  1.9 0832  0.4 1447  1.8 2043  0.4
 8  Th       1222 0313  1.9 0916  0.4 1530  1.8 2127  0.4
 9  Fr       1222 0357  1.9 1000  0.5 1612  1.7 2211  0.5
10  Sa       1222 0439  1.8 1043  0.5 1653  1.7 2256  0.5
11  Su       1222 0520  1.8 1127  0.5 1736  1.6 2340  0.5
12  Mo       1222 0601  1.8 1210  0.6 1820  1.6 9999  9.9
13  Tu       1222 0025  0.6 0644  1.7 1254  0.6 1907  1.6
14  We       1222 0109  0.6 0729  1.7 1339  0.6 1956  1.6
15  Th       1222 0154  0.6 0816  1.7 1427  0.6 2045  1.6
16  Fr       1222 0241  0.6 0906  1.7 1516  0.6 2134  1.6
17  Sa       1222 0330  0.6 0957  1.7 1605  0.6 2223  1.7
18  Su       1222 0422  0.6 1048  1.7 1653  0.5 2312  1.7
19  Mo       1222 0515  0.5 1139  1.7 1740  0.5 9999  9.9
20  Tu       1222 0003  1.8 0607  0.5 1230  1.8 1827  0.4
21  We       1222 0056  1.9 0659  0.4 1321  1.8 1916  0.3
22  Th       1222 0148  2.0 0751  0.3 1412  1.9 2006  0.3
23  Fr       1222 0241  2.0 0844  0.3 1504  2.0 2059  0.2
24  Sa       1222 0334  2.1 0937  0.2 1556  2.0 2155  0.2
25  Su       1222 0428  2.1 1032  0.2 1650  2.0 2253  0.2
26  Mo       1222 0522  2.2 1128  0.2 1746  2.0 2351  0.2
27  Tu       1222 0617  2.1 1225  0.3 1844  2.0 9999  9.9
28  We       1222 0049  0.2 0715  2.1 1323  0.3 1945  1.9
29  Th       1222 0147  0.3 0814  2.0 1422  0.3 2045  1.9
30  Fr       1222 0247  0.3 0914  1.9 1522  0.4 2144  1.9
31  Sa       1222 0348  0.4 1014  1.9 1621  0.4 2242  1.9
 1  Su        123 0449  0.4 1110  1.8 1717  0.4 2337  1.9
 2  Mo        123 0547  0.4 1204  1.8 1808  0.4 9999  9.9
 3  Tu        123 0031  1.9 0641  0.5 1255  1.8 1856  0.4
 4  We        123 0122  1.9 0730  0.5 1343  1.8 1941  0.4
 5  Th        123 0209  1.9 0815  0.5 1427  1.8 2024  0.4
 6  Fr        123 0254  1.8 0857  0.5 1508  1.7 2106  0.4
 7  Sa        123 0335  1.8 0938  0.5 1548  1.7 2148  0.5
 8  Su        123 0413  1.8 1017  0.5 1626  1.7 2229  0.5
 9  Mo        123 0450  1.8 1056  0.5 1705  1.7 2309  0.5
10  Tu        123 0527  1.8 1135  0.5 1744  1.7 2350  0.5
11  We        123 0606  1.8 1215  0.6 1827  1.6 9999  9.9
12  Th        123 0030  0.5 0648  1.7 1257  0.6 1912  1.6
13  Fr        123 0113  0.6 0733  1.7 1341  0.6 2001  1.6
14  Sa        123 0158  0.6 0823  1.7 1428  0.6 2052  1.6
15  Su        123 0248  0.6 0916  1.7 1519  0.6 2145  1.7
16  Mo        123 0343  0.6 1012  1.7 1612  0.5 2240  1.7
17  Tu        123 0442  0.5 1109  1.7 1707  0.5 2336  1.8
18  We        123 0541  0.5 1205  1.8 1801  0.4 9999  9.9
19  Th        123 0033  1.9 0638  0.4 1259  1.8 1854  0.3
20  Fr        123 0129  2.0 0733  0.3 1353  1.9 1948  0.2
21  Sa        123 0224  2.1 0826  0.3 1445  2.0 2043  0.2
22  Su        123 0317  2.2 0919  0.2 1538  2.0 2138  0.1
23  Mo        123 0409  2.2 1012  0.2 1631  2.1 2234  0.1
24  Tu        123 0501  2.2 1106  0.2 1725  2.1 2330  0.1
25  We        123 0555  2.1 1201  0.2 1821  2.0 9999  9.9
26  Th        123 0026  0.2 0650  2.1 1256  0.3 1919  2.0
27  Fr        123 0123  0.3 0748  2.0 1354  0.3 2018  1.9
28  Sa        123 0221  0.3 0847  1.9 1453  0.4 2118  1.9
29  Su        123 0322  0.4 0948  1.8 1553  0.4 2218  1.8
30  Mo        123 0426  0.5 1047  1.7 1652  0.5 2315  1.8
31  Tu        123 0528  0.5 1142  1.7 1746  0.5 9999  9.9
 1  We        223 0010  1.8 0623  0.5 1234  1.7 1836  0.5
 2  Th        223 0101  1.8 0712  0.5 1321  1.7 1921  0.5
 3  Fr        223 0148  1.8 0755  0.5 1404  1.7 2003  0.5
 4  Sa        223 0230  1.8 0834  0.5 1443  1.7 2043  0.5
 5  Su        223 0308  1.8 0911  0.5 1521  1.7 2121  0.5
 6  Mo        223 0344  1.8 0947  0.5 1557  1.7 2159  0.5
 7  Tu        223 0419  1.8 1023  0.5 1633  1.7 2237  0.5
 8  We        223 0454  1.8 1059  0.5 1711  1.7 2315  0.5
 9  Th        223 0531  1.8 1137  0.5 1751  1.7 2355  0.5
10  Fr        223 0612  1.8 1218  0.5 1835  1.7 9999  9.9
11  Sa        223 0038  0.5 0657  1.7 1302  0.6 1924  1.7
12  Su        223 0124  0.5 0748  1.7 1350  0.6 2018  1.7
13  Mo        223 0215  0.6 0845  1.6 1443  0.6 2115  1.7
14  Tu        223 0314  0.6 0945  1.6 1541  0.5 2215  1.7
15  We        223 0418  0.6 1046  1.7 1642  0.5 2316  1.8
16  Th        223 0522  0.5 1145  1.8 1741  0.4 9999  9.9
17  Fr        223 0015  1.9 0621  0.4 1241  1.8 1837  0.3
18  Sa        223 0112  2.0 0716  0.3 1335  1.9 1932  0.2
19  Su        223 0206  2.1 0808  0.2 1427  2.0 2026  0.1
20  Mo        223 0258  2.2 0859  0.2 1518  2.1 2120  0.1
21  Tu        223 0349  2.2 0949  0.2 1610  2.1 2214  0.1
22  We        223 0439  2.2 1041  0.2 1702  2.1 2308  0.1
23  Th        223 0530  2.1 1134  0.2 1756  2.0 9999  9.9
24  Fr        223 0002  0.2 0623  2.0 1227  0.3 1852  2.0
25  Sa        223 0056  0.3 0719  1.9 1323  0.4 1950  1.9
26  Su        223 0153  0.4 0818  1.8 1422  0.4 2051  1.8
27  Mo        223 0254  0.5 0920  1.7 1523  0.5 2151  1.8
28  Tu        223 0400  0.6 1021  1.7 1624  0.5 2250  1.7
 1  We        323 0504  0.6 1117  1.6 1721  0.5 2345  1.7
 2  Th        323 0600  0.6 1208  1.7 1811  0.5 9999  9.9
 3  Fr        323 0035  1.7 0647  0.6 1254  1.7 1856  0.5
 4  Sa        323 0120  1.8 0728  0.5 1335  1.7 1936  0.5
 5  Su        323 0200  1.8 0804  0.5 1413  1.7 2014  0.5
 6  Mo        323 0237  1.8 0839  0.5 1450  1.8 2051  0.4
 7  Tu        323 0312  1.8 0912  0.5 1525  1.8 2127  0.4
 8  We        323 0346  1.8 0947  0.5 1601  1.8 2204  0.4
 9  Th        323 0422  1.8 1023  0.5 1640  1.8 2244  0.4
10  Fr        323 0500  1.8 1102  0.5 1721  1.8 2325  0.5
11  Sa        323 0542  1.8 1144  0.5 1807  1.8 9999  9.9
12  Su        323 0010  0.5 0629  1.7 1231  0.5 1858  1.7
13  Mo        323 0059  0.5 0722  1.7 1322  0.5 1954  1.7
14  Tu        323 0153  0.6 0823  1.6 1419  0.5 2055  1.7
15  We        323 0255  0.6 0927  1.6 1521  0.5 2158  1.8
16  Th        323 0403  0.6 1029  1.7 1624  0.5 2259  1.8
17  Fr        323 0508  0.5 1128  1.8 1725  0.4 2359  1.9
18  Sa        323 0606  0.4 1223  1.9 1822  0.3 9999  9.9
19  Su        323 0054  2.0 0658  0.3 1316  2.0 1916  0.2
20  Mo        323 0147  2.1 0748  0.2 1408  2.1 2009  0.1
21  Tu        323 0238  2.1 0836  0.2 1458  2.1 2101  0.1
22  We        323 0327  2.2 0925  0.2 1549  2.1 2152  0.1
23  Th        323 0415  2.1 1015  0.2 1639  2.1 2244  0.2
24  Fr        323 0504  2.0 1106  0.3 1731  2.0 2337  0.3
25  Sa        323 0555  1.9 1158  0.3 1825  1.9 9999  9.9
26  Su        323 0030  0.4 0649  1.8 1253  0.4 1921  1.8
27  Mo        323 0125  0.5 0748  1.7 1350  0.5 2020  1.8
28  Tu        323 0225  0.6 0850  1.6 1450  0.6 2120  1.7
29  We        323 0329  0.6 0950  1.6 1550  0.6 2218  1.7
30  Th        323 0432  0.6 1046  1.6 1647  0.6 2311  1.7
31  Fr        323 0527  0.6 1135  1.6 1738  0.6 9999  9.9
 1  Sa        423 0000  1.7 0613  0.6 1219  1.7 1822  0.5
 2  Su        423 0043  1.7 0653  0.5 1300  1.7 1903  0.5
 3  Mo        423 0123  1.8 0728  0.5 1338  1.7 1940  0.5
 4  Tu        423 0200  1.8 0802  0.5 1415  1.8 2017  0.4
 5  We        423 0237  1.8 0836  0.4 1452  1.8 2054  0.4
 6  Th        423 0314  1.9 0911  0.4 1531  1.8 2133  0.4
 7  Fr        423 0352  1.8 0949  0.4 1612  1.9 2215  0.4
 8  Sa        423 0433  1.8 1031  0.4 1657  1.9 2300  0.4
 9  Su        423 0518  1.8 1117  0.5 1745  1.8 2349  0.5
10  Mo        423 0608  1.7 1208  0.5 1838  1.8 9999  9.9
11  Tu        423 0042  0.5 0704  1.7 1304  0.5 1937  1.8
12  We        423 0140  0.5 0807  1.7 1403  0.5 2039  1.8
13  Th        423 0243  0.5 0911  1.7 1506  0.5 2142  1.8
14  Fr        423 0349  0.5 1013  1.8 1610  0.4 2243  1.9
15  Sa        423 0452  0.4 1110  1.8 1710  0.4 2341  2.0
16  Su        423 0548  0.4 1205  1.9 1807  0.3 9999  9.9
17  Mo        423 0035  2.0 0639  0.3 1258  2.0 1900  0.2
18  Tu        423 0127  2.1 0727  0.2 1349  2.1 1951  0.2
19  We        423 0217  2.1 0814  0.2 1439  2.1 2042  0.2
20  Th        423 0305  2.1 0901  0.2 1528  2.1 2132  0.2
21  Fr        423 0352  2.0 0949  0.3 1618  2.0 2222  0.3
22  Sa        423 0440  1.9 1039  0.3 1707  2.0 2313  0.4
23  Su        423 0528  1.8 1131  0.4 1758  1.9 9999  9.9
24  Mo        423 0004  0.5 0620  1.7 1224  0.5 1851  1.8
25  Tu        423 0057  0.5 0716  1.6 1318  0.5 1946  1.7
26  We        423 0152  0.6 0814  1.6 1413  0.6 2042  1.7
27  Th        423 0251  0.6 0912  1.6 1509  0.6 2137  1.7
28  Fr        423 0350  0.6 1006  1.6 1604  0.6 2228  1.7
29  Sa        423 0443  0.6 1054  1.6 1654  0.6 2315  1.7
30  Su        423 0530  0.6 1137  1.6 1740  0.6 2359  1.7
 1  Mo        523 0610  0.5 1218  1.7 1822  0.5 9999  9.9
 2  Tu        523 0041  1.8 0647  0.5 1259  1.7 1902  0.5
 3  We        523 0121  1.8 0722  0.4 1339  1.8 1942  0.4
 4  Th        523 0202  1.8 0759  0.4 1421  1.8 2023  0.4
 5  Fr        523 0243  1.8 0837  0.4 1504  1.9 2106  0.4
 6  Sa        523 0325  1.8 0920  0.4 1549  1.9 2152  0.4
 7  Su        523 0410  1.8 1006  0.4 1637  1.9 2241  0.4
 8  Mo        523 0458  1.8 1057  0.4 1728  1.9 2333  0.4
 9  Tu        523 0551  1.8 1152  0.4 1823  1.9 9999  9.9
10  We        523 0029  0.4 0649  1.8 1250  0.4 1922  1.9
11  Th        523 0127  0.4 0751  1.8 1350  0.4 2023  1.9
12  Fr        523 0229  0.5 0854  1.8 1451  0.4 2124  1.9
13  Sa        523 0332  0.4 0954  1.8 1553  0.4 2224  1.9
14  Su        523 0433  0.4 1051  1.9 1653  0.3 2321  2.0
15  Mo        523 0528  0.3 1146  1.9 1750  0.3 9999  9.9
16  Tu        523 0016  2.0 0619  0.3 1239  2.0 1844  0.3
17  We        523 0107  2.0 0707  0.3 1330  2.0 1935  0.3
18  Th        523 0157  2.0 0753  0.3 1421  2.0 2024  0.3
19  Fr        523 0245  1.9 0840  0.3 1510  2.0 2113  0.3
20  Sa        523 0331  1.9 0927  0.3 1558  2.0 2202  0.4
21  Su        523 0417  1.8 1016  0.4 1645  1.9 2250  0.4
22  Mo        523 0503  1.8 1105  0.4 1733  1.8 2338  0.5
23  Tu        523 0551  1.7 1155  0.5 1820  1.8 9999  9.9
24  We        523 0027  0.5 0641  1.6 1244  0.5 1909  1.7
25  Th        523 0116  0.6 0734  1.6 1333  0.6 1958  1.7
26  Fr        523 0207  0.6 0827  1.6 1423  0.6 2048  1.7
27  Sa        523 0259  0.6 0917  1.6 1513  0.6 2137  1.7
28  Su        523 0350  0.6 1005  1.6 1602  0.6 2225  1.7
29  Mo        523 0438  0.6 1050  1.6 1651  0.6 2312  1.7
30  Tu        523 0522  0.5 1134  1.7 1738  0.6 2358  1.7
31  We        523 0603  0.5 1219  1.7 1824  0.5 9999  9.9
 1  Th        623 0043  1.8 0643  0.5 1305  1.8 1909  0.5
 2  Fr        623 0129  1.8 0725  0.4 1352  1.9 1954  0.4
 3  Sa        623 0215  1.8 0808  0.4 1440  1.9 2042  0.4
 4  Su        623 0301  1.9 0855  0.3 1529  2.0 2131  0.3
 5  Mo        623 0350  1.9 0946  0.3 1619  2.0 2223  0.3
 6  Tu        623 0440  1.9 1041  0.3 1712  2.0 2317  0.3
 7  We        623 0535  1.9 1137  0.3 1806  2.0 9999  9.9
 8  Th        623 0013  0.3 0632  1.9 1235  0.3 1903  2.0
 9  Fr        623 0111  0.4 0732  1.9 1333  0.3 2003  2.0
10  Sa        623 0210  0.4 0833  1.9 1433  0.3 2103  2.0
11  Su        623 0310  0.4 0933  1.9 1534  0.3 2203  1.9
12  Mo        623 0410  0.4 1031  1.9 1634  0.3 2300  1.9
13  Tu        623 0506  0.4 1127  1.9 1733  0.4 2356  1.9
14  We        623 0559  0.3 1221  1.9 1829  0.4 9999  9.9
15  Th        623 0048  1.9 0648  0.3 1314  2.0 1921  0.4
16  Fr        623 0138  1.9 0735  0.3 1405  1.9 2010  0.4
17  Sa        623 0226  1.8 0822  0.3 1453  1.9 2057  0.4
18  Su        623 0311  1.8 0908  0.4 1539  1.9 2143  0.4
19  Mo        623 0355  1.8 0954  0.4 1623  1.9 2227  0.5
20  Tu        623 0439  1.7 1040  0.4 1706  1.8 2311  0.5
21  We        623 0522  1.7 1126  0.5 1747  1.8 2354  0.5
22  Th        623 0605  1.6 1210  0.5 1829  1.7 9999  9.9
23  Fr        623 0038  0.6 0651  1.6 1253  0.5 1912  1.7
24  Sa        623 0122  0.6 0738  1.6 1337  0.6 1958  1.7
25  Su        623 0208  0.6 0826  1.6 1422  0.6 2046  1.7
26  Mo        623 0256  0.6 0915  1.6 1511  0.6 2136  1.6
27  Tu        623 0345  0.6 1003  1.6 1602  0.6 2227  1.7
28  We        623 0433  0.6 1052  1.7 1655  0.6 2318  1.7
29  Th        623 0521  0.5 1143  1.7 1748  0.5 9999  9.9
30  Fr        623 0009  1.7 0608  0.5 1234  1.8 1840  0.5
