370Sumner
Based on data from  1-Jan-2001
Local Std Time, tidal heights in metres.
 1  Th        115 0057  2.3 0712  0.4 1321  2.2 1935  0.4
 2  Fr        115 0154  2.3 0809  0.4 1416  2.2 2029  0.4
 3  Sa        115 0249  2.3 0903  0.4 1508  2.2 2121  0.4
 4  Su        115 0340  2.3 0953  0.4 1558  2.1 2210  0.4
 5  Mo        115 0429  2.3 1041  0.5 1647  2.1 2257  0.4
 6  Tu        115 0515  2.2 1126  0.5 1734  2.1 2342  0.5
 7  We        115 0559  2.2 1211  0.5 1820  2.1 9999  9.9
 8  Th        115 0026  0.5 0641  2.2 1254  0.5 1905  2.0
 9  Fr        115 0109  0.5 0724  2.1 1338  0.5 1949  2.0
10  Sa        115 0152  0.6 0807  2.1 1421  0.6 2033  2.0
11  Su        115 0235  0.6 0850  2.1 1505  0.6 2117  2.0
12  Mo        115 0320  0.6 0935  2.0 1550  0.6 2201  2.0
13  Tu        115 0406  0.7 1020  2.0 1635  0.6 2247  2.0
14  We        115 0455  0.7 1107  2.0 1720  0.6 2334  2.0
15  Th        115 0545  0.7 1154  2.0 1807  0.6 9999  9.9
16  Fr        115 0021  2.0 0636  0.6 1241  2.0 1854  0.5
17  Sa        115 0111  2.1 0727  0.6 1330  2.1 1944  0.5
18  Su        115 0201  2.2 0819  0.5 1420  2.1 2035  0.4
19  Mo        115 0252  2.3 0910  0.4 1511  2.2 2128  0.3
20  Tu        115 0344  2.4 1001  0.3 1605  2.3 2221  0.2
21  We        115 0437  2.5 1054  0.3 1700  2.3 2315  0.2
22  Th        115 0531  2.5 1147  0.2 1756  2.4 9999  9.9
23  Fr        115 0009  0.1 0625  2.5 1241  0.2 1853  2.4
24  Sa        115 0104  0.1 0720  2.5 1336  0.2 1950  2.4
25  Su        115 0200  0.2 0817  2.5 1432  0.2 2047  2.4
26  Mo        115 0257  0.2 0914  2.4 1529  0.2 2144  2.4
27  Tu        115 0355  0.3 1012  2.3 1626  0.3 2243  2.3
28  We        115 0455  0.4 1110  2.3 1723  0.3 2341  2.3
29  Th        115 0556  0.4 1208  2.2 1820  0.4 9999  9.9
30  Fr        115 0040  2.2 0655  0.5 1304  2.2 1916  0.4
31  Sa        115 0136  2.2 0751  0.5 1358  2.1 2010  0.4
 1  Su        215 0229  2.2 0843  0.5 1448  2.1 2100  0.5
 2  Mo        215 0319  2.2 0931  0.5 1537  2.1 2148  0.5
 3  Tu        215 0405  2.2 1016  0.5 1623  2.1 2233  0.5
 4  We        215 0448  2.2 1059  0.5 1707  2.1 2316  0.5
 5  Th        215 0529  2.2 1141  0.5 1750  2.1 2357  0.5
 6  Fr        215 0610  2.1 1222  0.5 1832  2.0 9999  9.9
 7  Sa        215 0038  0.5 0651  2.1 1304  0.6 1914  2.0
 8  Su        215 0120  0.6 0732  2.1 1346  0.6 1957  2.0
 9  Mo        215 0202  0.6 0815  2.0 1429  0.6 2040  2.0
10  Tu        215 0246  0.6 0859  2.0 1513  0.6 2124  2.0
11  We        215 0332  0.7 0945  2.0 1557  0.6 2210  2.0
12  Th        215 0421  0.7 1032  2.0 1644  0.6 2258  2.0
13  Fr        215 0511  0.6 1121  2.0 1732  0.6 2347  2.1
14  Sa        215 0603  0.6 1210  2.0 1822  0.5 9999  9.9
15  Su        215 0039  2.1 0656  0.5 1301  2.1 1914  0.5
16  Mo        215 0132  2.2 0749  0.5 1353  2.2 2008  0.4
17  Tu        215 0225  2.3 0842  0.4 1447  2.3 2103  0.3
18  We        215 0319  2.4 0936  0.3 1542  2.4 2159  0.2
19  Th        215 0413  2.5 1029  0.2 1638  2.4 2254  0.1
20  Fr        215 0508  2.5 1124  0.1 1735  2.5 2349  0.1
21  Sa        215 0603  2.5 1219  0.1 1832  2.5 9999  9.9
22  Su        215 0045  0.1 0700  2.5 1314  0.1 1929  2.5
23  Mo        215 0141  0.1 0756  2.5 1410  0.2 2026  2.4
24  Tu        215 0238  0.2 0854  2.4 1507  0.2 2124  2.4
25  We        215 0336  0.3 0952  2.3 1604  0.3 2222  2.3
26  Th        215 0435  0.4 1051  2.2 1701  0.4 2320  2.3
27  Fr        215 0535  0.5 1148  2.2 1758  0.4 9999  9.9
28  Sa        215 0018  2.2 0633  0.5 1243  2.1 1853  0.5
 1  Su        315 0113  2.2 0728  0.5 1335  2.1 1946  0.5
 2  Mo        315 0204  2.2 0817  0.5 1424  2.1 2036  0.5
 3  Tu        315 0252  2.1 0903  0.5 1511  2.1 2122  0.5
 4  We        315 0336  2.1 0947  0.5 1555  2.1 2205  0.5
 5  Th        315 0417  2.1 1028  0.5 1637  2.1 2247  0.5
 6  Fr        315 0457  2.1 1109  0.5 1719  2.1 2328  0.5
 7  Sa        315 0537  2.1 1149  0.6 1800  2.1 9999  9.9
 8  Su        315 0008  0.6 0618  2.1 1230  0.6 1841  2.1
 9  Mo        315 0050  0.6 0659  2.1 1312  0.6 1923  2.0
10  Tu        315 0132  0.6 0743  2.0 1355  0.6 2006  2.0
11  We        315 0216  0.6 0828  2.0 1439  0.6 2051  2.0
12  Th        315 0303  0.6 0915  2.0 1524  0.6 2138  2.1
13  Fr        315 0352  0.6 1003  2.0 1612  0.6 2227  2.1
14  Sa        315 0443  0.6 1053  2.0 1702  0.6 2318  2.1
15  Su        315 0536  0.6 1144  2.1 1754  0.5 9999  9.9
16  Mo        315 0011  2.2 0629  0.5 1236  2.1 1849  0.4
17  Tu        315 0106  2.3 0723  0.4 1330  2.2 1945  0.3
18  We        315 0201  2.3 0817  0.3 1425  2.3 2042  0.3
19  Th        315 0256  2.4 0912  0.2 1521  2.4 2138  0.2
20  Fr        315 0351  2.5 1006  0.2 1618  2.5 2234  0.1
21  Sa        315 0446  2.5 1101  0.1 1715  2.5 2330  0.1
22  Su        315 0542  2.5 1156  0.1 1812  2.5 9999  9.9
23  Mo        315 0026  0.1 0639  2.5 1252  0.1 1908  2.5
24  Tu        315 0121  0.2 0736  2.4 1348  0.2 2005  2.4
25  We        315 0217  0.2 0833  2.3 1444  0.3 2101  2.4
26  Th        315 0315  0.3 0931  2.3 1539  0.4 2158  2.3
27  Fr        315 0412  0.4 1027  2.2 1635  0.4 2254  2.2
28  Sa        315 0510  0.5 1123  2.1 1730  0.5 2349  2.2
29  Su        315 0605  0.5 1216  2.1 1825  0.5 9999  9.9
30  Mo        315 0042  2.1 0657  0.5 1307  2.1 1916  0.6
31  Tu        315 0132  2.1 0745  0.5 1354  2.1 2005  0.6
 1  We        415 0218  2.1 0830  0.5 1440  2.1 2051  0.6
 2  Th        415 0302  2.1 0913  0.5 1523  2.1 2135  0.6
 3  Fr        415 0343  2.1 0954  0.5 1605  2.1 2217  0.6
 4  Sa        415 0424  2.1 1035  0.5 1647  2.1 2258  0.5
 5  Su        415 0504  2.1 1116  0.5 1728  2.1 2339  0.5
 6  Mo        415 0546  2.1 1157  0.6 1810  2.1 9999  9.9
 7  Tu        415 0021  0.5 0628  2.0 1240  0.6 1852  2.1
 8  We        415 0105  0.6 0713  2.0 1324  0.6 1936  2.1
 9  Th        415 0150  0.6 0800  2.0 1409  0.6 2022  2.1
10  Fr        415 0237  0.6 0848  2.0 1456  0.6 2111  2.1
11  Sa        415 0327  0.6 0939  2.0 1545  0.5 2201  2.1
12  Su        415 0419  0.5 1030  2.1 1637  0.5 2254  2.2
13  Mo        415 0512  0.5 1122  2.1 1731  0.5 2348  2.2
14  Tu        415 0606  0.4 1215  2.2 1828  0.4 9999  9.9
15  We        415 0043  2.3 0700  0.4 1310  2.3 1925  0.3
16  Th        415 0139  2.3 0755  0.3 1406  2.4 2023  0.3
17  Fr        415 0235  2.4 0850  0.2 1503  2.4 2120  0.2
18  Sa        415 0330  2.4 0945  0.2 1600  2.5 2217  0.2
19  Su        415 0426  2.4 1040  0.1 1656  2.5 2312  0.1
20  Mo        415 0522  2.4 1135  0.2 1752  2.5 9999  9.9
21  Tu        415 0007  0.2 0618  2.4 1230  0.2 1847  2.5
22  We        415 0101  0.2 0714  2.3 1325  0.3 1942  2.4
23  Th        415 0156  0.3 0810  2.3 1418  0.3 2036  2.3
24  Fr        415 0250  0.4 0906  2.2 1512  0.4 2130  2.3
25  Sa        415 0345  0.4 1000  2.1 1605  0.5 2223  2.2
26  Su        415 0439  0.5 1053  2.1 1658  0.5 2315  2.1
27  Mo        415 0531  0.5 1143  2.1 1750  0.6 9999  9.9
28  Tu        415 0006  2.1 0621  0.6 1232  2.0 1841  0.6
29  We        415 0054  2.1 0708  0.6 1319  2.0 1930  0.6
30  Th        415 0140  2.1 0753  0.6 1404  2.0 2017  0.6
 1  Fr        515 0224  2.1 0836  0.6 1449  2.1 2102  0.6
 2  Sa        515 0307  2.1 0918  0.5 1532  2.1 2145  0.6
 3  Su        515 0349  2.1 1000  0.5 1614  2.1 2228  0.6
 4  Mo        515 0431  2.1 1043  0.5 1656  2.1 2311  0.5
 5  Tu        515 0514  2.1 1125  0.5 1739  2.2 2354  0.5
 6  We        515 0559  2.1 1210  0.5 1823  2.2 9999  9.9
 7  Th        515 0039  0.5 0646  2.1 1255  0.5 1909  2.2
 8  Fr        515 0126  0.5 0735  2.1 1343  0.5 1957  2.2
 9  Sa        515 0215  0.5 0825  2.1 1432  0.5 2047  2.2
10  Su        515 0305  0.5 0917  2.1 1523  0.5 2139  2.2
11  Mo        515 0358  0.4 1010  2.1 1617  0.5 2233  2.2
12  Tu        515 0451  0.4 1103  2.2 1712  0.4 2329  2.3
13  We        515 0546  0.4 1158  2.2 1810  0.4 9999  9.9
14  Th        515 0024  2.3 0640  0.3 1253  2.3 1909  0.4
15  Fr        515 0121  2.3 0736  0.3 1350  2.4 2007  0.3
16  Sa        515 0217  2.3 0831  0.2 1447  2.4 2105  0.3
17  Su        515 0312  2.4 0926  0.2 1543  2.5 2200  0.2
18  Mo        515 0408  2.4 1021  0.2 1639  2.5 2255  0.2
19  Tu        515 0503  2.3 1115  0.2 1733  2.5 2348  0.2
20  We        515 0558  2.3 1208  0.3 1826  2.4 9999  9.9
21  Th        515 0040  0.3 0652  2.2 1301  0.3 1918  2.4
22  Fr        515 0132  0.3 0746  2.2 1352  0.4 2009  2.3
23  Sa        515 0223  0.4 0838  2.1 1442  0.5 2059  2.2
24  Su        515 0314  0.5 0929  2.1 1531  0.5 2148  2.2
25  Mo        515 0404  0.5 1018  2.1 1621  0.6 2237  2.1
26  Tu        515 0453  0.5 1106  2.0 1711  0.6 2325  2.1
27  We        515 0541  0.6 1154  2.0 1801  0.7 9999  9.9
28  Th        515 0013  2.0 0627  0.6 1240  2.0 1851  0.7
29  Fr        515 0059  2.0 0712  0.6 1326  2.0 1939  0.6
30  Sa        515 0144  2.0 0757  0.6 1411  2.1 2026  0.6
31  Su        515 0229  2.0 0841  0.5 1456  2.1 2112  0.6
 1  Mo        615 0313  2.0 0925  0.5 1540  2.1 2157  0.5
 2  Tu        615 0357  2.1 1009  0.5 1625  2.2 2241  0.5
 3  We        615 0443  2.1 1055  0.5 1710  2.2 2327  0.5
 4  Th        615 0530  2.1 1141  0.4 1756  2.3 9999  9.9
 5  Fr        615 0013  0.4 0620  2.1 1229  0.4 1844  2.3
 6  Sa        615 0102  0.4 0711  2.1 1319  0.4 1934  2.3
 7  Su        615 0152  0.4 0803  2.2 1411  0.4 2026  2.3
 8  Mo        615 0244  0.4 0857  2.2 1504  0.4 2120  2.3
 9  Tu        615 0338  0.4 0951  2.2 1559  0.4 2215  2.3
10  We        615 0432  0.3 1046  2.2 1656  0.4 2311  2.3
11  Th        615 0527  0.3 1142  2.3 1754  0.4 9999  9.9
12  Fr        615 0008  2.3 0623  0.3 1239  2.3 1854  0.4
13  Sa        615 0105  2.3 0719  0.3 1336  2.3 1953  0.4
14  Su        615 0201  2.3 0814  0.3 1433  2.4 2050  0.3
15  Mo        615 0257  2.3 0909  0.3 1529  2.4 2145  0.3
16  Tu        615 0351  2.3 1003  0.3 1622  2.4 2238  0.3
17  We        615 0445  2.2 1056  0.3 1714  2.4 2328  0.3
18  Th        615 0537  2.2 1146  0.3 1804  2.4 9999  9.9
19  Fr        615 0018  0.4 0628  2.2 1236  0.4 1852  2.3
20  Sa        615 0106  0.4 0718  2.1 1323  0.4 1939  2.2
21  Su        615 0154  0.5 0807  2.1 1410  0.5 2025  2.2
22  Mo        615 0240  0.5 0854  2.1 1456  0.6 2112  2.1
23  Tu        615 0327  0.5 0941  2.0 1543  0.6 2158  2.1
24  We        615 0413  0.6 1027  2.0 1631  0.7 2245  2.0
25  Th        615 0459  0.6 1114  2.0 1720  0.7 2332  2.0
26  Fr        615 0546  0.6 1200  2.0 1810  0.7 9999  9.9
27  Sa        615 0019  2.0 0631  0.6 1247  2.0 1901  0.7
28  Su        615 0105  2.0 0717  0.6 1333  2.1 1950  0.6
29  Mo        615 0151  2.0 0803  0.5 1420  2.1 2037  0.6
30  Tu        615 0237  2.0 0849  0.5 1506  2.2 2124  0.5
 1  We        715 0324  2.1 0937  0.5 1553  2.2 2211  0.5
 2  Th        715 0412  2.1 1025  0.4 1641  2.3 2259  0.4
 3  Fr        715 0502  2.2 1115  0.3 1730  2.4 2347  0.3
 4  Sa        715 0554  2.2 1205  0.3 1820  2.4 9999  9.9
 5  Su        715 0038  0.3 0648  2.3 1257  0.3 1912  2.4
 6  Mo        715 0130  0.3 0742  2.3 1350  0.3 2006  2.4
 7  Tu        715 0223  0.3 0837  2.3 1445  0.3 2101  2.4
 8  We        715 0318  0.3 0932  2.3 1541  0.3 2158  2.3
 9  Th        715 0413  0.3 1029  2.3 1640  0.4 2255  2.3
10  Fr        715 0510  0.3 1126  2.3 1740  0.4 2353  2.3
11  Sa        715 0606  0.3 1225  2.3 1841  0.4 9999  9.9
12  Su        715 0050  2.2 0703  0.3 1323  2.3 1940  0.4
13  Mo        715 0147  2.2 0759  0.3 1419  2.3 2036  0.4
14  Tu        715 0242  2.2 0854  0.4 1514  2.3 2129  0.4
15  We        715 0335  2.2 0946  0.4 1605  2.3 2219  0.4
16  Th        715 0426  2.2 1036  0.4 1653  2.3 2307  0.4
17  Fr        715 0515  2.1 1124  0.4 1739  2.3 2353  0.4
18  Sa        715 0603  2.1 1209  0.4 1824  2.2 9999  9.9
19  Su        715 0037  0.5 0649  2.1 1254  0.5 1907  2.2
20  Mo        715 0122  0.5 0734  2.1 1338  0.5 1951  2.1
21  Tu        715 0205  0.5 0819  2.0 1421  0.6 2035  2.1
22  We        715 0250  0.6 0903  2.0 1506  0.6 2120  2.0
23  Th        715 0334  0.6 0948  2.0 1553  0.7 2206  2.0
24  Fr        715 0419  0.6 1034  2.0 1642  0.7 2253  2.0
25  Sa        715 0505  0.6 1120  2.0 1732  0.7 2340  2.0
26  Su        715 0552  0.6 1208  2.0 1823  0.7 9999  9.9
27  Mo        715 0028  2.0 0639  0.6 1256  2.1 1913  0.6
28  Tu        715 0115  2.0 0727  0.5 1344  2.1 2003  0.6
29  We        715 0203  2.1 0816  0.5 1433  2.2 2052  0.5
30  Th        715 0252  2.1 0906  0.4 1522  2.3 2140  0.4
31  Fr        715 0343  2.2 0957  0.3 1613  2.4 2230  0.3
 1  Sa        815 0436  2.3 1050  0.3 1704  2.4 2321  0.2
 2  Su        815 0530  2.3 1142  0.2 1756  2.5 9999  9.9
 3  Mo        815 0014  0.2 0625  2.4 1236  0.2 1850  2.5
 4  Tu        815 0107  0.2 0720  2.4 1331  0.2 1946  2.5
 5  We        815 0202  0.2 0817  2.4 1427  0.2 2042  2.4
 6  Th        815 0257  0.2 0914  2.4 1524  0.3 2140  2.3
 7  Fr        815 0354  0.3 1011  2.4 1624  0.3 2239  2.3
 8  Sa        815 0451  0.3 1110  2.3 1725  0.4 2338  2.2
 9  Su        815 0549  0.3 1209  2.3 1826  0.4 9999  9.9
10  Mo        815 0036  2.2 0647  0.4 1307  2.3 1924  0.4
11  Tu        815 0132  2.2 0743  0.4 1403  2.3 2019  0.4
12  We        815 0225  2.1 0836  0.4 1455  2.3 2110  0.4
13  Th        815 0316  2.1 0927  0.4 1543  2.2 2157  0.5
14  Fr        815 0404  2.1 1014  0.5 1629  2.2 2241  0.5
15  Sa        815 0451  2.1 1059  0.5 1712  2.2 2325  0.5
16  Su        815 0535  2.1 1142  0.5 1754  2.2 9999  9.9
17  Mo        815 0007  0.5 0619  2.1 1224  0.5 1835  2.1
18  Tu        815 0049  0.5 0701  2.1 1306  0.6 1917  2.1
19  We        815 0131  0.5 0744  2.0 1349  0.6 2000  2.0
20  Th        815 0214  0.6 0827  2.0 1433  0.6 2044  2.0
21  Fr        815 0257  0.6 0911  2.0 1519  0.7 2130  2.0
22  Sa        815 0342  0.6 0956  2.0 1607  0.7 2217  2.0
23  Su        815 0427  0.6 1043  2.0 1657  0.7 2305  2.0
24  Mo        815 0514  0.6 1131  2.1 1748  0.6 2353  2.0
25  Tu        815 0603  0.6 1220  2.1 1839  0.6 9999  9.9
26  We        815 0042  2.0 0653  0.5 1311  2.2 1930  0.5
27  Th        815 0132  2.1 0745  0.4 1402  2.3 2020  0.4
28  Fr        815 0223  2.2 0838  0.4 1453  2.3 2111  0.3
29  Sa        815 0316  2.3 0932  0.3 1546  2.4 2203  0.2
30  Su        815 0411  2.4 1026  0.2 1639  2.5 2256  0.2
31  Mo        815 0507  2.4 1121  0.1 1733  2.5 2350  0.1
 1  Tu        915 0603  2.5 1216  0.1 1829  2.5 9999  9.9
 2  We        915 0045  0.1 0700  2.5 1312  0.1 1925  2.5
 3  Th        915 0140  0.1 0757  2.5 1408  0.2 2023  2.4
 4  Fr        915 0237  0.2 0854  2.4 1507  0.3 2122  2.3
 5  Sa        915 0334  0.3 0952  2.4 1606  0.3 2221  2.3
 6  Su        915 0431  0.3 1051  2.3 1707  0.4 2320  2.2
 7  Mo        915 0529  0.4 1150  2.3 1807  0.4 9999  9.9
 8  Tu        915 0017  2.2 0627  0.4 1247  2.2 1904  0.5
 9  We        915 0112  2.1 0722  0.5 1341  2.2 1957  0.5
10  Th        915 0204  2.1 0815  0.5 1431  2.2 2045  0.5
11  Fr        915 0253  2.1 0903  0.5 1517  2.2 2130  0.5
12  Sa        915 0339  2.1 0949  0.5 1600  2.2 2213  0.5
13  Su        915 0423  2.1 1032  0.5 1642  2.1 2254  0.5
14  Mo        915 0506  2.1 1114  0.5 1722  2.1 2335  0.5
15  Tu        915 0547  2.1 1155  0.6 1803  2.1 9999  9.9
16  We        915 0016  0.5 0629  2.1 1236  0.6 1844  2.0
17  Th        915 0057  0.6 0711  2.1 1319  0.6 1927  2.0
18  Fr        915 0140  0.6 0753  2.0 1402  0.6 2012  2.0
19  Sa        915 0223  0.6 0837  2.0 1448  0.6 2058  2.0
20  Su        915 0307  0.6 0922  2.0 1536  0.6 2146  2.0
21  Mo        915 0353  0.6 1009  2.1 1625  0.6 2234  2.0
22  Tu        915 0441  0.6 1058  2.1 1716  0.6 2323  2.0
23  We        915 0531  0.6 1149  2.1 1808  0.5 9999  9.9
24  Th        915 0013  2.1 0623  0.5 1241  2.2 1859  0.5
25  Fr        915 0105  2.2 0717  0.4 1333  2.3 1951  0.4
26  Sa        915 0158  2.2 0813  0.3 1427  2.4 2044  0.3
27  Su        915 0253  2.3 0909  0.2 1521  2.4 2137  0.2
28  Mo        915 0349  2.4 1005  0.2 1616  2.5 2232  0.1
29  Tu        915 0445  2.5 1101  0.1 1711  2.5 2327  0.1
30  We        915 0542  2.5 1157  0.1 1808  2.5 9999  9.9
 1  Th       1015 0023  0.1 0639  2.5 1253  0.1 1905  2.4
 2  Fr       1015 0119  0.1 0737  2.5 1350  0.2 2004  2.4
 3  Sa       1015 0215  0.2 0834  2.5 1448  0.3 2102  2.3
 4  Su       1015 0312  0.3 0931  2.4 1546  0.3 2201  2.2
 5  Mo       1015 0409  0.4 1029  2.3 1645  0.4 2258  2.2
 6  Tu       1015 0505  0.4 1125  2.2 1743  0.5 2354  2.1
 7  We       1015 0601  0.5 1221  2.2 1837  0.5 9999  9.9
 8  Th       1015 0047  2.1 0655  0.5 1312  2.2 1928  0.5
 9  Fr       1015 0137  2.1 0747  0.6 1401  2.1 2015  0.5
10  Sa       1015 0225  2.1 0835  0.6 1446  2.1 2058  0.5
11  Su       1015 0310  2.1 0920  0.6 1528  2.1 2141  0.5
12  Mo       1015 0353  2.1 1003  0.6 1609  2.1 2222  0.5
13  Tu       1015 0435  2.1 1045  0.6 1650  2.1 2303  0.5
14  We       1015 0516  2.1 1126  0.6 1731  2.0 2344  0.5
15  Th       1015 0558  2.1 1208  0.6 1813  2.0 9999  9.9
16  Fr       1015 0025  0.6 0640  2.1 1251  0.6 1857  2.0
17  Sa       1015 0108  0.6 0722  2.1 1335  0.6 1943  2.0
18  Su       1015 0152  0.6 0806  2.1 1421  0.6 2030  2.0
19  Mo       1015 0237  0.6 0852  2.1 1509  0.6 2118  2.0
20  Tu       1015 0324  0.6 0940  2.1 1558  0.6 2207  2.0
21  We       1015 0413  0.6 1030  2.1 1649  0.5 2257  2.1
22  Th       1015 0504  0.5 1122  2.2 1741  0.5 2349  2.1
23  Fr       1015 0558  0.5 1215  2.2 1833  0.4 9999  9.9
24  Sa       1015 0042  2.2 0654  0.4 1309  2.3 1926  0.3
25  Su       1015 0136  2.3 0751  0.3 1403  2.4 2020  0.2
26  Mo       1015 0232  2.4 0849  0.3 1459  2.4 2115  0.2
27  Tu       1015 0329  2.5 0946  0.2 1555  2.5 2210  0.1
28  We       1015 0426  2.5 1042  0.2 1651  2.5 2306  0.1
29  Th       1015 0523  2.5 1138  0.2 1748  2.4 9999  9.9
30  Fr       1015 0002  0.1 0620  2.5 1234  0.2 1846  2.4
31  Sa       1015 0057  0.2 0716  2.5 1330  0.2 1943  2.3
 1  Su       1115 0153  0.2 0812  2.4 1426  0.3 2040  2.3
 2  Mo       1115 0248  0.3 0907  2.4 1522  0.4 2136  2.2
 3  Tu       1115 0342  0.4 1001  2.3 1618  0.4 2231  2.1
 4  We       1115 0436  0.5 1055  2.2 1712  0.5 2324  2.1
 5  Th       1115 0530  0.5 1148  2.2 1804  0.5 9999  9.9
 6  Fr       1115 0015  2.1 0622  0.6 1237  2.1 1853  0.5
 7  Sa       1115 0104  2.0 0713  0.6 1325  2.1 1939  0.5
 8  Su       1115 0151  2.0 0801  0.6 1410  2.1 2023  0.5
 9  Mo       1115 0236  2.1 0848  0.6 1453  2.1 2106  0.5
10  Tu       1115 0320  2.1 0932  0.6 1535  2.0 2148  0.5
11  We       1115 0403  2.1 1015  0.6 1617  2.0 2230  0.5
12  Th       1115 0445  2.1 1057  0.6 1700  2.0 2312  0.5
13  Fr       1115 0527  2.1 1140  0.6 1743  2.0 2355  0.5
14  Sa       1115 0610  2.1 1224  0.6 1828  2.0 9999  9.9
15  Su       1115 0038  0.5 0654  2.2 1308  0.5 1915  2.0
16  Mo       1115 0123  0.5 0739  2.2 1355  0.5 2003  2.0
17  Tu       1115 0210  0.5 0826  2.2 1443  0.5 2053  2.0
18  We       1115 0258  0.5 0915  2.2 1533  0.5 2143  2.1
19  Th       1115 0349  0.5 1006  2.2 1625  0.5 2235  2.1
20  Fr       1115 0442  0.5 1059  2.2 1717  0.4 2328  2.2
21  Sa       1115 0537  0.4 1153  2.3 1810  0.4 9999  9.9
22  Su       1115 0022  2.2 0635  0.4 1248  2.3 1905  0.3
23  Mo       1115 0118  2.3 0734  0.3 1344  2.3 2000  0.3
24  Tu       1115 0215  2.4 0832  0.3 1440  2.4 2056  0.2
25  We       1115 0313  2.4 0930  0.2 1536  2.4 2152  0.2
26  Th       1115 0410  2.5 1026  0.2 1633  2.4 2247  0.2
27  Fr       1115 0506  2.5 1121  0.2 1729  2.4 2342  0.2
28  Sa       1115 0601  2.5 1215  0.2 1825  2.3 9999  9.9
29  Su       1115 0036  0.2 0655  2.5 1309  0.3 1921  2.3
30  Mo       1115 0129  0.3 0747  2.4 1402  0.3 2015  2.2
 1  Tu       1215 0221  0.4 0839  2.3 1454  0.4 2108  2.1
 2  We       1215 0312  0.4 0930  2.2 1546  0.5 2159  2.1
 3  Th       1215 0403  0.5 1021  2.2 1637  0.5 2249  2.1
 4  Fr       1215 0453  0.6 1110  2.1 1726  0.5 2338  2.0
 5  Sa       1215 0544  0.6 1158  2.1 1813  0.6 9999  9.9
 6  Su       1215 0027  2.0 0635  0.7 1246  2.0 1900  0.6
 7  Mo       1215 0114  2.0 0724  0.7 1331  2.0 1945  0.6
 8  Tu       1215 0200  2.0 0812  0.6 1416  2.0 2030  0.6
 9  We       1215 0245  2.1 0859  0.6 1500  2.0 2113  0.5
10  Th       1215 0330  2.1 0943  0.6 1544  2.0 2157  0.5
11  Fr       1215 0413  2.1 1027  0.6 1628  2.0 2241  0.5
12  Sa       1215 0456  2.2 1111  0.5 1713  2.1 2325  0.5
13  Su       1215 0540  2.2 1156  0.5 1800  2.1 9999  9.9
14  Mo       1215 0010  0.5 0626  2.2 1242  0.5 1848  2.1
15  Tu       1215 0057  0.4 0713  2.3 1330  0.4 1938  2.1
16  We       1215 0146  0.4 0802  2.3 1419  0.4 2029  2.1
17  Th       1215 0236  0.4 0853  2.3 1510  0.4 2121  2.2
18  Fr       1215 0328  0.4 0945  2.3 1603  0.4 2215  2.2
19  Sa       1215 0423  0.4 1040  2.3 1657  0.4 2309  2.2
20  Su       1215 0520  0.4 1135  2.3 1751  0.3 9999  9.9
21  Mo       1215 0006  2.3 0619  0.4 1232  2.3 1847  0.3
22  Tu       1215 0103  2.3 0719  0.4 1328  2.3 1943  0.3
23  We       1215 0201  2.4 0818  0.3 1425  2.3 2040  0.3
24  Th       1215 0259  2.4 0915  0.3 1521  2.3 2135  0.2
25  Fr       1215 0355  2.4 1010  0.3 1616  2.3 2230  0.2
26  Sa       1215 0449  2.4 1103  0.3 1711  2.3 2323  0.3
27  Su       1215 0541  2.4 1154  0.3 1804  2.2 9999  9.9
28  Mo       1215 0014  0.3 0631  2.4 1245  0.4 1856  2.2
29  Tu       1215 0103  0.3 0721  2.3 1334  0.4 1947  2.2
30  We       1215 0152  0.4 0809  2.3 1423  0.5 2036  2.1
31  Th       1215 0239  0.5 0856  2.2 1511  0.5 2124  2.1
