463Tamaki River
Based on data from  2-Jul-2021
Local Std Time, tidal heights in metres.
 1  Fr        722 0236  1.0 0854  3.0 1446  0.8 2117  3.1
 2  Sa        722 0314  1.0 0936  3.0 1522  0.8 2157  3.1
 3  Su        722 0353  1.0 1017  3.0 1600  0.8 2237  3.1
 4  Mo        722 0433  1.0 1058  3.0 1640  0.8 2316  3.1
 5  Tu        722 0516  1.0 1139  3.0 1723  0.9 2357  3.1
 6  We        722 0600  1.0 1222  2.9 1811  0.9 9999  9.9
 7  Th        722 0041  3.1 0648  0.9 1310  2.9 1905  1.0
 8  Fr        722 0128  3.1 0739  0.9 1403  2.9 2002  1.0
 9  Sa        722 0220  3.1 0833  0.9 1503  3.0 2102  1.0
10  Su        722 0316  3.1 0930  0.8 1605  3.0 2202  0.9
11  Mo        722 0416  3.1 1029  0.7 1705  3.2 2301  0.8
12  Tu        722 0515  3.2 1128  0.6 1802  3.3 9999  9.9
13  We        722 0000  0.7 0614  3.3 1226  0.5 1856  3.4
14  Th        722 0057  0.6 0711  3.3 1322  0.4 1949  3.5
15  Fr        722 0152  0.6 0808  3.4 1414  0.4 2043  3.6
16  Sa        722 0246  0.5 0904  3.4 1505  0.4 2136  3.6
17  Su        722 0339  0.5 0958  3.4 1554  0.5 2228  3.5
18  Mo        722 0432  0.6 1050  3.3 1644  0.6 2320  3.5
19  Tu        722 0525  0.6 1141  3.3 1737  0.7 9999  9.9
20  We        722 0011  3.3 0619  0.7 1232  3.1 1833  0.9
21  Th        722 0101  3.2 0713  0.8 1325  3.0 1934  1.0
22  Fr        722 0153  3.1 0808  0.9 1422  2.9 2035  1.1
23  Sa        722 0246  3.0 0902  1.0 1521  2.9 2133  1.2
24  Su        722 0340  2.9 0956  1.0 1620  2.9 2227  1.2
25  Mo        722 0434  2.9 1049  1.0 1714  2.9 2319  1.2
26  Tu        722 0526  2.9 1139  1.0 1803  3.0 9999  9.9
27  We        722 0008  1.1 0616  2.9 1226  0.9 1848  3.0
28  Th        722 0053  1.1 0703  2.9 1308  0.9 1930  3.1
29  Fr        722 0135  1.0 0747  3.0 1346  0.8 2011  3.1
30  Sa        722 0214  1.0 0830  3.0 1423  0.8 2050  3.2
31  Su        722 0251  0.9 0912  3.0 1459  0.7 2129  3.2
 1  Mo        822 0329  0.9 0952  3.1 1536  0.7 2208  3.2
 2  Tu        822 0407  0.8 1032  3.1 1616  0.7 2247  3.2
 3  We        822 0447  0.8 1112  3.1 1658  0.8 2328  3.2
 4  Th        822 0530  0.8 1154  3.1 1745  0.8 9999  9.9
 5  Fr        822 0011  3.2 0616  0.8 1241  3.0 1836  0.9
 6  Sa        822 0057  3.1 0706  0.8 1333  3.0 1934  1.0
 7  Su        822 0149  3.1 0801  0.8 1434  3.0 2035  1.0
 8  Mo        822 0248  3.1 0901  0.8 1539  3.0 2138  0.9
 9  Tu        822 0352  3.1 1005  0.8 1643  3.1 2241  0.9
10  We        822 0456  3.1 1109  0.7 1743  3.3 2343  0.8
11  Th        822 0558  3.2 1210  0.6 1838  3.4 9999  9.9
12  Fr        822 0042  0.7 0657  3.3 1306  0.5 1931  3.5
13  Sa        822 0137  0.6 0752  3.4 1358  0.4 2023  3.6
14  Su        822 0230  0.5 0846  3.4 1447  0.4 2114  3.6
15  Mo        822 0320  0.5 0937  3.4 1534  0.5 2204  3.5
16  Tu        822 0408  0.5 1026  3.4 1621  0.6 2253  3.4
17  We        822 0456  0.6 1115  3.3 1709  0.7 2341  3.3
18  Th        822 0543  0.7 1202  3.2 1800  0.9 9999  9.9
19  Fr        822 0028  3.2 0632  0.8 1252  3.0 1855  1.0
20  Sa        822 0117  3.0 0724  1.0 1345  2.9 1955  1.2
21  Su        822 0208  2.9 0819  1.0 1444  2.8 2057  1.2
22  Mo        822 0303  2.8 0916  1.1 1545  2.8 2155  1.2
23  Tu        822 0401  2.8 1014  1.1 1643  2.8 2250  1.2
24  We        822 0458  2.8 1109  1.1 1734  2.9 2340  1.2
25  Th        822 0550  2.8 1158  1.0 1820  3.0 9999  9.9
26  Fr        822 0027  1.1 0638  2.9 1241  0.9 1902  3.1
27  Sa        822 0109  1.0 0722  3.0 1321  0.8 1942  3.2
28  Su        822 0148  0.9 0804  3.1 1358  0.7 2021  3.2
29  Mo        822 0225  0.8 0845  3.2 1435  0.7 2059  3.3
30  Tu        822 0302  0.7 0925  3.2 1513  0.6 2139  3.3
31  We        822 0340  0.7 1005  3.2 1553  0.6 2219  3.3
 1  Th        922 0420  0.7 1047  3.2 1635  0.7 2301  3.3
 2  Fr        922 0502  0.7 1130  3.2 1722  0.8 2345  3.2
 3  Sa        922 0548  0.7 1217  3.1 1813  0.9 9999  9.9
 4  Su        922 0033  3.1 0638  0.8 1310  3.1 1912  0.9
 5  Mo        922 0126  3.1 0735  0.9 1412  3.0 2016  1.0
 6  Tu        922 0228  3.0 0839  0.9 1519  3.0 2122  1.0
 7  We        922 0335  3.0 0947  0.9 1625  3.1 2227  0.9
 8  Th        922 0443  3.0 1054  0.8 1725  3.2 2329  0.8
 9  Fr        922 0545  3.2 1156  0.7 1821  3.3 9999  9.9
10  Sa        922 0027  0.7 0642  3.3 1252  0.6 1912  3.5
11  Su        922 0121  0.6 0736  3.4 1342  0.5 2002  3.5
12  Mo        922 0211  0.5 0826  3.4 1428  0.5 2051  3.5
13  Tu        922 0257  0.5 0914  3.4 1513  0.5 2138  3.5
14  We        922 0341  0.5 1001  3.4 1556  0.6 2224  3.4
15  Th        922 0424  0.6 1046  3.3 1639  0.8 2309  3.2
16  Fr        922 0506  0.7 1131  3.2 1725  0.9 2354  3.1
17  Sa        922 0550  0.9 1218  3.0 1816  1.1 9999  9.9
18  Su        922 0040  3.0 0637  1.0 1308  2.9 1913  1.2
19  Mo        922 0130  2.8 0730  1.1 1404  2.8 2016  1.3
20  Tu        922 0225  2.7 0830  1.2 1505  2.8 2118  1.3
21  We        922 0325  2.7 0933  1.2 1606  2.8 2215  1.2
22  Th        922 0426  2.7 1032  1.1 1659  2.9 2307  1.2
23  Fr        922 0521  2.8 1124  1.0 1746  3.0 2354  1.1
24  Sa        922 0609  2.9 1209  0.9 1828  3.1 9999  9.9
25  Su        922 0036  0.9 0654  3.0 1250  0.8 1908  3.2
26  Mo        922 0116  0.8 0736  3.2 1330  0.7 1948  3.3
27  Tu        922 0155  0.7 0817  3.3 1409  0.6 2029  3.3
28  We        922 0234  0.6 0858  3.3 1449  0.6 2110  3.3
29  Th        922 0313  0.5 0940  3.4 1531  0.6 2154  3.3
30  Fr        922 0355  0.5 1024  3.4 1615  0.6 2239  3.3
 1  Sa       1022 0438  0.6 1109  3.3 1703  0.7 2326  3.2
 2  Su       1022 0525  0.7 1159  3.2 1756  0.8 9999  9.9
 3  Mo       1022 0016  3.1 0617  0.8 1253  3.1 1857  0.9
 4  Tu       1022 0112  3.0 0716  0.9 1355  3.1 2003  1.0
 5  We       1022 0214  3.0 0824  0.9 1502  3.0 2110  1.0
 6  Th       1022 0323  3.0 0935  0.9 1608  3.1 2215  0.9
 7  Fr       1022 0430  3.0 1042  0.9 1707  3.2 2315  0.8
 8  Sa       1022 0531  3.1 1142  0.8 1801  3.3 9999  9.9
 9  Su       1022 0011  0.7 0627  3.2 1235  0.7 1851  3.4
10  Mo       1022 0102  0.6 0717  3.3 1323  0.6 1939  3.4
11  Tu       1022 0149  0.5 0805  3.4 1408  0.6 2025  3.4
12  We       1022 0233  0.5 0851  3.4 1450  0.6 2111  3.3
13  Th       1022 0313  0.6 0935  3.4 1531  0.7 2155  3.2
14  Fr       1022 0353  0.6 1018  3.3 1612  0.8 2239  3.1
15  Sa       1022 0431  0.7 1101  3.2 1654  1.0 2322  3.0
16  Su       1022 0511  0.9 1146  3.0 1741  1.1 9999  9.9
17  Mo       1022 0007  2.9 0554  1.0 1232  2.9 1833  1.2
18  Tu       1022 0054  2.8 0643  1.1 1324  2.8 1933  1.3
19  We       1022 0146  2.7 0741  1.2 1422  2.8 2034  1.3
20  Th       1022 0245  2.7 0845  1.2 1521  2.8 2132  1.2
21  Fr       1022 0347  2.7 0947  1.2 1616  2.9 2224  1.1
22  Sa       1022 0444  2.8 1042  1.1 1705  2.9 2312  1.0
23  Su       1022 0535  2.9 1131  1.0 1749  3.1 2357  0.9
24  Mo       1022 0621  3.1 1216  0.8 1832  3.2 9999  9.9
25  Tu       1022 0041  0.8 0705  3.2 1259  0.7 1915  3.3
26  We       1022 0124  0.6 0748  3.3 1343  0.6 1958  3.3
27  Th       1022 0206  0.5 0832  3.4 1426  0.6 2044  3.4
28  Fr       1022 0249  0.5 0917  3.5 1511  0.5 2131  3.4
29  Sa       1022 0333  0.4 1004  3.5 1558  0.6 2220  3.3
30  Su       1022 0418  0.5 1052  3.4 1649  0.7 2311  3.3
31  Mo       1022 0507  0.6 1144  3.3 1744  0.8 9999  9.9
 1  Tu       1122 0003  3.2 0601  0.7 1240  3.2 1846  0.9
 2  We       1122 0100  3.1 0702  0.9 1341  3.1 1951  0.9
 3  Th       1122 0202  3.0 0811  0.9 1444  3.1 2057  0.9
 4  Fr       1122 0308  3.0 0922  1.0 1547  3.1 2159  0.9
 5  Sa       1122 0414  3.0 1026  0.9 1645  3.2 2256  0.8
 6  Su       1122 0514  3.1 1124  0.9 1738  3.2 2350  0.7
 7  Mo       1122 0608  3.2 1215  0.8 1827  3.3 9999  9.9
 8  Tu       1122 0040  0.7 0657  3.3 1302  0.8 1914  3.3
 9  We       1122 0126  0.6 0743  3.3 1346  0.7 2000  3.2
10  Th       1122 0208  0.6 0827  3.3 1428  0.8 2045  3.2
11  Fr       1122 0247  0.6 0910  3.3 1508  0.8 2129  3.1
12  Sa       1122 0324  0.7 0952  3.2 1547  0.9 2212  3.1
13  Su       1122 0401  0.8 1034  3.2 1628  1.0 2254  3.0
14  Mo       1122 0439  0.9 1117  3.1 1711  1.1 2337  2.9
15  Tu       1122 0519  1.0 1200  3.0 1759  1.1 9999  9.9
16  We       1122 0021  2.8 0605  1.1 1247  2.9 1851  1.2
17  Th       1122 0109  2.8 0657  1.1 1337  2.9 1947  1.2
18  Fr       1122 0203  2.7 0756  1.2 1431  2.8 2041  1.2
19  Sa       1122 0302  2.7 0857  1.2 1525  2.9 2134  1.1
20  Su       1122 0401  2.8 0955  1.1 1617  2.9 2225  1.0
21  Mo       1122 0456  2.9 1049  1.0 1706  3.0 2315  0.9
22  Tu       1122 0546  3.1 1139  0.9 1754  3.1 9999  9.9
23  We       1122 0004  0.7 0634  3.2 1228  0.8 1842  3.2
24  Th       1122 0053  0.6 0721  3.4 1317  0.6 1931  3.3
25  Fr       1122 0140  0.5 0808  3.5 1405  0.6 2021  3.4
26  Sa       1122 0227  0.4 0856  3.5 1454  0.5 2112  3.4
27  Su       1122 0314  0.4 0946  3.5 1544  0.6 2205  3.4
28  Mo       1122 0402  0.5 1037  3.5 1637  0.6 2258  3.3
29  Tu       1122 0452  0.6 1130  3.4 1733  0.7 2351  3.2
30  We       1122 0547  0.7 1225  3.3 1833  0.8 9999  9.9
 1  Th       1222 0047  3.1 0648  0.8 1323  3.2 1936  0.8
 2  Fr       1222 0146  3.0 0755  0.9 1422  3.2 2038  0.9
 3  Sa       1222 0248  3.0 0902  1.0 1522  3.1 2136  0.9
 4  Su       1222 0352  3.0 1005  1.0 1618  3.1 2232  0.8
 5  Mo       1222 0451  3.0 1101  1.0 1712  3.1 2326  0.8
 6  Tu       1222 0545  3.1 1152  0.9 1802  3.1 9999  9.9
 7  We       1222 0016  0.8 0635  3.2 1240  0.9 1850  3.1
 8  Th       1222 0102  0.7 0721  3.2 1325  0.9 1936  3.1
 9  Fr       1222 0144  0.7 0804  3.2 1407  0.9 2021  3.1
10  Sa       1222 0223  0.7 0847  3.2 1447  0.9 2105  3.0
11  Su       1222 0300  0.7 0929  3.2 1526  1.0 2148  3.0
12  Mo       1222 0335  0.8 1009  3.1 1605  1.0 2229  3.0
13  Tu       1222 0412  0.8 1050  3.1 1646  1.0 2311  2.9
14  We       1222 0451  0.9 1130  3.0 1728  1.1 2352  2.9
15  Th       1222 0533  1.0 1212  3.0 1814  1.1 9999  9.9
16  Fr       1222 0035  2.8 0621  1.0 1255  3.0 1902  1.1
17  Sa       1222 0122  2.8 0714  1.1 1342  2.9 1953  1.1
18  Su       1222 0216  2.8 0811  1.1 1433  2.9 2045  1.0
19  Mo       1222 0315  2.8 0910  1.1 1528  3.0 2139  0.9
20  Tu       1222 0414  2.9 1008  1.0 1623  3.0 2234  0.9
21  We       1222 0511  3.0 1104  0.9 1718  3.1 2330  0.7
22  Th       1222 0604  3.2 1159  0.8 1813  3.2 9999  9.9
23  Fr       1222 0024  0.6 0655  3.3 1253  0.7 1907  3.3
24  Sa       1222 0117  0.5 0746  3.5 1346  0.6 2002  3.3
25  Su       1222 0208  0.4 0837  3.5 1438  0.5 2056  3.4
26  Mo       1222 0258  0.4 0929  3.6 1531  0.5 2150  3.4
27  Tu       1222 0347  0.4 1022  3.6 1624  0.5 2243  3.4
28  We       1222 0438  0.5 1114  3.5 1718  0.6 2336  3.3
29  Th       1222 0531  0.6 1207  3.4 1815  0.7 9999  9.9
30  Fr       1222 0029  3.2 0629  0.8 1301  3.3 1913  0.8
31  Sa       1222 0124  3.1 0732  0.9 1355  3.2 2010  0.8
 1  Su        123 0223  3.0 0836  1.0 1451  3.1 2107  0.9
 2  Mo        123 0324  3.0 0937  1.1 1547  3.0 2203  0.9
 3  Tu        123 0424  3.0 1034  1.1 1642  3.0 2257  0.9
 4  We        123 0520  3.0 1127  1.1 1735  2.9 2350  0.9
 5  Th        123 0611  3.0 1218  1.1 1825  2.9 9999  9.9
 6  Fr        123 0038  0.9 0658  3.1 1305  1.0 1913  3.0
 7  Sa        123 0122  0.8 0742  3.1 1348  1.0 1959  3.0
 8  Su        123 0201  0.8 0824  3.1 1428  1.0 2043  3.0
 9  Mo        123 0237  0.8 0905  3.2 1506  1.0 2125  3.0
10  Tu        123 0312  0.8 0944  3.2 1543  0.9 2206  3.0
11  We        123 0348  0.8 1023  3.1 1620  0.9 2245  3.0
12  Th        123 0425  0.8 1101  3.1 1659  0.9 2324  3.0
13  Fr        123 0506  0.9 1139  3.1 1740  0.9 9999  9.9
14  Sa        123 0004  3.0 0550  0.9 1219  3.1 1824  0.9
15  Su        123 0047  2.9 0639  1.0 1302  3.0 1911  0.9
16  Mo        123 0135  2.9 0733  1.0 1350  3.0 2002  0.9
17  Tu        123 0232  2.9 0832  1.0 1444  3.0 2058  0.9
18  We        123 0335  2.9 0932  1.0 1545  3.0 2158  0.9
19  Th        123 0438  3.0 1033  1.0 1647  3.0 2259  0.8
20  Fr        123 0537  3.2 1134  0.9 1748  3.1 9999  9.9
21  Sa        123 0000  0.7 0632  3.3 1232  0.7 1847  3.2
22  Su        123 0057  0.5 0726  3.5 1329  0.6 1944  3.3
23  Mo        123 0151  0.4 0818  3.5 1423  0.5 2040  3.4
24  Tu        123 0242  0.4 0911  3.6 1515  0.5 2134  3.5
25  We        123 0332  0.4 1003  3.6 1607  0.5 2226  3.5
26  Th        123 0421  0.5 1054  3.5 1658  0.5 2316  3.4
27  Fr        123 0512  0.6 1144  3.4 1750  0.6 9999  9.9
28  Sa        123 0006  3.3 0606  0.8 1234  3.3 1842  0.7
29  Su        123 0058  3.2 0704  0.9 1325  3.2 1936  0.8
30  Mo        123 0153  3.0 0805  1.0 1418  3.0 2032  0.9
31  Tu        123 0252  2.9 0906  1.1 1514  2.9 2129  1.0
 1  We        223 0353  2.9 1005  1.2 1611  2.8 2226  1.0
 2  Th        223 0452  2.9 1101  1.2 1707  2.8 2321  1.0
 3  Fr        223 0545  2.9 1153  1.2 1801  2.8 9999  9.9
 4  Sa        223 0013  1.0 0633  3.0 1242  1.1 1850  2.9
 5  Su        223 0058  0.9 0717  3.1 1327  1.1 1936  2.9
 6  Mo        223 0138  0.9 0759  3.1 1407  1.0 2020  3.0
 7  Tu        223 0214  0.8 0838  3.1 1443  0.9 2101  3.0
 8  We        223 0249  0.8 0917  3.2 1518  0.9 2140  3.1
 9  Th        223 0324  0.8 0954  3.2 1553  0.8 2218  3.1
10  Fr        223 0401  0.8 1031  3.2 1629  0.8 2256  3.1
11  Sa        223 0440  0.8 1109  3.2 1708  0.8 2335  3.1
12  Su        223 0522  0.9 1148  3.1 1750  0.8 9999  9.9
13  Mo        223 0017  3.0 0610  0.9 1230  3.1 1836  0.9
14  Tu        223 0104  3.0 0703  1.0 1317  3.0 1928  0.9
15  We        223 0159  3.0 0802  1.0 1412  3.0 2025  0.9
16  Th        223 0303  3.0 0905  1.0 1516  3.0 2129  0.9
17  Fr        223 0410  3.0 1009  1.0 1624  3.0 2235  0.8
18  Sa        223 0513  3.1 1113  0.9 1729  3.1 2340  0.7
19  Su        223 0611  3.3 1214  0.8 1830  3.2 9999  9.9
20  Mo        223 0040  0.6 0705  3.4 1312  0.6 1928  3.3
21  Tu        223 0134  0.5 0758  3.5 1406  0.5 2022  3.4
22  We        223 0225  0.4 0850  3.6 1456  0.4 2114  3.5
23  Th        223 0313  0.4 0940  3.6 1545  0.4 2204  3.5
24  Fr        223 0400  0.5 1030  3.5 1632  0.5 2253  3.4
25  Sa        223 0448  0.6 1118  3.4 1720  0.6 2340  3.3
26  Su        223 0538  0.8 1205  3.3 1808  0.7 9999  9.9
27  Mo        223 0029  3.2 0632  0.9 1254  3.1 1858  0.9
28  Tu        223 0121  3.0 0731  1.1 1344  2.9 1952  1.0
 1  We        323 0218  2.9 0833  1.2 1439  2.8 2050  1.1
 2  Th        323 0319  2.8 0934  1.2 1538  2.7 2151  1.1
 3  Fr        323 0420  2.8 1031  1.2 1638  2.7 2249  1.1
 4  Sa        323 0515  2.9 1125  1.2 1734  2.8 2343  1.1
 5  Su        323 0603  2.9 1214  1.1 1824  2.8 9999  9.9
 6  Mo        323 0029  1.0 0647  3.0 1258  1.0 1910  2.9
 7  Tu        323 0110  0.9 0728  3.1 1338  1.0 1953  3.0
 8  We        323 0147  0.8 0807  3.1 1414  0.9 2033  3.1
 9  Th        323 0222  0.8 0845  3.2 1448  0.8 2112  3.2
10  Fr        323 0258  0.7 0923  3.2 1524  0.7 2150  3.2
11  Sa        323 0336  0.7 1001  3.2 1601  0.7 2229  3.2
12  Su        323 0416  0.7 1041  3.2 1640  0.7 2309  3.2
13  Mo        323 0459  0.8 1122  3.2 1722  0.7 2353  3.1
14  Tu        323 0547  0.9 1206  3.1 1809  0.8 9999  9.9
15  We        323 0041  3.1 0641  1.0 1255  3.0 1901  0.9
16  Th        323 0137  3.0 0742  1.0 1352  3.0 2001  0.9
17  Fr        323 0241  3.0 0846  1.0 1457  2.9 2108  0.9
18  Sa        323 0349  3.0 0952  1.0 1607  3.0 2217  0.9
19  Su        323 0452  3.1 1056  0.9 1713  3.1 2322  0.8
20  Mo        323 0550  3.3 1156  0.7 1814  3.2 9999  9.9
21  Tu        323 0022  0.6 0644  3.4 1253  0.6 1910  3.3
22  We        323 0115  0.5 0735  3.5 1345  0.5 2002  3.4
23  Th        323 0205  0.5 0825  3.5 1434  0.4 2052  3.5
24  Fr        323 0252  0.5 0915  3.5 1520  0.4 2140  3.5
25  Sa        323 0337  0.6 1003  3.4 1604  0.5 2227  3.4
26  Su        323 0422  0.7 1050  3.3 1647  0.6 2313  3.3
27  Mo        323 0509  0.8 1136  3.2 1731  0.8 9999  9.9
28  Tu        323 0000  3.1 0600  1.0 1222  3.0 1818  0.9
29  We        323 0049  3.0 0657  1.1 1311  2.9 1909  1.0
30  Th        323 0143  2.9 0758  1.2 1404  2.8 2007  1.1
31  Fr        323 0242  2.8 0900  1.3 1503  2.7 2110  1.2
 1  Sa        423 0342  2.8 0956  1.2 1604  2.7 2211  1.2
 2  Su        423 0437  2.8 1049  1.2 1702  2.7 2305  1.1
 3  Mo        423 0526  2.9 1137  1.1 1753  2.8 2353  1.0
 4  Tu        423 0610  3.0 1221  1.0 1839  3.0 9999  9.9
 5  We        423 0035  0.9 0651  3.1 1301  0.9 1921  3.1
 6  Th        423 0114  0.8 0731  3.1 1339  0.8 2002  3.2
 7  Fr        423 0153  0.8 0810  3.2 1417  0.7 2042  3.2
 8  Sa        423 0231  0.7 0851  3.2 1454  0.6 2122  3.3
 9  Su        423 0312  0.7 0933  3.2 1534  0.6 2204  3.3
10  Mo        423 0354  0.7 1016  3.2 1615  0.6 2248  3.3
11  Tu        423 0440  0.8 1102  3.2 1659  0.7 2334  3.2
12  We        423 0530  0.8 1150  3.1 1748  0.8 9999  9.9
13  Th        423 0025  3.1 0626  0.9 1242  3.0 1843  0.8
14  Fr        423 0122  3.1 0728  1.0 1340  3.0 1945  0.9
15  Sa        423 0225  3.1 0833  1.0 1445  2.9 2053  0.9
16  Su        423 0330  3.1 0937  0.9 1553  3.0 2202  0.9
17  Mo        423 0431  3.2 1039  0.8 1657  3.1 2305  0.8
18  Tu        423 0528  3.3 1137  0.7 1756  3.2 9999  9.9
19  We        423 0002  0.7 0620  3.3 1231  0.6 1849  3.3
20  Th        423 0055  0.6 0710  3.4 1322  0.5 1940  3.4
21  Fr        423 0143  0.6 0759  3.4 1409  0.5 2028  3.4
22  Sa        423 0229  0.6 0848  3.3 1453  0.5 2115  3.4
23  Su        423 0313  0.7 0935  3.3 1535  0.6 2200  3.3
24  Mo        423 0357  0.8 1021  3.2 1616  0.7 2246  3.2
25  Tu        423 0442  0.9 1107  3.1 1657  0.8 2331  3.1
26  We        423 0530  1.0 1153  2.9 1740  0.9 9999  9.9
27  Th        423 0018  3.0 0623  1.2 1240  2.8 1828  1.1
28  Fr        423 0108  2.9 0721  1.2 1330  2.7 1923  1.2
29  Sa        423 0202  2.8 0819  1.2 1426  2.7 2024  1.2
30  Su        423 0259  2.8 0914  1.2 1526  2.7 2125  1.2
 1  Mo        523 0353  2.8 1005  1.2 1623  2.8 2220  1.1
 2  Tu        523 0442  2.9 1052  1.1 1716  2.8 2310  1.1
 3  We        523 0528  3.0 1137  1.0 1803  3.0 2355  1.0
 4  Th        523 0610  3.1 1220  0.9 1847  3.1 9999  9.9
 5  Fr        523 0039  0.9 0653  3.1 1303  0.7 1929  3.2
 6  Sa        523 0122  0.8 0736  3.2 1345  0.6 2012  3.3
 7  Su        523 0205  0.7 0820  3.2 1427  0.6 2056  3.4
 8  Mo        523 0249  0.7 0907  3.2 1510  0.5 2141  3.4
 9  Tu        523 0335  0.7 0956  3.2 1554  0.5 2229  3.4
10  We        523 0424  0.7 1046  3.2 1641  0.6 2319  3.3
11  Th        523 0517  0.8 1137  3.1 1732  0.7 9999  9.9
12  Fr        523 0012  3.2 0615  0.9 1231  3.1 1829  0.8
13  Sa        523 0109  3.2 0717  0.9 1329  3.0 1932  0.9
14  Su        523 0209  3.1 0821  0.9 1432  3.0 2040  0.9
15  Mo        523 0310  3.1 0922  0.8 1537  3.0 2146  0.9
16  Tu        523 0409  3.2 1020  0.8 1639  3.1 2246  0.9
17  We        523 0504  3.2 1115  0.7 1736  3.2 2341  0.8
18  Th        523 0556  3.2 1208  0.7 1828  3.3 9999  9.9
19  Fr        523 0033  0.8 0645  3.3 1257  0.6 1917  3.3
20  Sa        523 0121  0.8 0734  3.2 1344  0.6 2004  3.3
21  Su        523 0206  0.8 0821  3.2 1427  0.6 2050  3.3
22  Mo        523 0250  0.8 0908  3.1 1507  0.7 2135  3.3
23  Tu        523 0333  0.9 0955  3.1 1546  0.7 2219  3.2
24  We        523 0416  1.0 1040  3.0 1625  0.8 2303  3.1
25  Th        523 0501  1.1 1124  2.9 1706  0.9 2348  3.0
26  Fr        523 0549  1.1 1209  2.8 1751  1.0 9999  9.9
27  Sa        523 0034  3.0 0640  1.2 1256  2.8 1841  1.1
28  Su        523 0121  2.9 0733  1.2 1347  2.7 1937  1.2
29  Mo        523 0211  2.9 0824  1.1 1442  2.7 2035  1.2
30  Tu        523 0303  2.9 0914  1.1 1539  2.8 2132  1.1
31  We        523 0353  2.9 1003  1.0 1634  2.9 2225  1.1
 1  Th        623 0442  3.0 1051  0.9 1725  3.0 2315  1.0
 2  Fr        623 0529  3.0 1140  0.8 1812  3.1 9999  9.9
 3  Sa        623 0004  0.9 0616  3.1 1228  0.7 1858  3.2
 4  Su        623 0052  0.8 0705  3.2 1315  0.6 1945  3.3
 5  Mo        623 0141  0.7 0754  3.2 1402  0.5 2032  3.4
 6  Tu        623 0229  0.7 0846  3.3 1449  0.5 2121  3.4
 7  We        623 0319  0.6 0939  3.3 1536  0.5 2212  3.4
 8  Th        623 0411  0.7 1031  3.3 1626  0.5 2304  3.4
 9  Fr        623 0505  0.7 1125  3.2 1718  0.6 2357  3.4
10  Sa        623 0603  0.7 1219  3.2 1815  0.8 9999  9.9
11  Su        623 0052  3.3 0703  0.8 1315  3.1 1918  0.9
12  Mo        623 0149  3.2 0803  0.8 1414  3.0 2023  0.9
13  Tu        623 0246  3.2 0901  0.8 1516  3.0 2126  0.9
14  We        623 0343  3.2 0957  0.8 1617  3.1 2225  0.9
15  Th        623 0438  3.1 1052  0.8 1714  3.1 2320  0.9
16  Fr        623 0531  3.1 1144  0.8 1807  3.2 9999  9.9
17  Sa        623 0011  0.9 0621  3.1 1234  0.7 1855  3.2
18  Su        623 0100  0.9 0710  3.1 1320  0.7 1942  3.2
19  Mo        623 0146  0.9 0758  3.1 1403  0.7 2027  3.2
20  Tu        623 0230  0.9 0845  3.0 1443  0.7 2111  3.2
21  We        623 0312  1.0 0930  3.0 1520  0.8 2154  3.2
22  Th        623 0352  1.0 1014  3.0 1558  0.8 2236  3.1
23  Fr        623 0434  1.0 1057  2.9 1636  0.9 2317  3.1
24  Sa        623 0516  1.1 1139  2.9 1718  1.0 2358  3.0
25  Su        623 0600  1.1 1222  2.8 1804  1.0 9999  9.9
26  Mo        623 0041  3.0 0646  1.1 1307  2.8 1854  1.1
27  Tu        623 0125  3.0 0734  1.1 1357  2.8 1949  1.1
28  We        623 0212  2.9 0824  1.0 1452  2.8 2046  1.1
29  Th        623 0303  2.9 0915  1.0 1550  2.9 2142  1.1
30  Fr        623 0356  3.0 1008  0.9 1646  3.0 2238  1.0
