073Tauranga
Based on data from  1-Jul-2004
Local Std Time, tidal heights in metres.
 1  Fr        116 0545  0.3 1209  1.8 1820  0.4 9999  9.9
 2  Sa        116 0031  1.6 0630  0.4 1253  1.7 1905  0.4
 3  Su        116 0119  1.6 0717  0.5 1337  1.7 1951  0.5
 4  Mo        116 0209  1.6 0806  0.5 1424  1.6 2039  0.5
 5  Tu        116 0301  1.6 0858  0.6 1512  1.6 2130  0.5
 6  We        116 0355  1.6 0951  0.6 1603  1.6 2221  0.4
 7  Th        116 0449  1.6 1044  0.5 1655  1.6 2312  0.4
 8  Fr        116 0540  1.7 1137  0.5 1747  1.7 9999  9.9
 9  Sa        116 0001  0.3 0629  1.7 1227  0.4 1837  1.7
10  Su        116 0049  0.3 0717  1.8 1316  0.4 1927  1.8
11  Mo        116 0135  0.2 0803  1.9 1404  0.3 2015  1.8
12  Tu        116 0222  0.2 0849  1.9 1452  0.3 2103  1.8
13  We        116 0308  0.1 0935  2.0 1540  0.2 2151  1.9
14  Th        116 0356  0.1 1022  2.0 1629  0.2 2240  1.9
15  Fr        116 0445  0.1 1111  2.0 1719  0.2 2331  1.9
16  Sa        116 0536  0.2 1201  2.0 1810  0.2 9999  9.9
17  Su        116 0025  1.8 0629  0.2 1253  1.9 1904  0.2
18  Mo        116 0122  1.8 0726  0.3 1349  1.9 2000  0.2
19  Tu        116 0222  1.8 0826  0.3 1446  1.8 2058  0.2
20  We        116 0325  1.8 0928  0.4 1546  1.8 2158  0.2
21  Th        116 0427  1.8 1030  0.4 1646  1.8 2258  0.2
22  Fr        116 0527  1.8 1130  0.4 1745  1.8 2354  0.2
23  Sa        116 0622  1.8 1227  0.3 1840  1.8 9999  9.9
24  Su        116 0048  0.2 0714  1.9 1320  0.3 1932  1.8
25  Mo        116 0137  0.2 0803  1.9 1409  0.3 2021  1.8
26  Tu        116 0224  0.2 0849  1.9 1456  0.3 2107  1.8
27  We        116 0308  0.2 0932  1.9 1540  0.3 2150  1.8
28  Th        116 0351  0.3 1013  1.9 1622  0.3 2232  1.8
29  Fr        116 0432  0.3 1054  1.8 1703  0.4 2313  1.7
30  Sa        116 0513  0.4 1133  1.8 1743  0.4 2355  1.7
31  Su        116 0554  0.4 1213  1.7 1824  0.4 9999  9.9
 1  Mo        216 0038  1.6 0638  0.5 1254  1.7 1907  0.5
 2  Tu        216 0125  1.6 0724  0.5 1339  1.7 1953  0.5
 3  We        216 0215  1.6 0814  0.6 1427  1.6 2043  0.5
 4  Th        216 0310  1.6 0908  0.6 1519  1.6 2136  0.5
 5  Fr        216 0406  1.6 1004  0.6 1615  1.7 2231  0.4
 6  Sa        216 0501  1.7 1100  0.5 1711  1.7 2326  0.4
 7  Su        216 0555  1.7 1155  0.4 1807  1.7 9999  9.9
 8  Mo        216 0018  0.3 0646  1.8 1248  0.4 1900  1.8
 9  Tu        216 0109  0.2 0736  1.9 1339  0.3 1952  1.9
10  We        216 0159  0.1 0825  2.0 1430  0.2 2043  1.9
11  Th        216 0248  0.1 0913  2.0 1519  0.1 2133  2.0
12  Fr        216 0337  0.1 1002  2.0 1609  0.1 2224  2.0
13  Sa        216 0428  0.1 1052  2.0 1659  0.1 2316  2.0
14  Su        216 0520  0.1 1143  2.0 1751  0.1 9999  9.9
15  Mo        216 0009  1.9 0613  0.2 1236  2.0 1844  0.2
16  Tu        216 0106  1.9 0710  0.3 1331  1.9 1940  0.2
17  We        216 0205  1.8 0809  0.4 1429  1.8 2038  0.3
18  Th        216 0307  1.8 0911  0.4 1529  1.8 2138  0.3
19  Fr        216 0408  1.8 1013  0.4 1629  1.8 2238  0.3
20  Sa        216 0507  1.8 1112  0.4 1728  1.7 2335  0.3
21  Su        216 0602  1.8 1208  0.4 1822  1.8 9999  9.9
22  Mo        216 0028  0.3 0652  1.8 1259  0.4 1913  1.8
23  Tu        216 0116  0.3 0739  1.8 1347  0.4 1959  1.8
24  We        216 0201  0.3 0823  1.9 1431  0.3 2043  1.8
25  Th        216 0244  0.3 0904  1.9 1512  0.3 2124  1.8
26  Fr        216 0324  0.3 0943  1.8 1551  0.3 2203  1.8
27  Sa        216 0403  0.3 1021  1.8 1629  0.4 2242  1.8
28  Su        216 0442  0.4 1059  1.8 1707  0.4 2321  1.7
29  Mo        216 0522  0.4 1137  1.8 1746  0.4 9999  9.9
 1  Tu        316 0002  1.7 0604  0.5 1217  1.7 1828  0.4
 2  We        316 0047  1.7 0649  0.5 1300  1.7 1913  0.5
 3  Th        316 0135  1.6 0738  0.5 1348  1.7 2003  0.5
 4  Fr        316 0228  1.6 0831  0.6 1441  1.7 2057  0.5
 5  Sa        316 0325  1.7 0928  0.5 1539  1.7 2154  0.4
 6  Su        316 0423  1.7 1027  0.5 1639  1.7 2252  0.4
 7  Mo        316 0520  1.8 1124  0.4 1738  1.8 2349  0.3
 8  Tu        316 0614  1.9 1220  0.3 1835  1.9 9999  9.9
 9  We        316 0043  0.2 0707  2.0 1314  0.2 1929  1.9
10  Th        316 0135  0.1 0759  2.0 1406  0.1 2022  2.0
11  Fr        316 0227  0.1 0850  2.1 1457  0.1 2114  2.0
12  Sa        316 0319  0.1 0941  2.1 1548  0.1 2206  2.1
13  Su        316 0410  0.1 1032  2.1 1639  0.1 2259  2.0
14  Mo        316 0503  0.1 1124  2.0 1731  0.1 2353  2.0
15  Tu        316 0558  0.2 1218  2.0 1824  0.2 9999  9.9
16  We        316 0049  1.9 0654  0.3 1313  1.9 1919  0.3
17  Th        316 0147  1.9 0753  0.4 1411  1.8 2017  0.3
18  Fr        316 0247  1.8 0853  0.4 1511  1.8 2117  0.4
19  Sa        316 0347  1.8 0953  0.5 1610  1.7 2216  0.4
20  Su        316 0444  1.8 1051  0.5 1708  1.7 2313  0.4
21  Mo        316 0537  1.8 1145  0.4 1801  1.7 9999  9.9
22  Tu        316 0005  0.4 0626  1.8 1235  0.4 1849  1.8
23  We        316 0052  0.4 0711  1.8 1320  0.4 1934  1.8
24  Th        316 0136  0.4 0753  1.8 1402  0.4 2016  1.8
25  Fr        316 0217  0.4 0833  1.8 1442  0.4 2056  1.8
26  Sa        316 0256  0.4 0912  1.8 1520  0.4 2135  1.8
27  Su        316 0335  0.4 0949  1.8 1557  0.4 2213  1.8
28  Mo        316 0414  0.4 1027  1.8 1634  0.4 2252  1.8
29  Tu        316 0454  0.4 1105  1.8 1713  0.4 2332  1.7
30  We        316 0535  0.5 1145  1.7 1754  0.4 9999  9.9
31  Th        316 0015  1.7 0620  0.5 1229  1.7 1839  0.4
 1  Fr        416 0102  1.7 0709  0.5 1317  1.7 1929  0.5
 2  Sa        416 0154  1.7 0802  0.5 1410  1.7 2024  0.5
 3  Su        416 0250  1.7 0858  0.5 1509  1.7 2122  0.4
 4  Mo        416 0349  1.8 0957  0.4 1610  1.8 2222  0.4
 5  Tu        416 0447  1.8 1056  0.3 1712  1.8 2321  0.3
 6  We        416 0544  1.9 1153  0.3 1811  1.9 9999  9.9
 7  Th        416 0018  0.2 0639  2.0 1249  0.2 1907  2.0
 8  Fr        416 0113  0.2 0733  2.0 1342  0.1 2001  2.1
 9  Sa        416 0206  0.1 0826  2.1 1435  0.0 2055  2.1
10  Su        416 0300  0.1 0919  2.1 1526  0.0 2148  2.1
11  Mo        416 0353  0.1 1012  2.1 1618  0.1 2241  2.1
12  Tu        416 0446  0.2 1105  2.0 1710  0.1 2335  2.0
13  We        416 0541  0.2 1159  1.9 1802  0.2 9999  9.9
14  Th        416 0030  1.9 0636  0.3 1254  1.9 1857  0.3
15  Fr        416 0126  1.9 0734  0.4 1351  1.8 1954  0.4
16  Sa        416 0224  1.8 0832  0.4 1449  1.7 2052  0.4
17  Su        416 0320  1.8 0930  0.5 1547  1.7 2150  0.5
18  Mo        416 0414  1.8 1025  0.5 1642  1.7 2245  0.5
19  Tu        416 0505  1.7 1117  0.5 1734  1.7 2336  0.5
20  We        416 0553  1.8 1205  0.4 1822  1.7 9999  9.9
21  Th        416 0023  0.5 0638  1.8 1249  0.4 1906  1.8
22  Fr        416 0107  0.4 0720  1.8 1331  0.4 1948  1.8
23  Sa        416 0148  0.4 0801  1.8 1410  0.4 2028  1.8
24  Su        416 0228  0.4 0840  1.8 1448  0.4 2107  1.8
25  Mo        416 0308  0.4 0919  1.8 1526  0.4 2146  1.8
26  Tu        416 0347  0.4 0958  1.8 1604  0.4 2226  1.8
27  We        416 0428  0.4 1037  1.7 1644  0.4 2306  1.8
28  Th        416 0511  0.5 1119  1.7 1726  0.4 2349  1.8
29  Fr        416 0556  0.5 1203  1.7 1812  0.4 9999  9.9
30  Sa        416 0036  1.8 0645  0.5 1252  1.7 1902  0.4
 1  Su        516 0127  1.8 0737  0.4 1346  1.7 1957  0.4
 2  Mo        516 0222  1.8 0833  0.4 1445  1.7 2055  0.4
 3  Tu        516 0319  1.8 0931  0.4 1547  1.8 2156  0.4
 4  We        516 0418  1.9 1030  0.3 1649  1.9 2256  0.3
 5  Th        516 0516  1.9 1128  0.2 1748  1.9 2354  0.2
 6  Fr        516 0613  2.0 1225  0.1 1846  2.0 9999  9.9
 7  Sa        516 0051  0.2 0709  2.0 1319  0.1 1941  2.1
 8  Su        516 0146  0.2 0804  2.0 1412  0.0 2035  2.1
 9  Mo        516 0241  0.1 0858  2.0 1504  0.0 2128  2.1
10  Tu        516 0335  0.2 0951  2.0 1556  0.1 2221  2.1
11  We        516 0428  0.2 1045  2.0 1647  0.1 2314  2.0
12  Th        516 0522  0.3 1138  1.9 1739  0.2 9999  9.9
13  Fr        516 0008  1.9 0616  0.3 1232  1.8 1832  0.3
14  Sa        516 0101  1.9 0710  0.4 1327  1.8 1927  0.4
15  Su        516 0155  1.8 0805  0.4 1422  1.7 2022  0.5
16  Mo        516 0248  1.8 0859  0.5 1517  1.7 2118  0.5
17  Tu        516 0339  1.7 0952  0.5 1611  1.7 2212  0.5
18  We        516 0428  1.7 1043  0.5 1702  1.7 2303  0.5
19  Th        516 0516  1.7 1130  0.4 1750  1.7 2350  0.5
20  Fr        516 0601  1.7 1215  0.4 1835  1.8 9999  9.9
21  Sa        516 0035  0.5 0645  1.7 1257  0.4 1918  1.8
22  Su        516 0117  0.5 0727  1.8 1337  0.4 2000  1.8
23  Mo        516 0159  0.5 0809  1.8 1417  0.3 2040  1.8
24  Tu        516 0240  0.4 0850  1.8 1456  0.3 2121  1.8
25  We        516 0322  0.4 0931  1.8 1536  0.3 2201  1.8
26  Th        516 0404  0.4 1013  1.8 1618  0.3 2243  1.8
27  Fr        516 0449  0.4 1056  1.7 1702  0.3 2327  1.8
28  Sa        516 0535  0.4 1142  1.7 1749  0.4 9999  9.9
29  Su        516 0014  1.8 0624  0.4 1232  1.7 1839  0.4
30  Mo        516 0104  1.8 0716  0.4 1326  1.8 1934  0.4
31  Tu        516 0158  1.8 0811  0.3 1425  1.8 2032  0.4
 1  We        616 0255  1.9 0908  0.3 1526  1.8 2133  0.4
 2  Th        616 0353  1.9 1007  0.2 1628  1.9 2234  0.3
 3  Fr        616 0452  1.9 1105  0.2 1729  1.9 2334  0.3
 4  Sa        616 0550  2.0 1203  0.1 1827  2.0 9999  9.9
 5  Su        616 0032  0.2 0647  2.0 1258  0.1 1922  2.0
 6  Mo        616 0128  0.2 0743  2.0 1351  0.1 2016  2.1
 7  Tu        616 0222  0.2 0838  2.0 1443  0.1 2109  2.1
 8  We        616 0316  0.2 0931  2.0 1534  0.1 2200  2.0
 9  Th        616 0408  0.2 1023  1.9 1624  0.2 2251  2.0
10  Fr        616 0500  0.3 1114  1.9 1714  0.2 2342  1.9
11  Sa        616 0551  0.3 1205  1.8 1804  0.3 9999  9.9
12  Su        616 0031  1.9 0642  0.4 1257  1.7 1855  0.4
13  Mo        616 0121  1.8 0732  0.4 1348  1.7 1947  0.5
14  Tu        616 0210  1.7 0823  0.4 1441  1.7 2040  0.5
15  We        616 0258  1.7 0913  0.5 1533  1.7 2132  0.6
16  Th        616 0347  1.7 1002  0.5 1624  1.7 2224  0.6
17  Fr        616 0435  1.7 1050  0.5 1714  1.7 2313  0.5
18  Sa        616 0522  1.7 1137  0.4 1801  1.7 9999  9.9
19  Su        616 0000  0.5 0608  1.7 1221  0.4 1846  1.8
20  Mo        616 0045  0.5 0654  1.7 1304  0.4 1930  1.8
21  Tu        616 0129  0.5 0739  1.7 1346  0.3 2013  1.8
22  We        616 0213  0.4 0823  1.8 1428  0.3 2055  1.9
23  Th        616 0257  0.4 0906  1.8 1511  0.3 2138  1.9
24  Fr        616 0341  0.4 0951  1.8 1555  0.3 2221  1.9
25  Sa        616 0427  0.3 1036  1.8 1640  0.3 2306  1.9
26  Su        616 0514  0.3 1124  1.8 1728  0.3 2354  1.9
27  Mo        616 0603  0.3 1214  1.8 1820  0.3 9999  9.9
28  Tu        616 0044  1.9 0655  0.3 1309  1.8 1914  0.3
29  We        616 0137  1.9 0750  0.3 1407  1.8 2013  0.3
30  Th        616 0234  1.9 0847  0.2 1509  1.8 2113  0.3
 1  Fr        716 0332  1.9 0946  0.2 1611  1.8 2215  0.3
 2  Sa        716 0432  1.9 1045  0.2 1711  1.9 2316  0.3
 3  Su        716 0531  1.9 1143  0.1 1809  1.9 9999  9.9
 4  Mo        716 0014  0.3 0629  1.9 1238  0.1 1905  2.0
 5  Tu        716 0110  0.2 0725  1.9 1332  0.1 1958  2.0
 6  We        716 0204  0.2 0818  1.9 1423  0.1 2048  2.0
 7  Th        716 0256  0.2 0910  1.9 1512  0.1 2137  2.0
 8  Fr        716 0346  0.2 0959  1.9 1600  0.2 2225  1.9
 9  Sa        716 0434  0.3 1047  1.8 1647  0.3 2312  1.9
10  Su        716 0521  0.3 1135  1.8 1733  0.3 2357  1.8
11  Mo        716 0608  0.4 1222  1.7 1820  0.4 9999  9.9
12  Tu        716 0042  1.8 0654  0.4 1310  1.7 1908  0.5
13  We        716 0128  1.7 0740  0.4 1359  1.6 1958  0.5
14  Th        716 0214  1.7 0828  0.5 1451  1.6 2049  0.6
15  Fr        716 0302  1.7 0917  0.5 1543  1.6 2141  0.6
16  Sa        716 0351  1.6 1007  0.5 1635  1.6 2232  0.6
17  Su        716 0442  1.6 1056  0.4 1724  1.7 2323  0.5
18  Mo        716 0532  1.7 1144  0.4 1812  1.7 9999  9.9
19  Tu        716 0011  0.5 0621  1.7 1231  0.3 1859  1.8
20  We        716 0059  0.4 0709  1.7 1317  0.3 1944  1.8
21  Th        716 0145  0.4 0756  1.8 1402  0.2 2028  1.9
22  Fr        716 0232  0.3 0843  1.8 1447  0.2 2113  1.9
23  Sa        716 0318  0.3 0929  1.8 1533  0.2 2158  1.9
24  Su        716 0405  0.2 1017  1.8 1620  0.2 2245  1.9
25  Mo        716 0453  0.2 1106  1.8 1710  0.2 2334  1.9
26  Tu        716 0543  0.2 1157  1.8 1802  0.2 9999  9.9
27  We        716 0025  1.9 0635  0.2 1252  1.8 1857  0.3
28  Th        716 0118  1.9 0729  0.2 1351  1.8 1955  0.3
29  Fr        716 0215  1.8 0827  0.2 1453  1.8 2057  0.3
30  Sa        716 0315  1.8 0926  0.2 1555  1.8 2159  0.3
31  Su        716 0415  1.8 1026  0.2 1655  1.8 2300  0.3
 1  Mo        816 0515  1.8 1125  0.2 1753  1.9 2359  0.3
 2  Tu        816 0613  1.8 1220  0.2 1847  1.9 9999  9.9
 3  We        816 0054  0.3 0708  1.8 1313  0.2 1938  1.9
 4  Th        816 0145  0.2 0759  1.8 1402  0.2 2026  1.9
 5  Fr        816 0234  0.2 0848  1.8 1449  0.2 2112  1.9
 6  Sa        816 0321  0.2 0934  1.8 1534  0.2 2156  1.9
 7  Su        816 0405  0.3 1018  1.8 1618  0.3 2239  1.8
 8  Mo        816 0448  0.3 1101  1.8 1701  0.3 2320  1.8
 9  Tu        816 0530  0.3 1145  1.7 1744  0.4 9999  9.9
10  We        816 0002  1.7 0613  0.4 1229  1.7 1829  0.5
11  Th        816 0044  1.7 0656  0.4 1316  1.6 1916  0.5
12  Fr        816 0129  1.6 0741  0.4 1406  1.6 2005  0.5
13  Sa        816 0217  1.6 0830  0.5 1459  1.6 2058  0.6
14  Su        816 0308  1.6 0922  0.5 1553  1.6 2152  0.5
15  Mo        816 0402  1.6 1015  0.4 1646  1.7 2245  0.5
16  Tu        816 0456  1.6 1107  0.4 1737  1.7 2338  0.4
17  We        816 0549  1.7 1158  0.3 1826  1.8 9999  9.9
18  Th        816 0028  0.4 0641  1.7 1247  0.2 1913  1.8
19  Fr        816 0118  0.3 0730  1.8 1336  0.2 2000  1.9
20  Sa        816 0206  0.2 0819  1.9 1423  0.1 2047  2.0
21  Su        816 0254  0.1 0908  1.9 1512  0.1 2135  2.0
22  Mo        816 0342  0.1 0957  1.9 1601  0.1 2223  2.0
23  Tu        816 0432  0.1 1048  1.9 1652  0.1 2313  2.0
24  We        816 0522  0.1 1140  1.9 1745  0.2 9999  9.9
25  Th        816 0006  1.9 0614  0.1 1236  1.9 1841  0.2
26  Fr        816 0101  1.9 0709  0.2 1335  1.8 1940  0.3
27  Sa        816 0159  1.8 0807  0.2 1436  1.8 2041  0.3
28  Su        816 0259  1.8 0907  0.2 1538  1.8 2144  0.4
29  Mo        816 0401  1.7 1008  0.3 1638  1.8 2245  0.3
30  Tu        816 0501  1.7 1107  0.3 1735  1.8 2342  0.3
31  We        816 0558  1.8 1202  0.2 1827  1.8 9999  9.9
 1  Th        916 0035  0.3 0651  1.8 1253  0.2 1916  1.9
 2  Fr        916 0125  0.3 0739  1.8 1341  0.2 2001  1.9
 3  Sa        916 0211  0.2 0825  1.8 1425  0.2 2044  1.8
 4  Su        916 0254  0.2 0907  1.8 1508  0.3 2125  1.8
 5  Mo        916 0335  0.2 0948  1.8 1549  0.3 2205  1.8
 6  Tu        916 0414  0.3 1029  1.8 1629  0.3 2244  1.7
 7  We        916 0453  0.3 1109  1.7 1710  0.4 2323  1.7
 8  Th        916 0533  0.3 1151  1.7 1752  0.4 9999  9.9
 9  Fr        916 0003  1.7 0614  0.4 1235  1.6 1837  0.5
10  Sa        916 0047  1.6 0658  0.4 1323  1.6 1926  0.5
11  Su        916 0135  1.6 0746  0.4 1415  1.6 2018  0.5
12  Mo        916 0227  1.6 0839  0.4 1510  1.6 2113  0.5
13  Tu        916 0323  1.6 0935  0.4 1606  1.6 2209  0.5
14  We        916 0421  1.6 1031  0.4 1700  1.7 2304  0.4
15  Th        916 0518  1.7 1126  0.3 1752  1.8 2358  0.3
16  Fr        916 0613  1.8 1219  0.2 1842  1.9 9999  9.9
17  Sa        916 0050  0.2 0705  1.8 1310  0.1 1932  1.9
18  Su        916 0140  0.1 0756  1.9 1401  0.1 2021  2.0
19  Mo        916 0230  0.0 0847  2.0 1451  0.1 2111  2.0
20  Tu        916 0320  0.0 0938  2.0 1542  0.1 2202  2.0
21  We        916 0410  0.0 1029  2.0 1634  0.1 2253  2.0
22  Th        916 0501  0.0 1123  1.9 1728  0.1 2347  1.9
23  Fr        916 0554  0.1 1219  1.9 1825  0.2 9999  9.9
24  Sa        916 0043  1.8 0649  0.2 1317  1.8 1924  0.3
25  Su        916 0142  1.8 0747  0.2 1418  1.8 2025  0.3
26  Mo        916 0243  1.7 0847  0.3 1519  1.8 2127  0.3
27  Tu        916 0344  1.7 0948  0.3 1618  1.8 2227  0.3
28  We        916 0444  1.7 1047  0.3 1713  1.8 2323  0.3
29  Th        916 0540  1.7 1142  0.3 1803  1.8 9999  9.9
30  Fr        916 0014  0.3 0630  1.7 1231  0.3 1850  1.8
 1  Sa       1016 0101  0.3 0717  1.8 1317  0.3 1934  1.8
 2  Su       1016 0144  0.2 0800  1.8 1400  0.3 2015  1.8
 3  Mo       1016 0225  0.2 0841  1.8 1441  0.3 2054  1.8
 4  Tu       1016 0304  0.2 0920  1.8 1520  0.3 2132  1.7
 5  We       1016 0341  0.3 0959  1.8 1559  0.3 2210  1.7
 6  Th       1016 0418  0.3 1037  1.7 1639  0.4 2248  1.7
 7  Fr       1016 0457  0.3 1117  1.7 1720  0.4 2328  1.6
 8  Sa       1016 0537  0.4 1200  1.7 1804  0.5 9999  9.9
 9  Su       1016 0011  1.6 0620  0.4 1246  1.6 1852  0.5
10  Mo       1016 0058  1.6 0708  0.4 1336  1.6 1943  0.5
11  Tu       1016 0150  1.6 0801  0.4 1430  1.6 2038  0.4
12  We       1016 0247  1.6 0858  0.4 1526  1.7 2135  0.4
13  Th       1016 0348  1.6 0957  0.4 1623  1.7 2232  0.3
14  Fr       1016 0448  1.7 1055  0.3 1718  1.8 2328  0.2
15  Sa       1016 0546  1.8 1151  0.2 1812  1.9 9999  9.9
16  Su       1016 0023  0.1 0641  1.9 1245  0.1 1904  2.0
17  Mo       1016 0115  0.0 0734  2.0 1339  0.1 1957  2.0
18  Tu       1016 0207  0.0 0827  2.0 1431  0.0 2049  2.0
19  We       1016 0258 -0.1 0919  2.0 1524  0.0 2141  2.0
20  Th       1016 0349 -0.1 1012  2.0 1617  0.1 2234  2.0
21  Fr       1016 0440  0.0 1105  2.0 1712  0.1 2328  1.9
22  Sa       1016 0533  0.1 1201  1.9 1808  0.2 9999  9.9
23  Su       1016 0024  1.8 0628  0.2 1258  1.9 1906  0.3
24  Mo       1016 0122  1.7 0725  0.2 1356  1.8 2005  0.3
25  Tu       1016 0222  1.7 0824  0.3 1455  1.7 2105  0.3
26  We       1016 0323  1.6 0924  0.4 1551  1.7 2203  0.4
27  Th       1016 0421  1.6 1022  0.4 1645  1.7 2257  0.3
28  Fr       1016 0516  1.7 1116  0.4 1734  1.7 2347  0.3
29  Sa       1016 0605  1.7 1205  0.4 1820  1.7 9999  9.9
30  Su       1016 0033  0.3 0651  1.7 1251  0.4 1903  1.7
31  Mo       1016 0115  0.3 0733  1.7 1333  0.3 1944  1.7
 1  Tu       1116 0155  0.3 0814  1.8 1414  0.3 2023  1.7
 2  We       1116 0233  0.2 0853  1.8 1453  0.3 2102  1.7
 3  Th       1116 0310  0.3 0931  1.8 1532  0.4 2140  1.7
 4  Fr       1116 0348  0.3 1010  1.7 1612  0.4 2218  1.7
 5  Sa       1116 0426  0.3 1049  1.7 1653  0.4 2258  1.6
 6  Su       1116 0506  0.3 1130  1.7 1737  0.4 2341  1.6
 7  Mo       1116 0549  0.3 1215  1.7 1823  0.4 9999  9.9
 8  Tu       1116 0027  1.6 0636  0.4 1303  1.7 1913  0.4
 9  We       1116 0119  1.6 0729  0.4 1355  1.7 2007  0.4
10  Th       1116 0216  1.6 0825  0.4 1451  1.7 2104  0.3
11  Fr       1116 0317  1.6 0925  0.3 1549  1.8 2203  0.3
12  Sa       1116 0420  1.7 1026  0.3 1646  1.8 2300  0.2
13  Su       1116 0520  1.8 1125  0.2 1743  1.9 2357  0.1
14  Mo       1116 0618  1.9 1222  0.2 1839  1.9 9999  9.9
15  Tu       1116 0052  0.0 0714  2.0 1318  0.1 1934  2.0
16  We       1116 0145 -0.1 0808  2.0 1412  0.1 2028  2.0
17  Th       1116 0237 -0.1 0901  2.0 1506  0.1 2122  2.0
18  Fr       1116 0328 -0.1 0954  2.0 1600  0.1 2215  1.9
19  Sa       1116 0420  0.0 1047  2.0 1654  0.1 2309  1.9
20  Su       1116 0512  0.1 1141  1.9 1749  0.2 9999  9.9
21  Mo       1116 0004  1.8 0605  0.2 1235  1.9 1844  0.3
22  Tu       1116 0059  1.7 0659  0.3 1330  1.8 1940  0.3
23  We       1116 0157  1.7 0756  0.4 1424  1.7 2036  0.4
24  Th       1116 0254  1.6 0854  0.4 1518  1.7 2132  0.4
25  Fr       1116 0351  1.6 0950  0.5 1609  1.7 2225  0.4
26  Sa       1116 0445  1.6 1044  0.5 1659  1.7 2315  0.4
27  Su       1116 0535  1.6 1134  0.5 1745  1.7 9999  9.9
28  Mo       1116 0001  0.3 0622  1.7 1221  0.4 1830  1.7
29  Tu       1116 0044  0.3 0705  1.7 1304  0.4 1912  1.7
30  We       1116 0124  0.3 0747  1.7 1346  0.4 1954  1.7
 1  Th       1216 0203  0.3 0827  1.8 1426  0.4 2034  1.7
 2  Fr       1216 0242  0.3 0906  1.8 1507  0.4 2114  1.7
 3  Sa       1216 0320  0.3 0946  1.8 1547  0.4 2154  1.7
 4  Su       1216 0359  0.3 1025  1.8 1629  0.4 2234  1.7
 5  Mo       1216 0440  0.3 1106  1.8 1713  0.4 2317  1.7
 6  Tu       1216 0524  0.3 1149  1.8 1759  0.4 9999  9.9
 7  We       1216 0003  1.7 0611  0.3 1236  1.8 1848  0.3
 8  Th       1216 0054  1.7 0702  0.3 1327  1.8 1941  0.3
 9  Fr       1216 0150  1.7 0758  0.3 1421  1.8 2037  0.3
10  Sa       1216 0251  1.7 0858  0.3 1519  1.8 2136  0.2
11  Su       1216 0355  1.7 1000  0.3 1618  1.8 2235  0.2
12  Mo       1216 0457  1.8 1102  0.3 1718  1.9 2333  0.1
13  Tu       1216 0558  1.9 1201  0.2 1817  1.9 9999  9.9
14  We       1216 0030  0.0 0655  2.0 1259  0.2 1914  1.9
15  Th       1216 0125  0.0 0750  2.0 1355  0.1 2010  2.0
16  Fr       1216 0217  0.0 0844  2.0 1450  0.1 2104  1.9
17  Sa       1216 0309  0.0 0936  2.0 1543  0.1 2157  1.9
18  Su       1216 0400  0.0 1027  2.0 1635  0.2 2249  1.9
19  Mo       1216 0450  0.1 1118  2.0 1727  0.2 2340  1.8
20  Tu       1216 0540  0.2 1208  1.9 1818  0.3 9999  9.9
21  We       1216 0032  1.7 0631  0.3 1258  1.8 1909  0.3
22  Th       1216 0125  1.7 0724  0.4 1348  1.7 2001  0.4
23  Fr       1216 0219  1.6 0817  0.5 1438  1.7 2053  0.4
24  Sa       1216 0313  1.6 0912  0.5 1528  1.7 2145  0.4
25  Su       1216 0407  1.6 1005  0.5 1618  1.6 2236  0.4
26  Mo       1216 0459  1.6 1057  0.5 1706  1.6 2324  0.4
27  Tu       1216 0548  1.6 1146  0.5 1754  1.6 9999  9.9
28  We       1216 0009  0.4 0634  1.7 1232  0.5 1840  1.7
29  Th       1216 0052  0.3 0718  1.7 1317  0.4 1924  1.7
30  Fr       1216 0134  0.3 0800  1.8 1359  0.4 2007  1.7
31  Sa       1216 0214  0.3 0841  1.8 1441  0.4 2050  1.7
