073Tauranga
Based on data from  1-Jul-2013
Local Std Time, tidal heights in metres.
 1  Sa        723 0432  1.8 1050  0.4 1719  1.8 2318  0.5
 2  Su        723 0527  1.8 1145  0.3 1814  1.9 9999  9.9
 3  Mo        723 0014  0.5 0623  1.8 1238  0.3 1907  1.9
 4  Tu        723 0109  0.4 0720  1.9 1331  0.2 2000  2.0
 5  We        723 0204  0.3 0815  1.9 1424  0.2 2053  2.0
 6  Th        723 0258  0.3 0911  1.9 1516  0.2 2146  2.1
 7  Fr        723 0352  0.2 1005  1.9 1608  0.2 2239  2.1
 8  Sa        723 0446  0.2 1100  1.9 1701  0.2 2332  2.0
 9  Su        723 0539  0.2 1155  1.9 1756  0.3 9999  9.9
10  Mo        723 0025  2.0 0633  0.3 1251  1.9 1852  0.3
11  Tu        723 0118  1.9 0727  0.3 1349  1.8 1949  0.4
12  We        723 0212  1.9 0822  0.3 1447  1.8 2048  0.5
13  Th        723 0307  1.8 0918  0.4 1546  1.8 2148  0.5
14  Fr        723 0401  1.8 1014  0.4 1643  1.8 2245  0.5
15  Sa        723 0455  1.7 1107  0.4 1736  1.8 2340  0.5
16  Su        723 0548  1.7 1159  0.4 1826  1.8 9999  9.9
17  Mo        723 0031  0.5 0638  1.7 1246  0.4 1913  1.8
18  Tu        723 0119  0.5 0726  1.7 1331  0.4 1956  1.8
19  We        723 0204  0.5 0810  1.7 1413  0.4 2038  1.8
20  Th        723 0246  0.5 0852  1.7 1452  0.4 2117  1.8
21  Fr        723 0326  0.5 0932  1.7 1531  0.4 2155  1.8
22  Sa        723 0405  0.5 1012  1.7 1610  0.4 2233  1.8
23  Su        723 0443  0.5 1052  1.7 1649  0.5 2312  1.8
24  Mo        723 0522  0.5 1133  1.7 1731  0.5 2352  1.8
25  Tu        723 0603  0.5 1216  1.7 1815  0.5 9999  9.9
26  We        723 0034  1.7 0647  0.5 1303  1.7 1903  0.6
27  Th        723 0119  1.7 0734  0.5 1355  1.6 1955  0.6
28  Fr        723 0207  1.7 0825  0.5 1451  1.7 2052  0.6
29  Sa        723 0301  1.7 0921  0.4 1550  1.7 2151  0.5
30  Su        723 0359  1.7 1019  0.4 1650  1.8 2252  0.5
31  Mo        723 0500  1.8 1118  0.3 1749  1.9 2351  0.4
 1  Tu        823 0601  1.8 1215  0.2 1845  1.9 9999  9.9
 2  We        823 0049  0.3 0701  1.9 1310  0.2 1939  2.0
 3  Th        823 0145  0.2 0758  1.9 1404  0.1 2032  2.1
 4  Fr        823 0239  0.2 0853  2.0 1457  0.1 2125  2.1
 5  Sa        823 0332  0.1 0947  2.0 1549  0.1 2216  2.1
 6  Su        823 0424  0.1 1040  2.0 1642  0.2 2308  2.1
 7  Mo        823 0516  0.2 1133  1.9 1735  0.2 2359  2.0
 8  Tu        823 0607  0.2 1228  1.9 1829  0.3 9999  9.9
 9  We        823 0051  1.9 0659  0.3 1323  1.8 1925  0.4
10  Th        823 0144  1.8 0753  0.3 1421  1.8 2024  0.5
11  Fr        823 0238  1.7 0849  0.4 1519  1.7 2123  0.5
12  Sa        823 0334  1.7 0945  0.4 1616  1.7 2222  0.6
13  Su        823 0430  1.6 1041  0.4 1711  1.7 2317  0.6
14  Mo        823 0524  1.6 1133  0.4 1801  1.7 9999  9.9
15  Tu        823 0009  0.5 0615  1.6 1222  0.4 1847  1.8
16  We        823 0056  0.5 0702  1.7 1306  0.4 1929  1.8
17  Th        823 0139  0.5 0746  1.7 1346  0.4 2009  1.8
18  Fr        823 0218  0.5 0826  1.7 1425  0.4 2047  1.8
19  Sa        823 0256  0.4 0905  1.7 1503  0.4 2124  1.8
20  Su        823 0333  0.4 0943  1.7 1540  0.4 2200  1.8
21  Mo        823 0410  0.4 1022  1.7 1619  0.4 2238  1.8
22  Tu        823 0448  0.4 1101  1.7 1701  0.4 2317  1.8
23  We        823 0528  0.4 1144  1.7 1745  0.5 2358  1.7
24  Th        823 0612  0.4 1230  1.7 1833  0.5 9999  9.9
25  Fr        823 0044  1.7 0659  0.4 1322  1.7 1926  0.5
26  Sa        823 0135  1.7 0753  0.4 1421  1.7 2025  0.5
27  Su        823 0232  1.7 0851  0.4 1523  1.7 2127  0.5
28  Mo        823 0335  1.7 0953  0.4 1626  1.8 2230  0.4
29  Tu        823 0440  1.7 1055  0.3 1726  1.9 2332  0.4
30  We        823 0544  1.8 1154  0.2 1823  1.9 9999  9.9
31  Th        823 0030  0.3 0644  1.9 1251  0.2 1918  2.0
 1  Fr        923 0125  0.2 0741  1.9 1345  0.1 2010  2.1
 2  Sa        923 0218  0.1 0835  2.0 1437  0.1 2101  2.1
 3  Su        923 0310  0.1 0927  2.0 1529  0.1 2152  2.1
 4  Mo        923 0400  0.1 1018  2.0 1620  0.2 2241  2.0
 5  Tu        923 0449  0.1 1109  1.9 1711  0.2 2331  1.9
 6  We        923 0538  0.2 1201  1.9 1804  0.3 9999  9.9
 7  Th        923 0021  1.8 0628  0.3 1254  1.8 1859  0.4
 8  Fr        923 0113  1.7 0720  0.4 1350  1.7 1956  0.5
 9  Sa        923 0207  1.7 0815  0.4 1448  1.7 2055  0.6
10  Su        923 0304  1.6 0913  0.5 1545  1.7 2154  0.6
11  Mo        923 0401  1.6 1010  0.5 1640  1.7 2250  0.6
12  Tu        923 0457  1.6 1104  0.5 1730  1.7 2341  0.5
13  We        923 0549  1.6 1153  0.5 1816  1.7 9999  9.9
14  Th        923 0027  0.5 0636  1.6 1237  0.4 1858  1.7
15  Fr        923 0108  0.5 0719  1.7 1318  0.4 1937  1.8
16  Sa        923 0147  0.4 0759  1.7 1356  0.4 2014  1.8
17  Su        923 0224  0.4 0837  1.7 1434  0.4 2051  1.8
18  Mo        923 0300  0.3 0915  1.8 1513  0.4 2128  1.8
19  Tu        923 0338  0.3 0954  1.8 1553  0.4 2207  1.8
20  We        923 0417  0.3 1034  1.8 1635  0.4 2247  1.8
21  Th        923 0458  0.3 1118  1.7 1721  0.4 2330  1.7
22  Fr        923 0543  0.3 1205  1.7 1810  0.5 9999  9.9
23  Sa        923 0018  1.7 0632  0.4 1259  1.7 1905  0.5
24  Su        923 0111  1.7 0727  0.4 1358  1.7 2005  0.5
25  Mo        923 0212  1.7 0827  0.4 1501  1.7 2108  0.5
26  Tu        923 0318  1.7 0931  0.4 1604  1.8 2211  0.4
27  We        923 0425  1.7 1034  0.3 1704  1.9 2312  0.3
28  Th        923 0529  1.8 1135  0.2 1801  1.9 9999  9.9
29  Fr        923 0010  0.2 0628  1.9 1232  0.2 1855  2.0
30  Sa        923 0104  0.1 0723  1.9 1325  0.1 1946  2.0
 1  Su       1023 0156  0.1 0815  2.0 1417  0.1 2036  2.0
 2  Mo       1023 0245  0.0 0905  2.0 1507  0.2 2125  2.0
 3  Tu       1023 0334  0.1 0954  2.0 1557  0.2 2214  1.9
 4  We       1023 0421  0.1 1043  1.9 1647  0.3 2302  1.8
 5  Th       1023 0508  0.2 1132  1.8 1738  0.4 2350  1.8
 6  Fr       1023 0556  0.3 1223  1.8 1831  0.5 9999  9.9
 7  Sa       1023 0040  1.7 0645  0.4 1316  1.7 1926  0.5
 8  Su       1023 0133  1.6 0738  0.5 1411  1.6 2023  0.6
 9  Mo       1023 0229  1.5 0835  0.5 1507  1.6 2120  0.6
10  Tu       1023 0328  1.5 0932  0.5 1601  1.6 2215  0.6
11  We       1023 0424  1.5 1028  0.5 1651  1.6 2306  0.5
12  Th       1023 0517  1.6 1118  0.5 1737  1.7 2351  0.5
13  Fr       1023 0605  1.6 1203  0.5 1820  1.7 9999  9.9
14  Sa       1023 0033  0.4 0648  1.7 1245  0.4 1900  1.7
15  Su       1023 0112  0.4 0729  1.7 1325  0.4 1940  1.8
16  Mo       1023 0150  0.3 0809  1.8 1405  0.4 2019  1.8
17  Tu       1023 0229  0.3 0849  1.8 1447  0.4 2059  1.8
18  We       1023 0309  0.3 0930  1.8 1529  0.4 2140  1.8
19  Th       1023 0350  0.3 1013  1.8 1614  0.4 2223  1.8
20  Fr       1023 0434  0.3 1058  1.8 1702  0.4 2310  1.7
21  Sa       1023 0520  0.3 1148  1.8 1754  0.4 9999  9.9
22  Su       1023 0000  1.7 0611  0.3 1242  1.8 1850  0.4
23  Mo       1023 0057  1.7 0707  0.4 1341  1.8 1949  0.4
24  Tu       1023 0159  1.7 0808  0.4 1442  1.8 2051  0.4
25  We       1023 0304  1.7 0911  0.4 1543  1.8 2153  0.3
26  Th       1023 0410  1.7 1015  0.3 1641  1.9 2252  0.3
27  Fr       1023 0512  1.8 1115  0.3 1737  1.9 2349  0.2
28  Sa       1023 0610  1.9 1212  0.2 1831  1.9 9999  9.9
29  Su       1023 0042  0.1 0704  1.9 1305  0.2 1922  2.0
30  Mo       1023 0133  0.1 0755  2.0 1357  0.2 2012  1.9
31  Tu       1023 0221  0.1 0844  2.0 1447  0.2 2100  1.9
 1  We       1123 0308  0.1 0931  1.9 1536  0.3 2147  1.8
 2  Th       1123 0353  0.2 1018  1.9 1624  0.3 2234  1.8
 3  Fr       1123 0438  0.2 1105  1.8 1713  0.4 2320  1.7
 4  Sa       1123 0523  0.3 1152  1.8 1802  0.5 9999  9.9
 5  Su       1123 0008  1.6 0610  0.4 1241  1.7 1853  0.5
 6  Mo       1123 0058  1.6 0659  0.5 1331  1.7 1945  0.6
 7  Tu       1123 0151  1.5 0752  0.5 1423  1.6 2038  0.6
 8  We       1123 0247  1.5 0847  0.6 1515  1.6 2130  0.6
 9  Th       1123 0344  1.5 0942  0.6 1605  1.6 2221  0.5
10  Fr       1123 0437  1.6 1034  0.6 1652  1.6 2308  0.5
11  Sa       1123 0527  1.6 1123  0.5 1737  1.7 2352  0.4
12  Su       1123 0614  1.7 1209  0.5 1821  1.7 9999  9.9
13  Mo       1123 0035  0.4 0658  1.7 1253  0.4 1904  1.7
14  Tu       1123 0117  0.3 0741  1.8 1337  0.4 1948  1.8
15  We       1123 0200  0.2 0825  1.8 1423  0.4 2032  1.8
16  Th       1123 0243  0.2 0909  1.9 1509  0.4 2118  1.8
17  Fr       1123 0328  0.2 0955  1.9 1558  0.4 2206  1.8
18  Sa       1123 0414  0.2 1043  1.9 1648  0.4 2256  1.8
19  Su       1123 0503  0.2 1134  1.9 1741  0.4 2349  1.7
20  Mo       1123 0555  0.3 1228  1.8 1836  0.4 9999  9.9
21  Tu       1123 0045  1.7 0651  0.3 1324  1.8 1933  0.4
22  We       1123 0146  1.7 0750  0.4 1422  1.8 2032  0.3
23  Th       1123 0249  1.7 0852  0.4 1520  1.8 2132  0.3
24  Fr       1123 0353  1.7 0954  0.4 1617  1.8 2230  0.3
25  Sa       1123 0454  1.8 1055  0.4 1713  1.9 2326  0.2
26  Su       1123 0551  1.8 1152  0.3 1807  1.9 9999  9.9
27  Mo       1123 0020  0.2 0645  1.9 1246  0.3 1859  1.9
28  Tu       1123 0110  0.2 0735  1.9 1337  0.3 1949  1.8
29  We       1123 0158  0.2 0823  1.9 1427  0.3 2037  1.8
30  Th       1123 0244  0.2 0909  1.9 1515  0.4 2123  1.8
 1  Fr       1223 0328  0.2 0954  1.9 1601  0.4 2207  1.7
 2  Sa       1223 0410  0.3 1038  1.8 1647  0.4 2252  1.7
 3  Su       1223 0453  0.4 1121  1.8 1732  0.5 2336  1.6
 4  Mo       1223 0536  0.4 1205  1.7 1817  0.5 9999  9.9
 5  Tu       1223 0022  1.6 0621  0.5 1250  1.7 1904  0.5
 6  We       1223 0110  1.6 0709  0.5 1337  1.7 1951  0.5
 7  Th       1223 0202  1.5 0759  0.6 1424  1.6 2040  0.5
 8  Fr       1223 0257  1.5 0853  0.6 1513  1.6 2130  0.5
 9  Sa       1223 0352  1.6 0946  0.6 1602  1.6 2220  0.5
10  Su       1223 0445  1.6 1039  0.6 1651  1.7 2310  0.4
11  Mo       1223 0537  1.7 1131  0.5 1741  1.7 2358  0.4
12  Tu       1223 0626  1.7 1221  0.5 1830  1.7 9999  9.9
13  We       1223 0045  0.3 0714  1.8 1311  0.4 1920  1.8
14  Th       1223 0133  0.2 0801  1.9 1401  0.4 2010  1.8
15  Fr       1223 0220  0.2 0849  1.9 1451  0.3 2100  1.8
16  Sa       1223 0308  0.2 0938  2.0 1542  0.3 2151  1.8
17  Su       1223 0357  0.2 1028  2.0 1634  0.3 2243  1.8
18  Mo       1223 0447  0.2 1119  2.0 1726  0.3 2337  1.8
19  Tu       1223 0540  0.2 1211  1.9 1820  0.3 9999  9.9
20  We       1223 0032  1.8 0634  0.3 1305  1.9 1915  0.3
21  Th       1223 0131  1.8 0732  0.3 1400  1.9 2011  0.3
22  Fr       1223 0231  1.7 0832  0.4 1456  1.9 2109  0.3
23  Sa       1223 0333  1.7 0933  0.4 1553  1.8 2207  0.3
24  Su       1223 0434  1.8 1034  0.4 1649  1.8 2303  0.3
25  Mo       1223 0532  1.8 1132  0.4 1744  1.8 2357  0.3
26  Tu       1223 0626  1.8 1227  0.4 1837  1.8 9999  9.9
27  We       1223 0048  0.3 0716  1.8 1319  0.4 1928  1.8
28  Th       1223 0136  0.3 0803  1.9 1408  0.4 2016  1.7
29  Fr       1223 0221  0.3 0848  1.9 1455  0.4 2101  1.7
30  Sa       1223 0304  0.3 0930  1.8 1538  0.4 2143  1.7
31  Su       1223 0344  0.3 1011  1.8 1620  0.5 2225  1.7
 1  Mo        124 0424  0.4 1051  1.8 1701  0.5 2306  1.7
 2  Tu        124 0504  0.4 1130  1.8 1742  0.5 2347  1.6
 3  We        124 0546  0.5 1211  1.7 1823  0.5 9999  9.9
 4  Th        124 0031  1.6 0629  0.5 1252  1.7 1906  0.5
 5  Fr        124 0119  1.6 0716  0.6 1337  1.7 1952  0.5
 6  Sa        124 0210  1.6 0807  0.6 1423  1.7 2041  0.5
 7  Su        124 0305  1.6 0901  0.6 1514  1.7 2134  0.5
 8  Mo        124 0402  1.6 0957  0.6 1607  1.7 2228  0.4
 9  Tu        124 0459  1.7 1054  0.6 1703  1.7 2322  0.4
10  We        124 0554  1.7 1151  0.5 1759  1.7 9999  9.9
11  Th        124 0016  0.3 0647  1.8 1246  0.4 1855  1.8
12  Fr        124 0108  0.2 0738  1.9 1340  0.4 1950  1.9
13  Sa        124 0159  0.2 0829  2.0 1433  0.3 2044  1.9
14  Su        124 0250  0.1 0920  2.0 1525  0.2 2137  1.9
15  Mo        124 0340  0.1 1010  2.1 1617  0.2 2229  1.9
16  Tu        124 0431  0.2 1101  2.1 1708  0.2 2322  1.9
17  We        124 0523  0.2 1152  2.0 1800  0.2 9999  9.9
18  Th        124 0016  1.9 0617  0.3 1244  2.0 1853  0.2
19  Fr        124 0112  1.8 0713  0.4 1337  1.9 1947  0.3
20  Sa        124 0210  1.8 0811  0.4 1431  1.8 2044  0.3
21  Su        124 0311  1.8 0912  0.5 1528  1.8 2141  0.4
22  Mo        124 0412  1.7 1013  0.5 1625  1.7 2239  0.4
23  Tu        124 0510  1.8 1113  0.5 1722  1.7 2335  0.4
24  We        124 0605  1.8 1209  0.5 1817  1.7 9999  9.9
25  Th        124 0027  0.4 0656  1.8 1300  0.5 1908  1.7
26  Fr        124 0115  0.4 0742  1.8 1348  0.5 1955  1.7
27  Sa        124 0159  0.4 0825  1.8 1432  0.5 2039  1.7
28  Su        124 0240  0.4 0905  1.8 1513  0.5 2119  1.7
29  Mo        124 0319  0.4 0943  1.8 1552  0.5 2158  1.7
30  Tu        124 0356  0.4 1020  1.8 1629  0.5 2236  1.7
31  We        124 0434  0.4 1057  1.8 1707  0.5 2315  1.7
 1  Th        224 0513  0.5 1134  1.8 1745  0.5 2356  1.7
 2  Fr        224 0555  0.5 1213  1.8 1826  0.5 9999  9.9
 3  Sa        224 0040  1.7 0640  0.6 1255  1.7 1910  0.5
 4  Su        224 0129  1.6 0729  0.6 1341  1.7 1959  0.5
 5  Mo        224 0223  1.6 0823  0.6 1432  1.7 2053  0.5
 6  Tu        224 0322  1.6 0922  0.6 1529  1.7 2151  0.5
 7  We        224 0424  1.7 1023  0.6 1631  1.7 2251  0.4
 8  Th        224 0523  1.8 1124  0.5 1733  1.8 2349  0.3
 9  Fr        224 0620  1.9 1223  0.4 1834  1.8 9999  9.9
10  Sa        224 0045  0.3 0715  2.0 1319  0.3 1931  1.9
11  Su        224 0138  0.2 0807  2.0 1413  0.2 2026  2.0
12  Mo        224 0231  0.1 0858  2.1 1505  0.2 2119  2.0
13  Tu        224 0322  0.1 0949  2.1 1556  0.1 2211  2.0
14  We        224 0413  0.1 1039  2.1 1647  0.1 2303  2.0
15  Th        224 0505  0.2 1129  2.1 1737  0.2 2356  1.9
16  Fr        224 0558  0.3 1220  2.0 1828  0.2 9999  9.9
17  Sa        224 0050  1.9 0653  0.4 1312  1.9 1921  0.3
18  Su        224 0147  1.8 0750  0.5 1406  1.8 2017  0.4
19  Mo        224 0247  1.8 0850  0.6 1503  1.7 2115  0.5
20  Tu        224 0347  1.7 0952  0.6 1602  1.7 2214  0.5
21  We        224 0446  1.7 1051  0.6 1701  1.7 2311  0.5
22  Th        224 0541  1.7 1147  0.6 1756  1.7 9999  9.9
23  Fr        224 0004  0.5 0631  1.8 1238  0.6 1847  1.7
24  Sa        224 0051  0.5 0716  1.8 1324  0.5 1932  1.7
25  Su        224 0134  0.4 0757  1.8 1406  0.5 2014  1.7
26  Mo        224 0214  0.4 0836  1.8 1444  0.5 2053  1.8
27  Tu        224 0252  0.4 0912  1.8 1521  0.5 2131  1.8
28  We        224 0329  0.4 0948  1.8 1557  0.5 2208  1.8
29  Th        224 0406  0.5 1024  1.8 1633  0.4 2246  1.8
 1  Fr        324 0445  0.5 1101  1.8 1711  0.5 2325  1.7
 2  Sa        324 0526  0.5 1140  1.8 1751  0.5 9999  9.9
 3  Su        324 0008  1.7 0611  0.6 1222  1.8 1836  0.5
 4  Mo        324 0056  1.7 0700  0.6 1309  1.7 1925  0.5
 5  Tu        324 0151  1.7 0755  0.6 1402  1.7 2020  0.5
 6  We        324 0251  1.7 0855  0.6 1502  1.7 2121  0.5
 7  Th        324 0354  1.7 0957  0.6 1607  1.7 2223  0.4
 8  Fr        324 0455  1.8 1100  0.5 1712  1.8 2324  0.4
 9  Sa        324 0554  1.9 1200  0.4 1814  1.9 9999  9.9
10  Su        324 0022  0.3 0649  2.0 1256  0.3 1912  2.0
11  Mo        324 0117  0.2 0743  2.1 1350  0.2 2007  2.0
12  Tu        324 0210  0.2 0834  2.1 1442  0.1 2100  2.1
13  We        324 0302  0.2 0925  2.1 1533  0.1 2151  2.1
14  Th        324 0354  0.2 1016  2.1 1623  0.1 2242  2.0
15  Fr        324 0445  0.2 1106  2.0 1712  0.2 2334  2.0
16  Sa        324 0538  0.3 1156  2.0 1803  0.3 9999  9.9
17  Su        324 0027  1.9 0632  0.4 1248  1.9 1854  0.4
18  Mo        324 0123  1.8 0728  0.5 1342  1.8 1949  0.5
19  Tu        324 0220  1.8 0827  0.6 1438  1.7 2047  0.5
20  We        324 0319  1.7 0927  0.6 1537  1.7 2146  0.6
21  Th        324 0416  1.7 1026  0.6 1636  1.6 2243  0.6
22  Fr        324 0510  1.7 1120  0.6 1731  1.7 2336  0.6
23  Sa        324 0558  1.7 1209  0.6 1820  1.7 9999  9.9
24  Su        324 0023  0.5 0643  1.8 1253  0.5 1905  1.7
25  Mo        324 0105  0.5 0724  1.8 1334  0.5 1946  1.8
26  Tu        324 0145  0.5 0802  1.8 1411  0.5 2025  1.8
27  We        324 0223  0.5 0839  1.8 1448  0.5 2103  1.8
28  Th        324 0300  0.5 0916  1.8 1524  0.4 2141  1.8
29  Fr        324 0339  0.5 0953  1.8 1602  0.4 2219  1.8
30  Sa        324 0419  0.5 1032  1.8 1641  0.4 2300  1.8
31  Su        324 0502  0.5 1113  1.8 1723  0.4 2344  1.8
 1  Mo        424 0549  0.6 1157  1.8 1808  0.5 9999  9.9
 2  Tu        424 0033  1.8 0639  0.6 1246  1.7 1859  0.5
 3  We        424 0128  1.8 0735  0.6 1341  1.7 1956  0.5
 4  Th        424 0227  1.8 0834  0.6 1443  1.7 2057  0.5
 5  Fr        424 0329  1.8 0936  0.5 1548  1.8 2200  0.4
 6  Sa        424 0429  1.9 1037  0.4 1653  1.8 2301  0.4
 7  Su        424 0527  1.9 1137  0.3 1754  1.9 9999  9.9
 8  Mo        424 0000  0.3 0623  2.0 1233  0.3 1852  2.0
 9  Tu        424 0056  0.3 0717  2.1 1327  0.2 1946  2.1
10  We        424 0149  0.2 0809  2.1 1418  0.1 2039  2.1
11  Th        424 0242  0.2 0900  2.1 1508  0.1 2130  2.1
12  Fr        424 0334  0.3 0951  2.0 1558  0.2 2221  2.0
13  Sa        424 0425  0.3 1041  2.0 1646  0.2 2311  2.0
14  Su        424 0517  0.4 1132  1.9 1736  0.3 9999  9.9
15  Mo        424 0003  1.9 0610  0.5 1223  1.8 1826  0.4
16  Tu        424 0056  1.8 0705  0.5 1316  1.7 1919  0.5
17  We        424 0151  1.8 0801  0.6 1411  1.7 2015  0.6
18  Th        424 0246  1.7 0858  0.6 1508  1.6 2112  0.6
19  Fr        424 0340  1.7 0953  0.6 1605  1.6 2209  0.6
20  Sa        424 0431  1.7 1045  0.6 1658  1.7 2301  0.6
21  Su        424 0519  1.7 1133  0.6 1747  1.7 2348  0.6
22  Mo        424 0603  1.7 1216  0.5 1833  1.7 9999  9.9
23  Tu        424 0031  0.6 0645  1.8 1257  0.5 1915  1.8
24  We        424 0112  0.5 0725  1.8 1336  0.5 1955  1.8
25  Th        424 0152  0.5 0805  1.8 1414  0.4 2035  1.8
26  Fr        424 0233  0.5 0844  1.8 1453  0.4 2115  1.9
27  Sa        424 0314  0.5 0925  1.8 1533  0.4 2157  1.9
28  Su        424 0358  0.5 1007  1.8 1615  0.4 2240  1.8
29  Mo        424 0443  0.5 1052  1.8 1700  0.4 2327  1.8
30  Tu        424 0532  0.5 1139  1.8 1748  0.4 9999  9.9
 1  We        524 0017  1.8 0624  0.5 1231  1.8 1840  0.4
 2  Th        524 0111  1.8 0719  0.5 1328  1.8 1936  0.5
 3  Fr        524 0208  1.8 0817  0.5 1429  1.8 2037  0.5
 4  Sa        524 0306  1.9 0916  0.4 1532  1.8 2139  0.4
 5  Su        524 0404  1.9 1016  0.4 1635  1.9 2239  0.4
 6  Mo        524 0501  2.0 1113  0.3 1735  1.9 2338  0.4
 7  Tu        524 0557  2.0 1209  0.2 1832  2.0 9999  9.9
 8  We        524 0034  0.3 0651  2.0 1303  0.2 1926  2.0
 9  Th        524 0129  0.3 0744  2.0 1354  0.2 2018  2.1
10  Fr        524 0222  0.3 0836  2.0 1444  0.2 2109  2.0
11  Sa        524 0314  0.3 0927  2.0 1533  0.2 2158  2.0
12  Su        524 0405  0.4 1017  1.9 1621  0.3 2248  2.0
13  Mo        524 0456  0.4 1107  1.8 1708  0.4 2337  1.9
14  Tu        524 0547  0.5 1156  1.8 1757  0.5 9999  9.9
15  We        524 0027  1.8 0638  0.5 1247  1.7 1847  0.5
16  Th        524 0117  1.8 0730  0.6 1339  1.7 1939  0.6
17  Fr        524 0207  1.7 0821  0.6 1433  1.6 2033  0.6
18  Sa        524 0257  1.7 0912  0.6 1527  1.6 2127  0.6
19  Su        524 0346  1.7 1002  0.6 1620  1.7 2219  0.6
20  Mo        524 0433  1.7 1049  0.6 1710  1.7 2307  0.6
21  Tu        524 0519  1.7 1134  0.5 1757  1.7 2353  0.6
22  We        524 0603  1.7 1218  0.5 1841  1.8 9999  9.9
23  Th        524 0038  0.6 0647  1.8 1300  0.4 1925  1.8
24  Fr        524 0121  0.5 0731  1.8 1342  0.4 2007  1.9
25  Sa        524 0206  0.5 0815  1.8 1424  0.4 2051  1.9
26  Su        524 0251  0.5 0900  1.8 1508  0.3 2136  1.9
27  Mo        524 0338  0.5 0947  1.8 1553  0.3 2222  1.9
28  Tu        524 0427  0.5 1035  1.8 1640  0.3 2311  1.9
29  We        524 0517  0.4 1126  1.8 1730  0.4 9999  9.9
30  Th        524 0001  1.9 0609  0.4 1219  1.8 1823  0.4
31  Fr        524 0054  1.9 0703  0.4 1315  1.8 1919  0.4
 1  Sa        624 0149  1.9 0759  0.4 1415  1.8 2018  0.4
 2  Su        624 0244  1.9 0856  0.4 1516  1.8 2119  0.4
 3  Mo        624 0341  1.9 0953  0.3 1617  1.9 2219  0.4
 4  Tu        624 0437  1.9 1051  0.3 1716  1.9 2318  0.4
 5  We        624 0533  1.9 1146  0.2 1812  1.9 9999  9.9
 6  Th        624 0015  0.4 0628  1.9 1240  0.2 1906  2.0
 7  Fr        624 0110  0.4 0722  1.9 1331  0.2 1958  2.0
 8  Sa        624 0203  0.4 0814  1.9 1421  0.2 2048  2.0
 9  Su        624 0254  0.4 0905  1.9 1509  0.3 2136  2.0
10  Mo        624 0344  0.4 0953  1.8 1555  0.3 2223  1.9
11  Tu        624 0432  0.5 1041  1.8 1640  0.4 2309  1.9
12  We        624 0520  0.5 1127  1.7 1726  0.5 2354  1.8
13  Th        624 0606  0.5 1214  1.7 1812  0.5 9999  9.9
14  Fr        624 0039  1.8 0652  0.5 1302  1.7 1900  0.6
15  Sa        624 0125  1.7 0739  0.6 1352  1.6 1949  0.6
16  Su        624 0211  1.7 0826  0.6 1444  1.6 2041  0.6
17  Mo        624 0258  1.7 0914  0.6 1536  1.6 2133  0.7
18  Tu        624 0345  1.7 1002  0.5 1628  1.7 2224  0.6
19  We        624 0433  1.7 1051  0.5 1718  1.7 2314  0.6
20  Th        624 0522  1.7 1138  0.5 1807  1.8 9999  9.9
21  Fr        624 0003  0.6 0611  1.7 1225  0.4 1854  1.8
22  Sa        624 0052  0.5 0700  1.8 1312  0.4 1941  1.9
23  Su        624 0140  0.5 0749  1.8 1358  0.3 2027  1.9
24  Mo        624 0229  0.4 0839  1.8 1445  0.3 2115  1.9
25  Tu        624 0319  0.4 0929  1.8 1533  0.3 2203  2.0
26  We        624 0409  0.4 1019  1.9 1622  0.3 2253  2.0
27  Th        624 0500  0.3 1111  1.9 1713  0.3 2343  2.0
28  Fr        624 0551  0.3 1204  1.8 1806  0.3 9999  9.9
29  Sa        624 0035  2.0 0644  0.3 1300  1.8 1901  0.4
30  Su        624 0128  1.9 0738  0.3 1358  1.8 2000  0.4
