073Tauranga
Based on data from  1-Jul-2003
NZST, tidal heights in metres.
 1  Th        115 0331  1.7 0933  0.4 1552  1.8 2204  0.2
 2  Fr        115 0431  1.7 1033  0.4 1649  1.8 2301  0.2
 3  Sa        115 0528  1.8 1131  0.4 1744  1.7 2355  0.2
 4  Su        115 0621  1.8 1225  0.4 1836  1.7 9999  9.9
 5  Mo        115 0045  0.2 0711  1.8 1315  0.4 1926  1.7
 6  Tu        115 0132  0.2 0757  1.8 1403  0.3 2012  1.7
 7  We        115 0216  0.2 0840  1.8 1447  0.3 2055  1.7
 8  Th        115 0258  0.2 0921  1.8 1529  0.3 2137  1.7
 9  Fr        115 0338  0.3 1001  1.8 1609  0.4 2217  1.7
10  Sa        115 0417  0.3 1039  1.8 1649  0.4 2256  1.7
11  Su        115 0456  0.3 1118  1.8 1728  0.4 2337  1.6
12  Mo        115 0536  0.4 1157  1.7 1808  0.4 9999  9.9
13  Tu        115 0019  1.6 0619  0.4 1238  1.7 1851  0.4
14  We        115 0104  1.6 0705  0.5 1321  1.7 1936  0.4
15  Th        115 0154  1.6 0755  0.5 1409  1.7 2027  0.4
16  Fr        115 0249  1.6 0849  0.5 1501  1.7 2121  0.4
17  Sa        115 0347  1.6 0947  0.5 1558  1.7 2217  0.3
18  Su        115 0446  1.7 1046  0.4 1656  1.7 2314  0.3
19  Mo        115 0543  1.8 1144  0.4 1755  1.8 9999  9.9
20  Tu        115 0010  0.2 0638  1.9 1240  0.3 1852  1.8
21  We        115 0103  0.1 0731  1.9 1335  0.2 1947  1.9
22  Th        115 0156  0.1 0823  2.0 1428  0.1 2041  1.9
23  Fr        115 0247  0.0 0914  2.1 1520  0.1 2134  2.0
24  Sa        115 0339  0.0 1005  2.1 1612  0.1 2227  2.0
25  Su        115 0430  0.0 1057  2.1 1704  0.1 2320  1.9
26  Mo        115 0523  0.1 1149  2.0 1756  0.1 9999  9.9
27  Tu        115 0014  1.9 0617  0.2 1242  2.0 1849  0.2
28  We        115 0111  1.8 0713  0.3 1336  1.9 1944  0.2
29  Th        115 0209  1.8 0811  0.4 1432  1.8 2041  0.3
30  Fr        115 0309  1.7 0911  0.4 1529  1.7 2139  0.3
31  Sa        115 0408  1.7 1011  0.4 1626  1.7 2237  0.3
 1  Su        215 0505  1.7 1109  0.5 1722  1.7 2331  0.3
 2  Mo        215 0558  1.7 1203  0.4 1814  1.7 9999  9.9
 3  Tu        215 0022  0.3 0647  1.8 1253  0.4 1903  1.7
 4  We        215 0108  0.3 0732  1.8 1339  0.4 1948  1.7
 5  Th        215 0151  0.3 0814  1.8 1421  0.4 2030  1.7
 6  Fr        215 0232  0.3 0854  1.8 1501  0.4 2111  1.7
 7  Sa        215 0311  0.3 0932  1.8 1540  0.4 2149  1.7
 8  Su        215 0349  0.3 1009  1.8 1617  0.4 2227  1.7
 9  Mo        215 0427  0.4 1046  1.8 1655  0.4 2306  1.7
10  Tu        215 0506  0.4 1123  1.8 1734  0.4 2346  1.7
11  We        215 0548  0.4 1203  1.7 1815  0.4 9999  9.9
12  Th        215 0030  1.7 0633  0.5 1246  1.7 1900  0.4
13  Fr        215 0118  1.6 0722  0.5 1333  1.7 1951  0.4
14  Sa        215 0212  1.6 0817  0.5 1426  1.7 2046  0.4
15  Su        215 0311  1.7 0916  0.5 1525  1.7 2145  0.4
16  Mo        215 0413  1.7 1017  0.4 1628  1.7 2245  0.3
17  Tu        215 0513  1.8 1118  0.4 1730  1.8 2344  0.2
18  We        215 0611  1.9 1216  0.3 1830  1.9 9999  9.9
19  Th        215 0041  0.1 0707  2.0 1313  0.2 1928  1.9
20  Fr        215 0135  0.1 0800  2.0 1407  0.1 2023  2.0
21  Sa        215 0228  0.0 0853  2.1 1500  0.0 2116  2.0
22  Su        215 0320  0.0 0945  2.1 1551  0.0 2209  2.0
23  Mo        215 0412  0.1 1036  2.1 1642  0.0 2301  2.0
24  Tu        215 0505  0.1 1127  2.0 1734  0.1 2354  1.9
25  We        215 0558  0.2 1219  1.9 1826  0.2 9999  9.9
26  Th        215 0049  1.9 0653  0.3 1313  1.9 1919  0.3
27  Fr        215 0145  1.8 0750  0.4 1407  1.8 2015  0.3
28  Sa        215 0243  1.7 0848  0.5 1504  1.7 2112  0.4
 1  Su        315 0341  1.7 0947  0.5 1601  1.7 2210  0.4
 2  Mo        315 0437  1.7 1044  0.5 1656  1.7 2304  0.4
 3  Tu        315 0529  1.7 1137  0.5 1749  1.7 2355  0.4
 4  We        315 0617  1.7 1226  0.5 1837  1.7 9999  9.9
 5  Th        315 0041  0.4 0702  1.8 1311  0.4 1922  1.7
 6  Fr        315 0124  0.4 0744  1.8 1352  0.4 2004  1.8
 7  Sa        315 0204  0.4 0823  1.8 1431  0.4 2044  1.8
 8  Su        315 0243  0.4 0901  1.8 1509  0.4 2122  1.8
 9  Mo        315 0321  0.4 0939  1.8 1546  0.4 2200  1.8
10  Tu        315 0400  0.4 1016  1.8 1624  0.4 2239  1.8
11  We        315 0440  0.4 1054  1.8 1703  0.4 2319  1.7
12  Th        315 0522  0.4 1134  1.8 1745  0.4 9999  9.9
13  Fr        315 0002  1.7 0608  0.4 1217  1.7 1831  0.4
14  Sa        315 0050  1.7 0657  0.4 1306  1.7 1922  0.4
15  Su        315 0144  1.7 0752  0.5 1400  1.7 2018  0.4
16  Mo        315 0243  1.7 0851  0.4 1501  1.7 2118  0.4
17  Tu        315 0345  1.8 0953  0.4 1605  1.8 2220  0.3
18  We        315 0446  1.8 1054  0.3 1709  1.8 2320  0.2
19  Th        315 0546  1.9 1154  0.2 1811  1.9 9999  9.9
20  Fr        315 0019  0.2 0642  2.0 1251  0.2 1908  2.0
21  Sa        315 0115  0.1 0737  2.1 1345  0.1 2004  2.0
22  Su        315 0208  0.1 0830  2.1 1438  0.0 2057  2.1
23  Mo        315 0301  0.1 0922  2.1 1529  0.0 2149  2.1
24  Tu        315 0353  0.1 1014  2.1 1619  0.1 2240  2.0
25  We        315 0445  0.2 1105  2.0 1709  0.1 2332  2.0
26  Th        315 0537  0.2 1156  1.9 1800  0.2 9999  9.9
27  Fr        315 0025  1.9 0631  0.3 1248  1.8 1852  0.3
28  Sa        315 0119  1.8 0726  0.4 1341  1.7 1946  0.4
29  Su        315 0214  1.8 0822  0.5 1436  1.7 2041  0.5
30  Mo        315 0309  1.7 0918  0.5 1532  1.6 2137  0.5
31  Tu        315 0403  1.7 1013  0.5 1626  1.6 2232  0.5
 1  We        415 0454  1.7 1105  0.5 1718  1.7 2323  0.5
 2  Th        415 0542  1.7 1153  0.5 1807  1.7 9999  9.9
 3  Fr        415 0010  0.5 0627  1.7 1237  0.4 1852  1.7
 4  Sa        415 0053  0.4 0709  1.8 1319  0.4 1935  1.8
 5  Su        415 0134  0.4 0750  1.8 1358  0.4 2015  1.8
 6  Mo        415 0214  0.4 0830  1.8 1437  0.4 2055  1.8
 7  Tu        415 0254  0.4 0909  1.8 1515  0.3 2134  1.8
 8  We        415 0334  0.4 0948  1.8 1555  0.3 2214  1.8
 9  Th        415 0416  0.4 1028  1.8 1636  0.3 2256  1.8
10  Fr        415 0501  0.4 1110  1.8 1720  0.3 2341  1.8
11  Sa        415 0548  0.4 1156  1.8 1807  0.3 9999  9.9
12  Su        415 0030  1.8 0639  0.4 1247  1.8 1859  0.4
13  Mo        415 0124  1.8 0733  0.4 1343  1.8 1955  0.4
14  Tu        415 0222  1.8 0832  0.4 1444  1.8 2056  0.3
15  We        415 0322  1.8 0932  0.3 1548  1.8 2158  0.3
16  Th        415 0423  1.9 1033  0.3 1651  1.9 2259  0.3
17  Fr        415 0522  1.9 1132  0.2 1752  1.9 2358  0.2
18  Sa        415 0619  2.0 1229  0.1 1849  2.0 9999  9.9
19  Su        415 0054  0.2 0714  2.0 1323  0.1 1944  2.0
20  Mo        415 0149  0.1 0807  2.0 1415  0.1 2037  2.1
21  Tu        415 0241  0.1 0859  2.0 1506  0.1 2128  2.1
22  We        415 0333  0.2 0950  2.0 1555  0.1 2218  2.0
23  Th        415 0424  0.2 1040  1.9 1644  0.2 2308  2.0
24  Fr        415 0515  0.3 1130  1.9 1733  0.3 2359  1.9
25  Sa        415 0607  0.4 1221  1.8 1822  0.3 9999  9.9
26  Su        415 0049  1.8 0658  0.4 1312  1.7 1913  0.4
27  Mo        415 0141  1.8 0751  0.5 1404  1.7 2006  0.5
28  Tu        415 0232  1.7 0843  0.5 1458  1.6 2100  0.5
29  We        415 0323  1.7 0936  0.5 1551  1.6 2153  0.5
30  Th        415 0413  1.7 1026  0.5 1643  1.7 2244  0.5
 1  Fr        515 0501  1.7 1114  0.5 1732  1.7 2332  0.5
 2  Sa        515 0547  1.7 1159  0.4 1819  1.7 9999  9.9
 3  Su        515 0018  0.5 0631  1.7 1242  0.4 1903  1.8
 4  Mo        515 0101  0.4 0714  1.8 1324  0.4 1946  1.8
 5  Tu        515 0144  0.4 0757  1.8 1405  0.3 2027  1.8
 6  We        515 0227  0.4 0839  1.8 1447  0.3 2109  1.9
 7  Th        515 0310  0.4 0922  1.8 1529  0.3 2152  1.9
 8  Fr        515 0355  0.4 1006  1.8 1613  0.3 2237  1.9
 9  Sa        515 0442  0.4 1051  1.8 1659  0.3 2323  1.9
10  Su        515 0531  0.3 1140  1.8 1748  0.3 9999  9.9
11  Mo        515 0014  1.9 0622  0.3 1233  1.8 1841  0.3
12  Tu        515 0107  1.9 0717  0.3 1329  1.8 1937  0.3
13  We        515 0204  1.9 0814  0.3 1430  1.8 2037  0.3
14  Th        515 0302  1.9 0913  0.3 1532  1.8 2138  0.3
15  Fr        515 0401  1.9 1013  0.2 1634  1.9 2239  0.3
16  Sa        515 0500  1.9 1111  0.2 1734  1.9 2338  0.3
17  Su        515 0556  1.9 1207  0.1 1831  2.0 9999  9.9
18  Mo        515 0035  0.2 0651  2.0 1301  0.1 1925  2.0
19  Tu        515 0129  0.2 0745  2.0 1353  0.1 2016  2.0
20  We        515 0221  0.2 0836  1.9 1442  0.1 2106  2.0
21  Th        515 0312  0.2 0926  1.9 1530  0.2 2155  2.0
22  Fr        515 0402  0.3 1015  1.9 1618  0.2 2243  1.9
23  Sa        515 0451  0.3 1103  1.8 1704  0.3 2330  1.9
24  Su        515 0539  0.4 1151  1.7 1751  0.4 9999  9.9
25  Mo        515 0017  1.8 0627  0.4 1239  1.7 1838  0.4
26  Tu        515 0104  1.8 0715  0.5 1328  1.7 1927  0.5
27  We        515 0152  1.7 0804  0.5 1419  1.6 2018  0.5
28  Th        515 0239  1.7 0853  0.5 1511  1.6 2109  0.6
29  Fr        515 0328  1.7 0942  0.5 1603  1.6 2201  0.6
30  Sa        515 0416  1.7 1030  0.5 1653  1.7 2251  0.5
31  Su        515 0504  1.7 1118  0.4 1742  1.7 2339  0.5
 1  Mo        615 0551  1.7 1204  0.4 1829  1.8 9999  9.9
 2  Tu        615 0027  0.5 0638  1.8 1249  0.3 1915  1.8
 3  We        615 0114  0.4 0725  1.8 1334  0.3 2000  1.9
 4  Th        615 0200  0.4 0811  1.8 1419  0.2 2045  1.9
 5  Fr        615 0247  0.3 0858  1.8 1505  0.2 2131  1.9
 6  Sa        615 0335  0.3 0946  1.8 1552  0.2 2218  1.9
 7  Su        615 0424  0.3 1035  1.8 1640  0.2 2307  1.9
 8  Mo        615 0514  0.3 1126  1.8 1731  0.2 2358  1.9
 9  Tu        615 0606  0.3 1219  1.8 1824  0.3 9999  9.9
10  We        615 0051  1.9 0700  0.3 1316  1.8 1920  0.3
11  Th        615 0147  1.9 0757  0.2 1416  1.8 2019  0.3
12  Fr        615 0244  1.9 0854  0.2 1517  1.8 2120  0.3
13  Sa        615 0341  1.9 0953  0.2 1618  1.8 2221  0.3
14  Su        615 0439  1.9 1051  0.2 1717  1.9 2320  0.3
15  Mo        615 0536  1.9 1147  0.2 1813  1.9 9999  9.9
16  Tu        615 0016  0.3 0631  1.9 1240  0.2 1905  1.9
17  We        615 0110  0.3 0724  1.9 1331  0.2 1956  1.9
18  Th        615 0202  0.3 0814  1.9 1419  0.2 2044  1.9
19  Fr        615 0251  0.3 0903  1.8 1506  0.2 2130  1.9
20  Sa        615 0338  0.3 0949  1.8 1551  0.3 2215  1.9
21  Su        615 0424  0.3 1035  1.8 1635  0.3 2259  1.8
22  Mo        615 0509  0.4 1119  1.7 1718  0.4 2342  1.8
23  Tu        615 0553  0.4 1204  1.7 1802  0.4 9999  9.9
24  We        615 0025  1.8 0637  0.4 1250  1.6 1847  0.5
25  Th        615 0109  1.7 0721  0.5 1337  1.6 1935  0.5
26  Fr        615 0154  1.7 0807  0.5 1427  1.6 2025  0.5
27  Sa        615 0241  1.7 0856  0.5 1519  1.6 2116  0.6
28  Su        615 0330  1.7 0945  0.5 1612  1.6 2209  0.5
29  Mo        615 0421  1.7 1036  0.4 1704  1.7 2302  0.5
30  Tu        615 0512  1.7 1127  0.4 1755  1.7 2353  0.4
 1  We        715 0604  1.7 1217  0.3 1844  1.8 9999  9.9
 2  Th        715 0044  0.4 0655  1.8 1306  0.2 1932  1.9
 3  Fr        715 0135  0.3 0746  1.8 1354  0.2 2021  1.9
 4  Sa        715 0225  0.3 0836  1.9 1443  0.1 2109  2.0
 5  Su        715 0315  0.2 0927  1.9 1532  0.1 2158  2.0
 6  Mo        715 0405  0.2 1018  1.9 1622  0.1 2248  2.0
 7  Tu        715 0456  0.2 1110  1.9 1713  0.2 2340  2.0
 8  We        715 0548  0.2 1204  1.9 1807  0.2 9999  9.9
 9  Th        715 0033  2.0 0642  0.2 1301  1.8 1903  0.3
10  Fr        715 0128  1.9 0737  0.2 1400  1.8 2002  0.3
11  Sa        715 0225  1.9 0834  0.2 1500  1.8 2103  0.3
12  Su        715 0322  1.8 0933  0.2 1600  1.8 2203  0.4
13  Mo        715 0420  1.8 1031  0.2 1659  1.8 2302  0.4
14  Tu        715 0517  1.8 1127  0.2 1754  1.8 2359  0.4
15  We        715 0612  1.8 1220  0.2 1846  1.9 9999  9.9
16  Th        715 0052  0.3 0704  1.8 1310  0.2 1934  1.9
17  Fr        715 0141  0.3 0753  1.8 1356  0.2 2020  1.9
18  Sa        715 0228  0.3 0839  1.8 1441  0.2 2104  1.9
19  Su        715 0313  0.3 0923  1.8 1523  0.3 2146  1.8
20  Mo        715 0355  0.3 1005  1.7 1605  0.3 2226  1.8
21  Tu        715 0436  0.4 1047  1.7 1646  0.4 2306  1.8
22  We        715 0517  0.4 1128  1.7 1727  0.4 2346  1.7
23  Th        715 0557  0.4 1211  1.6 1809  0.4 9999  9.9
24  Fr        715 0027  1.7 0639  0.4 1256  1.6 1855  0.5
25  Sa        715 0111  1.7 0724  0.4 1344  1.6 1943  0.5
26  Su        715 0157  1.7 0811  0.4 1436  1.6 2035  0.5
27  Mo        715 0247  1.6 0903  0.4 1531  1.6 2130  0.5
28  Tu        715 0341  1.7 0957  0.4 1626  1.7 2226  0.5
29  We        715 0436  1.7 1052  0.3 1721  1.7 2322  0.4
30  Th        715 0533  1.7 1146  0.3 1814  1.8 9999  9.9
31  Fr        715 0017  0.3 0628  1.8 1239  0.2 1905  1.9
 1  Sa        815 0110  0.2 0722  1.9 1330  0.1 1956  2.0
 2  Su        815 0202  0.2 0815  1.9 1421  0.1 2046  2.0
 3  Mo        815 0253  0.1 0907  1.9 1512  0.0 2137  2.0
 4  Tu        815 0344  0.1 1000  2.0 1603  0.1 2228  2.0
 5  We        815 0436  0.1 1052  1.9 1655  0.1 2320  2.0
 6  Th        815 0528  0.1 1146  1.9 1749  0.2 9999  9.9
 7  Fr        815 0013  2.0 0621  0.1 1243  1.9 1845  0.2
 8  Sa        815 0108  1.9 0716  0.2 1341  1.8 1944  0.3
 9  Su        815 0204  1.8 0813  0.2 1441  1.8 2044  0.4
10  Mo        815 0302  1.8 0911  0.3 1541  1.8 2145  0.4
11  Tu        815 0401  1.7 1010  0.3 1639  1.8 2244  0.4
12  We        815 0458  1.7 1106  0.3 1734  1.8 2340  0.4
13  Th        815 0553  1.7 1159  0.3 1824  1.8 9999  9.9
14  Fr        815 0032  0.4 0643  1.7 1248  0.3 1911  1.8
15  Sa        815 0119  0.3 0730  1.7 1333  0.3 1954  1.8
16  Su        815 0203  0.3 0814  1.7 1416  0.3 2036  1.8
17  Mo        815 0245  0.3 0856  1.7 1456  0.3 2115  1.8
18  Tu        815 0325  0.3 0936  1.7 1535  0.3 2153  1.8
19  We        815 0403  0.3 1015  1.7 1614  0.3 2231  1.8
20  Th        815 0441  0.3 1054  1.7 1654  0.4 2309  1.7
21  Fr        815 0520  0.4 1135  1.7 1735  0.4 2349  1.7
22  Sa        815 0600  0.4 1218  1.6 1819  0.4 9999  9.9
23  Su        815 0031  1.7 0644  0.4 1305  1.6 1907  0.5
24  Mo        815 0118  1.6 0732  0.4 1356  1.6 2000  0.5
25  Tu        815 0209  1.6 0825  0.4 1452  1.6 2056  0.5
26  We        815 0305  1.6 0921  0.4 1551  1.7 2155  0.4
27  Th        815 0405  1.7 1020  0.3 1648  1.7 2253  0.3
28  Fr        815 0505  1.7 1118  0.2 1744  1.8 2351  0.3
29  Sa        815 0604  1.8 1213  0.2 1839  1.9 9999  9.9
30  Su        815 0046  0.2 0700  1.9 1307  0.1 1931  2.0
31  Mo        815 0139  0.1 0755  1.9 1400  0.0 2023  2.0
 1  Tu        915 0231  0.0 0848  2.0 1452  0.0 2115  2.1
 2  We        915 0323  0.0 0940  2.0 1544  0.0 2206  2.0
 3  Th        915 0414  0.0 1033  2.0 1637  0.1 2258  2.0
 4  Fr        915 0505  0.0 1127  1.9 1731  0.1 2351  1.9
 5  Sa        915 0558  0.1 1222  1.9 1826  0.2 9999  9.9
 6  Su        915 0046  1.8 0652  0.2 1319  1.8 1924  0.3
 7  Mo        915 0142  1.8 0748  0.2 1418  1.8 2024  0.4
 8  Tu        915 0241  1.7 0847  0.3 1518  1.7 2124  0.4
 9  We        915 0339  1.7 0946  0.3 1615  1.7 2223  0.4
10  Th        915 0437  1.6 1042  0.4 1708  1.7 2318  0.4
11  Fr        915 0531  1.6 1135  0.3 1758  1.7 9999  9.9
12  Sa        915 0008  0.4 0620  1.7 1223  0.3 1843  1.7
13  Su        915 0054  0.3 0706  1.7 1308  0.3 1926  1.8
14  Mo        915 0136  0.3 0749  1.7 1349  0.3 2006  1.8
15  Tu        915 0215  0.3 0829  1.7 1428  0.3 2044  1.8
16  We        915 0253  0.3 0908  1.7 1507  0.3 2121  1.8
17  Th        915 0330  0.3 0946  1.7 1545  0.3 2158  1.7
18  Fr        915 0407  0.3 1024  1.7 1624  0.4 2236  1.7
19  Sa        915 0446  0.3 1103  1.7 1706  0.4 2316  1.7
20  Su        915 0526  0.3 1145  1.7 1750  0.4 2358  1.7
21  Mo        915 0610  0.3 1231  1.6 1838  0.4 9999  9.9
22  Tu        915 0045  1.6 0658  0.3 1323  1.6 1930  0.4
23  We        915 0137  1.6 0752  0.4 1419  1.7 2027  0.4
24  Th        915 0236  1.6 0850  0.3 1519  1.7 2127  0.4
25  Fr        915 0338  1.7 0951  0.3 1619  1.8 2227  0.3
26  Sa        915 0441  1.7 1052  0.2 1717  1.8 2326  0.2
27  Su        915 0542  1.8 1150  0.1 1813  1.9 9999  9.9
28  Mo        915 0022  0.1 0640  1.9 1246  0.1 1907  2.0
29  Tu        915 0117  0.0 0735  2.0 1340  0.0 2000  2.0
30  We        915 0209 -0.1 0828  2.0 1432  0.0 2052  2.0
 1  Th       1015 0300 -0.1 0921  2.0 1525  0.0 2144  2.0
 2  Fr       1015 0351 -0.1 1013  2.0 1618  0.1 2236  2.0
 3  Sa       1015 0442  0.0 1106  2.0 1711  0.1 2328  1.9
 4  Su       1015 0534  0.1 1159  1.9 1805  0.2 9999  9.9
 5  Mo       1015 0022  1.8 0626  0.2 1255  1.8 1902  0.3
 6  Tu       1015 0118  1.7 0721  0.3 1351  1.7 2000  0.4
 7  We       1015 0215  1.6 0818  0.3 1449  1.7 2058  0.4
 8  Th       1015 0313  1.6 0916  0.4 1544  1.7 2155  0.4
 9  Fr       1015 0410  1.6 1013  0.4 1637  1.7 2249  0.4
10  Sa       1015 0504  1.6 1106  0.4 1725  1.7 2338  0.4
11  Su       1015 0553  1.6 1154  0.4 1811  1.7 9999  9.9
12  Mo       1015 0023  0.3 0638  1.7 1239  0.4 1853  1.7
13  Tu       1015 0105  0.3 0721  1.7 1320  0.3 1933  1.7
14  We       1015 0144  0.3 0801  1.7 1400  0.3 2012  1.7
15  Th       1015 0222  0.3 0840  1.7 1439  0.3 2051  1.7
16  Fr       1015 0259  0.2 0919  1.8 1518  0.3 2129  1.7
17  Sa       1015 0337  0.2 0957  1.7 1558  0.3 2208  1.7
18  Su       1015 0416  0.2 1037  1.7 1641  0.3 2248  1.7
19  Mo       1015 0458  0.3 1120  1.7 1726  0.4 2332  1.7
20  Tu       1015 0542  0.3 1206  1.7 1814  0.4 9999  9.9
21  We       1015 0019  1.6 0631  0.3 1256  1.7 1907  0.4
22  Th       1015 0113  1.6 0725  0.3 1352  1.7 2003  0.3
23  Fr       1015 0212  1.6 0824  0.3 1451  1.7 2103  0.3
24  Sa       1015 0316  1.7 0926  0.3 1551  1.8 2203  0.2
25  Su       1015 0420  1.7 1027  0.2 1651  1.8 2303  0.2
26  Mo       1015 0522  1.8 1127  0.2 1748  1.9 9999  9.9
27  Tu       1015 0000  0.1 0620  1.9 1225  0.1 1843  2.0
28  We       1015 0055  0.0 0716  2.0 1320  0.1 1937  2.0
29  Th       1015 0147 -0.1 0809  2.0 1413  0.0 2030  2.0
30  Fr       1015 0239 -0.1 0901  2.0 1506  0.1 2122  2.0
31  Sa       1015 0329  0.0 0953  2.0 1558  0.1 2213  1.9
 1  Su       1115 0419  0.0 1044  1.9 1650  0.2 2305  1.8
 2  Mo       1115 0508  0.1 1135  1.9 1743  0.2 2357  1.8
 3  Tu       1115 0559  0.2 1227  1.8 1836  0.3 9999  9.9
 4  We       1115 0050  1.7 0651  0.3 1320  1.7 1931  0.4
 5  Th       1115 0144  1.6 0745  0.4 1414  1.7 2026  0.4
 6  Fr       1115 0240  1.6 0840  0.4 1506  1.6 2120  0.4
 7  Sa       1115 0335  1.6 0936  0.5 1557  1.6 2212  0.4
 8  Su       1115 0429  1.6 1029  0.5 1646  1.6 2302  0.4
 9  Mo       1115 0520  1.6 1119  0.4 1733  1.6 2347  0.4
10  Tu       1115 0607  1.6 1205  0.4 1817  1.7 9999  9.9
11  We       1115 0030  0.3 0651  1.7 1248  0.4 1859  1.7
12  Th       1115 0111  0.3 0733  1.7 1330  0.4 1941  1.7
13  Fr       1115 0151  0.2 0813  1.8 1411  0.3 2022  1.7
14  Sa       1115 0230  0.2 0854  1.8 1453  0.3 2102  1.7
15  Su       1115 0310  0.2 0934  1.8 1536  0.3 2144  1.7
16  Mo       1115 0351  0.2 1016  1.8 1620  0.3 2226  1.7
17  Tu       1115 0434  0.2 1059  1.8 1706  0.3 2312  1.7
18  We       1115 0520  0.2 1146  1.8 1755  0.3 9999  9.9
19  Th       1115 0001  1.7 0610  0.2 1236  1.8 1847  0.3
20  Fr       1115 0055  1.7 0704  0.3 1330  1.8 1943  0.3
21  Sa       1115 0154  1.7 0802  0.3 1428  1.8 2041  0.2
22  Su       1115 0257  1.7 0903  0.3 1527  1.8 2141  0.2
23  Mo       1115 0401  1.7 1005  0.3 1626  1.8 2240  0.1
24  Tu       1115 0503  1.8 1106  0.2 1725  1.9 2338  0.1
25  We       1115 0602  1.9 1205  0.2 1822  1.9 9999  9.9
26  Th       1115 0033  0.0 0658  1.9 1301  0.1 1917  1.9
27  Fr       1115 0127  0.0 0751  2.0 1355  0.1 2010  1.9
28  Sa       1115 0218  0.0 0842  2.0 1448  0.1 2101  1.9
29  Su       1115 0307  0.0 0932  2.0 1539  0.2 2151  1.9
30  Mo       1115 0355  0.1 1021  1.9 1629  0.2 2241  1.8
 1  Tu       1215 0443  0.1 1110  1.9 1718  0.3 2330  1.7
 2  We       1215 0530  0.2 1158  1.8 1808  0.3 9999  9.9
 3  Th       1215 0019  1.7 0619  0.3 1246  1.7 1857  0.4
 4  Fr       1215 0109  1.6 0708  0.4 1334  1.7 1947  0.4
 5  Sa       1215 0201  1.6 0759  0.5 1423  1.6 2037  0.4
 6  Su       1215 0254  1.5 0852  0.5 1512  1.6 2128  0.4
 7  Mo       1215 0348  1.5 0945  0.5 1601  1.6 2218  0.4
 8  Tu       1215 0440  1.6 1037  0.5 1649  1.6 2306  0.4
 9  We       1215 0530  1.6 1126  0.5 1737  1.6 2352  0.3
10  Th       1215 0617  1.7 1213  0.4 1824  1.7 9999  9.9
11  Fr       1215 0036  0.3 0702  1.7 1259  0.4 1909  1.7
12  Sa       1215 0120  0.2 0746  1.8 1344  0.4 1954  1.7
13  Su       1215 0202  0.2 0829  1.8 1429  0.3 2038  1.8
14  Mo       1215 0246  0.2 0912  1.8 1514  0.3 2123  1.8
15  Tu       1215 0329  0.2 0956  1.9 1600  0.3 2208  1.8
16  We       1215 0415  0.2 1041  1.9 1648  0.2 2256  1.8
17  Th       1215 0502  0.2 1128  1.9 1737  0.2 2346  1.8
18  Fr       1215 0552  0.2 1218  1.9 1829  0.2 9999  9.9
19  Sa       1215 0040  1.7 0646  0.2 1311  1.9 1923  0.2
20  Su       1215 0137  1.7 0743  0.3 1407  1.8 2020  0.2
21  Mo       1215 0239  1.7 0843  0.3 1505  1.8 2119  0.2
22  Tu       1215 0342  1.8 0946  0.3 1605  1.8 2219  0.2
23  We       1215 0445  1.8 1047  0.3 1704  1.8 2317  0.1
24  Th       1215 0544  1.8 1147  0.3 1802  1.8 9999  9.9
25  Fr       1215 0014  0.1 0640  1.9 1244  0.2 1858  1.8
26  Sa       1215 0107  0.1 0733  1.9 1338  0.2 1951  1.9
27  Su       1215 0157  0.1 0823  1.9 1429  0.2 2041  1.8
28  Mo       1215 0246  0.1 0911  1.9 1518  0.2 2129  1.8
29  Tu       1215 0332  0.1 0958  1.9 1606  0.2 2216  1.8
30  We       1215 0417  0.2 1042  1.9 1651  0.3 2301  1.7
31  Th       1215 0501  0.3 1126  1.8 1736  0.3 2346  1.7
