473Te Weka Bay
Based on data from  2-Jul-2022
Local Std Time, tidal heights in metres.
 1  Sa        723 0004  0.4 0638  1.1 1209  0.4 1926  1.1
 2  Su        723 0103  0.4 0735  1.1 1306  0.4 2026  1.2
 3  Mo        723 0153  0.3 0830  1.2 1403  0.4 2116  1.3
 4  Tu        723 0239  0.2 0924  1.2 1458  0.3 2201  1.4
 5  We        723 0324  0.2 1017  1.2 1550  0.3 2243  1.4
 6  Th        723 0407  0.1 1107  1.2 1637  0.3 2323  1.4
 7  Fr        723 0451  0.1 1154  1.2 1721  0.3 9999  9.9
 8  Sa        723 0004  1.4 0535  0.2 1237  1.2 1804  0.3
 9  Su        723 0046  1.4 0621  0.2 1319  1.2 1849  0.3
10  Mo        723 0131  1.3 0709  0.2 1400  1.1 1937  0.3
11  Tu        723 0222  1.2 0800  0.3 1445  1.1 2033  0.4
12  We        723 0320  1.2 0854  0.3 1537  1.1 2141  0.4
13  Th        723 0422  1.1 0949  0.4 1644  1.0 2257  0.5
14  Fr        723 0525  1.1 1047  0.4 1813  1.0 9999  9.9
15  Sa        723 0007  0.4 0625  1.1 1146  0.4 1940  1.1
16  Su        723 0107  0.4 0723  1.1 1247  0.4 2039  1.2
17  Mo        723 0158  0.3 0817  1.1 1347  0.4 2122  1.3
18  Tu        723 0242  0.3 0908  1.2 1443  0.4 2157  1.3
19  We        723 0322  0.2 0954  1.2 1531  0.3 2229  1.3
20  Th        723 0359  0.2 1035  1.2 1612  0.3 2258  1.4
21  Fr        723 0435  0.2 1113  1.3 1648  0.2 2326  1.4
22  Sa        723 0509  0.2 1147  1.3 1720  0.2 2354  1.4
23  Su        723 0543  0.2 1220  1.3 1752  0.2 9999  9.9
24  Mo        723 0023  1.3 0618  0.2 1253  1.3 1825  0.3
25  Tu        723 0056  1.3 0656  0.2 1327  1.2 1901  0.3
26  We        723 0134  1.2 0736  0.3 1404  1.2 1942  0.4
27  Th        723 0222  1.1 0821  0.3 1447  1.1 2037  0.4
28  Fr        723 0324  1.1 0914  0.4 1545  1.1 2156  0.5
29  Sa        723 0439  1.0 1017  0.5 1713  1.0 2325  0.5
30  Su        723 0558  1.0 1128  0.5 1859  1.1 9999  9.9
31  Mo        723 0039  0.4 0714  1.0 1242  0.5 2018  1.2
 1  Tu        823 0138  0.3 0828  1.1 1355  0.4 2112  1.3
 2  We        823 0228  0.2 0930  1.2 1457  0.3 2155  1.4
 3  Th        823 0313  0.2 1021  1.2 1546  0.3 2235  1.5
 4  Fr        823 0356  0.1 1104  1.3 1628  0.2 2312  1.5
 5  Sa        823 0437  0.1 1141  1.3 1706  0.2 2349  1.5
 6  Su        823 0517  0.1 1216  1.3 1744  0.2 9999  9.9
 7  Mo        823 0026  1.4 0557  0.1 1248  1.3 1822  0.2
 8  Tu        823 0104  1.4 0639  0.2 1320  1.2 1903  0.3
 9  We        823 0145  1.3 0721  0.2 1353  1.2 1949  0.3
10  Th        823 0232  1.2 0807  0.3 1430  1.1 2051  0.4
11  Fr        823 0329  1.1 0900  0.4 1521  1.0 2217  0.5
12  Sa        823 0436  1.0 1001  0.5 1707  1.0 2342  0.5
13  Su        823 0550  1.0 1113  0.5 1940  1.0 9999  9.9
14  Mo        823 0052  0.4 0705  1.0 1230  0.5 2037  1.1
15  Tu        823 0147  0.4 0813  1.1 1343  0.5 2115  1.2
16  We        823 0231  0.3 0907  1.2 1442  0.4 2147  1.3
17  Th        823 0310  0.2 0949  1.2 1524  0.3 2214  1.4
18  Fr        823 0344  0.2 1024  1.3 1558  0.2 2240  1.4
19  Sa        823 0415  0.1 1056  1.3 1627  0.2 2305  1.4
20  Su        823 0445  0.1 1125  1.4 1655  0.2 2330  1.4
21  Mo        823 0515  0.1 1153  1.4 1723  0.1 2356  1.4
22  Tu        823 0546  0.1 1221  1.4 1753  0.2 9999  9.9
23  We        823 0026  1.3 0619  0.2 1251  1.3 1826  0.2
24  Th        823 0059  1.3 0655  0.2 1323  1.3 1903  0.3
25  Fr        823 0139  1.2 0735  0.3 1359  1.2 1950  0.4
26  Sa        823 0232  1.1 0824  0.4 1447  1.1 2105  0.5
27  Su        823 0353  1.0 0931  0.5 1621  1.0 2257  0.5
28  Mo        823 0537  0.9 1102  0.6 1857  1.0 9999  9.9
29  Tu        823 0025  0.5 0724  1.0 1237  0.5 2016  1.2
30  We        823 0128  0.4 0840  1.1 1358  0.4 2103  1.3
31  Th        823 0217  0.2 0931  1.2 1453  0.3 2142  1.5
 1  Fr        923 0258  0.2 1010  1.3 1533  0.2 2217  1.5
 2  Sa        923 0337  0.1 1045  1.4 1609  0.1 2251  1.5
 3  Su        923 0415  0.1 1116  1.4 1643  0.1 2324  1.5
 4  Mo        923 0451  0.1 1145  1.4 1717  0.1 2356  1.5
 5  Tu        923 0528  0.1 1213  1.4 1752  0.1 9999  9.9
 6  We        923 0029  1.4 0605  0.1 1240  1.3 1827  0.2
 7  Th        923 0104  1.3 0643  0.2 1307  1.2 1907  0.3
 8  Fr        923 0143  1.1 0724  0.3 1335  1.2 2000  0.4
 9  Sa        923 0235  1.0 0812  0.4 1406  1.0 2136  0.6
10  Su        923 0350  0.9 0919  0.5 1516  0.9 2322  0.6
11  Mo        923 0525  0.9 1050  0.6 1938  1.0 9999  9.9
12  Tu        923 0039  0.5 0702  1.0 1225  0.6 2023  1.1
13  We        923 0134  0.4 0811  1.1 1343  0.5 2055  1.2
14  Th        923 0215  0.3 0856  1.2 1433  0.4 2123  1.3
15  Fr        923 0250  0.2 0932  1.3 1507  0.3 2149  1.4
16  Sa        923 0320  0.1 1002  1.4 1534  0.2 2213  1.4
17  Su        923 0348  0.1 1031  1.4 1600  0.1 2237  1.5
18  Mo        923 0416  0.1 1058  1.4 1626  0.1 2301  1.4
19  Tu        923 0444  0.1 1124  1.4 1654  0.1 2327  1.4
20  We        923 0514  0.1 1152  1.4 1724  0.1 2356  1.3
21  Th        923 0547  0.2 1221  1.4 1757  0.2 9999  9.9
22  Fr        923 0028  1.3 0622  0.2 1252  1.3 1834  0.2
23  Sa        923 0105  1.1 0701  0.3 1327  1.2 1920  0.4
24  Su        923 0155  1.0 0750  0.4 1413  1.1 2037  0.5
25  Mo        923 0324  0.9 0904  0.6 1558  1.0 2237  0.6
26  Tu        923 0544  0.9 1053  0.6 1856  1.0 9999  9.9
27  We        923 0010  0.5 0737  1.0 1238  0.5 1959  1.2
28  Th        923 0111  0.4 0833  1.1 1352  0.4 2041  1.4
29  Fr        923 0156  0.2 0913  1.3 1436  0.3 2118  1.5
30  Sa        923 0235  0.2 0948  1.4 1511  0.1 2151  1.5
 1  Su       1023 0312  0.1 1019  1.4 1544  0.1 2223  1.5
 2  Mo       1023 0348  0.1 1048  1.5 1617  0.0 2254  1.5
 3  Tu       1023 0423  0.1 1115  1.5 1650  0.0 2324  1.4
 4  We       1023 0458  0.1 1142  1.4 1723  0.1 2355  1.3
 5  Th       1023 0534  0.1 1207  1.4 1757  0.2 9999  9.9
 6  Fr       1023 0027  1.2 0610  0.2 1233  1.3 1834  0.3
 7  Sa       1023 0103  1.1 0649  0.3 1259  1.2 1921  0.4
 8  Su       1023 0150  1.0 0735  0.4 1328  1.1 2055  0.6
 9  Mo       1023 0310  0.9 0844  0.6 1416  0.9 2253  0.6
10  Tu       1023 0504  0.9 1030  0.6 1900  1.0 9999  9.9
11  We       1023 0012  0.5 0646  1.0 1211  0.6 1948  1.1
12  Th       1023 0106  0.4 0748  1.1 1323  0.5 2021  1.2
13  Fr       1023 0147  0.3 0830  1.2 1407  0.4 2049  1.3
14  Sa       1023 0220  0.2 0904  1.3 1438  0.3 2115  1.4
15  Su       1023 0249  0.2 0935  1.4 1505  0.2 2140  1.4
16  Mo       1023 0317  0.1 1003  1.4 1532  0.1 2206  1.4
17  Tu       1023 0346  0.1 1031  1.5 1600  0.1 2233  1.4
18  We       1023 0416  0.1 1059  1.5 1630  0.1 2302  1.4
19  Th       1023 0448  0.1 1129  1.4 1702  0.1 2333  1.3
20  Fr       1023 0522  0.2 1200  1.4 1738  0.1 9999  9.9
21  Sa       1023 0008  1.2 0600  0.3 1233  1.3 1818  0.3
22  Su       1023 0048  1.1 0642  0.4 1312  1.2 1909  0.4
23  Mo       1023 0143  1.0 0735  0.5 1405  1.1 2028  0.5
24  Tu       1023 0322  0.9 0855  0.6 1604  1.0 2213  0.5
25  We       1023 0544  0.9 1043  0.6 1822  1.1 2337  0.5
26  Th       1023 0715  1.0 1220  0.5 1925  1.2 9999  9.9
27  Fr       1023 0037  0.4 0807  1.2 1326  0.4 2009  1.3
28  Sa       1023 0123  0.3 0847  1.3 1409  0.2 2046  1.4
29  Su       1023 0204  0.2 0922  1.4 1446  0.1 2121  1.5
30  Mo       1023 0243  0.1 0954  1.4 1520  0.1 2154  1.5
31  Tu       1023 0320  0.1 1023  1.5 1554  0.1 2225  1.4
 1  We       1123 0357  0.1 1051  1.5 1627  0.1 2256  1.4
 2  Th       1123 0433  0.1 1118  1.4 1701  0.1 2328  1.3
 3  Fr       1123 0510  0.2 1144  1.4 1736  0.2 9999  9.9
 4  Sa       1123 0001  1.2 0547  0.3 1212  1.3 1815  0.3
 5  Su       1123 0039  1.1 0627  0.3 1241  1.2 1902  0.4
 6  Mo       1123 0127  1.0 0714  0.4 1315  1.1 2019  0.5
 7  Tu       1123 0241  0.9 0817  0.5 1413  1.0 2203  0.5
 8  We       1123 0422  0.9 0954  0.6 1732  1.0 2320  0.5
 9  Th       1123 0555  1.0 1130  0.6 1847  1.0 9999  9.9
10  Fr       1123 0017  0.4 0704  1.1 1241  0.5 1930  1.1
11  Sa       1123 0101  0.4 0752  1.2 1329  0.4 2005  1.2
12  Su       1123 0139  0.3 0831  1.3 1404  0.3 2036  1.3
13  Mo       1123 0212  0.2 0906  1.3 1435  0.2 2107  1.4
14  Tu       1123 0245  0.2 0938  1.4 1506  0.1 2138  1.4
15  We       1123 0319  0.2 1009  1.5 1538  0.1 2211  1.4
16  Th       1123 0354  0.2 1042  1.5 1612  0.1 2246  1.3
17  Fr       1123 0430  0.2 1115  1.4 1648  0.1 2323  1.2
18  Sa       1123 0509  0.2 1150  1.4 1728  0.2 9999  9.9
19  Su       1123 0004  1.2 0551  0.3 1228  1.3 1813  0.3
20  Mo       1123 0051  1.1 0637  0.4 1312  1.2 1907  0.4
21  Tu       1123 0152  1.0 0733  0.5 1413  1.1 2017  0.4
22  We       1123 0316  0.9 0846  0.5 1551  1.1 2137  0.5
23  Th       1123 0457  0.9 1016  0.5 1730  1.1 2250  0.4
24  Fr       1123 0626  1.0 1142  0.5 1838  1.2 2350  0.4
25  Sa       1123 0730  1.1 1249  0.4 1929  1.2 9999  9.9
26  Su       1123 0042  0.3 0819  1.2 1340  0.3 2012  1.3
27  Mo       1123 0129  0.3 0859  1.3 1422  0.2 2051  1.3
28  Tu       1123 0214  0.2 0934  1.4 1500  0.1 2128  1.3
29  We       1123 0256  0.2 1006  1.4 1536  0.1 2203  1.3
30  Th       1123 0337  0.2 1036  1.4 1612  0.1 2238  1.3
 1  Fr       1223 0417  0.2 1105  1.4 1648  0.2 2314  1.2
 2  Sa       1223 0457  0.2 1134  1.4 1725  0.2 2351  1.2
 3  Su       1223 0536  0.3 1204  1.3 1805  0.3 9999  9.9
 4  Mo       1223 0032  1.1 0616  0.3 1236  1.2 1850  0.4
 5  Tu       1223 0118  1.1 0659  0.4 1313  1.1 1947  0.4
 6  We       1223 0213  1.0 0749  0.5 1407  1.1 2056  0.5
 7  Th       1223 0318  1.0 0854  0.5 1543  1.0 2205  0.5
 8  Fr       1223 0434  1.0 1019  0.6 1719  1.0 2305  0.5
 9  Sa       1223 0552  1.0 1139  0.5 1823  1.1 2358  0.4
10  Su       1223 0700  1.1 1241  0.5 1913  1.1 9999  9.9
11  Mo       1223 0046  0.4 0755  1.2 1328  0.4 1957  1.2
12  Tu       1223 0132  0.3 0840  1.3 1408  0.3 2038  1.2
13  We       1223 0216  0.3 0920  1.3 1446  0.2 2120  1.3
14  Th       1223 0300  0.3 0957  1.4 1523  0.1 2202  1.3
15  Fr       1223 0343  0.3 1034  1.4 1602  0.1 2245  1.3
16  Sa       1223 0425  0.2 1111  1.4 1642  0.1 2329  1.2
17  Su       1223 0507  0.3 1149  1.4 1724  0.2 9999  9.9
18  Mo       1223 0014  1.2 0550  0.3 1230  1.4 1810  0.2
19  Tu       1223 0100  1.1 0635  0.3 1315  1.3 1900  0.3
20  We       1223 0150  1.1 0724  0.4 1410  1.2 1956  0.3
21  Th       1223 0245  1.0 0822  0.4 1518  1.1 2056  0.4
22  Fr       1223 0350  1.0 0935  0.5 1633  1.1 2158  0.4
23  Sa       1223 0511  1.0 1056  0.5 1743  1.1 2259  0.4
24  Su       1223 0640  1.0 1211  0.4 1844  1.1 2357  0.4
25  Mo       1223 0753  1.1 1313  0.4 1938  1.2 9999  9.9
26  Tu       1223 0054  0.4 0845  1.2 1403  0.3 2027  1.2
27  We       1223 0150  0.4 0926  1.3 1446  0.2 2112  1.2
28  Th       1223 0242  0.3 1001  1.3 1525  0.2 2155  1.2
29  Fr       1223 0330  0.3 1033  1.4 1603  0.2 2235  1.2
30  Sa       1223 0413  0.3 1103  1.4 1640  0.2 2313  1.2
31  Su       1223 0452  0.2 1132  1.4 1716  0.2 2350  1.2
 1  Mo        124 0528  0.2 1201  1.3 1754  0.2 9999  9.9
 2  Tu        124 0027  1.2 0603  0.3 1231  1.3 1832  0.3
 3  We        124 0103  1.2 0638  0.3 1304  1.2 1913  0.3
 4  Th        124 0140  1.2 0715  0.4 1343  1.2 1957  0.4
 5  Fr        124 0221  1.1 0758  0.4 1434  1.1 2046  0.4
 6  Sa        124 0309  1.0 0854  0.5 1544  1.0 2141  0.4
 7  Su        124 0415  1.0 1017  0.5 1703  1.0 2242  0.5
 8  Mo        124 0544  1.0 1144  0.5 1815  1.0 2346  0.5
 9  Tu        124 0717  1.1 1252  0.5 1921  1.1 9999  9.9
10  We        124 0052  0.5 0824  1.2 1346  0.4 2022  1.1
11  Th        124 0157  0.4 0912  1.3 1432  0.3 2118  1.2
12  Fr        124 0256  0.4 0954  1.4 1515  0.2 2209  1.2
13  Sa        124 0344  0.3 1033  1.5 1556  0.1 2255  1.3
14  Su        124 0426  0.2 1110  1.5 1636  0.1 2337  1.3
15  Mo        124 0506  0.2 1147  1.5 1717  0.1 9999  9.9
16  Tu        124 0015  1.3 0544  0.2 1225  1.5 1759  0.1
17  We        124 0052  1.2 0623  0.2 1305  1.4 1842  0.2
18  Th        124 0128  1.2 0704  0.3 1349  1.3 1927  0.2
19  Fr        124 0205  1.2 0750  0.3 1439  1.2 2015  0.3
20  Sa        124 0247  1.1 0849  0.4 1539  1.1 2108  0.4
21  Su        124 0344  1.0 1008  0.5 1646  1.0 2207  0.5
22  Mo        124 0523  1.0 1135  0.5 1758  1.0 2313  0.5
23  Tu        124 0743  1.0 1251  0.5 1909  1.0 9999  9.9
24  We        124 0024  0.5 0846  1.1 1351  0.4 2016  1.1
25  Th        124 0137  0.5 0927  1.2 1439  0.3 2112  1.1
26  Fr        124 0243  0.4 1001  1.3 1519  0.2 2158  1.2
27  Sa        124 0333  0.3 1031  1.4 1556  0.2 2236  1.3
28  Su        124 0411  0.3 1058  1.4 1630  0.2 2310  1.3
29  Mo        124 0444  0.2 1124  1.4 1703  0.1 2341  1.3
30  Tu        124 0514  0.2 1149  1.4 1735  0.1 9999  9.9
31  We        124 0010  1.3 0542  0.2 1214  1.4 1806  0.2
 1  Th        224 0038  1.3 0611  0.2 1242  1.3 1838  0.2
 2  Fr        224 0107  1.3 0641  0.2 1312  1.3 1912  0.3
 3  Sa        224 0137  1.2 0714  0.3 1349  1.2 1950  0.3
 4  Su        224 0211  1.1 0755  0.4 1436  1.1 2035  0.4
 5  Mo        224 0254  1.1 0858  0.5 1546  1.0 2132  0.5
 6  Tu        224 0409  1.0 1044  0.6 1719  0.9 2250  0.6
 7  We        224 0638  1.0 1221  0.5 1858  1.0 9999  9.9
 8  Th        224 0022  0.6 0819  1.1 1330  0.4 2028  1.0
 9  Fr        224 0155  0.5 0908  1.3 1422  0.3 2129  1.2
10  Sa        224 0305  0.4 0948  1.4 1505  0.2 2215  1.3
11  Su        224 0345  0.3 1025  1.5 1545  0.1 2253  1.3
12  Mo        224 0419  0.2 1100  1.5 1623  0.1 2327  1.4
13  Tu        224 0453  0.1 1134  1.6 1701  0.1 2359  1.4
14  We        224 0526  0.1 1208  1.5 1739  0.1 9999  9.9
15  Th        224 0028  1.4 0601  0.1 1243  1.4 1816  0.1
16  Fr        224 0057  1.3 0637  0.2 1319  1.3 1855  0.2
17  Sa        224 0126  1.2 0717  0.3 1400  1.2 1937  0.3
18  Su        224 0155  1.2 0805  0.4 1448  1.1 2022  0.4
19  Mo        224 0227  1.1 0920  0.5 1553  1.0 2119  0.5
20  Tu        224 0325  0.9 1103  0.6 1717  0.9 2235  0.6
21  We        224 0748  1.0 1234  0.5 1853  0.9 9999  9.9
22  Th        224 0005  0.6 0842  1.1 1342  0.4 2020  1.0
23  Fr        224 0139  0.5 0918  1.2 1430  0.3 2113  1.1
24  Sa        224 0250  0.4 0948  1.3 1508  0.3 2152  1.2
25  Su        224 0329  0.3 1015  1.4 1542  0.2 2224  1.3
26  Mo        224 0358  0.2 1039  1.4 1612  0.1 2252  1.4
27  Tu        224 0424  0.2 1103  1.4 1641  0.1 2319  1.4
28  We        224 0450  0.1 1125  1.4 1708  0.1 2344  1.4
29  Th        224 0515  0.1 1149  1.4 1736  0.1 9999  9.9
 1  Fr        324 0010  1.4 0541  0.1 1214  1.4 1805  0.2
 2  Sa        324 0036  1.4 0609  0.2 1242  1.3 1836  0.2
 3  Su        324 0103  1.3 0641  0.2 1314  1.2 1911  0.3
 4  Mo        324 0133  1.2 0719  0.3 1353  1.1 1951  0.4
 5  Tu        324 0209  1.1 0812  0.5 1453  1.0 2045  0.5
 6  We        324 0305  1.0 1000  0.6 1640  0.9 2213  0.6
 7  Th        324 0610  0.9 1154  0.5 1901  0.9 9999  9.9
 8  Fr        324 0007  0.6 0805  1.1 1310  0.4 2032  1.0
 9  Sa        324 0158  0.5 0851  1.3 1403  0.3 2121  1.2
10  Su        324 0253  0.4 0929  1.4 1446  0.2 2159  1.3
11  Mo        324 0326  0.2 1004  1.5 1524  0.1 2233  1.4
12  Tu        324 0358  0.1 1038  1.6 1600  0.1 2304  1.4
13  We        324 0429  0.1 1110  1.6 1636  0.1 2333  1.4
14  Th        324 0502  0.0 1142  1.5 1712  0.1 9999  9.9
15  Fr        324 0000  1.4 0535  0.1 1215  1.4 1748  0.1
16  Sa        324 0027  1.4 0609  0.2 1248  1.3 1825  0.2
17  Su        324 0053  1.3 0646  0.3 1324  1.2 1903  0.3
18  Mo        324 0118  1.2 0730  0.4 1407  1.1 1946  0.4
19  Tu        324 0143  1.1 0842  0.5 1510  1.0 2043  0.5
20  We        324 0211  1.0 1036  0.6 1647  0.9 2210  0.6
21  Th        324 0726  0.9 1210  0.5 1843  0.9 2353  0.6
22  Fr        324 0816  1.1 1318  0.5 2005  1.0 9999  9.9
23  Sa        324 0131  0.5 0850  1.2 1405  0.4 2052  1.2
24  Su        324 0229  0.4 0918  1.3 1442  0.3 2127  1.3
25  Mo        324 0303  0.3 0944  1.4 1514  0.2 2157  1.3
26  Tu        324 0330  0.2 1009  1.4 1543  0.1 2225  1.4
27  We        324 0355  0.1 1032  1.4 1610  0.1 2251  1.4
28  Th        324 0420  0.1 1055  1.4 1637  0.1 2316  1.4
29  Fr        324 0445  0.1 1119  1.4 1704  0.1 2342  1.4
30  Sa        324 0513  0.1 1146  1.3 1734  0.2 9999  9.9
31  Su        324 0009  1.4 0543  0.1 1215  1.3 1807  0.2
 1  Mo        424 0038  1.3 0617  0.2 1249  1.2 1843  0.3
 2  Tu        424 0110  1.2 0658  0.3 1330  1.1 1926  0.4
 3  We        424 0148  1.1 0757  0.5 1433  0.9 2025  0.5
 4  Th        424 0253  1.0 0939  0.5 1630  0.9 2202  0.6
 5  Fr        424 0548  1.0 1123  0.5 1853  0.9 2353  0.6
 6  Sa        424 0729  1.1 1235  0.4 2007  1.1 9999  9.9
 7  Su        424 0122  0.5 0818  1.3 1328  0.3 2053  1.2
 8  Mo        424 0216  0.3 0858  1.4 1412  0.2 2131  1.3
 9  Tu        424 0254  0.2 0934  1.5 1452  0.2 2204  1.4
10  We        424 0328  0.1 1008  1.5 1530  0.1 2235  1.4
11  Th        424 0402  0.1 1041  1.5 1607  0.1 2304  1.5
12  Fr        424 0436  0.1 1113  1.4 1643  0.1 2332  1.4
13  Sa        424 0510  0.1 1146  1.3 1720  0.2 9999  9.9
14  Su        424 0000  1.4 0545  0.2 1219  1.2 1758  0.2
15  Mo        424 0026  1.3 0623  0.3 1256  1.1 1838  0.3
16  Tu        424 0054  1.2 0709  0.4 1341  1.0 1923  0.4
17  We        424 0124  1.1 0822  0.5 1447  1.0 2024  0.5
18  Th        424 0208  1.0 1006  0.6 1624  0.9 2154  0.6
19  Fr        424 0609  0.9 1131  0.5 1806  0.9 2331  0.6
20  Sa        424 0722  1.0 1233  0.4 1922  1.0 9999  9.9
21  Su        424 0052  0.5 0802  1.2 1321  0.4 2012  1.2
22  Mo        424 0147  0.4 0834  1.2 1400  0.3 2050  1.3
23  Tu        424 0224  0.3 0903  1.3 1435  0.2 2123  1.3
24  We        424 0254  0.2 0930  1.4 1505  0.2 2153  1.4
25  Th        424 0322  0.2 0956  1.4 1535  0.2 2221  1.4
26  Fr        424 0349  0.1 1023  1.4 1605  0.2 2249  1.4
27  Sa        424 0418  0.1 1052  1.3 1637  0.2 2318  1.4
28  Su        424 0450  0.1 1123  1.3 1710  0.2 2349  1.4
29  Mo        424 0525  0.2 1158  1.2 1747  0.3 9999  9.9
30  Tu        424 0022  1.3 0604  0.2 1239  1.1 1829  0.4
 1  We        524 0100  1.2 0652  0.3 1329  1.0 1918  0.4
 2  Th        524 0148  1.1 0756  0.4 1440  1.0 2024  0.5
 3  Fr        524 0307  1.0 0923  0.5 1623  0.9 2153  0.6
 4  Sa        524 0511  1.0 1045  0.5 1808  1.0 2325  0.5
 5  Su        524 0638  1.1 1150  0.4 1923  1.1 9999  9.9
 6  Mo        524 0040  0.4 0733  1.2 1244  0.3 2015  1.2
 7  Tu        524 0136  0.3 0818  1.3 1331  0.3 2058  1.3
 8  We        524 0220  0.2 0857  1.4 1415  0.2 2135  1.4
 9  Th        524 0259  0.1 0935  1.4 1457  0.2 2208  1.4
10  Fr        524 0336  0.1 1011  1.4 1538  0.2 2240  1.4
11  Sa        524 0412  0.1 1046  1.3 1618  0.2 2310  1.4
12  Su        524 0449  0.1 1122  1.3 1658  0.2 2340  1.3
13  Mo        524 0527  0.2 1159  1.2 1739  0.3 9999  9.9
14  Tu        524 0010  1.3 0608  0.3 1241  1.1 1822  0.3
15  We        524 0043  1.2 0658  0.4 1330  1.1 1911  0.4
16  Th        524 0122  1.1 0804  0.5 1433  1.0 2010  0.5
17  Fr        524 0223  1.0 0926  0.5 1549  1.0 2127  0.5
18  Sa        524 0431  1.0 1037  0.5 1707  1.0 2250  0.5
19  Su        524 0601  1.0 1136  0.4 1819  1.0 9999  9.9
20  Mo        524 0002  0.5 0656  1.1 1225  0.4 1919  1.1
21  Tu        524 0058  0.4 0737  1.2 1308  0.3 2006  1.2
22  We        524 0142  0.3 0814  1.2 1347  0.3 2046  1.3
23  Th        524 0217  0.3 0848  1.3 1425  0.3 2121  1.3
24  Fr        524 0250  0.2 0921  1.3 1501  0.3 2155  1.4
25  Sa        524 0323  0.2 0956  1.3 1538  0.3 2229  1.4
26  Su        524 0358  0.1 1033  1.3 1617  0.3 2303  1.4
27  Mo        524 0434  0.1 1112  1.2 1657  0.3 2338  1.4
28  Tu        524 0514  0.2 1155  1.2 1739  0.3 9999  9.9
29  We        524 0017  1.3 0558  0.2 1243  1.1 1824  0.4
30  Th        524 0100  1.3 0649  0.3 1337  1.1 1916  0.4
31  Fr        524 0154  1.2 0749  0.4 1440  1.0 2016  0.5
 1  Sa        624 0306  1.1 0856  0.4 1552  1.0 2130  0.5
 2  Su        624 0431  1.1 1003  0.4 1710  1.0 2249  0.5
 3  Mo        624 0544  1.1 1103  0.4 1827  1.1 9999  9.9
 4  Tu        624 0000  0.4 0644  1.2 1158  0.4 1933  1.2
 5  We        624 0100  0.3 0735  1.2 1250  0.3 2027  1.2
 6  Th        624 0150  0.3 0821  1.3 1339  0.3 2111  1.3
 7  Fr        624 0234  0.2 0905  1.3 1428  0.3 2150  1.3
 8  Sa        624 0315  0.2 0946  1.3 1515  0.3 2225  1.4
 9  Su        624 0355  0.2 1028  1.2 1600  0.3 2258  1.4
10  Mo        624 0434  0.2 1109  1.2 1645  0.3 2330  1.3
11  Tu        624 0514  0.2 1150  1.2 1728  0.3 9999  9.9
12  We        624 0003  1.3 0557  0.3 1233  1.1 1811  0.3
13  Th        624 0038  1.2 0644  0.3 1319  1.1 1855  0.4
14  Fr        624 0118  1.2 0736  0.4 1407  1.1 1944  0.4
15  Sa        624 0209  1.1 0835  0.4 1459  1.1 2041  0.5
16  Su        624 0319  1.1 0934  0.4 1558  1.0 2151  0.5
17  Mo        624 0436  1.0 1029  0.4 1703  1.0 2303  0.5
18  Tu        624 0541  1.1 1121  0.4 1812  1.1 9999  9.9
19  We        624 0007  0.5 0635  1.1 1210  0.4 1917  1.1
20  Th        624 0100  0.4 0724  1.1 1259  0.4 2011  1.2
21  Fr        624 0145  0.3 0810  1.2 1348  0.4 2057  1.3
22  Sa        624 0225  0.3 0856  1.2 1436  0.3 2138  1.3
23  Su        624 0304  0.2 0942  1.2 1523  0.3 2217  1.4
24  Mo        624 0344  0.2 1028  1.2 1608  0.3 2255  1.4
25  Tu        624 0424  0.1 1114  1.2 1651  0.3 2334  1.4
26  We        624 0506  0.1 1200  1.2 1734  0.3 9999  9.9
27  Th        624 0014  1.4 0551  0.2 1245  1.2 1817  0.3
28  Fr        624 0058  1.3 0638  0.2 1329  1.2 1903  0.3
29  Sa        624 0147  1.3 0729  0.3 1416  1.1 1954  0.4
30  Su        624 0244  1.2 0823  0.3 1507  1.1 2056  0.4
