473Te Weka Bay
Based on data from  2-Jul-2022
Local Std Time, tidal heights in metres.
 1  Mo        724 0349  1.2 0919  0.3 1607  1.1 2208  0.4
 2  Tu        724 0454  1.1 1016  0.4 1723  1.0 2324  0.4
 3  We        724 0558  1.1 1114  0.4 1852  1.1 9999  9.9
 4  Th        724 0032  0.4 0657  1.1 1213  0.4 2008  1.1
 5  Fr        724 0129  0.3 0753  1.1 1312  0.4 2101  1.2
 6  Sa        724 0218  0.3 0846  1.2 1410  0.4 2143  1.3
 7  Su        724 0302  0.2 0936  1.2 1504  0.3 2219  1.3
 8  Mo        724 0343  0.2 1022  1.2 1553  0.3 2252  1.4
 9  Tu        724 0422  0.2 1104  1.2 1636  0.3 2323  1.4
10  We        724 0501  0.2 1142  1.2 1715  0.3 2353  1.3
11  Th        724 0540  0.2 1219  1.2 1753  0.3 9999  9.9
12  Fr        724 0024  1.3 0619  0.2 1254  1.2 1829  0.3
13  Sa        724 0057  1.3 0700  0.3 1330  1.2 1906  0.3
14  Su        724 0135  1.2 0742  0.3 1407  1.2 1946  0.4
15  Mo        724 0220  1.1 0827  0.4 1449  1.1 2037  0.5
16  Tu        724 0318  1.1 0916  0.4 1541  1.1 2149  0.5
17  We        724 0426  1.0 1011  0.5 1653  1.0 2313  0.5
18  Th        724 0536  1.0 1112  0.5 1824  1.0 9999  9.9
19  Fr        724 0023  0.5 0642  1.0 1218  0.5 1946  1.1
20  Sa        724 0120  0.4 0747  1.1 1324  0.5 2044  1.2
21  Su        724 0208  0.3 0848  1.1 1426  0.4 2129  1.3
22  Mo        724 0251  0.2 0943  1.2 1518  0.3 2209  1.4
23  Tu        724 0332  0.2 1031  1.2 1602  0.3 2247  1.5
24  We        724 0413  0.1 1114  1.3 1642  0.2 2325  1.5
25  Th        724 0453  0.1 1152  1.3 1720  0.2 9999  9.9
26  Fr        724 0002  1.5 0534  0.1 1229  1.3 1759  0.2
27  Sa        724 0042  1.4 0616  0.1 1304  1.3 1839  0.2
28  Su        724 0123  1.3 0700  0.2 1340  1.2 1923  0.3
29  Mo        724 0210  1.2 0746  0.3 1418  1.2 2015  0.4
30  Tu        724 0305  1.1 0835  0.3 1503  1.1 2125  0.5
31  We        724 0408  1.1 0931  0.4 1614  1.0 2252  0.5
 1  Th        824 0518  1.0 1035  0.5 1824  1.0 9999  9.9
 2  Fr        824 0012  0.5 0630  1.0 1145  0.5 2012  1.1
 3  Sa        824 0118  0.4 0743  1.0 1258  0.5 2102  1.2
 4  Su        824 0209  0.3 0846  1.1 1407  0.4 2139  1.3
 5  Mo        824 0253  0.3 0937  1.2 1503  0.3 2211  1.4
 6  Tu        824 0331  0.2 1017  1.2 1546  0.3 2240  1.4
 7  We        824 0407  0.2 1052  1.3 1623  0.2 2307  1.4
 8  Th        824 0442  0.1 1124  1.3 1655  0.2 2332  1.4
 9  Fr        824 0515  0.1 1153  1.3 1726  0.2 2358  1.4
10  Sa        824 0548  0.1 1222  1.3 1755  0.2 9999  9.9
11  Su        824 0026  1.3 0620  0.2 1251  1.3 1826  0.2
12  Mo        824 0055  1.3 0654  0.2 1321  1.3 1858  0.3
13  Tu        824 0130  1.2 0730  0.3 1354  1.2 1937  0.4
14  We        824 0215  1.1 0812  0.4 1433  1.1 2033  0.5
15  Th        824 0317  1.0 0905  0.5 1533  1.0 2213  0.6
16  Fr        824 0443  0.9 1020  0.5 1733  1.0 2353  0.5
17  Sa        824 0618  1.0 1150  0.6 1936  1.1 9999  9.9
18  Su        824 0102  0.4 0747  1.0 1316  0.5 2035  1.2
19  Mo        824 0153  0.3 0854  1.1 1424  0.4 2118  1.4
20  Tu        824 0236  0.2 0942  1.2 1510  0.3 2155  1.5
21  We        824 0316  0.1 1022  1.3 1548  0.2 2231  1.5
22  Th        824 0355  0.1 1058  1.4 1624  0.1 2305  1.6
23  Fr        824 0433  0.0 1130  1.4 1659  0.1 2340  1.5
24  Sa        824 0510  0.1 1202  1.4 1734  0.1 9999  9.9
25  Su        824 0015  1.5 0548  0.1 1232  1.4 1810  0.1
26  Mo        824 0052  1.4 0627  0.2 1302  1.3 1849  0.2
27  Tu        824 0132  1.2 0708  0.2 1332  1.2 1934  0.4
28  We        824 0220  1.1 0753  0.3 1405  1.1 2041  0.5
29  Th        824 0323  1.0 0848  0.5 1452  1.0 2226  0.6
30  Fr        824 0446  0.9 1002  0.6 1852  0.9 9999  9.9
31  Sa        824 0002  0.5 0622  0.9 1131  0.6 2011  1.1
 1  Su        924 0111  0.4 0750  1.0 1300  0.5 2051  1.2
 2  Mo        924 0200  0.3 0847  1.1 1410  0.4 2123  1.3
 3  Tu        924 0239  0.2 0927  1.2 1456  0.3 2150  1.4
 4  We        924 0314  0.2 1000  1.3 1530  0.2 2216  1.4
 5  Th        924 0346  0.1 1030  1.4 1601  0.1 2240  1.4
 6  Fr        924 0416  0.1 1057  1.4 1628  0.1 2303  1.4
 7  Sa        924 0445  0.1 1123  1.4 1655  0.1 2326  1.4
 8  Su        924 0514  0.1 1149  1.4 1722  0.1 2351  1.4
 9  Mo        924 0543  0.1 1216  1.4 1750  0.2 9999  9.9
10  Tu        924 0018  1.3 0614  0.2 1243  1.3 1821  0.2
11  We        924 0050  1.2 0647  0.3 1314  1.2 1857  0.3
12  Th        924 0128  1.1 0726  0.4 1349  1.1 1946  0.5
13  Fr        924 0223  1.0 0817  0.5 1441  1.0 2125  0.6
14  Sa        924 0405  0.9 0942  0.6 1659  0.9 2326  0.5
15  Su        924 0618  0.9 1136  0.6 1923  1.1 9999  9.9
16  Mo        924 0041  0.4 0753  1.0 1311  0.5 2016  1.2
17  Tu        924 0132  0.3 0845  1.2 1411  0.4 2056  1.4
18  We        924 0214  0.2 0925  1.3 1451  0.2 2132  1.5
19  Th        924 0253  0.1 1001  1.4 1526  0.1 2206  1.6
20  Fr        924 0330  0.1 1033  1.4 1600  0.0 2240  1.6
21  Sa        924 0406  0.0 1104  1.5 1634  0.0 2313  1.5
22  Su        924 0443  0.0 1133  1.5 1708  0.1 2346  1.4
23  Mo        924 0519  0.1 1201  1.4 1742  0.1 9999  9.9
24  Tu        924 0020  1.3 0556  0.2 1229  1.3 1819  0.2
25  We        924 0056  1.2 0635  0.3 1257  1.2 1902  0.4
26  Th        924 0140  1.1 0719  0.4 1324  1.1 2006  0.5
27  Fr        924 0244  0.9 0815  0.5 1357  1.0 2203  0.6
28  Sa        924 0426  0.9 0941  0.6 1845  0.9 2345  0.5
29  Su        924 0621  0.9 1125  0.6 1947  1.1 9999  9.9
30  Mo        924 0052  0.4 0740  1.0 1256  0.5 2023  1.2
 1  Tu       1024 0138  0.3 0827  1.2 1357  0.4 2052  1.3
 2  We       1024 0215  0.2 0903  1.3 1435  0.3 2119  1.4
 3  Th       1024 0248  0.2 0934  1.4 1506  0.2 2144  1.4
 4  Fr       1024 0318  0.1 1002  1.4 1534  0.1 2208  1.4
 5  Sa       1024 0347  0.1 1029  1.5 1600  0.1 2231  1.4
 6  Su       1024 0415  0.1 1055  1.5 1626  0.1 2255  1.4
 7  Mo       1024 0443  0.1 1121  1.5 1654  0.1 2321  1.3
 8  Tu       1024 0512  0.2 1147  1.4 1723  0.1 2349  1.3
 9  We       1024 0543  0.2 1216  1.3 1756  0.2 9999  9.9
10  Th       1024 0022  1.2 0618  0.3 1248  1.3 1834  0.3
11  Fr       1024 0101  1.1 0658  0.4 1325  1.1 1927  0.4
12  Sa       1024 0157  1.0 0752  0.5 1422  1.0 2100  0.5
13  Su       1024 0347  0.9 0924  0.6 1644  1.0 2251  0.5
14  Mo       1024 0610  0.9 1119  0.6 1847  1.1 9999  9.9
15  Tu       1024 0006  0.4 0731  1.0 1247  0.5 1943  1.2
16  We       1024 0059  0.3 0820  1.2 1343  0.3 2025  1.4
17  Th       1024 0143  0.2 0900  1.3 1424  0.2 2102  1.5
18  Fr       1024 0223  0.1 0935  1.4 1501  0.1 2137  1.5
19  Sa       1024 0301  0.1 1008  1.5 1536  0.0 2212  1.5
20  Su       1024 0339  0.1 1039  1.5 1610  0.0 2246  1.4
21  Mo       1024 0417  0.1 1109  1.5 1645  0.1 2319  1.4
22  Tu       1024 0454  0.1 1138  1.4 1721  0.1 2354  1.3
23  We       1024 0532  0.2 1206  1.3 1759  0.2 9999  9.9
24  Th       1024 0031  1.1 0612  0.3 1235  1.2 1844  0.4
25  Fr       1024 0115  1.0 0657  0.4 1306  1.1 1948  0.5
26  Sa       1024 0221  0.9 0756  0.5 1352  1.0 2133  0.6
27  Su       1024 0402  0.9 0924  0.6 1726  0.9 2305  0.5
28  Mo       1024 0546  0.9 1104  0.6 1855  1.0 9999  9.9
29  Tu       1024 0010  0.4 0702  1.0 1227  0.5 1938  1.2
30  We       1024 0059  0.4 0752  1.2 1325  0.4 2012  1.2
31  Th       1024 0140  0.3 0831  1.3 1405  0.3 2041  1.3
 1  Fr       1124 0215  0.2 0904  1.3 1438  0.2 2109  1.4
 2  Sa       1124 0247  0.2 0934  1.4 1507  0.1 2135  1.4
 3  Su       1124 0318  0.2 1003  1.4 1534  0.1 2202  1.4
 4  Mo       1124 0347  0.2 1031  1.5 1603  0.1 2230  1.3
 5  Tu       1124 0418  0.2 1059  1.4 1633  0.1 2300  1.3
 6  We       1124 0450  0.2 1129  1.4 1706  0.1 2333  1.2
 7  Th       1124 0525  0.3 1201  1.4 1743  0.2 9999  9.9
 8  Fr       1124 0011  1.1 0604  0.3 1237  1.3 1827  0.3
 9  Sa       1124 0056  1.1 0648  0.4 1320  1.2 1923  0.4
10  Su       1124 0156  1.0 0745  0.5 1425  1.1 2040  0.5
11  Mo       1124 0330  0.9 0907  0.6 1617  1.0 2206  0.5
12  Tu       1124 0521  0.9 1045  0.5 1756  1.1 2317  0.4
13  We       1124 0648  1.0 1208  0.5 1859  1.2 9999  9.9
14  Th       1124 0014  0.3 0747  1.2 1309  0.3 1948  1.3
15  Fr       1124 0104  0.3 0833  1.3 1356  0.2 2030  1.4
16  Sa       1124 0150  0.2 0912  1.4 1437  0.1 2110  1.4
17  Su       1124 0233  0.2 0948  1.4 1515  0.1 2148  1.4
18  Mo       1124 0315  0.2 1022  1.4 1552  0.1 2225  1.3
19  Tu       1124 0357  0.2 1054  1.4 1630  0.1 2302  1.3
20  We       1124 0437  0.2 1125  1.4 1708  0.2 2340  1.2
21  Th       1124 0518  0.3 1156  1.3 1749  0.3 9999  9.9
22  Fr       1124 0021  1.1 0601  0.3 1229  1.2 1835  0.3
23  Sa       1124 0108  1.1 0647  0.4 1306  1.1 1934  0.4
24  Su       1124 0206  1.0 0742  0.5 1401  1.1 2050  0.5
25  Mo       1124 0319  1.0 0852  0.5 1552  1.0 2206  0.5
26  Tu       1124 0439  1.0 1019  0.6 1732  1.0 2310  0.5
27  We       1124 0557  1.0 1139  0.5 1834  1.1 9999  9.9
28  Th       1124 0005  0.4 0703  1.1 1243  0.4 1920  1.1
29  Fr       1124 0053  0.4 0754  1.2 1331  0.4 1959  1.2
30  Sa       1124 0136  0.3 0835  1.3 1409  0.3 2034  1.2
 1  Su       1224 0216  0.3 0911  1.3 1442  0.2 2108  1.3
 2  Mo       1224 0253  0.3 0944  1.4 1514  0.2 2142  1.3
 3  Tu       1224 0329  0.3 1016  1.4 1546  0.1 2217  1.3
 4  We       1224 0405  0.2 1048  1.4 1620  0.1 2254  1.2
 5  Th       1224 0441  0.3 1122  1.4 1657  0.1 2334  1.2
 6  Fr       1224 0520  0.3 1157  1.4 1738  0.2 9999  9.9
 7  Sa       1224 0016  1.2 0600  0.3 1236  1.3 1823  0.2
 8  Su       1224 0102  1.1 0644  0.3 1322  1.2 1915  0.3
 9  Mo       1224 0154  1.1 0736  0.4 1421  1.2 2015  0.4
10  Tu       1224 0257  1.0 0840  0.5 1540  1.1 2120  0.4
11  We       1224 0414  1.0 1000  0.5 1701  1.1 2225  0.4
12  Th       1224 0542  1.0 1124  0.5 1810  1.1 2325  0.4
13  Fr       1224 0706  1.1 1235  0.4 1909  1.2 9999  9.9
14  Sa       1224 0023  0.4 0810  1.2 1332  0.3 2001  1.2
15  Su       1224 0118  0.3 0900  1.3 1420  0.2 2049  1.2
16  Mo       1224 0210  0.3 0941  1.3 1502  0.2 2134  1.3
17  Tu       1224 0301  0.3 1017  1.4 1542  0.2 2218  1.2
18  We       1224 0348  0.3 1051  1.4 1621  0.2 2259  1.2
19  Th       1224 0432  0.3 1123  1.4 1701  0.2 2339  1.2
20  Fr       1224 0513  0.3 1155  1.3 1741  0.2 9999  9.9
21  Sa       1224 0019  1.2 0554  0.3 1228  1.3 1824  0.3
22  Su       1224 0100  1.2 0635  0.3 1303  1.2 1911  0.3
23  Mo       1224 0142  1.1 0718  0.4 1346  1.2 2003  0.4
24  Tu       1224 0228  1.1 0808  0.4 1443  1.1 2059  0.4
25  We       1224 0322  1.0 0911  0.5 1558  1.0 2158  0.4
26  Th       1224 0428  1.0 1032  0.5 1713  1.0 2256  0.5
27  Fr       1224 0549  1.0 1150  0.5 1817  1.0 2354  0.5
28  Sa       1224 0709  1.1 1253  0.5 1913  1.1 9999  9.9
29  Su       1224 0052  0.5 0810  1.1 1343  0.4 2004  1.1
30  Mo       1224 0148  0.4 0856  1.2 1423  0.3 2052  1.2
31  Tu       1224 0240  0.4 0935  1.3 1500  0.2 2137  1.2
 1  We        125 0324  0.3 1010  1.4 1536  0.2 2220  1.2
 2  Th        125 0403  0.3 1045  1.4 1613  0.1 2302  1.2
 3  Fr        125 0440  0.2 1119  1.5 1651  0.1 2341  1.3
 4  Sa        125 0516  0.2 1155  1.5 1731  0.1 9999  9.9
 5  Su        125 0020  1.2 0554  0.2 1233  1.4 1813  0.2
 6  Mo        125 0057  1.2 0633  0.2 1315  1.3 1857  0.2
 7  Tu        125 0136  1.2 0716  0.3 1403  1.3 1945  0.3
 8  We        125 0218  1.1 0806  0.4 1500  1.2 2037  0.3
 9  Th        125 0308  1.1 0913  0.5 1608  1.1 2134  0.4
10  Fr        125 0421  1.0 1038  0.5 1721  1.1 2236  0.5
11  Sa        125 0617  1.0 1204  0.5 1832  1.1 2342  0.5
12  Su        125 0806  1.1 1315  0.4 1941  1.1 9999  9.9
13  Mo        125 0051  0.5 0903  1.2 1411  0.3 2044  1.1
14  Tu        125 0200  0.4 0944  1.3 1457  0.3 2137  1.2
15  We        125 0300  0.4 1020  1.4 1537  0.2 2222  1.2
16  Th        125 0349  0.3 1051  1.4 1615  0.2 2301  1.3
17  Fr        125 0429  0.2 1120  1.4 1652  0.2 2336  1.3
18  Sa        125 0506  0.2 1148  1.4 1729  0.2 9999  9.9
19  Su        125 0008  1.3 0540  0.2 1216  1.4 1805  0.2
20  Mo        125 0039  1.3 0613  0.2 1245  1.3 1841  0.2
21  Tu        125 0110  1.3 0646  0.3 1316  1.3 1919  0.3
22  We        125 0142  1.2 0721  0.3 1352  1.2 1958  0.3
23  Th        125 0217  1.1 0802  0.4 1438  1.1 2042  0.4
24  Fr        125 0258  1.1 0900  0.5 1541  1.0 2135  0.5
25  Sa        125 0403  1.0 1039  0.6 1703  1.0 2243  0.5
26  Su        125 0601  1.0 1212  0.6 1827  1.0 9999  9.9
27  Mo        125 0004  0.6 0754  1.0 1319  0.5 1948  1.0
28  Tu        125 0131  0.5 0849  1.2 1408  0.4 2054  1.1
29  We        125 0246  0.4 0929  1.3 1449  0.3 2145  1.2
30  Th        125 0329  0.3 1004  1.4 1526  0.2 2226  1.3
31  Fr        125 0401  0.3 1038  1.5 1602  0.1 2302  1.3
 1  Sa        225 0432  0.2 1111  1.5 1638  0.1 2336  1.3
 2  Su        225 0504  0.1 1145  1.5 1716  0.1 9999  9.9
 3  Mo        225 0007  1.4 0538  0.1 1220  1.5 1754  0.1
 4  Tu        225 0038  1.3 0613  0.1 1256  1.4 1833  0.1
 5  We        225 0110  1.3 0651  0.2 1336  1.3 1914  0.2
 6  Th        225 0141  1.2 0733  0.3 1422  1.2 1958  0.3
 7  Fr        225 0215  1.1 0829  0.4 1520  1.1 2048  0.4
 8  Sa        225 0258  1.0 0956  0.5 1635  1.0 2151  0.5
 9  Su        225 0508  0.9 1140  0.6 1804  0.9 2310  0.6
10  Mo        225 0816  1.0 1308  0.5 1940  1.0 9999  9.9
11  Tu        225 0038  0.6 0903  1.2 1410  0.4 2054  1.1
12  We        225 0207  0.5 0940  1.3 1453  0.3 2141  1.2
13  Th        225 0308  0.4 1011  1.4 1529  0.2 2218  1.3
14  Fr        225 0346  0.3 1038  1.4 1603  0.2 2249  1.3
15  Sa        225 0418  0.2 1104  1.5 1635  0.1 2318  1.4
16  Su        225 0448  0.1 1128  1.4 1707  0.1 2345  1.4
17  Mo        225 0517  0.1 1152  1.4 1738  0.1 9999  9.9
18  Tu        225 0011  1.4 0545  0.1 1217  1.4 1808  0.2
19  We        225 0037  1.4 0612  0.2 1242  1.3 1839  0.2
20  Th        225 0103  1.3 0641  0.2 1311  1.2 1910  0.3
21  Fr        225 0131  1.2 0713  0.3 1344  1.1 1945  0.4
22  Sa        225 0202  1.1 0753  0.5 1430  1.0 2028  0.5
23  Su        225 0243  1.0 0910  0.6 1548  0.9 2134  0.6
24  Mo        225 0421  0.9 1125  0.6 1747  0.9 2321  0.6
25  Tu        225 0738  1.0 1252  0.5 1949  1.0 9999  9.9
26  We        225 0122  0.6 0833  1.1 1348  0.4 2055  1.1
27  Th        225 0244  0.4 0911  1.3 1429  0.3 2137  1.2
28  Fr        225 0315  0.3 0946  1.4 1506  0.2 2213  1.3
 1  Sa        325 0343  0.2 1018  1.5 1541  0.1 2245  1.4
 2  Su        325 0412  0.1 1051  1.6 1617  0.1 2315  1.4
 3  Mo        325 0443  0.1 1124  1.6 1653  0.0 2345  1.4
 4  Tu        325 0516  0.1 1157  1.5 1729  0.1 9999  9.9
 5  We        325 0014  1.4 0549  0.1 1232  1.4 1806  0.1
 6  Th        325 0042  1.3 0625  0.2 1308  1.3 1844  0.2
 7  Fr        325 0110  1.3 0705  0.3 1349  1.2 1925  0.3
 8  Sa        325 0137  1.1 0755  0.4 1442  1.0 2013  0.4
 9  Su        325 0204  1.0 0926  0.6 1601  0.9 2119  0.6
10  Mo        325 0231  0.9 1123  0.6 1751  0.9 2252  0.6
11  Tu        325 0804  1.0 1256  0.5 1946  1.0 9999  9.9
12  We        325 0036  0.6 0845  1.2 1355  0.4 2045  1.1
13  Th        325 0212  0.5 0917  1.3 1434  0.3 2124  1.2
14  Fr        325 0255  0.3 0946  1.4 1507  0.2 2156  1.3
15  Sa        325 0325  0.2 1011  1.4 1539  0.2 2224  1.4
16  Su        325 0354  0.2 1036  1.4 1609  0.1 2251  1.4
17  Mo        325 0421  0.1 1059  1.4 1638  0.1 2316  1.4
18  Tu        325 0448  0.1 1122  1.4 1707  0.1 2341  1.4
19  We        325 0514  0.1 1145  1.4 1735  0.1 9999  9.9
20  Th        325 0006  1.4 0541  0.1 1209  1.3 1803  0.2
21  Fr        325 0032  1.3 0609  0.2 1237  1.2 1834  0.3
22  Sa        325 0059  1.3 0641  0.3 1310  1.1 1908  0.4
23  Su        325 0130  1.2 0721  0.4 1352  1.0 1950  0.5
24  Mo        325 0209  1.0 0830  0.5 1504  0.9 2056  0.6
25  Tu        325 0332  0.9 1038  0.6 1722  0.9 2253  0.6
26  We        325 0653  1.0 1210  0.5 1931  1.0 9999  9.9
27  Th        325 0047  0.6 0757  1.1 1309  0.4 2030  1.1
28  Fr        325 0158  0.4 0839  1.3 1354  0.3 2111  1.2
29  Sa        325 0238  0.3 0915  1.4 1434  0.2 2146  1.3
30  Su        325 0312  0.2 0950  1.5 1511  0.1 2219  1.4
31  Mo        325 0344  0.1 1024  1.5 1549  0.1 2250  1.5
 1  Tu        425 0418  0.0 1058  1.5 1625  0.1 2319  1.5
 2  We        425 0451  0.0 1132  1.4 1702  0.1 2349  1.4
 3  Th        425 0526  0.1 1207  1.3 1740  0.2 9999  9.9
 4  Fr        425 0018  1.4 0603  0.2 1244  1.2 1819  0.3
 5  Sa        425 0046  1.3 0644  0.3 1325  1.1 1901  0.4
 6  Su        425 0116  1.1 0739  0.5 1420  1.0 1952  0.5
 7  Mo        425 0149  1.0 0911  0.6 1546  0.9 2106  0.6
 8  Tu        425 0432  0.9 1058  0.6 1738  0.9 2243  0.6
 9  We        425 0721  1.0 1217  0.5 1914  1.0 9999  9.9
10  Th        425 0020  0.6 0805  1.1 1313  0.4 2010  1.1
11  Fr        425 0133  0.4 0839  1.2 1355  0.3 2049  1.2
12  Sa        425 0219  0.3 0908  1.3 1432  0.2 2123  1.3
13  Su        425 0253  0.2 0935  1.4 1505  0.2 2152  1.4
14  Mo        425 0323  0.2 1000  1.4 1537  0.2 2220  1.4
15  Tu        425 0351  0.1 1024  1.4 1607  0.2 2247  1.4
16  We        425 0418  0.1 1049  1.4 1636  0.2 2313  1.4
17  Th        425 0446  0.1 1115  1.3 1705  0.2 2340  1.4
18  Fr        425 0514  0.1 1143  1.3 1735  0.2 9999  9.9
19  Sa        425 0008  1.4 0546  0.2 1214  1.2 1809  0.3
20  Su        425 0038  1.3 0623  0.3 1252  1.1 1847  0.4
21  Mo        425 0114  1.2 0710  0.4 1340  1.0 1935  0.5
22  Tu        425 0201  1.1 0822  0.5 1455  0.9 2046  0.6
23  We        425 0332  1.0 0959  0.5 1653  0.9 2228  0.6
24  Th        425 0550  1.0 1119  0.5 1840  1.0 9999  9.9
25  Fr        425 0001  0.5 0705  1.2 1219  0.4 1946  1.1
26  Sa        425 0108  0.4 0755  1.3 1309  0.3 2034  1.2
27  Su        425 0157  0.3 0837  1.4 1354  0.2 2114  1.3
28  Mo        425 0238  0.2 0916  1.4 1436  0.2 2150  1.4
29  Tu        425 0316  0.1 0954  1.4 1518  0.2 2224  1.4
30  We        425 0353  0.1 1031  1.4 1558  0.2 2257  1.4
 1  Th        525 0430  0.1 1108  1.3 1638  0.2 2329  1.4
 2  Fr        525 0508  0.1 1147  1.3 1719  0.2 9999  9.9
 3  Sa        525 0001  1.3 0548  0.2 1228  1.2 1802  0.3
 4  Su        525 0034  1.2 0634  0.3 1315  1.1 1849  0.4
 5  Mo        525 0110  1.1 0733  0.4 1415  1.0 1944  0.5
 6  Tu        525 0202  1.0 0855  0.5 1532  1.0 2057  0.5
 7  We        525 0409  1.0 1018  0.5 1657  1.0 2223  0.6
 8  Th        525 0605  1.0 1125  0.5 1815  1.0 2343  0.5
 9  Fr        525 0703  1.1 1219  0.4 1918  1.1 9999  9.9
10  Sa        525 0049  0.4 0745  1.2 1306  0.3 2006  1.2
11  Su        525 0138  0.3 0820  1.2 1348  0.3 2045  1.3
12  Mo        525 0217  0.3 0852  1.3 1426  0.3 2119  1.3
13  Tu        525 0251  0.2 0922  1.3 1502  0.2 2151  1.4
14  We        525 0322  0.2 0951  1.3 1536  0.2 2221  1.4
15  Th        525 0352  0.1 1021  1.3 1609  0.2 2251  1.4
16  Fr        525 0423  0.1 1053  1.3 1643  0.3 2321  1.4
17  Sa        525 0456  0.2 1127  1.2 1718  0.3 2353  1.3
18  Su        525 0533  0.2 1206  1.2 1756  0.3 9999  9.9
19  Mo        525 0028  1.3 0615  0.3 1250  1.1 1839  0.4
20  Tu        525 0110  1.2 0706  0.3 1342  1.0 1930  0.4
21  We        525 0204  1.1 0809  0.4 1449  1.0 2034  0.5
22  Th        525 0324  1.1 0921  0.4 1610  1.0 2155  0.5
23  Fr        525 0456  1.1 1029  0.4 1735  1.0 2317  0.5
24  Sa        525 0609  1.2 1129  0.4 1851  1.1 9999  9.9
25  Su        525 0025  0.4 0707  1.2 1223  0.3 1953  1.2
26  Mo        525 0121  0.3 0757  1.3 1313  0.3 2043  1.3
27  Tu        525 0209  0.2 0842  1.3 1402  0.3 2127  1.3
28  We        525 0252  0.2 0927  1.3 1450  0.3 2206  1.4
29  Th        525 0333  0.1 1010  1.3 1536  0.3 2243  1.4
30  Fr        525 0414  0.2 1053  1.2 1622  0.3 2318  1.4
31  Sa        525 0455  0.2 1137  1.2 1707  0.3 2354  1.3
 1  Su        625 0538  0.2 1222  1.1 1753  0.3 9999  9.9
 2  Mo        625 0031  1.3 0626  0.3 1310  1.1 1840  0.4
 3  Tu        625 0112  1.2 0721  0.4 1402  1.1 1932  0.4
 4  We        625 0206  1.1 0824  0.4 1458  1.0 2033  0.5
 5  Th        625 0321  1.1 0929  0.4 1600  1.0 2144  0.5
 6  Fr        625 0443  1.0 1029  0.4 1706  1.1 2257  0.5
 7  Sa        625 0548  1.1 1123  0.4 1814  1.1 9999  9.9
 8  Su        625 0003  0.4 0642  1.1 1214  0.4 1915  1.1
 9  Mo        625 0058  0.4 0727  1.1 1302  0.4 2007  1.2
10  Tu        625 0144  0.3 0808  1.2 1348  0.4 2050  1.3
11  We        625 0223  0.3 0847  1.2 1432  0.3 2128  1.3
12  Th        625 0258  0.2 0926  1.2 1513  0.3 2203  1.4
13  Fr        625 0332  0.2 1004  1.2 1553  0.3 2236  1.4
14  Sa        625 0407  0.2 1044  1.2 1631  0.3 2310  1.4
15  Su        625 0444  0.2 1125  1.2 1709  0.3 2345  1.4
16  Mo        625 0523  0.2 1207  1.2 1748  0.3 9999  9.9
17  Tu        625 0024  1.3 0606  0.2 1250  1.2 1830  0.3
18  We        625 0106  1.3 0654  0.2 1335  1.1 1916  0.4
19  Th        625 0157  1.2 0747  0.3 1425  1.1 2009  0.4
20  Fr        625 0300  1.2 0844  0.3 1521  1.1 2116  0.4
21  Sa        625 0410  1.1 0943  0.3 1630  1.0 2233  0.4
22  Su        625 0520  1.1 1041  0.4 1752  1.1 2348  0.4
23  Mo        625 0623  1.2 1140  0.4 1916  1.1 9999  9.9
24  Tu        625 0053  0.4 0721  1.2 1237  0.4 2025  1.2
25  We        625 0148  0.3 0817  1.2 1335  0.4 2117  1.3
26  Th        625 0236  0.2 0910  1.2 1431  0.3 2200  1.3
27  Fr        625 0320  0.2 1001  1.2 1525  0.3 2239  1.4
28  Sa        625 0403  0.2 1049  1.2 1614  0.3 2314  1.4
29  Su        625 0445  0.2 1133  1.2 1659  0.3 2349  1.3
30  Mo        625 0527  0.2 1214  1.2 1741  0.3 9999  9.9
