233Thames
Based on data from  1-Jul-2013
Local Std Time, tidal heights in metres.
 1  Mo        724 0216  3.4 0827  0.6 1444  3.2 2101  0.8
 2  Tu        724 0312  3.3 0926  0.6 1549  3.2 2204  0.8
 3  We        724 0411  3.3 1027  0.6 1653  3.3 2303  0.8
 4  Th        724 0510  3.2 1126  0.6 1752  3.3 2358  0.7
 5  Fr        724 0609  3.2 1220  0.5 1845  3.4 9999  9.9
 6  Sa        724 0049  0.7 0705  3.2 1311  0.5 1933  3.4
 7  Su        724 0139  0.7 0757  3.2 1357  0.5 2019  3.4
 8  Mo        724 0226  0.7 0845  3.2 1441  0.5 2103  3.4
 9  Tu        724 0311  0.7 0930  3.2 1522  0.6 2146  3.4
10  We        724 0355  0.8 1013  3.2 1603  0.7 2228  3.3
11  Th        724 0438  0.8 1054  3.1 1645  0.8 2310  3.2
12  Fr        724 0520  0.8 1134  3.1 1727  0.9 2352  3.1
13  Sa        724 0602  0.9 1216  3.0 1813  1.0 9999  9.9
14  Su        724 0035  3.1 0645  0.9 1301  2.9 1902  1.0
15  Mo        724 0119  3.0 0730  1.0 1350  2.9 1956  1.1
16  Tu        724 0205  3.0 0819  1.0 1445  2.9 2053  1.1
17  We        724 0253  2.9 0913  1.0 1543  2.9 2149  1.1
18  Th        724 0344  2.9 1010  1.0 1641  3.0 2243  1.0
19  Fr        724 0439  3.0 1107  0.9 1735  3.1 2335  0.9
20  Sa        724 0536  3.0 1200  0.7 1825  3.2 9999  9.9
21  Su        724 0025  0.8 0632  3.1 1250  0.6 1912  3.4
22  Mo        724 0114  0.7 0726  3.3 1337  0.4 1959  3.5
23  Tu        724 0204  0.5 0818  3.4 1424  0.3 2046  3.6
24  We        724 0253  0.4 0908  3.5 1510  0.3 2134  3.7
25  Th        724 0343  0.3 0957  3.5 1558  0.3 2223  3.7
26  Fr        724 0432  0.3 1045  3.5 1647  0.4 2314  3.6
27  Sa        724 0522  0.3 1135  3.5 1739  0.5 9999  9.9
28  Su        724 0005  3.6 0613  0.4 1227  3.4 1835  0.7
29  Mo        724 0058  3.4 0706  0.5 1323  3.3 1936  0.8
30  Tu        724 0153  3.3 0803  0.6 1425  3.2 2041  0.9
31  We        724 0251  3.2 0904  0.7 1532  3.2 2147  0.9
 1  Th        824 0352  3.1 1008  0.7 1637  3.2 2248  0.9
 2  Fr        824 0455  3.1 1110  0.7 1737  3.2 2344  0.9
 3  Sa        824 0556  3.1 1205  0.7 1829  3.3 9999  9.9
 4  Su        824 0035  0.8 0652  3.1 1254  0.6 1915  3.3
 5  Mo        824 0122  0.8 0741  3.2 1338  0.6 1958  3.4
 6  Tu        824 0206  0.7 0825  3.2 1418  0.6 2039  3.4
 7  We        824 0247  0.7 0906  3.2 1457  0.6 2118  3.3
 8  Th        824 0327  0.7 0944  3.2 1535  0.6 2156  3.3
 9  Fr        824 0405  0.7 1022  3.2 1613  0.7 2235  3.2
10  Sa        824 0443  0.7 1059  3.2 1653  0.8 2314  3.2
11  Su        824 0521  0.8 1138  3.1 1735  0.9 2354  3.1
12  Mo        824 0601  0.9 1219  3.0 1821  1.0 9999  9.9
13  Tu        824 0036  3.0 0644  0.9 1305  2.9 1912  1.1
14  We        824 0121  3.0 0732  1.0 1359  2.9 2009  1.1
15  Th        824 0210  2.9 0827  1.0 1459  2.9 2109  1.1
16  Fr        824 0304  2.9 0930  1.0 1602  3.0 2209  1.0
17  Sa        824 0405  2.9 1034  0.9 1702  3.1 2306  0.9
18  Su        824 0508  3.0 1133  0.7 1756  3.3 9999  9.9
19  Mo        824 0000  0.7 0609  3.2 1226  0.5 1846  3.5
20  Tu        824 0052  0.5 0706  3.4 1315  0.4 1935  3.6
21  We        824 0142  0.4 0758  3.5 1403  0.2 2023  3.8
22  Th        824 0232  0.2 0848  3.7 1450  0.2 2112  3.8
23  Fr        824 0321  0.2 0936  3.7 1538  0.2 2201  3.8
24  Sa        824 0409  0.2 1024  3.7 1627  0.3 2251  3.7
25  Su        824 0458  0.2 1114  3.6 1719  0.5 2343  3.6
26  Mo        824 0548  0.4 1205  3.5 1814  0.7 9999  9.9
27  Tu        824 0036  3.4 0641  0.5 1302  3.3 1916  0.8
28  We        824 0131  3.2 0738  0.7 1405  3.2 2023  1.0
29  Th        824 0231  3.1 0842  0.8 1514  3.1 2132  1.0
30  Fr        824 0336  3.0 0951  0.9 1621  3.1 2235  1.0
31  Sa        824 0442  3.0 1055  0.9 1719  3.1 2330  0.9
 1  Su        924 0543  3.0 1150  0.8 1809  3.2 9999  9.9
 2  Mo        924 0019  0.9 0636  3.1 1236  0.7 1853  3.3
 3  Tu        924 0102  0.8 0722  3.2 1316  0.7 1933  3.3
 4  We        924 0143  0.7 0802  3.2 1354  0.6 2011  3.3
 5  Th        924 0220  0.7 0840  3.3 1431  0.6 2048  3.3
 6  Fr        924 0257  0.7 0916  3.3 1507  0.6 2124  3.3
 7  Sa        924 0333  0.7 0950  3.3 1543  0.7 2201  3.2
 8  Su        924 0408  0.7 1026  3.2 1621  0.8 2238  3.2
 9  Mo        924 0445  0.7 1103  3.1 1701  0.9 2317  3.1
10  Tu        924 0523  0.8 1143  3.1 1746  1.0 2359  3.0
11  We        924 0604  0.9 1229  3.0 1836  1.1 9999  9.9
12  Th        924 0044  3.0 0652  0.9 1322  2.9 1933  1.1
13  Fr        924 0135  2.9 0749  1.0 1423  2.9 2035  1.1
14  Sa        924 0233  2.9 0855  1.0 1528  3.0 2138  1.0
15  Su        924 0337  3.0 1004  0.9 1630  3.2 2238  0.8
16  Mo        924 0444  3.1 1107  0.7 1726  3.4 2335  0.6
17  Tu        924 0547  3.3 1202  0.5 1818  3.6 9999  9.9
18  We        924 0028  0.4 0644  3.5 1252  0.3 1909  3.7
19  Th        924 0119  0.2 0737  3.7 1341  0.2 1959  3.8
20  Fr        924 0209  0.1 0826  3.8 1429  0.1 2048  3.8
21  Sa        924 0258  0.0 0915  3.8 1517  0.2 2138  3.8
22  Su        924 0346  0.1 1003  3.8 1607  0.3 2229  3.7
23  Mo        924 0434  0.2 1052  3.6 1659  0.5 2321  3.5
24  Tu        924 0523  0.4 1144  3.5 1755  0.7 9999  9.9
25  We        924 0014  3.3 0615  0.6 1240  3.3 1856  0.9
26  Th        924 0110  3.1 0712  0.8 1343  3.1 2003  1.0
27  Fr        924 0211  3.0 0818  0.9 1451  3.0 2112  1.0
28  Sa        924 0316  2.9 0929  1.0 1557  3.0 2215  1.0
29  Su        924 0423  2.9 1034  1.0 1653  3.1 2308  1.0
30  Mo        924 0522  3.0 1127  0.9 1741  3.1 2354  0.9
 1  Tu       1024 0613  3.0 1211  0.8 1824  3.2 9999  9.9
 2  We       1024 0036  0.8 0657  3.1 1251  0.7 1903  3.2
 3  Th       1024 0115  0.7 0736  3.2 1328  0.7 1941  3.3
 4  Fr       1024 0152  0.7 0812  3.3 1403  0.7 2017  3.3
 5  Sa       1024 0227  0.6 0847  3.3 1439  0.7 2054  3.2
 6  Su       1024 0302  0.6 0922  3.3 1515  0.7 2130  3.2
 7  Mo       1024 0337  0.6 0957  3.3 1554  0.8 2208  3.2
 8  Tu       1024 0414  0.7 1034  3.2 1634  0.9 2247  3.1
 9  We       1024 0452  0.7 1115  3.1 1719  1.0 2330  3.0
10  Th       1024 0534  0.8 1201  3.1 1810  1.0 9999  9.9
11  Fr       1024 0017  3.0 0622  0.9 1254  3.0 1906  1.0
12  Sa       1024 0109  2.9 0719  0.9 1354  3.0 2007  1.0
13  Su       1024 0208  2.9 0825  0.9 1457  3.1 2110  0.9
14  Mo       1024 0312  3.0 0935  0.9 1559  3.2 2211  0.7
15  Tu       1024 0420  3.1 1040  0.7 1656  3.4 2308  0.5
16  We       1024 0524  3.3 1137  0.5 1750  3.6 9999  9.9
17  Th       1024 0003  0.3 0622  3.5 1229  0.3 1843  3.7
18  Fr       1024 0055  0.2 0715  3.7 1319  0.2 1934  3.8
19  Sa       1024 0146  0.1 0805  3.8 1408  0.2 2026  3.8
20  Su       1024 0235  0.0 0854  3.8 1457  0.3 2117  3.7
21  Mo       1024 0323  0.1 0943  3.8 1547  0.4 2208  3.6
22  Tu       1024 0411  0.2 1032  3.6 1640  0.6 2300  3.4
23  We       1024 0459  0.4 1123  3.5 1735  0.7 2352  3.2
24  Th       1024 0550  0.6 1218  3.3 1835  0.9 9999  9.9
25  Fr       1024 0047  3.1 0645  0.8 1318  3.1 1938  1.0
26  Sa       1024 0145  2.9 0748  1.0 1421  3.0 2042  1.0
27  Su       1024 0248  2.9 0857  1.1 1521  3.0 2141  1.0
28  Mo       1024 0352  2.9 1001  1.0 1616  3.0 2234  1.0
29  Tu       1024 0451  2.9 1054  1.0 1704  3.1 2321  0.9
30  We       1024 0542  3.0 1140  0.9 1748  3.1 9999  9.9
31  Th       1024 0004  0.8 0627  3.1 1220  0.8 1829  3.2
 1  Fr       1124 0044  0.7 0707  3.2 1259  0.8 1908  3.2
 2  Sa       1124 0122  0.7 0744  3.3 1336  0.8 1947  3.2
 3  Su       1124 0158  0.6 0820  3.3 1413  0.7 2025  3.2
 4  Mo       1124 0235  0.6 0856  3.3 1451  0.8 2104  3.2
 5  Tu       1124 0311  0.6 0933  3.3 1531  0.8 2143  3.2
 6  We       1124 0349  0.6 1011  3.3 1614  0.8 2225  3.1
 7  Th       1124 0429  0.7 1054  3.2 1700  0.9 2309  3.1
 8  Fr       1124 0512  0.7 1141  3.2 1750  0.9 2357  3.0
 9  Sa       1124 0601  0.8 1233  3.2 1845  0.9 9999  9.9
10  Su       1124 0049  3.0 0656  0.9 1330  3.2 1942  0.9
11  Mo       1124 0146  3.0 0800  0.9 1429  3.2 2042  0.8
12  Tu       1124 0249  3.1 0908  0.8 1528  3.3 2143  0.6
13  We       1124 0355  3.2 1013  0.7 1626  3.4 2242  0.5
14  Th       1124 0500  3.3 1112  0.6 1723  3.5 2339  0.3
15  Fr       1124 0600  3.5 1206  0.5 1818  3.6 9999  9.9
16  Sa       1124 0033  0.2 0654  3.6 1258  0.4 1912  3.6
17  Su       1124 0124  0.1 0746  3.7 1349  0.4 2006  3.6
18  Mo       1124 0214  0.1 0835  3.8 1439  0.4 2058  3.6
19  Tu       1124 0302  0.2 0924  3.7 1530  0.5 2150  3.5
20  We       1124 0349  0.3 1013  3.6 1622  0.6 2240  3.3
21  Th       1124 0437  0.5 1103  3.4 1715  0.7 2330  3.2
22  Fr       1124 0525  0.6 1154  3.3 1809  0.9 9999  9.9
23  Sa       1124 0021  3.1 0616  0.8 1247  3.2 1904  0.9
24  Su       1124 0113  2.9 0712  1.0 1342  3.1 1959  1.0
25  Mo       1124 0209  2.9 0813  1.1 1436  3.0 2055  1.0
26  Tu       1124 0309  2.8 0916  1.1 1529  3.0 2148  1.0
27  We       1124 0408  2.9 1012  1.1 1618  3.0 2239  0.9
28  Th       1124 0503  2.9 1101  1.0 1706  3.0 2326  0.9
29  Fr       1124 0552  3.0 1146  1.0 1751  3.0 9999  9.9
30  Sa       1124 0010  0.8 0636  3.1 1228  0.9 1834  3.1
 1  Su       1224 0052  0.7 0716  3.2 1308  0.8 1917  3.1
 2  Mo       1224 0131  0.7 0755  3.3 1348  0.8 1959  3.1
 3  Tu       1224 0210  0.6 0833  3.3 1430  0.8 2042  3.2
 4  We       1224 0249  0.6 0912  3.4 1512  0.8 2124  3.2
 5  Th       1224 0329  0.5 0953  3.4 1557  0.7 2208  3.2
 6  Fr       1224 0410  0.6 1037  3.4 1644  0.7 2253  3.2
 7  Sa       1224 0454  0.6 1124  3.4 1733  0.7 2340  3.2
 8  Su       1224 0543  0.7 1214  3.3 1824  0.7 9999  9.9
 9  Mo       1224 0031  3.2 0637  0.7 1307  3.3 1919  0.7
10  Tu       1224 0125  3.1 0737  0.8 1403  3.3 2015  0.7
11  We       1224 0226  3.1 0842  0.8 1500  3.3 2115  0.6
12  Th       1224 0331  3.2 0947  0.8 1559  3.4 2216  0.5
13  Fr       1224 0438  3.3 1049  0.7 1658  3.4 2316  0.4
14  Sa       1224 0540  3.4 1146  0.6 1757  3.4 9999  9.9
15  Su       1224 0013  0.4 0637  3.5 1241  0.6 1855  3.4
16  Mo       1224 0106  0.3 0729  3.6 1333  0.5 1950  3.4
17  Tu       1224 0156  0.3 0819  3.6 1424  0.5 2043  3.4
18  We       1224 0244  0.3 0907  3.6 1514  0.6 2133  3.4
19  Th       1224 0329  0.4 0954  3.5 1603  0.6 2220  3.3
20  Fr       1224 0414  0.5 1040  3.4 1651  0.7 2305  3.2
21  Sa       1224 0458  0.6 1126  3.3 1738  0.8 2350  3.1
22  Su       1224 0544  0.8 1213  3.2 1825  0.9 9999  9.9
23  Mo       1224 0036  3.0 0633  0.9 1300  3.1 1912  0.9
24  Tu       1224 0125  2.9 0726  1.0 1348  3.0 2002  1.0
25  We       1224 0219  2.8 0824  1.1 1437  3.0 2054  1.0
26  Th       1224 0317  2.8 0922  1.1 1527  2.9 2149  1.0
27  Fr       1224 0417  2.9 1017  1.1 1617  2.9 2243  1.0
28  Sa       1224 0513  2.9 1108  1.1 1708  2.9 2334  0.9
29  Su       1224 0602  3.0 1155  1.0 1759  3.0 9999  9.9
30  Mo       1224 0021  0.8 0647  3.1 1240  0.9 1848  3.0
31  Tu       1224 0105  0.7 0729  3.3 1324  0.8 1936  3.1
 1  We        125 0147  0.6 0810  3.4 1409  0.7 2021  3.2
 2  Th        125 0228  0.5 0852  3.4 1454  0.7 2106  3.3
 3  Fr        125 0310  0.4 0935  3.5 1540  0.6 2151  3.4
 4  Sa        125 0353  0.4 1019  3.5 1626  0.5 2236  3.4
 5  Su        125 0437  0.5 1106  3.5 1714  0.5 2323  3.4
 6  Mo        125 0525  0.5 1154  3.5 1803  0.5 9999  9.9
 7  Tu        125 0012  3.3 0618  0.6 1245  3.4 1855  0.6
 8  We        125 0105  3.3 0715  0.7 1339  3.4 1950  0.6
 9  Th        125 0204  3.2 0818  0.8 1435  3.3 2049  0.6
10  Fr        125 0309  3.2 0925  0.9 1535  3.3 2153  0.6
11  Sa        125 0418  3.2 1030  0.8 1637  3.2 2257  0.6
12  Su        125 0524  3.3 1130  0.8 1741  3.2 2357  0.5
13  Mo        125 0622  3.4 1227  0.7 1842  3.3 9999  9.9
14  Tu        125 0051  0.5 0715  3.5 1320  0.7 1938  3.3
15  We        125 0140  0.4 0803  3.5 1409  0.7 2028  3.3
16  Th        125 0226  0.4 0848  3.5 1456  0.6 2114  3.3
17  Fr        125 0308  0.5 0932  3.5 1541  0.7 2157  3.3
18  Sa        125 0349  0.5 1014  3.4 1623  0.7 2238  3.3
19  Su        125 0430  0.6 1055  3.3 1704  0.7 2318  3.2
20  Mo        125 0511  0.7 1137  3.2 1745  0.8 2359  3.1
21  Tu        125 0555  0.9 1219  3.1 1827  0.9 9999  9.9
22  We        125 0042  3.0 0642  1.0 1302  3.1 1911  1.0
23  Th        125 0130  2.9 0734  1.1 1347  3.0 2000  1.0
24  Fr        125 0224  2.8 0831  1.2 1435  2.9 2055  1.1
25  Sa        125 0326  2.8 0930  1.2 1527  2.9 2155  1.1
26  Su        125 0428  2.9 1027  1.1 1624  2.9 2255  1.0
27  Mo        125 0525  3.0 1120  1.1 1722  2.9 2349  0.9
28  Tu        125 0615  3.1 1211  0.9 1819  3.0 9999  9.9
29  We        125 0038  0.7 0700  3.3 1259  0.8 1911  3.2
30  Th        125 0123  0.5 0744  3.4 1346  0.6 2000  3.3
31  Fr        125 0206  0.4 0828  3.5 1433  0.5 2047  3.4
 1  Sa        225 0250  0.3 0913  3.6 1519  0.4 2132  3.5
 2  Su        225 0334  0.3 0958  3.7 1606  0.3 2218  3.6
 3  Mo        225 0419  0.3 1045  3.7 1653  0.3 2304  3.5
 4  Tu        225 0507  0.4 1134  3.6 1741  0.4 2353  3.4
 5  We        225 0559  0.6 1224  3.5 1831  0.5 9999  9.9
 6  Th        225 0046  3.3 0656  0.7 1317  3.4 1926  0.6
 7  Fr        225 0144  3.2 0759  0.9 1414  3.2 2026  0.7
 8  Sa        225 0251  3.1 0907  0.9 1516  3.1 2133  0.8
 9  Su        225 0402  3.1 1015  0.9 1622  3.1 2242  0.8
10  Mo        225 0509  3.2 1118  0.9 1730  3.1 2344  0.7
11  Tu        225 0607  3.2 1214  0.8 1831  3.1 9999  9.9
12  We        225 0037  0.6 0658  3.3 1305  0.8 1924  3.2
13  Th        225 0123  0.6 0744  3.4 1351  0.7 2010  3.3
14  Fr        225 0205  0.5 0826  3.4 1434  0.7 2052  3.3
15  Sa        225 0245  0.5 0906  3.4 1514  0.7 2131  3.3
16  Su        225 0323  0.6 0945  3.4 1552  0.7 2208  3.3
17  Mo        225 0401  0.6 1023  3.3 1629  0.7 2245  3.2
18  Tu        225 0439  0.7 1101  3.2 1707  0.8 2322  3.1
19  We        225 0520  0.8 1140  3.1 1745  0.8 9999  9.9
20  Th        225 0002  3.0 0603  1.0 1220  3.0 1826  0.9
21  Fr        225 0046  2.9 0651  1.1 1303  3.0 1912  1.0
22  Sa        225 0137  2.8 0746  1.2 1350  2.9 2005  1.1
23  Su        225 0237  2.8 0845  1.2 1443  2.8 2107  1.1
24  Mo        225 0342  2.8 0946  1.2 1542  2.8 2214  1.0
25  Tu        225 0443  3.0 1044  1.0 1646  2.9 2315  0.9
26  We        225 0538  3.1 1139  0.9 1748  3.1 9999  9.9
27  Th        225 0008  0.7 0627  3.3 1231  0.7 1845  3.2
28  Fr        225 0056  0.5 0714  3.5 1320  0.5 1936  3.4
 1  Sa        325 0142  0.3 0801  3.6 1408  0.3 2024  3.6
 2  Su        325 0227  0.2 0848  3.7 1456  0.2 2110  3.7
 3  Mo        325 0313  0.2 0935  3.8 1543  0.2 2157  3.7
 4  Tu        325 0400  0.3 1024  3.7 1630  0.2 2245  3.7
 5  We        325 0449  0.4 1114  3.6 1719  0.3 2334  3.5
 6  Th        325 0542  0.6 1205  3.5 1809  0.5 9999  9.9
 7  Fr        325 0028  3.4 0640  0.7 1259  3.3 1904  0.6
 8  Sa        325 0128  3.2 0744  0.9 1357  3.1 2006  0.8
 9  Su        325 0235  3.1 0853  1.0 1501  3.0 2116  0.9
10  Mo        325 0346  3.1 1002  1.0 1610  3.0 2227  0.9
11  Tu        325 0451  3.1 1103  0.9 1717  3.0 2328  0.8
12  We        325 0547  3.2 1157  0.9 1815  3.1 9999  9.9
13  Th        325 0018  0.7 0635  3.2 1244  0.8 1904  3.2
14  Fr        325 0101  0.7 0718  3.3 1327  0.7 1947  3.2
15  Sa        325 0141  0.6 0758  3.3 1407  0.7 2026  3.3
16  Su        325 0218  0.6 0836  3.3 1444  0.7 2102  3.3
17  Mo        325 0255  0.6 0913  3.3 1520  0.7 2138  3.3
18  Tu        325 0331  0.7 0950  3.2 1556  0.7 2213  3.2
19  We        325 0409  0.8 1027  3.2 1632  0.7 2249  3.2
20  Th        325 0448  0.8 1105  3.1 1709  0.8 2328  3.1
21  Fr        325 0531  1.0 1145  3.0 1749  0.9 9999  9.9
22  Sa        325 0011  3.0 0618  1.0 1228  3.0 1833  1.0
23  Su        325 0101  2.9 0710  1.1 1315  2.9 1925  1.0
24  Mo        325 0157  2.9 0808  1.1 1408  2.9 2027  1.1
25  Tu        325 0300  2.9 0909  1.1 1508  2.9 2135  1.0
26  We        325 0401  3.0 1009  1.0 1613  3.0 2239  0.9
27  Th        325 0458  3.2 1106  0.8 1717  3.1 2336  0.7
28  Fr        325 0551  3.4 1200  0.6 1816  3.3 9999  9.9
29  Sa        325 0027  0.5 0642  3.5 1252  0.4 1909  3.5
30  Su        325 0116  0.3 0732  3.7 1342  0.2 1959  3.7
31  Mo        325 0203  0.2 0822  3.7 1431  0.1 2048  3.8
 1  Tu        425 0251  0.2 0912  3.8 1519  0.1 2136  3.8
 2  We        425 0341  0.3 1003  3.7 1608  0.2 2225  3.7
 3  Th        425 0432  0.4 1055  3.6 1657  0.3 2317  3.6
 4  Fr        425 0527  0.6 1148  3.4 1749  0.5 9999  9.9
 5  Sa        425 0012  3.4 0626  0.8 1243  3.2 1844  0.7
 6  Su        425 0112  3.2 0730  0.9 1341  3.1 1947  0.9
 7  Mo        425 0217  3.1 0837  1.0 1445  3.0 2057  1.0
 8  Tu        425 0324  3.1 0942  1.0 1552  2.9 2206  1.0
 9  We        425 0424  3.1 1040  0.9 1655  3.0 2304  0.9
10  Th        425 0517  3.1 1131  0.9 1750  3.0 2352  0.8
11  Fr        425 0603  3.1 1216  0.8 1837  3.1 9999  9.9
12  Sa        425 0034  0.8 0645  3.2 1257  0.8 1919  3.2
13  Su        425 0112  0.7 0725  3.2 1335  0.7 1957  3.3
14  Mo        425 0149  0.7 0804  3.2 1412  0.7 2033  3.3
15  Tu        425 0226  0.7 0842  3.2 1449  0.7 2109  3.3
16  We        425 0303  0.7 0919  3.2 1524  0.7 2144  3.3
17  Th        425 0341  0.8 0957  3.1 1601  0.7 2221  3.2
18  Fr        425 0421  0.9 1036  3.1 1638  0.8 2300  3.1
19  Sa        425 0505  0.9 1117  3.0 1718  0.8 2344  3.1
20  Su        425 0552  1.0 1201  3.0 1803  0.9 9999  9.9
21  Mo        425 0033  3.0 0643  1.0 1248  2.9 1854  1.0
22  Tu        425 0127  3.0 0738  1.0 1341  2.9 1954  1.0
23  We        425 0225  3.0 0836  0.9 1439  3.0 2100  0.9
24  Th        425 0324  3.1 0935  0.8 1542  3.1 2205  0.8
25  Fr        425 0421  3.3 1033  0.7 1646  3.2 2304  0.6
26  Sa        425 0516  3.4 1129  0.5 1747  3.4 2358  0.5
27  Su        425 0610  3.6 1223  0.3 1843  3.6 9999  9.9
28  Mo        425 0050  0.3 0703  3.6 1316  0.2 1935  3.7
29  Tu        425 0140  0.3 0757  3.7 1407  0.1 2026  3.8
30  We        425 0231  0.3 0850  3.7 1457  0.1 2116  3.8
 1  Th        525 0322  0.4 0944  3.6 1547  0.2 2207  3.7
 2  Fr        525 0416  0.5 1037  3.5 1637  0.3 2300  3.6
 3  Sa        525 0512  0.6 1131  3.3 1728  0.5 2354  3.4
 4  Su        525 0610  0.8 1225  3.2 1823  0.7 9999  9.9
 5  Mo        525 0052  3.2 0711  0.9 1322  3.1 1923  0.9
 6  Tu        525 0153  3.1 0812  0.9 1421  3.0 2029  1.0
 7  We        525 0252  3.1 0911  0.9 1523  2.9 2133  1.0
 8  Th        525 0348  3.0 1005  0.9 1623  2.9 2230  1.0
 9  Fr        525 0438  3.0 1055  0.9 1717  3.0 2318  0.9
10  Sa        525 0524  3.1 1140  0.9 1805  3.1 9999  9.9
11  Su        525 0001  0.9 0608  3.1 1223  0.8 1847  3.2
12  Mo        525 0041  0.8 0650  3.1 1303  0.8 1927  3.2
13  Tu        525 0120  0.8 0731  3.1 1342  0.7 2005  3.2
14  We        525 0158  0.8 0811  3.1 1419  0.7 2042  3.3
15  Th        525 0237  0.8 0851  3.1 1457  0.7 2119  3.3
16  Fr        525 0317  0.8 0931  3.1 1534  0.7 2157  3.2
17  Sa        525 0359  0.9 1012  3.1 1613  0.7 2238  3.2
18  Su        525 0443  0.9 1054  3.1 1654  0.8 2322  3.2
19  Mo        525 0530  0.9 1138  3.0 1739  0.8 9999  9.9
20  Tu        525 0009  3.1 0620  0.9 1226  3.0 1830  0.9
21  We        525 0101  3.1 0712  0.8 1317  3.0 1927  0.9
22  Th        525 0155  3.2 0807  0.8 1414  3.1 2030  0.9
23  Fr        525 0251  3.3 0904  0.7 1515  3.2 2134  0.8
24  Sa        525 0347  3.3 1002  0.6 1619  3.3 2235  0.7
25  Su        525 0444  3.4 1101  0.4 1721  3.4 2332  0.5
26  Mo        525 0541  3.5 1158  0.3 1819  3.6 9999  9.9
27  Tu        525 0026  0.4 0638  3.5 1253  0.2 1914  3.7
28  We        525 0120  0.4 0736  3.6 1346  0.2 2007  3.7
29  Th        525 0213  0.4 0832  3.5 1437  0.2 2058  3.7
30  Fr        525 0306  0.4 0926  3.5 1527  0.3 2149  3.7
31  Sa        525 0400  0.5 1020  3.4 1616  0.4 2241  3.5
 1  Su        625 0454  0.6 1111  3.3 1706  0.6 2333  3.4
 2  Mo        625 0548  0.7 1203  3.2 1758  0.7 9999  9.9
 3  Tu        625 0027  3.3 0642  0.8 1254  3.1 1852  0.9
 4  We        625 0120  3.2 0736  0.9 1348  3.0 1951  1.0
 5  Th        625 0212  3.1 0828  0.9 1444  2.9 2051  1.0
 6  Fr        625 0304  3.0 0921  0.9 1542  2.9 2148  1.1
 7  Sa        625 0353  3.0 1012  0.9 1637  3.0 2239  1.0
 8  Su        625 0441  3.0 1101  0.9 1728  3.0 2325  1.0
 9  Mo        625 0528  3.0 1147  0.9 1814  3.1 9999  9.9
10  Tu        625 0009  0.9 0614  3.0 1231  0.8 1857  3.2
11  We        625 0050  0.9 0659  3.0 1313  0.8 1937  3.2
12  Th        625 0132  0.9 0743  3.0 1353  0.7 2016  3.3
13  Fr        625 0213  0.8 0826  3.1 1432  0.7 2055  3.3
14  Sa        625 0255  0.8 0909  3.1 1511  0.6 2135  3.3
15  Su        625 0339  0.8 0951  3.1 1551  0.6 2216  3.3
16  Mo        625 0423  0.8 1034  3.2 1633  0.7 2301  3.3
17  Tu        625 0509  0.7 1118  3.2 1718  0.7 2347  3.3
18  We        625 0557  0.7 1204  3.2 1808  0.8 9999  9.9
19  Th        625 0037  3.3 0647  0.7 1255  3.2 1903  0.8
20  Fr        625 0128  3.3 0740  0.6 1350  3.2 2004  0.8
21  Sa        625 0223  3.3 0836  0.6 1450  3.2 2107  0.8
22  Su        625 0319  3.3 0935  0.6 1555  3.3 2210  0.7
23  Mo        625 0418  3.4 1036  0.5 1700  3.4 2310  0.7
24  Tu        625 0518  3.4 1137  0.4 1800  3.5 9999  9.9
25  We        625 0008  0.6 0620  3.4 1234  0.3 1857  3.6
26  Th        625 0103  0.5 0720  3.4 1328  0.3 1950  3.6
27  Fr        625 0157  0.5 0816  3.4 1418  0.3 2041  3.6
28  Sa        625 0250  0.5 0910  3.4 1507  0.3 2130  3.6
29  Su        625 0341  0.6 1000  3.4 1554  0.4 2219  3.5
30  Mo        625 0431  0.6 1048  3.3 1640  0.6 2307  3.4
