034Timaru
Based on data from  1-Jul-2013
Local Std Time, tidal heights in metres.
 1  Sa        723 0051  2.2 0659  0.7 1318  2.3 1934  0.7
 2  Su        723 0140  2.3 0747  0.6 1410  2.4 2024  0.6
 3  Mo        723 0230  2.3 0837  0.6 1502  2.5 2115  0.6
 4  Tu        723 0320  2.4 0931  0.5 1553  2.6 2208  0.5
 5  We        723 0413  2.4 1027  0.5 1646  2.6 2302  0.5
 6  Th        723 0508  2.4 1123  0.5 1740  2.6 2357  0.5
 7  Fr        723 0606  2.4 1219  0.5 1836  2.5 9999  9.9
 8  Sa        723 0053  0.5 0706  2.4 1316  0.5 1936  2.5
 9  Su        723 0151  0.6 0808  2.4 1415  0.6 2036  2.4
10  Mo        723 0251  0.6 0908  2.3 1515  0.6 2137  2.3
11  Tu        723 0351  0.7 1006  2.3 1619  0.7 2236  2.3
12  We        723 0450  0.7 1104  2.3 1721  0.7 2334  2.2
13  Th        723 0544  0.7 1202  2.3 1819  0.8 9999  9.9
14  Fr        723 0029  2.2 0635  0.7 1257  2.3 1911  0.8
15  Sa        723 0120  2.2 0722  0.7 1349  2.3 1959  0.8
16  Su        723 0207  2.2 0808  0.7 1436  2.3 2043  0.8
17  Mo        723 0250  2.2 0852  0.7 1518  2.3 2125  0.8
18  Tu        723 0330  2.2 0935  0.8 1558  2.3 2206  0.8
19  We        723 0409  2.1 1018  0.8 1635  2.3 2246  0.8
20  Th        723 0448  2.1 1059  0.8 1712  2.2 2325  0.8
21  Fr        723 0528  2.1 1139  0.8 1749  2.2 9999  9.9
22  Sa        723 0005  0.9 0611  2.1 1220  0.8 1830  2.2
23  Su        723 0046  0.9 0655  2.1 1301  0.9 1913  2.1
24  Mo        723 0130  0.9 0743  2.0 1346  0.9 2001  2.1
25  Tu        723 0217  0.9 0831  2.0 1435  0.9 2052  2.1
26  We        723 0308  0.9 0920  2.1 1530  0.9 2144  2.1
27  Th        723 0400  0.9 1011  2.1 1629  0.9 2238  2.1
28  Fr        723 0453  0.8 1105  2.2 1727  0.9 2332  2.1
29  Sa        723 0544  0.8 1200  2.3 1821  0.8 9999  9.9
30  Su        723 0026  2.2 0635  0.7 1256  2.4 1913  0.7
31  Mo        723 0118  2.3 0726  0.6 1350  2.5 2004  0.6
 1  Tu        823 0210  2.4 0818  0.5 1443  2.6 2055  0.5
 2  We        823 0302  2.5 0912  0.4 1534  2.6 2146  0.4
 3  Th        823 0354  2.5 1007  0.4 1625  2.7 2239  0.4
 4  Fr        823 0447  2.5 1102  0.4 1718  2.6 2333  0.4
 5  Sa        823 0543  2.5 1158  0.4 1812  2.6 9999  9.9
 6  Su        823 0028  0.5 0642  2.5 1254  0.5 1910  2.5
 7  Mo        823 0125  0.6 0743  2.4 1351  0.6 2011  2.4
 8  Tu        823 0224  0.6 0844  2.4 1453  0.7 2114  2.3
 9  We        823 0325  0.7 0945  2.3 1558  0.8 2216  2.2
10  Th        823 0426  0.7 1045  2.3 1703  0.8 2315  2.2
11  Fr        823 0524  0.8 1144  2.2 1803  0.8 9999  9.9
12  Sa        823 0011  2.1 0616  0.8 1240  2.2 1854  0.8
13  Su        823 0101  2.1 0703  0.8 1330  2.3 1939  0.8
14  Mo        823 0146  2.2 0747  0.8 1414  2.3 2019  0.8
15  Tu        823 0227  2.2 0828  0.7 1453  2.3 2058  0.8
16  We        823 0304  2.2 0908  0.7 1529  2.3 2134  0.8
17  Th        823 0340  2.2 0947  0.8 1603  2.3 2211  0.8
18  Fr        823 0416  2.2 1026  0.8 1637  2.3 2248  0.8
19  Sa        823 0453  2.1 1105  0.8 1712  2.2 2327  0.8
20  Su        823 0532  2.1 1145  0.8 1750  2.2 9999  9.9
21  Mo        823 0007  0.9 0615  2.1 1226  0.8 1832  2.1
22  Tu        823 0050  0.9 0702  2.1 1311  0.9 1921  2.1
23  We        823 0138  0.9 0753  2.1 1401  0.9 2016  2.0
24  Th        823 0230  0.9 0847  2.1 1459  0.9 2114  2.0
25  Fr        823 0327  0.9 0944  2.1 1603  0.9 2213  2.1
26  Sa        823 0425  0.8 1041  2.2 1705  0.9 2310  2.1
27  Su        823 0521  0.7 1140  2.3 1802  0.8 9999  9.9
28  Mo        823 0005  2.2 0615  0.6 1237  2.4 1854  0.6
29  Tu        823 0058  2.3 0708  0.5 1331  2.5 1944  0.5
30  We        823 0151  2.4 0800  0.4 1423  2.6 2033  0.4
31  Th        823 0242  2.5 0853  0.4 1514  2.7 2123  0.4
 1  Fr        923 0333  2.6 0947  0.3 1603  2.7 2215  0.4
 2  Sa        923 0426  2.6 1041  0.3 1654  2.6 2308  0.4
 3  Su        923 0520  2.6 1136  0.4 1747  2.5 9999  9.9
 4  Mo        923 0002  0.5 0618  2.5 1231  0.5 1844  2.4
 5  Tu        923 0059  0.6 0718  2.4 1329  0.6 1946  2.3
 6  We        923 0158  0.7 0820  2.3 1430  0.7 2051  2.2
 7  Th        923 0259  0.7 0922  2.3 1536  0.8 2154  2.1
 8  Fr        923 0401  0.8 1023  2.2 1642  0.9 2253  2.1
 9  Sa        923 0500  0.8 1121  2.2 1741  0.9 2347  2.1
10  Su        923 0552  0.8 1215  2.2 1830  0.8 9999  9.9
11  Mo        923 0035  2.1 0638  0.8 1303  2.2 1912  0.8
12  Tu        923 0118  2.1 0720  0.8 1344  2.3 1949  0.8
13  We        923 0157  2.2 0759  0.8 1422  2.3 2025  0.8
14  Th        923 0234  2.2 0837  0.7 1456  2.3 2100  0.8
15  Fr        923 0309  2.2 0915  0.7 1530  2.3 2135  0.8
16  Sa        923 0344  2.2 0954  0.8 1603  2.3 2212  0.8
17  Su        923 0421  2.2 1033  0.8 1638  2.2 2251  0.8
18  Mo        923 0500  2.2 1114  0.8 1717  2.2 2333  0.8
19  Tu        923 0543  2.2 1158  0.8 1800  2.1 9999  9.9
20  We        923 0019  0.9 0631  2.1 1245  0.9 1851  2.1
21  Th        923 0108  0.9 0725  2.1 1338  0.9 1950  2.0
22  Fr        923 0203  0.9 0824  2.1 1439  0.9 2053  2.0
23  Sa        923 0303  0.9 0924  2.2 1544  0.9 2154  2.1
24  Su        923 0403  0.8 1023  2.2 1647  0.8 2252  2.2
25  Mo        923 0502  0.7 1122  2.3 1743  0.7 2346  2.3
26  Tu        923 0557  0.6 1218  2.4 1834  0.6 9999  9.9
27  We        923 0039  2.4 0650  0.5 1311  2.5 1923  0.5
28  Th        923 0131  2.5 0742  0.4 1403  2.6 2011  0.4
29  Fr        923 0222  2.5 0834  0.4 1452  2.6 2100  0.4
30  Sa        923 0314  2.6 0927  0.4 1541  2.6 2151  0.4
 1  Su       1023 0406  2.6 1020  0.4 1631  2.6 2243  0.5
 2  Mo       1023 0459  2.5 1114  0.5 1723  2.4 2338  0.5
 3  Tu       1023 0555  2.5 1210  0.6 1819  2.3 9999  9.9
 4  We       1023 0034  0.6 0654  2.4 1306  0.7 1921  2.2
 5  Th       1023 0132  0.7 0756  2.3 1406  0.8 2026  2.1
 6  Fr       1023 0231  0.8 0857  2.2 1510  0.9 2128  2.1
 7  Sa       1023 0331  0.8 0955  2.2 1614  0.9 2225  2.1
 8  Su       1023 0428  0.8 1050  2.2 1710  0.9 2315  2.1
 9  Mo       1023 0520  0.8 1141  2.2 1757  0.8 9999  9.9
10  Tu       1023 0001  2.1 0605  0.8 1226  2.2 1837  0.8
11  We       1023 0043  2.1 0647  0.8 1308  2.2 1914  0.8
12  Th       1023 0122  2.2 0726  0.8 1346  2.2 1949  0.8
13  Fr       1023 0200  2.2 0805  0.8 1421  2.3 2024  0.7
14  Sa       1023 0237  2.2 0843  0.8 1456  2.3 2101  0.7
15  Su       1023 0314  2.2 0923  0.7 1532  2.2 2139  0.8
16  Mo       1023 0352  2.2 1005  0.8 1609  2.2 2220  0.8
17  Tu       1023 0433  2.2 1049  0.8 1650  2.2 2306  0.8
18  We       1023 0519  2.2 1136  0.8 1736  2.1 2355  0.8
19  Th       1023 0610  2.2 1227  0.8 1831  2.1 9999  9.9
20  Fr       1023 0048  0.8 0706  2.2 1322  0.9 1933  2.1
21  Sa       1023 0144  0.8 0806  2.2 1423  0.9 2037  2.1
22  Su       1023 0243  0.8 0907  2.3 1526  0.8 2137  2.1
23  Mo       1023 0344  0.7 1006  2.3 1628  0.8 2234  2.2
24  Tu       1023 0443  0.7 1103  2.4 1723  0.7 2327  2.3
25  We       1023 0539  0.6 1159  2.4 1814  0.6 9999  9.9
26  Th       1023 0020  2.4 0633  0.5 1252  2.5 1902  0.5
27  Fr       1023 0113  2.5 0725  0.5 1343  2.5 1950  0.5
28  Sa       1023 0205  2.5 0817  0.4 1432  2.5 2039  0.4
29  Su       1023 0256  2.5 0909  0.5 1521  2.5 2129  0.5
30  Mo       1023 0348  2.5 1002  0.5 1611  2.4 2222  0.5
31  Tu       1023 0441  2.5 1055  0.6 1702  2.3 2316  0.6
 1  We       1123 0535  2.4 1149  0.7 1756  2.2 9999  9.9
 2  Th       1123 0010  0.7 0631  2.3 1244  0.8 1855  2.1
 3  Fr       1123 0105  0.8 0728  2.3 1340  0.8 1956  2.1
 4  Sa       1123 0200  0.8 0825  2.2 1437  0.9 2055  2.1
 5  Su       1123 0255  0.9 0920  2.2 1535  0.9 2148  2.1
 6  Mo       1123 0348  0.9 1011  2.2 1629  0.9 2236  2.1
 7  Tu       1123 0439  0.9 1059  2.2 1716  0.9 2320  2.1
 8  We       1123 0526  0.9 1144  2.2 1758  0.8 9999  9.9
 9  Th       1123 0003  2.1 0610  0.8 1226  2.2 1836  0.8
10  Fr       1123 0044  2.1 0651  0.8 1307  2.2 1913  0.8
11  Sa       1123 0124  2.2 0732  0.8 1346  2.2 1950  0.8
12  Su       1123 0204  2.2 0813  0.8 1424  2.2 2028  0.7
13  Mo       1123 0245  2.3 0855  0.8 1503  2.2 2109  0.7
14  Tu       1123 0328  2.3 0940  0.7 1544  2.2 2154  0.7
15  We       1123 0412  2.3 1028  0.7 1629  2.2 2243  0.7
16  Th       1123 0500  2.3 1118  0.7 1718  2.2 2336  0.7
17  Fr       1123 0553  2.3 1211  0.8 1815  2.2 9999  9.9
18  Sa       1123 0030  0.7 0649  2.3 1306  0.8 1916  2.1
19  Su       1123 0127  0.7 0749  2.3 1405  0.8 2019  2.2
20  Mo       1123 0225  0.7 0849  2.3 1506  0.8 2118  2.2
21  Tu       1123 0324  0.7 0947  2.4 1606  0.7 2214  2.3
22  We       1123 0424  0.6 1044  2.4 1702  0.7 2309  2.3
23  Th       1123 0522  0.6 1140  2.4 1754  0.6 9999  9.9
24  Fr       1123 0003  2.4 0617  0.6 1234  2.4 1843  0.6
25  Sa       1123 0057  2.4 0710  0.6 1326  2.4 1932  0.5
26  Su       1123 0150  2.5 0802  0.6 1416  2.4 2021  0.5
27  Mo       1123 0243  2.5 0854  0.6 1505  2.4 2111  0.6
28  Tu       1123 0334  2.5 0946  0.6 1553  2.3 2202  0.6
29  We       1123 0425  2.4 1037  0.7 1642  2.3 2255  0.7
30  Th       1123 0515  2.4 1128  0.7 1732  2.2 2346  0.7
 1  Fr       1223 0605  2.3 1218  0.8 1826  2.1 9999  9.9
 2  Sa       1223 0036  0.8 0656  2.2 1308  0.9 1921  2.1
 3  Su       1223 0125  0.8 0747  2.2 1358  0.9 2014  2.0
 4  Mo       1223 0213  0.9 0837  2.1 1450  0.9 2104  2.0
 5  Tu       1223 0302  0.9 0925  2.1 1541  0.9 2151  2.0
 6  We       1223 0352  0.9 1012  2.1 1630  0.9 2236  2.1
 7  Th       1223 0442  0.9 1059  2.1 1715  0.9 2319  2.1
 8  Fr       1223 0530  0.9 1144  2.1 1757  0.8 9999  9.9
 9  Sa       1223 0004  2.1 0616  0.9 1228  2.1 1837  0.8
10  Su       1223 0048  2.2 0701  0.8 1311  2.2 1917  0.8
11  Mo       1223 0134  2.2 0745  0.8 1354  2.2 1959  0.7
12  Tu       1223 0219  2.3 0831  0.7 1438  2.2 2043  0.7
13  We       1223 0306  2.3 0918  0.7 1522  2.2 2132  0.7
14  Th       1223 0353  2.4 1007  0.7 1610  2.3 2224  0.6
15  Fr       1223 0443  2.4 1059  0.7 1701  2.3 2317  0.6
16  Sa       1223 0535  2.4 1152  0.7 1757  2.3 9999  9.9
17  Su       1223 0012  0.6 0630  2.4 1247  0.7 1856  2.3
18  Mo       1223 0108  0.6 0728  2.4 1344  0.7 1957  2.3
19  Tu       1223 0204  0.6 0827  2.4 1443  0.7 2057  2.3
20  We       1223 0304  0.6 0927  2.4 1542  0.7 2154  2.3
21  Th       1223 0405  0.6 1025  2.3 1641  0.7 2251  2.3
22  Fr       1223 0506  0.7 1123  2.3 1736  0.6 2348  2.3
23  Sa       1223 0604  0.7 1219  2.3 1827  0.6 9999  9.9
24  Su       1223 0045  2.4 0659  0.7 1312  2.3 1917  0.6
25  Mo       1223 0140  2.4 0751  0.7 1402  2.3 2006  0.6
26  Tu       1223 0232  2.4 0842  0.7 1450  2.3 2055  0.6
27  We       1223 0322  2.4 0930  0.7 1537  2.2 2144  0.7
28  Th       1223 0408  2.4 1017  0.7 1622  2.2 2233  0.7
29  Fr       1223 0452  2.3 1103  0.8 1707  2.2 2319  0.7
30  Sa       1223 0535  2.3 1147  0.8 1753  2.1 9999  9.9
31  Su       1223 0004  0.8 0619  2.2 1231  0.9 1840  2.1
 1  Mo        124 0047  0.8 0703  2.2 1316  0.9 1928  2.0
 2  Tu        124 0130  0.9 0749  2.1 1402  0.9 2016  2.0
 3  We        124 0215  0.9 0836  2.1 1450  0.9 2103  2.0
 4  Th        124 0304  0.9 0925  2.1 1540  0.9 2150  2.0
 5  Fr        124 0356  1.0 1014  2.1 1630  0.9 2237  2.1
 6  Sa        124 0450  0.9 1103  2.1 1717  0.9 2325  2.1
 7  Su        124 0543  0.9 1152  2.1 1803  0.8 9999  9.9
 8  Mo        124 0015  2.1 0633  0.9 1240  2.1 1847  0.8
 9  Tu        124 0105  2.2 0720  0.8 1327  2.2 1933  0.7
10  We        124 0155  2.3 0808  0.7 1414  2.2 2020  0.6
11  Th        124 0245  2.4 0856  0.7 1501  2.3 2111  0.6
12  Fr        124 0333  2.5 0945  0.6 1550  2.4 2203  0.5
13  Sa        124 0423  2.5 1036  0.6 1641  2.4 2257  0.5
14  Su        124 0513  2.5 1129  0.6 1735  2.4 2351  0.5
15  Mo        124 0607  2.5 1223  0.6 1833  2.4 9999  9.9
16  Tu        124 0046  0.5 0704  2.5 1319  0.6 1933  2.4
17  We        124 0143  0.5 0804  2.4 1418  0.6 2034  2.3
18  Th        124 0243  0.6 0905  2.3 1519  0.7 2135  2.3
19  Fr        124 0346  0.7 1007  2.3 1620  0.7 2235  2.3
20  Sa        124 0451  0.7 1108  2.3 1719  0.7 2335  2.3
21  Su        124 0553  0.7 1206  2.2 1813  0.7 9999  9.9
22  Mo        124 0034  2.3 0650  0.7 1300  2.2 1904  0.7
23  Tu        124 0130  2.3 0740  0.7 1350  2.2 1953  0.7
24  We        124 0220  2.3 0827  0.7 1435  2.2 2039  0.7
25  Th        124 0305  2.3 0911  0.7 1518  2.2 2124  0.7
26  Fr        124 0346  2.3 0952  0.8 1558  2.2 2207  0.7
27  Sa        124 0425  2.3 1033  0.8 1637  2.2 2248  0.8
28  Su        124 0502  2.3 1112  0.8 1717  2.1 2329  0.8
29  Mo        124 0539  2.2 1152  0.9 1758  2.1 9999  9.9
30  Tu        124 0009  0.8 0618  2.2 1232  0.9 1841  2.1
31  We        124 0049  0.9 0701  2.1 1316  0.9 1928  2.0
 1  Th        224 0132  0.9 0748  2.0 1402  1.0 2016  2.0
 2  Fr        224 0220  1.0 0839  2.0 1453  1.0 2106  2.0
 3  Sa        224 0314  1.0 0933  2.0 1546  1.0 2158  2.0
 4  Su        224 0414  1.0 1027  2.0 1640  0.9 2251  2.1
 5  Mo        224 0513  0.9 1120  2.0 1731  0.9 2345  2.2
 6  Tu        224 0607  0.9 1211  2.1 1820  0.8 9999  9.9
 7  We        224 0039  2.2 0656  0.8 1301  2.2 1908  0.7
 8  Th        224 0131  2.4 0744  0.7 1350  2.3 1958  0.6
 9  Fr        224 0222  2.5 0832  0.6 1439  2.4 2049  0.5
10  Sa        224 0311  2.6 0920  0.5 1528  2.5 2141  0.4
11  Su        224 0400  2.6 1011  0.5 1619  2.5 2235  0.4
12  Mo        224 0450  2.6 1103  0.5 1712  2.5 2329  0.4
13  Tu        224 0542  2.6 1157  0.5 1809  2.5 9999  9.9
14  We        224 0024  0.5 0639  2.5 1254  0.6 1909  2.4
15  Th        224 0121  0.5 0740  2.4 1353  0.6 2012  2.4
16  Fr        224 0222  0.6 0845  2.3 1455  0.7 2115  2.3
17  Sa        224 0329  0.7 0950  2.2 1559  0.7 2219  2.3
18  Su        224 0437  0.8 1052  2.2 1701  0.8 2321  2.3
19  Mo        224 0541  0.8 1151  2.2 1758  0.8 9999  9.9
20  Tu        224 0020  2.3 0636  0.8 1244  2.2 1848  0.7
21  We        224 0114  2.3 0723  0.8 1332  2.2 1934  0.7
22  Th        224 0201  2.3 0805  0.8 1414  2.2 2017  0.7
23  Fr        224 0242  2.3 0844  0.8 1453  2.2 2058  0.7
24  Sa        224 0319  2.3 0921  0.8 1530  2.2 2137  0.7
25  Su        224 0353  2.3 0957  0.8 1605  2.2 2215  0.8
26  Mo        224 0426  2.2 1034  0.8 1641  2.2 2253  0.8
27  Tu        224 0500  2.2 1112  0.9 1719  2.1 2332  0.8
28  We        224 0537  2.1 1151  0.9 1759  2.1 9999  9.9
29  Th        224 0012  0.9 0617  2.1 1234  0.9 1844  2.1
 1  Fr        324 0056  0.9 0705  2.0 1320  1.0 1935  2.0
 2  Sa        324 0144  1.0 0759  2.0 1412  1.0 2029  2.0
 3  Su        324 0240  1.0 0858  2.0 1508  1.0 2125  2.1
 4  Mo        324 0343  1.0 0957  2.0 1606  0.9 2221  2.1
 5  Tu        324 0446  0.9 1052  2.0 1702  0.9 2318  2.2
 6  We        324 0541  0.8 1145  2.1 1754  0.7 9999  9.9
 7  Th        324 0013  2.3 0632  0.7 1235  2.2 1845  0.6
 8  Fr        324 0106  2.4 0719  0.6 1325  2.4 1935  0.5
 9  Sa        324 0157  2.5 0806  0.5 1415  2.5 2026  0.4
10  Su        324 0247  2.6 0854  0.4 1505  2.5 2119  0.4
11  Mo        324 0336  2.6 0945  0.4 1556  2.6 2212  0.4
12  Tu        324 0425  2.6 1037  0.4 1650  2.6 2307  0.4
13  We        324 0518  2.5 1132  0.5 1746  2.5 9999  9.9
14  Th        324 0003  0.5 0614  2.4 1229  0.6 1847  2.4
15  Fr        324 0101  0.6 0717  2.3 1329  0.6 1950  2.4
16  Sa        324 0202  0.7 0824  2.2 1432  0.7 2055  2.3
17  Su        324 0309  0.8 0930  2.2 1537  0.8 2159  2.3
18  Mo        324 0418  0.8 1033  2.1 1639  0.8 2300  2.2
19  Tu        324 0521  0.8 1129  2.1 1735  0.8 2357  2.2
20  We        324 0613  0.8 1220  2.1 1825  0.8 9999  9.9
21  Th        324 0047  2.2 0657  0.8 1305  2.2 1908  0.8
22  Fr        324 0131  2.2 0736  0.8 1345  2.2 1948  0.8
23  Sa        324 0210  2.2 0811  0.8 1422  2.2 2027  0.8
24  Su        324 0245  2.2 0846  0.8 1457  2.2 2104  0.8
25  Mo        324 0318  2.2 0920  0.8 1532  2.2 2141  0.8
26  Tu        324 0351  2.2 0956  0.8 1607  2.2 2220  0.8
27  We        324 0425  2.2 1034  0.8 1645  2.2 2300  0.8
28  Th        324 0501  2.1 1115  0.9 1725  2.1 2342  0.9
29  Fr        324 0542  2.1 1159  0.9 1811  2.1 9999  9.9
30  Sa        324 0027  0.9 0631  2.0 1247  0.9 1903  2.1
31  Su        324 0118  0.9 0728  2.0 1340  1.0 1959  2.1
 1  Mo        424 0215  1.0 0831  2.0 1437  0.9 2058  2.1
 2  Tu        424 0317  1.0 0931  2.0 1537  0.9 2156  2.2
 3  We        424 0420  0.9 1027  2.1 1635  0.8 2253  2.2
 4  Th        424 0516  0.8 1119  2.2 1730  0.7 2348  2.3
 5  Fr        424 0606  0.7 1210  2.3 1822  0.6 9999  9.9
 6  Sa        424 0041  2.4 0654  0.6 1301  2.4 1913  0.5
 7  Su        424 0133  2.5 0741  0.5 1352  2.5 2005  0.4
 8  Mo        424 0223  2.6 0829  0.4 1444  2.6 2057  0.4
 9  Tu        424 0312  2.6 0920  0.4 1536  2.6 2151  0.4
10  We        424 0402  2.5 1013  0.4 1629  2.6 2246  0.4
11  Th        424 0455  2.5 1108  0.5 1726  2.5 2343  0.5
12  Fr        424 0552  2.4 1206  0.6 1825  2.4 9999  9.9
13  Sa        424 0041  0.6 0654  2.3 1305  0.7 1928  2.3
14  Su        424 0141  0.7 0800  2.2 1406  0.8 2031  2.3
15  Mo        424 0245  0.8 0906  2.1 1508  0.8 2132  2.2
16  Tu        424 0350  0.9 1005  2.1 1608  0.8 2230  2.2
17  We        424 0449  0.9 1058  2.1 1702  0.8 2322  2.2
18  Th        424 0539  0.8 1145  2.1 1751  0.8 9999  9.9
19  Fr        424 0010  2.2 0622  0.8 1229  2.1 1834  0.8
20  Sa        424 0053  2.2 0659  0.8 1309  2.2 1914  0.8
21  Su        424 0132  2.2 0734  0.8 1347  2.2 1952  0.8
22  Mo        424 0208  2.2 0809  0.8 1424  2.2 2031  0.8
23  Tu        424 0243  2.2 0844  0.8 1500  2.2 2109  0.8
24  We        424 0318  2.2 0921  0.8 1538  2.2 2150  0.8
25  Th        424 0354  2.2 1001  0.8 1617  2.2 2232  0.8
26  Fr        424 0432  2.1 1045  0.8 1659  2.2 2318  0.8
27  Sa        424 0516  2.1 1132  0.9 1747  2.2 9999  9.9
28  Su        424 0006  0.9 0607  2.0 1223  0.9 1839  2.2
29  Mo        424 0057  0.9 0705  2.0 1316  0.9 1936  2.2
30  Tu        424 0153  0.9 0807  2.0 1413  0.9 2034  2.2
 1  We        524 0253  0.9 0906  2.1 1511  0.8 2132  2.2
 2  Th        524 0353  0.8 1002  2.2 1609  0.8 2228  2.3
 3  Fr        524 0449  0.7 1055  2.2 1706  0.7 2323  2.3
 4  Sa        524 0541  0.6 1147  2.3 1800  0.6 9999  9.9
 5  Su        524 0017  2.4 0630  0.6 1239  2.4 1853  0.5
 6  Mo        524 0109  2.5 0718  0.5 1332  2.5 1946  0.5
 7  Tu        524 0201  2.5 0807  0.5 1425  2.6 2039  0.5
 8  We        524 0252  2.5 0858  0.5 1518  2.6 2133  0.5
 9  Th        524 0342  2.5 0951  0.5 1612  2.5 2228  0.5
10  Fr        524 0435  2.4 1047  0.6 1707  2.5 2324  0.6
11  Sa        524 0530  2.3 1144  0.6 1804  2.4 9999  9.9
12  Su        524 0019  0.7 0629  2.2 1240  0.7 1902  2.3
13  Mo        524 0116  0.8 0732  2.1 1337  0.8 2000  2.3
14  Tu        524 0214  0.8 0832  2.1 1432  0.8 2056  2.2
15  We        524 0311  0.9 0928  2.1 1527  0.9 2149  2.2
16  Th        524 0406  0.9 1017  2.1 1619  0.9 2239  2.1
17  Fr        524 0456  0.9 1103  2.1 1709  0.9 2325  2.1
18  Sa        524 0539  0.9 1146  2.1 1754  0.9 9999  9.9
19  Su        524 0009  2.1 0619  0.8 1228  2.1 1837  0.9
20  Mo        524 0050  2.1 0656  0.8 1309  2.2 1918  0.8
21  Tu        524 0130  2.2 0733  0.8 1350  2.2 1959  0.8
22  We        524 0209  2.2 0811  0.8 1430  2.2 2041  0.8
23  Th        524 0248  2.2 0850  0.8 1511  2.2 2124  0.8
24  Fr        524 0327  2.2 0934  0.8 1554  2.3 2209  0.8
25  Sa        524 0409  2.1 1020  0.8 1639  2.3 2256  0.8
26  Su        524 0455  2.1 1110  0.8 1726  2.3 2345  0.8
27  Mo        524 0546  2.1 1202  0.8 1818  2.3 9999  9.9
28  Tu        524 0037  0.8 0643  2.1 1255  0.8 1913  2.3
29  We        524 0131  0.8 0743  2.1 1350  0.7 2011  2.3
30  Th        524 0228  0.8 0842  2.2 1447  0.7 2108  2.3
31  Fr        524 0326  0.7 0938  2.2 1545  0.7 2205  2.3
 1  Sa        624 0423  0.7 1032  2.3 1644  0.7 2301  2.3
 2  Su        624 0517  0.6 1126  2.4 1742  0.6 2356  2.4
 3  Mo        624 0608  0.6 1221  2.4 1837  0.6 9999  9.9
 4  Tu        624 0050  2.4 0658  0.5 1316  2.5 1931  0.6
 5  We        624 0144  2.4 0749  0.5 1412  2.5 2025  0.6
 6  Th        624 0235  2.4 0840  0.5 1505  2.5 2118  0.6
 7  Fr        624 0326  2.4 0933  0.6 1558  2.5 2211  0.6
 8  Sa        624 0416  2.3 1027  0.6 1649  2.4 2303  0.7
 9  Su        624 0508  2.2 1121  0.7 1740  2.4 2355  0.7
10  Mo        624 0602  2.2 1213  0.7 1831  2.3 9999  9.9
11  Tu        624 0045  0.8 0657  2.1 1302  0.8 1922  2.2
12  We        624 0135  0.8 0751  2.1 1351  0.8 2012  2.2
13  Th        624 0226  0.9 0843  2.1 1440  0.9 2102  2.1
14  Fr        624 0316  0.9 0931  2.1 1530  0.9 2150  2.1
15  Sa        624 0406  0.9 1016  2.1 1621  0.9 2237  2.1
16  Su        624 0453  0.9 1101  2.1 1712  0.9 2324  2.1
17  Mo        624 0537  0.9 1146  2.1 1800  0.9 9999  9.9
18  Tu        624 0009  2.1 0619  0.8 1232  2.1 1846  0.9
19  We        624 0054  2.1 0659  0.8 1318  2.2 1930  0.8
20  Th        624 0137  2.1 0740  0.8 1403  2.2 2015  0.8
21  Fr        624 0220  2.2 0823  0.7 1448  2.3 2059  0.8
22  Sa        624 0303  2.2 0909  0.7 1532  2.3 2146  0.7
23  Su        624 0347  2.2 0958  0.7 1618  2.4 2233  0.7
24  Mo        624 0435  2.2 1049  0.6 1705  2.4 2323  0.7
25  Tu        624 0525  2.2 1141  0.6 1756  2.4 9999  9.9
26  We        624 0014  0.7 0621  2.3 1233  0.6 1850  2.4
27  Th        624 0107  0.7 0718  2.3 1327  0.6 1946  2.4
28  Fr        624 0202  0.7 0817  2.3 1424  0.6 2045  2.3
29  Sa        624 0300  0.7 0915  2.3 1524  0.7 2144  2.3
30  Su        624 0359  0.7 1012  2.3 1626  0.7 2242  2.3
