034Timaru
Based on data from  1-Jan-2009
Local Std Time, tidal heights in metres.
 1  Fr        116 0213  0.8 0835  2.1 1446  0.8 2103  2.1
 2  Sa        116 0304  0.8 0926  2.1 1538  0.8 2153  2.1
 3  Su        116 0357  0.9 1016  2.1 1629  0.9 2241  2.1
 4  Mo        116 0450  0.9 1105  2.1 1717  0.8 2328  2.1
 5  Tu        116 0540  0.9 1151  2.1 1802  0.8 9999  9.9
 6  We        116 0015  2.1 0627  0.8 1237  2.1 1844  0.8
 7  Th        116 0101  2.2 0712  0.8 1320  2.1 1926  0.7
 8  Fr        116 0146  2.2 0755  0.7 1403  2.2 2009  0.7
 9  Sa        116 0230  2.3 0838  0.7 1446  2.2 2053  0.6
10  Su        116 0313  2.3 0922  0.6 1529  2.3 2139  0.6
11  Mo        116 0357  2.4 1008  0.6 1613  2.3 2227  0.5
12  Tu        116 0442  2.4 1056  0.6 1701  2.3 2316  0.5
13  We        116 0530  2.4 1145  0.6 1752  2.3 9999  9.9
14  Th        116 0007  0.5 0621  2.4 1237  0.6 1847  2.3
15  Fr        116 0100  0.5 0716  2.4 1331  0.6 1945  2.3
16  Sa        116 0156  0.5 0815  2.3 1429  0.6 2045  2.3
17  Su        116 0255  0.6 0915  2.3 1529  0.6 2145  2.3
18  Mo        116 0357  0.6 1016  2.3 1630  0.6 2244  2.4
19  Tu        116 0500  0.6 1115  2.3 1728  0.5 2344  2.4
20  We        116 0600  0.6 1213  2.3 1823  0.5 9999  9.9
21  Th        116 0042  2.4 0656  0.5 1307  2.4 1915  0.5
22  Fr        116 0137  2.4 0747  0.5 1359  2.4 2005  0.5
23  Sa        116 0229  2.4 0836  0.5 1447  2.4 2054  0.5
24  Su        116 0317  2.4 0924  0.6 1534  2.3 2143  0.5
25  Mo        116 0402  2.4 1010  0.6 1619  2.3 2230  0.6
26  Tu        116 0446  2.4 1055  0.6 1704  2.3 2316  0.6
27  We        116 0529  2.3 1141  0.7 1750  2.2 9999  9.9
28  Th        116 0001  0.7 0613  2.2 1226  0.8 1837  2.1
29  Fr        116 0046  0.7 0700  2.1 1313  0.8 1927  2.1
30  Sa        116 0132  0.8 0750  2.1 1401  0.9 2018  2.0
31  Su        116 0221  0.9 0842  2.0 1452  0.9 2109  2.0
 1  Mo        216 0314  0.9 0934  2.0 1545  0.9 2200  2.0
 2  Tu        216 0410  0.9 1026  2.0 1637  0.9 2249  2.0
 3  We        216 0504  0.9 1115  2.0 1726  0.8 2338  2.1
 4  Th        216 0555  0.8 1202  2.1 1811  0.8 9999  9.9
 5  Fr        216 0027  2.1 0641  0.8 1248  2.1 1855  0.7
 6  Sa        216 0114  2.2 0725  0.7 1332  2.2 1939  0.6
 7  Su        216 0200  2.3 0809  0.6 1416  2.3 2025  0.5
 8  Mo        216 0245  2.4 0853  0.6 1501  2.4 2112  0.5
 9  Tu        216 0330  2.5 0940  0.5 1548  2.4 2201  0.4
10  We        216 0416  2.5 1028  0.5 1636  2.4 2252  0.4
11  Th        216 0505  2.5 1119  0.5 1728  2.4 2345  0.4
12  Fr        216 0557  2.5 1212  0.5 1824  2.4 9999  9.9
13  Sa        216 0039  0.4 0653  2.4 1308  0.5 1924  2.4
14  Su        216 0136  0.5 0754  2.4 1408  0.6 2026  2.4
15  Mo        216 0237  0.6 0858  2.3 1510  0.6 2129  2.4
16  Tu        216 0342  0.6 1001  2.3 1613  0.6 2231  2.3
17  We        216 0448  0.6 1102  2.3 1713  0.6 2332  2.4
18  Th        216 0549  0.6 1200  2.3 1810  0.6 9999  9.9
19  Fr        216 0030  2.4 0643  0.6 1254  2.3 1902  0.6
20  Sa        216 0124  2.4 0733  0.6 1344  2.3 1950  0.6
21  Su        216 0213  2.4 0818  0.6 1430  2.3 2035  0.6
22  Mo        216 0257  2.4 0901  0.6 1512  2.3 2119  0.6
23  Tu        216 0338  2.3 0942  0.6 1553  2.3 2202  0.6
24  We        216 0417  2.3 1023  0.7 1633  2.2 2245  0.7
25  Th        216 0455  2.2 1105  0.7 1715  2.2 2327  0.7
26  Fr        216 0535  2.2 1148  0.8 1758  2.1 9999  9.9
27  Sa        216 0010  0.8 0618  2.1 1232  0.8 1845  2.1
28  Su        216 0055  0.8 0706  2.0 1319  0.9 1934  2.0
29  Mo        216 0142  0.9 0758  2.0 1409  0.9 2026  2.0
 1  Tu        316 0234  0.9 0853  2.0 1502  0.9 2119  2.0
 2  We        316 0330  0.9 0947  2.0 1555  0.9 2210  2.0
 3  Th        316 0427  0.9 1038  2.0 1647  0.9 2301  2.1
 4  Fr        316 0520  0.9 1126  2.1 1736  0.8 2351  2.2
 5  Sa        316 0608  0.8 1213  2.1 1823  0.7 9999  9.9
 6  Su        316 0040  2.3 0654  0.7 1300  2.2 1910  0.6
 7  Mo        316 0128  2.4 0738  0.6 1347  2.3 1957  0.5
 8  Tu        316 0215  2.5 0824  0.5 1434  2.4 2046  0.4
 9  We        316 0303  2.5 0911  0.4 1523  2.5 2136  0.4
10  Th        316 0351  2.6 1001  0.4 1613  2.5 2229  0.3
11  Fr        316 0441  2.6 1054  0.4 1706  2.5 2323  0.3
12  Sa        316 0534  2.5 1149  0.4 1803  2.5 9999  9.9
13  Su        316 0019  0.4 0632  2.4 1247  0.5 1903  2.5
14  Mo        316 0118  0.5 0735  2.4 1347  0.5 2007  2.4
15  Tu        316 0220  0.5 0840  2.3 1450  0.6 2111  2.4
16  We        316 0326  0.6 0945  2.3 1554  0.6 2215  2.3
17  Th        316 0432  0.6 1047  2.3 1656  0.6 2315  2.3
18  Fr        316 0533  0.6 1144  2.3 1753  0.6 9999  9.9
19  Sa        316 0012  2.3 0626  0.6 1236  2.3 1844  0.6
20  Su        316 0104  2.3 0712  0.6 1324  2.3 1930  0.6
21  Mo        316 0150  2.3 0754  0.6 1407  2.2 2012  0.6
22  Tu        316 0232  2.3 0833  0.7 1447  2.2 2053  0.7
23  We        316 0309  2.3 0911  0.7 1525  2.2 2133  0.7
24  Th        316 0346  2.2 0950  0.7 1603  2.2 2213  0.7
25  Fr        316 0422  2.2 1030  0.8 1642  2.2 2254  0.8
26  Sa        316 0500  2.1 1112  0.8 1723  2.1 2337  0.8
27  Su        316 0541  2.1 1156  0.8 1807  2.1 9999  9.9
28  Mo        316 0021  0.8 0627  2.0 1242  0.9 1855  2.0
29  Tu        316 0108  0.9 0719  2.0 1330  0.9 1946  2.0
30  We        316 0158  0.9 0815  1.9 1422  0.9 2039  2.0
31  Th        316 0253  0.9 0910  2.0 1515  0.9 2132  2.1
 1  Fr        416 0350  0.9 1002  2.0 1609  0.9 2224  2.1
 2  Sa        416 0444  0.8 1051  2.1 1701  0.8 2315  2.2
 3  Su        416 0535  0.7 1140  2.2 1752  0.7 9999  9.9
 4  Mo        416 0006  2.3 0622  0.6 1229  2.3 1841  0.5
 5  Tu        416 0057  2.4 0709  0.5 1318  2.4 1930  0.4
 6  We        416 0147  2.5 0756  0.4 1408  2.5 2021  0.4
 7  Th        416 0237  2.6 0845  0.4 1459  2.6 2113  0.3
 8  Fr        416 0327  2.6 0936  0.3 1552  2.6 2207  0.3
 9  Sa        416 0418  2.6 1030  0.3 1646  2.6 2303  0.3
10  Su        416 0512  2.5 1127  0.4 1743  2.6 9999  9.9
11  Mo        416 0000  0.4 0611  2.4 1225  0.4 1843  2.5
12  Tu        416 0059  0.5 0714  2.4 1326  0.5 1947  2.4
13  We        416 0201  0.5 0820  2.3 1428  0.6 2051  2.4
14  Th        416 0305  0.6 0925  2.3 1531  0.6 2153  2.3
15  Fr        416 0409  0.7 1025  2.2 1632  0.7 2252  2.3
16  Sa        416 0509  0.7 1120  2.2 1728  0.7 2347  2.3
17  Su        416 0601  0.7 1211  2.2 1819  0.7 9999  9.9
18  Mo        416 0037  2.2 0645  0.7 1257  2.2 1904  0.7
19  Tu        416 0121  2.2 0725  0.7 1339  2.2 1945  0.7
20  We        416 0201  2.2 0803  0.7 1419  2.2 2024  0.7
21  Th        416 0238  2.2 0839  0.7 1456  2.2 2103  0.7
22  Fr        416 0314  2.2 0917  0.7 1534  2.2 2143  0.8
23  Sa        416 0351  2.1 0957  0.8 1612  2.2 2225  0.8
24  Su        416 0429  2.1 1039  0.8 1653  2.2 2308  0.8
25  Mo        416 0509  2.1 1123  0.8 1736  2.1 2352  0.8
26  Tu        416 0554  2.0 1209  0.9 1822  2.1 9999  9.9
27  We        416 0039  0.9 0645  2.0 1257  0.9 1912  2.1
28  Th        416 0128  0.9 0739  2.0 1347  0.9 2004  2.1
29  Fr        416 0220  0.9 0834  2.0 1439  0.9 2057  2.1
30  Sa        416 0315  0.8 0928  2.0 1533  0.8 2150  2.2
 1  Su        516 0410  0.8 1019  2.1 1628  0.7 2243  2.2
 2  Mo        516 0503  0.7 1109  2.2 1722  0.6 2336  2.3
 3  Tu        516 0553  0.6 1200  2.3 1815  0.5 9999  9.9
 4  We        516 0029  2.4 0642  0.5 1253  2.5 1907  0.4
 5  Th        516 0121  2.5 0731  0.4 1346  2.5 2000  0.4
 6  Fr        516 0213  2.5 0821  0.3 1439  2.6 2053  0.3
 7  Sa        516 0305  2.6 0914  0.3 1533  2.6 2148  0.3
 8  Su        516 0358  2.6 1009  0.3 1628  2.6 2244  0.3
 9  Mo        516 0452  2.5 1106  0.4 1724  2.6 2341  0.4
10  Tu        516 0550  2.4 1204  0.4 1822  2.5 9999  9.9
11  We        516 0038  0.5 0652  2.3 1303  0.5 1923  2.4
12  Th        516 0138  0.6 0756  2.3 1402  0.6 2024  2.4
13  Fr        516 0238  0.6 0858  2.2 1502  0.7 2124  2.3
14  Sa        516 0339  0.7 0956  2.2 1601  0.7 2221  2.2
15  Su        516 0437  0.7 1050  2.2 1656  0.7 2314  2.2
16  Mo        516 0528  0.7 1139  2.2 1747  0.8 9999  9.9
17  Tu        516 0002  2.2 0612  0.7 1224  2.2 1833  0.8
18  We        516 0047  2.1 0652  0.7 1307  2.2 1914  0.8
19  Th        516 0127  2.1 0730  0.7 1348  2.2 1954  0.8
20  Fr        516 0206  2.1 0808  0.7 1427  2.2 2034  0.8
21  Sa        516 0244  2.1 0846  0.7 1506  2.2 2115  0.8
22  Su        516 0322  2.1 0927  0.7 1546  2.2 2157  0.8
23  Mo        516 0401  2.1 1010  0.8 1627  2.2 2241  0.8
24  Tu        516 0442  2.1 1055  0.8 1709  2.2 2326  0.8
25  We        516 0527  2.1 1141  0.8 1754  2.2 9999  9.9
26  Th        516 0012  0.8 0615  2.0 1228  0.8 1842  2.2
27  Fr        516 0059  0.8 0708  2.0 1317  0.8 1933  2.2
28  Sa        516 0150  0.8 0802  2.1 1408  0.8 2026  2.2
29  Su        516 0243  0.8 0857  2.1 1503  0.7 2120  2.2
30  Mo        516 0338  0.7 0950  2.2 1559  0.7 2215  2.3
31  Tu        516 0434  0.6 1043  2.3 1657  0.6 2310  2.3
 1  We        616 0527  0.6 1137  2.4 1753  0.5 9999  9.9
 2  Th        616 0005  2.4 0619  0.5 1232  2.5 1848  0.5
 3  Fr        616 0100  2.5 0710  0.4 1328  2.5 1942  0.4
 4  Sa        616 0154  2.5 0802  0.3 1423  2.6 2036  0.4
 5  Su        616 0247  2.5 0855  0.3 1517  2.6 2130  0.4
 6  Mo        616 0340  2.5 0950  0.3 1611  2.6 2225  0.4
 7  Tu        616 0433  2.5 1046  0.4 1705  2.6 2320  0.4
 8  We        616 0529  2.4 1142  0.4 1759  2.5 9999  9.9
 9  Th        616 0015  0.5 0626  2.3 1237  0.5 1855  2.4
10  Fr        616 0110  0.6 0726  2.3 1332  0.6 1952  2.3
11  Sa        616 0206  0.7 0824  2.2 1427  0.7 2049  2.2
12  Su        616 0302  0.7 0920  2.2 1522  0.8 2143  2.2
13  Mo        616 0357  0.8 1012  2.1 1617  0.8 2234  2.1
14  Tu        616 0448  0.8 1101  2.1 1709  0.8 2323  2.1
15  We        616 0535  0.8 1147  2.1 1758  0.8 9999  9.9
16  Th        616 0009  2.1 0617  0.8 1232  2.1 1842  0.8
17  Fr        616 0052  2.1 0657  0.8 1315  2.1 1925  0.8
18  Sa        616 0134  2.1 0737  0.7 1358  2.2 2006  0.8
19  Su        616 0214  2.1 0817  0.7 1439  2.2 2048  0.7
20  Mo        616 0255  2.1 0859  0.7 1521  2.3 2131  0.7
21  Tu        616 0335  2.2 0943  0.7 1602  2.3 2214  0.7
22  We        616 0417  2.2 1028  0.7 1644  2.3 2259  0.7
23  Th        616 0501  2.2 1115  0.7 1728  2.3 2345  0.7
24  Fr        616 0548  2.1 1202  0.7 1815  2.3 9999  9.9
25  Sa        616 0033  0.7 0640  2.2 1251  0.7 1905  2.3
26  Su        616 0123  0.7 0734  2.2 1343  0.7 1959  2.3
27  Mo        616 0216  0.7 0830  2.2 1438  0.7 2056  2.3
28  Tu        616 0312  0.7 0926  2.3 1536  0.6 2153  2.3
29  We        616 0410  0.6 1022  2.3 1637  0.6 2251  2.3
30  Th        616 0506  0.5 1119  2.4 1736  0.6 2348  2.4
 1  Fr        716 0601  0.5 1217  2.4 1834  0.5 9999  9.9
 2  Sa        716 0044  2.4 0654  0.4 1314  2.5 1928  0.5
 3  Su        716 0139  2.4 0747  0.4 1409  2.6 2022  0.4
 4  Mo        716 0232  2.5 0840  0.4 1503  2.6 2114  0.4
 5  Tu        716 0323  2.5 0932  0.4 1554  2.6 2206  0.4
 6  We        716 0414  2.4 1025  0.4 1644  2.5 2257  0.5
 7  Th        716 0505  2.4 1118  0.5 1733  2.5 2348  0.6
 8  Fr        716 0558  2.3 1209  0.6 1824  2.4 9999  9.9
 9  Sa        716 0038  0.6 0651  2.2 1259  0.6 1915  2.3
10  Su        716 0129  0.7 0746  2.2 1349  0.7 2008  2.2
11  Mo        716 0220  0.8 0839  2.1 1441  0.8 2101  2.1
12  Tu        716 0313  0.8 0931  2.1 1534  0.9 2152  2.1
13  We        716 0405  0.8 1020  2.1 1629  0.9 2242  2.0
14  Th        716 0455  0.8 1109  2.1 1721  0.9 2331  2.0
15  Fr        716 0541  0.8 1156  2.1 1810  0.9 9999  9.9
16  Sa        716 0017  2.1 0625  0.8 1242  2.1 1855  0.8
17  Su        716 0102  2.1 0707  0.7 1328  2.2 1938  0.8
18  Mo        716 0145  2.1 0749  0.7 1411  2.3 2020  0.7
19  Tu        716 0227  2.2 0832  0.7 1454  2.3 2103  0.7
20  We        716 0309  2.2 0916  0.6 1535  2.4 2146  0.6
21  Th        716 0351  2.3 1002  0.6 1618  2.4 2231  0.6
22  Fr        716 0436  2.3 1049  0.6 1702  2.4 2318  0.6
23  Sa        716 0523  2.3 1138  0.6 1749  2.4 9999  9.9
24  Su        716 0007  0.6 0615  2.3 1228  0.6 1841  2.4
25  Mo        716 0058  0.6 0710  2.3 1321  0.6 1936  2.3
26  Tu        716 0152  0.6 0808  2.3 1418  0.6 2035  2.3
27  We        716 0250  0.6 0907  2.3 1518  0.6 2136  2.3
28  Th        716 0350  0.6 1007  2.4 1622  0.6 2236  2.3
29  Fr        716 0450  0.5 1106  2.4 1724  0.6 2335  2.3
30  Sa        716 0547  0.5 1205  2.4 1823  0.5 9999  9.9
31  Su        716 0032  2.4 0642  0.5 1303  2.5 1917  0.5
 1  Mo        816 0126  2.4 0734  0.4 1357  2.5 2008  0.5
 2  Tu        816 0218  2.4 0825  0.4 1448  2.5 2057  0.5
 3  We        816 0307  2.4 0915  0.4 1535  2.5 2144  0.5
 4  Th        816 0354  2.4 1003  0.5 1621  2.5 2231  0.5
 5  Fr        816 0440  2.3 1052  0.5 1705  2.4 2318  0.6
 6  Sa        816 0527  2.3 1138  0.6 1750  2.3 9999  9.9
 7  Su        816 0004  0.7 0615  2.2 1225  0.7 1836  2.2
 8  Mo        816 0051  0.7 0705  2.1 1311  0.8 1926  2.1
 9  Tu        816 0139  0.8 0757  2.1 1400  0.8 2018  2.1
10  We        816 0229  0.8 0849  2.1 1452  0.9 2111  2.0
11  Th        816 0322  0.9 0940  2.0 1548  0.9 2204  2.0
12  Fr        816 0415  0.9 1031  2.1 1645  0.9 2255  2.0
13  Sa        816 0505  0.8 1120  2.1 1737  0.9 2343  2.0
14  Su        816 0552  0.8 1209  2.1 1824  0.8 9999  9.9
15  Mo        816 0029  2.1 0637  0.7 1256  2.2 1908  0.7
16  Tu        816 0114  2.2 0720  0.7 1341  2.3 1951  0.7
17  We        816 0157  2.2 0804  0.6 1424  2.4 2033  0.6
18  Th        816 0241  2.3 0849  0.5 1508  2.4 2117  0.5
19  Fr        816 0325  2.4 0936  0.5 1552  2.5 2203  0.5
20  Sa        816 0411  2.4 1025  0.4 1637  2.5 2251  0.5
21  Su        816 0500  2.4 1115  0.4 1726  2.5 2342  0.5
22  Mo        816 0552  2.4 1208  0.5 1818  2.4 9999  9.9
23  Tu        816 0035  0.5 0649  2.4 1302  0.5 1916  2.4
24  We        816 0132  0.5 0749  2.4 1401  0.5 2019  2.3
25  Th        816 0232  0.5 0852  2.4 1504  0.6 2122  2.3
26  Fr        816 0334  0.6 0954  2.4 1610  0.6 2225  2.3
27  Sa        816 0436  0.5 1055  2.4 1713  0.6 2324  2.3
28  Su        816 0535  0.5 1155  2.4 1812  0.6 9999  9.9
29  Mo        816 0021  2.3 0630  0.5 1251  2.4 1904  0.5
30  Tu        816 0114  2.3 0720  0.5 1343  2.4 1952  0.5
31  We        816 0202  2.4 0809  0.5 1431  2.4 2037  0.5
 1  Th        916 0248  2.4 0855  0.5 1514  2.4 2120  0.6
 2  Fr        916 0332  2.3 0940  0.6 1556  2.4 2203  0.6
 3  Sa        916 0414  2.3 1024  0.6 1636  2.3 2246  0.6
 4  Su        916 0457  2.2 1108  0.7 1716  2.3 2329  0.7
 5  Mo        916 0541  2.2 1152  0.7 1759  2.2 9999  9.9
 6  Tu        916 0014  0.8 0627  2.1 1237  0.8 1846  2.1
 7  We        916 0101  0.8 0717  2.1 1324  0.9 1937  2.0
 8  Th        916 0150  0.9 0809  2.0 1415  0.9 2033  2.0
 9  Fr        916 0242  0.9 0902  2.0 1511  0.9 2128  2.0
10  Sa        916 0336  0.9 0954  2.1 1609  0.9 2220  2.0
11  Su        916 0428  0.9 1045  2.1 1703  0.9 2309  2.0
12  Mo        916 0518  0.8 1134  2.2 1752  0.8 2356  2.1
13  Tu        916 0605  0.7 1222  2.2 1837  0.7 9999  9.9
14  We        916 0041  2.2 0650  0.6 1308  2.3 1920  0.6
15  Th        916 0127  2.3 0735  0.5 1354  2.4 2004  0.5
16  Fr        916 0212  2.4 0822  0.4 1440  2.5 2049  0.4
17  Sa        916 0259  2.5 0911  0.4 1526  2.6 2136  0.4
18  Su        916 0348  2.5 1001  0.4 1613  2.6 2226  0.4
19  Mo        916 0438  2.5 1054  0.4 1704  2.5 2319  0.4
20  Tu        916 0533  2.5 1149  0.4 1759  2.5 9999  9.9
21  We        916 0015  0.4 0631  2.5 1246  0.4 1859  2.4
22  Th        916 0114  0.5 0733  2.5 1346  0.5 2003  2.4
23  Fr        916 0215  0.5 0837  2.4 1450  0.6 2109  2.3
24  Sa        916 0318  0.5 0940  2.4 1556  0.6 2212  2.3
25  Su        916 0421  0.6 1042  2.4 1700  0.6 2311  2.3
26  Mo        916 0520  0.6 1141  2.4 1757  0.6 9999  9.9
27  Tu        916 0006  2.3 0615  0.5 1235  2.4 1847  0.6
28  We        916 0057  2.3 0704  0.6 1325  2.4 1932  0.6
29  Th        916 0144  2.3 0750  0.6 1410  2.4 2014  0.6
30  Fr        916 0227  2.3 0833  0.6 1451  2.3 2054  0.6
 1  Sa       1016 0309  2.3 0915  0.6 1529  2.3 2134  0.6
 2  Su       1016 0348  2.3 0957  0.7 1607  2.3 2215  0.7
 3  Mo       1016 0428  2.2 1039  0.7 1645  2.2 2257  0.7
 4  Tu       1016 0510  2.2 1122  0.8 1726  2.1 2341  0.8
 5  We       1016 0554  2.1 1207  0.8 1811  2.1 9999  9.9
 6  Th       1016 0028  0.8 0642  2.1 1254  0.9 1902  2.0
 7  Fr       1016 0116  0.9 0734  2.1 1344  0.9 1958  2.0
 8  Sa       1016 0206  0.9 0826  2.1 1438  0.9 2053  2.0
 9  Su       1016 0259  0.9 0919  2.1 1534  0.9 2146  2.0
10  Mo       1016 0351  0.8 1010  2.1 1628  0.9 2235  2.1
11  Tu       1016 0443  0.8 1059  2.2 1718  0.8 2322  2.1
12  We       1016 0532  0.7 1148  2.3 1805  0.7 9999  9.9
13  Th       1016 0009  2.2 0620  0.6 1236  2.4 1850  0.6
14  Fr       1016 0057  2.3 0708  0.5 1324  2.5 1935  0.5
15  Sa       1016 0145  2.5 0757  0.4 1413  2.5 2022  0.4
16  Su       1016 0235  2.5 0848  0.3 1502  2.6 2111  0.3
17  Mo       1016 0326  2.6 0940  0.3 1552  2.6 2204  0.3
18  Tu       1016 0419  2.6 1035  0.3 1644  2.6 2259  0.3
19  We       1016 0515  2.6 1131  0.3 1740  2.5 2357  0.4
20  Th       1016 0614  2.6 1230  0.4 1841  2.4 9999  9.9
21  Fr       1016 0056  0.4 0716  2.5 1330  0.5 1946  2.4
22  Sa       1016 0157  0.5 0820  2.5 1433  0.5 2052  2.3
23  Su       1016 0259  0.5 0923  2.4 1538  0.6 2154  2.3
24  Mo       1016 0401  0.6 1023  2.4 1640  0.6 2252  2.3
25  Tu       1016 0500  0.6 1120  2.4 1736  0.6 2346  2.3
26  We       1016 0554  0.6 1213  2.3 1825  0.6 9999  9.9
27  Th       1016 0035  2.3 0643  0.6 1301  2.3 1909  0.6
28  Fr       1016 0121  2.3 0727  0.6 1345  2.3 1949  0.6
29  Sa       1016 0204  2.2 0809  0.7 1425  2.3 2027  0.7
30  Su       1016 0244  2.2 0850  0.7 1502  2.2 2106  0.7
31  Mo       1016 0323  2.2 0930  0.7 1539  2.2 2146  0.7
 1  Tu       1116 0403  2.2 1012  0.7 1618  2.2 2228  0.7
 2  We       1116 0444  2.2 1055  0.8 1658  2.1 2313  0.8
 3  Th       1116 0527  2.2 1140  0.8 1743  2.1 2359  0.8
 4  Fr       1116 0613  2.1 1227  0.8 1832  2.0 9999  9.9
 5  Sa       1116 0046  0.8 0702  2.1 1315  0.9 1925  2.0
 6  Su       1116 0134  0.8 0753  2.1 1406  0.9 2019  2.0
 7  Mo       1116 0224  0.8 0844  2.1 1459  0.9 2111  2.0
 8  Tu       1116 0316  0.8 0935  2.1 1553  0.8 2201  2.1
 9  We       1116 0408  0.8 1025  2.2 1644  0.7 2250  2.2
10  Th       1116 0501  0.7 1116  2.3 1734  0.6 2339  2.3
11  Fr       1116 0552  0.6 1207  2.4 1821  0.5 9999  9.9
12  Sa       1116 0030  2.4 0643  0.5 1258  2.5 1909  0.4
13  Su       1116 0122  2.5 0735  0.4 1349  2.5 1958  0.3
14  Mo       1116 0215  2.6 0828  0.3 1441  2.6 2050  0.3
15  Tu       1116 0308  2.6 0922  0.3 1533  2.6 2144  0.3
16  We       1116 0403  2.7 1017  0.3 1626  2.6 2240  0.3
17  Th       1116 0459  2.6 1114  0.3 1723  2.5 2338  0.3
18  Fr       1116 0556  2.6 1212  0.4 1823  2.4 9999  9.9
19  Sa       1116 0037  0.4 0657  2.5 1311  0.5 1926  2.4
20  Su       1116 0136  0.5 0758  2.5 1412  0.5 2030  2.3
21  Mo       1116 0236  0.5 0900  2.4 1513  0.6 2130  2.3
22  Tu       1116 0336  0.6 0958  2.3 1614  0.6 2227  2.2
23  We       1116 0434  0.7 1054  2.3 1709  0.7 2319  2.2
24  Th       1116 0528  0.7 1146  2.2 1758  0.7 9999  9.9
25  Fr       1116 0008  2.2 0617  0.7 1233  2.2 1841  0.7
26  Sa       1116 0055  2.2 0702  0.7 1317  2.2 1921  0.7
27  Su       1116 0138  2.2 0744  0.7 1357  2.2 2000  0.7
28  Mo       1116 0219  2.2 0824  0.7 1436  2.2 2039  0.7
29  Tu       1116 0259  2.2 0905  0.8 1514  2.2 2119  0.7
30  We       1116 0339  2.2 0947  0.8 1553  2.1 2202  0.7
 1  Th       1216 0420  2.2 1031  0.8 1633  2.1 2246  0.7
 2  Fr       1216 0502  2.2 1115  0.8 1717  2.1 2332  0.8
 3  Sa       1216 0545  2.2 1200  0.8 1803  2.0 9999  9.9
 4  Su       1216 0017  0.8 0631  2.2 1247  0.8 1853  2.0
 5  Mo       1216 0104  0.8 0720  2.1 1335  0.8 1945  2.0
 6  Tu       1216 0152  0.8 0811  2.2 1426  0.8 2038  2.1
 7  We       1216 0243  0.8 0902  2.2 1519  0.8 2129  2.1
 8  Th       1216 0337  0.7 0955  2.2 1612  0.7 2220  2.2
 9  Fr       1216 0432  0.7 1048  2.3 1705  0.6 2313  2.3
10  Sa       1216 0528  0.6 1141  2.4 1757  0.5 9999  9.9
11  Su       1216 0007  2.4 0623  0.5 1236  2.4 1848  0.4
12  Mo       1216 0102  2.5 0717  0.4 1329  2.5 1939  0.4
13  Tu       1216 0158  2.6 0811  0.4 1423  2.5 2032  0.3
14  We       1216 0253  2.6 0905  0.3 1516  2.6 2127  0.3
15  Th       1216 0348  2.7 1000  0.3 1610  2.5 2223  0.3
16  Fr       1216 0442  2.6 1056  0.4 1705  2.5 2319  0.3
17  Sa       1216 0537  2.6 1152  0.4 1802  2.4 9999  9.9
18  Su       1216 0016  0.4 0634  2.5 1248  0.5 1901  2.4
19  Mo       1216 0111  0.5 0732  2.4 1345  0.6 2002  2.3
20  Tu       1216 0207  0.6 0830  2.3 1442  0.7 2100  2.2
21  We       1216 0304  0.7 0927  2.3 1540  0.7 2155  2.2
22  Th       1216 0401  0.7 1021  2.2 1635  0.7 2247  2.2
23  Fr       1216 0456  0.8 1113  2.2 1725  0.8 2337  2.1
24  Sa       1216 0547  0.8 1201  2.1 1810  0.8 9999  9.9
25  Su       1216 0024  2.1 0634  0.8 1246  2.1 1852  0.8
26  Mo       1216 0109  2.1 0717  0.8 1328  2.1 1932  0.7
27  Tu       1216 0153  2.2 0759  0.8 1409  2.1 2012  0.7
28  We       1216 0234  2.2 0840  0.8 1448  2.1 2053  0.7
29  Th       1216 0315  2.2 0922  0.7 1528  2.2 2135  0.7
30  Fr       1216 0355  2.2 1004  0.7 1608  2.1 2219  0.7
31  Sa       1216 0435  2.2 1047  0.7 1650  2.1 2304  0.7
