034Timaru
Based on data from  1-Jan-2014
Local Std Time, tidal heights in metres.
 1  Fr        722 0436  2.1 1047  0.8 1702  2.2 2316  0.9
 2  Sa        722 0517  2.1 1129  0.8 1741  2.2 2358  0.9
 3  Su        722 0600  2.0 1211  0.8 1823  2.2 9999  9.9
 4  Mo        722 0040  0.9 0646  2.0 1254  0.9 1907  2.2
 5  Tu        722 0125  0.9 0735  2.0 1339  0.9 1955  2.1
 6  We        722 0212  0.9 0824  2.1 1427  0.9 2045  2.1
 7  Th        722 0302  0.9 0913  2.1 1520  0.9 2137  2.1
 8  Fr        722 0354  0.8 1004  2.2 1617  0.8 2230  2.2
 9  Sa        722 0447  0.8 1056  2.2 1715  0.8 2324  2.2
10  Su        722 0539  0.7 1151  2.3 1812  0.7 9999  9.9
11  Mo        722 0020  2.3 0631  0.6 1249  2.4 1907  0.6
12  Tu        722 0115  2.3 0723  0.5 1347  2.5 2002  0.5
13  We        722 0209  2.4 0818  0.5 1443  2.6 2056  0.5
14  Th        722 0303  2.5 0914  0.4 1537  2.6 2151  0.4
15  Fr        722 0358  2.5 1011  0.4 1631  2.7 2246  0.4
16  Sa        722 0453  2.5 1108  0.4 1725  2.6 2341  0.5
17  Su        722 0550  2.4 1204  0.4 1820  2.5 9999  9.9
18  Mo        722 0036  0.5 0649  2.4 1259  0.5 1918  2.5
19  Tu        722 0132  0.6 0749  2.3 1355  0.6 2016  2.4
20  We        722 0230  0.7 0848  2.3 1453  0.7 2115  2.3
21  Th        722 0328  0.7 0945  2.2 1554  0.8 2213  2.2
22  Fr        722 0425  0.8 1041  2.2 1654  0.8 2308  2.1
23  Sa        722 0518  0.8 1135  2.2 1751  0.9 9999  9.9
24  Su        722 0001  2.1 0607  0.8 1228  2.2 1842  0.9
25  Mo        722 0050  2.1 0652  0.8 1317  2.2 1927  0.9
26  Tu        722 0134  2.1 0735  0.8 1402  2.2 2009  0.8
27  We        722 0215  2.1 0816  0.8 1443  2.2 2048  0.8
28  Th        722 0254  2.1 0856  0.8 1520  2.3 2127  0.8
29  Fr        722 0331  2.1 0936  0.8 1556  2.3 2205  0.8
30  Sa        722 0407  2.1 1017  0.8 1631  2.3 2243  0.8
31  Su        722 0445  2.1 1057  0.8 1708  2.3 2323  0.8
 1  Mo        822 0526  2.1 1138  0.8 1747  2.2 9999  9.9
 2  Tu        822 0004  0.8 0609  2.1 1221  0.8 1830  2.2
 3  We        822 0048  0.8 0656  2.1 1306  0.8 1918  2.2
 4  Th        822 0135  0.8 0748  2.1 1356  0.8 2011  2.1
 5  Fr        822 0227  0.8 0842  2.2 1451  0.8 2108  2.1
 6  Sa        822 0323  0.8 0937  2.2 1553  0.8 2206  2.1
 7  Su        822 0421  0.8 1035  2.2 1657  0.8 2305  2.2
 8  Mo        822 0519  0.7 1135  2.3 1758  0.7 9999  9.9
 9  Tu        822 0004  2.3 0614  0.6 1235  2.4 1854  0.6
10  We        822 0100  2.3 0709  0.5 1334  2.5 1947  0.5
11  Th        822 0155  2.4 0803  0.4 1428  2.6 2039  0.5
12  Fr        822 0248  2.5 0858  0.4 1521  2.6 2131  0.4
13  Sa        822 0340  2.5 0952  0.4 1611  2.7 2223  0.4
14  Su        822 0433  2.5 1047  0.4 1702  2.6 2316  0.5
15  Mo        822 0526  2.5 1140  0.4 1753  2.5 9999  9.9
16  Tu        822 0008  0.5 0621  2.4 1233  0.5 1847  2.4
17  We        822 0101  0.6 0719  2.3 1326  0.7 1944  2.3
18  Th        822 0156  0.7 0817  2.3 1422  0.8 2043  2.2
19  Fr        822 0253  0.8 0914  2.2 1522  0.9 2142  2.1
20  Sa        822 0351  0.8 1011  2.2 1625  0.9 2239  2.1
21  Su        822 0447  0.9 1106  2.1 1724  0.9 2332  2.1
22  Mo        822 0538  0.9 1159  2.1 1816  0.9 9999  9.9
23  Tu        822 0021  2.1 0625  0.8 1248  2.2 1900  0.9
24  We        822 0106  2.1 0707  0.8 1333  2.2 1940  0.8
25  Th        822 0146  2.1 0747  0.8 1412  2.2 2018  0.8
26  Fr        822 0224  2.2 0827  0.8 1449  2.3 2054  0.8
27  Sa        822 0300  2.2 0906  0.7 1524  2.3 2131  0.7
28  Su        822 0337  2.2 0945  0.7 1559  2.3 2209  0.7
29  Mo        822 0414  2.2 1026  0.7 1636  2.3 2249  0.7
30  Tu        822 0454  2.2 1108  0.7 1715  2.3 2331  0.7
31  We        822 0538  2.2 1153  0.7 1759  2.2 9999  9.9
 1  Th        922 0017  0.8 0627  2.2 1241  0.8 1849  2.2
 2  Fr        922 0106  0.8 0721  2.2 1333  0.8 1946  2.1
 3  Sa        922 0201  0.8 0820  2.2 1433  0.8 2049  2.1
 4  Su        922 0301  0.8 0921  2.2 1539  0.8 2152  2.1
 5  Mo        922 0404  0.8 1023  2.3 1645  0.8 2253  2.2
 6  Tu        922 0504  0.7 1124  2.3 1747  0.7 2352  2.3
 7  We        922 0602  0.6 1224  2.4 1841  0.6 9999  9.9
 8  Th        922 0047  2.3 0656  0.5 1320  2.5 1932  0.5
 9  Fr        922 0140  2.4 0749  0.4 1413  2.6 2021  0.5
10  Sa        922 0231  2.5 0841  0.4 1502  2.6 2110  0.4
11  Su        922 0321  2.5 0933  0.4 1550  2.6 2159  0.5
12  Mo        922 0411  2.5 1024  0.4 1637  2.5 2249  0.5
13  Tu        922 0501  2.5 1115  0.5 1725  2.4 2339  0.6
14  We        922 0553  2.4 1206  0.6 1816  2.3 9999  9.9
15  Th        922 0030  0.7 0648  2.3 1257  0.7 1911  2.2
16  Fr        922 0123  0.8 0744  2.2 1352  0.8 2010  2.1
17  Sa        922 0218  0.8 0842  2.1 1450  0.9 2110  2.0
18  Su        922 0315  0.9 0938  2.1 1552  1.0 2207  2.0
19  Mo        922 0412  0.9 1033  2.1 1652  0.9 2300  2.0
20  Tu        922 0504  0.9 1125  2.1 1744  0.9 2347  2.0
21  We        922 0552  0.9 1213  2.2 1827  0.9 9999  9.9
22  Th        922 0031  2.1 0635  0.8 1256  2.2 1906  0.8
23  Fr        922 0111  2.1 0715  0.8 1336  2.3 1943  0.8
24  Sa        922 0150  2.2 0754  0.7 1414  2.3 2019  0.7
25  Su        922 0227  2.2 0833  0.7 1450  2.3 2055  0.7
26  Mo        922 0305  2.3 0914  0.7 1527  2.3 2134  0.7
27  Tu        922 0344  2.3 0956  0.6 1605  2.3 2216  0.7
28  We        922 0426  2.3 1042  0.6 1647  2.3 2302  0.7
29  Th        922 0513  2.3 1130  0.7 1734  2.3 2352  0.7
30  Fr        922 0605  2.3 1222  0.7 1828  2.2 9999  9.9
 1  Sa       1022 0046  0.7 0703  2.3 1318  0.8 1931  2.2
 2  Su       1022 0144  0.7 0806  2.3 1421  0.8 2037  2.1
 3  Mo       1022 0246  0.7 0910  2.3 1528  0.8 2142  2.2
 4  Tu       1022 0350  0.7 1013  2.3 1634  0.7 2243  2.2
 5  We       1022 0452  0.7 1113  2.4 1734  0.7 2339  2.3
 6  Th       1022 0549  0.6 1211  2.4 1826  0.6 9999  9.9
 7  Fr       1022 0033  2.4 0643  0.5 1305  2.5 1915  0.5
 8  Sa       1022 0124  2.4 0734  0.5 1355  2.5 2002  0.5
 9  Su       1022 0214  2.5 0824  0.5 1442  2.5 2048  0.5
10  Mo       1022 0303  2.5 0913  0.5 1528  2.5 2134  0.5
11  Tu       1022 0350  2.5 1002  0.5 1612  2.4 2222  0.6
12  We       1022 0438  2.4 1051  0.6 1658  2.3 2311  0.7
13  Th       1022 0527  2.3 1140  0.7 1746  2.2 9999  9.9
14  Fr       1022 0000  0.7 0618  2.2 1230  0.8 1838  2.1
15  Sa       1022 0051  0.8 0712  2.2 1322  0.9 1936  2.0
16  Su       1022 0144  0.9 0807  2.1 1417  0.9 2035  2.0
17  Mo       1022 0237  0.9 0902  2.1 1515  1.0 2131  2.0
18  Tu       1022 0332  0.9 0955  2.1 1613  1.0 2222  2.0
19  We       1022 0424  0.9 1044  2.1 1704  0.9 2308  2.0
20  Th       1022 0512  0.9 1131  2.2 1749  0.9 2351  2.1
21  Fr       1022 0557  0.8 1215  2.2 1828  0.8 9999  9.9
22  Sa       1022 0032  2.1 0639  0.8 1256  2.2 1905  0.7
23  Su       1022 0112  2.2 0719  0.7 1336  2.3 1942  0.7
24  Mo       1022 0152  2.3 0801  0.7 1415  2.3 2021  0.6
25  Tu       1022 0233  2.3 0844  0.6 1456  2.4 2102  0.6
26  We       1022 0317  2.4 0930  0.6 1538  2.4 2148  0.6
27  Th       1022 0404  2.4 1019  0.6 1624  2.3 2238  0.6
28  Fr       1022 0454  2.4 1112  0.6 1715  2.3 2332  0.6
29  Sa       1022 0549  2.4 1207  0.7 1813  2.2 9999  9.9
30  Su       1022 0030  0.6 0649  2.4 1306  0.7 1918  2.2
31  Mo       1022 0130  0.7 0753  2.4 1409  0.7 2025  2.2
 1  Tu       1122 0232  0.7 0857  2.4 1515  0.7 2129  2.2
 2  We       1122 0335  0.6 0959  2.4 1619  0.7 2228  2.3
 3  Th       1122 0436  0.6 1058  2.4 1716  0.6 2323  2.3
 4  Fr       1122 0534  0.6 1154  2.4 1808  0.6 9999  9.9
 5  Sa       1122 0016  2.4 0627  0.6 1247  2.4 1856  0.6
 6  Su       1122 0107  2.4 0718  0.6 1336  2.4 1941  0.6
 7  Mo       1122 0157  2.4 0807  0.6 1422  2.4 2026  0.6
 8  Tu       1122 0245  2.4 0854  0.6 1507  2.4 2111  0.6
 9  We       1122 0332  2.4 0942  0.7 1550  2.3 2157  0.7
10  Th       1122 0418  2.3 1029  0.7 1633  2.2 2245  0.7
11  Fr       1122 0504  2.3 1116  0.8 1719  2.1 2333  0.8
12  Sa       1122 0551  2.2 1203  0.9 1808  2.1 9999  9.9
13  Su       1122 0021  0.8 0640  2.2 1252  0.9 1901  2.0
14  Mo       1122 0109  0.9 0730  2.1 1342  0.9 1957  2.0
15  Tu       1122 0158  0.9 0822  2.1 1435  1.0 2050  2.0
16  We       1122 0248  0.9 0912  2.1 1528  0.9 2139  2.0
17  Th       1122 0339  0.9 1000  2.1 1619  0.9 2224  2.0
18  Fr       1122 0428  0.9 1046  2.1 1705  0.9 2307  2.1
19  Sa       1122 0515  0.8 1131  2.2 1747  0.8 2350  2.1
20  Su       1122 0601  0.8 1215  2.2 1827  0.7 9999  9.9
21  Mo       1122 0033  2.2 0646  0.7 1259  2.3 1907  0.7
22  Tu       1122 0118  2.3 0731  0.7 1343  2.3 1950  0.6
23  We       1122 0205  2.4 0818  0.6 1428  2.3 2035  0.6
24  Th       1122 0254  2.4 0908  0.6 1515  2.4 2125  0.6
25  Fr       1122 0345  2.5 1000  0.6 1606  2.4 2219  0.5
26  Sa       1122 0439  2.5 1055  0.6 1700  2.3 2316  0.5
27  Su       1122 0535  2.5 1152  0.6 1759  2.3 9999  9.9
28  Mo       1122 0015  0.5 0635  2.5 1252  0.6 1903  2.3
29  Tu       1122 0114  0.6 0737  2.5 1353  0.6 2008  2.3
30  We       1122 0215  0.6 0839  2.4 1455  0.7 2110  2.3
 1  Th       1222 0316  0.6 0940  2.4 1557  0.7 2208  2.3
 2  Fr       1222 0417  0.6 1038  2.4 1655  0.6 2304  2.3
 3  Sa       1222 0515  0.6 1134  2.4 1748  0.6 2358  2.3
 4  Su       1222 0611  0.6 1227  2.3 1836  0.6 9999  9.9
 5  Mo       1222 0050  2.3 0702  0.7 1317  2.3 1922  0.6
 6  Tu       1222 0141  2.3 0751  0.7 1404  2.3 2006  0.7
 7  We       1222 0229  2.3 0837  0.7 1447  2.2 2050  0.7
 8  Th       1222 0315  2.3 0923  0.8 1530  2.2 2135  0.7
 9  Fr       1222 0359  2.3 1008  0.8 1611  2.2 2221  0.8
10  Sa       1222 0441  2.2 1052  0.8 1653  2.1 2306  0.8
11  Su       1222 0524  2.2 1136  0.9 1738  2.1 2351  0.8
12  Mo       1222 0607  2.2 1220  0.9 1825  2.0 9999  9.9
13  Tu       1222 0035  0.9 0651  2.1 1305  0.9 1915  2.0
14  We       1222 0119  0.9 0738  2.1 1352  0.9 2005  2.0
15  Th       1222 0205  0.9 0826  2.1 1441  0.9 2052  2.0
16  Fr       1222 0252  0.9 0913  2.1 1530  0.9 2138  2.0
17  Sa       1222 0342  0.9 1001  2.1 1619  0.9 2224  2.1
18  Su       1222 0434  0.9 1049  2.1 1706  0.8 2310  2.1
19  Mo       1222 0525  0.8 1137  2.2 1751  0.8 2358  2.2
20  Tu       1222 0615  0.8 1225  2.2 1836  0.7 9999  9.9
21  We       1222 0049  2.3 0706  0.7 1315  2.3 1923  0.6
22  Th       1222 0142  2.4 0757  0.6 1405  2.3 2013  0.5
23  Fr       1222 0235  2.5 0849  0.6 1456  2.4 2106  0.5
24  Sa       1222 0329  2.5 0943  0.5 1549  2.4 2202  0.5
25  Su       1222 0423  2.6 1038  0.5 1644  2.4 2300  0.4
26  Mo       1222 0518  2.6 1134  0.5 1742  2.4 2357  0.4
27  Tu       1222 0616  2.6 1232  0.5 1843  2.4 9999  9.9
28  We       1222 0055  0.5 0715  2.5 1330  0.6 1945  2.4
29  Th       1222 0153  0.5 0816  2.4 1430  0.6 2046  2.3
30  Fr       1222 0252  0.6 0916  2.4 1531  0.7 2145  2.3
31  Sa       1222 0354  0.7 1016  2.3 1630  0.7 2242  2.3
 1  Su        123 0455  0.7 1113  2.3 1725  0.7 2338  2.3
 2  Mo        123 0553  0.7 1207  2.2 1815  0.7 9999  9.9
 3  Tu        123 0032  2.3 0646  0.8 1258  2.2 1902  0.7
 4  We        123 0125  2.3 0735  0.8 1345  2.2 1947  0.7
 5  Th        123 0213  2.3 0820  0.8 1429  2.2 2030  0.7
 6  Fr        123 0258  2.3 0903  0.8 1509  2.2 2113  0.8
 7  Sa        123 0338  2.3 0944  0.8 1548  2.1 2156  0.8
 8  Su        123 0417  2.2 1025  0.8 1627  2.1 2238  0.8
 9  Mo        123 0454  2.2 1105  0.8 1706  2.1 2319  0.8
10  Tu        123 0532  2.2 1145  0.9 1748  2.1 9999  9.9
11  We        123 0000  0.8 0612  2.2 1226  0.9 1832  2.0
12  Th        123 0041  0.8 0654  2.1 1309  0.9 1918  2.0
13  Fr        123 0124  0.9 0739  2.1 1355  0.9 2006  2.0
14  Sa        123 0210  0.9 0828  2.1 1443  0.9 2054  2.1
15  Su        123 0300  0.9 0919  2.1 1535  0.9 2144  2.1
16  Mo        123 0356  0.9 1011  2.1 1627  0.9 2235  2.1
17  Tu        123 0454  0.9 1105  2.1 1719  0.8 2330  2.2
18  We        123 0551  0.8 1159  2.2 1810  0.7 9999  9.9
19  Th        123 0026  2.3 0645  0.7 1253  2.3 1902  0.6
20  Fr        123 0123  2.4 0738  0.6 1346  2.3 1954  0.5
21  Sa        123 0219  2.5 0831  0.5 1439  2.4 2049  0.4
22  Su        123 0313  2.6 0924  0.5 1531  2.5 2144  0.4
23  Mo        123 0405  2.6 1018  0.5 1625  2.5 2241  0.4
24  Tu        123 0458  2.6 1112  0.5 1721  2.5 2337  0.4
25  We        123 0552  2.6 1207  0.5 1819  2.5 9999  9.9
26  Th        123 0032  0.4 0649  2.5 1304  0.6 1919  2.4
27  Fr        123 0128  0.5 0749  2.4 1402  0.6 2019  2.3
28  Sa        123 0227  0.6 0850  2.3 1501  0.7 2119  2.3
29  Su        123 0328  0.7 0951  2.2 1602  0.8 2218  2.2
30  Mo        123 0432  0.8 1050  2.2 1700  0.8 2316  2.2
31  Tu        123 0533  0.8 1146  2.1 1753  0.8 9999  9.9
 1  We        223 0012  2.2 0628  0.8 1237  2.1 1841  0.8
 2  Th        223 0105  2.2 0716  0.8 1324  2.1 1926  0.8
 3  Fr        223 0152  2.2 0758  0.8 1406  2.1 2008  0.8
 4  Sa        223 0234  2.2 0838  0.8 1445  2.1 2048  0.8
 5  Su        223 0312  2.2 0915  0.8 1522  2.1 2127  0.8
 6  Mo        223 0347  2.2 0953  0.8 1557  2.1 2207  0.8
 7  Tu        223 0421  2.2 1030  0.8 1633  2.1 2245  0.8
 8  We        223 0456  2.2 1108  0.8 1711  2.1 2325  0.8
 9  Th        223 0533  2.2 1147  0.9 1751  2.1 9999  9.9
10  Fr        223 0005  0.8 0613  2.2 1229  0.9 1836  2.1
11  Sa        223 0048  0.8 0658  2.1 1314  0.9 1924  2.1
12  Su        223 0134  0.9 0749  2.1 1403  0.9 2017  2.1
13  Mo        223 0227  0.9 0845  2.1 1458  0.9 2112  2.1
14  Tu        223 0327  0.9 0943  2.1 1556  0.9 2210  2.2
15  We        223 0431  0.9 1042  2.1 1654  0.8 2309  2.2
16  Th        223 0532  0.8 1139  2.2 1750  0.7 9999  9.9
17  Fr        223 0009  2.3 0629  0.7 1235  2.3 1844  0.6
18  Sa        223 0107  2.4 0721  0.6 1328  2.4 1938  0.5
19  Su        223 0202  2.5 0812  0.5 1421  2.5 2031  0.4
20  Mo        223 0254  2.6 0903  0.4 1513  2.5 2125  0.4
21  Tu        223 0345  2.6 0955  0.4 1605  2.5 2220  0.4
22  We        223 0435  2.6 1047  0.4 1658  2.5 2314  0.4
23  Th        223 0527  2.6 1140  0.5 1753  2.5 9999  9.9
24  Fr        223 0008  0.5 0621  2.4 1235  0.6 1851  2.4
25  Sa        223 0102  0.6 0719  2.3 1331  0.7 1951  2.3
26  Su        223 0200  0.7 0821  2.2 1430  0.8 2051  2.2
27  Mo        223 0301  0.8 0924  2.1 1531  0.8 2151  2.2
28  Tu        223 0406  0.9 1024  2.1 1631  0.9 2250  2.2
 1  We        323 0509  0.9 1120  2.1 1726  0.9 2346  2.1
 2  Th        323 0603  0.9 1211  2.1 1815  0.8 9999  9.9
 3  Fr        323 0037  2.2 0649  0.9 1256  2.1 1858  0.8
 4  Sa        323 0123  2.2 0729  0.8 1337  2.1 1939  0.8
 5  Su        323 0203  2.2 0806  0.8 1414  2.1 2017  0.8
 6  Mo        323 0239  2.2 0841  0.8 1450  2.2 2055  0.8
 7  Tu        323 0313  2.3 0916  0.8 1524  2.2 2133  0.7
 8  We        323 0346  2.3 0952  0.8 1559  2.2 2211  0.7
 9  Th        323 0421  2.2 1030  0.8 1636  2.2 2251  0.8
10  Fr        323 0457  2.2 1110  0.8 1717  2.2 2333  0.8
11  Sa        323 0537  2.2 1153  0.8 1802  2.2 9999  9.9
12  Su        323 0018  0.8 0624  2.1 1241  0.9 1853  2.1
13  Mo        323 0108  0.8 0718  2.1 1333  0.9 1950  2.1
14  Tu        323 0204  0.9 0820  2.0 1431  0.9 2050  2.2
15  We        323 0307  0.9 0924  2.1 1533  0.8 2152  2.2
16  Th        323 0414  0.9 1025  2.1 1635  0.8 2253  2.3
17  Fr        323 0517  0.8 1123  2.2 1733  0.7 2353  2.3
18  Sa        323 0613  0.7 1218  2.3 1828  0.6 9999  9.9
19  Su        323 0050  2.4 0703  0.6 1311  2.4 1921  0.5
20  Mo        323 0143  2.5 0752  0.5 1403  2.5 2013  0.4
21  Tu        323 0234  2.6 0841  0.4 1453  2.5 2106  0.4
22  We        323 0323  2.6 0930  0.4 1544  2.5 2158  0.4
23  Th        323 0411  2.5 1021  0.5 1635  2.5 2250  0.5
24  Fr        323 0501  2.5 1113  0.6 1728  2.4 2343  0.6
25  Sa        323 0553  2.3 1206  0.6 1823  2.4 9999  9.9
26  Su        323 0037  0.7 0649  2.2 1301  0.7 1921  2.3
27  Mo        323 0132  0.8 0751  2.1 1358  0.8 2021  2.2
28  Tu        323 0232  0.9 0854  2.1 1457  0.9 2120  2.1
29  We        323 0335  0.9 0954  2.0 1556  0.9 2217  2.1
30  Th        323 0437  0.9 1047  2.0 1651  0.9 2311  2.1
31  Fr        323 0530  0.9 1136  2.0 1740  0.9 2359  2.1
 1  Sa        423 0614  0.9 1219  2.1 1823  0.9 9999  9.9
 2  Su        423 0044  2.2 0653  0.8 1259  2.1 1903  0.8
 3  Mo        423 0124  2.2 0729  0.8 1337  2.2 1942  0.8
 4  Tu        423 0200  2.2 0803  0.8 1413  2.2 2020  0.8
 5  We        423 0236  2.3 0838  0.7 1449  2.2 2058  0.7
 6  Th        423 0311  2.3 0915  0.7 1527  2.2 2139  0.7
 7  Fr        423 0347  2.3 0954  0.7 1606  2.3 2222  0.7
 8  Sa        423 0426  2.2 1037  0.8 1649  2.3 2307  0.7
 9  Su        423 0509  2.2 1125  0.8 1737  2.2 2356  0.8
10  Mo        423 0559  2.1 1216  0.8 1832  2.2 9999  9.9
11  Tu        423 0050  0.8 0658  2.1 1312  0.8 1932  2.2
12  We        423 0149  0.8 0804  2.1 1413  0.8 2035  2.2
13  Th        423 0253  0.8 0909  2.1 1515  0.8 2137  2.3
14  Fr        423 0359  0.8 1010  2.2 1618  0.7 2238  2.3
15  Sa        423 0500  0.7 1107  2.2 1717  0.7 2336  2.4
16  Su        423 0554  0.6 1201  2.3 1812  0.6 9999  9.9
17  Mo        423 0032  2.4 0644  0.6 1253  2.4 1904  0.5
18  Tu        423 0124  2.5 0731  0.5 1344  2.5 1956  0.5
19  We        423 0213  2.5 0818  0.5 1434  2.5 2046  0.5
20  Th        423 0301  2.5 0906  0.5 1524  2.5 2137  0.5
21  Fr        423 0348  2.4 0955  0.6 1614  2.5 2228  0.6
22  Sa        423 0436  2.3 1046  0.6 1704  2.4 2319  0.7
23  Su        423 0525  2.2 1138  0.7 1756  2.3 9999  9.9
24  Mo        423 0011  0.7 0619  2.1 1231  0.8 1851  2.2
25  Tu        423 0104  0.8 0718  2.1 1325  0.9 1947  2.2
26  We        423 0159  0.9 0818  2.0 1419  0.9 2043  2.1
27  Th        423 0257  0.9 0916  2.0 1514  0.9 2136  2.1
28  Fr        423 0354  0.9 1007  2.0 1607  0.9 2227  2.1
29  Sa        423 0446  0.9 1053  2.0 1656  0.9 2314  2.1
30  Su        423 0531  0.9 1136  2.1 1742  0.9 2358  2.1
 1  Mo        523 0611  0.8 1216  2.1 1824  0.8 9999  9.9
 2  Tu        523 0039  2.2 0648  0.8 1256  2.2 1904  0.8
 3  We        523 0119  2.2 0724  0.8 1335  2.2 1945  0.8
 4  Th        523 0158  2.2 0801  0.7 1415  2.3 2026  0.7
 5  Fr        523 0237  2.3 0841  0.7 1457  2.3 2110  0.7
 6  Sa        523 0317  2.3 0923  0.7 1541  2.3 2156  0.7
 7  Su        523 0400  2.2 1011  0.7 1628  2.3 2246  0.7
 8  Mo        523 0448  2.2 1103  0.7 1719  2.3 2339  0.7
 9  Tu        523 0542  2.2 1158  0.7 1816  2.3 9999  9.9
10  We        523 0035  0.7 0643  2.2 1256  0.7 1916  2.3
11  Th        523 0134  0.7 0748  2.2 1356  0.7 2019  2.3
12  Fr        523 0237  0.7 0852  2.2 1457  0.7 2121  2.3
13  Sa        523 0340  0.7 0952  2.2 1559  0.7 2220  2.3
14  Su        523 0439  0.7 1048  2.3 1659  0.6 2317  2.4
15  Mo        523 0534  0.6 1142  2.3 1755  0.6 9999  9.9
16  Tu        523 0012  2.4 0624  0.6 1235  2.4 1848  0.6
17  We        523 0104  2.4 0711  0.6 1327  2.4 1939  0.6
18  Th        523 0154  2.4 0758  0.6 1417  2.4 2029  0.6
19  Fr        523 0241  2.4 0844  0.6 1507  2.4 2118  0.6
20  Sa        523 0327  2.3 0933  0.6 1555  2.4 2208  0.7
21  Su        523 0413  2.2 1022  0.7 1643  2.3 2257  0.7
22  Mo        523 0500  2.2 1112  0.8 1731  2.3 2345  0.8
23  Tu        523 0549  2.1 1201  0.8 1820  2.2 9999  9.9
24  We        523 0034  0.9 0642  2.0 1250  0.9 1909  2.2
25  Th        523 0123  0.9 0737  2.0 1339  0.9 2000  2.1
26  Fr        523 0213  0.9 0831  2.0 1428  0.9 2049  2.1
27  Sa        523 0305  0.9 0920  2.0 1517  0.9 2138  2.1
28  Su        523 0356  0.9 1005  2.0 1607  0.9 2224  2.1
29  Mo        523 0443  0.9 1049  2.1 1656  0.9 2310  2.1
30  Tu        523 0527  0.9 1131  2.1 1743  0.9 2354  2.1
31  We        523 0607  0.8 1214  2.2 1828  0.8 9999  9.9
 1  Th        623 0038  2.2 0647  0.8 1258  2.2 1912  0.8
 2  Fr        623 0122  2.2 0728  0.7 1344  2.3 1958  0.7
 3  Sa        623 0206  2.2 0811  0.7 1431  2.3 2045  0.7
 4  Su        623 0252  2.3 0858  0.6 1520  2.4 2135  0.6
 5  Mo        623 0339  2.3 0950  0.6 1611  2.5 2228  0.6
 6  Tu        623 0430  2.3 1045  0.6 1703  2.5 2322  0.6
 7  We        623 0526  2.3 1142  0.6 1759  2.5 9999  9.9
 8  Th        623 0018  0.6 0626  2.3 1239  0.6 1858  2.4
 9  Fr        623 0116  0.6 0729  2.3 1338  0.6 1959  2.4
10  Sa        623 0216  0.7 0832  2.3 1437  0.6 2100  2.4
11  Su        623 0317  0.7 0931  2.3 1538  0.6 2159  2.4
12  Mo        623 0416  0.7 1028  2.3 1639  0.7 2257  2.3
13  Tu        623 0512  0.6 1123  2.3 1738  0.7 2353  2.3
14  We        623 0604  0.6 1218  2.3 1833  0.7 9999  9.9
15  Th        623 0046  2.3 0652  0.6 1312  2.3 1925  0.7
16  Fr        623 0136  2.3 0739  0.6 1403  2.4 2014  0.7
17  Sa        623 0224  2.2 0826  0.7 1452  2.3 2102  0.7
18  Su        623 0309  2.2 0912  0.7 1538  2.3 2148  0.8
19  Mo        623 0352  2.2 0959  0.7 1622  2.3 2233  0.8
20  Tu        623 0435  2.1 1046  0.8 1704  2.3 2317  0.8
21  We        623 0519  2.1 1131  0.8 1746  2.2 9999  9.9
22  Th        623 0001  0.9 0605  2.0 1215  0.8 1829  2.2
23  Fr        623 0044  0.9 0653  2.0 1258  0.9 1914  2.1
24  Sa        623 0129  0.9 0742  2.0 1343  0.9 2000  2.1
25  Su        623 0216  0.9 0830  2.0 1429  0.9 2048  2.1
26  Mo        623 0304  0.9 0917  2.0 1518  0.9 2136  2.1
27  Tu        623 0354  0.9 1002  2.1 1610  0.9 2224  2.1
28  We        623 0442  0.9 1048  2.1 1703  0.9 2313  2.1
29  Th        623 0528  0.8 1136  2.2 1754  0.8 9999  9.9
30  Fr        623 0002  2.1 0613  0.8 1226  2.2 1845  0.8
