034Timaru
Based on data from  1-Jul-2008
NZST, tidal heights in metres.
 1  Th        115 0603  0.6 1219  2.3 1827  0.5 9999  9.9
 2  Fr        115 0047  2.4 0659  0.6 1311  2.3 1918  0.5
 3  Sa        115 0139  2.4 0750  0.6 1359  2.3 2006  0.6
 4  Su        115 0228  2.4 0837  0.6 1445  2.3 2052  0.6
 5  Mo        115 0314  2.3 0922  0.6 1529  2.2 2137  0.6
 6  Tu        115 0357  2.3 1004  0.7 1612  2.2 2221  0.6
 7  We        115 0440  2.3 1047  0.7 1655  2.2 2304  0.7
 8  Th        115 0521  2.2 1130  0.7 1739  2.1 2348  0.7
 9  Fr        115 0603  2.2 1214  0.8 1824  2.1 9999  9.9
10  Sa        115 0032  0.8 0647  2.1 1300  0.8 1911  2.0
11  Su        115 0118  0.8 0733  2.1 1348  0.9 1959  2.0
12  Mo        115 0206  0.9 0821  2.0 1437  0.9 2049  2.0
13  Tu        115 0255  0.9 0912  2.0 1527  0.9 2138  2.0
14  We        115 0347  0.9 1003  2.0 1617  0.9 2228  2.0
15  Th        115 0440  0.9 1054  2.1 1705  0.8 2318  2.1
16  Fr        115 0532  0.8 1143  2.1 1753  0.7 9999  9.9
17  Sa        115 0008  2.2 0622  0.7 1231  2.2 1840  0.6
18  Su        115 0058  2.3 0712  0.6 1318  2.3 1928  0.5
19  Mo        115 0147  2.4 0800  0.6 1406  2.4 2018  0.5
20  Tu        115 0236  2.5 0849  0.5 1455  2.4 2108  0.4
21  We        115 0326  2.6 0938  0.4 1546  2.5 2159  0.3
22  Th        115 0417  2.6 1029  0.4 1638  2.5 2252  0.3
23  Fr        115 0509  2.6 1122  0.4 1733  2.5 2347  0.3
24  Sa        115 0603  2.6 1217  0.4 1830  2.5 9999  9.9
25  Su        115 0043  0.4 0700  2.5 1315  0.5 1930  2.4
26  Mo        115 0142  0.4 0800  2.4 1415  0.5 2031  2.4
27  Tu        115 0243  0.5 0903  2.4 1517  0.6 2134  2.3
28  We        115 0346  0.6 1006  2.3 1618  0.6 2236  2.3
29  Th        115 0449  0.6 1108  2.3 1716  0.6 2336  2.3
30  Fr        115 0549  0.7 1204  2.2 1811  0.6 9999  9.9
31  Sa        115 0033  2.3 0644  0.7 1256  2.2 1902  0.6
 1  Su        215 0124  2.3 0733  0.7 1342  2.2 1949  0.6
 2  Mo        215 0210  2.3 0818  0.7 1425  2.2 2032  0.6
 3  Tu        215 0253  2.3 0858  0.7 1506  2.2 2114  0.6
 4  We        215 0332  2.3 0937  0.7 1545  2.2 2154  0.7
 5  Th        215 0410  2.2 1016  0.7 1625  2.2 2234  0.7
 6  Fr        215 0448  2.2 1055  0.7 1705  2.1 2314  0.7
 7  Sa        215 0527  2.2 1137  0.8 1747  2.1 2356  0.8
 8  Su        215 0608  2.1 1220  0.8 1831  2.1 9999  9.9
 9  Mo        215 0040  0.8 0651  2.1 1306  0.9 1917  2.0
10  Tu        215 0126  0.9 0739  2.0 1355  0.9 2006  2.0
11  We        215 0216  0.9 0830  2.0 1446  0.9 2057  2.0
12  Th        215 0310  0.9 0924  2.0 1538  0.9 2150  2.0
13  Fr        215 0405  0.9 1019  2.0 1630  0.8 2244  2.1
14  Sa        215 0501  0.8 1112  2.1 1721  0.7 2338  2.2
15  Su        215 0554  0.7 1203  2.2 1812  0.6 9999  9.9
16  Mo        215 0030  2.3 0645  0.6 1252  2.3 1903  0.5
17  Tu        215 0122  2.4 0735  0.5 1342  2.4 1954  0.4
18  We        215 0212  2.5 0824  0.4 1432  2.5 2046  0.3
19  Th        215 0303  2.6 0914  0.3 1523  2.6 2138  0.3
20  Fr        215 0354  2.6 1005  0.3 1616  2.6 2231  0.3
21  Sa        215 0446  2.6 1058  0.3 1711  2.6 2325  0.3
22  Su        215 0540  2.6 1153  0.4 1808  2.5 9999  9.9
23  Mo        215 0022  0.4 0637  2.5 1251  0.4 1908  2.5
24  Tu        215 0121  0.5 0738  2.4 1352  0.5 2009  2.4
25  We        215 0223  0.6 0841  2.3 1454  0.6 2113  2.3
26  Th        215 0327  0.6 0946  2.2 1556  0.6 2216  2.3
27  Fr        215 0431  0.7 1048  2.2 1655  0.7 2317  2.2
28  Sa        215 0530  0.7 1145  2.2 1750  0.7 9999  9.9
 1  Su        315 0013  2.2 0624  0.7 1235  2.2 1840  0.7
 2  Mo        315 0102  2.2 0710  0.7 1320  2.2 1925  0.7
 3  Tu        315 0146  2.2 0752  0.7 1401  2.2 2007  0.7
 4  We        315 0225  2.2 0830  0.7 1439  2.2 2046  0.7
 5  Th        315 0302  2.2 0906  0.7 1516  2.2 2124  0.7
 6  Fr        315 0338  2.2 0943  0.7 1553  2.2 2203  0.7
 7  Sa        315 0414  2.2 1021  0.7 1632  2.1 2242  0.7
 8  Su        315 0452  2.2 1101  0.8 1712  2.1 2323  0.8
 9  Mo        315 0532  2.1 1143  0.8 1755  2.1 9999  9.9
10  Tu        315 0007  0.8 0615  2.1 1228  0.8 1840  2.1
11  We        315 0053  0.8 0702  2.0 1317  0.9 1929  2.0
12  Th        315 0143  0.9 0754  2.0 1409  0.9 2021  2.1
13  Fr        315 0238  0.9 0850  2.0 1503  0.9 2117  2.1
14  Sa        315 0335  0.8 0948  2.0 1558  0.8 2214  2.1
15  Su        315 0432  0.8 1043  2.1 1652  0.7 2310  2.2
16  Mo        315 0527  0.7 1136  2.2 1746  0.6 9999  9.9
17  Tu        315 0004  2.3 0619  0.6 1228  2.3 1839  0.5
18  We        315 0057  2.4 0710  0.5 1319  2.5 1932  0.4
19  Th        315 0149  2.5 0800  0.4 1410  2.5 2024  0.3
20  Fr        315 0240  2.6 0850  0.3 1502  2.6 2117  0.3
21  Sa        315 0331  2.6 0941  0.3 1555  2.6 2210  0.3
22  Su        315 0423  2.6 1034  0.3 1650  2.6 2304  0.3
23  Mo        315 0517  2.5 1129  0.4 1746  2.5 9999  9.9
24  Tu        315 0000  0.4 0614  2.4 1226  0.5 1845  2.5
25  We        315 0059  0.5 0714  2.3 1326  0.6 1946  2.4
26  Th        315 0200  0.6 0817  2.2 1428  0.6 2048  2.3
27  Fr        315 0303  0.7 0922  2.2 1529  0.7 2150  2.2
28  Sa        315 0405  0.7 1023  2.1 1628  0.7 2250  2.2
29  Su        315 0503  0.8 1118  2.1 1722  0.7 2344  2.2
30  Mo        315 0555  0.8 1207  2.1 1811  0.8 9999  9.9
31  Tu        315 0032  2.2 0640  0.8 1251  2.1 1855  0.7
 1  We        415 0114  2.2 0719  0.7 1330  2.2 1936  0.7
 2  Th        415 0152  2.2 0757  0.7 1407  2.2 2015  0.7
 3  Fr        415 0229  2.2 0833  0.7 1444  2.2 2054  0.7
 4  Sa        415 0304  2.2 0910  0.7 1522  2.2 2132  0.7
 5  Su        415 0341  2.2 0948  0.7 1601  2.2 2212  0.7
 6  Mo        415 0419  2.2 1028  0.7 1641  2.2 2254  0.7
 7  Tu        415 0500  2.1 1110  0.8 1724  2.1 2338  0.8
 8  We        415 0544  2.1 1156  0.8 1810  2.1 9999  9.9
 9  Th        415 0025  0.8 0632  2.0 1245  0.8 1900  2.1
10  Fr        415 0116  0.8 0725  2.0 1338  0.8 1953  2.1
11  Sa        415 0211  0.8 0822  2.0 1434  0.8 2049  2.2
12  Su        415 0309  0.8 0921  2.1 1531  0.7 2147  2.2
13  Mo        415 0407  0.7 1018  2.2 1627  0.7 2245  2.3
14  Tu        415 0502  0.6 1112  2.3 1723  0.6 2341  2.4
15  We        415 0555  0.5 1206  2.4 1817  0.5 9999  9.9
16  Th        415 0035  2.4 0647  0.4 1258  2.5 1911  0.4
17  Fr        415 0127  2.5 0737  0.4 1350  2.6 2004  0.3
18  Sa        415 0218  2.6 0828  0.3 1442  2.6 2057  0.3
19  Su        415 0310  2.6 0919  0.3 1536  2.6 2150  0.3
20  Mo        415 0401  2.5 1011  0.4 1630  2.6 2244  0.4
21  Tu        415 0455  2.5 1106  0.4 1725  2.5 2338  0.5
22  We        415 0550  2.4 1202  0.5 1821  2.4 9999  9.9
23  Th        415 0035  0.6 0649  2.3 1259  0.6 1919  2.3
24  Fr        415 0133  0.6 0749  2.2 1358  0.7 2018  2.3
25  Sa        415 0233  0.7 0851  2.1 1456  0.7 2117  2.2
26  Su        415 0332  0.8 0949  2.1 1553  0.8 2213  2.1
27  Mo        415 0428  0.8 1043  2.1 1645  0.8 2306  2.1
28  Tu        415 0517  0.8 1131  2.1 1734  0.8 2353  2.1
29  We        415 0602  0.8 1214  2.1 1819  0.8 9999  9.9
30  Th        415 0036  2.1 0642  0.8 1254  2.1 1901  0.8
 1  Fr        515 0115  2.1 0720  0.7 1333  2.2 1942  0.8
 2  Sa        515 0153  2.2 0758  0.7 1412  2.2 2022  0.7
 3  Su        515 0231  2.2 0837  0.7 1451  2.2 2103  0.7
 4  Mo        515 0309  2.2 0916  0.7 1531  2.2 2144  0.7
 5  Tu        515 0349  2.2 0958  0.7 1614  2.2 2228  0.7
 6  We        515 0432  2.1 1042  0.7 1658  2.2 2313  0.7
 7  Th        515 0518  2.1 1129  0.7 1745  2.2 9999  9.9
 8  Fr        515 0001  0.7 0607  2.1 1220  0.7 1836  2.2
 9  Sa        515 0053  0.7 0701  2.1 1313  0.7 1929  2.2
10  Su        515 0148  0.7 0759  2.1 1409  0.7 2025  2.2
11  Mo        515 0245  0.7 0857  2.2 1507  0.7 2124  2.3
12  Tu        515 0343  0.7 0955  2.2 1604  0.6 2222  2.3
13  We        515 0439  0.6 1051  2.3 1702  0.6 2319  2.4
14  Th        515 0533  0.5 1146  2.4 1758  0.5 9999  9.9
15  Fr        515 0015  2.4 0626  0.5 1240  2.5 1853  0.4
16  Sa        515 0108  2.5 0717  0.4 1333  2.5 1947  0.4
17  Su        515 0159  2.5 0808  0.4 1426  2.5 2040  0.4
18  Mo        515 0250  2.5 0859  0.4 1518  2.5 2132  0.4
19  Tu        515 0341  2.4 0951  0.4 1611  2.5 2224  0.5
20  We        515 0433  2.4 1043  0.5 1703  2.5 2316  0.5
21  Th        515 0526  2.3 1136  0.6 1756  2.4 9999  9.9
22  Fr        515 0009  0.6 0621  2.2 1230  0.6 1849  2.3
23  Sa        515 0102  0.7 0717  2.1 1324  0.7 1942  2.2
24  Su        515 0157  0.8 0813  2.1 1418  0.8 2036  2.2
25  Mo        515 0252  0.8 0908  2.1 1511  0.8 2129  2.1
26  Tu        515 0345  0.8 1000  2.0 1602  0.8 2221  2.1
27  We        515 0434  0.8 1048  2.0 1651  0.9 2309  2.1
28  Th        515 0519  0.8 1133  2.1 1739  0.8 2354  2.1
29  Fr        515 0602  0.8 1216  2.1 1824  0.8 9999  9.9
30  Sa        515 0036  2.1 0643  0.8 1257  2.1 1908  0.8
31  Su        515 0117  2.1 0723  0.7 1339  2.2 1951  0.7
 1  Mo        615 0158  2.2 0805  0.7 1421  2.2 2034  0.7
 2  Tu        615 0239  2.2 0847  0.7 1504  2.3 2118  0.7
 3  We        615 0322  2.2 0931  0.6 1549  2.3 2203  0.6
 4  Th        615 0407  2.2 1017  0.6 1635  2.3 2249  0.6
 5  Fr        615 0454  2.2 1106  0.6 1723  2.4 2338  0.6
 6  Sa        615 0545  2.2 1157  0.6 1814  2.4 9999  9.9
 7  Su        615 0030  0.6 0640  2.2 1251  0.6 1907  2.3
 8  Mo        615 0125  0.6 0737  2.2 1347  0.6 2003  2.3
 9  Tu        615 0222  0.6 0835  2.3 1445  0.6 2102  2.3
10  We        615 0320  0.6 0934  2.3 1544  0.6 2202  2.3
11  Th        615 0418  0.6 1032  2.3 1644  0.6 2301  2.3
12  Fr        615 0514  0.5 1129  2.4 1742  0.5 2358  2.4
13  Sa        615 0608  0.5 1225  2.4 1839  0.5 9999  9.9
14  Su        615 0052  2.4 0700  0.5 1319  2.5 1933  0.5
15  Mo        615 0144  2.4 0752  0.4 1412  2.5 2025  0.5
16  Tu        615 0234  2.4 0842  0.5 1503  2.5 2115  0.5
17  We        615 0323  2.3 0931  0.5 1553  2.4 2204  0.5
18  Th        615 0412  2.3 1021  0.5 1641  2.4 2252  0.6
19  Fr        615 0501  2.2 1110  0.6 1729  2.3 2340  0.6
20  Sa        615 0550  2.2 1158  0.7 1816  2.3 9999  9.9
21  Su        615 0028  0.7 0640  2.1 1247  0.7 1903  2.2
22  Mo        615 0117  0.8 0731  2.1 1336  0.8 1952  2.1
23  Tu        615 0208  0.8 0822  2.0 1426  0.8 2042  2.1
24  We        615 0258  0.8 0913  2.0 1516  0.9 2132  2.0
25  Th        615 0348  0.8 1002  2.0 1607  0.9 2223  2.0
26  Fr        615 0436  0.8 1050  2.0 1657  0.9 2312  2.0
27  Sa        615 0522  0.8 1137  2.1 1747  0.8 2358  2.1
28  Su        615 0606  0.8 1222  2.1 1834  0.8 9999  9.9
29  Mo        615 0043  2.1 0650  0.7 1307  2.2 1921  0.7
30  Tu        615 0126  2.2 0734  0.6 1352  2.3 2006  0.7
 1  We        715 0210  2.2 0819  0.6 1438  2.4 2052  0.6
 2  Th        715 0256  2.3 0906  0.5 1524  2.4 2138  0.5
 3  Fr        715 0342  2.3 0954  0.5 1612  2.5 2225  0.5
 4  Sa        715 0432  2.3 1044  0.5 1701  2.5 2315  0.5
 5  Su        715 0523  2.3 1136  0.5 1752  2.5 9999  9.9
 6  Mo        715 0007  0.5 0618  2.4 1230  0.5 1846  2.5
 7  Tu        715 0102  0.5 0715  2.3 1327  0.5 1942  2.4
 8  We        715 0200  0.5 0814  2.3 1425  0.5 2042  2.4
 9  Th        715 0259  0.5 0915  2.3 1526  0.6 2144  2.3
10  Fr        715 0359  0.5 1015  2.4 1628  0.6 2245  2.3
11  Sa        715 0457  0.5 1115  2.4 1729  0.6 2344  2.3
12  Su        715 0553  0.5 1213  2.4 1827  0.6 9999  9.9
13  Mo        715 0039  2.3 0646  0.5 1308  2.4 1921  0.6
14  Tu        715 0130  2.3 0737  0.5 1359  2.4 2011  0.6
15  We        715 0218  2.3 0825  0.5 1447  2.4 2058  0.6
16  Th        715 0305  2.3 0912  0.5 1533  2.4 2142  0.6
17  Fr        715 0349  2.3 0957  0.6 1616  2.3 2225  0.6
18  Sa        715 0434  2.2 1042  0.6 1659  2.3 2308  0.7
19  Su        715 0518  2.2 1126  0.7 1741  2.2 2352  0.7
20  Mo        715 0603  2.1 1210  0.7 1824  2.2 9999  9.9
21  Tu        715 0037  0.8 0650  2.1 1256  0.8 1908  2.1
22  We        715 0124  0.8 0738  2.0 1343  0.8 1956  2.1
23  Th        715 0213  0.8 0827  2.0 1433  0.9 2046  2.0
24  Fr        715 0304  0.9 0917  2.0 1525  0.9 2139  2.0
25  Sa        715 0354  0.9 1008  2.0 1619  0.9 2231  2.0
26  Su        715 0443  0.8 1058  2.1 1711  0.9 2322  2.1
27  Mo        715 0531  0.8 1148  2.1 1802  0.8 9999  9.9
28  Tu        715 0010  2.1 0618  0.7 1236  2.2 1851  0.7
29  We        715 0057  2.2 0705  0.6 1324  2.3 1938  0.6
30  Th        715 0143  2.3 0753  0.5 1412  2.4 2025  0.5
31  Fr        715 0230  2.4 0841  0.4 1500  2.5 2112  0.4
 1  Sa        815 0319  2.4 0931  0.4 1548  2.6 2201  0.4
 2  Su        815 0409  2.5 1022  0.3 1638  2.6 2251  0.4
 3  Mo        815 0502  2.5 1115  0.3 1730  2.6 2344  0.4
 4  Tu        815 0557  2.5 1210  0.4 1824  2.5 9999  9.9
 5  We        815 0040  0.4 0654  2.5 1307  0.4 1922  2.5
 6  Th        815 0138  0.5 0754  2.4 1407  0.5 2023  2.4
 7  Fr        815 0239  0.5 0856  2.4 1509  0.6 2127  2.3
 8  Sa        815 0340  0.5 0959  2.4 1613  0.6 2230  2.3
 9  Su        815 0440  0.6 1101  2.3 1715  0.6 2330  2.3
10  Mo        815 0538  0.6 1200  2.3 1814  0.6 9999  9.9
11  Tu        815 0025  2.3 0631  0.6 1254  2.3 1906  0.6
12  We        815 0115  2.3 0721  0.6 1344  2.3 1953  0.6
13  Th        815 0201  2.3 0807  0.6 1429  2.3 2037  0.6
14  Fr        815 0244  2.2 0851  0.6 1510  2.3 2117  0.6
15  Sa        815 0325  2.2 0933  0.6 1549  2.3 2157  0.7
16  Su        815 0406  2.2 1013  0.6 1628  2.3 2236  0.7
17  Mo        815 0446  2.2 1054  0.7 1707  2.2 2317  0.7
18  Tu        815 0528  2.1 1136  0.7 1747  2.2 9999  9.9
19  We        815 0000  0.8 0612  2.1 1220  0.8 1830  2.1
20  Th        815 0045  0.8 0658  2.1 1306  0.8 1916  2.1
21  Fr        815 0133  0.8 0746  2.0 1355  0.9 2006  2.0
22  Sa        815 0223  0.9 0837  2.0 1448  0.9 2100  2.0
23  Su        815 0315  0.9 0930  2.0 1544  0.9 2156  2.0
24  Mo        815 0407  0.8 1023  2.1 1639  0.8 2249  2.1
25  Tu        815 0458  0.8 1116  2.2 1732  0.8 2340  2.1
26  We        815 0548  0.7 1207  2.3 1823  0.7 9999  9.9
27  Th        815 0029  2.2 0638  0.6 1257  2.4 1911  0.6
28  Fr        815 0117  2.3 0728  0.5 1346  2.5 1959  0.4
29  Sa        815 0206  2.4 0818  0.4 1435  2.6 2047  0.4
30  Su        815 0256  2.5 0909  0.3 1525  2.6 2137  0.3
31  Mo        815 0347  2.6 1001  0.3 1615  2.6 2228  0.3
 1  Tu        915 0440  2.6 1054  0.3 1708  2.6 2321  0.3
 2  We        915 0536  2.6 1150  0.3 1803  2.5 9999  9.9
 3  Th        915 0018  0.4 0634  2.5 1247  0.4 1902  2.5
 4  Fr        915 0117  0.4 0735  2.5 1348  0.5 2004  2.4
 5  Sa        915 0219  0.5 0838  2.4 1452  0.6 2109  2.3
 6  Su        915 0321  0.6 0942  2.4 1557  0.6 2213  2.3
 7  Mo        915 0422  0.6 1044  2.3 1659  0.7 2313  2.2
 8  Tu        915 0520  0.6 1143  2.3 1756  0.7 9999  9.9
 9  We        915 0008  2.2 0613  0.6 1236  2.3 1847  0.7
10  Th        915 0056  2.2 0701  0.6 1323  2.3 1931  0.7
11  Fr        915 0140  2.2 0745  0.6 1405  2.3 2011  0.7
12  Sa        915 0220  2.2 0827  0.6 1443  2.3 2049  0.7
13  Su        915 0259  2.2 0906  0.7 1520  2.3 2127  0.7
14  Mo        915 0337  2.2 0945  0.7 1557  2.2 2205  0.7
15  Tu        915 0416  2.2 1025  0.7 1635  2.2 2244  0.7
16  We        915 0457  2.2 1106  0.7 1714  2.2 2326  0.8
17  Th        915 0540  2.1 1149  0.8 1756  2.1 9999  9.9
18  Fr        915 0011  0.8 0625  2.1 1235  0.8 1842  2.0
19  Sa        915 0058  0.8 0713  2.1 1324  0.9 1933  2.0
20  Su        915 0149  0.9 0803  2.1 1418  0.9 2028  2.0
21  Mo        915 0242  0.8 0857  2.1 1514  0.9 2124  2.0
22  Tu        915 0335  0.8 0952  2.1 1610  0.8 2219  2.1
23  We        915 0428  0.7 1046  2.2 1704  0.7 2312  2.2
24  Th        915 0520  0.6 1139  2.3 1755  0.6 9999  9.9
25  Fr        915 0002  2.3 0612  0.5 1231  2.4 1845  0.5
26  Sa        915 0053  2.4 0704  0.4 1322  2.5 1934  0.4
27  Su        915 0143  2.5 0756  0.3 1412  2.6 2023  0.3
28  Mo        915 0234  2.6 0848  0.3 1502  2.7 2114  0.3
29  Tu        915 0327  2.6 0941  0.2 1554  2.7 2206  0.3
30  We        915 0421  2.6 1035  0.3 1647  2.6 2300  0.3
 1  Th       1015 0517  2.6 1131  0.3 1743  2.5 2357  0.4
 2  Fr       1015 0615  2.6 1229  0.4 1842  2.4 9999  9.9
 3  Sa       1015 0056  0.4 0716  2.5 1329  0.5 1944  2.3
 4  Su       1015 0157  0.5 0818  2.4 1432  0.6 2049  2.3
 5  Mo       1015 0259  0.6 0921  2.3 1536  0.6 2152  2.2
 6  Tu       1015 0359  0.6 1022  2.3 1637  0.7 2251  2.2
 7  We       1015 0456  0.7 1119  2.3 1732  0.7 2344  2.2
 8  Th       1015 0548  0.7 1210  2.3 1820  0.7 9999  9.9
 9  Fr       1015 0031  2.2 0635  0.7 1255  2.2 1903  0.7
10  Sa       1015 0113  2.2 0719  0.7 1336  2.2 1942  0.7
11  Su       1015 0153  2.2 0759  0.7 1414  2.2 2020  0.7
12  Mo       1015 0231  2.2 0839  0.7 1450  2.2 2057  0.7
13  Tu       1015 0309  2.2 0918  0.7 1527  2.2 2135  0.7
14  We       1015 0349  2.2 0958  0.7 1605  2.2 2215  0.7
15  Th       1015 0429  2.2 1039  0.7 1646  2.1 2257  0.7
16  Fr       1015 0512  2.2 1123  0.8 1729  2.1 2342  0.8
17  Sa       1015 0557  2.1 1209  0.8 1815  2.1 9999  9.9
18  Su       1015 0029  0.8 0645  2.1 1258  0.8 1906  2.0
19  Mo       1015 0120  0.8 0735  2.1 1351  0.8 2000  2.0
20  Tu       1015 0213  0.8 0829  2.1 1447  0.8 2057  2.1
21  We       1015 0307  0.8 0924  2.2 1543  0.8 2152  2.1
22  Th       1015 0401  0.7 1020  2.3 1637  0.7 2246  2.2
23  Fr       1015 0455  0.6 1114  2.3 1730  0.6 2339  2.3
24  Sa       1015 0549  0.5 1207  2.4 1821  0.5 9999  9.9
25  Su       1015 0031  2.4 0643  0.4 1300  2.5 1911  0.4
26  Mo       1015 0123  2.5 0736  0.3 1351  2.6 2002  0.3
27  Tu       1015 0215  2.6 0830  0.3 1442  2.6 2053  0.3
28  We       1015 0309  2.6 0923  0.3 1534  2.6 2146  0.3
29  Th       1015 0403  2.6 1017  0.3 1628  2.6 2240  0.3
30  Fr       1015 0459  2.6 1112  0.4 1723  2.5 2336  0.4
31  Sa       1015 0556  2.5 1209  0.4 1821  2.4 9999  9.9
 1  Su       1115 0034  0.5 0654  2.5 1308  0.5 1922  2.3
 2  Mo       1115 0133  0.5 0754  2.4 1408  0.6 2024  2.2
 3  Tu       1115 0232  0.6 0854  2.3 1509  0.7 2124  2.2
 4  We       1115 0330  0.7 0952  2.3 1607  0.7 2221  2.2
 5  Th       1115 0425  0.7 1047  2.2 1700  0.7 2312  2.1
 6  Fr       1115 0516  0.7 1137  2.2 1747  0.7 2359  2.1
 7  Sa       1115 0604  0.7 1223  2.2 1830  0.7 9999  9.9
 8  Su       1115 0042  2.2 0648  0.7 1304  2.2 1910  0.7
 9  Mo       1115 0123  2.2 0730  0.7 1343  2.2 1948  0.7
10  Tu       1115 0202  2.2 0810  0.7 1421  2.2 2027  0.7
11  We       1115 0242  2.2 0851  0.7 1459  2.2 2107  0.7
12  Th       1115 0323  2.2 0933  0.7 1538  2.2 2148  0.7
13  Fr       1115 0404  2.2 1015  0.7 1620  2.2 2231  0.7
14  Sa       1115 0448  2.2 1059  0.7 1704  2.1 2316  0.7
15  Su       1115 0533  2.2 1146  0.7 1751  2.1 9999  9.9
16  Mo       1115 0004  0.7 0620  2.2 1235  0.8 1842  2.1
17  Tu       1115 0054  0.7 0711  2.2 1327  0.8 1935  2.1
18  We       1115 0147  0.7 0803  2.2 1422  0.7 2031  2.1
19  Th       1115 0241  0.7 0859  2.2 1517  0.7 2127  2.2
20  Fr       1115 0337  0.6 0955  2.3 1613  0.6 2223  2.3
21  Sa       1115 0433  0.6 1052  2.4 1707  0.6 2318  2.3
22  Su       1115 0529  0.5 1147  2.4 1800  0.5 9999  9.9
23  Mo       1115 0012  2.4 0625  0.4 1241  2.5 1852  0.4
24  Tu       1115 0106  2.5 0720  0.4 1333  2.5 1943  0.3
25  We       1115 0200  2.6 0814  0.4 1425  2.5 2035  0.3
26  Th       1115 0254  2.6 0907  0.4 1517  2.5 2128  0.3
27  Fr       1115 0348  2.6 1000  0.4 1610  2.5 2221  0.4
28  Sa       1115 0442  2.6 1054  0.4 1704  2.4 2316  0.4
29  Su       1115 0536  2.5 1148  0.5 1759  2.3 9999  9.9
30  Mo       1115 0010  0.5 0630  2.4 1243  0.6 1856  2.3
 1  Tu       1215 0105  0.6 0725  2.3 1339  0.7 1953  2.2
 2  We       1215 0200  0.7 0821  2.3 1435  0.7 2050  2.1
 3  Th       1215 0255  0.7 0915  2.2 1530  0.8 2144  2.1
 4  Fr       1215 0348  0.8 1009  2.1 1622  0.8 2235  2.1
 5  Sa       1215 0439  0.8 1059  2.1 1710  0.8 2323  2.1
 6  Su       1215 0528  0.8 1146  2.1 1754  0.8 9999  9.9
 7  Mo       1215 0008  2.1 0614  0.8 1229  2.1 1836  0.7
 8  Tu       1215 0051  2.1 0659  0.8 1310  2.1 1917  0.7
 9  We       1215 0133  2.2 0742  0.8 1351  2.2 1958  0.7
10  Th       1215 0214  2.2 0825  0.7 1431  2.2 2039  0.7
11  Fr       1215 0257  2.2 0907  0.7 1512  2.2 2122  0.6
12  Sa       1215 0340  2.3 0950  0.7 1555  2.2 2206  0.6
13  Su       1215 0424  2.3 1035  0.7 1640  2.2 2252  0.6
14  Mo       1215 0509  2.3 1121  0.7 1727  2.2 2340  0.6
15  Tu       1215 0556  2.3 1210  0.7 1818  2.2 9999  9.9
16  We       1215 0030  0.6 0647  2.3 1302  0.7 1911  2.2
17  Th       1215 0123  0.6 0740  2.3 1357  0.7 2008  2.2
18  Fr       1215 0218  0.6 0836  2.3 1454  0.6 2105  2.3
19  Sa       1215 0316  0.6 0934  2.3 1551  0.6 2203  2.3
20  Su       1215 0414  0.6 1033  2.3 1647  0.6 2300  2.4
21  Mo       1215 0513  0.5 1130  2.4 1742  0.5 2357  2.4
22  Tu       1215 0611  0.5 1226  2.4 1836  0.4 9999  9.9
23  We       1215 0053  2.5 0707  0.5 1319  2.4 1929  0.4
24  Th       1215 0148  2.5 0801  0.4 1411  2.4 2021  0.4
25  Fr       1215 0241  2.5 0853  0.4 1502  2.4 2112  0.4
26  Sa       1215 0333  2.5 0944  0.5 1552  2.4 2203  0.4
27  Su       1215 0424  2.5 1033  0.5 1643  2.4 2254  0.5
28  Mo       1215 0513  2.4 1123  0.6 1734  2.3 2344  0.5
29  Tu       1215 0603  2.4 1213  0.6 1825  2.2 9999  9.9
30  We       1215 0034  0.6 0652  2.3 1304  0.7 1917  2.2
31  Th       1215 0124  0.7 0742  2.2 1356  0.8 2010  2.1
