355Welcombe Bay
Based on data from  1-Jan-2016
Local Std Time, tidal heights in metres.
 1  Sa        723 0323  0.6 0937  2.1 1548  0.6 2157  2.2
 2  Su        723 0415  0.5 1030  2.2 1640  0.5 2248  2.3
 3  Mo        723 0506  0.4 1122  2.3 1732  0.5 2338  2.4
 4  Tu        723 0557  0.3 1215  2.4 1823  0.4 9999  9.9
 5  We        723 0029  2.4 0649  0.2 1307  2.4 1914  0.4
 6  Th        723 0121  2.5 0742  0.2 1359  2.4 2006  0.4
 7  Fr        723 0214  2.4 0836  0.2 1452  2.4 2059  0.4
 8  Sa        723 0308  2.4 0931  0.3 1546  2.3 2154  0.5
 9  Su        723 0405  2.3 1028  0.4 1642  2.2 2252  0.6
10  Mo        723 0505  2.2 1126  0.5 1740  2.1 2352  0.6
11  Tu        723 0607  2.1 1226  0.6 1839  2.1 9999  9.9
12  We        723 0055  0.7 0711  2.1 1327  0.7 1940  2.0
13  Th        723 0158  0.7 0813  2.0 1427  0.7 2039  2.0
14  Fr        723 0257  0.7 0912  2.0 1523  0.7 2133  2.1
15  Sa        723 0350  0.6 1005  2.0 1614  0.7 2222  2.1
16  Su        723 0438  0.6 1053  2.1 1659  0.7 2305  2.1
17  Mo        723 0521  0.6 1135  2.1 1740  0.7 2345  2.2
18  Tu        723 0601  0.5 1214  2.1 1818  0.7 9999  9.9
19  We        723 0022  2.2 0638  0.5 1250  2.1 1854  0.6
20  Th        723 0058  2.2 0714  0.5 1326  2.1 1929  0.7
21  Fr        723 0134  2.2 0750  0.6 1401  2.1 2005  0.7
22  Sa        723 0210  2.1 0827  0.6 1436  2.1 2041  0.7
23  Su        723 0248  2.1 0905  0.6 1514  2.0 2121  0.7
24  Mo        723 0329  2.0 0946  0.7 1555  2.0 2204  0.8
25  Tu        723 0414  2.0 1031  0.7 1640  2.0 2253  0.8
26  We        723 0506  1.9 1122  0.8 1732  1.9 2351  0.8
27  Th        723 0605  1.9 1220  0.8 1832  1.9 9999  9.9
28  Fr        723 0054  0.8 0709  1.9 1323  0.8 1935  2.0
29  Sa        723 0158  0.7 0814  2.0 1427  0.8 2038  2.0
30  Su        723 0300  0.6 0916  2.1 1527  0.7 2137  2.2
31  Mo        723 0357  0.5 1014  2.2 1624  0.5 2232  2.3
 1  Tu        823 0451  0.3 1108  2.3 1716  0.4 2324  2.4
 2  We        823 0544  0.2 1200  2.4 1807  0.3 9999  9.9
 3  Th        823 0014  2.5 0634  0.1 1250  2.5 1856  0.3
 4  Fr        823 0105  2.6 0725  0.1 1339  2.5 1946  0.3
 5  Sa        823 0155  2.5 0815  0.2 1428  2.4 2036  0.3
 6  Su        823 0247  2.5 0906  0.3 1518  2.3 2127  0.4
 7  Mo        823 0340  2.3 0959  0.4 1610  2.2 2222  0.5
 8  Tu        823 0437  2.2 1054  0.6 1706  2.1 2321  0.6
 9  We        823 0538  2.1 1154  0.7 1806  2.0 9999  9.9
10  Th        823 0027  0.7 0645  2.0 1259  0.8 1913  1.9
11  Fr        823 0135  0.8 0754  1.9 1406  0.9 2019  1.9
12  Sa        823 0240  0.7 0858  1.9 1507  0.8 2117  2.0
13  Su        823 0336  0.7 0953  2.0 1559  0.8 2206  2.0
14  Mo        823 0423  0.6 1038  2.0 1643  0.7 2248  2.1
15  Tu        823 0503  0.6 1116  2.1 1721  0.7 2325  2.2
16  We        823 0539  0.5 1151  2.1 1755  0.6 2359  2.2
17  Th        823 0613  0.5 1224  2.2 1828  0.6 9999  9.9
18  Fr        823 0032  2.2 0646  0.5 1256  2.2 1900  0.6
19  Sa        823 0105  2.2 0719  0.5 1328  2.2 1933  0.6
20  Su        823 0138  2.2 0753  0.5 1401  2.2 2006  0.6
21  Mo        823 0214  2.2 0828  0.6 1435  2.1 2042  0.6
22  Tu        823 0252  2.1 0906  0.6 1513  2.1 2123  0.7
23  We        823 0336  2.0 0950  0.7 1557  2.0 2212  0.8
24  Th        823 0428  2.0 1041  0.8 1650  1.9 2312  0.8
25  Fr        823 0531  1.9 1144  0.9 1755  1.9 9999  9.9
26  Sa        823 0023  0.8 0643  1.9 1256  0.9 1908  1.9
27  Su        823 0136  0.7 0756  2.0 1408  0.8 2019  2.0
28  Mo        823 0243  0.6 0901  2.1 1512  0.7 2121  2.2
29  Tu        823 0342  0.4 0959  2.3 1608  0.5 2216  2.4
30  We        823 0436  0.3 1052  2.4 1659  0.4 2307  2.5
31  Th        823 0526  0.1 1141  2.5 1748  0.2 2356  2.6
 1  Fr        923 0615  0.1 1228  2.6 1835  0.2 9999  9.9
 2  Sa        923 0044  2.6 0703  0.1 1314  2.5 1922  0.2
 3  Su        923 0133  2.6 0750  0.2 1401  2.5 2009  0.3
 4  Mo        923 0221  2.5 0838  0.3 1447  2.4 2058  0.4
 5  Tu        923 0312  2.3 0928  0.5 1536  2.2 2151  0.5
 6  We        923 0407  2.1 1021  0.7 1630  2.0 2249  0.7
 7  Th        923 0508  2.0 1121  0.8 1732  1.9 2357  0.8
 8  Fr        923 0617  1.9 1230  0.9 1844  1.9 9999  9.9
 9  Sa        923 0110  0.8 0732  1.8 1343  0.9 1956  1.9
10  Su        923 0219  0.8 0839  1.9 1447  0.9 2056  1.9
11  Mo        923 0314  0.7 0931  1.9 1538  0.8 2144  2.0
12  Tu        923 0359  0.7 1013  2.0 1619  0.7 2223  2.1
13  We        923 0437  0.6 1049  2.1 1654  0.6 2258  2.2
14  Th        923 0511  0.5 1122  2.2 1727  0.6 2331  2.2
15  Fr        923 0543  0.5 1153  2.2 1758  0.5 9999  9.9
16  Sa        923 0003  2.3 0615  0.5 1223  2.2 1830  0.5
17  Su        923 0035  2.3 0647  0.5 1255  2.2 1901  0.5
18  Mo        923 0108  2.3 0721  0.5 1327  2.2 1935  0.5
19  Tu        923 0144  2.2 0756  0.5 1402  2.2 2011  0.6
20  We        923 0223  2.1 0835  0.6 1440  2.1 2053  0.6
21  Th        923 0308  2.1 0920  0.7 1525  2.0 2144  0.7
22  Fr        923 0404  2.0 1015  0.8 1622  1.9 2248  0.8
23  Sa        923 0511  1.9 1123  0.9 1733  1.9 9999  9.9
24  Su        923 0004  0.8 0627  1.9 1239  0.9 1851  2.0
25  Mo        923 0121  0.7 0741  2.0 1353  0.8 2003  2.1
26  Tu        923 0227  0.6 0846  2.1 1456  0.6 2105  2.2
27  We        923 0325  0.4 0941  2.3 1550  0.5 2159  2.4
28  Th        923 0417  0.3 1031  2.4 1639  0.3 2248  2.5
29  Fr        923 0506  0.2 1118  2.5 1726  0.2 2336  2.6
30  Sa        923 0553  0.1 1204  2.6 1812  0.2 9999  9.9
 1  Su       1023 0023  2.6 0638  0.2 1248  2.5 1857  0.2
 2  Mo       1023 0109  2.5 0724  0.3 1332  2.4 1943  0.3
 3  Tu       1023 0156  2.4 0810  0.4 1417  2.3 2030  0.4
 4  We       1023 0245  2.2 0857  0.6 1504  2.2 2121  0.6
 5  Th       1023 0338  2.1 0948  0.7 1556  2.0 2218  0.7
 6  Fr       1023 0437  1.9 1047  0.9 1657  1.9 2325  0.8
 7  Sa       1023 0545  1.8 1155  1.0 1808  1.8 9999  9.9
 8  Su       1023 0037  0.9 0658  1.8 1309  1.0 1921  1.8
 9  Mo       1023 0144  0.8 0803  1.8 1413  0.9 2022  1.9
10  Tu       1023 0239  0.8 0855  1.9 1504  0.8 2110  2.0
11  We       1023 0323  0.7 0937  2.0 1545  0.7 2150  2.1
12  Th       1023 0401  0.6 1013  2.1 1621  0.6 2225  2.2
13  Fr       1023 0437  0.5 1047  2.2 1654  0.6 2259  2.2
14  Sa       1023 0510  0.5 1119  2.2 1727  0.5 2333  2.3
15  Su       1023 0543  0.5 1151  2.3 1759  0.5 9999  9.9
16  Mo       1023 0007  2.3 0618  0.5 1224  2.3 1833  0.5
17  Tu       1023 0042  2.3 0653  0.5 1258  2.2 1909  0.5
18  We       1023 0121  2.2 0732  0.5 1336  2.2 1949  0.5
19  Th       1023 0204  2.2 0814  0.6 1418  2.1 2036  0.6
20  Fr       1023 0254  2.1 0903  0.7 1508  2.1 2131  0.6
21  Sa       1023 0352  2.0 1001  0.8 1608  2.0 2238  0.7
22  Su       1023 0501  2.0 1110  0.8 1720  2.0 2352  0.7
23  Mo       1023 0614  2.0 1224  0.8 1836  2.0 9999  9.9
24  Tu       1023 0104  0.6 0724  2.0 1334  0.7 1945  2.1
25  We       1023 0208  0.5 0825  2.2 1435  0.6 2045  2.3
26  Th       1023 0305  0.4 0919  2.3 1529  0.4 2139  2.4
27  Fr       1023 0356  0.3 1009  2.4 1618  0.3 2229  2.5
28  Sa       1023 0444  0.3 1055  2.5 1705  0.2 2316  2.5
29  Su       1023 0530  0.2 1140  2.5 1750  0.2 9999  9.9
30  Mo       1023 0002  2.5 0615  0.3 1223  2.4 1835  0.2
31  Tu       1023 0048  2.4 0700  0.4 1307  2.4 1920  0.3
 1  We       1123 0134  2.3 0744  0.5 1350  2.3 2006  0.5
 2  Th       1123 0221  2.2 0830  0.6 1435  2.1 2055  0.6
 3  Fr       1123 0311  2.0 0918  0.8 1524  2.0 2148  0.7
 4  Sa       1123 0405  1.9 1012  0.9 1620  1.9 2247  0.8
 5  Su       1123 0505  1.8 1113  1.0 1724  1.8 2351  0.9
 6  Mo       1123 0609  1.8 1220  1.0 1831  1.8 9999  9.9
 7  Tu       1123 0053  0.9 0710  1.8 1323  0.9 1932  1.9
 8  We       1123 0148  0.8 0804  1.9 1416  0.9 2023  1.9
 9  Th       1123 0236  0.7 0850  2.0 1502  0.8 2108  2.0
10  Fr       1123 0319  0.7 0931  2.0 1542  0.7 2147  2.1
11  Sa       1123 0358  0.6 1008  2.1 1619  0.6 2225  2.2
12  Su       1123 0436  0.6 1044  2.2 1655  0.5 2303  2.2
13  Mo       1123 0513  0.5 1120  2.2 1732  0.5 2342  2.3
14  Tu       1123 0552  0.5 1157  2.3 1810  0.4 9999  9.9
15  We       1123 0022  2.3 0632  0.5 1237  2.3 1851  0.4
16  Th       1123 0106  2.3 0715  0.5 1319  2.2 1937  0.4
17  Fr       1123 0154  2.2 0802  0.6 1406  2.2 2027  0.5
18  Sa       1123 0247  2.2 0854  0.7 1459  2.1 2124  0.5
19  Su       1123 0345  2.1 0952  0.7 1600  2.1 2228  0.6
20  Mo       1123 0448  2.1 1056  0.8 1707  2.1 2335  0.6
21  Tu       1123 0554  2.0 1204  0.7 1816  2.1 9999  9.9
22  We       1123 0041  0.6 0659  2.1 1310  0.7 1923  2.1
23  Th       1123 0144  0.5 0800  2.1 1411  0.6 2023  2.2
24  Fr       1123 0241  0.5 0855  2.2 1507  0.5 2119  2.3
25  Sa       1123 0334  0.4 0946  2.3 1558  0.4 2210  2.3
26  Su       1123 0424  0.4 1034  2.3 1646  0.3 2259  2.4
27  Mo       1123 0511  0.4 1119  2.4 1732  0.3 2346  2.3
28  Tu       1123 0556  0.4 1203  2.3 1817  0.3 9999  9.9
29  We       1123 0032  2.3 0640  0.5 1246  2.3 1902  0.4
30  Th       1123 0116  2.2 0723  0.6 1328  2.2 1946  0.5
 1  Fr       1223 0200  2.1 0806  0.7 1410  2.1 2031  0.6
 2  Sa       1223 0245  2.0 0849  0.8 1455  2.0 2117  0.7
 3  Su       1223 0331  1.9 0936  0.8 1543  2.0 2206  0.8
 4  Mo       1223 0420  1.9 1026  0.9 1635  1.9 2258  0.8
 5  Tu       1223 0512  1.9 1122  0.9 1732  1.9 2353  0.8
 6  We       1223 0607  1.8 1221  0.9 1831  1.9 9999  9.9
 7  Th       1223 0048  0.8 0702  1.9 1318  0.9 1927  1.9
 8  Fr       1223 0141  0.8 0755  1.9 1411  0.8 2019  1.9
 9  Sa       1223 0231  0.8 0843  2.0 1459  0.7 2106  2.0
10  Su       1223 0318  0.7 0928  2.1 1543  0.6 2152  2.1
11  Mo       1223 0403  0.6 1011  2.1 1626  0.6 2237  2.2
12  Tu       1223 0447  0.6 1054  2.2 1708  0.5 2321  2.2
13  We       1223 0531  0.5 1137  2.3 1753  0.4 9999  9.9
14  Th       1223 0008  2.3 0616  0.5 1221  2.3 1839  0.3
15  Fr       1223 0055  2.3 0703  0.5 1308  2.3 1928  0.3
16  Sa       1223 0145  2.3 0752  0.5 1357  2.3 2019  0.4
17  Su       1223 0237  2.3 0843  0.5 1450  2.3 2114  0.4
18  Mo       1223 0331  2.2 0938  0.6 1547  2.2 2212  0.5
19  Tu       1223 0428  2.2 1037  0.6 1648  2.2 2312  0.5
20  We       1223 0528  2.1 1139  0.7 1752  2.1 9999  9.9
21  Th       1223 0014  0.6 0630  2.1 1243  0.7 1857  2.1
22  Fr       1223 0117  0.6 0731  2.1 1346  0.6 2001  2.1
23  Sa       1223 0217  0.6 0831  2.1 1446  0.6 2101  2.2
24  Su       1223 0315  0.6 0926  2.2 1542  0.5 2156  2.2
25  Mo       1223 0408  0.6 1017  2.2 1633  0.5 2248  2.2
26  Tu       1223 0457  0.6 1104  2.2 1720  0.4 2335  2.2
27  We       1223 0542  0.6 1148  2.2 1804  0.4 9999  9.9
28  Th       1223 0019  2.2 0625  0.6 1229  2.2 1846  0.5
29  Fr       1223 0100  2.2 0704  0.6 1309  2.2 1926  0.5
30  Sa       1223 0139  2.1 0743  0.7 1347  2.2 2006  0.6
31  Su       1223 0217  2.1 0821  0.7 1426  2.1 2045  0.6
 1  Mo        124 0255  2.0 0900  0.7 1506  2.0 2125  0.7
 2  Tu        124 0335  2.0 0941  0.8 1549  2.0 2207  0.7
 3  We        124 0418  1.9 1027  0.8 1636  1.9 2254  0.8
 4  Th        124 0505  1.9 1118  0.9 1729  1.9 2346  0.8
 5  Fr        124 0558  1.9 1215  0.9 1827  1.9 9999  9.9
 6  Sa        124 0042  0.8 0655  1.9 1315  0.9 1927  1.9
 7  Su        124 0140  0.8 0753  1.9 1414  0.8 2026  1.9
 8  Mo        124 0238  0.8 0849  2.0 1509  0.7 2122  2.0
 9  Tu        124 0333  0.7 0942  2.1 1600  0.6 2214  2.1
10  We        124 0424  0.6 1031  2.2 1649  0.5 2305  2.2
11  Th        124 0514  0.5 1119  2.3 1738  0.3 2354  2.3
12  Fr        124 0602  0.5 1207  2.4 1826  0.3 9999  9.9
13  Sa        124 0043  2.4 0649  0.4 1255  2.5 1915  0.2
14  Su        124 0131  2.4 0737  0.4 1344  2.5 2005  0.2
15  Mo        124 0221  2.4 0827  0.4 1435  2.4 2057  0.3
16  Tu        124 0311  2.3 0918  0.4 1528  2.4 2150  0.4
17  We        124 0403  2.3 1012  0.5 1625  2.3 2246  0.5
18  Th        124 0458  2.2 1111  0.6 1726  2.2 2345  0.6
19  Fr        124 0558  2.1 1215  0.7 1831  2.1 9999  9.9
20  Sa        124 0049  0.7 0703  2.0 1322  0.7 1940  2.0
21  Su        124 0155  0.8 0809  2.0 1429  0.7 2047  2.0
22  Mo        124 0300  0.8 0911  2.0 1530  0.6 2148  2.0
23  Tu        124 0357  0.7 1006  2.1 1623  0.6 2240  2.1
24  We        124 0447  0.7 1053  2.1 1710  0.5 2325  2.1
25  Th        124 0530  0.7 1135  2.2 1751  0.5 9999  9.9
26  Fr        124 0005  2.1 0608  0.6 1212  2.2 1828  0.5
27  Sa        124 0040  2.1 0644  0.6 1248  2.2 1903  0.5
28  Su        124 0114  2.1 0717  0.6 1322  2.2 1937  0.5
29  Mo        124 0147  2.1 0750  0.6 1355  2.2 2011  0.6
30  Tu        124 0219  2.1 0824  0.7 1430  2.1 2046  0.6
31  We        124 0253  2.1 0900  0.7 1507  2.1 2122  0.7
 1  Th        224 0330  2.0 0939  0.8 1549  2.0 2203  0.7
 2  Fr        224 0412  1.9 1024  0.8 1636  1.9 2251  0.8
 3  Sa        224 0500  1.9 1118  0.9 1734  1.9 2347  0.9
 4  Su        224 0559  1.8 1223  0.9 1840  1.8 9999  9.9
 5  Mo        224 0053  0.9 0706  1.9 1333  0.8 1950  1.9
 6  Tu        224 0203  0.9 0814  1.9 1439  0.7 2056  2.0
 7  We        224 0307  0.8 0916  2.0 1538  0.6 2155  2.1
 8  Th        224 0404  0.6 1011  2.2 1631  0.4 2248  2.3
 9  Fr        224 0455  0.5 1102  2.4 1721  0.3 2337  2.4
10  Sa        224 0544  0.4 1150  2.5 1810  0.2 9999  9.9
11  Su        224 0024  2.5 0631  0.3 1238  2.6 1858  0.1
12  Mo        224 0111  2.5 0718  0.2 1326  2.6 1946  0.1
13  Tu        224 0158  2.5 0805  0.3 1416  2.5 2034  0.2
14  We        224 0246  2.4 0854  0.3 1506  2.4 2125  0.4
15  Th        224 0335  2.3 0946  0.5 1601  2.3 2218  0.5
16  Fr        224 0428  2.2 1043  0.6 1700  2.1 2316  0.7
17  Sa        224 0528  2.0 1148  0.7 1807  2.0 9999  9.9
18  Su        224 0022  0.8 0636  1.9 1301  0.8 1922  1.9
19  Mo        224 0136  0.9 0750  1.9 1415  0.8 2036  1.9
20  Tu        224 0247  0.9 0858  1.9 1519  0.7 2138  1.9
21  We        224 0345  0.8 0953  2.0 1610  0.7 2227  2.0
22  Th        224 0432  0.8 1037  2.1 1653  0.6 2307  2.1
23  Fr        224 0511  0.7 1115  2.2 1730  0.5 2342  2.1
24  Sa        224 0546  0.6 1150  2.2 1803  0.5 9999  9.9
25  Su        224 0014  2.2 0618  0.6 1222  2.2 1835  0.5
26  Mo        224 0044  2.2 0648  0.6 1253  2.2 1906  0.5
27  Tu        224 0114  2.2 0719  0.6 1324  2.2 1937  0.5
28  We        224 0144  2.2 0750  0.6 1357  2.2 2010  0.6
29  Th        224 0216  2.1 0823  0.6 1432  2.1 2045  0.6
 1  Fr        324 0250  2.1 0900  0.7 1511  2.0 2123  0.7
 2  Sa        324 0329  2.0 0943  0.8 1558  1.9 2210  0.8
 3  Su        324 0416  1.9 1037  0.8 1656  1.9 2307  0.9
 4  Mo        324 0517  1.9 1145  0.9 1807  1.8 9999  9.9
 5  Tu        324 0019  0.9 0631  1.8 1302  0.8 1923  1.9
 6  We        324 0135  0.9 0747  1.9 1414  0.7 2033  2.0
 7  Th        324 0244  0.8 0853  2.1 1516  0.6 2133  2.1
 8  Fr        324 0342  0.6 0950  2.2 1610  0.4 2226  2.3
 9  Sa        324 0434  0.4 1041  2.4 1700  0.2 2315  2.4
10  Su        324 0522  0.3 1130  2.6 1748  0.1 9999  9.9
11  Mo        324 0001  2.5 0608  0.2 1218  2.6 1836  0.1
12  Tu        324 0047  2.6 0655  0.2 1306  2.6 1923  0.1
13  We        324 0133  2.5 0742  0.2 1354  2.5 2010  0.2
14  Th        324 0219  2.4 0830  0.3 1444  2.4 2059  0.4
15  Fr        324 0308  2.3 0922  0.4 1538  2.2 2152  0.6
16  Sa        324 0400  2.1 1019  0.6 1637  2.0 2250  0.8
17  Su        324 0500  2.0 1124  0.7 1745  1.9 2358  0.9
18  Mo        324 0611  1.9 1239  0.8 1902  1.8 9999  9.9
19  Tu        324 0114  0.9 0728  1.9 1354  0.8 2016  1.8
20  We        324 0226  0.9 0836  1.9 1456  0.8 2116  1.9
21  Th        324 0322  0.9 0929  2.0 1545  0.7 2201  2.0
22  Fr        324 0406  0.8 1011  2.1 1625  0.6 2238  2.0
23  Sa        324 0443  0.7 1047  2.1 1659  0.6 2310  2.1
24  Su        324 0515  0.6 1120  2.2 1732  0.5 2341  2.2
25  Mo        324 0547  0.6 1151  2.2 1803  0.5 9999  9.9
26  Tu        324 0011  2.2 0617  0.5 1223  2.2 1834  0.5
27  We        324 0040  2.2 0648  0.5 1255  2.2 1906  0.5
28  Th        324 0111  2.2 0720  0.5 1328  2.2 1939  0.6
29  Fr        324 0144  2.1 0754  0.6 1405  2.1 2015  0.6
30  Sa        324 0219  2.1 0832  0.6 1446  2.1 2056  0.7
31  Su        324 0300  2.0 0917  0.7 1535  2.0 2144  0.8
 1  Mo        424 0350  1.9 1014  0.8 1636  1.9 2245  0.9
 2  Tu        424 0453  1.9 1124  0.8 1747  1.9 2358  0.9
 3  We        424 0609  1.9 1241  0.8 1902  1.9 9999  9.9
 4  Th        424 0113  0.9 0724  2.0 1351  0.7 2010  2.0
 5  Fr        424 0220  0.7 0830  2.1 1452  0.5 2108  2.2
 6  Sa        424 0318  0.6 0927  2.3 1546  0.4 2201  2.3
 7  Su        424 0409  0.4 1018  2.4 1636  0.2 2249  2.4
 8  Mo        424 0458  0.3 1108  2.6 1724  0.2 2336  2.5
 9  Tu        424 0545  0.2 1156  2.6 1812  0.2 9999  9.9
10  We        424 0022  2.5 0632  0.2 1244  2.6 1859  0.2
11  Th        424 0108  2.5 0719  0.2 1333  2.5 1947  0.3
12  Fr        424 0154  2.4 0808  0.3 1424  2.3 2036  0.5
13  Sa        424 0243  2.2 0900  0.5 1517  2.2 2128  0.7
14  Su        424 0335  2.1 0957  0.6 1616  2.0 2225  0.8
15  Mo        424 0434  2.0 1101  0.8 1721  1.9 2330  0.9
16  Tu        424 0542  1.9 1210  0.8 1831  1.8 9999  9.9
17  We        424 0041  1.0 0654  1.8 1318  0.8 1939  1.8
18  Th        424 0148  0.9 0758  1.9 1417  0.8 2034  1.9
19  Fr        424 0243  0.9 0850  1.9 1504  0.7 2119  1.9
20  Sa        424 0327  0.8 0933  2.0 1545  0.7 2157  2.0
21  Su        424 0405  0.7 1010  2.1 1621  0.6 2232  2.1
22  Mo        424 0440  0.6 1045  2.1 1656  0.6 2304  2.1
23  Tu        424 0513  0.6 1119  2.2 1729  0.5 2336  2.2
24  We        424 0546  0.5 1153  2.2 1803  0.5 9999  9.9
25  Th        424 0009  2.2 0619  0.5 1228  2.2 1838  0.6
26  Fr        424 0043  2.2 0654  0.5 1306  2.2 1915  0.6
27  Sa        424 0119  2.2 0732  0.5 1347  2.1 1955  0.7
28  Su        424 0158  2.1 0815  0.6 1433  2.1 2040  0.7
29  Mo        424 0244  2.0 0906  0.6 1525  2.0 2132  0.8
30  Tu        424 0338  2.0 1005  0.7 1626  2.0 2234  0.8
 1  We        524 0442  2.0 1112  0.7 1733  2.0 2342  0.8
 2  Th        524 0552  2.0 1221  0.7 1840  2.0 9999  9.9
 3  Fr        524 0051  0.8 0702  2.1 1326  0.6 1943  2.1
 4  Sa        524 0154  0.7 0805  2.2 1425  0.5 2041  2.2
 5  Su        524 0252  0.5 0902  2.3 1520  0.4 2134  2.3
 6  Mo        524 0344  0.4 0955  2.4 1612  0.3 2223  2.4
 7  Tu        524 0434  0.3 1046  2.5 1701  0.3 2311  2.4
 8  We        524 0523  0.2 1136  2.5 1750  0.3 2358  2.5
 9  Th        524 0611  0.2 1226  2.4 1838  0.4 9999  9.9
10  Fr        524 0045  2.4 0700  0.3 1315  2.4 1926  0.5
11  Sa        524 0132  2.3 0749  0.4 1406  2.2 2015  0.6
12  Su        524 0220  2.2 0840  0.5 1458  2.1 2105  0.7
13  Mo        524 0311  2.1 0934  0.6 1552  2.0 2158  0.8
14  Tu        524 0406  2.0 1031  0.7 1648  1.9 2255  0.9
15  We        524 0505  1.9 1130  0.8 1747  1.8 2356  0.9
16  Th        524 0607  1.9 1229  0.8 1845  1.8 9999  9.9
17  Fr        524 0056  0.9 0706  1.9 1323  0.8 1939  1.9
18  Sa        524 0151  0.9 0759  1.9 1413  0.8 2027  1.9
19  Su        524 0239  0.8 0846  2.0 1457  0.7 2110  2.0
20  Mo        524 0322  0.7 0929  2.0 1539  0.7 2150  2.0
21  Tu        524 0402  0.7 1009  2.1 1618  0.6 2227  2.1
22  We        524 0439  0.6 1047  2.1 1657  0.6 2304  2.1
23  Th        524 0517  0.5 1127  2.2 1736  0.6 2342  2.2
24  Fr        524 0555  0.5 1207  2.2 1816  0.6 9999  9.9
25  Sa        524 0020  2.2 0635  0.5 1250  2.2 1858  0.6
26  Su        524 0101  2.2 0719  0.5 1335  2.2 1942  0.6
27  Mo        524 0146  2.2 0806  0.5 1425  2.1 2031  0.7
28  Tu        524 0235  2.1 0859  0.5 1518  2.1 2123  0.7
29  We        524 0329  2.1 0956  0.6 1615  2.1 2221  0.7
30  Th        524 0430  2.1 1057  0.6 1714  2.1 2323  0.7
31  Fr        524 0534  2.1 1159  0.6 1816  2.1 9999  9.9
 1  Sa        624 0026  0.7 0638  2.1 1300  0.6 1915  2.1
 2  Su        624 0128  0.6 0741  2.2 1359  0.5 2014  2.2
 3  Mo        624 0227  0.5 0840  2.2 1456  0.5 2109  2.2
 4  Tu        624 0323  0.4 0936  2.3 1550  0.5 2201  2.3
 5  We        624 0415  0.4 1029  2.3 1642  0.4 2252  2.3
 6  Th        624 0506  0.3 1121  2.3 1732  0.5 2340  2.3
 7  Fr        624 0556  0.3 1212  2.3 1821  0.5 9999  9.9
 8  Sa        624 0027  2.3 0645  0.4 1301  2.2 1908  0.6
 9  Su        624 0114  2.3 0733  0.4 1348  2.2 1954  0.6
10  Mo        624 0200  2.2 0820  0.5 1435  2.1 2040  0.7
11  Tu        624 0246  2.1 0907  0.6 1521  2.0 2126  0.8
12  We        624 0333  2.0 0955  0.7 1608  1.9 2214  0.8
13  Th        624 0422  2.0 1043  0.8 1656  1.9 2305  0.9
14  Fr        624 0514  1.9 1133  0.8 1746  1.9 2358  0.9
15  Sa        624 0609  1.9 1225  0.8 1837  1.9 9999  9.9
16  Su        624 0053  0.9 0703  1.9 1316  0.8 1930  1.9
17  Mo        624 0147  0.8 0756  1.9 1407  0.8 2020  1.9
18  Tu        624 0237  0.8 0846  2.0 1456  0.8 2108  2.0
19  We        624 0324  0.7 0934  2.0 1544  0.7 2153  2.1
20  Th        624 0409  0.6 1020  2.1 1629  0.7 2236  2.1
21  Fr        624 0452  0.6 1105  2.1 1714  0.6 2319  2.2
22  Sa        624 0536  0.5 1150  2.2 1758  0.6 9999  9.9
23  Su        624 0002  2.2 0620  0.4 1236  2.2 1843  0.6
24  Mo        624 0047  2.3 0707  0.4 1324  2.3 1930  0.5
25  Tu        624 0134  2.3 0755  0.4 1412  2.3 2018  0.5
26  We        624 0224  2.3 0846  0.4 1503  2.2 2108  0.6
27  Th        624 0316  2.3 0940  0.4 1555  2.2 2202  0.6
28  Fr        624 0413  2.2 1036  0.5 1650  2.2 2300  0.6
29  Sa        624 0513  2.2 1134  0.5 1748  2.1 9999  9.9
30  Su        624 0001  0.6 0615  2.1 1235  0.6 1849  2.1
