071Wellington
Based on data from  1-Jul-2012
Local Std Time, tidal heights in metres.
 1  Fr        722 0036  0.8 0640  1.5 1240  0.8 1847  1.6
 2  Sa        722 0123  0.8 0724  1.5 1325  0.8 1931  1.6
 3  Su        722 0209  0.8 0807  1.5 1409  0.8 2016  1.6
 4  Mo        722 0252  0.8 0848  1.5 1452  0.8 2100  1.6
 5  Tu        722 0333  0.7 0929  1.5 1536  0.8 2145  1.6
 6  We        722 0413  0.7 1010  1.5 1621  0.8 2231  1.6
 7  Th        722 0452  0.7 1053  1.5 1707  0.7 2317  1.6
 8  Fr        722 0532  0.7 1139  1.6 1755  0.7 9999  9.9
 9  Sa        722 0005  1.6 0615  0.7 1228  1.6 1846  0.6
10  Su        722 0056  1.6 0702  0.6 1321  1.7 1939  0.6
11  Mo        722 0150  1.6 0753  0.6 1416  1.7 2034  0.6
12  Tu        722 0246  1.7 0849  0.6 1513  1.8 2133  0.6
13  We        722 0344  1.7 0947  0.6 1610  1.8 2233  0.5
14  Th        722 0443  1.7 1046  0.5 1707  1.9 2335  0.5
15  Fr        722 0541  1.7 1145  0.5 1804  1.9 9999  9.9
16  Sa        722 0036  0.5 0638  1.7 1244  0.5 1902  1.9
17  Su        722 0135  0.5 0734  1.7 1342  0.5 2000  1.8
18  Mo        722 0232  0.5 0829  1.7 1441  0.5 2058  1.8
19  Tu        722 0327  0.5 0923  1.7 1539  0.6 2156  1.8
20  We        722 0420  0.6 1018  1.7 1636  0.6 2252  1.7
21  Th        722 0511  0.6 1112  1.7 1733  0.6 2347  1.7
22  Fr        722 0601  0.6 1206  1.7 1826  0.7 9999  9.9
23  Sa        722 0039  1.6 0649  0.7 1259  1.6 1917  0.7
24  Su        722 0130  1.6 0736  0.7 1348  1.6 2006  0.7
25  Mo        722 0218  1.5 0822  0.7 1435  1.6 2052  0.7
26  Tu        722 0305  1.5 0907  0.7 1519  1.6 2137  0.8
27  We        722 0351  1.5 0952  0.8 1603  1.6 2224  0.8
28  Th        722 0437  1.5 1036  0.8 1646  1.6 2311  0.8
29  Fr        722 0522  1.5 1121  0.8 1729  1.6 2359  0.8
30  Sa        722 0607  1.5 1206  0.8 1814  1.6 9999  9.9
31  Su        722 0048  0.8 0650  1.5 1252  0.8 1859  1.6
 1  Mo        822 0135  0.8 0733  1.5 1338  0.8 1946  1.6
 2  Tu        822 0219  0.8 0816  1.5 1425  0.8 2033  1.6
 3  We        822 0303  0.8 0859  1.5 1512  0.7 2120  1.6
 4  Th        822 0344  0.7 0943  1.5 1600  0.7 2207  1.6
 5  Fr        822 0426  0.7 1029  1.6 1649  0.7 2256  1.6
 6  Sa        822 0509  0.7 1118  1.6 1739  0.6 2345  1.6
 7  Su        822 0554  0.7 1209  1.7 1829  0.6 9999  9.9
 8  Mo        822 0036  1.6 0642  0.6 1302  1.7 1922  0.6
 9  Tu        822 0129  1.7 0734  0.6 1357  1.8 2016  0.6
10  We        822 0225  1.7 0829  0.6 1453  1.8 2112  0.5
11  Th        822 0323  1.7 0926  0.5 1549  1.8 2211  0.5
12  Fr        822 0421  1.7 1025  0.5 1646  1.9 2312  0.5
13  Sa        822 0518  1.7 1124  0.5 1744  1.8 9999  9.9
14  Su        822 0012  0.5 0615  1.7 1224  0.5 1841  1.8
15  Mo        822 0111  0.6 0711  1.7 1322  0.5 1939  1.8
16  Tu        822 0208  0.6 0805  1.7 1421  0.6 2037  1.7
17  We        822 0302  0.6 0900  1.7 1519  0.6 2134  1.7
18  Th        822 0354  0.6 0954  1.7 1616  0.6 2228  1.7
19  Fr        822 0444  0.6 1047  1.7 1710  0.6 2321  1.6
20  Sa        822 0532  0.6 1139  1.7 1800  0.7 9999  9.9
21  Su        822 0010  1.6 0619  0.7 1229  1.6 1847  0.7
22  Mo        822 0058  1.5 0704  0.7 1316  1.6 1932  0.7
23  Tu        822 0144  1.5 0748  0.7 1401  1.6 2015  0.7
24  We        822 0229  1.5 0831  0.7 1444  1.6 2058  0.8
25  Th        822 0314  1.5 0915  0.8 1526  1.6 2143  0.8
26  Fr        822 0400  1.5 1000  0.8 1610  1.6 2230  0.8
27  Sa        822 0445  1.5 1046  0.8 1655  1.6 2320  0.8
28  Su        822 0531  1.5 1133  0.8 1741  1.6 9999  9.9
29  Mo        822 0010  0.8 0616  1.5 1222  0.8 1830  1.6
30  Tu        822 0059  0.8 0701  1.5 1311  0.7 1919  1.6
31  We        822 0147  0.8 0747  1.5 1402  0.7 2009  1.6
 1  Th        922 0233  0.7 0833  1.6 1453  0.7 2059  1.6
 2  Fr        922 0318  0.7 0920  1.6 1544  0.7 2148  1.6
 3  Sa        922 0402  0.7 1008  1.7 1634  0.6 2237  1.6
 4  Su        922 0447  0.7 1059  1.7 1724  0.6 2326  1.6
 5  Mo        922 0534  0.6 1151  1.7 1814  0.6 9999  9.9
 6  Tu        922 0017  1.7 0624  0.6 1244  1.8 1905  0.6
 7  We        922 0110  1.7 0716  0.6 1339  1.8 1957  0.5
 8  Th        922 0205  1.7 0811  0.6 1434  1.8 2052  0.6
 9  Fr        922 0302  1.7 0908  0.5 1530  1.8 2150  0.6
10  Sa        922 0359  1.7 1007  0.5 1627  1.8 2249  0.6
11  Su        922 0457  1.7 1106  0.5 1725  1.8 2349  0.6
12  Mo        922 0553  1.7 1206  0.6 1822  1.7 9999  9.9
13  Tu        922 0047  0.6 0648  1.7 1305  0.6 1919  1.7
14  We        922 0143  0.6 0742  1.7 1403  0.6 2015  1.7
15  Th        922 0236  0.6 0835  1.7 1459  0.6 2110  1.6
16  Fr        922 0326  0.6 0927  1.7 1553  0.6 2201  1.6
17  Sa        922 0414  0.7 1018  1.7 1643  0.7 2250  1.6
18  Su        922 0500  0.7 1107  1.7 1729  0.7 2336  1.6
19  Mo        922 0544  0.7 1154  1.6 1813  0.7 9999  9.9
20  Tu        922 0020  1.5 0627  0.7 1238  1.6 1853  0.7
21  We        922 0103  1.5 0709  0.7 1321  1.6 1934  0.7
22  Th        922 0147  1.5 0752  0.8 1404  1.6 2015  0.7
23  Fr        922 0231  1.5 0835  0.8 1447  1.6 2058  0.8
24  Sa        922 0317  1.5 0921  0.8 1532  1.6 2146  0.8
25  Su        922 0405  1.5 1009  0.8 1620  1.6 2237  0.8
26  Mo        922 0453  1.5 1100  0.7 1710  1.6 2330  0.8
27  Tu        922 0541  1.5 1153  0.7 1802  1.6 9999  9.9
28  We        922 0023  0.8 0630  1.6 1247  0.7 1855  1.6
29  Th        922 0115  0.7 0719  1.6 1341  0.7 1947  1.6
30  Fr        922 0204  0.7 0808  1.6 1435  0.6 2039  1.6
 1  Sa       1022 0252  0.7 0858  1.7 1527  0.6 2129  1.6
 2  Su       1022 0339  0.6 0949  1.7 1619  0.6 2219  1.7
 3  Mo       1022 0427  0.6 1041  1.8 1709  0.5 2308  1.7
 4  Tu       1022 0516  0.6 1134  1.8 1758  0.5 2359  1.7
 5  We       1022 0607  0.6 1228  1.8 1848  0.5 9999  9.9
 6  Th       1022 0051  1.7 0700  0.6 1322  1.8 1939  0.6
 7  Fr       1022 0146  1.7 0755  0.6 1417  1.8 2033  0.6
 8  Sa       1022 0242  1.7 0852  0.6 1513  1.7 2129  0.6
 9  Su       1022 0339  1.7 0950  0.6 1609  1.7 2227  0.6
10  Mo       1022 0436  1.7 1050  0.6 1706  1.7 2326  0.7
11  Tu       1022 0532  1.7 1149  0.6 1803  1.6 9999  9.9
12  We       1022 0022  0.7 0625  1.7 1247  0.6 1859  1.6
13  Th       1022 0116  0.7 0718  1.7 1344  0.6 1952  1.6
14  Fr       1022 0207  0.7 0809  1.7 1437  0.7 2043  1.6
15  Sa       1022 0255  0.7 0858  1.7 1527  0.7 2131  1.6
16  Su       1022 0340  0.7 0946  1.6 1614  0.7 2216  1.5
17  Mo       1022 0424  0.7 1032  1.6 1656  0.7 2259  1.5
18  Tu       1022 0506  0.7 1116  1.6 1736  0.7 2341  1.5
19  We       1022 0547  0.7 1158  1.6 1815  0.7 9999  9.9
20  Th       1022 0021  1.5 0628  0.7 1240  1.6 1853  0.7
21  Fr       1022 0103  1.5 0710  0.8 1322  1.6 1932  0.7
22  Sa       1022 0147  1.5 0754  0.8 1406  1.6 2015  0.7
23  Su       1022 0233  1.5 0841  0.7 1454  1.6 2102  0.8
24  Mo       1022 0323  1.5 0932  0.7 1545  1.6 2154  0.8
25  Tu       1022 0415  1.5 1027  0.7 1639  1.6 2251  0.7
26  We       1022 0507  1.6 1125  0.7 1735  1.6 2347  0.7
27  Th       1022 0559  1.6 1223  0.6 1830  1.6 9999  9.9
28  Fr       1022 0042  0.7 0651  1.7 1320  0.6 1925  1.6
29  Sa       1022 0135  0.7 0744  1.7 1416  0.6 2017  1.7
30  Su       1022 0226  0.6 0837  1.8 1509  0.5 2109  1.7
31  Mo       1022 0316  0.6 0930  1.8 1601  0.5 2159  1.7
 1  Tu       1122 0407  0.6 1023  1.8 1652  0.5 2250  1.7
 2  We       1122 0458  0.6 1117  1.8 1742  0.5 2341  1.7
 3  Th       1122 0551  0.6 1211  1.8 1831  0.5 9999  9.9
 4  Fr       1122 0034  1.7 0645  0.6 1306  1.8 1922  0.6
 5  Sa       1122 0128  1.7 0740  0.6 1401  1.7 2014  0.6
 6  Su       1122 0224  1.7 0837  0.6 1456  1.7 2109  0.7
 7  Mo       1122 0320  1.7 0936  0.6 1552  1.6 2205  0.7
 8  Tu       1122 0416  1.7 1034  0.7 1648  1.6 2301  0.7
 9  We       1122 0509  1.6 1132  0.7 1743  1.6 2355  0.7
10  Th       1122 0601  1.6 1228  0.7 1836  1.5 9999  9.9
11  Fr       1122 0047  0.7 0651  1.6 1322  0.7 1927  1.5
12  Sa       1122 0135  0.7 0739  1.6 1412  0.7 2015  1.5
13  Su       1122 0221  0.7 0826  1.6 1459  0.7 2100  1.5
14  Mo       1122 0305  0.7 0912  1.6 1543  0.7 2142  1.5
15  Tu       1122 0347  0.7 0955  1.6 1623  0.7 2223  1.5
16  We       1122 0428  0.7 1038  1.6 1701  0.7 2302  1.5
17  Th       1122 0509  0.8 1119  1.6 1738  0.7 2341  1.5
18  Fr       1122 0550  0.8 1200  1.6 1815  0.7 9999  9.9
19  Sa       1122 0022  1.5 0632  0.8 1243  1.6 1854  0.7
20  Su       1122 0105  1.5 0716  0.7 1328  1.6 1936  0.7
21  Mo       1122 0153  1.5 0804  0.7 1418  1.6 2022  0.7
22  Tu       1122 0244  1.6 0858  0.7 1511  1.6 2115  0.7
23  We       1122 0338  1.6 0955  0.7 1608  1.6 2213  0.7
24  Th       1122 0433  1.7 1055  0.6 1707  1.6 2312  0.7
25  Fr       1122 0529  1.7 1156  0.6 1804  1.6 9999  9.9
26  Sa       1122 0010  0.6 0624  1.8 1256  0.6 1900  1.7
27  Su       1122 0106  0.6 0719  1.8 1354  0.5 1954  1.7
28  Mo       1122 0200  0.6 0815  1.8 1449  0.5 2047  1.7
29  Tu       1122 0254  0.5 0910  1.9 1542  0.5 2139  1.7
30  We       1122 0348  0.5 1005  1.8 1634  0.5 2231  1.7
 1  Th       1222 0442  0.5 1100  1.8 1724  0.5 2323  1.7
 2  Fr       1222 0536  0.5 1155  1.8 1814  0.5 9999  9.9
 3  Sa       1222 0016  1.7 0631  0.6 1250  1.7 1904  0.6
 4  Su       1222 0111  1.7 0727  0.6 1344  1.7 1955  0.6
 5  Mo       1222 0206  1.7 0823  0.6 1439  1.6 2048  0.7
 6  Tu       1222 0300  1.6 0919  0.7 1533  1.6 2141  0.7
 7  We       1222 0353  1.6 1015  0.7 1626  1.5 2234  0.7
 8  Th       1222 0444  1.6 1110  0.7 1719  1.5 2325  0.7
 9  Fr       1222 0533  1.6 1203  0.7 1809  1.5 9999  9.9
10  Sa       1222 0014  0.8 0620  1.6 1254  0.7 1857  1.5
11  Su       1222 0101  0.8 0707  1.6 1343  0.7 1943  1.5
12  Mo       1222 0146  0.8 0752  1.6 1428  0.7 2026  1.5
13  Tu       1222 0229  0.8 0836  1.6 1511  0.7 2108  1.5
14  We       1222 0312  0.8 0920  1.6 1551  0.7 2148  1.5
15  Th       1222 0353  0.8 1002  1.6 1629  0.7 2227  1.5
16  Fr       1222 0435  0.8 1044  1.6 1705  0.7 2306  1.5
17  Sa       1222 0516  0.8 1126  1.6 1742  0.7 2347  1.5
18  Su       1222 0559  0.7 1209  1.6 1821  0.7 9999  9.9
19  Mo       1222 0031  1.6 0645  0.7 1255  1.6 1902  0.7
20  Tu       1222 0119  1.6 0734  0.7 1346  1.6 1949  0.7
21  We       1222 0211  1.6 0827  0.7 1440  1.6 2042  0.7
22  Th       1222 0306  1.7 0925  0.6 1538  1.6 2139  0.6
23  Fr       1222 0403  1.7 1026  0.6 1637  1.6 2239  0.6
24  Sa       1222 0500  1.8 1128  0.6 1736  1.7 2339  0.6
25  Su       1222 0557  1.8 1230  0.5 1833  1.7 9999  9.9
26  Mo       1222 0038  0.5 0655  1.9 1329  0.5 1929  1.7
27  Tu       1222 0135  0.5 0752  1.9 1426  0.5 2024  1.7
28  We       1222 0232  0.5 0850  1.9 1521  0.5 2117  1.7
29  Th       1222 0329  0.5 0947  1.8 1614  0.5 2211  1.7
30  Fr       1222 0425  0.5 1043  1.8 1706  0.5 2305  1.7
31  Sa       1222 0522  0.6 1139  1.7 1756  0.6 2359  1.7
 1  Su        123 0617  0.6 1233  1.7 1845  0.6 9999  9.9
 2  Mo        123 0053  1.7 0712  0.6 1326  1.6 1935  0.6
 3  Tu        123 0146  1.7 0805  0.7 1418  1.6 2024  0.7
 4  We        123 0238  1.6 0857  0.7 1509  1.5 2113  0.7
 5  Th        123 0327  1.6 0948  0.7 1600  1.5 2202  0.8
 6  Fr        123 0414  1.6 1039  0.8 1649  1.5 2250  0.8
 7  Sa        123 0500  1.6 1129  0.8 1737  1.5 2337  0.8
 8  Su        123 0546  1.6 1219  0.8 1824  1.4 9999  9.9
 9  Mo        123 0023  0.8 0631  1.6 1307  0.8 1909  1.5
10  Tu        123 0109  0.8 0716  1.6 1354  0.8 1952  1.5
11  We        123 0154  0.8 0801  1.6 1438  0.8 2034  1.5
12  Th        123 0239  0.8 0846  1.6 1519  0.8 2115  1.5
13  Fr        123 0323  0.8 0930  1.6 1558  0.7 2155  1.5
14  Sa        123 0406  0.8 1014  1.6 1635  0.7 2235  1.5
15  Su        123 0450  0.7 1057  1.6 1713  0.7 2318  1.6
16  Mo        123 0534  0.7 1142  1.6 1752  0.7 9999  9.9
17  Tu        123 0003  1.6 0621  0.7 1228  1.6 1835  0.7
18  We        123 0052  1.7 0710  0.6 1318  1.6 1922  0.6
19  Th        123 0144  1.7 0802  0.6 1412  1.6 2014  0.6
20  Fr        123 0239  1.8 0857  0.6 1509  1.6 2110  0.6
21  Sa        123 0336  1.8 0957  0.6 1609  1.7 2210  0.6
22  Su        123 0433  1.8 1059  0.6 1708  1.7 2311  0.5
23  Mo        123 0532  1.8 1202  0.5 1807  1.7 9999  9.9
24  Tu        123 0012  0.5 0631  1.8 1303  0.5 1904  1.7
25  We        123 0112  0.5 0730  1.8 1402  0.5 2000  1.7
26  Th        123 0212  0.5 0829  1.8 1459  0.5 2055  1.7
27  Fr        123 0311  0.5 0928  1.8 1553  0.5 2151  1.7
28  Sa        123 0409  0.5 1025  1.7 1645  0.6 2245  1.7
29  Su        123 0506  0.6 1120  1.7 1735  0.6 2339  1.7
30  Mo        123 0601  0.6 1213  1.6 1823  0.6 9999  9.9
31  Tu        123 0032  1.7 0652  0.6 1303  1.6 1911  0.7
 1  We        223 0123  1.7 0741  0.7 1352  1.5 1957  0.7
 2  Th        223 0210  1.6 0827  0.7 1440  1.5 2042  0.7
 3  Fr        223 0256  1.6 0913  0.8 1526  1.5 2127  0.8
 4  Sa        223 0340  1.6 0959  0.8 1613  1.4 2212  0.8
 5  Su        223 0424  1.6 1047  0.8 1700  1.4 2258  0.8
 6  Mo        223 0508  1.6 1137  0.8 1746  1.4 2345  0.8
 7  Tu        223 0554  1.5 1227  0.8 1832  1.4 9999  9.9
 8  We        223 0033  0.8 0641  1.5 1316  0.8 1916  1.4
 9  Th        223 0121  0.8 0728  1.5 1403  0.8 2000  1.5
10  Fr        223 0209  0.8 0816  1.5 1446  0.8 2043  1.5
11  Sa        223 0256  0.8 0903  1.5 1527  0.8 2125  1.5
12  Su        223 0343  0.7 0948  1.6 1607  0.7 2209  1.6
13  Mo        223 0429  0.7 1034  1.6 1647  0.7 2254  1.6
14  Tu        223 0515  0.7 1119  1.6 1728  0.7 2341  1.7
15  We        223 0602  0.6 1206  1.6 1812  0.6 9999  9.9
16  Th        223 0030  1.7 0650  0.6 1255  1.6 1859  0.6
17  Fr        223 0122  1.8 0740  0.6 1348  1.6 1951  0.6
18  Sa        223 0216  1.8 0833  0.6 1444  1.7 2046  0.6
19  Su        223 0312  1.8 0931  0.6 1542  1.7 2145  0.5
20  Mo        223 0410  1.8 1032  0.6 1642  1.7 2246  0.5
21  Tu        223 0509  1.8 1135  0.6 1741  1.7 2349  0.5
22  We        223 0609  1.8 1237  0.6 1839  1.7 9999  9.9
23  Th        223 0051  0.5 0709  1.8 1337  0.6 1936  1.7
24  Fr        223 0153  0.5 0809  1.7 1434  0.6 2033  1.7
25  Sa        223 0253  0.6 0908  1.7 1529  0.6 2128  1.7
26  Su        223 0352  0.6 1004  1.7 1621  0.6 2223  1.7
27  Mo        223 0448  0.6 1057  1.6 1710  0.6 2316  1.7
28  Tu        223 0539  0.6 1148  1.6 1757  0.6 9999  9.9
 1  We        323 0006  1.7 0627  0.7 1235  1.6 1842  0.7
 2  Th        323 0054  1.7 0711  0.7 1321  1.5 1925  0.7
 3  Fr        323 0138  1.6 0752  0.7 1405  1.5 2008  0.7
 4  Sa        323 0221  1.6 0833  0.8 1449  1.5 2050  0.8
 5  Su        323 0303  1.6 0915  0.8 1534  1.5 2134  0.8
 6  Mo        323 0346  1.6 1001  0.8 1620  1.4 2220  0.8
 7  Tu        323 0430  1.5 1050  0.8 1706  1.4 2308  0.8
 8  We        323 0517  1.5 1143  0.8 1753  1.5 2358  0.8
 9  Th        323 0607  1.5 1235  0.8 1840  1.5 9999  9.9
10  Fr        323 0050  0.8 0658  1.5 1325  0.8 1926  1.5
11  Sa        323 0142  0.8 0749  1.5 1412  0.8 2012  1.5
12  Su        323 0234  0.7 0838  1.5 1456  0.8 2058  1.6
13  Mo        323 0323  0.7 0926  1.6 1539  0.7 2145  1.6
14  Tu        323 0412  0.7 1013  1.6 1622  0.7 2232  1.7
15  We        323 0459  0.6 1059  1.6 1706  0.7 2321  1.7
16  Th        323 0545  0.6 1146  1.6 1752  0.6 9999  9.9
17  Fr        323 0012  1.8 0633  0.6 1236  1.7 1841  0.6
18  Sa        323 0104  1.8 0721  0.6 1327  1.7 1932  0.6
19  Su        323 0157  1.8 0813  0.6 1422  1.7 2028  0.5
20  Mo        323 0252  1.8 0908  0.6 1520  1.7 2126  0.5
21  Tu        323 0349  1.8 1007  0.6 1619  1.7 2227  0.5
22  We        323 0448  1.8 1109  0.6 1718  1.7 2329  0.6
23  Th        323 0548  1.7 1211  0.6 1816  1.7 9999  9.9
24  Fr        323 0032  0.6 0649  1.7 1311  0.6 1913  1.7
25  Sa        323 0135  0.6 0748  1.7 1408  0.6 2009  1.7
26  Su        323 0235  0.6 0845  1.6 1502  0.6 2103  1.7
27  Mo        323 0332  0.6 0939  1.6 1552  0.6 2157  1.7
28  Tu        323 0425  0.6 1030  1.6 1640  0.7 2248  1.7
29  We        323 0513  0.6 1118  1.6 1726  0.7 2336  1.7
30  Th        323 0557  0.7 1202  1.5 1809  0.7 9999  9.9
31  Fr        323 0021  1.6 0637  0.7 1245  1.5 1851  0.7
 1  Sa        423 0103  1.6 0715  0.7 1327  1.5 1932  0.7
 2  Su        423 0144  1.6 0754  0.7 1409  1.5 2013  0.8
 3  Mo        423 0225  1.6 0833  0.8 1453  1.5 2057  0.8
 4  Tu        423 0308  1.6 0917  0.8 1539  1.5 2143  0.8
 5  We        423 0354  1.5 1006  0.8 1627  1.5 2233  0.8
 6  Th        423 0444  1.5 1059  0.8 1715  1.5 2326  0.8
 7  Fr        423 0536  1.5 1153  0.8 1804  1.5 9999  9.9
 8  Sa        423 0021  0.8 0630  1.5 1246  0.8 1853  1.5
 9  Su        423 0117  0.7 0722  1.5 1337  0.8 1942  1.6
10  Mo        423 0211  0.7 0814  1.6 1425  0.7 2032  1.6
11  Tu        423 0304  0.7 0903  1.6 1512  0.7 2122  1.7
12  We        423 0354  0.6 0952  1.6 1559  0.7 2212  1.7
13  Th        423 0442  0.6 1040  1.6 1646  0.6 2303  1.8
14  Fr        423 0529  0.6 1128  1.7 1735  0.6 2355  1.8
15  Sa        423 0617  0.5 1218  1.7 1825  0.6 9999  9.9
16  Su        423 0048  1.8 0705  0.5 1310  1.7 1918  0.6
17  Mo        423 0141  1.8 0756  0.6 1405  1.7 2014  0.6
18  Tu        423 0237  1.8 0850  0.6 1502  1.7 2112  0.6
19  We        423 0333  1.7 0947  0.6 1600  1.7 2212  0.6
20  Th        423 0431  1.7 1047  0.6 1657  1.7 2314  0.6
21  Fr        423 0530  1.7 1146  0.7 1753  1.7 9999  9.9
22  Sa        423 0015  0.6 0628  1.6 1244  0.7 1849  1.7
23  Su        423 0116  0.6 0725  1.6 1339  0.7 1942  1.7
24  Mo        423 0213  0.6 0819  1.6 1430  0.7 2035  1.7
25  Tu        423 0307  0.7 0910  1.6 1519  0.7 2126  1.7
26  We        423 0357  0.7 0958  1.6 1606  0.7 2214  1.6
27  Th        423 0442  0.7 1043  1.5 1650  0.7 2301  1.6
28  Fr        423 0523  0.7 1126  1.5 1733  0.7 2344  1.6
29  Sa        423 0602  0.7 1208  1.5 1815  0.7 9999  9.9
30  Su        423 0026  1.6 0639  0.7 1249  1.5 1856  0.8
 1  Mo        523 0107  1.6 0717  0.7 1331  1.5 1938  0.8
 2  Tu        523 0149  1.6 0756  0.8 1415  1.5 2022  0.8
 3  We        523 0234  1.6 0839  0.8 1501  1.5 2110  0.8
 4  Th        523 0321  1.5 0927  0.8 1550  1.5 2201  0.7
 5  Fr        523 0413  1.5 1020  0.8 1640  1.6 2256  0.7
 6  Sa        523 0507  1.5 1115  0.8 1730  1.6 2354  0.7
 7  Su        523 0602  1.5 1209  0.7 1822  1.6 9999  9.9
 8  Mo        523 0051  0.7 0656  1.6 1303  0.7 1914  1.7
 9  Tu        523 0148  0.6 0749  1.6 1354  0.7 2006  1.7
10  We        523 0242  0.6 0840  1.6 1445  0.6 2059  1.7
11  Th        523 0334  0.6 0930  1.6 1536  0.6 2153  1.8
12  Fr        523 0424  0.5 1020  1.7 1627  0.6 2246  1.8
13  Sa        523 0513  0.5 1111  1.7 1720  0.6 2340  1.8
14  Su        523 0602  0.5 1203  1.7 1813  0.6 9999  9.9
15  Mo        523 0034  1.8 0652  0.6 1256  1.7 1908  0.6
16  Tu        523 0129  1.7 0742  0.6 1351  1.7 2005  0.6
17  We        523 0224  1.7 0835  0.6 1447  1.7 2102  0.6
18  Th        523 0320  1.7 0930  0.6 1543  1.7 2201  0.6
19  Fr        523 0416  1.6 1027  0.7 1638  1.7 2300  0.7
20  Sa        523 0512  1.6 1122  0.7 1731  1.7 2358  0.7
21  Su        523 0607  1.6 1216  0.7 1823  1.7 9999  9.9
22  Mo        523 0054  0.7 0700  1.5 1307  0.7 1914  1.7
23  Tu        523 0148  0.7 0750  1.5 1356  0.7 2003  1.6
24  We        523 0238  0.7 0838  1.5 1443  0.7 2051  1.6
25  Th        523 0325  0.7 0924  1.5 1529  0.7 2138  1.6
26  Fr        523 0408  0.7 1007  1.5 1613  0.8 2223  1.6
27  Sa        523 0449  0.7 1049  1.5 1656  0.8 2307  1.6
28  Su        523 0527  0.7 1131  1.5 1739  0.8 2349  1.6
29  Mo        523 0605  0.7 1212  1.5 1822  0.8 9999  9.9
30  Tu        523 0031  1.6 0643  0.7 1254  1.5 1905  0.8
31  We        523 0115  1.6 0723  0.7 1339  1.5 1951  0.7
 1  Th        623 0201  1.6 0806  0.7 1427  1.6 2040  0.7
 2  Fr        623 0251  1.5 0854  0.7 1516  1.6 2132  0.7
 3  Sa        623 0344  1.6 0946  0.7 1608  1.6 2228  0.7
 4  Su        623 0439  1.6 1041  0.7 1700  1.7 2326  0.6
 5  Mo        623 0535  1.6 1136  0.7 1753  1.7 9999  9.9
 6  Tu        623 0025  0.6 0629  1.6 1232  0.6 1847  1.8
 7  We        623 0122  0.6 0723  1.6 1326  0.6 1942  1.8
 8  Th        623 0218  0.6 0816  1.7 1421  0.6 2038  1.8
 9  Fr        623 0312  0.5 0908  1.7 1515  0.6 2134  1.8
10  Sa        623 0405  0.5 1001  1.7 1611  0.6 2230  1.8
11  Su        623 0456  0.5 1054  1.7 1707  0.6 2326  1.8
12  Mo        623 0547  0.5 1148  1.7 1803  0.6 9999  9.9
13  Tu        623 0022  1.7 0638  0.6 1243  1.7 1900  0.6
14  We        623 0117  1.7 0729  0.6 1339  1.7 1957  0.6
15  Th        623 0212  1.6 0821  0.6 1434  1.7 2053  0.6
16  Fr        623 0307  1.6 0914  0.7 1527  1.7 2148  0.7
17  Sa        623 0400  1.6 1006  0.7 1618  1.7 2243  0.7
18  Su        623 0453  1.5 1058  0.7 1708  1.7 2336  0.7
19  Mo        623 0544  1.5 1147  0.7 1756  1.6 9999  9.9
20  Tu        623 0028  0.7 0633  1.5 1235  0.7 1843  1.6
21  We        623 0119  0.7 0720  1.5 1322  0.7 1930  1.6
22  Th        623 0206  0.7 0805  1.5 1408  0.8 2016  1.6
23  Fr        623 0252  0.7 0849  1.5 1453  0.8 2102  1.6
24  Sa        623 0334  0.7 0932  1.5 1538  0.8 2147  1.6
25  Su        623 0415  0.7 1014  1.5 1622  0.8 2231  1.6
26  Mo        623 0454  0.7 1055  1.5 1706  0.8 2315  1.5
27  Tu        623 0533  0.7 1137  1.5 1751  0.8 2358  1.5
28  We        623 0611  0.7 1221  1.5 1836  0.7 9999  9.9
29  Th        623 0043  1.5 0652  0.7 1307  1.6 1922  0.7
30  Fr        623 0131  1.6 0735  0.7 1355  1.6 2011  0.7
