074Westport
Based on data from  1-Dec-2005
Local Std Time, tidal heights in metres.
 1  Fr        116 0313  2.7 0921  0.9 1538  2.6 2154  0.9
 2  Sa        116 0403  2.5 1014  1.0 1632  2.5 2247  1.0
 3  Su        116 0458  2.5 1113  1.0 1730  2.5 2344  1.0
 4  Mo        116 0557  2.5 1214  1.0 1828  2.5 9999  9.9
 5  Tu        116 0042  1.0 0656  2.5 1312  1.0 1923  2.6
 6  We        116 0136  0.9 0751  2.6 1404  0.9 2015  2.7
 7  Th        116 0227  0.8 0841  2.7 1451  0.7 2103  2.8
 8  Fr        116 0314  0.7 0926  2.9 1535  0.6 2148  2.9
 9  Sa        116 0357  0.5 1009  3.0 1618  0.4 2231  3.0
10  Su        116 0439  0.4 1050  3.1 1700  0.3 2314  3.1
11  Mo        116 0521  0.3 1131  3.2 1742  0.2 2356  3.2
12  Tu        116 0603  0.3 1213  3.3 1825  0.2 9999  9.9
13  We        116 0039  3.2 0646  0.2 1257  3.3 1911  0.2
14  Th        116 0125  3.2 0731  0.3 1344  3.2 1959  0.3
15  Fr        116 0213  3.1 0821  0.4 1435  3.1 2052  0.4
16  Sa        116 0307  3.0 0916  0.5 1533  3.0 2151  0.5
17  Su        116 0407  2.9 1019  0.6 1638  2.9 2255  0.6
18  Mo        116 0513  2.8 1127  0.7 1747  2.9 9999  9.9
19  Tu        116 0003  0.7 0623  2.8 1236  0.7 1855  2.8
20  We        116 0110  0.7 0730  2.8 1342  0.6 1959  2.9
21  Th        116 0212  0.6 0832  2.9 1441  0.5 2059  3.0
22  Fr        116 0309  0.5 0927  3.0 1535  0.4 2152  3.0
23  Sa        116 0400  0.4 1016  3.1 1623  0.3 2240  3.1
24  Su        116 0446  0.4 1100  3.2 1707  0.3 2322  3.1
25  Mo        116 0527  0.3 1140  3.2 1748  0.3 9999  9.9
26  Tu        116 0002  3.1 0606  0.4 1218  3.2 1827  0.4
27  We        116 0038  3.1 0643  0.4 1254  3.1 1905  0.4
28  Th        116 0114  3.0 0719  0.5 1330  3.0 1942  0.5
29  Fr        116 0149  2.9 0755  0.6 1407  2.9 2020  0.7
30  Sa        116 0227  2.8 0834  0.8 1447  2.7 2101  0.8
31  Su        116 0309  2.6 0918  0.9 1534  2.6 2148  0.9
 1  Mo        216 0358  2.5 1012  1.0 1630  2.5 2245  1.0
 2  Tu        216 0458  2.5 1116  1.1 1733  2.5 2348  1.0
 3  We        216 0604  2.4 1223  1.1 1838  2.5 9999  9.9
 4  Th        216 0052  1.0 0709  2.5 1325  1.0 1938  2.6
 5  Fr        216 0151  0.9 0807  2.7 1420  0.8 2033  2.7
 6  Sa        216 0244  0.7 0858  2.8 1509  0.6 2123  2.9
 7  Su        216 0332  0.5 0944  3.0 1555  0.4 2210  3.1
 8  Mo        216 0417  0.4 1028  3.2 1639  0.2 2254  3.2
 9  Tu        216 0501  0.2 1111  3.4 1723  0.1 2338  3.3
10  We        216 0544  0.1 1155  3.4 1808  0.0 9999  9.9
11  Th        216 0022  3.4 0628  0.1 1240  3.4 1854  0.1
12  Fr        216 0108  3.3 0714  0.1 1327  3.4 1942  0.1
13  Sa        216 0155  3.2 0803  0.2 1418  3.2 2033  0.3
14  Su        216 0247  3.1 0857  0.4 1515  3.1 2130  0.5
15  Mo        216 0346  2.9 0959  0.6 1619  2.9 2234  0.6
16  Tu        216 0453  2.8 1108  0.7 1729  2.8 2343  0.7
17  We        216 0605  2.7 1220  0.7 1840  2.7 9999  9.9
18  Th        216 0053  0.8 0716  2.7 1328  0.7 1948  2.8
19  Fr        216 0159  0.7 0820  2.8 1429  0.6 2048  2.8
20  Sa        216 0256  0.6 0914  2.9 1522  0.5 2140  2.9
21  Su        216 0345  0.5 1000  3.0 1607  0.4 2224  3.0
22  Mo        216 0427  0.5 1041  3.1 1648  0.4 2302  3.0
23  Tu        216 0505  0.4 1117  3.1 1725  0.3 2337  3.1
24  We        216 0540  0.4 1151  3.1 1800  0.4 9999  9.9
25  Th        216 0009  3.1 0614  0.4 1223  3.1 1833  0.4
26  Fr        216 0041  3.0 0646  0.5 1256  3.0 1907  0.5
27  Sa        216 0114  2.9 0720  0.6 1330  2.9 1942  0.6
28  Su        216 0148  2.8 0755  0.7 1406  2.8 2019  0.7
29  Mo        216 0226  2.7 0835  0.8 1448  2.7 2101  0.9
 1  Tu        316 0310  2.6 0923  0.9 1539  2.5 2153  1.0
 2  We        316 0406  2.5 1024  1.0 1643  2.5 2257  1.0
 3  Th        316 0515  2.5 1136  1.1 1754  2.5 9999  9.9
 4  Fr        316 0008  1.0 0627  2.5 1246  1.0 1902  2.6
 5  Sa        316 0115  0.9 0731  2.7 1347  0.8 2002  2.7
 6  Su        316 0213  0.7 0827  2.9 1440  0.6 2056  2.9
 7  Mo        316 0305  0.5 0917  3.1 1529  0.3 2145  3.1
 8  Tu        316 0352  0.3 1004  3.3 1616  0.1 2231  3.3
 9  We        316 0438  0.1 1049  3.5 1702  0.0 2317  3.4
10  Th        316 0523  0.0 1134  3.5 1748 -0.1 9999  9.9
11  Fr        316 0002  3.5 0608  0.0 1221  3.5 1834  0.0
12  Sa        316 0048  3.4 0655  0.0 1309  3.4 1923  0.1
13  Su        316 0137  3.3 0745  0.2 1401  3.3 2014  0.3
14  Mo        316 0229  3.1 0840  0.4 1458  3.1 2111  0.5
15  Tu        316 0328  3.0 0942  0.6 1602  2.9 2215  0.7
16  We        316 0435  2.8 1051  0.7 1712  2.7 2325  0.8
17  Th        316 0548  2.7 1204  0.8 1824  2.7 9999  9.9
18  Fr        316 0036  0.9 0659  2.7 1312  0.8 1932  2.7
19  Sa        316 0141  0.8 0802  2.8 1411  0.7 2030  2.7
20  Su        316 0237  0.7 0854  2.9 1502  0.6 2119  2.8
21  Mo        316 0324  0.6 0938  3.0 1545  0.5 2200  2.9
22  Tu        316 0403  0.5 1015  3.0 1623  0.4 2235  3.0
23  We        316 0439  0.5 1049  3.1 1657  0.4 2308  3.0
24  Th        316 0512  0.4 1121  3.1 1730  0.4 2339  3.1
25  Fr        316 0544  0.4 1153  3.1 1803  0.4 9999  9.9
26  Sa        316 0010  3.0 0616  0.5 1225  3.0 1835  0.5
27  Su        316 0042  3.0 0649  0.5 1258  2.9 1909  0.6
28  Mo        316 0116  2.9 0724  0.6 1334  2.8 1946  0.7
29  Tu        316 0153  2.8 0803  0.8 1415  2.7 2027  0.8
30  We        316 0235  2.7 0849  0.9 1504  2.6 2116  0.9
31  Th        316 0328  2.6 0947  1.0 1605  2.5 2218  1.0
 1  Fr        416 0435  2.5 1058  1.0 1717  2.5 2330  1.0
 2  Sa        416 0549  2.6 1210  0.9 1827  2.6 9999  9.9
 3  Su        416 0040  0.9 0657  2.7 1314  0.7 1930  2.7
 4  Mo        416 0141  0.7 0755  2.9 1410  0.5 2026  3.0
 5  Tu        416 0235  0.5 0848  3.1 1502  0.3 2118  3.2
 6  We        416 0326  0.3 0938  3.3 1551  0.1 2206  3.3
 7  Th        416 0414  0.1 1026  3.5 1639  0.0 2254  3.5
 8  Fr        416 0501  0.0 1113  3.6 1727 -0.1 2341  3.5
 9  Sa        416 0548 -0.1 1202  3.5 1815  0.0 9999  9.9
10  Su        416 0029  3.5 0637  0.0 1252  3.4 1904  0.1
11  Mo        416 0118  3.3 0728  0.2 1345  3.3 1956  0.3
12  Tu        416 0212  3.2 0823  0.4 1442  3.0 2053  0.5
13  We        416 0311  3.0 0925  0.6 1546  2.8 2155  0.7
14  Th        416 0417  2.8 1033  0.7 1653  2.7 2304  0.8
15  Fr        416 0527  2.7 1142  0.8 1802  2.6 9999  9.9
16  Sa        416 0012  0.9 0634  2.7 1247  0.8 1905  2.6
17  Su        416 0115  0.9 0734  2.7 1344  0.8 2001  2.7
18  Mo        416 0209  0.8 0824  2.8 1433  0.7 2048  2.8
19  Tu        416 0254  0.7 0907  2.9 1515  0.6 2128  2.8
20  We        416 0333  0.6 0944  2.9 1552  0.5 2204  2.9
21  Th        416 0409  0.5 1018  3.0 1627  0.5 2237  3.0
22  Fr        416 0442  0.5 1051  3.0 1701  0.4 2309  3.0
23  Sa        416 0516  0.5 1124  3.0 1734  0.4 2342  3.0
24  Su        416 0549  0.5 1158  3.0 1808  0.5 9999  9.9
25  Mo        416 0015  3.0 0623  0.5 1233  2.9 1843  0.5
26  Tu        416 0050  2.9 0659  0.6 1310  2.9 1921  0.6
27  We        416 0128  2.8 0740  0.7 1352  2.8 2002  0.7
28  Th        416 0211  2.7 0826  0.8 1440  2.7 2051  0.8
29  Fr        416 0303  2.7 0922  0.9 1539  2.6 2150  0.9
30  Sa        416 0406  2.6 1028  0.9 1647  2.6 2258  0.9
 1  Su        516 0517  2.7 1138  0.8 1755  2.7 9999  9.9
 2  Mo        516 0007  0.8 0624  2.8 1242  0.7 1859  2.8
 3  Tu        516 0110  0.6 0725  3.0 1341  0.5 1957  3.0
 4  We        516 0207  0.4 0820  3.2 1435  0.3 2051  3.2
 5  Th        516 0300  0.2 0913  3.3 1527  0.1 2142  3.3
 6  Fr        516 0351  0.1 1003  3.4 1617  0.0 2232  3.4
 7  Sa        516 0440  0.0 1054  3.5 1707  0.0 2321  3.5
 8  Su        516 0530  0.0 1144  3.5 1756  0.0 9999  9.9
 9  Mo        516 0010  3.4 0620  0.1 1235  3.4 1846  0.2
10  Tu        516 0101  3.3 0712  0.2 1329  3.2 1938  0.3
11  We        516 0154  3.1 0807  0.4 1425  3.0 2033  0.5
12  Th        516 0252  3.0 0906  0.6 1525  2.8 2132  0.7
13  Fr        516 0353  2.8 1009  0.7 1627  2.7 2235  0.8
14  Sa        516 0457  2.7 1112  0.8 1729  2.6 2338  0.9
15  Su        516 0559  2.6 1212  0.9 1828  2.6 9999  9.9
16  Mo        516 0038  0.9 0655  2.7 1307  0.8 1922  2.6
17  Tu        516 0132  0.9 0745  2.7 1356  0.8 2009  2.7
18  We        516 0218  0.8 0829  2.8 1439  0.7 2051  2.8
19  Th        516 0259  0.7 0909  2.8 1518  0.6 2130  2.8
20  Fr        516 0337  0.6 0946  2.9 1556  0.6 2206  2.9
21  Sa        516 0413  0.6 1022  3.0 1632  0.5 2242  3.0
22  Su        516 0449  0.5 1058  3.0 1708  0.5 2317  3.0
23  Mo        516 0525  0.5 1135  3.0 1745  0.5 2353  3.0
24  Tu        516 0601  0.5 1213  3.0 1822  0.5 9999  9.9
25  We        516 0030  3.0 0640  0.5 1252  2.9 1901  0.6
26  Th        516 0109  2.9 0722  0.6 1335  2.8 1944  0.6
27  Fr        516 0153  2.9 0809  0.7 1423  2.8 2032  0.7
28  Sa        516 0244  2.8 0902  0.7 1518  2.7 2127  0.8
29  Su        516 0343  2.8 1004  0.7 1620  2.7 2231  0.8
30  Mo        516 0449  2.8 1109  0.7 1726  2.7 2337  0.7
31  Tu        516 0555  2.9 1213  0.6 1830  2.8 9999  9.9
 1  We        616 0042  0.6 0657  3.0 1314  0.5 1930  3.0
 2  Th        616 0142  0.5 0756  3.1 1411  0.4 2027  3.1
 3  Fr        616 0238  0.3 0851  3.2 1506  0.2 2122  3.2
 4  Sa        616 0331  0.2 0945  3.3 1559  0.1 2214  3.3
 5  Su        616 0423  0.1 1037  3.4 1650  0.1 2304  3.4
 6  Mo        616 0513  0.1 1129  3.4 1740  0.1 2354  3.4
 7  Tu        616 0604  0.1 1220  3.3 1829  0.2 9999  9.9
 8  We        616 0044  3.3 0655  0.2 1311  3.2 1918  0.4
 9  Th        616 0134  3.1 0746  0.4 1403  3.0 2009  0.5
10  Fr        616 0227  3.0 0840  0.6 1456  2.8 2102  0.7
11  Sa        616 0321  2.8 0935  0.7 1550  2.7 2157  0.8
12  Su        616 0417  2.7 1031  0.8 1645  2.6 2255  0.9
13  Mo        616 0514  2.6 1127  0.9 1740  2.5 2352  1.0
14  Tu        616 0609  2.6 1221  0.9 1834  2.5 9999  9.9
15  We        616 0047  1.0 0700  2.6 1312  0.9 1925  2.6
16  Th        616 0138  0.9 0748  2.7 1400  0.8 2013  2.7
17  Fr        616 0224  0.8 0833  2.7 1444  0.7 2056  2.8
18  Sa        616 0306  0.7 0915  2.8 1526  0.6 2137  2.9
19  Su        616 0346  0.6 0956  2.9 1606  0.6 2216  2.9
20  Mo        616 0425  0.5 1036  3.0 1645  0.5 2255  3.0
21  Tu        616 0503  0.5 1115  3.0 1724  0.5 2333  3.0
22  We        616 0542  0.4 1155  3.0 1803  0.5 9999  9.9
23  Th        616 0011  3.1 0623  0.4 1236  3.0 1843  0.5
24  Fr        616 0052  3.0 0706  0.5 1319  3.0 1926  0.5
25  Sa        616 0136  3.0 0752  0.5 1406  2.9 2013  0.6
26  Su        616 0225  3.0 0843  0.5 1458  2.9 2106  0.6
27  Mo        616 0321  2.9 0940  0.6 1556  2.8 2206  0.7
28  Tu        616 0424  2.9 1043  0.6 1659  2.8 2312  0.7
29  We        616 0530  2.9 1147  0.6 1805  2.8 9999  9.9
30  Th        616 0018  0.6 0635  2.9 1251  0.5 1909  2.9
 1  Fr        716 0121  0.5 0737  3.0 1352  0.5 2010  3.0
 2  Sa        716 0221  0.4 0836  3.1 1450  0.4 2107  3.1
 3  Su        716 0317  0.3 0932  3.2 1544  0.3 2200  3.2
 4  Mo        716 0409  0.2 1025  3.2 1635  0.2 2250  3.3
 5  Tu        716 0459  0.2 1116  3.2 1724  0.2 2338  3.3
 6  We        716 0548  0.2 1204  3.2 1810  0.3 9999  9.9
 7  Th        716 0024  3.2 0635  0.3 1250  3.1 1855  0.4
 8  Fr        716 0109  3.1 0721  0.4 1335  3.0 1939  0.5
 9  Sa        716 0155  3.0 0807  0.5 1419  2.9 2024  0.6
10  Su        716 0241  2.9 0854  0.7 1505  2.7 2111  0.8
11  Mo        716 0329  2.7 0943  0.8 1553  2.6 2203  0.9
12  Tu        716 0421  2.6 1035  0.9 1646  2.5 2259  1.0
13  We        716 0516  2.5 1129  1.0 1742  2.5 2358  1.0
14  Th        716 0612  2.5 1225  1.0 1839  2.5 9999  9.9
15  Fr        716 0055  1.0 0706  2.6 1319  0.9 1933  2.6
16  Sa        716 0147  0.9 0758  2.6 1410  0.8 2024  2.7
17  Su        716 0235  0.8 0846  2.7 1457  0.7 2110  2.8
18  Mo        716 0320  0.7 0931  2.8 1541  0.6 2152  2.9
19  Tu        716 0401  0.5 1014  3.0 1622  0.5 2232  3.0
20  We        716 0442  0.4 1056  3.0 1702  0.4 2312  3.1
21  Th        716 0523  0.3 1137  3.1 1743  0.3 2352  3.2
22  Fr        716 0604  0.3 1218  3.1 1824  0.3 9999  9.9
23  Sa        716 0034  3.2 0647  0.3 1301  3.1 1907  0.3
24  Su        716 0118  3.2 0733  0.3 1346  3.1 1953  0.4
25  Mo        716 0206  3.1 0823  0.4 1436  3.0 2045  0.5
26  Tu        716 0300  3.0 0918  0.5 1533  2.9 2144  0.6
27  We        716 0402  2.9 1019  0.6 1636  2.8 2250  0.6
28  Th        716 0509  2.9 1126  0.6 1745  2.8 2359  0.7
29  Fr        716 0618  2.9 1233  0.6 1853  2.8 9999  9.9
30  Sa        716 0107  0.6 0724  2.9 1338  0.6 1958  2.9
31  Su        716 0209  0.5 0826  3.0 1438  0.5 2056  3.0
 1  Mo        816 0306  0.4 0923  3.1 1533  0.4 2149  3.1
 2  Tu        816 0358  0.3 1015  3.1 1622  0.3 2237  3.2
 3  We        816 0445  0.2 1101  3.2 1707  0.3 2320  3.2
 4  Th        816 0529  0.2 1144  3.2 1748  0.3 9999  9.9
 5  Fr        816 0001  3.2 0611  0.3 1224  3.1 1828  0.4
 6  Sa        816 0040  3.1 0651  0.4 1301  3.0 1906  0.5
 7  Su        816 0118  3.0 0730  0.5 1339  2.9 1944  0.6
 8  Mo        816 0157  2.9 0809  0.6 1417  2.8 2024  0.7
 9  Tu        816 0238  2.8 0851  0.8 1459  2.7 2109  0.9
10  We        816 0324  2.6 0938  0.9 1547  2.5 2201  1.0
11  Th        816 0419  2.5 1033  1.0 1646  2.5 2304  1.1
12  Fr        816 0521  2.4 1134  1.1 1750  2.4 9999  9.9
13  Sa        816 0010  1.1 0624  2.5 1237  1.0 1854  2.5
14  Su        816 0111  1.0 0723  2.5 1336  0.9 1951  2.6
15  Mo        816 0204  0.9 0817  2.7 1428  0.8 2041  2.8
16  Tu        816 0252  0.7 0906  2.8 1515  0.6 2126  3.0
17  We        816 0337  0.5 0951  3.0 1558  0.4 2208  3.1
18  Th        816 0419  0.3 1033  3.1 1639  0.3 2249  3.3
19  Fr        816 0501  0.2 1115  3.2 1721  0.2 2331  3.4
20  Sa        816 0543  0.1 1157  3.3 1803  0.1 9999  9.9
21  Su        816 0013  3.4 0627  0.1 1240  3.3 1847  0.2
22  Mo        816 0058  3.3 0713  0.2 1326  3.2 1933  0.2
23  Tu        816 0147  3.2 0802  0.3 1415  3.1 2025  0.4
24  We        816 0241  3.1 0857  0.4 1512  3.0 2124  0.5
25  Th        816 0343  2.9 0959  0.6 1617  2.8 2232  0.7
26  Fr        816 0453  2.8 1108  0.7 1730  2.8 2345  0.7
27  Sa        816 0606  2.8 1220  0.7 1842  2.8 9999  9.9
28  Su        816 0056  0.7 0716  2.8 1328  0.7 1949  2.9
29  Mo        816 0200  0.6 0819  2.9 1428  0.6 2047  3.0
30  Tu        816 0255  0.5 0914  3.0 1520  0.5 2136  3.1
31  We        816 0344  0.4 1001  3.0 1606  0.4 2220  3.2
 1  Th        916 0427  0.3 1042  3.1 1646  0.4 2259  3.2
 2  Fr        916 0507  0.3 1120  3.1 1723  0.3 2334  3.2
 3  Sa        916 0544  0.3 1154  3.1 1758  0.4 9999  9.9
 4  Su        916 0008  3.1 0619  0.4 1227  3.0 1832  0.4
 5  Mo        916 0042  3.0 0653  0.5 1300  3.0 1906  0.5
 6  Tu        916 0116  2.9 0728  0.6 1334  2.9 1942  0.7
 7  We        916 0153  2.8 0805  0.7 1412  2.7 2022  0.8
 8  Th        916 0235  2.7 0848  0.9 1456  2.6 2109  1.0
 9  Fr        916 0326  2.5 0939  1.0 1551  2.5 2210  1.1
10  Sa        916 0429  2.4 1043  1.1 1701  2.4 2322  1.1
11  Su        916 0540  2.4 1154  1.1 1813  2.5 9999  9.9
12  Mo        916 0032  1.0 0647  2.5 1259  1.0 1916  2.6
13  Tu        916 0131  0.9 0746  2.6 1356  0.8 2010  2.8
14  We        916 0223  0.7 0837  2.8 1446  0.6 2057  3.0
15  Th        916 0309  0.4 0924  3.0 1531  0.4 2142  3.2
16  Fr        916 0354  0.2 1008  3.2 1614  0.2 2225  3.4
17  Sa        916 0437  0.1 1051  3.4 1657  0.1 2308  3.5
18  Su        916 0521  0.0 1134  3.4 1741  0.0 2352  3.5
19  Mo        916 0606  0.0 1219  3.4 1826  0.0 9999  9.9
20  Tu        916 0039  3.4 0653  0.1 1306  3.3 1914  0.1
21  We        916 0129  3.3 0743  0.2 1356  3.2 2007  0.3
22  Th        916 0224  3.1 0838  0.4 1454  3.0 2108  0.5
23  Fr        916 0328  2.9 0941  0.6 1601  2.8 2217  0.7
24  Sa        916 0439  2.8 1052  0.8 1716  2.7 2332  0.7
25  Su        916 0554  2.7 1206  0.8 1829  2.7 9999  9.9
26  Mo        916 0043  0.7 0704  2.7 1314  0.8 1935  2.8
27  Tu        916 0146  0.7 0806  2.8 1413  0.7 2031  2.9
28  We        916 0240  0.6 0858  2.9 1503  0.6 2118  3.0
29  Th        916 0325  0.5 0941  3.0 1545  0.5 2158  3.1
30  Fr        916 0405  0.4 1019  3.0 1622  0.4 2233  3.1
 1  Sa       1016 0441  0.4 1052  3.1 1657  0.4 2306  3.1
 2  Su       1016 0515  0.4 1124  3.1 1729  0.4 2338  3.1
 3  Mo       1016 0548  0.4 1155  3.1 1801  0.4 9999  9.9
 4  Tu       1016 0010  3.0 0620  0.5 1227  3.0 1834  0.5
 5  We       1016 0043  3.0 0654  0.6 1300  2.9 1909  0.6
 6  Th       1016 0118  2.8 0730  0.7 1336  2.8 1947  0.8
 7  Fr       1016 0158  2.7 0810  0.8 1417  2.7 2031  0.9
 8  Sa       1016 0245  2.6 0857  0.9 1508  2.5 2127  1.0
 9  Su       1016 0345  2.5 0957  1.0 1615  2.5 2237  1.1
10  Mo       1016 0457  2.4 1109  1.1 1730  2.5 2350  1.0
11  Tu       1016 0608  2.5 1220  1.0 1838  2.6 9999  9.9
12  We       1016 0054  0.8 0711  2.6 1321  0.8 1935  2.8
13  Th       1016 0150  0.6 0805  2.9 1414  0.6 2026  3.0
14  Fr       1016 0240  0.4 0855  3.1 1503  0.4 2114  3.2
15  Sa       1016 0327  0.2 0942  3.3 1549  0.2 2200  3.4
16  Su       1016 0414  0.0 1027  3.4 1635  0.0 2246  3.5
17  Mo       1016 0500 -0.1 1113  3.5 1721 -0.1 2333  3.5
18  Tu       1016 0547 -0.1 1200  3.5 1808  0.0 9999  9.9
19  We       1016 0022  3.5 0635  0.0 1248  3.4 1858  0.1
20  Th       1016 0113  3.3 0726  0.2 1340  3.2 1952  0.3
21  Fr       1016 0210  3.1 0821  0.4 1438  3.0 2053  0.5
22  Sa       1016 0313  2.9 0923  0.6 1545  2.9 2201  0.7
23  Su       1016 0423  2.8 1033  0.8 1657  2.7 2313  0.8
24  Mo       1016 0534  2.7 1144  0.9 1808  2.7 9999  9.9
25  Tu       1016 0022  0.8 0642  2.7 1251  0.8 1912  2.8
26  We       1016 0123  0.7 0741  2.7 1349  0.8 2006  2.8
27  Th       1016 0215  0.7 0832  2.8 1438  0.7 2051  2.9
28  Fr       1016 0259  0.6 0914  2.9 1519  0.6 2130  3.0
29  Sa       1016 0338  0.5 0951  2.9 1555  0.5 2205  3.0
30  Su       1016 0414  0.5 1024  3.0 1629  0.5 2238  3.1
31  Mo       1016 0447  0.4 1056  3.0 1702  0.4 2311  3.1
 1  Tu       1116 0520  0.4 1128  3.0 1735  0.5 2343  3.0
 2  We       1116 0554  0.5 1200  3.0 1809  0.5 9999  9.9
 3  Th       1116 0017  3.0 0628  0.5 1234  2.9 1844  0.6
 4  Fr       1116 0054  2.9 0704  0.6 1310  2.9 1922  0.7
 5  Sa       1116 0133  2.8 0743  0.7 1351  2.7 2005  0.8
 6  Su       1116 0218  2.7 0828  0.8 1438  2.6 2057  0.9
 7  Mo       1116 0312  2.6 0923  0.9 1538  2.6 2200  0.9
 8  Tu       1116 0418  2.5 1029  1.0 1648  2.6 2309  0.9
 9  We       1116 0528  2.6 1139  0.9 1757  2.7 9999  9.9
10  Th       1116 0016  0.8 0633  2.7 1244  0.8 1859  2.8
11  Fr       1116 0116  0.6 0732  2.9 1342  0.6 1955  3.0
12  Sa       1116 0210  0.4 0826  3.1 1435  0.4 2047  3.2
13  Su       1116 0302  0.2 0917  3.2 1526  0.2 2138  3.4
14  Mo       1116 0352  0.1 1006  3.4 1615  0.0 2227  3.5
15  Tu       1116 0441  0.0 1054  3.5 1703  0.0 2317  3.5
16  We       1116 0530  0.0 1143  3.5 1753  0.0 9999  9.9
17  Th       1116 0008  3.4 0619  0.1 1233  3.4 1844  0.1
18  Fr       1116 0100  3.3 0710  0.2 1325  3.3 1938  0.3
19  Sa       1116 0156  3.1 0804  0.4 1422  3.1 2036  0.4
20  Su       1116 0255  2.9 0903  0.6 1523  2.9 2139  0.6
21  Mo       1116 0358  2.8 1006  0.8 1629  2.8 2244  0.8
22  Tu       1116 0503  2.7 1112  0.9 1735  2.7 2349  0.8
23  We       1116 0606  2.6 1216  0.9 1836  2.7 9999  9.9
24  Th       1116 0048  0.8 0705  2.6 1314  0.9 1930  2.7
25  Fr       1116 0140  0.8 0756  2.7 1405  0.8 2017  2.8
26  Sa       1116 0227  0.7 0841  2.7 1448  0.7 2059  2.8
27  Su       1116 0308  0.6 0920  2.8 1527  0.6 2137  2.9
28  Mo       1116 0345  0.6 0956  2.9 1603  0.6 2212  3.0
29  Tu       1116 0421  0.5 1031  3.0 1638  0.5 2248  3.0
30  We       1116 0457  0.5 1105  3.0 1713  0.5 2323  3.0
 1  Th       1216 0532  0.5 1140  3.0 1748  0.5 2359  3.0
 2  Fr       1216 0607  0.5 1215  3.0 1825  0.5 9999  9.9
 3  Sa       1216 0036  2.9 0644  0.6 1252  2.9 1903  0.6
 4  Su       1216 0115  2.9 0723  0.6 1331  2.9 1946  0.7
 5  Mo       1216 0158  2.8 0806  0.7 1416  2.8 2034  0.7
 6  Tu       1216 0247  2.7 0856  0.8 1509  2.7 2129  0.8
 7  We       1216 0345  2.7 0955  0.8 1612  2.7 2233  0.8
 8  Th       1216 0449  2.7 1101  0.8 1719  2.8 2339  0.7
 9  Fr       1216 0556  2.7 1209  0.7 1825  2.9 9999  9.9
10  Sa       1216 0043  0.6 0700  2.8 1312  0.6 1926  3.0
11  Su       1216 0143  0.5 0759  3.0 1411  0.4 2024  3.2
12  Mo       1216 0239  0.3 0855  3.2 1505  0.2 2119  3.3
13  Tu       1216 0333  0.2 0949  3.3 1558  0.1 2212  3.4
14  We       1216 0425  0.1 1040  3.4 1649  0.0 2304  3.4
15  Th       1216 0515  0.1 1130  3.4 1740  0.0 2356  3.4
16  Fr       1216 0605  0.1 1220  3.4 1830  0.1 9999  9.9
17  Sa       1216 0047  3.3 0655  0.2 1310  3.3 1922  0.2
18  Su       1216 0139  3.1 0745  0.4 1401  3.1 2015  0.4
19  Mo       1216 0231  3.0 0836  0.5 1455  3.0 2109  0.6
20  Tu       1216 0325  2.8 0931  0.7 1552  2.8 2206  0.7
21  We       1216 0421  2.7 1030  0.9 1650  2.7 2304  0.9
22  Th       1216 0518  2.6 1130  0.9 1749  2.6 9999  9.9
23  Fr       1216 0002  0.9 0616  2.5 1229  1.0 1845  2.6
24  Sa       1216 0057  0.9 0711  2.5 1324  0.9 1936  2.6
25  Su       1216 0148  0.9 0802  2.6 1413  0.9 2024  2.7
26  Mo       1216 0234  0.8 0848  2.7 1458  0.8 2107  2.8
27  Tu       1216 0317  0.7 0930  2.8 1538  0.7 2148  2.8
28  We       1216 0357  0.6 1008  2.9 1617  0.6 2227  2.9
29  Th       1216 0436  0.5 1046  3.0 1654  0.5 2305  3.0
30  Fr       1216 0513  0.5 1122  3.0 1731  0.5 2343  3.0
31  Sa       1216 0549  0.5 1158  3.1 1808  0.4 9999  9.9
