031Whakatane
Based on data from  1-Jul-2012
Local Std Time, tidal heights in metres.
 1  Mo        724 0158  2.0 0830  0.5 1434  1.9 2057  0.6
 2  Tu        724 0256  2.0 0928  0.5 1536  2.0 2158  0.7
 3  We        724 0355  2.0 1025  0.5 1637  2.0 2259  0.7
 4  Th        724 0453  1.9 1123  0.5 1734  2.0 2357  0.6
 5  Fr        724 0549  1.9 1217  0.5 1827  2.0 9999  9.9
 6  Sa        724 0052  0.6 0643  1.9 1308  0.5 1917  2.1
 7  Su        724 0144  0.6 0735  1.9 1356  0.5 2004  2.1
 8  Mo        724 0233  0.6 0823  1.9 1442  0.5 2049  2.1
 9  Tu        724 0319  0.6 0909  1.9 1525  0.5 2132  2.1
10  We        724 0404  0.6 0953  1.9 1608  0.6 2215  2.0
11  Th        724 0446  0.6 1037  1.9 1649  0.6 2256  2.0
12  Fr        724 0528  0.6 1120  1.8 1732  0.7 2338  1.9
13  Sa        724 0609  0.7 1204  1.8 1816  0.7 9999  9.9
14  Su        724 0020  1.9 0651  0.7 1250  1.8 1902  0.8
15  Mo        724 0103  1.9 0734  0.7 1338  1.8 1951  0.8
16  Tu        724 0149  1.8 0820  0.7 1430  1.8 2044  0.8
17  We        724 0238  1.8 0909  0.7 1524  1.8 2138  0.8
18  Th        724 0330  1.8 1001  0.7 1619  1.8 2234  0.8
19  Fr        724 0424  1.8 1055  0.7 1711  1.9 2329  0.7
20  Sa        724 0518  1.8 1148  0.6 1802  2.0 9999  9.9
21  Su        724 0024  0.7 0612  1.9 1241  0.5 1851  2.1
22  Mo        724 0116  0.6 0705  1.9 1331  0.5 1939  2.1
23  Tu        724 0207  0.5 0757  2.0 1421  0.4 2027  2.2
24  We        724 0258  0.5 0847  2.1 1510  0.4 2115  2.2
25  Th        724 0348  0.4 0938  2.1 1600  0.4 2204  2.2
26  Fr        724 0437  0.4 1028  2.1 1651  0.4 2254  2.2
27  Sa        724 0527  0.4 1120  2.1 1743  0.5 2346  2.1
28  Su        724 0618  0.4 1215  2.0 1838  0.5 9999  9.9
29  Mo        724 0039  2.1 0711  0.5 1312  2.0 1936  0.6
30  Tu        724 0135  2.0 0806  0.5 1413  2.0 2037  0.7
31  We        724 0233  1.9 0904  0.6 1515  1.9 2139  0.7
 1  Th        824 0334  1.9 1003  0.6 1617  1.9 2240  0.7
 2  Fr        824 0434  1.9 1101  0.6 1716  2.0 2339  0.7
 3  Sa        824 0532  1.8 1157  0.6 1809  2.0 9999  9.9
 4  Su        824 0034  0.7 0626  1.9 1248  0.6 1857  2.0
 5  Mo        824 0125  0.7 0716  1.9 1334  0.6 1942  2.0
 6  Tu        824 0211  0.6 0802  1.9 1417  0.6 2024  2.0
 7  We        824 0253  0.6 0845  1.9 1458  0.6 2104  2.0
 8  Th        824 0334  0.6 0926  1.9 1538  0.6 2143  2.0
 9  Fr        824 0413  0.6 1005  1.9 1618  0.6 2221  2.0
10  Sa        824 0451  0.6 1045  1.9 1658  0.7 2259  1.9
11  Su        824 0529  0.6 1125  1.9 1739  0.7 2338  1.9
12  Mo        824 0608  0.7 1208  1.8 1824  0.8 9999  9.9
13  Tu        824 0020  1.9 0649  0.7 1254  1.8 1911  0.8
14  We        824 0105  1.8 0734  0.7 1345  1.8 2004  0.8
15  Th        824 0155  1.8 0824  0.7 1441  1.8 2101  0.8
16  Fr        824 0250  1.8 0920  0.7 1539  1.9 2200  0.8
17  Sa        824 0349  1.8 1019  0.7 1636  1.9 2259  0.7
18  Su        824 0449  1.9 1118  0.6 1731  2.0 2356  0.6
19  Mo        824 0547  1.9 1214  0.5 1823  2.1 9999  9.9
20  Tu        824 0050  0.5 0643  2.0 1307  0.4 1914  2.2
21  We        824 0143  0.4 0736  2.1 1359  0.4 2004  2.2
22  Th        824 0234  0.4 0828  2.1 1450  0.4 2053  2.3
23  Fr        824 0324  0.3 0918  2.2 1540  0.4 2143  2.3
24  Sa        824 0413  0.3 1009  2.2 1632  0.4 2233  2.2
25  Su        824 0503  0.3 1100  2.1 1724  0.4 2324  2.2
26  Mo        824 0554  0.4 1154  2.1 1819  0.5 9999  9.9
27  Tu        824 0017  2.1 0646  0.5 1250  2.0 1917  0.6
28  We        824 0113  2.0 0741  0.5 1351  2.0 2017  0.7
29  Th        824 0212  1.9 0840  0.6 1454  1.9 2120  0.7
30  Fr        824 0314  1.8 0940  0.7 1556  1.9 2221  0.7
31  Sa        824 0416  1.8 1039  0.7 1654  1.9 2320  0.7
 1  Su        924 0514  1.8 1134  0.7 1746  1.9 9999  9.9
 2  Mo        924 0013  0.7 0608  1.8 1224  0.7 1833  2.0
 3  Tu        924 0100  0.7 0655  1.8 1309  0.6 1915  2.0
 4  We        924 0143  0.6 0738  1.9 1351  0.6 1955  2.0
 5  Th        924 0223  0.6 0818  1.9 1430  0.6 2033  2.0
 6  Fr        924 0301  0.6 0857  1.9 1509  0.6 2110  2.0
 7  Sa        924 0338  0.6 0935  1.9 1548  0.6 2146  2.0
 8  Su        924 0415  0.6 1012  1.9 1627  0.7 2223  1.9
 9  Mo        924 0451  0.6 1051  1.9 1708  0.7 2301  1.9
10  Tu        924 0529  0.6 1132  1.9 1752  0.7 2343  1.9
11  We        924 0609  0.7 1217  1.9 1839  0.8 9999  9.9
12  Th        924 0028  1.8 0655  0.7 1308  1.9 1932  0.8
13  Fr        924 0120  1.8 0747  0.7 1404  1.9 2030  0.8
14  Sa        924 0218  1.8 0846  0.7 1504  1.9 2130  0.7
15  Su        924 0321  1.8 0949  0.6 1604  2.0 2230  0.7
16  Mo        924 0424  1.9 1050  0.6 1701  2.0 2329  0.6
17  Tu        924 0524  2.0 1149  0.5 1756  2.1 9999  9.9
18  We        924 0024  0.5 0621  2.1 1244  0.4 1848  2.2
19  Th        924 0117  0.4 0715  2.2 1337  0.4 1939  2.3
20  Fr        924 0209  0.3 0807  2.2 1429  0.3 2030  2.3
21  Sa        924 0259  0.3 0858  2.2 1520  0.3 2120  2.3
22  Su        924 0349  0.3 0948  2.2 1612  0.4 2210  2.2
23  Mo        924 0439  0.3 1040  2.2 1705  0.5 2302  2.1
24  Tu        924 0529  0.4 1133  2.1 1801  0.5 2355  2.0
25  We        924 0622  0.5 1229  2.0 1858  0.6 9999  9.9
26  Th        924 0051  1.9 0716  0.6 1328  2.0 1958  0.7
27  Fr        924 0151  1.8 0814  0.6 1430  1.9 2058  0.7
28  Sa        924 0253  1.8 0914  0.7 1531  1.9 2158  0.7
29  Su        924 0355  1.8 1012  0.7 1627  1.9 2253  0.7
30  Mo        924 0452  1.8 1106  0.7 1717  1.9 2344  0.7
 1  Tu       1024 0544  1.8 1155  0.7 1802  1.9 9999  9.9
 2  We       1024 0029  0.7 0630  1.8 1240  0.7 1844  1.9
 3  Th       1024 0111  0.6 0711  1.9 1322  0.7 1922  2.0
 4  Fr       1024 0150  0.6 0751  1.9 1402  0.6 2000  2.0
 5  Sa       1024 0228  0.6 0828  1.9 1441  0.6 2037  2.0
 6  Su       1024 0305  0.6 0905  2.0 1521  0.7 2114  1.9
 7  Mo       1024 0341  0.6 0943  2.0 1601  0.7 2151  1.9
 8  Tu       1024 0418  0.6 1021  1.9 1643  0.7 2231  1.9
 9  We       1024 0456  0.6 1103  1.9 1727  0.7 2314  1.8
10  Th       1024 0538  0.6 1148  1.9 1816  0.7 9999  9.9
11  Fr       1024 0001  1.8 0625  0.7 1239  1.9 1909  0.7
12  Sa       1024 0055  1.8 0719  0.7 1335  1.9 2006  0.7
13  Su       1024 0154  1.8 0819  0.7 1434  1.9 2105  0.7
14  Mo       1024 0257  1.8 0922  0.6 1535  2.0 2204  0.6
15  Tu       1024 0401  1.9 1025  0.6 1633  2.1 2302  0.5
16  We       1024 0502  2.0 1124  0.5 1729  2.1 2358  0.4
17  Th       1024 0600  2.1 1221  0.4 1822  2.2 9999  9.9
18  Fr       1024 0052  0.3 0654  2.2 1315  0.4 1915  2.2
19  Sa       1024 0144  0.3 0746  2.2 1408  0.4 2006  2.2
20  Su       1024 0235  0.3 0837  2.3 1501  0.4 2057  2.2
21  Mo       1024 0325  0.3 0928  2.2 1554  0.4 2149  2.1
22  Tu       1024 0415  0.3 1019  2.2 1648  0.5 2241  2.1
23  We       1024 0505  0.4 1112  2.1 1742  0.5 2334  2.0
24  Th       1024 0557  0.5 1206  2.0 1838  0.6 9999  9.9
25  Fr       1024 0029  1.9 0650  0.6 1303  2.0 1935  0.7
26  Sa       1024 0127  1.8 0746  0.7 1401  1.9 2031  0.7
27  Su       1024 0227  1.8 0843  0.7 1458  1.9 2126  0.7
28  Mo       1024 0327  1.7 0939  0.8 1552  1.9 2219  0.7
29  Tu       1024 0423  1.8 1032  0.8 1641  1.9 2307  0.7
30  We       1024 0514  1.8 1121  0.7 1725  1.9 2353  0.7
31  Th       1024 0559  1.8 1207  0.7 1807  1.9 9999  9.9
 1  Fr       1124 0035  0.6 0642  1.9 1251  0.7 1848  1.9
 2  Sa       1124 0116  0.6 0722  1.9 1333  0.7 1927  1.9
 3  Su       1124 0155  0.6 0800  2.0 1415  0.7 2006  1.9
 4  Mo       1124 0233  0.6 0838  2.0 1457  0.7 2045  1.9
 5  Tu       1124 0312  0.6 0917  2.0 1539  0.7 2125  1.9
 6  We       1124 0351  0.6 0957  2.0 1623  0.7 2207  1.9
 7  Th       1124 0431  0.6 1039  2.0 1709  0.7 2252  1.9
 8  Fr       1124 0515  0.6 1125  2.0 1758  0.7 2341  1.8
 9  Sa       1124 0603  0.6 1216  2.0 1850  0.7 9999  9.9
10  Su       1124 0035  1.8 0658  0.6 1311  2.0 1945  0.6
11  Mo       1124 0134  1.8 0757  0.6 1409  2.0 2041  0.6
12  Tu       1124 0236  1.9 0859  0.6 1508  2.0 2139  0.5
13  We       1124 0339  1.9 1001  0.6 1606  2.1 2237  0.5
14  Th       1124 0441  2.0 1101  0.5 1703  2.1 2333  0.4
15  Fr       1124 0539  2.1 1159  0.5 1758  2.1 9999  9.9
16  Sa       1124 0028  0.4 0634  2.2 1255  0.5 1852  2.2
17  Su       1124 0121  0.3 0727  2.2 1350  0.4 1945  2.2
18  Mo       1124 0213  0.3 0818  2.2 1444  0.4 2037  2.1
19  Tu       1124 0303  0.3 0909  2.2 1537  0.5 2129  2.1
20  We       1124 0353  0.4 1000  2.2 1630  0.5 2220  2.0
21  Th       1124 0442  0.4 1051  2.1 1722  0.6 2312  1.9
22  Fr       1124 0532  0.5 1142  2.1 1815  0.6 9999  9.9
23  Sa       1124 0005  1.9 0622  0.6 1235  2.0 1907  0.7
24  Su       1124 0059  1.8 0713  0.7 1327  1.9 1958  0.7
25  Mo       1124 0155  1.8 0806  0.7 1419  1.9 2048  0.7
26  Tu       1124 0251  1.7 0859  0.8 1509  1.9 2138  0.7
27  We       1124 0346  1.8 0952  0.8 1558  1.8 2226  0.7
28  Th       1124 0437  1.8 1043  0.8 1644  1.8 2313  0.7
29  Fr       1124 0525  1.8 1131  0.8 1729  1.9 2358  0.6
30  Sa       1124 0610  1.9 1218  0.7 1812  1.9 9999  9.9
 1  Su       1224 0041  0.6 0652  1.9 1304  0.7 1855  1.9
 2  Mo       1224 0124  0.6 0733  2.0 1350  0.7 1937  1.9
 3  Tu       1224 0205  0.6 0813  2.0 1435  0.7 2020  1.9
 4  We       1224 0247  0.5 0854  2.0 1520  0.7 2103  1.9
 5  Th       1224 0329  0.5 0936  2.0 1605  0.6 2148  1.9
 6  Fr       1224 0412  0.5 1020  2.0 1652  0.6 2235  1.9
 7  Sa       1224 0458  0.6 1107  2.0 1741  0.6 2325  1.9
 8  Su       1224 0547  0.6 1156  2.0 1831  0.6 9999  9.9
 9  Mo       1224 0018  1.9 0640  0.6 1250  2.0 1924  0.6
10  Tu       1224 0116  1.9 0738  0.6 1345  2.0 2019  0.5
11  We       1224 0216  1.9 0838  0.6 1443  2.0 2116  0.5
12  Th       1224 0319  1.9 0940  0.6 1542  2.0 2214  0.5
13  Fr       1224 0421  2.0 1041  0.6 1640  2.0 2312  0.5
14  Sa       1224 0520  2.1 1141  0.6 1737  2.1 9999  9.9
15  Su       1224 0008  0.4 0617  2.1 1239  0.6 1833  2.1
16  Mo       1224 0102  0.4 0710  2.1 1335  0.5 1927  2.0
17  Tu       1224 0154  0.4 0802  2.2 1428  0.5 2019  2.0
18  We       1224 0244  0.4 0851  2.2 1520  0.5 2110  2.0
19  Th       1224 0332  0.4 0940  2.1 1611  0.5 2200  2.0
20  Fr       1224 0419  0.5 1028  2.1 1659  0.6 2248  1.9
21  Sa       1224 0505  0.5 1115  2.0 1747  0.6 2337  1.9
22  Su       1224 0551  0.6 1202  2.0 1833  0.6 9999  9.9
23  Mo       1224 0026  1.8 0639  0.7 1249  1.9 1919  0.7
24  Tu       1224 0117  1.8 0727  0.7 1336  1.9 2006  0.7
25  We       1224 0209  1.8 0818  0.8 1423  1.8 2053  0.7
26  Th       1224 0303  1.8 0910  0.8 1512  1.8 2142  0.7
27  Fr       1224 0356  1.8 1002  0.8 1600  1.8 2231  0.7
28  Sa       1224 0447  1.8 1055  0.8 1649  1.8 2320  0.7
29  Su       1224 0535  1.9 1146  0.8 1737  1.8 9999  9.9
30  Mo       1224 0008  0.6 0621  1.9 1236  0.7 1824  1.8
31  Tu       1224 0054  0.6 0705  2.0 1325  0.7 1911  1.9
 1  We        125 0140  0.5 0748  2.0 1412  0.6 1958  1.9
 2  Th        125 0224  0.5 0832  2.1 1459  0.6 2044  1.9
 3  Fr        125 0309  0.5 0916  2.1 1546  0.6 2131  2.0
 4  Sa        125 0354  0.5 1001  2.1 1633  0.5 2219  2.0
 5  Su        125 0441  0.5 1048  2.1 1722  0.5 2309  2.0
 6  Mo        125 0531  0.5 1137  2.1 1811  0.5 9999  9.9
 7  Tu        125 0001  2.0 0624  0.6 1229  2.1 1903  0.5
 8  We        125 0057  2.0 0720  0.6 1324  2.0 1957  0.5
 9  Th        125 0157  1.9 0820  0.6 1421  2.0 2054  0.5
10  Fr        125 0300  1.9 0922  0.7 1520  2.0 2153  0.5
11  Sa        125 0403  2.0 1025  0.7 1621  2.0 2253  0.5
12  Su        125 0504  2.0 1126  0.6 1720  2.0 2351  0.5
13  Mo        125 0602  2.0 1225  0.6 1818  2.0 9999  9.9
14  Tu        125 0046  0.5 0655  2.1 1321  0.6 1912  2.0
15  We        125 0137  0.5 0746  2.1 1413  0.6 2003  2.0
16  Th        125 0225  0.5 0833  2.1 1502  0.6 2052  2.0
17  Fr        125 0310  0.5 0918  2.1 1548  0.6 2138  1.9
18  Sa        125 0354  0.5 1002  2.1 1632  0.6 2222  1.9
19  Su        125 0437  0.6 1044  2.0 1715  0.6 2306  1.9
20  Mo        125 0519  0.6 1126  2.0 1756  0.6 2350  1.8
21  Tu        125 0603  0.7 1209  1.9 1838  0.7 9999  9.9
22  We        125 0036  1.8 0649  0.7 1252  1.9 1922  0.7
23  Th        125 0125  1.8 0737  0.8 1337  1.8 2008  0.7
24  Fr        125 0217  1.8 0829  0.8 1425  1.8 2057  0.7
25  Sa        125 0311  1.8 0923  0.8 1516  1.8 2149  0.7
26  Su        125 0406  1.8 1018  0.8 1610  1.8 2242  0.7
27  Mo        125 0459  1.8 1113  0.8 1703  1.8 2335  0.6
28  Tu        125 0549  1.9 1207  0.7 1756  1.8 9999  9.9
29  We        125 0025  0.6 0636  2.0 1258  0.7 1847  1.9
30  Th        125 0114  0.5 0722  2.1 1348  0.6 1936  2.0
31  Fr        125 0202  0.5 0808  2.1 1436  0.5 2025  2.0
 1  Sa        225 0249  0.4 0853  2.2 1524  0.5 2113  2.1
 2  Su        225 0336  0.4 0940  2.2 1611  0.4 2201  2.1
 3  Mo        225 0424  0.4 1028  2.2 1700  0.4 2251  2.1
 4  Tu        225 0514  0.5 1117  2.1 1749  0.4 2343  2.0
 5  We        225 0607  0.5 1209  2.1 1841  0.5 9999  9.9
 6  Th        225 0039  2.0 0704  0.6 1304  2.0 1936  0.5
 7  Fr        225 0139  2.0 0804  0.6 1402  2.0 2034  0.6
 8  Sa        225 0243  1.9 0907  0.7 1503  1.9 2135  0.6
 9  Su        225 0348  1.9 1012  0.7 1606  1.9 2237  0.6
10  Mo        225 0450  1.9 1114  0.7 1708  1.9 2336  0.6
11  Tu        225 0548  2.0 1212  0.7 1806  1.9 9999  9.9
12  We        225 0030  0.6 0640  2.0 1306  0.6 1858  1.9
13  Th        225 0119  0.5 0727  2.0 1354  0.6 1946  1.9
14  Fr        225 0204  0.5 0811  2.0 1439  0.6 2031  1.9
15  Sa        225 0247  0.5 0852  2.0 1521  0.6 2113  1.9
16  Su        225 0328  0.6 0932  2.0 1601  0.6 2153  1.9
17  Mo        225 0408  0.6 1011  2.0 1640  0.6 2233  1.9
18  Tu        225 0448  0.6 1050  2.0 1718  0.6 2314  1.9
19  We        225 0529  0.7 1129  1.9 1757  0.7 2356  1.8
20  Th        225 0613  0.7 1210  1.8 1839  0.7 9999  9.9
21  Fr        225 0042  1.8 0700  0.8 1254  1.8 1923  0.7
22  Sa        225 0132  1.8 0751  0.8 1342  1.8 2013  0.7
23  Su        225 0227  1.8 0846  0.8 1436  1.7 2107  0.7
24  Mo        225 0324  1.8 0943  0.8 1533  1.8 2205  0.7
25  Tu        225 0421  1.8 1041  0.8 1632  1.8 2302  0.7
26  We        225 0514  1.9 1137  0.7 1729  1.9 2356  0.6
27  Th        225 0605  2.0 1230  0.6 1822  1.9 9999  9.9
28  Fr        225 0048  0.5 0654  2.1 1321  0.5 1914  2.0
 1  Sa        325 0138  0.4 0742  2.2 1410  0.4 2003  2.1
 2  Su        325 0227  0.4 0829  2.2 1459  0.4 2052  2.2
 3  Mo        325 0316  0.4 0917  2.2 1547  0.4 2142  2.2
 4  Tu        325 0406  0.4 1007  2.2 1636  0.4 2232  2.1
 5  We        325 0457  0.4 1057  2.2 1727  0.4 2325  2.1
 6  Th        325 0552  0.5 1150  2.1 1819  0.5 9999  9.9
 7  Fr        325 0021  2.0 0649  0.6 1246  2.0 1915  0.5
 8  Sa        325 0121  2.0 0750  0.7 1346  1.9 2015  0.6
 9  Su        325 0226  1.9 0854  0.7 1449  1.8 2117  0.6
10  Mo        325 0332  1.9 0958  0.7 1554  1.8 2220  0.7
11  Tu        325 0434  1.9 1059  0.7 1656  1.8 2318  0.7
12  We        325 0529  1.9 1155  0.7 1752  1.8 9999  9.9
13  Th        325 0011  0.6 0619  2.0 1245  0.7 1841  1.9
14  Fr        325 0057  0.6 0703  2.0 1329  0.6 1926  1.9
15  Sa        325 0140  0.6 0744  2.0 1411  0.6 2007  1.9
16  Su        325 0221  0.6 0823  2.0 1450  0.6 2046  1.9
17  Mo        325 0300  0.6 0900  2.0 1527  0.6 2124  1.9
18  Tu        325 0339  0.6 0937  1.9 1604  0.6 2202  1.9
19  We        325 0418  0.7 1015  1.9 1641  0.6 2240  1.9
20  Th        325 0459  0.7 1053  1.9 1719  0.7 2320  1.9
21  Fr        325 0542  0.7 1133  1.8 1759  0.7 9999  9.9
22  Sa        325 0004  1.8 0628  0.8 1216  1.8 1843  0.7
23  Su        325 0052  1.8 0718  0.8 1306  1.8 1933  0.8
24  Mo        325 0146  1.8 0813  0.8 1401  1.7 2029  0.8
25  Tu        325 0244  1.8 0911  0.8 1501  1.8 2130  0.7
26  We        325 0343  1.9 1008  0.7 1602  1.8 2230  0.7
27  Th        325 0439  1.9 1105  0.6 1701  1.9 2327  0.6
28  Fr        325 0533  2.0 1159  0.5 1757  2.0 9999  9.9
29  Sa        325 0021  0.5 0624  2.1 1252  0.5 1850  2.1
30  Su        325 0113  0.4 0714  2.2 1343  0.4 1941  2.2
31  Mo        325 0204  0.4 0804  2.2 1433  0.3 2032  2.2
 1  Tu        425 0256  0.4 0854  2.2 1523  0.3 2122  2.2
 2  We        425 0347  0.4 0945  2.2 1613  0.3 2213  2.2
 3  Th        425 0441  0.4 1037  2.1 1705  0.4 2306  2.1
 4  Fr        425 0536  0.5 1131  2.0 1758  0.5 9999  9.9
 5  Sa        425 0002  2.1 0634  0.6 1228  1.9 1854  0.6
 6  Su        425 0103  2.0 0735  0.6 1329  1.9 1954  0.6
 7  Mo        425 0206  1.9 0836  0.7 1433  1.8 2055  0.7
 8  Tu        425 0310  1.9 0937  0.7 1537  1.8 2156  0.7
 9  We        425 0409  1.9 1035  0.7 1637  1.8 2253  0.7
10  Th        425 0502  1.9 1128  0.7 1730  1.8 2344  0.7
11  Fr        425 0549  1.9 1215  0.7 1817  1.9 9999  9.9
12  Sa        425 0030  0.7 0632  1.9 1258  0.6 1900  1.9
13  Su        425 0112  0.7 0712  1.9 1338  0.6 1939  1.9
14  Mo        425 0152  0.6 0750  1.9 1416  0.6 2017  1.9
15  Tu        425 0232  0.6 0827  1.9 1453  0.6 2055  2.0
16  We        425 0311  0.7 0905  1.9 1530  0.6 2132  1.9
17  Th        425 0352  0.7 0942  1.9 1607  0.6 2210  1.9
18  Fr        425 0433  0.7 1021  1.8 1645  0.7 2249  1.9
19  Sa        425 0516  0.7 1101  1.8 1725  0.7 2332  1.9
20  Su        425 0602  0.8 1146  1.8 1809  0.7 9999  9.9
21  Mo        425 0019  1.9 0651  0.8 1236  1.8 1859  0.7
22  Tu        425 0112  1.9 0744  0.8 1331  1.8 1956  0.7
23  We        425 0208  1.9 0839  0.7 1432  1.8 2057  0.7
24  Th        425 0307  1.9 0936  0.7 1533  1.9 2158  0.7
25  Fr        425 0404  2.0 1033  0.6 1634  1.9 2257  0.6
26  Sa        425 0500  2.0 1129  0.5 1731  2.0 2354  0.5
27  Su        425 0554  2.1 1223  0.4 1826  2.1 9999  9.9
28  Mo        425 0049  0.4 0647  2.2 1316  0.3 1919  2.2
29  Tu        425 0143  0.4 0740  2.2 1408  0.3 2011  2.2
30  We        425 0236  0.4 0832  2.2 1500  0.3 2102  2.2
 1  Th        525 0330  0.4 0925  2.1 1551  0.3 2154  2.2
 2  Fr        525 0425  0.4 1018  2.1 1643  0.4 2248  2.2
 3  Sa        525 0520  0.5 1113  2.0 1736  0.5 2343  2.1
 4  Su        525 0617  0.6 1209  1.9 1831  0.6 9999  9.9
 5  Mo        525 0041  2.0 0714  0.6 1308  1.8 1928  0.7
 6  Tu        525 0140  1.9 0811  0.7 1409  1.8 2026  0.7
 7  We        525 0238  1.9 0907  0.7 1510  1.8 2124  0.8
 8  Th        525 0334  1.9 1001  0.7 1607  1.8 2218  0.8
 9  Fr        525 0425  1.9 1051  0.7 1659  1.8 2309  0.8
10  Sa        525 0511  1.9 1137  0.7 1746  1.8 2355  0.7
11  Su        525 0555  1.9 1221  0.7 1829  1.9 9999  9.9
12  Mo        525 0040  0.7 0636  1.9 1302  0.6 1910  1.9
13  Tu        525 0122  0.7 0716  1.9 1341  0.6 1948  1.9
14  We        525 0204  0.7 0755  1.9 1420  0.6 2026  2.0
15  Th        525 0246  0.7 0834  1.9 1459  0.6 2104  2.0
16  Fr        525 0328  0.7 0913  1.8 1537  0.6 2143  2.0
17  Sa        525 0410  0.7 0954  1.8 1616  0.6 2223  1.9
18  Su        525 0453  0.7 1036  1.8 1657  0.7 2305  1.9
19  Mo        525 0539  0.7 1122  1.8 1742  0.7 2352  1.9
20  Tu        525 0626  0.7 1211  1.8 1832  0.7 9999  9.9
21  We        525 0042  1.9 0717  0.7 1306  1.8 1928  0.7
22  Th        525 0137  1.9 0810  0.6 1405  1.9 2027  0.7
23  Fr        525 0234  2.0 0906  0.6 1506  1.9 2129  0.6
24  Sa        525 0332  2.0 1003  0.5 1608  2.0 2230  0.6
25  Su        525 0430  2.0 1100  0.5 1707  2.1 2329  0.5
26  Mo        525 0527  2.1 1157  0.4 1804  2.1 9999  9.9
27  Tu        525 0027  0.5 0623  2.1 1252  0.4 1858  2.2
28  We        525 0123  0.5 0718  2.1 1346  0.3 1952  2.2
29  Th        525 0219  0.4 0812  2.1 1438  0.3 2044  2.2
30  Fr        525 0313  0.4 0906  2.1 1530  0.4 2136  2.2
31  Sa        525 0408  0.5 0959  2.0 1621  0.4 2228  2.2
 1  Su        625 0501  0.5 1053  2.0 1712  0.5 2320  2.1
 2  Mo        625 0554  0.6 1146  1.9 1804  0.6 9999  9.9
 3  Tu        625 0013  2.0 0646  0.6 1241  1.8 1856  0.7
 4  We        625 0106  2.0 0738  0.6 1336  1.8 1950  0.7
 5  Th        625 0159  1.9 0828  0.7 1433  1.8 2043  0.8
 6  Fr        625 0250  1.9 0918  0.7 1528  1.8 2136  0.8
 7  Sa        625 0340  1.8 1007  0.7 1620  1.8 2228  0.8
 8  Su        625 0427  1.8 1054  0.7 1709  1.8 2317  0.8
 9  Mo        625 0513  1.8 1140  0.7 1755  1.9 9999  9.9
10  Tu        625 0005  0.8 0558  1.8 1225  0.7 1838  1.9
11  We        625 0051  0.7 0641  1.8 1308  0.6 1919  1.9
12  Th        625 0136  0.7 0724  1.8 1349  0.6 1959  2.0
13  Fr        625 0220  0.7 0806  1.8 1430  0.6 2038  2.0
14  Sa        625 0304  0.7 0848  1.8 1511  0.6 2118  2.0
15  Su        625 0348  0.7 0931  1.9 1552  0.6 2159  2.0
16  Mo        625 0431  0.6 1015  1.9 1635  0.6 2242  2.0
17  Tu        625 0516  0.6 1101  1.9 1720  0.6 2327  2.0
18  We        625 0602  0.6 1150  1.9 1810  0.6 9999  9.9
19  Th        625 0017  2.0 0651  0.6 1243  1.9 1904  0.7
20  Fr        625 0109  2.0 0743  0.6 1340  1.9 2002  0.7
21  Sa        625 0205  2.0 0838  0.5 1441  1.9 2103  0.7
22  Su        625 0304  2.0 0935  0.5 1544  2.0 2206  0.6
23  Mo        625 0403  2.0 1035  0.5 1645  2.0 2308  0.6
24  Tu        625 0503  2.0 1134  0.5 1744  2.1 9999  9.9
25  We        625 0008  0.6 0602  2.0 1231  0.4 1840  2.1
26  Th        625 0107  0.5 0659  2.0 1326  0.4 1934  2.2
27  Fr        625 0203  0.5 0754  2.0 1419  0.4 2026  2.2
28  Sa        625 0257  0.5 0848  2.0 1509  0.4 2116  2.2
29  Su        625 0348  0.5 0939  2.0 1558  0.5 2205  2.1
30  Mo        625 0438  0.5 1029  2.0 1646  0.5 2253  2.1
