108Whangarei
Based on data from  1-Jul-2003
Local Std Time, tidal heights in metres.
 1  Fr        116 0024  2.7 0618  0.8 1247  2.8 1854  0.9
 2  Sa        116 0108  2.7 0704  0.9 1329  2.8 1940  0.9
 3  Su        116 0155  2.6 0753  1.0 1413  2.7 2029  1.0
 4  Mo        116 0247  2.5 0846  1.1 1501  2.6 2120  1.0
 5  Tu        116 0345  2.5 0942  1.1 1553  2.6 2212  1.0
 6  We        116 0443  2.6 1037  1.1 1647  2.6 2303  0.9
 7  Th        116 0538  2.6 1130  1.1 1741  2.7 2353  0.9
 8  Fr        116 0629  2.7 1221  1.0 1833  2.7 9999  9.9
 9  Sa        116 0041  0.8 0716  2.8 1309  0.9 1923  2.8
10  Su        116 0128  0.7 0802  3.0 1357  0.8 2012  2.9
11  Mo        116 0214  0.6 0847  3.1 1444  0.7 2100  3.0
12  Tu        116 0300  0.5 0933  3.1 1531  0.6 2147  3.0
13  We        116 0347  0.4 1018  3.2 1619  0.5 2235  3.1
14  Th        116 0434  0.4 1105  3.2 1707  0.5 2323  3.0
15  Fr        116 0522  0.5 1153  3.2 1757  0.5 9999  9.9
16  Sa        116 0014  3.0 0613  0.6 1243  3.1 1848  0.5
17  Su        116 0107  3.0 0706  0.6 1336  3.1 1942  0.6
18  Mo        116 0204  2.9 0804  0.7 1432  3.0 2038  0.6
19  Tu        116 0306  2.9 0905  0.8 1531  2.9 2136  0.6
20  We        116 0411  2.9 1007  0.8 1633  2.9 2236  0.6
21  Th        116 0514  2.9 1108  0.8 1734  2.9 2334  0.6
22  Fr        116 0614  2.9 1206  0.8 1832  2.9 9999  9.9
23  Sa        116 0029  0.6 0708  3.0 1301  0.7 1926  2.9
24  Su        116 0122  0.6 0759  3.1 1353  0.7 2018  2.9
25  Mo        116 0211  0.5 0847  3.1 1441  0.7 2105  2.9
26  Tu        116 0257  0.6 0932  3.1 1527  0.7 2150  2.9
27  We        116 0341  0.6 1014  3.0 1611  0.7 2232  2.9
28  Th        116 0423  0.7 1054  3.0 1653  0.7 2311  2.8
29  Fr        116 0504  0.7 1132  2.9 1735  0.8 2350  2.8
30  Sa        116 0545  0.8 1208  2.9 1816  0.8 9999  9.9
31  Su        116 0028  2.7 0627  0.9 1244  2.8 1858  0.9
 1  Mo        216 0109  2.6 0712  1.0 1324  2.7 1943  1.0
 2  Tu        216 0156  2.6 0802  1.1 1409  2.7 2032  1.0
 3  We        216 0250  2.6 0856  1.1 1500  2.6 2124  1.0
 4  Th        216 0350  2.6 0953  1.1 1557  2.6 2220  1.0
 5  Fr        216 0452  2.6 1051  1.1 1658  2.6 2315  0.9
 6  Sa        216 0550  2.7 1146  1.0 1758  2.7 9999  9.9
 7  Su        216 0008  0.8 0643  2.8 1239  0.9 1854  2.8
 8  Mo        216 0100  0.7 0734  3.0 1330  0.7 1948  2.9
 9  Tu        216 0149  0.5 0822  3.1 1420  0.6 2039  3.1
10  We        216 0238  0.4 0910  3.2 1509  0.5 2128  3.1
11  Th        216 0327  0.4 0958  3.3 1558  0.4 2218  3.2
12  Fr        216 0415  0.4 1046  3.3 1647  0.4 2307  3.2
13  Sa        216 0505  0.4 1135  3.3 1737  0.4 2358  3.1
14  Su        216 0556  0.5 1225  3.2 1827  0.4 9999  9.9
15  Mo        216 0051  3.0 0649  0.6 1318  3.1 1920  0.5
16  Tu        216 0147  3.0 0746  0.7 1413  3.0 2015  0.6
17  We        216 0249  2.9 0846  0.8 1512  2.9 2114  0.7
18  Th        216 0352  2.8 0948  0.9 1614  2.8 2214  0.7
19  Fr        216 0455  2.8 1049  0.9 1715  2.8 2313  0.7
20  Sa        216 0553  2.9 1147  0.9 1813  2.8 9999  9.9
21  Su        216 0009  0.7 0647  2.9 1241  0.8 1907  2.8
22  Mo        216 0101  0.7 0737  3.0 1331  0.8 1957  2.9
23  Tu        216 0149  0.7 0823  3.0 1418  0.7 2043  2.9
24  We        216 0233  0.7 0906  3.0 1501  0.7 2125  2.9
25  Th        216 0316  0.7 0946  3.0 1543  0.7 2205  2.9
26  Fr        216 0356  0.7 1023  2.9 1623  0.7 2241  2.9
27  Sa        216 0435  0.7 1058  2.9 1701  0.8 2317  2.8
28  Su        216 0514  0.8 1132  2.8 1740  0.8 2353  2.8
29  Mo        216 0555  0.9 1207  2.8 1820  0.9 9999  9.9
 1  Tu        316 0032  2.7 0637  1.0 1247  2.7 1902  0.9
 2  We        316 0117  2.7 0724  1.0 1331  2.7 1949  1.0
 3  Th        316 0207  2.6 0817  1.1 1421  2.6 2041  1.0
 4  Fr        316 0305  2.6 0915  1.1 1518  2.6 2139  1.0
 5  Sa        316 0409  2.6 1015  1.0 1621  2.7 2239  0.9
 6  Su        316 0511  2.7 1114  0.9 1726  2.7 2336  0.8
 7  Mo        316 0610  2.9 1210  0.8 1827  2.9 9999  9.9
 8  Tu        316 0032  0.6 0704  3.0 1303  0.6 1923  3.0
 9  We        316 0124  0.5 0756  3.2 1355  0.5 2017  3.1
10  Th        316 0216  0.4 0846  3.3 1446  0.4 2108  3.2
11  Fr        316 0306  0.3 0936  3.3 1536  0.3 2159  3.3
12  Sa        316 0356  0.3 1026  3.3 1625  0.3 2250  3.3
13  Su        316 0447  0.4 1116  3.3 1715  0.3 2341  3.2
14  Mo        316 0539  0.5 1207  3.2 1806  0.4 9999  9.9
15  Tu        316 0034  3.1 0632  0.6 1259  3.1 1858  0.5
16  We        316 0130  3.0 0729  0.7 1354  2.9 1953  0.7
17  Th        316 0230  2.9 0828  0.8 1453  2.8 2051  0.8
18  Fr        316 0332  2.8 0928  0.9 1554  2.7 2151  0.8
19  Sa        316 0432  2.8 1028  0.9 1655  2.7 2250  0.9
20  Su        316 0529  2.8 1125  0.9 1752  2.7 2346  0.8
21  Mo        316 0622  2.8 1217  0.9 1845  2.8 9999  9.9
22  Tu        316 0038  0.8 0710  2.9 1306  0.8 1933  2.8
23  We        316 0125  0.8 0755  2.9 1351  0.8 2018  2.9
24  Th        316 0208  0.7 0837  2.9 1433  0.7 2059  2.9
25  Fr        316 0249  0.7 0915  2.9 1513  0.7 2137  2.9
26  Sa        316 0329  0.7 0951  2.9 1551  0.7 2212  2.9
27  Su        316 0407  0.8 1025  2.9 1629  0.7 2247  2.9
28  Mo        316 0446  0.8 1100  2.8 1707  0.8 2324  2.8
29  Tu        316 0526  0.9 1137  2.8 1746  0.8 9999  9.9
30  We        316 0003  2.8 0609  0.9 1217  2.7 1828  0.9
31  Th        316 0047  2.7 0655  1.0 1302  2.7 1914  0.9
 1  Fr        416 0136  2.7 0746  1.0 1352  2.7 2006  0.9
 2  Sa        416 0231  2.7 0843  1.0 1449  2.7 2104  0.9
 3  Su        416 0333  2.7 0943  1.0 1552  2.7 2206  0.9
 4  Mo        416 0436  2.8 1043  0.8 1658  2.8 2307  0.8
 5  Tu        416 0537  2.9 1141  0.7 1801  2.9 9999  9.9
 6  We        416 0005  0.6 0634  3.1 1237  0.5 1900  3.1
 7  Th        416 0100  0.5 0728  3.2 1330  0.4 1955  3.2
 8  Fr        416 0153  0.4 0821  3.3 1422  0.3 2048  3.3
 9  Sa        416 0245  0.3 0913  3.3 1513  0.2 2140  3.3
10  Su        416 0337  0.3 1004  3.3 1603  0.2 2231  3.3
11  Mo        416 0428  0.4 1055  3.2 1653  0.3 2323  3.2
12  Tu        416 0521  0.5 1147  3.1 1743  0.4 9999  9.9
13  We        416 0016  3.1 0614  0.6 1240  3.0 1835  0.6
14  Th        416 0111  3.0 0710  0.7 1335  2.9 1929  0.7
15  Fr        416 0209  2.9 0807  0.8 1432  2.8 2026  0.8
16  Sa        416 0307  2.8 0905  0.9 1532  2.7 2126  0.9
17  Su        416 0405  2.8 1003  0.9 1631  2.7 2224  0.9
18  Mo        416 0500  2.8 1058  0.9 1727  2.7 2320  0.9
19  Tu        416 0551  2.8 1149  0.9 1819  2.7 9999  9.9
20  We        416 0011  0.9 0639  2.8 1237  0.8 1906  2.8
21  Th        416 0057  0.9 0723  2.8 1321  0.8 1950  2.8
22  Fr        416 0140  0.8 0804  2.8 1402  0.7 2031  2.9
23  Sa        416 0221  0.8 0842  2.8 1442  0.7 2109  2.9
24  Su        416 0301  0.8 0919  2.8 1520  0.7 2145  2.9
25  Mo        416 0340  0.8 0955  2.8 1558  0.7 2221  2.9
26  Tu        416 0420  0.8 1032  2.8 1637  0.7 2259  2.9
27  We        416 0502  0.9 1111  2.8 1717  0.8 2339  2.8
28  Th        416 0545  0.9 1153  2.8 1800  0.8 9999  9.9
29  Fr        416 0023  2.8 0632  0.9 1239  2.7 1846  0.9
30  Sa        416 0112  2.8 0723  0.9 1330  2.7 1938  0.9
 1  Su        516 0205  2.8 0818  0.9 1426  2.7 2036  0.9
 2  Mo        516 0304  2.8 0917  0.8 1528  2.7 2137  0.8
 3  Tu        516 0406  2.9 1016  0.7 1633  2.8 2239  0.8
 4  We        516 0507  3.0 1114  0.6 1737  2.9 2339  0.6
 5  Th        516 0606  3.1 1211  0.5 1837  3.1 9999  9.9
 6  Fr        516 0036  0.5 0703  3.2 1305  0.4 1934  3.2
 7  Sa        516 0131  0.4 0757  3.2 1358  0.3 2028  3.3
 8  Su        516 0225  0.4 0851  3.3 1450  0.2 2121  3.3
 9  Mo        516 0317  0.4 0943  3.2 1540  0.3 2213  3.3
10  Tu        516 0409  0.4 1035  3.2 1630  0.3 2304  3.2
11  We        516 0502  0.5 1126  3.1 1720  0.5 2356  3.1
12  Th        516 0554  0.6 1218  2.9 1811  0.6 9999  9.9
13  Fr        516 0049  3.0 0648  0.7 1312  2.8 1904  0.7
14  Sa        516 0143  2.9 0742  0.8 1407  2.7 1958  0.9
15  Su        516 0238  2.8 0838  0.9 1503  2.7 2056  1.0
16  Mo        516 0332  2.8 0933  0.9 1601  2.6 2153  1.0
17  Tu        516 0425  2.7 1026  0.9 1656  2.7 2248  1.0
18  We        516 0515  2.7 1117  0.9 1748  2.7 2339  1.0
19  Th        516 0603  2.7 1204  0.9 1836  2.7 9999  9.9
20  Fr        516 0026  0.9 0647  2.8 1248  0.8 1920  2.8
21  Sa        516 0110  0.9 0729  2.8 1330  0.8 2002  2.9
22  Su        516 0152  0.9 0809  2.8 1411  0.7 2041  2.9
23  Mo        516 0234  0.8 0848  2.8 1451  0.7 2119  2.9
24  Tu        516 0315  0.8 0927  2.8 1530  0.7 2157  2.9
25  We        516 0356  0.8 1008  2.8 1611  0.7 2237  2.9
26  Th        516 0439  0.8 1050  2.8 1653  0.7 2319  2.9
27  Fr        516 0524  0.8 1134  2.8 1737  0.7 9999  9.9
28  Sa        516 0004  2.9 0611  0.8 1221  2.8 1824  0.8
29  Su        516 0052  2.9 0702  0.8 1311  2.8 1916  0.8
30  Mo        516 0144  2.9 0755  0.8 1407  2.8 2012  0.8
31  Tu        516 0240  2.9 0852  0.7 1508  2.8 2113  0.8
 1  We        616 0340  2.9 0951  0.7 1612  2.9 2215  0.8
 2  Th        616 0441  3.0 1049  0.6 1716  3.0 2316  0.7
 3  Fr        616 0541  3.0 1147  0.5 1817  3.1 9999  9.9
 4  Sa        616 0015  0.6 0639  3.1 1242  0.4 1915  3.2
 5  Su        616 0111  0.5 0735  3.1 1336  0.3 2009  3.3
 6  Mo        616 0205  0.5 0830  3.2 1428  0.3 2102  3.3
 7  Tu        616 0258  0.5 0923  3.1 1518  0.3 2153  3.3
 8  We        616 0350  0.5 1014  3.1 1607  0.4 2244  3.2
 9  Th        616 0441  0.6 1105  3.0 1656  0.5 2333  3.1
10  Fr        616 0531  0.7 1154  2.9 1745  0.6 9999  9.9
11  Sa        616 0022  3.0 0622  0.7 1244  2.8 1835  0.8
12  Su        616 0112  2.9 0713  0.8 1335  2.7 1926  0.9
13  Mo        616 0202  2.8 0804  0.9 1429  2.6 2020  1.0
14  Tu        616 0252  2.7 0856  0.9 1524  2.6 2116  1.0
15  We        616 0343  2.7 0948  0.9 1619  2.6 2211  1.1
16  Th        616 0433  2.7 1039  0.9 1712  2.6 2303  1.0
17  Fr        616 0521  2.7 1127  0.9 1802  2.7 2352  1.0
18  Sa        616 0608  2.7 1214  0.9 1848  2.8 9999  9.9
19  Su        616 0039  1.0 0653  2.7 1258  0.8 1931  2.8
20  Mo        616 0123  0.9 0737  2.8 1340  0.7 2013  2.9
21  Tu        616 0206  0.9 0819  2.8 1422  0.7 2053  2.9
22  We        616 0249  0.8 0902  2.8 1504  0.6 2135  3.0
23  Th        616 0333  0.8 0946  2.9 1547  0.6 2217  3.0
24  Fr        616 0418  0.7 1030  2.9 1631  0.6 2300  3.0
25  Sa        616 0504  0.7 1116  2.9 1716  0.6 2346  3.0
26  Su        616 0552  0.7 1204  2.9 1804  0.7 9999  9.9
27  Mo        616 0034  3.0 0641  0.7 1254  2.8 1856  0.7
28  Tu        616 0124  3.0 0734  0.7 1349  2.8 1952  0.8
29  We        616 0219  3.0 0829  0.7 1449  2.8 2052  0.8
30  Th        616 0318  2.9 0927  0.6 1553  2.9 2154  0.8
 1  Fr        716 0419  3.0 1026  0.6 1658  2.9 2256  0.7
 2  Sa        716 0520  3.0 1124  0.5 1759  3.0 2355  0.7
 3  Su        716 0619  3.0 1221  0.5 1857  3.1 9999  9.9
 4  Mo        716 0052  0.6 0716  3.0 1315  0.4 1951  3.2
 5  Tu        716 0146  0.6 0811  3.1 1407  0.4 2043  3.2
 6  We        716 0238  0.6 0903  3.1 1457  0.4 2133  3.2
 7  Th        716 0329  0.6 0953  3.0 1545  0.5 2221  3.2
 8  Fr        716 0418  0.6 1041  3.0 1631  0.6 2307  3.1
 9  Sa        716 0505  0.7 1127  2.9 1718  0.7 2352  3.0
10  Su        716 0552  0.7 1213  2.8 1804  0.8 9999  9.9
11  Mo        716 0036  2.9 0638  0.8 1259  2.7 1851  0.9
12  Tu        716 0120  2.8 0725  0.9 1347  2.6 1941  1.0
13  We        716 0205  2.7 0814  0.9 1438  2.6 2034  1.1
14  Th        716 0252  2.7 0904  1.0 1533  2.6 2129  1.1
15  Fr        716 0342  2.6 0956  1.0 1630  2.6 2223  1.1
16  Sa        716 0434  2.6 1047  1.0 1723  2.6 2315  1.1
17  Su        716 0526  2.6 1137  0.9 1813  2.7 9999  9.9
18  Mo        716 0005  1.0 0616  2.7 1224  0.8 1859  2.8
19  Tu        716 0052  0.9 0705  2.7 1310  0.7 1944  2.9
20  We        716 0138  0.8 0752  2.8 1355  0.7 2027  3.0
21  Th        716 0224  0.7 0839  2.9 1439  0.6 2111  3.1
22  Fr        716 0310  0.7 0925  3.0 1524  0.5 2155  3.1
23  Sa        716 0356  0.6 1011  3.0 1610  0.5 2240  3.1
24  Su        716 0443  0.6 1058  3.0 1657  0.5 2327  3.1
25  Mo        716 0531  0.5 1147  3.0 1746  0.6 9999  9.9
26  Tu        716 0015  3.1 0620  0.6 1238  3.0 1838  0.7
27  We        716 0106  3.0 0712  0.6 1333  2.9 1934  0.7
28  Th        716 0200  3.0 0807  0.6 1433  2.9 2033  0.8
29  Fr        716 0258  2.9 0905  0.6 1537  2.9 2136  0.8
30  Sa        716 0400  2.9 1005  0.6 1641  2.9 2238  0.8
31  Su        716 0502  2.9 1104  0.6 1743  3.0 2338  0.8
 1  Mo        816 0602  2.9 1201  0.6 1840  3.0 9999  9.9
 2  Tu        816 0034  0.7 0700  2.9 1256  0.5 1933  3.1
 3  We        816 0128  0.7 0753  3.0 1347  0.5 2023  3.1
 4  Th        816 0218  0.6 0844  3.0 1435  0.5 2111  3.1
 5  Fr        816 0306  0.6 0931  3.0 1521  0.6 2155  3.1
 6  Sa        816 0352  0.6 1015  2.9 1606  0.6 2238  3.0
 7  Su        816 0436  0.7 1058  2.9 1649  0.7 2318  2.9
 8  Mo        816 0519  0.7 1139  2.8 1732  0.8 2357  2.9
 9  Tu        816 0601  0.8 1219  2.7 1815  0.9 9999  9.9
10  We        816 0035  2.8 0644  0.9 1301  2.7 1901  1.0
11  Th        816 0115  2.7 0729  0.9 1347  2.6 1951  1.1
12  Fr        816 0159  2.6 0818  1.0 1440  2.6 2044  1.1
13  Sa        816 0248  2.6 0909  1.0 1539  2.6 2141  1.1
14  Su        816 0344  2.6 1004  1.0 1639  2.6 2237  1.1
15  Mo        816 0443  2.6 1058  1.0 1734  2.7 2330  1.0
16  Tu        816 0540  2.7 1150  0.9 1825  2.8 9999  9.9
17  We        816 0021  0.9 0635  2.8 1240  0.7 1913  2.9
18  Th        816 0110  0.8 0726  2.9 1328  0.6 1959  3.0
19  Fr        816 0158  0.7 0815  3.0 1415  0.5 2046  3.1
20  Sa        816 0246  0.5 0904  3.1 1502  0.4 2132  3.2
21  Su        816 0333  0.4 0952  3.1 1550  0.4 2219  3.2
22  Mo        816 0421  0.4 1040  3.1 1638  0.4 2307  3.2
23  Tu        816 0509  0.4 1130  3.1 1728  0.5 2356  3.2
24  We        816 0559  0.4 1221  3.1 1821  0.6 9999  9.9
25  Th        816 0047  3.1 0651  0.5 1316  3.0 1917  0.7
26  Fr        816 0142  3.0 0745  0.6 1417  2.9 2016  0.8
27  Sa        816 0241  2.9 0844  0.7 1521  2.9 2119  0.8
28  Su        816 0344  2.8 0944  0.7 1625  2.9 2221  0.8
29  Mo        816 0446  2.8 1045  0.7 1725  2.9 2320  0.8
30  Tu        816 0547  2.8 1143  0.7 1821  3.0 9999  9.9
31  We        816 0016  0.8 0643  2.9 1237  0.7 1913  3.0
 1  Th        916 0108  0.7 0735  2.9 1327  0.6 2001  3.0
 2  Fr        916 0156  0.7 0823  2.9 1414  0.6 2046  3.0
 3  Sa        916 0242  0.6 0908  3.0 1458  0.6 2128  3.0
 4  Su        916 0325  0.6 0949  2.9 1539  0.7 2207  3.0
 5  Mo        916 0406  0.7 1028  2.9 1620  0.7 2244  2.9
 6  Tu        916 0445  0.7 1105  2.8 1700  0.8 2319  2.8
 7  We        916 0525  0.8 1142  2.8 1741  0.9 2354  2.8
 8  Th        916 0605  0.8 1220  2.7 1824  1.0 9999  9.9
 9  Fr        916 0032  2.7 0647  0.9 1303  2.7 1911  1.1
10  Sa        916 0115  2.6 0732  1.0 1352  2.6 2003  1.1
11  Su        916 0204  2.6 0824  1.0 1449  2.6 2059  1.1
12  Mo        916 0300  2.6 0920  1.0 1552  2.6 2158  1.1
13  Tu        916 0402  2.6 1018  1.0 1653  2.7 2255  1.0
14  We        916 0506  2.7 1115  0.9 1749  2.8 2350  0.9
15  Th        916 0605  2.8 1209  0.7 1841  2.9 9999  9.9
16  Fr        916 0041  0.7 0700  2.9 1301  0.6 1931  3.1
17  Sa        916 0132  0.5 0752  3.1 1351  0.5 2020  3.2
18  Su        916 0221  0.4 0842  3.2 1440  0.4 2108  3.3
19  Mo        916 0310  0.3 0932  3.3 1530  0.4 2157  3.3
20  Tu        916 0358  0.3 1022  3.3 1620  0.4 2246  3.3
21  We        916 0447  0.3 1112  3.2 1711  0.5 2337  3.2
22  Th        916 0537  0.4 1205  3.1 1804  0.6 9999  9.9
23  Fr        916 0029  3.1 0629  0.5 1300  3.0 1900  0.7
24  Sa        916 0125  2.9 0724  0.6 1400  2.9 1959  0.8
25  Su        916 0224  2.8 0822  0.7 1503  2.9 2101  0.9
26  Mo        916 0326  2.8 0923  0.8 1605  2.8 2202  0.9
27  Tu        916 0429  2.7 1024  0.8 1704  2.9 2301  0.8
28  We        916 0529  2.8 1122  0.8 1759  2.9 2355  0.8
29  Th        916 0624  2.8 1216  0.8 1849  2.9 9999  9.9
30  Fr        916 0045  0.7 0714  2.9 1305  0.7 1935  2.9
 1  Sa       1016 0132  0.7 0801  2.9 1350  0.7 2018  3.0
 2  Su       1016 0215  0.7 0843  2.9 1433  0.7 2058  2.9
 3  Mo       1016 0256  0.7 0922  2.9 1513  0.7 2136  2.9
 4  Tu       1016 0335  0.7 0959  2.9 1553  0.8 2210  2.9
 5  We       1016 0413  0.7 1035  2.9 1632  0.8 2244  2.8
 6  Th       1016 0451  0.7 1110  2.8 1711  0.9 2320  2.8
 7  Fr       1016 0529  0.8 1148  2.8 1753  0.9 2359  2.7
 8  Sa       1016 0610  0.9 1229  2.7 1838  1.0 9999  9.9
 9  Su       1016 0042  2.6 0654  0.9 1316  2.7 1928  1.1
10  Mo       1016 0131  2.6 0744  1.0 1410  2.6 2023  1.1
11  Tu       1016 0226  2.6 0840  1.0 1509  2.7 2122  1.0
12  We       1016 0328  2.6 0941  1.0 1612  2.7 2221  0.9
13  Th       1016 0433  2.7 1042  0.9 1712  2.8 2318  0.8
14  Fr       1016 0536  2.8 1140  0.7 1808  3.0 9999  9.9
15  Sa       1016 0013  0.6 0634  3.0 1235  0.6 1902  3.1
16  Su       1016 0105  0.5 0729  3.1 1327  0.5 1954  3.2
17  Mo       1016 0156  0.3 0822  3.3 1419  0.4 2045  3.3
18  Tu       1016 0246  0.2 0913  3.3 1510  0.3 2136  3.3
19  We       1016 0336  0.2 1004  3.3 1601  0.4 2227  3.3
20  Th       1016 0426  0.2 1055  3.3 1654  0.4 2318  3.2
21  Fr       1016 0516  0.3 1148  3.2 1747  0.6 9999  9.9
22  Sa       1016 0011  3.1 0608  0.5 1243  3.1 1842  0.7
23  Su       1016 0106  2.9 0702  0.6 1341  3.0 1940  0.8
24  Mo       1016 0205  2.8 0759  0.8 1440  2.9 2040  0.9
25  Tu       1016 0306  2.7 0859  0.9 1540  2.8 2139  0.9
26  We       1016 0407  2.7 1000  0.9 1638  2.8 2236  0.9
27  Th       1016 0506  2.7 1058  0.9 1731  2.8 2330  0.8
28  Fr       1016 0600  2.7 1152  0.9 1820  2.8 9999  9.9
29  Sa       1016 0019  0.8 0650  2.8 1240  0.8 1906  2.9
30  Su       1016 0104  0.7 0735  2.9 1325  0.8 1948  2.9
31  Mo       1016 0147  0.7 0817  2.9 1407  0.8 2028  2.9
 1  Tu       1116 0227  0.7 0856  2.9 1447  0.8 2105  2.9
 2  We       1116 0306  0.7 0933  2.9 1526  0.8 2140  2.8
 3  Th       1116 0343  0.7 1008  2.9 1606  0.8 2216  2.8
 4  Fr       1116 0421  0.7 1044  2.9 1646  0.9 2253  2.8
 5  Sa       1116 0459  0.8 1122  2.8 1728  0.9 2333  2.7
 6  Su       1116 0540  0.8 1203  2.8 1812  0.9 9999  9.9
 7  Mo       1116 0017  2.7 0623  0.9 1249  2.8 1900  1.0
 8  Tu       1116 0104  2.6 0712  0.9 1339  2.7 1953  1.0
 9  We       1116 0158  2.6 0807  0.9 1435  2.7 2050  0.9
10  Th       1116 0258  2.6 0908  0.9 1536  2.8 2149  0.8
11  Fr       1116 0403  2.7 1010  0.9 1637  2.9 2248  0.7
12  Sa       1116 0508  2.8 1111  0.8 1737  3.0 2345  0.6
13  Su       1116 0610  3.0 1209  0.6 1834  3.1 9999  9.9
14  Mo       1116 0039  0.4 0707  3.1 1305  0.5 1929  3.2
15  Tu       1116 0132  0.3 0802  3.3 1359  0.4 2023  3.3
16  We       1116 0224  0.2 0855  3.3 1451  0.4 2116  3.3
17  Th       1116 0315  0.2 0947  3.4 1544  0.4 2208  3.2
18  Fr       1116 0405  0.2 1038  3.3 1636  0.5 2300  3.1
19  Sa       1116 0455  0.3 1130  3.2 1729  0.6 2352  3.0
20  Su       1116 0546  0.5 1223  3.1 1822  0.7 9999  9.9
21  Mo       1116 0046  2.9 0638  0.6 1317  3.0 1917  0.8
22  Tu       1116 0141  2.8 0733  0.8 1413  2.9 2013  0.8
23  We       1116 0239  2.7 0830  0.9 1509  2.8 2110  0.9
24  Th       1116 0339  2.6 0929  1.0 1604  2.8 2205  0.9
25  Fr       1116 0437  2.6 1027  1.0 1656  2.7 2258  0.9
26  Sa       1116 0531  2.7 1121  1.0 1746  2.7 2348  0.8
27  Su       1116 0621  2.7 1211  1.0 1833  2.8 9999  9.9
28  Mo       1116 0034  0.8 0708  2.8 1257  0.9 1916  2.8
29  Tu       1116 0117  0.8 0750  2.9 1340  0.9 1957  2.8
30  We       1116 0158  0.7 0830  2.9 1421  0.9 2036  2.8
 1  Th       1216 0237  0.7 0908  2.9 1501  0.8 2114  2.8
 2  Fr       1216 0316  0.7 0945  2.9 1542  0.8 2152  2.8
 3  Sa       1216 0355  0.7 1022  2.9 1623  0.8 2231  2.8
 4  Su       1216 0434  0.7 1101  2.9 1705  0.8 2312  2.8
 5  Mo       1216 0515  0.7 1142  2.9 1750  0.9 2356  2.8
 6  Tu       1216 0559  0.8 1227  2.9 1837  0.9 9999  9.9
 7  We       1216 0043  2.7 0647  0.8 1315  2.9 1928  0.8
 8  Th       1216 0135  2.7 0740  0.9 1408  2.9 2022  0.8
 9  Fr       1216 0233  2.7 0839  0.9 1505  2.9 2120  0.8
10  Sa       1216 0337  2.8 0942  0.8 1607  2.9 2219  0.7
11  Su       1216 0443  2.8 1045  0.8 1709  3.0 2318  0.5
12  Mo       1216 0547  3.0 1146  0.7 1809  3.1 9999  9.9
13  Tu       1216 0015  0.4 0647  3.1 1244  0.6 1907  3.1
14  We       1216 0110  0.3 0743  3.2 1339  0.5 2003  3.2
15  Th       1216 0203  0.3 0837  3.3 1433  0.5 2057  3.2
16  Fr       1216 0254  0.3 0930  3.3 1526  0.5 2150  3.2
17  Sa       1216 0345  0.3 1021  3.3 1618  0.5 2241  3.1
18  Su       1216 0434  0.4 1111  3.2 1709  0.6 2331  3.0
19  Mo       1216 0523  0.5 1200  3.1 1759  0.6 9999  9.9
20  Tu       1216 0022  2.9 0613  0.7 1250  3.0 1850  0.7
21  We       1216 0113  2.8 0704  0.8 1340  2.9 1942  0.8
22  Th       1216 0206  2.7 0757  0.9 1431  2.8 2034  0.9
23  Fr       1216 0302  2.6 0853  1.0 1523  2.7 2127  0.9
24  Sa       1216 0359  2.6 0950  1.1 1615  2.7 2220  0.9
25  Su       1216 0455  2.6 1045  1.1 1706  2.7 2312  0.9
26  Mo       1216 0548  2.7 1137  1.0 1755  2.7 9999  9.9
27  Tu       1216 0000  0.9 0636  2.7 1225  1.0 1841  2.7
28  We       1216 0045  0.8 0721  2.8 1311  1.0 1926  2.7
29  Th       1216 0128  0.8 0803  2.9 1354  0.9 2008  2.8
30  Fr       1216 0209  0.7 0843  2.9 1436  0.9 2049  2.8
31  Sa       1216 0250  0.7 0922  3.0 1518  0.8 2130  2.8
