075Whanganui
Based on data from 15-Sep-1986
Local Std Time, tidal heights in metres.
 1  Fr        116 0209  2.4 0816  1.1 1435  2.4 2059  1.1
 2  Sa        116 0253  2.3 0859  1.2 1528  2.3 2148  1.2
 3  Su        116 0345  2.2 0954  1.3 1631  2.2 2244  1.3
 4  Mo        116 0450  2.1 1107  1.4 1737  2.2 2348  1.3
 5  Tu        116 0606  2.1 1225  1.3 1840  2.3 9999  9.9
 6  We        116 0057  1.2 0715  2.2 1331  1.2 1935  2.3
 7  Th        116 0201  1.1 0810  2.4 1423  1.1 2025  2.4
 8  Fr        116 0255  1.0 0855  2.5 1509  1.0 2110  2.6
 9  Sa        116 0341  0.9 0936  2.7 1551  0.8 2154  2.7
10  Su        116 0423  0.7 1015  2.8 1632  0.7 2236  2.8
11  Mo        116 0503  0.6 1053  2.9 1714  0.7 2318  2.8
12  Tu        116 0542  0.6 1133  3.0 1756  0.6 9999  9.9
13  We        116 0000  2.9 0622  0.5 1214  3.0 1840  0.6
14  Th        116 0043  2.9 0703  0.6 1257  3.0 1925  0.7
15  Fr        116 0127  2.8 0746  0.7 1344  2.9 2013  0.8
16  Sa        116 0216  2.7 0835  0.8 1437  2.7 2106  0.9
17  Su        116 0310  2.6 0933  0.9 1536  2.6 2205  1.0
18  Mo        116 0415  2.4 1042  1.0 1644  2.5 2315  1.1
19  Tu        116 0532  2.4 1200  1.1 1755  2.5 9999  9.9
20  We        116 0037  1.1 0653  2.4 1316  1.0 1904  2.5
21  Th        116 0158  1.0 0801  2.5 1420  0.9 2006  2.6
22  Fr        116 0303  0.9 0855  2.6 1513  0.8 2102  2.6
23  Sa        116 0353  0.8 0940  2.8 1600  0.8 2150  2.7
24  Su        116 0434  0.7 1021  2.8 1641  0.7 2234  2.8
25  Mo        116 0510  0.7 1058  2.9 1720  0.7 2313  2.8
26  Tu        116 0541  0.7 1133  2.9 1756  0.7 2350  2.7
27  We        116 0611  0.7 1208  2.8 1830  0.8 9999  9.9
28  Th        116 0025  2.7 0639  0.8 1242  2.7 1904  0.8
29  Fr        116 0100  2.6 0708  0.9 1317  2.6 1939  0.9
30  Sa        116 0134  2.5 0739  1.0 1353  2.5 2016  1.0
31  Su        116 0210  2.4 0814  1.1 1435  2.4 2057  1.1
 1  Mo        216 0252  2.3 0859  1.2 1528  2.3 2148  1.2
 2  Tu        216 0347  2.2 1002  1.3 1634  2.2 2251  1.3
 3  We        216 0504  2.1 1126  1.4 1750  2.2 9999  9.9
 4  Th        216 0010  1.3 0632  2.2 1251  1.3 1902  2.3
 5  Fr        216 0132  1.2 0741  2.3 1358  1.2 2003  2.4
 6  Sa        216 0236  1.0 0833  2.5 1451  1.0 2055  2.5
 7  Su        216 0325  0.9 0917  2.7 1536  0.8 2140  2.7
 8  Mo        216 0408  0.7 0957  2.9 1619  0.7 2223  2.8
 9  Tu        216 0447  0.5 1036  3.0 1700  0.6 2304  2.9
10  We        216 0525  0.5 1115  3.1 1741  0.5 2344  3.0
11  Th        216 0603  0.4 1154  3.1 1822  0.5 9999  9.9
12  Fr        216 0024  3.0 0642  0.5 1236  3.0 1904  0.6
13  Sa        216 0106  2.9 0723  0.6 1320  2.9 1948  0.7
14  Su        216 0150  2.8 0808  0.7 1409  2.8 2035  0.8
15  Mo        216 0239  2.6 0901  0.9 1504  2.6 2130  1.0
16  Tu        216 0340  2.4 1007  1.1 1610  2.5 2239  1.1
17  We        216 0459  2.3 1129  1.2 1725  2.4 9999  9.9
18  Th        216 0011  1.2 0629  2.3 1254  1.1 1843  2.4
19  Fr        216 0148  1.1 0745  2.4 1405  1.0 1954  2.4
20  Sa        216 0254  1.0 0840  2.6 1500  0.9 2052  2.5
21  Su        216 0341  0.9 0924  2.7 1546  0.8 2139  2.6
22  Mo        216 0418  0.8 1002  2.8 1625  0.7 2219  2.7
23  Tu        216 0450  0.7 1037  2.8 1700  0.7 2254  2.8
24  We        216 0518  0.7 1110  2.9 1732  0.7 2327  2.8
25  Th        216 0544  0.7 1141  2.8 1802  0.7 2359  2.8
26  Fr        216 0610  0.7 1212  2.8 1833  0.8 9999  9.9
27  Sa        216 0029  2.7 0636  0.8 1243  2.7 1904  0.9
28  Su        216 0100  2.6 0705  0.9 1317  2.6 1938  0.9
29  Mo        216 0133  2.5 0738  1.0 1354  2.5 2017  1.1
 1  Tu        316 0211  2.4 0819  1.1 1441  2.3 2104  1.2
 2  We        316 0301  2.3 0918  1.3 1544  2.2 2207  1.3
 3  Th        316 0415  2.2 1043  1.3 1706  2.2 2333  1.3
 4  Fr        316 0551  2.2 1217  1.3 1832  2.2 9999  9.9
 5  Sa        316 0105  1.2 0712  2.3 1333  1.2 1942  2.4
 6  Su        316 0215  1.0 0809  2.5 1431  1.0 2038  2.5
 7  Mo        316 0305  0.8 0855  2.7 1518  0.8 2124  2.7
 8  Tu        316 0348  0.6 0936  2.9 1602  0.6 2206  2.9
 9  We        316 0427  0.5 1015  3.1 1643  0.5 2245  3.0
10  Th        316 0505  0.4 1054  3.1 1722  0.5 2324  3.1
11  Fr        316 0542  0.4 1133  3.1 1802  0.5 9999  9.9
12  Sa        316 0003  3.0 0620  0.4 1214  3.1 1842  0.6
13  Su        316 0043  3.0 0700  0.6 1257  2.9 1923  0.7
14  Mo        316 0126  2.8 0743  0.7 1344  2.8 2008  0.8
15  Tu        316 0213  2.6 0834  0.9 1437  2.6 2100  1.0
16  We        316 0310  2.4 0938  1.1 1540  2.4 2207  1.2
17  Th        316 0428  2.3 1102  1.2 1658  2.3 2346  1.3
18  Fr        316 0605  2.2 1232  1.2 1823  2.3 9999  9.9
19  Sa        316 0133  1.2 0725  2.4 1346  1.1 1939  2.4
20  Su        316 0237  1.1 0820  2.5 1441  1.0 2037  2.5
21  Mo        316 0321  0.9 0902  2.6 1525  0.9 2120  2.6
22  Tu        316 0355  0.8 0938  2.7 1601  0.8 2157  2.7
23  We        316 0424  0.8 1011  2.8 1634  0.7 2230  2.8
24  Th        316 0449  0.7 1042  2.8 1704  0.7 2300  2.8
25  Fr        316 0514  0.7 1112  2.8 1733  0.7 2330  2.8
26  Sa        316 0539  0.7 1142  2.8 1803  0.8 9999  9.9
27  Su        316 0000  2.8 0606  0.8 1213  2.7 1834  0.8
28  Mo        316 0031  2.7 0636  0.8 1246  2.6 1908  0.9
29  Tu        316 0104  2.6 0710  0.9 1324  2.5 1947  1.0
30  We        316 0143  2.5 0753  1.1 1411  2.4 2034  1.1
31  Th        316 0232  2.4 0853  1.2 1512  2.3 2137  1.2
 1  Fr        416 0342  2.2 1015  1.3 1633  2.2 2303  1.3
 2  Sa        416 0515  2.2 1147  1.2 1802  2.2 9999  9.9
 3  Su        416 0035  1.2 0639  2.4 1305  1.1 1917  2.4
 4  Mo        416 0147  1.0 0740  2.5 1406  0.9 2015  2.6
 5  Tu        416 0240  0.8 0829  2.8 1456  0.8 2103  2.8
 6  We        416 0324  0.6 0911  2.9 1541  0.6 2145  2.9
 7  Th        416 0404  0.5 0952  3.1 1622  0.5 2225  3.0
 8  Fr        416 0443  0.4 1032  3.1 1703  0.5 2304  3.1
 9  Sa        416 0521  0.4 1112  3.1 1743  0.5 2343  3.1
10  Su        416 0559  0.5 1153  3.0 1822  0.6 9999  9.9
11  Mo        416 0023  3.0 0639  0.6 1236  2.9 1903  0.7
12  Tu        416 0104  2.8 0723  0.7 1322  2.7 1946  0.9
13  We        416 0151  2.6 0813  0.9 1414  2.5 2036  1.1
14  Th        416 0246  2.4 0916  1.1 1516  2.4 2139  1.2
15  Fr        416 0400  2.3 1035  1.2 1630  2.2 2313  1.3
16  Sa        416 0533  2.2 1201  1.2 1756  2.2 9999  9.9
17  Su        416 0100  1.3 0654  2.3 1315  1.1 1913  2.3
18  Mo        416 0207  1.2 0750  2.4 1411  1.0 2011  2.4
19  Tu        416 0251  1.0 0832  2.6 1455  0.9 2054  2.5
20  We        416 0324  0.9 0909  2.6 1531  0.9 2130  2.6
21  Th        416 0352  0.8 0941  2.7 1604  0.8 2202  2.7
22  Fr        416 0418  0.8 1012  2.8 1634  0.8 2233  2.8
23  Sa        416 0444  0.8 1043  2.8 1705  0.7 2303  2.8
24  Su        416 0512  0.7 1115  2.8 1736  0.8 2334  2.8
25  Mo        416 0541  0.8 1148  2.7 1810  0.8 9999  9.9
26  Tu        416 0006  2.8 0614  0.8 1224  2.7 1846  0.8
27  We        416 0042  2.7 0652  0.9 1304  2.6 1927  0.9
28  Th        416 0123  2.6 0739  1.0 1352  2.5 2016  1.0
29  Fr        416 0213  2.5 0839  1.1 1452  2.3 2117  1.1
30  Sa        416 0319  2.4 0954  1.2 1606  2.3 2234  1.2
 1  Su        516 0442  2.3 1115  1.2 1729  2.3 9999  9.9
 2  Mo        516 0000  1.1 0602  2.4 1231  1.1 1845  2.4
 3  Tu        516 0113  1.0 0706  2.6 1335  0.9 1947  2.6
 4  We        516 0210  0.8 0759  2.7 1429  0.8 2038  2.7
 5  Th        516 0258  0.7 0845  2.9 1518  0.7 2123  2.9
 6  Fr        516 0341  0.5 0929  3.0 1603  0.6 2205  3.0
 7  Sa        516 0422  0.5 1011  3.0 1646  0.5 2245  3.0
 8  Su        516 0502  0.5 1053  3.0 1727  0.6 2325  3.0
 9  Mo        516 0542  0.5 1136  3.0 1807  0.6 9999  9.9
10  Tu        516 0005  2.9 0623  0.6 1220  2.8 1848  0.7
11  We        516 0047  2.8 0708  0.8 1306  2.7 1930  0.9
12  Th        516 0132  2.6 0757  0.9 1356  2.5 2016  1.0
13  Fr        516 0224  2.5 0855  1.1 1452  2.4 2112  1.2
14  Sa        516 0330  2.3 1002  1.2 1558  2.2 2225  1.3
15  Su        516 0450  2.2 1116  1.2 1714  2.2 9999  9.9
16  Mo        516 0000  1.3 0608  2.3 1226  1.2 1830  2.2
17  Tu        516 0119  1.3 0708  2.3 1327  1.1 1933  2.3
18  We        516 0210  1.2 0755  2.4 1416  1.1 2021  2.4
19  Th        516 0247  1.1 0834  2.5 1457  1.0 2059  2.5
20  Fr        516 0318  1.0 0910  2.6 1533  0.9 2134  2.6
21  Sa        516 0347  0.9 0944  2.7 1607  0.8 2206  2.7
22  Su        516 0417  0.8 1017  2.7 1641  0.8 2239  2.8
23  Mo        516 0449  0.8 1052  2.7 1716  0.8 2312  2.8
24  Tu        516 0522  0.8 1129  2.7 1753  0.8 2347  2.8
25  We        516 0600  0.8 1208  2.7 1831  0.8 9999  9.9
26  Th        516 0025  2.8 0642  0.8 1251  2.6 1913  0.8
27  Fr        516 0108  2.7 0730  0.9 1339  2.5 2001  0.9
28  Sa        516 0157  2.6 0826  1.0 1434  2.5 2057  1.0
29  Su        516 0257  2.5 0931  1.0 1538  2.4 2204  1.1
30  Mo        516 0408  2.5 1041  1.1 1652  2.4 2321  1.1
31  Tu        516 0522  2.5 1152  1.0 1807  2.4 9999  9.9
 1  We        616 0035  1.0 0630  2.6 1300  0.9 1916  2.5
 2  Th        616 0139  0.9 0728  2.7 1403  0.8 2013  2.7
 3  Fr        616 0233  0.7 0820  2.8 1458  0.7 2103  2.8
 4  Sa        616 0320  0.6 0908  2.9 1548  0.7 2147  2.9
 5  Su        616 0405  0.6 0953  2.9 1633  0.6 2229  3.0
 6  Mo        616 0447  0.6 1038  2.9 1715  0.6 2310  3.0
 7  Tu        616 0529  0.6 1122  2.9 1756  0.7 2350  2.9
 8  We        616 0611  0.7 1207  2.8 1835  0.7 9999  9.9
 9  Th        616 0031  2.8 0655  0.8 1251  2.7 1914  0.9
10  Fr        616 0114  2.7 0741  0.9 1337  2.6 1955  1.0
11  Sa        616 0201  2.5 0830  1.0 1426  2.4 2039  1.1
12  Su        616 0255  2.4 0923  1.1 1519  2.3 2133  1.3
13  Mo        616 0359  2.3 1021  1.2 1621  2.2 2242  1.3
14  Tu        616 0509  2.2 1123  1.2 1731  2.2 9999  9.9
15  We        616 0003  1.4 0615  2.2 1227  1.2 1842  2.2
16  Th        616 0113  1.3 0710  2.3 1327  1.2 1940  2.3
17  Fr        616 0203  1.2 0757  2.4 1419  1.1 2027  2.4
18  Sa        616 0243  1.1 0839  2.5 1504  1.0 2106  2.5
19  Su        616 0320  1.0 0918  2.5 1545  0.9 2142  2.7
20  Mo        616 0355  0.9 0957  2.6 1623  0.8 2218  2.8
21  Tu        616 0431  0.8 1035  2.7 1701  0.7 2254  2.8
22  We        616 0509  0.8 1115  2.7 1739  0.7 2331  2.9
23  Th        616 0549  0.7 1156  2.7 1818  0.7 9999  9.9
24  Fr        616 0010  2.9 0632  0.7 1239  2.7 1859  0.7
25  Sa        616 0052  2.8 0718  0.8 1324  2.7 1944  0.8
26  Su        616 0139  2.8 0809  0.8 1414  2.6 2034  0.9
27  Mo        616 0233  2.7 0904  0.9 1509  2.5 2133  1.0
28  Tu        616 0335  2.6 1005  1.0 1614  2.4 2242  1.0
29  We        616 0443  2.5 1112  1.0 1728  2.4 2357  1.0
30  Th        616 0553  2.5 1225  1.0 1844  2.5 9999  9.9
 1  Fr        716 0108  1.0 0658  2.6 1338  1.0 1950  2.6
 2  Sa        716 0210  0.9 0757  2.7 1443  0.9 2045  2.7
 3  Su        716 0303  0.8 0851  2.7 1538  0.8 2133  2.8
 4  Mo        716 0351  0.7 0941  2.8 1624  0.7 2216  2.9
 5  Tu        716 0436  0.6 1027  2.8 1706  0.7 2256  2.9
 6  We        716 0518  0.6 1111  2.8 1744  0.7 2335  2.9
 7  Th        716 0559  0.7 1154  2.8 1820  0.7 9999  9.9
 8  Fr        716 0014  2.8 0639  0.7 1234  2.7 1854  0.8
 9  Sa        716 0053  2.7 0719  0.8 1315  2.6 1928  0.9
10  Su        716 0133  2.6 0759  0.9 1355  2.5 2004  1.0
11  Mo        716 0217  2.5 0841  1.0 1437  2.4 2044  1.2
12  Tu        716 0306  2.3 0927  1.1 1525  2.3 2133  1.3
13  We        716 0404  2.2 1019  1.2 1625  2.2 2240  1.4
14  Th        716 0511  2.2 1120  1.3 1739  2.1 9999  9.9
15  Fr        716 0001  1.4 0618  2.2 1231  1.3 1854  2.2
16  Sa        716 0115  1.3 0719  2.2 1342  1.2 1954  2.3
17  Su        716 0211  1.2 0811  2.3 1440  1.1 2041  2.5
18  Mo        716 0256  1.1 0858  2.5 1527  1.0 2121  2.6
19  Tu        716 0337  0.9 0941  2.6 1608  0.8 2159  2.8
20  We        716 0417  0.8 1022  2.7 1646  0.7 2236  2.9
21  Th        716 0457  0.7 1102  2.8 1724  0.6 2314  3.0
22  Fr        716 0537  0.6 1142  2.8 1802  0.6 2353  3.0
23  Sa        716 0618  0.6 1223  2.9 1841  0.6 9999  9.9
24  Su        716 0034  3.0 0701  0.6 1305  2.8 1923  0.6
25  Mo        716 0118  2.9 0746  0.7 1350  2.8 2008  0.7
26  Tu        716 0207  2.8 0835  0.8 1440  2.6 2101  0.9
27  We        716 0303  2.7 0930  0.9 1539  2.5 2205  1.0
28  Th        716 0407  2.5 1034  1.0 1651  2.4 2321  1.1
29  Fr        716 0518  2.5 1152  1.1 1814  2.4 9999  9.9
30  Sa        716 0041  1.1 0631  2.5 1319  1.1 1930  2.5
31  Su        716 0152  1.0 0739  2.5 1434  1.0 2030  2.6
 1  Mo        816 0250  0.9 0839  2.6 1530  0.8 2119  2.8
 2  Tu        816 0340  0.8 0931  2.7 1615  0.7 2202  2.9
 3  We        816 0425  0.7 1017  2.8 1654  0.7 2240  2.9
 4  Th        816 0505  0.6 1059  2.8 1728  0.7 2317  2.9
 5  Fr        816 0542  0.7 1137  2.8 1759  0.7 2353  2.9
 6  Sa        816 0617  0.7 1213  2.8 1829  0.8 9999  9.9
 7  Su        816 0027  2.8 0652  0.8 1248  2.7 1858  0.8
 8  Mo        816 0102  2.7 0725  0.9 1322  2.6 1927  1.0
 9  Tu        816 0138  2.6 0800  1.0 1357  2.5 2000  1.1
10  We        816 0218  2.4 0839  1.1 1436  2.3 2039  1.2
11  Th        816 0305  2.3 0923  1.2 1524  2.2 2135  1.3
12  Fr        816 0406  2.2 1020  1.3 1634  2.1 2255  1.4
13  Sa        816 0523  2.1 1137  1.3 1804  2.1 9999  9.9
14  Su        816 0027  1.4 0641  2.2 1306  1.3 1922  2.2
15  Mo        816 0141  1.2 0747  2.3 1417  1.1 2016  2.4
16  Tu        816 0235  1.1 0840  2.4 1508  1.0 2100  2.6
17  We        816 0320  0.9 0926  2.6 1550  0.8 2139  2.8
18  Th        816 0402  0.7 1007  2.7 1629  0.6 2217  3.0
19  Fr        816 0441  0.6 1046  2.9 1706  0.5 2255  3.1
20  Sa        816 0521  0.5 1125  3.0 1743  0.5 2333  3.1
21  Su        816 0600  0.5 1204  3.0 1821  0.5 9999  9.9
22  Mo        816 0013  3.1 0641  0.5 1244  2.9 1900  0.5
23  Tu        816 0055  3.0 0723  0.6 1326  2.8 1943  0.7
24  We        816 0141  2.8 0808  0.8 1412  2.7 2032  0.8
25  Th        816 0233  2.7 0858  0.9 1507  2.5 2133  1.0
26  Fr        816 0335  2.5 1000  1.1 1618  2.4 2251  1.1
27  Sa        816 0447  2.4 1123  1.2 1748  2.3 9999  9.9
28  Su        816 0018  1.1 0608  2.3 1305  1.2 1912  2.4
29  Mo        816 0136  1.1 0725  2.4 1425  1.0 2015  2.6
30  Tu        816 0237  0.9 0829  2.5 1518  0.9 2103  2.7
31  We        816 0327  0.8 0920  2.6 1600  0.8 2144  2.8
 1  Th        916 0409  0.7 1003  2.7 1635  0.7 2220  2.9
 2  Fr        916 0446  0.7 1040  2.8 1705  0.7 2254  2.9
 3  Sa        916 0520  0.6 1115  2.8 1733  0.7 2327  2.9
 4  Su        916 0551  0.7 1147  2.8 1759  0.7 2359  2.8
 5  Mo        916 0621  0.7 1218  2.7 1826  0.8 9999  9.9
 6  Tu        916 0030  2.7 0652  0.8 1249  2.7 1853  0.9
 7  We        916 0103  2.6 0724  0.9 1321  2.6 1923  1.0
 8  Th        916 0138  2.5 0759  1.0 1356  2.4 2000  1.1
 9  Fr        916 0219  2.3 0840  1.2 1440  2.3 2051  1.3
10  Sa        916 0314  2.2 0935  1.3 1543  2.2 2209  1.4
11  Su        916 0433  2.1 1054  1.4 1717  2.1 2347  1.4
12  Mo        916 0604  2.1 1232  1.3 1847  2.2 9999  9.9
13  Tu        916 0110  1.2 0722  2.2 1350  1.2 1948  2.4
14  We        916 0211  1.1 0820  2.4 1444  0.9 2035  2.6
15  Th        916 0259  0.9 0906  2.6 1528  0.7 2116  2.8
16  Fr        916 0342  0.7 0948  2.8 1607  0.6 2154  3.0
17  Sa        916 0422  0.6 1027  2.9 1644  0.5 2233  3.1
18  Su        916 0501  0.5 1105  3.0 1721  0.4 2311  3.1
19  Mo        916 0540  0.5 1143  3.1 1759  0.4 2351  3.1
20  Tu        916 0620  0.5 1222  3.0 1838  0.5 9999  9.9
21  We        916 0033  3.0 0700  0.6 1303  2.9 1920  0.7
22  Th        916 0118  2.8 0744  0.8 1348  2.7 2009  0.8
23  Fr        916 0209  2.7 0832  0.9 1442  2.5 2109  1.0
24  Sa        916 0308  2.5 0932  1.1 1551  2.4 2226  1.2
25  Su        916 0421  2.3 1057  1.2 1723  2.3 2356  1.2
26  Mo        916 0546  2.3 1247  1.2 1851  2.4 9999  9.9
27  Tu        916 0116  1.1 0709  2.3 1406  1.1 1954  2.5
28  We        916 0218  1.0 0813  2.4 1458  1.0 2041  2.6
29  Th        916 0306  0.9 0902  2.6 1537  0.8 2120  2.8
30  Fr        916 0346  0.8 0942  2.7 1609  0.8 2155  2.8
 1  Sa       1016 0421  0.7 1017  2.8 1638  0.7 2228  2.9
 2  Su       1016 0453  0.7 1049  2.8 1704  0.7 2259  2.8
 3  Mo       1016 0522  0.7 1120  2.8 1729  0.7 2330  2.8
 4  Tu       1016 0552  0.7 1149  2.8 1755  0.8 9999  9.9
 5  We       1016 0000  2.7 0622  0.8 1220  2.7 1824  0.9
 6  Th       1016 0032  2.6 0654  0.9 1251  2.6 1855  1.0
 7  Fr       1016 0107  2.5 0729  1.0 1327  2.5 1934  1.1
 8  Sa       1016 0149  2.4 0811  1.1 1411  2.4 2027  1.2
 9  Su       1016 0243  2.2 0906  1.2 1511  2.3 2142  1.3
10  Mo       1016 0358  2.2 1023  1.3 1638  2.2 2313  1.3
11  Tu       1016 0528  2.2 1156  1.3 1808  2.3 9999  9.9
12  We       1016 0035  1.2 0650  2.3 1316  1.1 1914  2.5
13  Th       1016 0140  1.0 0752  2.4 1414  0.9 2005  2.7
14  Fr       1016 0232  0.8 0842  2.6 1501  0.7 2049  2.9
15  Sa       1016 0318  0.7 0925  2.8 1542  0.6 2130  3.0
16  Su       1016 0400  0.6 1005  3.0 1621  0.5 2210  3.1
17  Mo       1016 0441  0.5 1044  3.0 1700  0.4 2250  3.1
18  Tu       1016 0521  0.5 1123  3.1 1738  0.5 2331  3.1
19  We       1016 0601  0.5 1203  3.0 1819  0.5 9999  9.9
20  Th       1016 0014  3.0 0642  0.6 1244  2.9 1902  0.7
21  Fr       1016 0059  2.8 0725  0.8 1329  2.7 1951  0.9
22  Sa       1016 0150  2.6 0813  0.9 1421  2.5 2050  1.0
23  Su       1016 0247  2.4 0910  1.1 1528  2.4 2204  1.2
24  Mo       1016 0357  2.3 1029  1.3 1653  2.3 2327  1.2
25  Tu       1016 0518  2.2 1211  1.3 1819  2.3 9999  9.9
26  We       1016 0044  1.1 0641  2.3 1334  1.2 1923  2.4
27  Th       1016 0147  1.0 0747  2.4 1428  1.1 2011  2.6
28  Fr       1016 0237  0.9 0836  2.5 1507  1.0 2051  2.7
29  Sa       1016 0318  0.9 0916  2.6 1539  0.9 2126  2.7
30  Su       1016 0353  0.8 0950  2.7 1607  0.8 2159  2.8
31  Mo       1016 0425  0.8 1022  2.7 1634  0.8 2231  2.8
 1  Tu       1116 0455  0.7 1053  2.8 1701  0.8 2302  2.7
 2  We       1116 0526  0.8 1123  2.8 1730  0.8 2335  2.7
 3  Th       1116 0558  0.8 1155  2.7 1801  0.9 9999  9.9
 4  Fr       1116 0009  2.6 0632  0.8 1228  2.7 1837  0.9
 5  Sa       1116 0047  2.5 0710  0.9 1306  2.6 1920  1.0
 6  Su       1116 0131  2.4 0753  1.0 1352  2.5 2014  1.1
 7  Mo       1116 0224  2.3 0847  1.1 1450  2.4 2122  1.2
 8  Tu       1116 0331  2.3 0956  1.2 1605  2.3 2240  1.2
 9  We       1116 0451  2.2 1118  1.2 1727  2.4 2356  1.1
10  Th       1116 0611  2.3 1237  1.1 1836  2.5 9999  9.9
11  Fr       1116 0104  1.0 0719  2.5 1340  0.9 1932  2.7
12  Sa       1116 0202  0.9 0814  2.6 1432  0.8 2020  2.8
13  Su       1116 0253  0.7 0901  2.8 1517  0.6 2105  2.9
14  Mo       1116 0340  0.6 0944  2.9 1600  0.5 2148  3.0
15  Tu       1116 0424  0.5 1025  3.0 1641  0.5 2231  3.0
16  We       1116 0506  0.5 1106  3.0 1722  0.5 2314  3.0
17  Th       1116 0548  0.6 1146  3.0 1804  0.6 2359  2.9
18  Fr       1116 0629  0.6 1228  2.9 1849  0.7 9999  9.9
19  Sa       1116 0045  2.8 0712  0.8 1313  2.8 1938  0.9
20  Su       1116 0134  2.6 0757  0.9 1403  2.6 2033  1.0
21  Mo       1116 0228  2.5 0848  1.1 1503  2.4 2137  1.1
22  Tu       1116 0329  2.3 0953  1.2 1616  2.3 2247  1.2
23  We       1116 0440  2.2 1116  1.3 1734  2.3 2358  1.2
24  Th       1116 0557  2.2 1243  1.3 1841  2.4 9999  9.9
25  Fr       1116 0103  1.1 0707  2.3 1346  1.2 1933  2.4
26  Sa       1116 0159  1.1 0802  2.4 1431  1.1 2017  2.5
27  Su       1116 0244  1.0 0846  2.5 1506  1.0 2055  2.6
28  Mo       1116 0323  0.9 0922  2.6 1537  0.9 2131  2.6
29  Tu       1116 0358  0.9 0956  2.7 1607  0.9 2206  2.7
30  We       1116 0432  0.8 1028  2.7 1637  0.9 2240  2.7
 1  Th       1216 0505  0.8 1101  2.8 1710  0.8 2315  2.7
 2  Fr       1216 0540  0.8 1135  2.8 1745  0.8 2353  2.6
 3  Sa       1216 0616  0.8 1211  2.8 1825  0.9 9999  9.9
 4  Su       1216 0033  2.6 0655  0.8 1250  2.7 1910  0.9
 5  Mo       1216 0117  2.5 0739  0.9 1335  2.6 2001  1.0
 6  Tu       1216 0208  2.5 0829  1.0 1429  2.6 2101  1.0
 7  We       1216 0305  2.4 0928  1.1 1534  2.5 2206  1.1
 8  Th       1216 0413  2.3 1040  1.1 1646  2.5 2315  1.1
 9  Fr       1216 0529  2.4 1155  1.1 1755  2.5 9999  9.9
10  Sa       1216 0025  1.0 0642  2.4 1305  1.0 1857  2.6
11  Su       1216 0131  0.9 0745  2.6 1404  0.8 1952  2.7
12  Mo       1216 0231  0.8 0839  2.7 1455  0.7 2043  2.8
13  Tu       1216 0324  0.7 0926  2.8 1542  0.6 2131  2.9
14  We       1216 0412  0.6 1010  2.9 1626  0.6 2217  2.9
15  Th       1216 0456  0.6 1051  3.0 1710  0.6 2302  2.9
16  Fr       1216 0538  0.6 1133  3.0 1753  0.6 2347  2.9
17  Sa       1216 0618  0.6 1214  2.9 1838  0.7 9999  9.9
18  Su       1216 0032  2.8 0658  0.7 1257  2.8 1923  0.8
19  Mo       1216 0118  2.7 0738  0.9 1342  2.7 2012  0.9
20  Tu       1216 0205  2.5 0821  1.0 1433  2.5 2103  1.0
21  We       1216 0256  2.4 0910  1.2 1532  2.4 2159  1.1
22  Th       1216 0353  2.3 1011  1.3 1639  2.3 2259  1.2
23  Fr       1216 0500  2.2 1128  1.3 1748  2.3 9999  9.9
24  Sa       1216 0004  1.2 0614  2.2 1246  1.3 1848  2.3
25  Su       1216 0109  1.2 0721  2.2 1346  1.3 1940  2.4
26  Mo       1216 0207  1.1 0814  2.3 1431  1.2 2025  2.4
27  Tu       1216 0255  1.1 0856  2.5 1509  1.1 2106  2.5
28  We       1216 0336  1.0 0933  2.6 1544  1.0 2145  2.6
29  Th       1216 0413  0.9 1007  2.7 1619  0.9 2223  2.6
30  Fr       1216 0449  0.8 1042  2.8 1655  0.8 2301  2.7
31  Sa       1216 0525  0.7 1117  2.8 1733  0.8 2340  2.7
