075Whanganui River Entrance
Based on data from 12-Oct-2020
Local Std Time, tidal heights in metres.
 1  Fr        722 0508  0.7 1119  2.9 1720  0.6 2331  2.9
 2  Sa        722 0537  0.7 1152  2.8 1743  0.7 9999  9.9
 3  Su        722 0003  2.8 0609  0.8 1225  2.8 1808  0.8
 4  Mo        722 0035  2.7 0646  0.9 1258  2.7 1836  0.9
 5  Tu        722 0111  2.6 0730  1.0 1333  2.6 1912  1.0
 6  We        722 0155  2.4 0823  1.1 1415  2.4 2005  1.2
 7  Th        722 0256  2.3 0927  1.2 1512  2.2 2139  1.3
 8  Fr        722 0429  2.2 1039  1.2 1657  2.2 2335  1.3
 9  Sa        722 0602  2.3 1203  1.2 1845  2.3 9999  9.9
10  Su        722 0101  1.2 0710  2.5 1329  1.0 1946  2.5
11  Mo        722 0201  0.9 0805  2.7 1433  0.8 2033  2.8
12  Tu        722 0250  0.7 0854  2.8 1521  0.6 2116  3.0
13  We        722 0333  0.6 0942  3.0 1602  0.4 2157  3.1
14  Th        722 0415  0.5 1028  3.1 1640  0.4 2237  3.2
15  Fr        722 0456  0.5 1111  3.1 1717  0.4 2317  3.1
16  Sa        722 0538  0.5 1153  3.0 1754  0.5 2358  3.0
17  Su        722 0622  0.7 1233  2.9 1832  0.7 9999  9.9
18  Mo        722 0039  2.8 0709  0.8 1312  2.7 1914  0.9
19  Tu        722 0122  2.6 0800  1.0 1351  2.5 2005  1.1
20  We        722 0209  2.4 0857  1.2 1436  2.2 2123  1.3
21  Th        722 0311  2.2 1002  1.3 1551  2.0 2300  1.4
22  Fr        722 0445  2.1 1125  1.4 1835  2.0 9999  9.9
23  Sa        722 0026  1.4 0618  2.1 1314  1.4 1935  2.2
24  Su        722 0129  1.3 0717  2.2 1422  1.2 2010  2.4
25  Mo        722 0213  1.1 0800  2.4 1458  1.1 2039  2.5
26  Tu        722 0247  1.0 0837  2.5 1524  0.9 2106  2.7
27  We        722 0318  0.9 0912  2.6 1547  0.8 2135  2.8
28  Th        722 0347  0.7 0947  2.8 1610  0.7 2205  2.9
29  Fr        722 0416  0.7 1022  2.9 1633  0.6 2236  3.0
30  Sa        722 0446  0.6 1056  2.9 1656  0.6 2308  3.0
31  Su        722 0517  0.6 1130  2.9 1722  0.6 2342  2.9
 1  Mo        822 0551  0.6 1204  2.9 1749  0.7 9999  9.9
 2  Tu        822 0017  2.8 0627  0.7 1238  2.8 1819  0.8
 3  We        822 0055  2.7 0708  0.8 1314  2.7 1856  0.9
 4  Th        822 0138  2.6 0757  1.0 1353  2.5 1946  1.1
 5  Fr        822 0231  2.4 0855  1.1 1445  2.3 2112  1.3
 6  Sa        822 0347  2.3 1004  1.2 1613  2.2 2302  1.3
 7  Su        822 0525  2.3 1130  1.2 1817  2.3 9999  9.9
 8  Mo        822 0033  1.2 0647  2.4 1307  1.1 1927  2.5
 9  Tu        822 0142  1.0 0749  2.6 1418  0.9 2016  2.7
10  We        822 0236  0.8 0842  2.7 1508  0.7 2059  2.9
11  Th        822 0323  0.6 0930  2.9 1549  0.5 2140  3.1
12  Fr        822 0406  0.5 1015  3.0 1626  0.4 2221  3.1
13  Sa        822 0447  0.5 1057  3.1 1702  0.4 2301  3.1
14  Su        822 0528  0.5 1137  3.0 1738  0.5 2342  3.0
15  Mo        822 0608  0.6 1215  2.9 1814  0.7 9999  9.9
16  Tu        822 0022  2.9 0650  0.8 1251  2.8 1853  0.9
17  We        822 0102  2.7 0732  0.9 1327  2.5 1937  1.1
18  Th        822 0144  2.5 0817  1.1 1404  2.3 2040  1.3
19  Fr        822 0231  2.3 0908  1.3 1451  2.1 2206  1.4
20  Sa        822 0332  2.1 1012  1.4 1659  2.0 2330  1.5
21  Su        822 0504  2.0 1157  1.5 1859  2.1 9999  9.9
22  Mo        822 0040  1.4 0631  2.1 1347  1.4 1939  2.2
23  Tu        822 0134  1.3 0726  2.2 1430  1.2 2009  2.4
24  We        822 0214  1.1 0808  2.4 1456  1.1 2037  2.6
25  Th        822 0248  1.0 0846  2.5 1520  0.9 2106  2.7
26  Fr        822 0320  0.8 0922  2.7 1543  0.8 2137  2.9
27  Sa        822 0352  0.7 0958  2.8 1608  0.6 2211  3.0
28  Su        822 0425  0.6 1033  3.0 1634  0.6 2245  3.0
29  Mo        822 0459  0.5 1109  3.0 1702  0.5 2322  3.0
30  Tu        822 0533  0.5 1144  3.0 1732  0.6 9999  9.9
31  We        822 0000  2.9 0610  0.6 1219  2.9 1805  0.7
 1  Th        922 0040  2.8 0650  0.7 1255  2.8 1842  0.9
 2  Fr        922 0123  2.7 0735  0.9 1335  2.6 1932  1.1
 3  Sa        922 0212  2.5 0828  1.0 1423  2.4 2052  1.2
 4  Su        922 0316  2.3 0934  1.2 1538  2.2 2235  1.3
 5  Mo        922 0447  2.2 1101  1.2 1746  2.2 9999  9.9
 6  Tu        922 0006  1.2 0623  2.3 1245  1.2 1907  2.4
 7  We        922 0123  1.1 0735  2.5 1402  1.0 1959  2.6
 8  Th        922 0223  0.9 0830  2.7 1454  0.8 2042  2.8
 9  Fr        922 0313  0.7 0918  2.8 1535  0.6 2124  3.0
10  Sa        922 0356  0.6 1001  3.0 1612  0.5 2204  3.1
11  Su        922 0437  0.5 1041  3.0 1647  0.4 2244  3.1
12  Mo        922 0515  0.5 1119  3.0 1721  0.5 2324  3.0
13  Tu        922 0552  0.6 1156  3.0 1756  0.6 9999  9.9
14  We        922 0003  2.9 0629  0.7 1230  2.8 1831  0.8
15  Th        922 0042  2.7 0704  0.9 1303  2.6 1909  1.0
16  Fr        922 0119  2.5 0737  1.1 1335  2.4 1956  1.2
17  Sa        922 0157  2.3 0811  1.2 1409  2.2 2105  1.4
18  Su        922 0240  2.2 0850  1.4 1458  2.0 2223  1.5
19  Mo        922 0337  2.0 0953  1.5 1739  2.0 2333  1.5
20  Tu        922 0508  2.0 1210  1.5 1855  2.1 9999  9.9
21  We        922 0036  1.4 0638  2.1 1346  1.4 1932  2.3
22  Th        922 0129  1.2 0734  2.2 1421  1.2 2004  2.5
23  Fr        922 0213  1.1 0817  2.4 1449  1.0 2037  2.7
24  Sa        922 0252  0.9 0856  2.6 1516  0.8 2111  2.8
25  Su        922 0329  0.7 0934  2.8 1545  0.7 2147  3.0
26  Mo        922 0405  0.6 1011  3.0 1614  0.5 2225  3.0
27  Tu        922 0441  0.5 1048  3.1 1645  0.5 2304  3.1
28  We        922 0517  0.5 1125  3.1 1717  0.5 2344  3.0
29  Th        922 0554  0.5 1201  3.0 1752  0.6 9999  9.9
30  Fr        922 0026  2.9 0633  0.6 1239  2.9 1832  0.8
 1  Sa       1022 0109  2.8 0715  0.8 1318  2.7 1923  1.0
 2  Su       1022 0155  2.6 0805  1.0 1405  2.5 2037  1.2
 3  Mo       1022 0251  2.4 0908  1.1 1511  2.3 2211  1.3
 4  Tu       1022 0410  2.2 1035  1.3 1711  2.2 2340  1.2
 5  We       1022 0558  2.2 1222  1.2 1845  2.4 9999  9.9
 6  Th       1022 0102  1.1 0721  2.4 1345  1.1 1941  2.6
 7  Fr       1022 0210  1.0 0819  2.6 1438  0.9 2025  2.7
 8  Sa       1022 0302  0.8 0905  2.8 1520  0.7 2107  2.9
 9  Su       1022 0346  0.6 0946  2.9 1556  0.6 2147  3.0
10  Mo       1022 0425  0.6 1024  3.0 1630  0.5 2227  3.0
11  Tu       1022 0500  0.5 1100  3.0 1704  0.5 2306  3.0
12  We       1022 0534  0.6 1134  3.0 1736  0.6 2343  2.9
13  Th       1022 0606  0.7 1207  2.9 1809  0.8 9999  9.9
14  Fr       1022 0020  2.8 0635  0.8 1237  2.7 1842  0.9
15  Sa       1022 0054  2.6 0700  1.0 1307  2.5 1918  1.1
16  Su       1022 0127  2.5 0723  1.1 1336  2.3 2006  1.3
17  Mo       1022 0202  2.3 0748  1.3 1409  2.2 2111  1.4
18  Tu       1022 0241  2.1 0824  1.4 1509  2.0 2220  1.4
19  We       1022 0339  2.0 0939  1.5 1738  2.0 2326  1.4
20  Th       1022 0519  2.0 1209  1.5 1846  2.2 9999  9.9
21  Fr       1022 0031  1.3 0651  2.1 1334  1.3 1929  2.4
22  Sa       1022 0132  1.1 0747  2.3 1415  1.1 2007  2.6
23  Su       1022 0223  0.9 0831  2.6 1450  0.9 2045  2.8
24  Mo       1022 0307  0.7 0912  2.8 1523  0.7 2125  2.9
25  Tu       1022 0347  0.6 0950  3.0 1556  0.6 2205  3.0
26  We       1022 0425  0.5 1029  3.1 1630  0.5 2247  3.1
27  Th       1022 0502  0.4 1107  3.1 1705  0.5 2330  3.1
28  Fr       1022 0539  0.4 1144  3.1 1742  0.6 9999  9.9
29  Sa       1022 0012  3.0 0618  0.5 1223  3.0 1824  0.7
30  Su       1022 0055  2.8 0658  0.7 1303  2.8 1915  0.9
31  Mo       1022 0140  2.6 0744  0.9 1348  2.6 2024  1.1
 1  Tu       1122 0230  2.4 0844  1.1 1448  2.3 2148  1.2
 2  We       1122 0337  2.2 1009  1.3 1632  2.2 2312  1.3
 3  Th       1122 0527  2.2 1157  1.3 1819  2.3 9999  9.9
 4  Fr       1122 0037  1.2 0707  2.3 1325  1.1 1921  2.5
 5  Sa       1122 0154  1.1 0807  2.5 1421  1.0 2007  2.6
 6  Su       1122 0251  0.9 0851  2.7 1503  0.8 2049  2.8
 7  Mo       1122 0334  0.7 0930  2.8 1539  0.6 2129  2.9
 8  Tu       1122 0411  0.6 1005  2.9 1613  0.6 2208  2.9
 9  We       1122 0443  0.6 1039  3.0 1644  0.6 2246  2.9
10  Th       1122 0514  0.6 1111  3.0 1715  0.6 2322  2.9
11  Fr       1122 0541  0.6 1142  2.9 1746  0.7 2357  2.8
12  Sa       1122 0606  0.8 1212  2.8 1816  0.9 9999  9.9
13  Su       1122 0029  2.7 0628  0.9 1240  2.6 1847  1.0
14  Mo       1122 0100  2.6 0647  1.0 1308  2.5 1924  1.1
15  Tu       1122 0131  2.4 0709  1.2 1339  2.3 2013  1.3
16  We       1122 0205  2.3 0738  1.3 1420  2.2 2116  1.3
17  Th       1122 0248  2.2 0830  1.4 1545  2.1 2222  1.4
18  Fr       1122 0358  2.0 1018  1.5 1745  2.1 2331  1.3
19  Sa       1122 0555  2.1 1229  1.4 1850  2.3 9999  9.9
20  Su       1122 0045  1.2 0715  2.3 1338  1.2 1937  2.5
21  Mo       1122 0152  1.0 0807  2.5 1423  1.0 2021  2.7
22  Tu       1122 0245  0.8 0850  2.8 1502  0.7 2104  2.9
23  We       1122 0329  0.6 0930  3.0 1539  0.6 2148  3.0
24  Th       1122 0409  0.5 1010  3.1 1616  0.5 2232  3.1
25  Fr       1122 0447  0.4 1049  3.2 1654  0.5 2316  3.1
26  Sa       1122 0525  0.4 1128  3.1 1733  0.5 2359  3.0
27  Su       1122 0603  0.5 1207  3.0 1816  0.7 9999  9.9
28  Mo       1122 0042  2.9 0642  0.6 1248  2.9 1907  0.8
29  Tu       1122 0124  2.7 0726  0.9 1333  2.6 2009  1.0
30  We       1122 0210  2.5 0822  1.1 1427  2.4 2123  1.2
 1  Th       1222 0308  2.3 0943  1.3 1552  2.2 2241  1.3
 2  Fr       1222 0447  2.1 1129  1.3 1744  2.2 9999  9.9
 3  Sa       1222 0007  1.3 0649  2.2 1300  1.2 1857  2.3
 4  Su       1222 0135  1.2 0753  2.4 1401  1.1 1948  2.5
 5  Mo       1222 0237  1.0 0835  2.6 1445  0.9 2030  2.6
 6  Tu       1222 0320  0.8 0911  2.7 1521  0.8 2110  2.7
 7  We       1222 0355  0.7 0944  2.8 1553  0.7 2147  2.8
 8  Th       1222 0424  0.6 1016  2.9 1624  0.6 2224  2.9
 9  Fr       1222 0451  0.6 1046  2.9 1654  0.6 2259  2.9
10  Sa       1222 0516  0.6 1116  2.9 1723  0.7 2333  2.8
11  Su       1222 0538  0.7 1145  2.8 1752  0.8 9999  9.9
12  Mo       1222 0004  2.8 0559  0.8 1214  2.7 1821  0.9
13  Tu       1222 0035  2.7 0619  0.9 1243  2.6 1854  1.0
14  We       1222 0106  2.6 0641  1.0 1315  2.5 1935  1.1
15  Th       1222 0138  2.4 0710  1.1 1353  2.3 2028  1.2
16  Fr       1222 0216  2.3 0754  1.3 1450  2.2 2131  1.3
17  Sa       1222 0309  2.2 0919  1.4 1632  2.1 2240  1.3
18  Su       1222 0448  2.1 1127  1.4 1806  2.2 2358  1.2
19  Mo       1222 0641  2.2 1259  1.2 1908  2.4 9999  9.9
20  Tu       1222 0120  1.1 0743  2.5 1357  1.0 1959  2.6
21  We       1222 0224  0.9 0829  2.7 1443  0.8 2046  2.8
22  Th       1222 0313  0.7 0911  2.9 1524  0.6 2133  3.0
23  Fr       1222 0355  0.5 0952  3.1 1604  0.5 2218  3.1
24  Sa       1222 0433  0.4 1032  3.2 1644  0.5 2303  3.1
25  Su       1222 0511  0.4 1112  3.2 1725  0.5 2346  3.1
26  Mo       1222 0548  0.4 1152  3.1 1809  0.6 9999  9.9
27  Tu       1222 0027  2.9 0627  0.6 1234  2.9 1857  0.8
28  We       1222 0108  2.8 0709  0.8 1317  2.7 1952  1.0
29  Th       1222 0151  2.6 0800  1.1 1408  2.5 2056  1.1
30  Fr       1222 0240  2.3 0916  1.3 1515  2.3 2207  1.3
31  Sa       1222 0358  2.1 1056  1.4 1657  2.2 2329  1.3
 1  Su        123 0623  2.1 1228  1.3 1826  2.2 9999  9.9
 2  Mo        123 0108  1.3 0735  2.3 1335  1.2 1925  2.3
 3  Tu        123 0221  1.1 0817  2.4 1422  1.0 2010  2.5
 4  We        123 0304  1.0 0850  2.6 1500  0.9 2049  2.6
 5  Th        123 0336  0.8 0921  2.7 1532  0.8 2126  2.7
 6  Fr        123 0403  0.7 0951  2.8 1602  0.7 2201  2.8
 7  Sa        123 0428  0.7 1020  2.9 1631  0.7 2235  2.8
 8  Su        123 0450  0.6 1050  2.9 1700  0.7 2308  2.9
 9  Mo        123 0512  0.7 1120  2.9 1728  0.7 2340  2.8
10  Tu        123 0533  0.7 1150  2.8 1758  0.8 9999  9.9
11  We        123 0011  2.8 0555  0.8 1221  2.7 1831  0.9
12  Th        123 0043  2.7 0620  0.9 1254  2.6 1909  1.0
13  Fr        123 0115  2.6 0650  1.0 1333  2.5 1954  1.1
14  Sa        123 0151  2.4 0731  1.2 1422  2.3 2051  1.2
15  Su        123 0237  2.3 0843  1.3 1537  2.2 2158  1.2
16  Mo        123 0354  2.1 1041  1.4 1718  2.2 2317  1.2
17  Tu        123 0603  2.2 1221  1.3 1838  2.3 9999  9.9
18  We        123 0048  1.1 0719  2.4 1331  1.1 1938  2.5
19  Th        123 0204  0.9 0810  2.7 1425  0.9 2030  2.7
20  Fr        123 0257  0.7 0853  2.9 1510  0.7 2119  2.9
21  Sa        123 0340  0.5 0935  3.1 1553  0.5 2205  3.0
22  Su        123 0419  0.4 1015  3.2 1635  0.5 2249  3.1
23  Mo        123 0457  0.4 1056  3.2 1716  0.5 2332  3.1
24  Tu        123 0534  0.4 1137  3.1 1759  0.6 9999  9.9
25  We        123 0012  3.0 0611  0.6 1219  2.9 1844  0.7
26  Th        123 0052  2.8 0651  0.8 1301  2.8 1933  0.9
27  Fr        123 0131  2.6 0739  1.0 1347  2.5 2027  1.1
28  Sa        123 0214  2.4 0846  1.2 1442  2.3 2128  1.2
29  Su        123 0311  2.1 1018  1.4 1558  2.1 2241  1.4
30  Mo        123 0531  2.0 1148  1.4 1739  2.1 9999  9.9
31  Tu        123 0025  1.4 0711  2.2 1301  1.3 1855  2.2
 1  We        223 0158  1.3 0754  2.3 1354  1.2 1945  2.3
 2  Th        223 0245  1.1 0826  2.5 1435  1.0 2026  2.4
 3  Fr        223 0315  1.0 0855  2.6 1508  0.9 2102  2.6
 4  Sa        223 0340  0.9 0924  2.8 1538  0.8 2137  2.7
 5  Su        223 0403  0.8 0953  2.9 1607  0.7 2210  2.8
 6  Mo        223 0425  0.7 1023  2.9 1637  0.6 2244  2.9
 7  Tu        223 0447  0.6 1055  2.9 1707  0.6 2316  2.9
 8  We        223 0510  0.6 1127  2.9 1738  0.7 2349  2.9
 9  Th        223 0535  0.7 1201  2.8 1811  0.7 9999  9.9
10  Fr        223 0021  2.8 0602  0.8 1237  2.7 1847  0.8
11  Sa        223 0055  2.7 0634  0.9 1316  2.6 1929  0.9
12  Su        223 0131  2.6 0715  1.1 1402  2.5 2020  1.1
13  Mo        223 0214  2.4 0821  1.2 1503  2.3 2123  1.2
14  Tu        223 0318  2.2 1007  1.3 1631  2.2 2241  1.2
15  We        223 0521  2.2 1147  1.3 1807  2.3 9999  9.9
16  Th        223 0018  1.2 0655  2.4 1306  1.1 1919  2.4
17  Fr        223 0145  1.0 0750  2.6 1408  0.9 2016  2.6
18  Sa        223 0242  0.8 0835  2.8 1458  0.7 2106  2.8
19  Su        223 0326  0.6 0918  3.0 1543  0.6 2152  3.0
20  Mo        223 0405  0.4 0959  3.1 1626  0.5 2235  3.1
21  Tu        223 0442  0.4 1040  3.1 1707  0.5 2316  3.1
22  We        223 0519  0.4 1121  3.1 1748  0.5 2356  3.0
23  Th        223 0555  0.6 1203  3.0 1829  0.6 9999  9.9
24  Fr        223 0033  2.9 0634  0.7 1244  2.8 1911  0.8
25  Sa        223 0110  2.7 0717  1.0 1326  2.6 1955  1.0
26  Su        223 0148  2.4 0814  1.2 1412  2.4 2044  1.2
27  Mo        223 0231  2.2 0933  1.4 1506  2.2 2143  1.4
28  Tu        223 0348  2.0 1058  1.4 1624  2.1 2312  1.5
 1  We        323 0631  2.0 1212  1.4 1803  2.0 9999  9.9
 2  Th        323 0120  1.4 0725  2.2 1315  1.3 1913  2.1
 3  Fr        323 0219  1.3 0758  2.3 1402  1.2 1959  2.3
 4  Sa        323 0250  1.1 0827  2.5 1439  1.0 2036  2.4
 5  Su        323 0314  1.0 0855  2.7 1512  0.9 2111  2.6
 6  Mo        323 0336  0.8 0925  2.8 1543  0.7 2145  2.8
 7  Tu        323 0359  0.7 0957  2.9 1614  0.6 2220  2.9
 8  We        323 0423  0.6 1031  3.0 1646  0.6 2254  3.0
 9  Th        323 0449  0.6 1106  3.0 1719  0.6 2327  3.0
10  Fr        323 0517  0.6 1142  2.9 1752  0.6 9999  9.9
11  Sa        323 0001  2.9 0547  0.7 1221  2.8 1829  0.7
12  Su        323 0036  2.8 0621  0.8 1301  2.7 1909  0.8
13  Mo        323 0113  2.7 0703  1.0 1345  2.6 1955  1.0
14  Tu        323 0155  2.5 0806  1.2 1439  2.4 2053  1.1
15  We        323 0252  2.3 0942  1.3 1553  2.2 2210  1.2
16  Th        323 0439  2.2 1117  1.3 1734  2.2 2351  1.2
17  Fr        323 0629  2.3 1241  1.2 1901  2.4 9999  9.9
18  Sa        323 0126  1.1 0731  2.5 1351  1.0 2003  2.6
19  Su        323 0227  0.9 0818  2.8 1447  0.8 2054  2.8
20  Mo        323 0312  0.7 0901  2.9 1533  0.6 2139  2.9
21  Tu        323 0351  0.5 0942  3.0 1616  0.5 2221  3.0
22  We        323 0427  0.4 1024  3.1 1655  0.5 2300  3.1
23  Th        323 0503  0.4 1105  3.1 1734  0.5 2337  3.0
24  Fr        323 0539  0.5 1146  3.0 1811  0.6 9999  9.9
25  Sa        323 0013  2.9 0615  0.7 1226  2.8 1847  0.8
26  Su        323 0048  2.7 0654  0.9 1305  2.6 1923  0.9
27  Mo        323 0122  2.5 0741  1.1 1343  2.5 1958  1.2
28  Tu        323 0157  2.3 0844  1.3 1424  2.3 2037  1.3
29  We        323 0241  2.1 0959  1.4 1514  2.1 2132  1.5
30  Th        323 0438  2.0 1110  1.4 1631  2.0 2334  1.6
31  Fr        323 0639  2.0 1217  1.4 1818  2.0 9999  9.9
 1  Sa        423 0138  1.5 0721  2.2 1315  1.3 1924  2.1
 2  Su        423 0217  1.3 0754  2.4 1403  1.1 2007  2.3
 3  Mo        423 0244  1.1 0825  2.6 1443  1.0 2045  2.5
 4  Tu        423 0308  0.9 0857  2.7 1518  0.8 2121  2.7
 5  We        423 0334  0.8 0932  2.9 1552  0.7 2156  2.9
 6  Th        423 0401  0.6 1008  3.0 1626  0.5 2232  3.0
 7  Fr        423 0430  0.6 1046  3.0 1701  0.5 2307  3.0
 8  Sa        423 0501  0.5 1125  3.0 1736  0.5 2343  3.0
 9  Su        423 0534  0.6 1206  2.9 1812  0.6 9999  9.9
10  Mo        423 0019  2.9 0610  0.7 1247  2.8 1851  0.7
11  Tu        423 0056  2.8 0654  0.9 1330  2.7 1934  0.9
12  We        423 0138  2.6 0755  1.1 1419  2.5 2029  1.1
13  Th        423 0232  2.4 0921  1.2 1522  2.3 2143  1.2
14  Fr        423 0402  2.2 1050  1.3 1659  2.2 2325  1.3
15  Sa        423 0600  2.3 1215  1.2 1842  2.3 9999  9.9
16  Su        423 0105  1.2 0710  2.5 1333  1.1 1951  2.5
17  Mo        423 0210  1.0 0800  2.7 1435  0.9 2041  2.7
18  Tu        423 0257  0.7 0844  2.8 1523  0.7 2125  2.9
19  We        423 0336  0.6 0926  3.0 1605  0.6 2204  3.0
20  Th        423 0412  0.5 1007  3.0 1642  0.5 2242  3.0
21  Fr        423 0447  0.5 1048  3.0 1718  0.5 2318  3.0
22  Sa        423 0521  0.5 1128  3.0 1751  0.6 2352  2.9
23  Su        423 0556  0.7 1206  2.9 1822  0.7 9999  9.9
24  Mo        423 0024  2.8 0631  0.9 1242  2.7 1851  0.9
25  Tu        423 0056  2.6 0709  1.0 1316  2.5 1916  1.1
26  We        423 0126  2.4 0756  1.2 1350  2.4 1940  1.2
27  Th        423 0159  2.2 0855  1.4 1426  2.2 2007  1.4
28  Fr        423 0246  2.1 1000  1.4 1513  2.0 2102  1.5
29  Sa        423 0458  2.0 1105  1.4 1637  2.0 2338  1.6
30  Su        423 0630  2.1 1210  1.4 1832  2.0 9999  9.9
 1  Mo        523 0126  1.4 0715  2.3 1315  1.2 1934  2.2
 2  Tu        523 0207  1.2 0753  2.5 1408  1.1 2018  2.4
 3  We        523 0238  1.0 0830  2.6 1453  0.9 2056  2.7
 4  Th        523 0309  0.8 0908  2.8 1532  0.7 2133  2.9
 5  Fr        523 0340  0.6 0947  2.9 1608  0.5 2210  3.0
 6  Sa        523 0413  0.5 1028  3.0 1644  0.4 2247  3.1
 7  Su        523 0447  0.5 1110  3.0 1720  0.4 2325  3.1
 8  Mo        523 0522  0.6 1152  3.0 1756  0.5 9999  9.9
 9  Tu        523 0002  3.0 0601  0.7 1233  2.9 1834  0.6
10  We        523 0041  2.9 0647  0.8 1316  2.7 1916  0.8
11  Th        523 0123  2.7 0745  1.0 1402  2.5 2007  1.0
12  Fr        523 0214  2.5 0901  1.1 1457  2.3 2118  1.2
13  Sa        523 0331  2.3 1023  1.2 1621  2.2 2259  1.3
14  Su        523 0526  2.2 1146  1.2 1821  2.2 9999  9.9
15  Mo        523 0041  1.2 0647  2.4 1312  1.1 1938  2.4
16  Tu        523 0151  1.0 0741  2.6 1422  1.0 2028  2.6
17  We        523 0240  0.8 0827  2.7 1512  0.8 2109  2.8
18  Th        523 0319  0.7 0909  2.8 1552  0.6 2147  2.9
19  Fr        523 0355  0.6 0950  2.9 1627  0.6 2222  3.0
20  Sa        523 0429  0.5 1029  2.9 1700  0.5 2256  3.0
21  Su        523 0502  0.6 1108  2.9 1729  0.6 2329  3.0
22  Mo        523 0535  0.7 1144  2.9 1757  0.7 9999  9.9
23  Tu        523 0000  2.8 0608  0.8 1218  2.8 1821  0.8
24  We        523 0030  2.7 0641  0.9 1250  2.6 1841  1.0
25  Th        523 0058  2.5 0716  1.1 1320  2.5 1900  1.1
26  Fr        523 0128  2.4 0759  1.2 1351  2.3 1922  1.3
27  Sa        523 0203  2.2 0854  1.3 1427  2.2 1958  1.4
28  Su        523 0303  2.1 0956  1.4 1520  2.0 2121  1.5
29  Mo        523 0508  2.0 1102  1.4 1708  2.0 2357  1.5
30  Tu        523 0628  2.2 1216  1.3 1854  2.1 9999  9.9
31  We        523 0120  1.3 0719  2.4 1329  1.1 1950  2.4
 1  Th        623 0206  1.1 0803  2.6 1426  0.9 2032  2.6
 2  Fr        623 0245  0.9 0845  2.8 1511  0.7 2112  2.9
 3  Sa        623 0321  0.7 0928  2.9 1551  0.5 2150  3.0
 4  Su        623 0357  0.5 1012  3.0 1628  0.4 2229  3.1
 5  Mo        623 0434  0.5 1055  3.1 1705  0.4 2307  3.2
 6  Tu        623 0513  0.5 1138  3.0 1741  0.4 2346  3.1
 7  We        623 0554  0.6 1220  3.0 1819  0.6 9999  9.9
 8  Th        623 0026  3.0 0640  0.7 1302  2.8 1900  0.7
 9  Fr        623 0109  2.8 0735  0.9 1345  2.6 1948  1.0
10  Sa        623 0158  2.5 0841  1.1 1434  2.4 2056  1.2
11  Su        623 0304  2.3 0955  1.2 1545  2.2 2233  1.3
12  Mo        623 0445  2.2 1115  1.3 1753  2.1 9999  9.9
13  Tu        623 0014  1.3 0619  2.3 1247  1.2 1922  2.3
14  We        623 0129  1.1 0720  2.4 1407  1.1 2013  2.5
15  Th        623 0221  1.0 0809  2.6 1459  0.9 2052  2.7
16  Fr        623 0302  0.8 0851  2.7 1538  0.7 2128  2.8
17  Sa        623 0338  0.7 0931  2.8 1611  0.6 2201  2.9
18  Su        623 0411  0.6 1010  2.9 1640  0.6 2233  3.0
19  Mo        623 0443  0.6 1047  2.9 1707  0.6 2304  2.9
20  Tu        623 0514  0.6 1121  2.9 1731  0.7 2334  2.9
21  We        623 0544  0.7 1154  2.8 1752  0.8 9999  9.9
22  Th        623 0004  2.8 0614  0.8 1224  2.7 1812  0.9
23  Fr        623 0033  2.6 0646  1.0 1254  2.6 1831  1.0
24  Sa        623 0103  2.5 0721  1.1 1323  2.5 1854  1.1
25  Su        623 0136  2.4 0805  1.2 1356  2.3 1926  1.3
26  Mo        623 0221  2.2 0901  1.3 1438  2.2 2027  1.4
27  Tu        623 0341  2.1 1006  1.3 1551  2.1 2235  1.5
28  We        623 0529  2.1 1120  1.3 1805  2.1 9999  9.9
29  Th        623 0027  1.4 0642  2.3 1246  1.2 1921  2.3
30  Fr        623 0133  1.1 0737  2.5 1400  1.0 2009  2.6
