237Wilson Bay
Based on data from 22-Feb-2020
Local Std Time, tidal heights in metres.
 1  Mo        724 0434  2.4 1026  1.0 1703  2.3 2307  1.1
 2  Tu        724 0545  2.4 1127  1.0 1822  2.3 9999  9.9
 3  We        724 0032  1.0 0649  2.4 1228  1.0 1938  2.4
 4  Th        724 0137  0.9 0747  2.5 1330  1.0 2038  2.5
 5  Fr        724 0227  0.8 0840  2.5 1429  0.9 2126  2.7
 6  Sa        724 0311  0.8 0930  2.6 1522  0.9 2208  2.8
 7  Su        724 0350  0.7 1016  2.6 1606  0.8 2246  2.8
 8  Mo        724 0427  0.7 1100  2.6 1644  0.8 2320  2.8
 9  Tu        724 0504  0.7 1140  2.6 1719  0.7 2353  2.8
10  We        724 0542  0.7 1218  2.6 1752  0.7 9999  9.9
11  Th        724 0025  2.7 0621  0.8 1254  2.6 1825  0.8
12  Fr        724 0057  2.6 0702  0.8 1329  2.5 1858  0.8
13  Sa        724 0132  2.5 0746  0.9 1405  2.5 1934  0.9
14  Su        724 0213  2.4 0834  1.0 1443  2.4 2014  1.1
15  Mo        724 0304  2.3 0925  1.0 1526  2.3 2107  1.2
16  Tu        724 0408  2.2 1019  1.1 1620  2.2 2226  1.3
17  We        724 0520  2.2 1118  1.1 1735  2.2 9999  9.9
18  Th        724 0001  1.2 0630  2.2 1221  1.1 1902  2.3
19  Fr        724 0111  1.1 0732  2.3 1324  1.0 2010  2.4
20  Sa        724 0203  0.9 0829  2.4 1424  0.9 2101  2.6
21  Su        724 0248  0.8 0921  2.5 1516  0.8 2145  2.8
22  Mo        724 0329  0.7 1010  2.7 1602  0.6 2226  3.0
23  Tu        724 0409  0.6 1056  2.8 1643  0.5 2305  3.1
24  We        724 0450  0.5 1140  2.8 1721  0.5 2345  3.1
25  Th        724 0532  0.5 1222  2.8 1759  0.5 9999  9.9
26  Fr        724 0025  3.0 0615  0.6 1303  2.8 1837  0.5
27  Sa        724 0108  2.9 0701  0.6 1344  2.7 1917  0.7
28  Su        724 0155  2.7 0750  0.8 1427  2.6 2002  0.8
29  Mo        724 0249  2.5 0842  0.9 1514  2.4 2100  1.0
30  Tu        724 0352  2.4 0940  1.0 1614  2.3 2230  1.2
31  We        724 0507  2.3 1046  1.1 1750  2.2 9999  9.9
 1  Th        824 0014  1.2 0624  2.2 1200  1.2 1930  2.3
 2  Fr        824 0126  1.1 0734  2.3 1321  1.2 2034  2.4
 3  Sa        824 0218  1.0 0834  2.4 1430  1.1 2119  2.6
 4  Su        824 0300  0.8 0924  2.5 1520  0.9 2157  2.7
 5  Mo        824 0337  0.8 1008  2.6 1557  0.8 2231  2.8
 6  Tu        824 0411  0.7 1046  2.6 1629  0.7 2302  2.9
 7  We        824 0444  0.7 1121  2.7 1659  0.7 2331  2.8
 8  Th        824 0518  0.7 1153  2.7 1727  0.6 2359  2.8
 9  Fr        824 0551  0.7 1224  2.7 1755  0.7 9999  9.9
10  Sa        824 0028  2.7 0626  0.7 1255  2.7 1824  0.7
11  Su        824 0058  2.6 0702  0.8 1325  2.6 1853  0.8
12  Mo        824 0131  2.5 0741  0.9 1358  2.5 1927  0.9
13  Tu        824 0211  2.3 0825  1.0 1435  2.4 2009  1.1
14  We        824 0304  2.2 0918  1.1 1521  2.3 2118  1.2
15  Th        824 0418  2.1 1025  1.2 1633  2.1 2319  1.3
16  Fr        824 0548  2.1 1145  1.2 1830  2.2 9999  9.9
17  Sa        824 0046  1.1 0711  2.2 1304  1.1 1952  2.4
18  Su        824 0144  1.0 0816  2.4 1410  0.9 2045  2.6
19  Mo        824 0230  0.8 0910  2.6 1502  0.7 2128  2.9
20  Tu        824 0312  0.6 0957  2.8 1546  0.6 2208  3.1
21  We        824 0352  0.5 1040  2.9 1625  0.4 2247  3.2
22  Th        824 0432  0.4 1120  3.0 1701  0.3 2325  3.2
23  Fr        824 0512  0.4 1200  3.0 1737  0.4 9999  9.9
24  Sa        824 0005  3.1 0552  0.5 1238  2.9 1812  0.4
25  Su        824 0045  3.0 0633  0.6 1315  2.8 1849  0.6
26  Mo        824 0128  2.7 0717  0.8 1353  2.6 1931  0.8
27  Tu        824 0216  2.5 0803  0.9 1434  2.4 2025  1.1
28  We        824 0315  2.3 0858  1.1 1528  2.2 2203  1.3
29  Th        824 0433  2.1 1007  1.3 1728  2.1 9999  9.9
30  Fr        824 0003  1.3 0607  2.1 1140  1.3 1928  2.2
31  Sa        824 0114  1.1 0727  2.2 1321  1.3 2024  2.4
 1  Su        924 0203  1.0 0826  2.3 1428  1.1 2104  2.6
 2  Mo        924 0241  0.9 0911  2.5 1508  0.9 2137  2.7
 3  Tu        924 0315  0.8 0949  2.6 1538  0.8 2207  2.8
 4  We        924 0346  0.7 1023  2.7 1606  0.7 2235  2.9
 5  Th        924 0417  0.6 1054  2.8 1632  0.6 2302  2.9
 6  Fr        924 0448  0.6 1124  2.8 1659  0.6 2329  2.8
 7  Sa        924 0519  0.6 1152  2.8 1724  0.6 2356  2.8
 8  Su        924 0551  0.7 1221  2.8 1751  0.6 9999  9.9
 9  Mo        924 0025  2.7 0623  0.8 1250  2.7 1818  0.7
10  Tu        924 0056  2.5 0658  0.9 1321  2.6 1849  0.9
11  We        924 0134  2.4 0738  1.0 1355  2.4 1929  1.0
12  Th        924 0224  2.2 0830  1.1 1440  2.3 2036  1.2
13  Fr        924 0338  2.1 0943  1.2 1552  2.1 2249  1.3
14  Sa        924 0519  2.1 1115  1.2 1807  2.2 9999  9.9
15  Su        924 0021  1.1 0652  2.2 1243  1.1 1930  2.4
16  Mo        924 0119  0.9 0758  2.4 1350  0.9 2022  2.7
17  Tu        924 0206  0.7 0850  2.6 1441  0.7 2105  3.0
18  We        924 0248  0.5 0935  2.9 1523  0.5 2145  3.1
19  Th        924 0329  0.4 1017  3.0 1601  0.3 2223  3.2
20  Fr        924 0408  0.4 1056  3.1 1638  0.3 2302  3.2
21  Sa        924 0447  0.4 1134  3.1 1713  0.3 2341  3.1
22  Su        924 0527  0.5 1211  3.0 1748  0.4 9999  9.9
23  Mo        924 0021  2.9 0607  0.6 1247  2.8 1825  0.6
24  Tu        924 0103  2.7 0648  0.8 1323  2.6 1906  0.9
25  We        924 0150  2.4 0733  1.0 1402  2.4 2002  1.1
26  Th        924 0248  2.2 0826  1.2 1453  2.2 2150  1.3
27  Fr        924 0408  2.0 0937  1.3 1717  2.0 2342  1.3
28  Sa        924 0547  2.0 1116  1.4 1909  2.2 9999  9.9
29  Su        924 0048  1.2 0707  2.1 1303  1.3 1959  2.4
30  Mo        924 0134  1.0 0802  2.3 1404  1.1 2036  2.5
 1  Tu       1024 0210  0.9 0844  2.5 1441  0.9 2107  2.7
 2  We       1024 0243  0.8 0920  2.6 1510  0.8 2136  2.8
 3  Th       1024 0315  0.7 0952  2.7 1537  0.7 2204  2.8
 4  Fr       1024 0346  0.6 1023  2.8 1603  0.6 2231  2.8
 5  Sa       1024 0418  0.6 1053  2.9 1630  0.6 2259  2.8
 6  Su       1024 0449  0.6 1122  2.9 1656  0.6 2327  2.7
 7  Mo       1024 0521  0.7 1151  2.8 1722  0.6 2358  2.6
 8  Tu       1024 0553  0.8 1221  2.7 1751  0.7 9999  9.9
 9  We       1024 0032  2.5 0629  0.9 1252  2.6 1825  0.9
10  Th       1024 0113  2.4 0711  1.0 1329  2.5 1910  1.0
11  Fr       1024 0207  2.2 0804  1.1 1417  2.3 2025  1.2
12  Sa       1024 0323  2.1 0916  1.2 1535  2.2 2225  1.2
13  Su       1024 0457  2.1 1046  1.2 1740  2.2 2349  1.1
14  Mo       1024 0623  2.3 1213  1.1 1859  2.5 9999  9.9
15  Tu       1024 0047  0.9 0729  2.5 1321  0.9 1952  2.7
16  We       1024 0135  0.7 0822  2.7 1414  0.7 2037  2.9
17  Th       1024 0219  0.5 0909  2.9 1458  0.5 2118  3.1
18  Fr       1024 0301  0.5 0952  3.0 1537  0.4 2158  3.1
19  Sa       1024 0343  0.4 1032  3.1 1615  0.3 2238  3.1
20  Su       1024 0424  0.5 1111  3.1 1651  0.4 2318  3.0
21  Mo       1024 0504  0.6 1148  3.0 1728  0.5 9999  9.9
22  Tu       1024 0000  2.8 0545  0.7 1225  2.8 1807  0.7
23  We       1024 0044  2.6 0627  0.8 1302  2.6 1852  0.9
24  Th       1024 0133  2.4 0712  1.0 1341  2.4 1953  1.1
25  Fr       1024 0231  2.2 0804  1.2 1435  2.2 2130  1.2
26  Sa       1024 0343  2.1 0908  1.3 1638  2.1 2301  1.2
27  Su       1024 0506  2.1 1033  1.4 1824  2.2 9999  9.9
28  Mo       1024 0003  1.1 0621  2.1 1210  1.3 1917  2.3
29  Tu       1024 0049  1.0 0719  2.3 1318  1.2 1956  2.5
30  We       1024 0128  0.9 0805  2.4 1402  1.0 2029  2.6
31  Th       1024 0204  0.8 0844  2.6 1436  0.9 2100  2.7
 1  Fr       1124 0240  0.7 0919  2.7 1506  0.7 2130  2.7
 2  Sa       1124 0315  0.7 0953  2.8 1535  0.7 2201  2.7
 3  Su       1124 0350  0.7 1025  2.8 1604  0.6 2232  2.7
 4  Mo       1124 0424  0.7 1056  2.8 1632  0.6 2305  2.7
 5  Tu       1124 0459  0.7 1128  2.8 1702  0.7 2341  2.6
 6  We       1124 0536  0.8 1201  2.8 1735  0.7 9999  9.9
 7  Th       1124 0021  2.5 0615  0.8 1236  2.7 1815  0.9
 8  Fr       1124 0109  2.4 0658  0.9 1316  2.5 1908  1.0
 9  Sa       1124 0206  2.3 0750  1.0 1409  2.4 2024  1.1
10  Su       1124 0313  2.2 0853  1.1 1526  2.3 2155  1.1
11  Mo       1124 0428  2.2 1011  1.1 1704  2.3 2310  1.0
12  Tu       1124 0544  2.3 1135  1.1 1821  2.5 9999  9.9
13  We       1124 0008  0.9 0652  2.5 1248  0.9 1918  2.7
14  Th       1124 0100  0.7 0751  2.6 1346  0.7 2006  2.8
15  Fr       1124 0148  0.6 0842  2.8 1434  0.6 2051  2.9
16  Sa       1124 0235  0.6 0929  2.9 1516  0.5 2135  2.9
17  Su       1124 0320  0.6 1012  3.0 1556  0.5 2218  2.9
18  Mo       1124 0405  0.6 1052  3.0 1635  0.5 2302  2.8
19  Tu       1124 0449  0.7 1131  2.9 1714  0.6 2346  2.7
20  We       1124 0532  0.7 1209  2.8 1756  0.7 9999  9.9
21  Th       1124 0033  2.5 0614  0.8 1247  2.6 1843  0.9
22  Fr       1124 0122  2.4 0656  1.0 1328  2.4 1942  1.0
23  Sa       1124 0214  2.3 0742  1.1 1419  2.3 2054  1.1
24  Su       1124 0309  2.2 0834  1.2 1537  2.2 2205  1.1
25  Mo       1124 0408  2.2 0938  1.3 1711  2.2 2304  1.1
26  Tu       1124 0512  2.2 1058  1.3 1817  2.2 2354  1.0
27  We       1124 0616  2.2 1217  1.2 1905  2.3 9999  9.9
28  Th       1124 0039  1.0 0714  2.3 1316  1.1 1945  2.4
29  Fr       1124 0122  0.9 0803  2.5 1400  1.0 2022  2.5
30  Sa       1124 0205  0.8 0846  2.6 1437  0.8 2058  2.6
 1  Su       1224 0247  0.8 0925  2.7 1511  0.8 2135  2.6
 2  Mo       1224 0328  0.8 1002  2.8 1544  0.7 2213  2.6
 3  Tu       1224 0409  0.7 1037  2.8 1617  0.7 2253  2.6
 4  We       1224 0448  0.7 1113  2.8 1651  0.7 2336  2.6
 5  Th       1224 0527  0.7 1149  2.8 1729  0.7 9999  9.9
 6  Fr       1224 0021  2.5 0607  0.8 1227  2.8 1813  0.8
 7  Sa       1224 0109  2.5 0649  0.8 1311  2.7 1906  0.9
 8  Su       1224 0159  2.4 0734  0.9 1402  2.6 2009  0.9
 9  Mo       1224 0253  2.4 0828  1.0 1508  2.5 2119  0.9
10  Tu       1224 0353  2.4 0933  1.0 1625  2.4 2225  0.9
11  We       1224 0459  2.4 1053  1.0 1739  2.5 2326  0.9
12  Th       1224 0612  2.4 1214  1.0 1843  2.6 9999  9.9
13  Fr       1224 0023  0.9 0721  2.5 1321  0.9 1938  2.6
14  Sa       1224 0119  0.8 0821  2.6 1415  0.7 2029  2.7
15  Su       1224 0214  0.8 0913  2.8 1501  0.6 2118  2.7
16  Mo       1224 0307  0.8 0959  2.8 1544  0.6 2206  2.7
17  Tu       1224 0356  0.7 1041  2.9 1624  0.6 2253  2.7
18  We       1224 0441  0.7 1120  2.9 1704  0.7 2339  2.6
19  Th       1224 0522  0.8 1157  2.8 1746  0.7 9999  9.9
20  Fr       1224 0023  2.6 0600  0.8 1234  2.7 1830  0.8
21  Sa       1224 0106  2.5 0637  0.9 1311  2.6 1918  0.9
22  Su       1224 0147  2.4 0715  0.9 1352  2.4 2010  1.0
23  Mo       1224 0228  2.4 0755  1.0 1442  2.3 2106  1.0
24  Tu       1224 0312  2.3 0843  1.1 1545  2.2 2200  1.1
25  We       1224 0401  2.2 0945  1.2 1657  2.2 2254  1.1
26  Th       1224 0459  2.2 1106  1.3 1801  2.2 2346  1.1
27  Fr       1224 0610  2.2 1226  1.2 1856  2.3 9999  9.9
28  Sa       1224 0040  1.0 0720  2.3 1326  1.1 1946  2.3
29  Su       1224 0133  1.0 0818  2.4 1412  1.0 2032  2.4
30  Mo       1224 0226  0.9 0904  2.6 1452  0.8 2118  2.5
31  Tu       1224 0315  0.8 0945  2.7 1529  0.7 2203  2.6
 1  We        125 0359  0.8 1024  2.8 1606  0.7 2248  2.6
 2  Th        125 0439  0.7 1101  2.9 1643  0.6 2332  2.7
 3  Fr        125 0518  0.6 1139  2.9 1723  0.6 9999  9.9
 4  Sa        125 0015  2.7 0555  0.6 1218  2.9 1806  0.6
 5  Su        125 0058  2.7 0633  0.6 1300  2.8 1853  0.7
 6  Mo        125 0141  2.6 0713  0.7 1347  2.7 1944  0.8
 7  Tu        125 0226  2.6 0758  0.8 1441  2.6 2041  0.8
 8  We        125 0314  2.5 0854  0.9 1546  2.5 2140  0.9
 9  Th        125 0413  2.4 1010  1.1 1658  2.4 2243  1.0
10  Fr        125 0529  2.3 1145  1.1 1810  2.4 2349  1.0
11  Sa        125 0659  2.3 1305  1.0 1916  2.4 9999  9.9
12  Su        125 0058  1.0 0811  2.5 1404  0.9 2016  2.5
13  Mo        125 0206  1.0 0907  2.6 1453  0.8 2111  2.5
14  Tu        125 0305  0.9 0952  2.8 1535  0.7 2201  2.6
15  We        125 0353  0.8 1031  2.8 1614  0.7 2246  2.6
16  Th        125 0433  0.7 1108  2.9 1651  0.7 2328  2.7
17  Fr        125 0507  0.7 1141  2.8 1728  0.7 9999  9.9
18  Sa        125 0005  2.7 0539  0.7 1214  2.8 1806  0.7
19  Su        125 0040  2.6 0611  0.7 1246  2.7 1845  0.8
20  Mo        125 0114  2.6 0642  0.8 1319  2.6 1926  0.9
21  Tu        125 0147  2.5 0716  0.9 1355  2.4 2010  0.9
22  We        125 0222  2.4 0752  1.0 1439  2.3 2058  1.0
23  Th        125 0301  2.3 0839  1.1 1536  2.2 2151  1.1
24  Fr        125 0349  2.2 0950  1.3 1648  2.1 2251  1.1
25  Sa        125 0458  2.1 1135  1.3 1804  2.1 2358  1.2
26  Su        125 0636  2.2 1255  1.2 1914  2.2 9999  9.9
27  Mo        125 0107  1.1 0755  2.3 1350  1.0 2014  2.3
28  Tu        125 0209  1.0 0847  2.5 1434  0.9 2107  2.5
29  We        125 0302  0.8 0930  2.7 1514  0.7 2154  2.6
30  Th        125 0346  0.7 1009  2.9 1552  0.6 2237  2.7
31  Fr        125 0425  0.6 1046  3.0 1630  0.5 2319  2.8
 1  Sa        225 0501  0.5 1123  3.1 1708  0.5 2358  2.9
 2  Su        225 0536  0.4 1201  3.1 1748  0.5 9999  9.9
 3  Mo        225 0037  2.9 0611  0.5 1241  3.0 1830  0.6
 4  Tu        225 0115  2.8 0648  0.6 1324  2.8 1915  0.7
 5  We        225 0155  2.7 0729  0.7 1413  2.6 2004  0.8
 6  Th        225 0237  2.5 0819  0.9 1510  2.4 2058  1.0
 7  Fr        225 0329  2.3 0933  1.1 1621  2.3 2202  1.1
 8  Sa        225 0449  2.2 1129  1.2 1744  2.2 2320  1.2
 9  Su        225 0652  2.2 1258  1.1 1905  2.2 9999  9.9
10  Mo        225 0050  1.2 0810  2.4 1358  1.0 2013  2.3
11  Tu        225 0211  1.1 0901  2.6 1443  0.9 2107  2.5
12  We        225 0306  0.9 0941  2.7 1522  0.8 2152  2.6
13  Th        225 0345  0.8 1016  2.8 1557  0.7 2232  2.7
14  Fr        225 0417  0.7 1048  2.9 1630  0.6 2307  2.8
15  Sa        225 0446  0.6 1118  2.9 1703  0.6 2339  2.8
16  Su        225 0513  0.6 1146  2.8 1736  0.6 9999  9.9
17  Mo        225 0009  2.8 0541  0.6 1214  2.8 1809  0.7
18  Tu        225 0039  2.7 0609  0.7 1243  2.6 1844  0.8
19  We        225 0108  2.7 0637  0.8 1314  2.5 1921  0.9
20  Th        225 0139  2.5 0709  0.9 1351  2.4 2002  1.0
21  Fr        225 0213  2.4 0746  1.1 1438  2.2 2052  1.1
22  Sa        225 0255  2.3 0845  1.2 1545  2.1 2158  1.2
23  Su        225 0356  2.1 1048  1.3 1717  2.1 2319  1.3
24  Mo        225 0556  2.1 1227  1.2 1849  2.1 9999  9.9
25  Tu        225 0042  1.2 0733  2.3 1326  1.0 1958  2.3
26  We        225 0151  1.0 0827  2.5 1411  0.8 2051  2.5
27  Th        225 0243  0.8 0909  2.8 1452  0.6 2136  2.7
28  Fr        225 0325  0.6 0947  3.0 1530  0.5 2217  2.9
 1  Sa        325 0403  0.5 1024  3.1 1608  0.4 2257  3.0
 2  Su        325 0438  0.3 1102  3.2 1646  0.4 2335  3.0
 3  Mo        325 0513  0.3 1139  3.2 1725  0.4 9999  9.9
 4  Tu        325 0012  3.0 0547  0.4 1219  3.0 1805  0.5
 5  We        325 0049  2.9 0623  0.5 1300  2.8 1847  0.7
 6  Th        325 0126  2.7 0703  0.7 1346  2.6 1932  0.8
 7  Fr        325 0205  2.5 0751  1.0 1441  2.4 2024  1.0
 8  Sa        325 0253  2.3 0911  1.2 1554  2.2 2129  1.2
 9  Su        325 0423  2.1 1124  1.3 1729  2.1 2300  1.3
10  Mo        325 0654  2.1 1248  1.2 1859  2.1 9999  9.9
11  Tu        325 0052  1.3 0801  2.4 1343  1.0 2004  2.3
12  We        325 0211  1.1 0844  2.6 1425  0.9 2053  2.5
13  Th        325 0254  1.0 0920  2.7 1459  0.8 2132  2.6
14  Fr        325 0325  0.8 0951  2.8 1531  0.7 2207  2.7
15  Sa        325 0352  0.7 1020  2.9 1602  0.6 2239  2.8
16  Su        325 0418  0.6 1048  2.9 1633  0.6 2309  2.9
17  Mo        325 0444  0.6 1115  2.8 1704  0.6 2337  2.9
18  Tu        325 0510  0.6 1142  2.8 1735  0.7 9999  9.9
19  We        325 0006  2.8 0537  0.6 1210  2.7 1808  0.7
20  Th        325 0034  2.7 0604  0.7 1241  2.5 1842  0.8
21  Fr        325 0104  2.6 0634  0.9 1316  2.4 1920  1.0
22  Sa        325 0136  2.5 0711  1.0 1402  2.2 2008  1.1
23  Su        325 0217  2.3 0808  1.2 1508  2.1 2114  1.2
24  Mo        325 0318  2.2 1013  1.3 1643  2.0 2243  1.3
25  Tu        325 0523  2.1 1154  1.2 1821  2.1 9999  9.9
26  We        325 0013  1.2 0703  2.3 1254  1.0 1931  2.3
27  Th        325 0123  1.0 0757  2.6 1341  0.8 2024  2.6
28  Fr        325 0216  0.8 0841  2.8 1423  0.6 2110  2.8
29  Sa        325 0259  0.6 0920  3.1 1503  0.5 2152  3.0
30  Su        325 0338  0.4 0959  3.2 1542  0.4 2232  3.1
31  Mo        325 0414  0.3 1037  3.2 1622  0.4 2310  3.1
 1  Tu        425 0450  0.3 1116  3.1 1701  0.4 2347  3.0
 2  We        425 0525  0.4 1157  3.0 1742  0.6 9999  9.9
 3  Th        425 0024  2.9 0603  0.5 1239  2.7 1824  0.7
 4  Fr        425 0102  2.7 0644  0.8 1327  2.5 1909  0.9
 5  Sa        425 0141  2.5 0737  1.0 1423  2.3 2001  1.1
 6  Su        425 0230  2.2 0909  1.2 1538  2.1 2106  1.3
 7  Mo        425 0417  2.1 1108  1.3 1712  2.1 2238  1.4
 8  Tu        425 0634  2.1 1222  1.2 1837  2.1 9999  9.9
 9  We        425 0031  1.3 0734  2.3 1312  1.0 1938  2.3
10  Th        425 0145  1.2 0815  2.5 1351  0.9 2024  2.4
11  Fr        425 0225  1.0 0849  2.7 1425  0.8 2102  2.6
12  Sa        425 0255  0.8 0919  2.8 1458  0.7 2136  2.7
13  Su        425 0323  0.7 0948  2.8 1530  0.6 2208  2.8
14  Mo        425 0349  0.6 1016  2.8 1602  0.6 2238  2.9
15  Tu        425 0416  0.6 1045  2.8 1635  0.6 2307  2.9
16  We        425 0443  0.6 1114  2.7 1707  0.7 2337  2.8
17  Th        425 0510  0.7 1144  2.6 1741  0.8 9999  9.9
18  Fr        425 0006  2.7 0539  0.7 1218  2.5 1816  0.9
19  Sa        425 0037  2.6 0612  0.9 1257  2.4 1856  1.0
20  Su        425 0112  2.5 0653  1.0 1347  2.2 1944  1.1
21  Mo        425 0155  2.4 0758  1.1 1454  2.1 2046  1.2
22  Tu        425 0300  2.2 0944  1.2 1617  2.1 2206  1.2
23  We        425 0450  2.2 1113  1.1 1743  2.2 2333  1.1
24  Th        425 0623  2.4 1214  0.9 1854  2.4 9999  9.9
25  Fr        425 0047  1.0 0721  2.6 1304  0.8 1951  2.6
26  Sa        425 0144  0.8 0808  2.8 1349  0.6 2040  2.8
27  Su        425 0231  0.6 0851  3.0 1433  0.5 2125  2.9
28  Mo        425 0312  0.4 0933  3.1 1516  0.5 2207  3.0
29  Tu        425 0352  0.3 1014  3.1 1559  0.5 2248  3.1
30  We        425 0430  0.4 1056  3.0 1642  0.5 2327  3.0
 1  Th        525 0509  0.5 1139  2.8 1725  0.6 9999  9.9
 2  Fr        525 0006  2.9 0549  0.6 1226  2.6 1809  0.8
 3  Sa        525 0045  2.7 0635  0.8 1316  2.4 1855  0.9
 4  Su        525 0128  2.5 0734  1.0 1414  2.3 1945  1.1
 5  Mo        525 0221  2.3 0900  1.2 1520  2.2 2044  1.2
 6  Tu        525 0355  2.1 1030  1.2 1634  2.1 2159  1.3
 7  We        525 0546  2.2 1135  1.1 1748  2.1 2333  1.3
 8  Th        525 0650  2.3 1225  1.0 1851  2.2 9999  9.9
 9  Fr        525 0053  1.2 0734  2.4 1306  0.9 1942  2.4
10  Sa        525 0143  1.0 0810  2.5 1345  0.9 2025  2.5
11  Su        525 0220  0.9 0843  2.6 1422  0.8 2103  2.6
12  Mo        525 0252  0.8 0915  2.7 1459  0.7 2138  2.7
13  Tu        525 0322  0.7 0947  2.7 1535  0.7 2211  2.8
14  We        525 0352  0.7 1019  2.7 1612  0.7 2243  2.8
15  Th        525 0421  0.7 1053  2.6 1649  0.7 2315  2.8
16  Fr        525 0452  0.7 1129  2.5 1725  0.8 2347  2.7
17  Sa        525 0524  0.8 1208  2.5 1803  0.8 9999  9.9
18  Su        525 0021  2.7 0602  0.8 1253  2.4 1843  0.9
19  Mo        525 0059  2.6 0649  0.9 1344  2.3 1928  1.0
20  Tu        525 0146  2.5 0753  1.0 1442  2.3 2022  1.1
21  We        525 0248  2.4 0912  1.0 1547  2.3 2128  1.1
22  Th        525 0414  2.3 1027  1.0 1657  2.3 2247  1.1
23  Fr        525 0537  2.4 1129  0.9 1808  2.4 9999  9.9
24  Sa        525 0006  1.0 0641  2.6 1224  0.8 1914  2.5
25  Su        525 0111  0.8 0735  2.7 1315  0.7 2011  2.7
26  Mo        525 0205  0.7 0823  2.8 1405  0.6 2102  2.8
27  Tu        525 0251  0.5 0910  2.9 1455  0.6 2149  2.9
28  We        525 0335  0.5 0956  2.9 1543  0.6 2232  3.0
29  Th        525 0416  0.5 1042  2.8 1631  0.6 2314  2.9
30  Fr        525 0458  0.6 1130  2.7 1716  0.7 2354  2.9
31  Sa        525 0541  0.7 1218  2.6 1800  0.8 9999  9.9
 1  Su        625 0035  2.7 0629  0.8 1308  2.5 1842  0.9
 2  Mo        625 0118  2.6 0724  1.0 1358  2.4 1926  1.0
 3  Tu        625 0206  2.4 0829  1.1 1449  2.3 2013  1.1
 4  We        625 0311  2.2 0936  1.1 1543  2.2 2109  1.2
 5  Th        625 0433  2.2 1035  1.1 1640  2.2 2220  1.3
 6  Fr        625 0546  2.2 1127  1.1 1744  2.2 2344  1.2
 7  Sa        625 0640  2.3 1215  1.0 1847  2.3 9999  9.9
 8  Su        625 0054  1.1 0725  2.4 1301  1.0 1943  2.4
 9  Mo        625 0143  1.0 0806  2.4 1347  0.9 2031  2.5
10  Tu        625 0224  0.9 0844  2.5 1432  0.9 2112  2.6
11  We        625 0300  0.8 0923  2.5 1516  0.8 2150  2.7
12  Th        625 0333  0.8 1002  2.6 1558  0.8 2226  2.8
13  Fr        625 0407  0.7 1042  2.6 1638  0.8 2300  2.8
14  Sa        625 0441  0.7 1123  2.5 1716  0.7 2335  2.8
15  Su        625 0516  0.7 1206  2.5 1752  0.8 9999  9.9
16  Mo        625 0011  2.8 0556  0.8 1250  2.5 1830  0.8
17  Tu        625 0050  2.7 0642  0.8 1334  2.5 1910  0.8
18  We        625 0136  2.6 0736  0.9 1422  2.4 1955  0.9
19  Th        625 0230  2.5 0837  0.9 1513  2.4 2050  1.0
20  Fr        625 0337  2.5 0940  0.9 1611  2.4 2200  1.0
21  Sa        625 0452  2.5 1043  0.9 1720  2.4 2325  1.0
22  Su        625 0601  2.5 1143  0.9 1838  2.4 9999  9.9
23  Mo        625 0044  0.9 0704  2.6 1244  0.9 1949  2.5
24  Tu        625 0146  0.8 0801  2.6 1344  0.8 2048  2.7
25  We        625 0238  0.7 0854  2.7 1444  0.8 2138  2.8
26  Th        625 0324  0.6 0946  2.7 1538  0.7 2223  2.9
27  Fr        625 0408  0.6 1036  2.7 1626  0.7 2305  2.9
28  Sa        625 0450  0.6 1124  2.7 1709  0.7 2344  2.9
29  Su        625 0532  0.7 1209  2.6 1747  0.7 9999  9.9
30  Mo        625 0022  2.8 0615  0.8 1251  2.6 1823  0.8
